N_unmapped	274454	274454	274454
N_multimapping	2721091	2721091	2721091
N_noFeature	1605451	12461038	12855204
N_ambiguous	2371538	689743	614504
ENSG00000160072	1945	982	963
ENSG00000234396	5	4	4
ENSG00000225972	26	8	18
ENSG00000224315	0	0	0
ENSG00000198744	25	15	10
ENSG00000279928	0	0	0
ENSG00000228037	103	54	49
ENSG00000142611	15	7	8
ENSG00000225630	521	347	174
ENSG00000284616	0	0	0
ENSG00000157911	88	690	710
ENSG00000269896	22	13	9
ENSG00000237973	261	195	120
ENSG00000228463	2	2	2
ENSG00000260972	0	0	0
ENSG00000157933	290	128	162
ENSG00000224340	0	0	0
ENSG00000226545	0	0	0
ENSG00000268663	0	0	0
ENSG00000226374	0	0	0
ENSG00000229280	0	0	0
ENSG00000142655	356	180	199
ENSG00000232596	0	0	0
ENSG00000235054	0	0	0
ENSG00000232663	0	0	0
ENSG00000240409	0	0	0
ENSG00000229344	18	20	16
ENSG00000231510	0	0	0
ENSG00000149527	117	53	64
ENSG00000284739	0	0	0
ENSG00000171621	1480	729	751
ENSG00000272235	9	2	7
ENSG00000284694	0	0	0
ENSG00000230021	0	11	12
ENSG00000287356	6	6	7
ENSG00000224387	4	2	2
ENSG00000285629	0	0	0
ENSG00000173673	0	0	0
ENSG00000142583	295	153	142
ENSG00000284674	0	0	0
ENSG00000272161	0	0	0
ENSG00000237094	2	2	0
ENSG00000224338	1	1	0
ENSG00000074800	17604	8580	9024
ENSG00000116786	871	510	434
ENSG00000287727	0	0	0
ENSG00000228423	1	0	1
ENSG00000286448	0	2	0
ENSG00000131686	0	1	0
ENSG00000229305	0	0	0
ENSG00000284703	0	0	0
ENSG00000226457	3	3	0
ENSG00000173614	673	322	352
ENSG00000248527	23667	16772	6895
ENSG00000215720	1	0	1
ENSG00000241326	0	0	0
ENSG00000233623	1	1	0
ENSG00000162592	0	0	1
ENSG00000116254	7	2	5
ENSG00000233645	0	0	0
ENSG00000204624	3	2	1
ENSG00000142606	35	238	287
ENSG00000235146	0	0	0
ENSG00000225931	3	1	2
ENSG00000171729	386	176	212
ENSG00000279457	33	16	17
ENSG00000162571	8	7	5
ENSG00000229393	1	1	0
ENSG00000037637	336	178	158
ENSG00000287586	0	0	0
ENSG00000159423	287	137	150
ENSG00000142599	863	371	492
ENSG00000227169	0	0	0
ENSG00000283356	0	0	0
ENSG00000011021	267	159	134
ENSG00000142615	0	0	0
ENSG00000215704	0	1	9
ENSG00000157916	2468	1957	1823
ENSG00000157881	380	202	178
ENSG00000238290	4	3	1
ENSG00000225387	0	0	0
ENSG00000048707	604	295	309
ENSG00000158748	2	0	2
ENSG00000225196	0	0	0
ENSG00000162444	77	29	48
ENSG00000279625	0	0	0
ENSG00000180758	248	115	133
ENSG00000184677	376	186	190
ENSG00000230679	7	1	6
ENSG00000270136	0	0	0
ENSG00000288398	95	47	48
ENSG00000224621	9	5	4
ENSG00000285833	0	0	0
ENSG00000131697	160	89	71
ENSG00000284692	0	0	0
ENSG00000284745	0	0	0
ENSG00000280222	0	0	0
ENSG00000227634	0	0	0
ENSG00000285945	1	0	1
ENSG00000229162	0	0	0
ENSG00000197921	8	6	2
ENSG00000233755	0	0	0
ENSG00000233929	7	1	6
ENSG00000271742	0	0	0
ENSG00000226396	143	55	88
ENSG00000169504	305	181	124
ENSG00000234166	0	49	15
ENSG00000235282	0	0	0
ENSG00000055070	1784	1275	1354
ENSG00000175087	90	46	44
ENSG00000157191	1186	515	671
ENSG00000284699	0	0	0
ENSG00000230035	0	0	0
ENSG00000235185	4	1	3
ENSG00000225643	8	4	4
ENSG00000284666	0	0	0
ENSG00000228943	0	0	0
ENSG00000234397	0	0	0
ENSG00000284309	0	0	0
ENSG00000162511	2111	1971	2258
ENSG00000158014	11	7	4
ENSG00000204138	472	228	244
ENSG00000233419	0	0	0
ENSG00000235263	0	0	0
ENSG00000228176	0	0	0
ENSG00000231251	0	0	0
ENSG00000142675	725	386	339
ENSG00000197245	161	88	73
ENSG00000261025	1	1	0
ENSG00000116237	830	434	460
ENSG00000130772	954	468	486
ENSG00000215899	0	0	0
ENSG00000271398	1	0	1
ENSG00000225011	0	0	0
ENSG00000235069	0	0	0
ENSG00000284676	0	0	0
ENSG00000237058	0	0	0
ENSG00000233399	2	0	2
ENSG00000090020	1967	954	1013
ENSG00000157978	1220	555	665
ENSG00000226944	6	3	4
ENSG00000270282	0	0	0
ENSG00000130770	3548	2241	3153
ENSG00000229044	1	13	15
ENSG00000162512	674	371	303
ENSG00000158006	444	206	238
ENSG00000214812	0	0	0
ENSG00000126698	1241	598	643
ENSG00000229447	5	3	2
ENSG00000229607	0	0	0
ENSG00000130766	621	303	318
ENSG00000168528	4137	2102	2035
ENSG00000196581	1	0	1
ENSG00000169403	174	82	92
ENSG00000084628	0	0	0
ENSG00000060688	615	324	291
ENSG00000171612	380	175	205
ENSG00000270927	0	0	0
ENSG00000188910	368	195	173
ENSG00000230523	0	0	0
ENSG00000116138	435	351	313
ENSG00000158161	417	216	201
ENSG00000142684	0	709	808
ENSG00000234619	0	0	0
ENSG00000121769	66	36	30
ENSG00000142627	1074	558	516
ENSG00000284668	0	0	0
ENSG00000233234	0	0	0
ENSG00000142632	82	64	82
ENSG00000234593	3	1	2
ENSG00000158292	177	91	86
ENSG00000270605	57	31	26
ENSG00000189337	102	108	66
ENSG00000232912	8	1	7
ENSG00000235084	6	4	2
ENSG00000235143	0	0	0
ENSG00000225478	0	0	0
ENSG00000225077	9	5	5
ENSG00000028137	1340	655	685
ENSG00000238249	1	0	1
ENSG00000204464	8	1	7
ENSG00000233372	0	0	0
ENSG00000283259	0	0	0
ENSG00000284543	57	27	30
ENSG00000130939	461	232	229
ENSG00000175147	53	43	84
ENSG00000127472	8	0	8
ENSG00000060656	46	19	27
ENSG00000163867	259	140	119
ENSG00000232768	0	0	0
ENSG00000230214	0	0	0
ENSG00000189280	0	0	0
ENSG00000134698	133	60	73
ENSG00000134690	226	109	117
ENSG00000272420	7	4	3
ENSG00000132881	74	29	45
ENSG00000273274	0	0	0
ENSG00000116251	2562	1128	1437
ENSG00000272510	12	8	24
ENSG00000158286	171	120	118
ENSG00000236648	1	1	0
ENSG00000232273	1	0	1
ENSG00000009709	0	0	0
ENSG00000287396	0	0	0
ENSG00000223589	0	0	0
ENSG00000158008	6	5	1
ENSG00000130940	197	223	226
ENSG00000116771	1441	840	810
ENSG00000237301	0	0	0
ENSG00000162585	961	860	802
ENSG00000163879	169	123	99
ENSG00000227527	3	2	1
ENSG00000116954	373	189	184
ENSG00000228589	10	10	0
ENSG00000163873	14	7	7
ENSG00000117215	73	46	27
ENSG00000196449	234	133	164
ENSG00000230163	0	13	12
ENSG00000227538	0	0	0
ENSG00000232208	0	0	0
ENSG00000236500	0	0	0
ENSG00000044012	168	101	67
ENSG00000179051	780	859	778
ENSG00000215895	2	2	0
ENSG00000231868	0	0	0
ENSG00000284650	0	0	0
ENSG00000237329	0	0	0
ENSG00000236948	0	0	0
ENSG00000126067	2381	1179	1202
ENSG00000274944	0	0	0
ENSG00000132906	461	225	246
ENSG00000197312	412	178	234
ENSG00000284748	0	0	0
ENSG00000272078	26	141	137
ENSG00000173660	6588	3112	3476
ENSG00000224592	1	0	1
ENSG00000233728	0	45	70
ENSG00000230451	0	0	0
ENSG00000231606	0	0	0
ENSG00000215900	0	0	0
ENSG00000284632	0	0	0
ENSG00000241014	1	0	1
ENSG00000054118	1694	842	852
ENSG00000254553	0	0	0
ENSG00000284653	0	0	0
ENSG00000237749	2	1	1
ENSG00000276747	0	0	0
ENSG00000284705	0	0	0
ENSG00000228776	1	1	0
ENSG00000159339	18	11	7
ENSG00000223814	0	0	0
ENSG00000197982	1094	408	749
ENSG00000261781	0	0	0
ENSG00000183317	1091	541	550
ENSG00000183386	123	57	66
ENSG00000284743	0	0	0
ENSG00000158315	261	147	126
ENSG00000204084	780	656	618
ENSG00000186973	1	0	1
ENSG00000271806	5	32	32
ENSG00000146463	273	142	132
ENSG00000279214	0	0	0
ENSG00000183520	533	267	266
ENSG00000271741	0	0	0
ENSG00000214141	0	0	0
ENSG00000142686	152	75	77
ENSG00000224751	0	0	0
ENSG00000279096	1	0	1
ENSG00000117148	6	4	2
ENSG00000230585	1	0	1
ENSG00000117000	167	93	74
ENSG00000284989	0	0	0
ENSG00000231630	0	0	0
ENSG00000092853	124	63	62
ENSG00000255811	1	0	2
ENSG00000134697	1325	719	659
ENSG00000187513	62	34	28
ENSG00000238145	0	0	0
ENSG00000225142	0	0	0
ENSG00000230138	1	1	0
ENSG00000223390	5	6	9
ENSG00000285823	0	0	0
ENSG00000284720	0	0	0
ENSG00000225028	0	0	0
ENSG00000225671	0	0	0
ENSG00000116151	124	63	68
ENSG00000226147	0	0	0
ENSG00000182873	45	12	34
ENSG00000006555	484	214	270
ENSG00000236111	0	0	0
ENSG00000066056	121	46	75
ENSG00000214114	585	301	284
ENSG00000173436	713	48	669
ENSG00000116544	33	20	13
ENSG00000231900	0	0	0
ENSG00000236723	4	216	239
ENSG00000232467	0	0	0
ENSG00000117016	144	78	66
ENSG00000121310	2076	979	1097
ENSG00000169213	20	14	6
ENSG00000163866	1222	567	680
ENSG00000225779	1	1	0
ENSG00000284601	1	1	0
ENSG00000237130	0	0	0
ENSG00000143001	17	30	39
ENSG00000229716	0	0	0
ENSG00000226133	0	0	0
ENSG00000227416	0	0	0
ENSG00000232335	0	1	0
ENSG00000260971	5	5	1
ENSG00000259832	0	0	0
ENSG00000284696	0	0	0
ENSG00000238242	0	0	0
ENSG00000285839	0	0	0
ENSG00000237290	0	0	0
ENSG00000232762	2	2	0
ENSG00000117419	969	470	499
ENSG00000162384	750	541	448
ENSG00000162391	29	242	286
ENSG00000174348	106	98	75
ENSG00000154198	0	0	0
ENSG00000117859	336	202	172
ENSG00000228121	0	0	0
ENSG00000253313	664	311	353
ENSG00000162396	71	35	36
ENSG00000203995	2	0	2
ENSG00000227742	2	2	0
ENSG00000284686	3	2	1
ENSG00000162378	208	118	90
ENSG00000233079	0	0	0
ENSG00000259818	2	1	1
ENSG00000229444	0	0	0
ENSG00000240563	982	481	501
ENSG00000234318	0	0	0
ENSG00000284773	5	5	0
ENSG00000234481	1	1	0
ENSG00000117862	19	15	4
ENSG00000235612	0	0	1
ENSG00000228369	3	3	0
ENSG00000183431	1405	691	714
ENSG00000227485	0	0	0
ENSG00000224609	1	1	2
ENSG00000235545	3	1	2
ENSG00000236646	0	0	0
ENSG00000169174	277	132	145
ENSG00000232198	0	0	0
ENSG00000238063	0	0	0
ENSG00000227104	0	0	0
ENSG00000243725	30	10	20
ENSG00000171872	1	0	1
ENSG00000162407	182	78	104
ENSG00000285079	0	0	0
ENSG00000169218	5	2	3
ENSG00000163877	244	117	127
ENSG00000228929	9	5	4
ENSG00000224570	0	0	0
ENSG00000224980	0	0	0
ENSG00000278967	1	0	1
ENSG00000157184	489	586	593
ENSG00000272491	15	9	8
ENSG00000198815	367	172	195
ENSG00000134744	87	39	48
ENSG00000233910	0	0	0
ENSG00000287703	0	0	0
ENSG00000283039	0	0	0
ENSG00000229032	0	0	0
ENSG00000229294	0	0	0
ENSG00000232993	0	32	35
ENSG00000234088	0	0	0
ENSG00000236973	0	0	0
ENSG00000227947	2	0	2
ENSG00000277397	0	0	0
ENSG00000271200	2	1	1
ENSG00000235446	0	0	0
ENSG00000261196	0	0	0
ENSG00000162385	652	325	327
ENSG00000231413	0	0	0
ENSG00000234264	0	0	0
ENSG00000242391	0	0	0
ENSG00000223883	0	0	0
ENSG00000284808	0	0	0
ENSG00000242267	2	0	2
ENSG00000237227	7	3	4
ENSG00000275350	0	0	0
ENSG00000116652	1	1	0
ENSG00000123080	105	59	52
ENSG00000285778	0	0	0
ENSG00000077549	4913	2451	2466
ENSG00000233407	0	0	0
ENSG00000225675	1	0	1
ENSG00000237622	0	0	0
ENSG00000162598	0	0	0
ENSG00000280317	0	0	0
ENSG00000162415	74	38	37
ENSG00000162600	148	57	91
ENSG00000116704	386	194	192
ENSG00000227644	0	0	0
ENSG00000157193	81	110	116
ENSG00000116205	126	78	82
ENSG00000198841	170	86	84
ENSG00000116212	315	141	174
ENSG00000234204	0	0	0
ENSG00000233099	0	0	0
ENSG00000233994	0	0	0
ENSG00000237180	0	0	0
ENSG00000213561	6	1	5
ENSG00000233973	0	0	0
ENSG00000237552	0	0	0
ENSG00000132854	10	4	6
ENSG00000227556	0	0	0
ENSG00000162616	108	65	43
ENSG00000162607	225	105	120
ENSG00000233602	5	0	5
ENSG00000233271	0	28	24
ENSG00000285954	1	0	1
ENSG00000233333	0	0	0
ENSG00000154027	14	6	8
ENSG00000234108	0	0	0
ENSG00000232676	0	0	0
ENSG00000225167	0	0	0
ENSG00000132122	103	56	47
ENSG00000213579	0	0	0
ENSG00000137960	422	222	200
ENSG00000237852	1	0	1
ENSG00000116745	0	0	0
ENSG00000132855	0	0	0
ENSG00000285407	0	0	0
ENSG00000272855	0	0	0
ENSG00000270549	0	0	0
ENSG00000237163	0	0	0
ENSG00000229636	0	0	0
ENSG00000116675	4	1	3
ENSG00000162433	221	92	129
ENSG00000213625	534	256	278
ENSG00000227207	0	0	0
ENSG00000227016	0	0	0
ENSG00000233664	0	0	0
ENSG00000158966	26	17	9
ENSG00000213703	0	0	0
ENSG00000203965	26	11	15
ENSG00000223479	0	0	0
ENSG00000233674	0	0	0
ENSG00000153898	445	207	238
ENSG00000117069	7	3	4
ENSG00000125703	93	58	35
ENSG00000285041	0	0	0
ENSG00000285808	0	0	0
ENSG00000229440	0	0	0
ENSG00000234144	0	0	0
ENSG00000213540	3	0	3
ENSG00000277670	0	0	0
ENSG00000227466	0	0	0
ENSG00000154007	0	0	0
ENSG00000230498	0	0	0
ENSG00000285782	0	0	0
ENSG00000162618	104	50	54
ENSG00000224493	0	0	0
ENSG00000131233	0	0	0
ENSG00000272371	0	0	0
ENSG00000287647	0	0	0
ENSG00000229225	0	0	0
ENSG00000230863	0	0	0
ENSG00000213560	0	0	0
ENSG00000287224	0	0	0
ENSG00000225598	0	0	0
ENSG00000286455	0	0	0
ENSG00000225087	0	0	0
ENSG00000224986	2	2	0
ENSG00000280378	6	2	4
ENSG00000188786	286	135	151
ENSG00000230053	0	0	0
ENSG00000137941	40	22	18
ENSG00000273338	37	17	20
ENSG00000223720	0	0	0
ENSG00000224326	0	0	0
ENSG00000286548	12	7	5
ENSG00000066135	282	150	196
ENSG00000230027	0	0	0
ENSG00000233061	0	0	0
ENSG00000272094	0	0	0
ENSG00000228853	0	0	0
ENSG00000215874	0	0	0
ENSG00000232453	18	6	12
ENSG00000260386	0	0	0
ENSG00000284895	0	0	0
ENSG00000117174	275	108	167
ENSG00000237413	0	0	0
ENSG00000184313	56	24	32
ENSG00000284645	0	0	0
ENSG00000225605	0	0	0
ENSG00000225446	1	1	0
ENSG00000288543	0	0	0
ENSG00000122420	4	1	3
ENSG00000284240	4	0	4
ENSG00000236290	0	0	0
ENSG00000143013	440	216	224
ENSG00000226084	5	4	1
ENSG00000134748	999	487	512
ENSG00000142892	114	61	53
ENSG00000219102	0	0	0
ENSG00000184005	17	6	11
ENSG00000230953	5	5	0
ENSG00000287743	9	4	5
ENSG00000229332	0	0	0
ENSG00000227937	0	0	0
ENSG00000229752	0	0	0
ENSG00000237505	3	0	3
ENSG00000285462	0	0	0
ENSG00000233216	0	0	0
ENSG00000197273	2815	1483	1332
ENSG00000226804	0	0	0
ENSG00000285325	0	0	0
ENSG00000230728	6	5	1
ENSG00000162402	503	216	287
ENSG00000232846	0	0	0
ENSG00000219201	1	1	0
ENSG00000230787	0	0	0
ENSG00000116641	271	146	125
ENSG00000235927	3	0	3
ENSG00000223920	0	0	0
ENSG00000237453	3	0	3
ENSG00000172260	69	40	29
ENSG00000285473	0	0	0
ENSG00000237959	0	0	0
ENSG00000231364	0	0	0
ENSG00000234578	0	0	0
ENSG00000117480	1571	760	811
ENSG00000137944	403	174	229
ENSG00000229505	0	0	0
ENSG00000228187	0	0	0
ENSG00000285201	0	0	0
ENSG00000182183	47	26	21
ENSG00000236407	0	0	0
ENSG00000271949	0	0	0
ENSG00000227062	0	0	0
ENSG00000067334	1356	612	744
ENSG00000235011	0	0	0
ENSG00000235673	0	0	0
ENSG00000226938	0	0	0
ENSG00000213559	0	0	0
ENSG00000287587	0	0	0
ENSG00000142949	4078	2073	2005
ENSG00000116133	3148	1709	1467
ENSG00000232882	0	0	0
ENSG00000171502	32	22	10
ENSG00000162399	1	1	0
ENSG00000116157	43	20	23
ENSG00000143036	1066	504	562
ENSG00000232672	0	0	0
ENSG00000230817	1	1	0
ENSG00000235613	1	1	0
ENSG00000065243	209	105	104
ENSG00000226759	0	0	0
ENSG00000226960	0	0	0
ENSG00000234080	0	0	0
ENSG00000237899	6	2	4
ENSG00000225492	10	3	7
ENSG00000223905	0	0	0
ENSG00000227290	0	0	0
ENSG00000229486	0	0	0
ENSG00000282898	0	0	0
ENSG00000285409	0	0	0
ENSG00000231090	0	0	0
ENSG00000117528	469	264	205
ENSG00000271723	0	0	0
ENSG00000172339	387	192	195
ENSG00000036549	179	85	94
ENSG00000287724	0	8	5
ENSG00000058799	613	267	346
ENSG00000225191	0	0	0
ENSG00000287870	0	0	0
ENSG00000235563	2	2	0
ENSG00000232048	0	0	0
ENSG00000232857	0	0	0
ENSG00000273637	0	0	0
ENSG00000203985	1	0	1
ENSG00000228838	0	0	2
ENSG00000283761	3	0	3
ENSG00000189433	3	4	0
ENSG00000230759	0	0	0
ENSG00000231866	0	0	0
ENSG00000179178	806	376	431
ENSG00000142700	0	0	0
ENSG00000285525	0	0	0
ENSG00000236098	0	0	0
ENSG00000233514	1	0	1
ENSG00000127124	57	33	24
ENSG00000266993	0	2	0
ENSG00000223675	0	0	0
ENSG00000162604	181	81	100
ENSG00000229316	1	1	0
ENSG00000116171	902	460	442
ENSG00000287406	8	3	5
ENSG00000225767	0	0	0
ENSG00000234099	3	0	3
ENSG00000137936	215	127	93
ENSG00000235308	0	0	0
ENSG00000232752	0	0	0
ENSG00000235829	1	0	1
ENSG00000143032	0	0	0
ENSG00000226745	0	0	0
ENSG00000178028	1171	606	565
ENSG00000280040	1	0	1
ENSG00000168710	1514	775	739
ENSG00000117519	785	380	405
ENSG00000270507	0	0	0
ENSG00000238037	0	0	0
ENSG00000215869	0	0	0
ENSG00000134215	290	150	140
ENSG00000227935	0	0	0
ENSG00000229887	0	0	0
ENSG00000228502	5	4	1
ENSG00000236268	0	0	0
ENSG00000271277	0	0	0
ENSG00000236888	0	0	0
ENSG00000279778	0	0	0
ENSG00000232015	0	0	0
ENSG00000230955	0	251	243
ENSG00000230828	0	0	0
ENSG00000188641	56	26	30
ENSG00000152078	340	173	167
ENSG00000237279	0	0	0
ENSG00000233359	0	0	0
ENSG00000237954	0	0	0
ENSG00000185668	2	2	0
ENSG00000171492	244	116	128
ENSG00000233129	0	0	0
ENSG00000170989	169	97	72
ENSG00000258634	77	41	38
ENSG00000233557	0	0	0
ENSG00000237897	0	0	0
ENSG00000116299	1341	688	653
ENSG00000137962	15	10	5
ENSG00000227832	0	0	0
ENSG00000286692	0	0	0
ENSG00000260464	0	0	0
ENSG00000237435	0	0	0
ENSG00000231996	0	0	0
ENSG00000273204	21	28	44
ENSG00000079739	2059	1018	1069
ENSG00000117154	7	3	4
ENSG00000162377	431	215	216
ENSG00000224613	0	0	0
ENSG00000215871	0	0	0
ENSG00000287372	0	0	0
ENSG00000232542	1	0	1
ENSG00000231095	0	0	0
ENSG00000116774	317	138	179
ENSG00000287756	2	0	2
ENSG00000269113	22	16	6
ENSG00000284652	0	0	0
ENSG00000023909	111	45	66
ENSG00000069702	189	97	92
ENSG00000232185	0	0	0
ENSG00000230489	1	0	1
ENSG00000228399	6	4	2
ENSG00000236776	0	0	0
ENSG00000285928	5	1	4
ENSG00000224685	0	0	0
ENSG00000287076	0	0	0
ENSG00000237480	0	0	0
ENSG00000271252	0	0	0
ENSG00000230427	0	0	0
ENSG00000235794	0	0	0
ENSG00000286758	0	0	0
ENSG00000237337	0	0	0
ENSG00000233983	0	0	0
ENSG00000198198	525	1170	1237
ENSG00000225183	0	0	0
ENSG00000230402	0	0	0
ENSG00000116793	170	84	86
ENSG00000134201	83	33	50
ENSG00000238122	0	0	0
ENSG00000260879	0	1	2
ENSG00000213366	406	272	134
ENSG00000230864	0	0	0
ENSG00000283354	0	0	0
ENSG00000232918	0	0	0
ENSG00000236360	0	0	0
ENSG00000183298	1	1	1
ENSG00000234332	0	0	0
ENSG00000117525	696	329	367
ENSG00000225079	5	5	0
ENSG00000226483	0	0	0
ENSG00000224238	0	0	0
ENSG00000229537	0	0	0
ENSG00000162699	0	0	0
ENSG00000162692	75	40	35
ENSG00000203914	4	1	3
ENSG00000270457	1	1	0
ENSG00000203858	1	1	0
ENSG00000231987	0	0	0
ENSG00000228057	0	0	0
ENSG00000261593	0	0	0
ENSG00000224445	0	0	0
ENSG00000229842	0	0	0
ENSG00000270631	0	0	0
ENSG00000229201	0	0	0
ENSG00000181656	0	0	0
ENSG00000122481	23	12	11
ENSG00000198162	286	137	149
ENSG00000238198	4	4	0
ENSG00000171517	10	7	3
ENSG00000228852	2	0	2
ENSG00000203864	0	0	0
ENSG00000233482	0	0	0
ENSG00000230250	0	0	0
ENSG00000232878	1	0	1
ENSG00000143079	343	155	188
ENSG00000232450	0	0	0
ENSG00000223575	0	0	0
ENSG00000230768	0	0	0
ENSG00000235202	0	0	0
ENSG00000272715	6	2	4
ENSG00000235038	0	0	0
ENSG00000143093	403	203	200
ENSG00000226415	12	6	6
ENSG00000085491	145	64	86
ENSG00000173947	5	2	3
ENSG00000241361	0	0	0
ENSG00000230434	0	0	0
ENSG00000230718	0	0	0
ENSG00000134198	25	12	13
ENSG00000235595	0	0	0
ENSG00000226053	0	0	0
ENSG00000226128	0	0	0
ENSG00000198799	355	182	176
ENSG00000279513	0	0	0
ENSG00000117620	861	439	433
ENSG00000280186	11	6	5
ENSG00000223906	0	0	0
ENSG00000162688	173	80	93
ENSG00000197106	1	1	0
ENSG00000259946	0	0	0
ENSG00000236137	11	21	18
ENSG00000203859	173	78	95
ENSG00000228086	0	2	0
ENSG00000213421	0	0	0
ENSG00000234020	0	0	0
ENSG00000060718	1	0	1
ENSG00000236804	0	0	0
ENSG00000231072	0	0	0
ENSG00000273406	0	0	0
ENSG00000185946	51	32	19
ENSG00000162627	495	258	237
ENSG00000226715	0	0	1
ENSG00000162695	282	140	142
ENSG00000134184	0	0	1
ENSG00000265808	306	130	176
ENSG00000261290	0	0	0
ENSG00000225923	0	0	0
ENSG00000134247	814	418	396
ENSG00000187481	0	0	0
ENSG00000116752	371	171	200
ENSG00000162664	324	182	142
ENSG00000236866	1	0	1
ENSG00000134253	37	22	15
ENSG00000277655	0	0	0
ENSG00000223416	2	0	2
ENSG00000213226	0	0	0
ENSG00000179571	0	0	0
ENSG00000227850	0	0	0
ENSG00000243967	0	0	0
ENSG00000235777	0	0	0
ENSG00000260246	0	1	0
ENSG00000173218	385	213	172
ENSG00000285532	0	0	0
ENSG00000226755	0	0	0
ENSG00000232650	0	0	0
ENSG00000183508	1811	858	953
ENSG00000277095	0	0	0
ENSG00000236806	0	0	0
ENSG00000234283	4	4	0
ENSG00000237188	4	3	1
ENSG00000232780	0	0	0
ENSG00000274927	0	0	0
ENSG00000264145	0	0	0
ENSG00000238256	0	0	0
ENSG00000198765	0	0	0
ENSG00000224335	0	0	0
ENSG00000277702	3	3	0
ENSG00000143398	208	111	97
ENSG00000196505	167	66	101
ENSG00000225871	3	1	5
ENSG00000223489	0	0	0
ENSG00000230546	0	0	0
ENSG00000213262	7	3	4
ENSG00000287015	0	0	0
ENSG00000241720	2	45	20
ENSG00000235526	0	0	0
ENSG00000228347	0	0	0
ENSG00000276975	0	0	0
ENSG00000236012	0	0	0
ENSG00000270911	0	0	0
ENSG00000272824	4	2	2
ENSG00000134200	0	0	0
ENSG00000234257	0	0	0
ENSG00000065183	262	146	125
ENSG00000227082	0	2	0
ENSG00000228626	0	0	0
ENSG00000226126	0	0	0
ENSG00000163393	21	12	9
ENSG00000163156	811	414	405
ENSG00000143631	0	0	0
ENSG00000156150	0	2	0
ENSG00000228453	0	0	0
ENSG00000274642	0	0	0
ENSG00000177551	1	0	1
ENSG00000197323	203	81	122
ENSG00000237975	0	0	0
ENSG00000261168	1	1	0
ENSG00000287980	0	0	0
ENSG00000229283	0	0	0
ENSG00000271419	0	0	0
ENSG00000226172	0	0	0
ENSG00000079335	44	22	24
ENSG00000143119	769	367	402
ENSG00000237278	0	1	2
ENSG00000285062	0	0	0
ENSG00000233432	0	0	0
ENSG00000227700	0	0	0
ENSG00000229911	0	0	0
ENSG00000143520	0	0	0
ENSG00000171943	2	2	0
ENSG00000270719	0	0	0
ENSG00000155761	0	4	5
ENSG00000230806	0	0	2
ENSG00000116830	163	71	92
ENSG00000234422	0	0	0
ENSG00000227056	0	0	0
ENSG00000143614	340	169	171
ENSG00000227091	0	0	0
ENSG00000169418	71	29	42
ENSG00000214204	0	0	0
ENSG00000081026	224	103	121
ENSG00000225650	0	0	0
ENSG00000227179	0	0	0
ENSG00000224965	7	1	6
ENSG00000228127	0	0	0
ENSG00000226984	0	0	0
ENSG00000186150	0	0	0
ENSG00000143554	480	260	220
ENSG00000143458	317	164	153
ENSG00000230932	0	0	0
ENSG00000073754	3	0	3
ENSG00000228826	0	0	0
ENSG00000233907	0	0	0
ENSG00000225036	0	0	0
ENSG00000228420	0	0	0
ENSG00000233839	0	0	0
ENSG00000250890	0	0	0
ENSG00000232240	0	0	0
ENSG00000280649	32	21	18
ENSG00000131781	218	104	114
ENSG00000223599	1	0	1
ENSG00000230921	0	0	0
ENSG00000286151	0	0	0
ENSG00000234388	0	0	0
ENSG00000235015	0	0	0
ENSG00000271736	0	0	0
ENSG00000235988	0	0	0
ENSG00000233717	0	0	0
ENSG00000231551	21	11	10
ENSG00000227295	3	0	3
ENSG00000163155	55	31	24
ENSG00000243613	0	8	1
ENSG00000241975	22	7	15
ENSG00000271143	0	0	0
ENSG00000270976	0	0	0
ENSG00000228217	0	0	0
ENSG00000270342	0	0	0
ENSG00000143552	16	9	7
ENSG00000175984	46	28	18
ENSG00000231100	0	0	0
ENSG00000116824	678	340	338
ENSG00000235887	0	0	0
ENSG00000237460	0	0	0
ENSG00000236327	1	0	1
ENSG00000223804	12	10	2
ENSG00000236887	0	0	0
ENSG00000024526	46	23	26
ENSG00000236480	0	0	0
ENSG00000235756	0	0	0
ENSG00000173810	0	0	0
ENSG00000235005	0	0	0
ENSG00000271890	0	0	0
ENSG00000238107	0	0	0
ENSG00000227425	0	0	0
ENSG00000233222	0	3	1
ENSG00000225279	4	3	1
ENSG00000229101	0	0	0
ENSG00000224927	0	0	0
ENSG00000239216	0	0	0
ENSG00000283360	1	0	1
ENSG00000117262	118	45	73
ENSG00000227907	1	0	1
ENSG00000143624	1293	637	679
ENSG00000227970	0	0	0
ENSG00000261055	0	0	0
ENSG00000231613	3	2	1
ENSG00000137947	454	228	226
ENSG00000236689	0	0	0
ENSG00000233589	0	3	0
ENSG00000117586	12	4	8
ENSG00000230946	0	0	0
ENSG00000226028	0	0	0
ENSG00000162728	3	2	1
ENSG00000229021	0	0	0
ENSG00000203825	0	0	0
ENSG00000184371	679	346	333
ENSG00000233449	0	0	0
ENSG00000242943	0	0	0
ENSG00000233203	2	1	1
ENSG00000232499	5	4	1
ENSG00000232265	1	0	1
ENSG00000163154	76	27	49
ENSG00000232995	4	4	0
ENSG00000236957	0	0	0
ENSG00000238087	0	0	0
ENSG00000227777	0	0	4
ENSG00000177173	1	1	0
ENSG00000277406	5	0	5
ENSG00000238022	0	0	0
ENSG00000231671	0	0	0
ENSG00000162729	1184	559	625
ENSG00000143158	1727	873	1131
ENSG00000271092	0	0	0
ENSG00000238118	0	0	0
ENSG00000276118	0	0	0
ENSG00000232148	0	0	0
ENSG00000278811	0	0	1
ENSG00000000460	38	117	112
ENSG00000188859	18	7	11
ENSG00000275075	0	0	0
ENSG00000135862	796	370	426
ENSG00000232952	0	0	0
ENSG00000158473	102	53	49
ENSG00000227722	0	0	0
ENSG00000285922	0	0	0
ENSG00000275801	0	0	0
ENSG00000143198	4325	1983	2342
ENSG00000143318	8	7	1
ENSG00000232188	0	0	0
ENSG00000232212	0	0	0
ENSG00000143621	2419	1280	1148
ENSG00000241042	0	0	0
ENSG00000143155	511	261	250
ENSG00000260322	0	0	0
ENSG00000223495	0	0	0
ENSG00000143156	48	1076	573
ENSG00000198771	257	155	115
ENSG00000225462	0	0	0
ENSG00000237756	0	0	0
ENSG00000116147	1	1	0
ENSG00000213064	469	198	271
ENSG00000203307	1	0	1
ENSG00000143179	354	225	211
ENSG00000271187	0	0	0
ENSG00000274562	0	0	0
ENSG00000143315	229	107	122
ENSG00000116199	560	325	235
ENSG00000231175	0	0	0
ENSG00000143185	36	23	17
ENSG00000235145	6	4	2
ENSG00000116260	3478	1748	1730
ENSG00000272931	17	5	12
ENSG00000143190	193	102	99
ENSG00000225475	2	0	2
ENSG00000230898	0	0	0
ENSG00000232223	0	0	0
ENSG00000224698	0	0	0
ENSG00000287697	5	5	4
ENSG00000075945	527	277	253
ENSG00000235303	0	0	0
ENSG00000234810	1	1	0
ENSG00000232750	0	0	0
ENSG00000224468	0	0	0
ENSG00000235628	0	0	0
ENSG00000232551	0	0	0
ENSG00000092607	0	0	0
ENSG00000238270	0	0	0
ENSG00000285894	0	0	0
ENSG00000236025	0	0	0
ENSG00000230687	0	0	0
ENSG00000230704	0	0	0
ENSG00000283255	0	0	0
ENSG00000227741	9	9	15
ENSG00000237049	0	0	0
ENSG00000286754	0	0	0
ENSG00000232751	0	0	0
ENSG00000236364	2	37	40
ENSG00000117091	372	328	442
ENSG00000235378	0	0	0
ENSG00000143171	18	6	12
ENSG00000275767	0	0	0
ENSG00000224718	0	0	0
ENSG00000047410	451	382	353
ENSG00000231992	0	0	0
ENSG00000018625	40	19	21
ENSG00000171806	110	50	60
ENSG00000287919	0	0	0
ENSG00000229914	0	0	0
ENSG00000233882	0	0	0
ENSG00000198358	0	5	0
ENSG00000229407	3	2	2
ENSG00000134216	0	0	0
ENSG00000230748	0	0	0
ENSG00000254154	0	0	0
ENSG00000162694	49	49	51
ENSG00000238108	0	0	0
ENSG00000214262	0	0	0
ENSG00000183853	117	72	45
ENSG00000215835	1	0	1
ENSG00000118197	142	83	60
ENSG00000135842	192	86	106
ENSG00000229258	1	0	1
ENSG00000287472	0	0	0
ENSG00000241318	0	0	0
ENSG00000228238	0	0	0
ENSG00000232393	0	0	0
ENSG00000121454	8	9	18
ENSG00000184155	0	0	0
ENSG00000058085	1043	515	528
ENSG00000260088	0	1	0
ENSG00000287978	162	62	100
ENSG00000116815	307	161	146
ENSG00000232917	0	0	0
ENSG00000233057	0	0	0
ENSG00000237131	0	0	0
ENSG00000233946	0	0	0
ENSG00000143167	5322	2568	2754
ENSG00000143184	59	32	27
ENSG00000231966	0	0	0
ENSG00000176320	0	0	0
ENSG00000260976	0	0	0
ENSG00000235215	0	0	0
ENSG00000223450	0	0	0
ENSG00000224691	0	0	0
ENSG00000286572	0	0	0
ENSG00000235101	5	1	4
ENSG00000228215	0	0	0
ENSG00000177807	5	1	4
ENSG00000233626	0	0	0
ENSG00000233691	0	0	0
ENSG00000283518	0	0	0
ENSG00000271527	0	0	0
ENSG00000143228	73	37	36
ENSG00000235827	0	0	0
ENSG00000231615	1	1	0
ENSG00000231714	0	0	0
ENSG00000174514	98	66	52
ENSG00000143178	23	14	9
ENSG00000224837	1	1	0
ENSG00000116833	225	110	115
ENSG00000227740	5	3	2
ENSG00000260990	0	0	0
ENSG00000000457	115	165	141
ENSG00000143507	45	21	24
ENSG00000285638	0	0	0
ENSG00000226520	0	0	0
ENSG00000284592	0	0	0
ENSG00000230987	0	0	0
ENSG00000232527	0	0	0
ENSG00000215833	0	0	0
ENSG00000228167	0	0	0
ENSG00000225325	0	0	0
ENSG00000223344	0	0	0
ENSG00000228191	1	0	1
ENSG00000229961	7	7	0
ENSG00000150732	0	0	0
ENSG00000157064	9	7	3
ENSG00000288139	0	0	0
ENSG00000226015	12	5	7
ENSG00000215808	0	0	0
ENSG00000059588	502	246	256
ENSG00000231512	0	0	0
ENSG00000237379	0	0	0
ENSG00000232959	0	0	3
ENSG00000122224	217	111	106
ENSG00000162782	14	6	8
ENSG00000238051	0	0	0
ENSG00000233196	0	0	0
ENSG00000229220	0	0	0
ENSG00000143653	880	439	441
ENSG00000135837	317	150	167
ENSG00000158711	360	186	197
ENSG00000227747	0	0	0
ENSG00000228081	0	0	0
ENSG00000228020	0	0	0
ENSG00000234975	43	30	13
ENSG00000162851	310	144	166
ENSG00000271427	1	1	0
ENSG00000261817	0	0	0
ENSG00000143353	176	94	86
ENSG00000197965	1806	868	938
ENSG00000143493	260	139	121
ENSG00000230777	4	2	3
ENSG00000179397	3	2	1
ENSG00000224540	0	0	0
ENSG00000117592	5622	2828	2794
ENSG00000186197	5	3	2
ENSG00000229067	0	0	0
ENSG00000230231	0	0	0
ENSG00000227711	0	0	0
ENSG00000261182	0	0	0
ENSG00000228879	0	0	0
ENSG00000227925	1	1	0
ENSG00000162670	64	38	27
ENSG00000225712	1	1	0
ENSG00000162761	4	4	0
ENSG00000143199	2	1	1
ENSG00000179930	1	0	1
ENSG00000007908	24	11	13
ENSG00000092978	164	83	81
ENSG00000143499	232	105	127
ENSG00000188404	163	82	81
ENSG00000227735	0	0	0
ENSG00000243062	0	0	0
ENSG00000143196	206	89	117
ENSG00000228504	0	0	0
ENSG00000274702	0	0	0
ENSG00000226211	0	0	0
ENSG00000236942	4	5	2
ENSG00000287205	0	0	0
ENSG00000203697	3066	1461	1605
ENSG00000116574	526	255	271
ENSG00000287929	50	18	33
ENSG00000186283	1688	848	840
ENSG00000224896	0	0	0
ENSG00000226292	0	0	0
ENSG00000121481	47	29	18
ENSG00000227940	0	0	0
ENSG00000117139	476	251	225
ENSG00000143248	387	196	191
ENSG00000278455	0	0	0
ENSG00000224810	0	0	0
ENSG00000162814	20	15	7
ENSG00000225172	0	0	0
ENSG00000261642	0	0	0
ENSG00000228239	0	0	0
ENSG00000237283	0	0	0
ENSG00000116132	23	13	10
ENSG00000238042	1	0	1
ENSG00000271475	0	0	0
ENSG00000231877	0	0	0
ENSG00000116679	1562	743	819
ENSG00000228536	0	0	0
ENSG00000230550	0	0	0
ENSG00000229242	0	0	0
ENSG00000253326	6	6	0
ENSG00000228470	0	0	0
ENSG00000152092	3	3	0
ENSG00000234984	0	0	0
ENSG00000231648	0	0	0
ENSG00000229983	0	1	0
ENSG00000215149	0	0	0
ENSG00000225122	0	0	0
ENSG00000225920	4	4	0
ENSG00000143476	100	54	46
ENSG00000121486	79	45	34
ENSG00000228437	0	0	0
ENSG00000214837	7	3	4
ENSG00000057252	253	156	97
ENSG00000225982	1	0	1
ENSG00000285718	0	0	0
ENSG00000234070	0	0	2
ENSG00000233620	0	0	0
ENSG00000237783	0	0	0
ENSG00000272906	7	3	8
ENSG00000233018	0	0	0
ENSG00000123685	183	100	83
ENSG00000224783	0	0	0
ENSG00000162852	458	241	217
ENSG00000232792	0	0	0
ENSG00000273004	2	2	0
ENSG00000143842	174	93	81
ENSG00000268062	2	2	0
ENSG00000237409	0	0	0
ENSG00000116962	321	169	152
ENSG00000288078	0	0	0
ENSG00000271399	0	0	0
ENSG00000229757	1	0	1
ENSG00000232679	0	0	0
ENSG00000159388	5363	2713	2650
ENSG00000220749	5	3	2
ENSG00000181450	64	32	32
ENSG00000223519	0	7	2
ENSG00000120333	481	240	252
ENSG00000286285	5	2	3
ENSG00000225300	1	0	1
ENSG00000223842	0	0	0
ENSG00000162753	0	0	0
ENSG00000228247	0	0	0
ENSG00000231424	4	2	2
ENSG00000143355	0	0	0
ENSG00000287177	0	0	0
ENSG00000237193	0	0	0
ENSG00000223490	0	0	0
ENSG00000121644	257	134	123
ENSG00000174502	1	0	1
ENSG00000224286	0	0	0
ENSG00000158715	133	59	74
ENSG00000143195	7	3	4
ENSG00000162849	3	1	2
ENSG00000232824	0	0	0
ENSG00000273416	1	1	0
ENSG00000234142	0	0	0
ENSG00000282111	0	0	0
ENSG00000233410	0	0	0
ENSG00000067533	309	139	170
ENSG00000228955	0	0	0
ENSG00000270443	0	0	0
ENSG00000116209	5430	2718	2712
ENSG00000224702	0	0	0
ENSG00000271811	0	0	0
ENSG00000224278	0	0	0
ENSG00000235492	0	0	0
ENSG00000287808	21	6	15
ENSG00000271588	0	0	0
ENSG00000229840	0	0	0
ENSG00000116161	1037	505	547
ENSG00000226486	0	0	0
ENSG00000227687	0	0	0
ENSG00000231814	0	0	0
ENSG00000286210	0	0	0
ENSG00000287364	0	0	0
ENSG00000225063	0	0	0
ENSG00000260698	17	14	3
ENSG00000277007	0	0	0
ENSG00000229016	0	0	0
ENSG00000077157	579	322	264
ENSG00000152104	35	21	14
ENSG00000236975	1	1	0
ENSG00000215834	0	0	0
ENSG00000286541	0	0	0
ENSG00000117650	69	36	33
ENSG00000235021	2	2	0
ENSG00000203724	41	14	27
ENSG00000225006	0	0	0
ENSG00000287633	0	0	0
ENSG00000158764	10	3	12
ENSG00000223375	0	0	0
ENSG00000230714	0	0	0
ENSG00000261065	0	6	9
ENSG00000260855	11	7	4
ENSG00000188783	157	81	76
ENSG00000236206	5	1	4
ENSG00000168118	501	253	256
ENSG00000181101	0	0	0
ENSG00000173726	2107	1084	1023
ENSG00000282852	0	0	0
ENSG00000152382	44	23	22
ENSG00000143839	8	2	6
ENSG00000232100	0	0	0
ENSG00000261024	0	0	0
ENSG00000230547	1	0	1
ENSG00000229703	0	0	0
ENSG00000176754	0	0	0
ENSG00000232309	0	0	0
ENSG00000227953	12	9	12
ENSG00000232215	0	0	0
ENSG00000135829	1182	532	650
ENSG00000228289	0	0	0
ENSG00000134717	233	114	119
ENSG00000232989	0	0	0
ENSG00000233537	0	0	0
ENSG00000116668	63	35	28
ENSG00000143756	247	121	126
ENSG00000278180	0	0	0
ENSG00000143702	37	16	21
ENSG00000232341	0	0	0
ENSG00000287676	0	0	0
ENSG00000236792	0	0	0
ENSG00000143207	1034	516	519
ENSG00000270859	0	0	0
ENSG00000238224	0	0	0
ENSG00000286775	0	0	0
ENSG00000122176	523	269	254
ENSG00000229120	0	0	0
ENSG00000237492	0	0	0
ENSG00000230404	0	0	0
ENSG00000213036	0	0	0
ENSG00000227230	0	0	0
ENSG00000236230	0	0	0
ENSG00000026751	1801	904	897
ENSG00000150681	24	13	11
ENSG00000116906	716	376	340
ENSG00000092969	6	0	6
ENSG00000157181	264	131	133
ENSG00000250762	1	1	0
ENSG00000236720	0	0	0
ENSG00000227421	1	0	1
ENSG00000227240	2	0	2
ENSG00000076258	42	25	17
ENSG00000286073	0	0	0
ENSG00000231084	0	0	0
ENSG00000232085	0	0	0
ENSG00000117697	137	75	62
ENSG00000279333	0	1	2
ENSG00000235083	0	0	0
ENSG00000162669	1	0	1
ENSG00000197067	0	0	0
ENSG00000229652	0	0	0
ENSG00000132681	0	0	0
ENSG00000225904	0	0	0
ENSG00000270920	0	0	0
ENSG00000281664	0	0	0
ENSG00000143641	709	590	584
ENSG00000227630	2	2	0
ENSG00000228830	0	256	288
ENSG00000010932	6	4	2
ENSG00000282849	0	0	0
ENSG00000276520	3	3	0
ENSG00000226640	0	0	0
ENSG00000010072	68	39	30
ENSG00000135766	20	9	11
ENSG00000232626	0	0	0
ENSG00000232096	0	0	0
ENSG00000279261	0	0	0
ENSG00000213051	2	1	1
ENSG00000238054	0	0	0
ENSG00000163534	20	9	11
ENSG00000168243	19	12	7
ENSG00000281453	0	0	0
ENSG00000237469	0	0	0
ENSG00000224939	0	0	0
ENSG00000227613	0	0	0
ENSG00000116183	8	4	4
ENSG00000270106	0	0	0
ENSG00000232194	0	0	0
ENSG00000235152	0	0	0
ENSG00000231612	0	0	0
ENSG00000237980	7	1	6
ENSG00000271036	0	0	0
ENSG00000230849	0	0	0
ENSG00000170382	44	27	17
ENSG00000228664	0	0	0
ENSG00000226868	0	0	0
ENSG00000279401	0	0	0
ENSG00000272362	0	0	0
ENSG00000287450	0	0	0
ENSG00000237011	0	0	0
ENSG00000233583	0	0	0
ENSG00000066027	855	396	459
ENSG00000286263	0	0	0
ENSG00000227006	2	0	2
ENSG00000236372	0	0	0
ENSG00000224525	0	0	0
ENSG00000188770	0	0	0
ENSG00000173728	2	2	0
ENSG00000094975	281	136	145
ENSG00000225811	0	0	1
ENSG00000273093	0	0	0
ENSG00000162772	1640	780	860
ENSG00000227818	0	0	0
ENSG00000135828	141	77	64
ENSG00000224227	0	0	0
ENSG00000286398	0	0	0
ENSG00000076356	1034	551	483
ENSG00000215819	0	0	0
ENSG00000185523	1	1	0
ENSG00000236108	0	0	0
ENSG00000116711	20	13	7
ENSG00000231684	2	2	0
ENSG00000226750	0	0	0
ENSG00000285665	3	2	1
ENSG00000231022	0	0	0
ENSG00000224436	0	0	0
ENSG00000228208	0	0	0
ENSG00000273384	4	2	2
ENSG00000238061	4	0	4
ENSG00000234915	0	0	0
ENSG00000143845	20	17	18
ENSG00000235862	2	29	19
ENSG00000069812	225	113	112
ENSG00000227585	0	0	0
ENSG00000157060	0	0	0
ENSG00000237213	0	0	0
ENSG00000236439	1	0	1
ENSG00000224260	0	0	0
ENSG00000213045	0	0	0
ENSG00000287220	0	0	0
ENSG00000230063	1	0	1
ENSG00000235467	0	0	0
ENSG00000123684	631	309	322
ENSG00000117707	14	7	9
ENSG00000228044	1	0	1
ENSG00000225338	3	1	2
ENSG00000224407	0	184	281
ENSG00000232463	0	0	0
ENSG00000237457	2	2	0
ENSG00000225171	27	12	15
ENSG00000226843	0	0	0
ENSG00000235386	0	0	0
ENSG00000123836	1181	591	591
ENSG00000213690	0	0	0
ENSG00000223982	0	0	0
ENSG00000229832	0	0	0
ENSG00000117691	1562	737	825
ENSG00000225233	0	0	0
ENSG00000274895	1	1	0
ENSG00000237514	0	0	0
ENSG00000287856	0	0	0
ENSG00000228067	1	1	0
ENSG00000284299	0	0	0
ENSG00000226375	0	0	0
ENSG00000203705	149	79	70
ENSG00000224040	0	0	0
ENSG00000228686	0	0	0
ENSG00000279838	9	4	5
ENSG00000174175	117	55	62
ENSG00000236401	0	0	0
ENSG00000241475	0	0	0
ENSG00000215800	0	0	0
ENSG00000286421	0	0	0
ENSG00000270936	0	0	0
ENSG00000008118	8	3	5
ENSG00000171161	686	319	367
ENSG00000241505	0	0	0
ENSG00000224535	0	0	0
ENSG00000282097	0	0	0
ENSG00000261453	2	2	0
ENSG00000231020	0	0	0
ENSG00000270818	0	0	0
ENSG00000196878	2623	1385	1238
ENSG00000133059	144	79	65
ENSG00000225561	0	0	0
ENSG00000224668	0	0	0
ENSG00000242529	0	0	0
ENSG00000074964	1058	519	539
ENSG00000223847	0	0	0
ENSG00000277704	0	0	0
ENSG00000116918	232	101	138
ENSG00000274020	58	31	34
ENSG00000287445	2	1	1
ENSG00000259815	1	1	0
ENSG00000240963	0	0	0
ENSG00000226570	0	0	0
ENSG00000198929	16	13	3
ENSG00000272167	0	0	0
ENSG00000230628	2	0	2
ENSG00000162771	0	19	27
ENSG00000227579	0	0	0
ENSG00000176393	2130	1169	1144
ENSG00000174606	165	93	72
ENSG00000179914	6543	3234	3309
ENSG00000235750	818	425	393
ENSG00000284376	0	0	0
ENSG00000121446	4	4	0
ENSG00000226758	0	0	0
ENSG00000230199	0	0	0
ENSG00000236905	1	1	0
ENSG00000233304	0	0	0
ENSG00000288007	6	1	6
ENSG00000227887	0	0	0
ENSG00000116903	141	68	74
ENSG00000228255	0	0	0
ENSG00000226196	0	0	0
ENSG00000287354	1	1	0
ENSG00000233827	0	0	0
ENSG00000198797	2	0	2
ENSG00000271746	10	3	9
ENSG00000234233	0	0	0
ENSG00000151414	59	31	28
ENSG00000177614	50	17	33
ENSG00000223794	0	0	0
ENSG00000235182	0	0	0
ENSG00000213041	1	1	0
ENSG00000287157	0	0	0
ENSG00000233920	0	0	0
ENSG00000183831	8	6	2
ENSG00000225755	0	0	0
ENSG00000143858	15	11	11
ENSG00000197472	9	9	0
ENSG00000230184	1	0	1
ENSG00000234004	0	0	0
ENSG00000232436	0	0	0
ENSG00000231718	0	0	0
ENSG00000283952	0	0	0
ENSG00000230019	0	0	0
ENSG00000136643	80	33	47
ENSG00000232537	0	0	0
ENSG00000226036	0	0	0
ENSG00000285521	0	0	0
ENSG00000236317	0	0	0
ENSG00000176855	1	0	1
ENSG00000227728	0	0	0
ENSG00000133069	13	3	10
ENSG00000162877	5	3	2
ENSG00000233461	60	16	44
ENSG00000225401	0	0	0
ENSG00000228190	0	0	0
ENSG00000135747	3	3	0
ENSG00000227237	0	0	0
ENSG00000069248	354	190	164
ENSG00000232812	0	0	0
ENSG00000231666	0	0	0
ENSG00000226986	0	0	0
ENSG00000242042	0	0	0
ENSG00000234464	1	1	0
ENSG00000253148	0	0	0
ENSG00000227751	0	392	465
ENSG00000090104	1821	926	895
ENSG00000285280	4	1	3
ENSG00000232892	1	1	0
ENSG00000236950	0	0	0
ENSG00000236468	0	0	0
ENSG00000143322	261	137	124
ENSG00000185220	84	45	39
ENSG00000226003	0	0	0
ENSG00000230813	0	0	0
ENSG00000226862	3	1	2
ENSG00000236101	0	0	0
ENSG00000162769	182	81	101
ENSG00000133065	167	76	91
ENSG00000278684	0	0	0
ENSG00000236775	0	0	0
ENSG00000042781	0	0	0
ENSG00000234754	0	0	0
ENSG00000233084	0	0	0
ENSG00000227815	4	0	4
ENSG00000287046	3	0	3
ENSG00000223774	0	22	17
ENSG00000228863	24	241	181
ENSG00000228646	0	0	0
ENSG00000229112	0	0	0
ENSG00000233332	0	0	0
ENSG00000231984	0	0	0
ENSG00000286213	0	0	0
ENSG00000226876	0	0	0
ENSG00000277462	16	9	7
ENSG00000225591	0	0	0
ENSG00000035687	369	168	201
ENSG00000213080	4	1	3
ENSG00000180287	3	3	0
ENSG00000226693	0	0	0
ENSG00000234678	291	247	296
ENSG00000231272	0	0	0
ENSG00000223828	1	1	0
ENSG00000163431	411	215	237
ENSG00000230124	637	324	332
ENSG00000226723	0	0	0
ENSG00000272672	0	0	0
ENSG00000143473	1	2	2
ENSG00000228982	0	0	0
ENSG00000235096	0	0	0
ENSG00000237250	0	0	0
ENSG00000007341	181	160	187
ENSG00000286747	0	0	0
ENSG00000236069	0	0	0
ENSG00000236244	0	0	0
ENSG00000272865	0	0	0
ENSG00000117222	300	177	123
ENSG00000143324	181	109	72
ENSG00000229871	0	0	0
ENSG00000225222	0	0	0
ENSG00000118193	40	14	26
ENSG00000234116	0	0	0
ENSG00000231940	16	11	5
ENSG00000198842	2	2	0
ENSG00000286619	28	12	16
ENSG00000198756	17	11	6
ENSG00000259823	939	403	536
ENSG00000271558	0	0	0
ENSG00000227554	0	0	0
ENSG00000178596	0	0	0
ENSG00000135749	175	149	124
ENSG00000143786	10	4	8
ENSG00000224584	0	0	0
ENSG00000054282	149	140	109
ENSG00000183780	4	2	2
ENSG00000229663	0	0	0
ENSG00000162702	71	38	33
ENSG00000251508	0	0	0
ENSG00000238272	0	0	0
ENSG00000228530	0	0	0
ENSG00000235060	0	0	0
ENSG00000143194	0	0	0
ENSG00000229531	0	0	0
ENSG00000271329	2	2	0
ENSG00000054267	164	80	86
ENSG00000261831	0	0	0
ENSG00000287921	0	0	0
ENSG00000177800	0	0	0
ENSG00000225620	0	0	0
ENSG00000232166	0	0	0
ENSG00000175137	440	203	237
ENSG00000134245	145	170	141
ENSG00000234041	0	0	0
ENSG00000227373	12	5	7
ENSG00000231905	0	0	0
ENSG00000228175	9	8	1
ENSG00000069275	1992	1055	937
ENSG00000143674	103	48	55
ENSG00000237317	0	0	0
ENSG00000187889	1	0	1
ENSG00000134375	1489	762	727
ENSG00000097046	90	34	56
ENSG00000232113	0	0	0
ENSG00000282718	0	0	0
ENSG00000231378	0	0	0
ENSG00000235605	2	3	1
ENSG00000223525	2	2	0
ENSG00000224857	0	0	0
ENSG00000273367	7	7	0
ENSG00000230604	0	0	0
ENSG00000231605	0	0	0
ENSG00000236358	0	1	1
ENSG00000203737	1	1	0
ENSG00000238003	0	0	0
ENSG00000215873	0	0	0
ENSG00000287008	0	0	0
ENSG00000185420	192	98	94
ENSG00000076321	59	41	18
ENSG00000272175	1	2	1
ENSG00000231564	0	0	0
ENSG00000135778	663	383	378
ENSG00000213070	2	1	1
ENSG00000282265	0	0	0
ENSG00000250536	1	0	1
ENSG00000229747	0	0	0
ENSG00000117280	197	86	111
ENSG00000233985	0	0	0
ENSG00000232175	0	0	0
ENSG00000287423	0	0	0
ENSG00000286774	0	0	0
ENSG00000236719	0	0	0
ENSG00000136636	258	119	139
ENSG00000225486	0	0	0
ENSG00000227043	0	0	0
ENSG00000163874	1153	567	586
ENSG00000285777	0	0	0
ENSG00000237249	0	0	0
ENSG00000286109	0	0	0
ENSG00000213068	0	0	0
ENSG00000054392	40	21	19
ENSG00000227994	0	0	0
ENSG00000286552	0	0	0
ENSG00000225711	0	0	0
ENSG00000122223	38	22	16
ENSG00000235869	0	0	0
ENSG00000188739	22	11	11
ENSG00000286666	0	0	0
ENSG00000135750	380	189	191
ENSG00000273198	0	0	0
ENSG00000203730	4	2	2
ENSG00000225719	0	0	0
ENSG00000273483	4	2	2
ENSG00000287987	0	0	0
ENSG00000203729	0	0	0
ENSG00000232809	0	0	0
ENSG00000284623	0	0	0
ENSG00000285981	0	0	0
ENSG00000261729	0	0	0
ENSG00000223869	0	0	0
ENSG00000229228	34	15	19
ENSG00000215796	0	0	0
ENSG00000185221	0	0	0
ENSG00000233047	0	0	0
ENSG00000143341	10	3	7
ENSG00000228309	0	0	0
ENSG00000229739	10	4	6
ENSG00000116703	0	0	0
ENSG00000273874	0	0	0
ENSG00000278791	0	18	36
ENSG00000278757	0	0	0
ENSG00000264341	0	0	0
ENSG00000264101	0	0	0
ENSG00000265141	0	0	0
ENSG00000221083	2	1	1
ENSG00000252404	0	0	0
ENSG00000222511	0	0	0
ENSG00000265392	0	0	0
ENSG00000243267	0	0	0
ENSG00000201725	0	0	0
ENSG00000274258	0	0	0
ENSG00000239149	0	0	0
ENSG00000252151	0	0	0
ENSG00000252969	0	0	0
ENSG00000252417	0	0	0
ENSG00000200975	0	0	0
ENSG00000201609	0	0	0
ENSG00000238482	0	0	0
ENSG00000252956	0	0	0
ENSG00000265606	0	0	0
ENSG00000284357	0	0	0
ENSG00000278034	0	0	0
ENSG00000207237	0	0	0
ENSG00000222784	0	0	0
ENSG00000266210	0	0	0
ENSG00000265961	0	0	0
ENSG00000251866	0	0	0
ENSG00000252691	0	0	0
ENSG00000264371	0	0	0
ENSG00000253005	0	0	0
ENSG00000238316	0	0	0
ENSG00000207941	0	0	0
ENSG00000264773	0	0	0
ENSG00000252448	0	0	0
ENSG00000200421	0	0	0
ENSG00000222282	0	0	0
ENSG00000199963	1	1	1
ENSG00000264698	0	0	0
ENSG00000207328	0	0	0
ENSG00000207466	0	0	0
ENSG00000252368	0	0	0
ENSG00000206779	0	0	0
ENSG00000265596	0	0	0
ENSG00000212541	0	0	0
ENSG00000200796	0	0	0
ENSG00000252190	0	0	0
ENSG00000264613	0	0	0
ENSG00000199240	0	0	0
ENSG00000277168	0	0	0
ENSG00000283724	0	0	0
ENSG00000284410	0	0	0
ENSG00000252018	0	0	0
ENSG00000206627	0	0	0
ENSG00000283414	0	0	0
ENSG00000207508	0	0	0
ENSG00000200171	0	0	0
ENSG00000207194	1	1	0
ENSG00000283477	0	0	0
ENSG00000264834	0	0	0
ENSG00000263675	0	0	0
ENSG00000266188	0	0	0
ENSG00000206981	0	0	0
ENSG00000200174	0	0	0
ENSG00000265822	0	0	0
ENSG00000265815	0	0	0
ENSG00000238653	0	0	0
ENSG00000212624	0	0	0
ENSG00000200575	0	0	0
ENSG00000212360	0	0	0
ENSG00000242860	2	1	1
ENSG00000263908	0	0	0
ENSG00000283690	0	0	0
ENSG00000199921	0	0	0
ENSG00000251825	0	0	0
ENSG00000201153	0	0	0
ENSG00000222624	0	0	0
ENSG00000223152	0	0	0
ENSG00000212308	0	0	0
ENSG00000279049	0	19	15
ENSG00000276081	0	0	0
ENSG00000239640	0	0	0
ENSG00000252338	0	0	0
ENSG00000251785	0	0	0
ENSG00000239319	0	0	0
ENSG00000222849	0	0	0
ENSG00000283749	0	0	0
ENSG00000251958	0	0	0
ENSG00000251767	0	0	0
ENSG00000243437	0	0	0
ENSG00000202263	0	0	0
ENSG00000199318	0	0	0
ENSG00000199666	0	0	0
ENSG00000200601	0	0	0
ENSG00000242482	0	0	0
ENSG00000212366	0	0	0
ENSG00000201620	0	0	0
ENSG00000206817	0	0	0
ENSG00000284247	0	0	0
ENSG00000200839	0	0	0
ENSG00000264963	0	0	0
ENSG00000264271	0	0	0
ENSG00000239504	0	0	0
ENSG00000284202	0	0	0
ENSG00000251720	0	0	0
ENSG00000274321	0	0	0
ENSG00000198974	0	0	0
ENSG00000212248	0	0	0
ENSG00000207962	1	1	0
ENSG00000276884	0	0	0
ENSG00000207234	2	2	0
ENSG00000202259	0	0	0
ENSG00000212459	0	0	0
ENSG00000278287	0	0	0
ENSG00000277565	0	0	0
ENSG00000263526	0	0	0
ENSG00000211575	0	0	0
ENSG00000275823	0	0	0
ENSG00000277689	0	0	0
ENSG00000274199	0	0	0
ENSG00000202254	0	0	0
ENSG00000244256	1	0	1
ENSG00000201491	0	0	0
ENSG00000199831	0	0	0
ENSG00000275455	0	0	0
ENSG00000252162	0	0	0
ENSG00000272051	0	0	0
ENSG00000283899	0	0	0
ENSG00000200800	0	0	0
ENSG00000207502	0	0	0
ENSG00000252530	0	0	0
ENSG00000200536	0	0	0
ENSG00000211543	0	0	0
ENSG00000252797	0	0	0
ENSG00000212266	0	0	0
ENSG00000222209	0	0	0
ENSG00000277141	0	0	0
ENSG00000215930	0	0	0
ENSG00000238761	0	0	0
ENSG00000201114	0	0	0
ENSG00000206679	0	0	0
ENSG00000264419	0	0	0
ENSG00000222069	0	0	0
ENSG00000274428	16	11	5
ENSG00000199879	3	2	1
ENSG00000274408	0	0	0
ENSG00000283676	0	0	0
ENSG00000252005	0	0	0
ENSG00000252510	0	0	0
ENSG00000207340	2	2	0
ENSG00000252830	0	0	0
ENSG00000274450	0	0	0
ENSG00000252135	0	0	0
ENSG00000278596	0	0	0
ENSG00000238825	1	1	0
ENSG00000201183	21	11	10
ENSG00000202408	0	0	0
ENSG00000252744	0	0	0
ENSG00000273768	5	1	4
ENSG00000242565	0	0	0
ENSG00000239984	0	0	0
ENSG00000283296	0	0	0
ENSG00000252717	0	0	0
ENSG00000194297	0	0	0
ENSG00000199565	0	0	0
ENSG00000277313	0	0	0
ENSG00000274940	0	0	0
ENSG00000207341	0	0	0
ENSG00000207472	0	0	0
ENSG00000206880	0	0	0
ENSG00000252552	0	0	0
ENSG00000199849	0	0	0
ENSG00000252407	0	0	0
ENSG00000212538	0	0	0
ENSG00000251813	0	0	0
ENSG00000207108	0	0	0
ENSG00000201312	0	0	0
ENSG00000207039	0	0	0
ENSG00000202491	0	0	0
ENSG00000201596	0	0	0
ENSG00000276839	0	0	0
ENSG00000207974	0	0	0
ENSG00000273629	0	0	0
ENSG00000201493	0	0	0
ENSG00000215952	0	0	0
ENSG00000200139	0	0	0
ENSG00000283575	0	0	0
ENSG00000238765	0	0	0
ENSG00000264916	0	0	0
ENSG00000212338	0	0	0
ENSG00000206659	0	0	0
ENSG00000253025	0	0	0
ENSG00000201619	0	0	0
ENSG00000201544	0	0	0
ENSG00000202498	0	0	0
ENSG00000221545	0	0	0
ENSG00000252906	0	0	0
ENSG00000206692	0	0	0
ENSG00000202329	0	0	0
ENSG00000242794	0	0	0
ENSG00000212144	0	0	0
ENSG00000283340	0	0	0
ENSG00000252860	0	0	0
ENSG00000252501	0	0	0
ENSG00000263390	0	0	0
ENSG00000207181	0	0	0
ENSG00000265744	2	2	0
ENSG00000264377	0	0	0
ENSG00000207149	0	0	0
ENSG00000283936	0	0	0
ENSG00000284485	0	0	0
ENSG00000201638	0	0	0
ENSG00000275213	0	0	0
ENSG00000239494	1	0	1
ENSG00000212230	0	0	0
ENSG00000252371	0	0	0
ENSG00000199442	0	0	0
ENSG00000200033	0	0	0
ENSG00000239690	0	0	0
ENSG00000202184	0	0	0
ENSG00000241395	1	1	0
ENSG00000200982	0	0	0
ENSG00000275207	0	0	0
ENSG00000202300	0	0	0
ENSG00000222407	0	0	0
ENSG00000222986	0	0	0
ENSG00000265435	0	0	0
ENSG00000272262	0	0	0
ENSG00000200495	0	0	0
ENSG00000202609	0	0	0
ENSG00000252553	0	0	0
ENSG00000206764	0	0	0
ENSG00000222240	0	0	0
ENSG00000212187	0	0	0
ENSG00000206637	0	0	0
ENSG00000253097	0	0	0
ENSG00000200036	0	0	0
ENSG00000201421	0	0	0
ENSG00000212610	0	0	0
ENSG00000252484	0	0	0
ENSG00000201944	0	0	0
ENSG00000200327	0	0	0
ENSG00000206905	0	0	0
ENSG00000200972	0	0	0
ENSG00000243051	0	0	0
ENSG00000252011	0	0	0
ENSG00000207326	0	0	0
ENSG00000212205	0	0	0
ENSG00000253042	0	0	0
ENSG00000274121	0	0	0
ENSG00000264358	0	0	0
ENSG00000206640	0	0	0
ENSG00000212527	0	0	0
ENSG00000252879	0	0	0
ENSG00000252612	0	0	0
ENSG00000202264	0	0	0
ENSG00000285609	0	0	0
ENSG00000206762	0	0	0
ENSG00000252084	0	0	0
ENSG00000200085	0	0	0
ENSG00000264500	0	0	0
ENSG00000202025	0	0	0
ENSG00000225545	0	0	0
ENSG00000206990	0	0	0
ENSG00000230175	0	0	0
ENSG00000225272	0	0	0
ENSG00000215838	0	0	0
ENSG00000273365	1	1	0
ENSG00000224358	1	1	0
ENSG00000230659	0	0	0
ENSG00000162545	2245	1049	1196
ENSG00000090432	783	382	401
ENSG00000215520	0	0	0
ENSG00000183114	6	1	5
ENSG00000158825	339	179	160
ENSG00000158828	119	663	692
ENSG00000284005	0	0	0
ENSG00000117242	167	719	684
ENSG00000234473	0	0	0
ENSG00000238754	0	0	0
ENSG00000134371	170	80	90
ENSG00000221680	0	0	0
ENSG00000162630	4	2	2
ENSG00000276735	0	0	0
ENSG00000232077	1	1	0
ENSG00000229639	0	0	0
ENSG00000287453	0	0	0
ENSG00000270615	0	0	0
ENSG00000287283	0	0	0
ENSG00000240692	0	0	0
ENSG00000229359	0	0	0
ENSG00000237919	0	0	0
ENSG00000066557	18	7	11
ENSG00000244389	0	0	0
ENSG00000228988	0	0	0
ENSG00000118454	257	132	125
ENSG00000226088	0	0	0
ENSG00000116761	67	41	26
ENSG00000278636	1	0	1
ENSG00000271992	9	0	9
ENSG00000233020	0	0	0
ENSG00000237033	0	0	0
ENSG00000226208	0	0	0
ENSG00000007968	345	162	183
ENSG00000235052	18	5	13
ENSG00000117318	4138	2090	2049
ENSG00000285802	0	0	0
ENSG00000229239	0	0	0
ENSG00000142676	36429	18162	18267
ENSG00000057757	900	434	466
ENSG00000011009	2321	1172	1150
ENSG00000117308	2045	1037	1009
ENSG00000273844	0	0	0
ENSG00000235748	0	0	0
ENSG00000237861	0	0	0
ENSG00000221879	0	0	0
ENSG00000230260	0	0	0
ENSG00000199241	0	0	0
ENSG00000226919	0	0	0
ENSG00000223963	0	0	0
ENSG00000215802	0	0	0
ENSG00000233615	0	0	0
ENSG00000238085	0	0	0
ENSG00000265831	0	0	0
ENSG00000224348	0	0	0
ENSG00000286496	0	0	0
ENSG00000287516	0	0	0
ENSG00000287738	0	0	0
ENSG00000132703	0	0	0
ENSG00000276632	0	0	0
ENSG00000223603	0	0	0
ENSG00000132693	0	0	0
ENSG00000235226	0	0	0
ENSG00000158716	1104	507	597
ENSG00000181036	6	1	5
ENSG00000158714	29	108	117
ENSG00000212161	0	0	0
ENSG00000243284	7	2	5
ENSG00000272668	31	13	18
ENSG00000213085	42	16	26
ENSG00000266458	0	0	0
ENSG00000287040	0	0	0
ENSG00000279430	8	6	2
ENSG00000162723	1	1	0
ENSG00000273933	0	0	0
ENSG00000256029	2	52	57
ENSG00000188004	0	0	0
ENSG00000266580	0	0	0
ENSG00000254545	0	1	7
ENSG00000203620	0	0	0
ENSG00000269967	4	1	3
ENSG00000228634	3	1	2
ENSG00000284702	0	0	0
ENSG00000221040	0	0	0
ENSG00000287217	1	0	1
ENSG00000163399	2496	7778	7257
ENSG00000212385	0	0	0
ENSG00000233154	3	1	2
ENSG00000230381	0	0	0
ENSG00000200547	0	0	0
ENSG00000224950	18	8	12
ENSG00000286276	0	2	0
ENSG00000177888	41	24	17
ENSG00000243364	257	131	126
ENSG00000251246	0	0	0
ENSG00000143590	98	48	50
ENSG00000202027	1	1	0
ENSG00000169242	903	473	430
ENSG00000169241	1963	945	1018
ENSG00000223452	0	0	0
ENSG00000163463	149	90	59
ENSG00000273088	0	0	0
ENSG00000284586	0	0	0
ENSG00000169231	376	226	265
ENSG00000236263	0	7	7
ENSG00000236675	2	2	0
ENSG00000177628	497	281	216
ENSG00000116521	1160	571	589
ENSG00000176444	668	321	347
ENSG00000143630	36	58	84
ENSG00000143627	0	61	45
ENSG00000253074	0	0	0
ENSG00000252116	0	0	0
ENSG00000228523	0	0	0
ENSG00000223263	0	0	0
ENSG00000207504	0	0	0
ENSG00000238139	0	0	0
ENSG00000197721	0	0	0
ENSG00000244703	0	0	0
ENSG00000226289	0	0	0
ENSG00000285239	0	0	0
ENSG00000234219	0	0	0
ENSG00000174059	391	204	187
ENSG00000285719	5	0	5
ENSG00000284237	3	0	3
ENSG00000158731	0	0	0
ENSG00000201746	1	0	1
ENSG00000264881	0	0	0
ENSG00000199562	2	1	1
ENSG00000264501	0	0	0
ENSG00000284735	9	4	5
ENSG00000284642	34	15	19
ENSG00000142657	1827	920	907
ENSG00000271989	0	2	5
ENSG00000251503	1	1	0
ENSG00000175279	75	20	55
ENSG00000160049	708	379	398
ENSG00000203469	0	24	22
ENSG00000236035	2	2	0
ENSG00000221643	0	0	0
ENSG00000122188	215	114	101
ENSG00000288644	0	0	0
ENSG00000227417	4	2	2
ENSG00000223505	0	0	0
ENSG00000182004	1384	681	703
ENSG00000236430	0	0	0
ENSG00000130768	390	309	317
ENSG00000227050	2	108	130
ENSG00000238231	2	2	0
ENSG00000240750	0	0	0
ENSG00000158156	173	86	87
ENSG00000182118	58	34	24
ENSG00000283799	0	0	0
ENSG00000227934	1	0	1
ENSG00000229595	0	0	0
ENSG00000143633	193	99	94
ENSG00000281912	19	10	10
ENSG00000288208	0	0	0
ENSG00000132773	343	230	204
ENSG00000070759	41	75	38
ENSG00000236872	0	0	0
ENSG00000280670	74	39	35
ENSG00000132763	386	3023	2221
ENSG00000221953	6	2	4
ENSG00000226164	0	0	0
ENSG00000224014	0	0	0
ENSG00000215795	1	1	0
ENSG00000259865	68	35	33
ENSG00000227671	285	129	156
ENSG00000283881	0	0	0
ENSG00000252516	0	0	0
ENSG00000232347	0	0	0
ENSG00000214144	1	0	1
ENSG00000235818	0	0	0
ENSG00000197617	0	0	0
ENSG00000202079	0	0	0
ENSG00000286216	3	3	0
ENSG00000203664	0	0	0
ENSG00000169224	4	0	4
ENSG00000236817	0	0	0
ENSG00000177489	0	0	0
ENSG00000177476	0	0	0
ENSG00000283369	0	0	0
ENSG00000230411	0	0	0
ENSG00000251977	0	0	0
ENSG00000252254	2	2	0
ENSG00000227854	0	0	0
ENSG00000287589	0	0	0
ENSG00000259776	0	0	0
ENSG00000233355	135	68	75
ENSG00000234601	0	0	0
ENSG00000231979	0	1	0
ENSG00000215805	0	0	0
ENSG00000287102	0	0	0
ENSG00000217327	0	0	0
ENSG00000228818	1	1	0
ENSG00000202041	0	0	0
ENSG00000223694	0	0	0
ENSG00000233735	0	0	0
ENSG00000133019	56	38	27
ENSG00000162636	362	169	193
ENSG00000162639	219	113	106
ENSG00000285923	1	1	0
ENSG00000134186	842	396	446
ENSG00000143107	0	0	0
ENSG00000232971	0	0	0
ENSG00000116266	119	63	56
ENSG00000228076	0	0	0
ENSG00000203897	0	0	0
ENSG00000237349	0	0	0
ENSG00000244716	17	8	9
ENSG00000228665	0	0	0
ENSG00000228054	0	0	0
ENSG00000273382	26	16	24
ENSG00000215717	605	299	320
ENSG00000278249	0	0	0
ENSG00000270066	0	0	0
ENSG00000251484	0	0	0
ENSG00000132676	1780	837	948
ENSG00000227673	0	0	0
ENSG00000203761	42	38	23
ENSG00000234937	1	1	0
ENSG00000132718	140	65	75
ENSG00000283442	0	0	0
ENSG00000143622	326	165	161
ENSG00000132680	394	203	191
ENSG00000207475	1	0	1
ENSG00000280466	0	0	0
ENSG00000281394	0	0	0
ENSG00000277817	1	0	1
ENSG00000273002	12	7	5
ENSG00000224276	3	1	2
ENSG00000285677	1	254	385
ENSG00000163479	5489	2994	3132
ENSG00000160803	645	377	270
ENSG00000132698	3713	1806	1907
ENSG00000252236	0	0	0
ENSG00000260238	0	0	0
ENSG00000242252	7	3	4
ENSG00000198952	1813	864	949
ENSG00000163472	78	251	176
ENSG00000163468	4038	2034	2004
ENSG00000132677	2	0	2
ENSG00000237390	0	0	0
ENSG00000207933	0	0	0
ENSG00000254726	31	13	18
ENSG00000186377	12	4	8
ENSG00000186160	1	1	0
ENSG00000225154	0	0	0
ENSG00000225506	1	1	0
ENSG00000225514	0	0	0
ENSG00000224805	13	5	8
ENSG00000162366	1504	753	751
ENSG00000226252	3	3	2
ENSG00000225762	26	9	17
ENSG00000186790	10	6	4
ENSG00000237424	233	123	110
ENSG00000189030	3	3	0
ENSG00000162763	0	0	0
ENSG00000143061	107	56	51
ENSG00000135821	5288	2618	2670
ENSG00000203740	0	0	0
ENSG00000162374	2	1	1
ENSG00000168275	514	250	353
ENSG00000241563	12	10	2
ENSG00000153207	269	128	141
ENSG00000156869	233	96	137
ENSG00000033122	2	2	0
ENSG00000143278	0	0	0
ENSG00000116678	8	4	4
ENSG00000159352	2520	1205	1317
ENSG00000158710	14018	7179	6839
ENSG00000162734	1409	721	703
ENSG00000049239	2104	1021	1083
ENSG00000186564	408	216	192
ENSG00000244038	3314	1702	1612
ENSG00000158747	9355	4365	4990
ENSG00000116690	3	184	103
ENSG00000126091	32	12	20
ENSG00000162383	15	4	11
ENSG00000171163	744	383	361
ENSG00000172456	196	89	107
ENSG00000162946	47	21	26
ENSG00000158786	0	0	0
ENSG00000118733	0	0	0
ENSG00000157870	1030	760	760
ENSG00000179085	1359	693	666
ENSG00000173080	133	60	73
ENSG00000183347	1	1	0
ENSG00000276470	0	0	0
ENSG00000278852	0	0	0
ENSG00000275915	0	0	0
ENSG00000120937	0	0	0
ENSG00000224904	0	0	0
ENSG00000285646	38	21	17
ENSG00000199347	0	0	0
ENSG00000201801	5	4	1
ENSG00000116685	1610	774	836
ENSG00000083444	1164	576	588
ENSG00000287384	1	0	1
ENSG00000270914	0	0	0
ENSG00000116691	782	385	397
ENSG00000202461	0	0	0
ENSG00000276869	0	0	0
ENSG00000243539	0	0	0
ENSG00000120949	18	10	8
ENSG00000201135	0	0	0
ENSG00000227875	0	0	0
ENSG00000285604	0	0	0
ENSG00000283789	0	0	0
ENSG00000263676	0	0	0
ENSG00000200591	0	0	0
ENSG00000162521	299	456	440
ENSG00000162520	2	303	296
ENSG00000224409	0	0	0
ENSG00000162522	4409	2176	2233
ENSG00000116497	281	142	142
ENSG00000160097	9	6	3
ENSG00000121905	28	2051	1415
ENSG00000121900	13273	8354	8356
ENSG00000287691	16	5	14
ENSG00000278966	3	1	2
ENSG00000143222	2332	1284	1189
ENSG00000224985	12	46	107
ENSG00000143224	305	164	180
ENSG00000158850	1086	586	539
ENSG00000158859	595	299	296
ENSG00000158869	441	218	223
ENSG00000158874	0	0	0
ENSG00000158882	230	261	255
ENSG00000284035	2	2	0
ENSG00000143257	9	153	142
ENSG00000248485	0	0	0
ENSG00000188931	20	10	12
ENSG00000236484	0	0	0
ENSG00000283696	7	6	1
ENSG00000288093	10	7	3
ENSG00000206921	0	0	0
ENSG00000215840	2	1	1
ENSG00000277882	1	1	0
ENSG00000283317	1	0	1
ENSG00000277762	0	0	0
ENSG00000227139	0	0	0
ENSG00000265107	41	32	25
ENSG00000274415	0	3	13
ENSG00000234190	0	0	0
ENSG00000223728	0	0	0
ENSG00000121634	0	0	0
ENSG00000188092	130	54	76
ENSG00000215859	3	2	5
ENSG00000273059	0	3	1
ENSG00000274372	24	9	15
ENSG00000206791	0	0	0
ENSG00000206585	2	1	1
ENSG00000229828	0	0	0
ENSG00000225080	0	0	0
ENSG00000198658	1	0	1
ENSG00000238382	0	0	0
ENSG00000225919	0	0	0
ENSG00000236497	0	0	0
ENSG00000207190	0	0	0
ENSG00000200508	0	0	0
ENSG00000284928	0	0	0
ENSG00000223949	0	0	0
ENSG00000116688	1268	647	621
ENSG00000188800	3	0	3
ENSG00000084073	563	278	285
ENSG00000231296	0	0	0
ENSG00000049089	559	315	244
ENSG00000227311	0	0	0
ENSG00000213172	0	0	0
ENSG00000284677	0	0	0
ENSG00000187801	11	8	3
ENSG00000260920	15	5	10
ENSG00000158887	120	61	59
ENSG00000255054	0	0	0
ENSG00000228172	10	125	234
ENSG00000117640	761	415	463
ENSG00000272478	0	0	0
ENSG00000127423	38	21	22
ENSG00000182749	122	64	63
ENSG00000207302	0	0	0
ENSG00000117632	1599	794	805
ENSG00000229786	5	3	2
ENSG00000223624	0	0	0
ENSG00000283938	0	0	0
ENSG00000199385	0	0	0
ENSG00000187147	1017	682	651
ENSG00000263381	0	0	0
ENSG00000126106	344	332	328
ENSG00000198520	88	36	52
ENSG00000199377	10	9	1
ENSG00000200169	28	24	4
ENSG00000142945	269	154	122
ENSG00000142937	43400	22738	22064
ENSG00000264294	0	0	0
ENSG00000200913	15	5	10
ENSG00000202031	2	2	0
ENSG00000207421	0	0	0
ENSG00000281859	0	0	0
ENSG00000234093	13	8	5
ENSG00000142959	332	176	156
ENSG00000173846	996	505	592
ENSG00000117425	41	27	14
ENSG00000202444	0	0	0
ENSG00000226499	5	3	2
ENSG00000070785	588	332	256
ENSG00000253039	0	0	0
ENSG00000229815	0	0	0
ENSG00000232369	0	0	0
ENSG00000268949	0	0	0
ENSG00000126107	1522	763	764
ENSG00000126088	886	423	468
ENSG00000234315	0	0	0
ENSG00000162408	607	298	309
ENSG00000229519	0	0	0
ENSG00000173662	1	0	1
ENSG00000204859	846	431	415
ENSG00000288629	0	0	0
ENSG00000230735	0	0	0
ENSG00000171488	134	66	68
ENSG00000226394	1	1	0
ENSG00000237200	1	1	0
ENSG00000070886	2	0	2
ENSG00000276835	0	0	0
ENSG00000265422	0	0	0
ENSG00000223776	1	1	5
ENSG00000273058	29	13	16
ENSG00000230325	0	2	6
ENSG00000119285	120	275	250
ENSG00000226498	0	0	0
ENSG00000237991	5	1	4
ENSG00000244020	1	1	0
ENSG00000288099	0	0	0
ENSG00000225886	6	4	2
ENSG00000206767	0	0	0
ENSG00000226662	0	0	0
ENSG00000207095	0	0	0
ENSG00000287244	2	2	0
ENSG00000231344	8	4	4
ENSG00000230833	0	0	0
ENSG00000117758	693	372	321
ENSG00000269971	11	1	10
ENSG00000270031	2	0	2
ENSG00000223062	0	0	0
ENSG00000286433	0	1	3
ENSG00000117751	479	229	254
ENSG00000252947	0	0	0
ENSG00000130775	898	472	426
ENSG00000117748	599	282	317
ENSG00000223643	0	0	0
ENSG00000230239	0	0	0
ENSG00000263811	0	0	0
ENSG00000277234	0	0	0
ENSG00000235241	0	22	71
ENSG00000207005	0	0	0
ENSG00000272426	5	1	4
ENSG00000117122	38	34	14
ENSG00000286898	0	0	10
ENSG00000226526	1	6	1
ENSG00000159363	779	411	373
ENSG00000117118	2583	1274	1309
ENSG00000117115	2626	1372	1254
ENSG00000204362	0	0	0
ENSG00000282843	0	0	0
ENSG00000142623	14	3	11
ENSG00000142619	0	0	0
ENSG00000266634	0	0	0
ENSG00000199459	0	0	0
ENSG00000273264	4	2	2
ENSG00000282057	1	0	1
ENSG00000272691	1	1	0
ENSG00000199934	0	0	0
ENSG00000230285	0	0	0
ENSG00000142871	3097	1540	1557
ENSG00000226643	0	0	0
ENSG00000234419	0	0	0
ENSG00000276997	1	1	0
ENSG00000222399	0	0	0
ENSG00000267305	0	0	0
ENSG00000143512	6	3	3
ENSG00000143498	12	7	5
ENSG00000225265	16	10	6
ENSG00000154305	432	234	230
ENSG00000229399	0	0	0
ENSG00000272750	26	22	36
ENSG00000186063	33	7	28
ENSG00000162819	395	193	204
ENSG00000287684	3	3	3
ENSG00000234523	0	0	0
ENSG00000287338	0	0	0
ENSG00000187554	15	12	3
ENSG00000236846	1	1	0
ENSG00000226601	0	0	0
ENSG00000164010	57	51	64
ENSG00000164011	164	69	95
ENSG00000233708	0	0	0
ENSG00000237090	0	0	0
ENSG00000225099	0	0	0
ENSG00000284138	1	0	1
ENSG00000283973	0	2	2
ENSG00000207256	0	0	0
ENSG00000283136	0	0	0
ENSG00000277513	0	0	0
ENSG00000154309	155	86	69
ENSG00000226967	0	0	0
ENSG00000231407	17	8	10
ENSG00000229570	0	0	0
ENSG00000203857	3	2	1
ENSG00000226443	0	0	0
ENSG00000249798	0	0	0
ENSG00000239873	0	0	0
ENSG00000203855	0	0	0
ENSG00000240244	0	0	0
ENSG00000260941	0	0	0
ENSG00000198857	0	0	0
ENSG00000143067	48	22	26
ENSG00000134240	11868	5802	6066
ENSG00000134193	747	416	331
ENSG00000215864	7	4	3
ENSG00000227205	0	0	0
ENSG00000226446	0	0	0
ENSG00000134249	0	0	0
ENSG00000092621	451	221	230
ENSG00000027644	4	1	3
ENSG00000241992	0	0	0
ENSG00000234226	0	0	0
ENSG00000137970	441	22	419
ENSG00000223229	0	0	0
ENSG00000285698	0	0	0
ENSG00000228035	0	0	0
ENSG00000287103	0	0	0
ENSG00000226973	0	0	0
ENSG00000274468	0	0	0
ENSG00000130764	835	413	433
ENSG00000266075	1	0	1
ENSG00000272153	9	6	14
ENSG00000230026	0	0	0
ENSG00000285177	1	0	1
ENSG00000284770	19	13	24
ENSG00000229795	0	0	0
ENSG00000238236	0	0	0
ENSG00000235638	0	0	0
ENSG00000231199	0	0	0
ENSG00000226663	0	0	0
ENSG00000231582	0	0	0
ENSG00000232714	0	0	0
ENSG00000235761	0	0	0
ENSG00000270710	0	0	0
ENSG00000227236	0	0	0
ENSG00000198837	668	364	315
ENSG00000160741	1677	887	790
ENSG00000276584	0	0	0
ENSG00000282386	10	3	7
ENSG00000273026	13	6	7
ENSG00000143578	255	206	158
ENSG00000143543	1200	304	999
ENSG00000285641	0	0	1
ENSG00000143545	639	298	341
ENSG00000177954	33396	18435	14961
ENSG00000231416	8	6	2
ENSG00000200220	0	0	0
ENSG00000231837	0	0	0
ENSG00000263987	0	0	0
ENSG00000162642	259	127	132
ENSG00000223254	2	2	0
ENSG00000223653	4	3	10
ENSG00000116198	356	186	170
ENSG00000169598	138	58	80
ENSG00000226653	0	0	0
ENSG00000207209	0	0	0
ENSG00000272443	0	0	0
ENSG00000272480	0	0	0
ENSG00000288626	0	0	0
ENSG00000162836	314	149	165
ENSG00000207080	0	0	0
ENSG00000231791	0	0	0
ENSG00000244568	0	0	0
ENSG00000271387	3	0	3
ENSG00000116667	1137	493	644
ENSG00000230470	2	0	2
ENSG00000232036	0	0	0
ENSG00000285847	2	1	1
ENSG00000286378	0	0	0
ENSG00000215381	0	0	0
ENSG00000261326	21	13	8
ENSG00000284726	1	0	1
ENSG00000125945	81	40	43
ENSG00000201405	0	0	0
ENSG00000271420	63	30	33
ENSG00000204219	5082	2506	2576
ENSG00000232482	1	1	0
ENSG00000285779	0	0	0
ENSG00000162885	296	293	288
ENSG00000270780	0	0	0
ENSG00000232895	0	0	0
ENSG00000273698	0	0	0
ENSG00000273112	0	0	0
ENSG00000173110	486	212	274
ENSG00000224203	0	0	0
ENSG00000224515	0	0	0
ENSG00000225217	51	23	28
ENSG00000231586	0	0	0
ENSG00000234211	0	0	3
ENSG00000213075	0	0	0
ENSG00000143125	0	0	0
ENSG00000270380	0	0	0
ENSG00000282887	0	0	0
ENSG00000283999	0	0	0
ENSG00000240194	0	0	0
ENSG00000235407	0	0	0
ENSG00000143105	0	0	0
ENSG00000199710	0	0	0
ENSG00000237415	0	0	0
ENSG00000232791	0	0	0
ENSG00000177301	17	4	13
ENSG00000226828	0	0	0
ENSG00000279774	0	0	0
ENSG00000229960	0	0	0
ENSG00000286486	13	6	7
ENSG00000244066	0	0	0
ENSG00000237759	0	0	0
ENSG00000287531	0	0	0
ENSG00000225855	123	1635	1264
ENSG00000283701	0	0	0
ENSG00000207134	0	0	0
ENSG00000227773	0	0	0
ENSG00000207144	0	0	0
ENSG00000237872	0	0	0
ENSG00000271267	0	0	0
ENSG00000225082	0	0	0
ENSG00000223503	0	0	0
ENSG00000232519	1	1	0
ENSG00000160752	1011	1810	1970
ENSG00000121957	50	292	225
ENSG00000235089	0	0	0
ENSG00000285179	0	0	0
ENSG00000223026	0	0	0
ENSG00000225721	6	10	1406
ENSG00000188396	43	118	26
ENSG00000202167	0	0	0
ENSG00000207349	0	0	0
ENSG00000252826	0	0	0
ENSG00000206737	0	0	0
ENSG00000223779	0	0	0
ENSG00000242352	0	0	0
ENSG00000270962	0	0	0
ENSG00000263590	0	0	0
ENSG00000252105	0	0	0
ENSG00000233430	0	0	0
ENSG00000237503	0	0	0
ENSG00000265531	2	1	1
ENSG00000234571	0	0	0
ENSG00000230186	0	0	0
ENSG00000268074	0	0	0
ENSG00000270872	0	0	0
ENSG00000276674	0	0	0
ENSG00000082482	4	0	4
ENSG00000116747	65	63	67
ENSG00000118729	16	11	5
ENSG00000134207	1	1	0
ENSG00000163467	3	0	3
ENSG00000243710	5	5	1
ENSG00000117395	1690	826	866
ENSG00000116874	254	102	157
ENSG00000065600	77	40	37
ENSG00000009780	174	85	89
ENSG00000023572	398	197	266
ENSG00000077254	348	151	197
ENSG00000134644	525	245	280
ENSG00000215788	475	392	321
ENSG00000117834	63	28	37
ENSG00000117625	276	142	134
ENSG00000179902	1	1	0
ENSG00000020633	453	238	215
ENSG00000121766	413	204	236
ENSG00000143157	457	227	231
ENSG00000162614	69	44	25
ENSG00000160781	122	58	64
ENSG00000143344	149	81	68
ENSG00000162613	639	313	326
ENSG00000116882	0	0	0
ENSG00000198758	6713	3188	3525
ENSG00000117569	80	43	37
ENSG00000142856	171	108	91
ENSG00000158022	7	2	5
ENSG00000116396	129	56	73
ENSG00000058668	417	214	203
ENSG00000163875	327	177	150
ENSG00000282872	0	0	0
ENSG00000131238	1013	499	514
ENSG00000171680	145	68	77
ENSG00000244457	0	0	0
ENSG00000116977	289	358	370
ENSG00000229372	0	19	32
ENSG00000274975	0	0	0
ENSG00000229348	1	1	0
ENSG00000242485	2180	1419	1473
ENSG00000264293	0	0	0
ENSG00000272455	26	9	17
ENSG00000225905	0	1	0
ENSG00000225285	24	15	9
ENSG00000179403	1081	584	497
ENSG00000215915	38	12	26
ENSG00000236085	0	0	0
ENSG00000234441	0	0	0
ENSG00000227408	0	0	0
ENSG00000223635	0	0	0
ENSG00000135776	121	52	69
ENSG00000199672	0	0	0
ENSG00000201492	2	2	0
ENSG00000229367	0	0	0
ENSG00000135763	152	80	72
ENSG00000213028	3	0	3
ENSG00000225984	0	0	0
ENSG00000178828	529	449	389
ENSG00000235434	12	130	191
ENSG00000169914	174	82	92
ENSG00000188784	0	0	0
ENSG00000242688	0	0	0
ENSG00000177186	0	0	0
ENSG00000177174	0	0	0
ENSG00000269956	0	8	10
ENSG00000162456	0	0	0
ENSG00000079277	411	180	249
ENSG00000117407	15	8	7
ENSG00000237950	18	5	13
ENSG00000117408	477	195	282
ENSG00000285649	5	7	5
ENSG00000117410	3086	1606	1481
ENSG00000159214	237	138	136
ENSG00000196517	604	349	292
ENSG00000227163	0	0	0
ENSG00000271647	0	0	0
ENSG00000239560	0	0	0
ENSG00000196539	0	0	0
ENSG00000229255	0	0	0
ENSG00000203661	0	0	0
ENSG00000271934	0	0	0
ENSG00000224521	0	0	0
ENSG00000227102	0	0	0
ENSG00000183310	0	0	0
ENSG00000201602	0	0	0
ENSG00000271701	0	0	0
ENSG00000189181	0	0	0
ENSG00000187238	0	0	0
ENSG00000185962	0	0	0
ENSG00000226947	0	0	0
ENSG00000285753	0	0	0
ENSG00000187223	0	0	0
ENSG00000159455	0	0	0
ENSG00000187173	0	0	0
ENSG00000204501	0	0	0
ENSG00000228229	0	0	0
ENSG00000204481	0	0	0
ENSG00000204479	0	0	0
ENSG00000172031	6	4	2
ENSG00000233228	0	0	0
ENSG00000224678	0	0	0
ENSG00000233401	0	0	0
ENSG00000273487	3	2	1
ENSG00000226773	0	0	0
ENSG00000274481	0	0	0
ENSG00000228594	151	73	78
ENSG00000286989	3	2	1
ENSG00000272106	158	82	92
ENSG00000189409	10	6	4
ENSG00000272004	0	0	0
ENSG00000189339	197	84	113
ENSG00000269737	11	6	5
ENSG00000215914	1	0	1
ENSG00000008128	149	92	57
ENSG00000268575	35	31	41
ENSG00000227775	94	69	64
ENSG00000008130	859	453	406
ENSG00000078369	3883	1845	2038
ENSG00000178821	87	42	45
ENSG00000158477	2	2	0
ENSG00000230942	0	0	0
ENSG00000158481	61	30	31
ENSG00000158485	5	3	2
ENSG00000158488	4	2	2
ENSG00000186306	0	0	0
ENSG00000203758	0	0	0
ENSG00000236257	1	1	0
ENSG00000236656	0	0	0
ENSG00000198703	0	0	0
ENSG00000227445	0	0	0
ENSG00000231434	0	0	0
ENSG00000117505	574	268	308
ENSG00000229635	0	0	0
ENSG00000207379	0	0	0
ENSG00000212601	0	0	0
ENSG00000162889	2233	1054	1180
ENSG00000224114	467	201	266
ENSG00000199349	1	0	1
ENSG00000162892	17	74	72
ENSG00000162894	354	257	226
ENSG00000271680	0	0	0
ENSG00000226945	4	1	3
ENSG00000162896	225806	112123	113686
ENSG00000162897	23	9	14
ENSG00000182795	515	286	229
ENSG00000198890	130	65	65
ENSG00000224550	1	0	1
ENSG00000142669	5126	4411	4368
ENSG00000169442	766	585	470
ENSG00000225854	0	0	0
ENSG00000176083	16	14	2
ENSG00000229167	29	17	14
ENSG00000142910	2571	1313	1260
ENSG00000162517	1335	730	660
ENSG00000235790	4	12	30
ENSG00000264078	1	0	1
ENSG00000241745	0	0	0
ENSG00000228407	8	5	3
ENSG00000223429	0	0	0
ENSG00000224255	0	0	0
ENSG00000236004	0	0	0
ENSG00000237663	0	0	0
ENSG00000213735	3	0	3
ENSG00000272100	2	40	22
ENSG00000287078	1	0	1
ENSG00000224680	3	2	1
ENSG00000085840	156	81	75
ENSG00000283445	2	1	1
ENSG00000272226	0	0	0
ENSG00000231740	0	0	0
ENSG00000143751	77	32	45
ENSG00000272562	4	0	5
ENSG00000163041	223	146	78
ENSG00000225518	4	0	4
ENSG00000270598	0	0	0
ENSG00000182827	394	211	187
ENSG00000234478	1	3	2
ENSG00000223570	0	0	0
ENSG00000185155	10	5	5
ENSG00000236773	1	0	1
ENSG00000143753	361	191	170
ENSG00000201898	0	0	0
ENSG00000237101	17	112	89
ENSG00000143748	166	177	173
ENSG00000221406	0	0	0
ENSG00000229742	0	0	0
ENSG00000206887	0	0	0
ENSG00000143771	665	362	303
ENSG00000266618	0	0	0
ENSG00000229991	0	0	0
ENSG00000233384	0	0	0
ENSG00000234247	0	0	0
ENSG00000183682	62	62	77
ENSG00000237624	2	0	2
ENSG00000228060	3	41	28
ENSG00000201457	0	0	0
ENSG00000163909	107	53	54
ENSG00000225903	2	1	1
ENSG00000116983	3	3	0
ENSG00000225333	0	0	0
ENSG00000252413	0	0	0
ENSG00000090621	1807	875	998
ENSG00000236994	0	0	0
