N_unmapped	350620	350620	350620
N_multimapping	3155682	3155682	3155682
N_noFeature	6158507	22265550	21828674
N_ambiguous	2880675	726051	688803
ENSG00000160072	1802	909	893
ENSG00000234396	0	4	3
ENSG00000225972	38	10	28
ENSG00000224315	4	1	3
ENSG00000198744	24988	24549	439
ENSG00000279928	10	3	7
ENSG00000228037	41	25	16
ENSG00000142611	884	438	450
ENSG00000225630	8586	4597	3989
ENSG00000284616	0	0	0
ENSG00000157911	450	955	935
ENSG00000269896	94	52	42
ENSG00000237973	1943	931	1086
ENSG00000228463	4	2	2
ENSG00000260972	0	0	0
ENSG00000157933	2687	1361	1326
ENSG00000224340	2	1	1
ENSG00000226545	0	0	0
ENSG00000268663	0	0	0
ENSG00000226374	2	5	5
ENSG00000229280	0	0	0
ENSG00000142655	610	313	395
ENSG00000232596	0	0	0
ENSG00000235054	0	0	0
ENSG00000232663	0	0	0
ENSG00000240409	0	0	0
ENSG00000229344	66	57	21
ENSG00000231510	0	0	0
ENSG00000149527	818	420	398
ENSG00000284739	0	0	0
ENSG00000171621	1770	928	842
ENSG00000272235	79	34	45
ENSG00000284694	0	0	0
ENSG00000230021	9	19	40
ENSG00000287356	64	33	49
ENSG00000224387	4	0	4
ENSG00000285629	0	0	0
ENSG00000173673	0	0	0
ENSG00000142583	618	299	319
ENSG00000284674	0	0	0
ENSG00000272161	0	0	0
ENSG00000237094	23	15	9
ENSG00000224338	0	0	0
ENSG00000074800	13305	6643	6667
ENSG00000116786	2273	1223	1270
ENSG00000287727	6	2	4
ENSG00000228423	0	0	0
ENSG00000286448	0	0	0
ENSG00000131686	0	0	0
ENSG00000229305	1	1	0
ENSG00000284703	0	0	0
ENSG00000226457	1	0	1
ENSG00000173614	311	157	154
ENSG00000248527	34494	17225	17270
ENSG00000215720	4	1	3
ENSG00000241326	0	0	0
ENSG00000233623	5	1	4
ENSG00000162592	11	41	37
ENSG00000116254	187	104	83
ENSG00000233645	0	0	0
ENSG00000204624	55	35	32
ENSG00000142606	47	218	217
ENSG00000235146	0	0	0
ENSG00000225931	27	15	12
ENSG00000171729	654	358	318
ENSG00000279457	146	64	82
ENSG00000162571	39	21	23
ENSG00000229393	0	0	0
ENSG00000037637	1129	585	544
ENSG00000287586	1	0	1
ENSG00000159423	319	154	165
ENSG00000142599	5688	2600	3088
ENSG00000227169	0	0	0
ENSG00000283356	0	0	0
ENSG00000011021	1400	722	705
ENSG00000142615	1	1	0
ENSG00000215704	7	6	8
ENSG00000157916	2465	1982	1923
ENSG00000157881	847	446	401
ENSG00000238290	11	10	1
ENSG00000225387	0	0	0
ENSG00000048707	2489	1267	1222
ENSG00000158748	14	6	8
ENSG00000225196	0	0	0
ENSG00000162444	257	105	152
ENSG00000279625	0	0	0
ENSG00000180758	295	163	132
ENSG00000184677	2223	1101	1122
ENSG00000230679	3	5	3
ENSG00000270136	2	1	1
ENSG00000288398	86	44	42
ENSG00000224621	4	4	0
ENSG00000285833	0	11	1
ENSG00000131697	549	281	275
ENSG00000284692	0	0	0
ENSG00000284745	14	9	5
ENSG00000280222	4	4	0
ENSG00000227634	3	2	1
ENSG00000285945	0	0	0
ENSG00000229162	11	4	7
ENSG00000197921	8	7	3
ENSG00000233755	0	0	0
ENSG00000233929	8	2	6
ENSG00000271742	3	0	3
ENSG00000226396	86	33	53
ENSG00000169504	7882	3833	4049
ENSG00000234166	0	61	38
ENSG00000235282	0	0	0
ENSG00000055070	2369	1555	1629
ENSG00000175087	474	243	231
ENSG00000157191	1816	845	978
ENSG00000284699	0	0	0
ENSG00000230035	0	0	0
ENSG00000235185	2	1	1
ENSG00000225643	18	8	10
ENSG00000284666	0	0	0
ENSG00000228943	0	0	0
ENSG00000234397	0	0	0
ENSG00000284309	4	0	4
ENSG00000162511	2194	1855	1851
ENSG00000158014	25	10	15
ENSG00000204138	1851	949	903
ENSG00000233419	0	0	0
ENSG00000235263	0	0	0
ENSG00000228176	0	0	0
ENSG00000231251	0	0	0
ENSG00000142675	659	326	333
ENSG00000197245	298	162	136
ENSG00000261025	0	0	0
ENSG00000116237	2057	1119	1063
ENSG00000130772	332	176	156
ENSG00000215899	0	0	0
ENSG00000271398	9	4	5
ENSG00000225011	0	0	0
ENSG00000235069	0	0	0
ENSG00000284676	0	0	0
ENSG00000237058	0	0	0
ENSG00000233399	28	11	17
ENSG00000090020	1462	765	697
ENSG00000157978	1136	600	536
ENSG00000226944	21	7	21
ENSG00000270282	3	2	1
ENSG00000130770	1875	1593	1771
ENSG00000229044	0	125	86
ENSG00000162512	2448	1202	1246
ENSG00000158006	591	288	303
ENSG00000214812	3	0	3
ENSG00000126698	2253	1182	1071
ENSG00000229447	33	22	11
ENSG00000229607	2	1	1
ENSG00000130766	484	233	251
ENSG00000168528	869	437	432
ENSG00000196581	70	32	38
ENSG00000169403	334	176	158
ENSG00000084628	32	18	14
ENSG00000060688	857	416	441
ENSG00000171612	291	147	144
ENSG00000270927	0	0	0
ENSG00000188910	14	4	10
ENSG00000230523	0	0	0
ENSG00000116138	819	460	454
ENSG00000158161	906	452	454
ENSG00000142684	0	178	184
ENSG00000234619	1	0	1
ENSG00000121769	271	118	153
ENSG00000142627	724	352	372
ENSG00000284668	0	0	0
ENSG00000233234	0	0	0
ENSG00000142632	643	354	388
ENSG00000234593	8	4	4
ENSG00000158292	493	272	221
ENSG00000270605	137	62	77
ENSG00000189337	644	537	620
ENSG00000232912	46	19	27
ENSG00000235084	10	5	5
ENSG00000235143	1	0	1
ENSG00000225478	0	0	0
ENSG00000225077	10	33	44
ENSG00000028137	1687	824	863
ENSG00000238249	1	0	1
ENSG00000204464	6	0	6
ENSG00000233372	0	0	0
ENSG00000283259	0	0	0
ENSG00000284543	27	18	9
ENSG00000130939	1929	951	978
ENSG00000175147	261	432	364
ENSG00000127472	226	98	128
ENSG00000060656	554	269	285
ENSG00000163867	625	277	348
ENSG00000232768	0	0	0
ENSG00000230214	0	0	0
ENSG00000189280	2	2	0
ENSG00000134698	1417	724	693
ENSG00000134690	346	175	171
ENSG00000272420	32	19	13
ENSG00000132881	90	47	43
ENSG00000273274	11	5	6
ENSG00000116251	4528	2295	2285
ENSG00000272510	7	4	16
ENSG00000158286	906	542	490
ENSG00000236648	0	0	0
ENSG00000232273	4	4	0
ENSG00000009709	0	0	0
ENSG00000287396	0	0	0
ENSG00000223589	0	0	0
ENSG00000158008	24	13	11
ENSG00000130940	878	737	759
ENSG00000116771	674	362	394
ENSG00000237301	12	5	7
ENSG00000162585	1248	887	816
ENSG00000163879	374	223	159
ENSG00000227527	13	3	10
ENSG00000116954	597	306	291
ENSG00000228589	37	36	1
ENSG00000163873	1024	453	571
ENSG00000117215	81	39	42
ENSG00000196449	358	206	202
ENSG00000230163	0	46	31
ENSG00000227538	0	0	0
ENSG00000232208	0	0	0
ENSG00000236500	2	0	2
ENSG00000044012	23	17	6
ENSG00000179051	2548	1574	1503
ENSG00000215895	1	1	0
ENSG00000231868	0	1	0
ENSG00000284650	11	9	2
ENSG00000237329	4	0	4
ENSG00000236948	0	0	0
ENSG00000126067	1965	972	993
ENSG00000274944	1	1	0
ENSG00000132906	563	265	305
ENSG00000197312	1129	557	573
ENSG00000284748	0	0	0
ENSG00000272078	122	385	355
ENSG00000173660	3297	1565	1732
ENSG00000224592	5	2	3
ENSG00000233728	0	26	55
ENSG00000230451	0	0	0
ENSG00000231606	7	2	5
ENSG00000215900	0	0	0
ENSG00000284632	2	0	2
ENSG00000241014	8	1	7
ENSG00000054118	3437	1675	1762
ENSG00000254553	0	0	0
ENSG00000284653	0	0	0
ENSG00000237749	1	0	1
ENSG00000276747	0	0	0
ENSG00000284705	0	0	0
ENSG00000228776	0	0	0
ENSG00000159339	15	8	7
ENSG00000223814	0	0	0
ENSG00000197982	668	306	412
ENSG00000261781	0	0	0
ENSG00000183317	366	187	179
ENSG00000183386	505	246	259
ENSG00000284743	0	0	0
ENSG00000158315	22	21	9
ENSG00000204084	1073	638	641
ENSG00000186973	6	3	3
ENSG00000271806	13	48	46
ENSG00000146463	1835	1035	915
ENSG00000279214	9	7	2
ENSG00000183520	776	407	369
ENSG00000271741	0	0	0
ENSG00000214141	0	0	0
ENSG00000142686	503	280	223
ENSG00000224751	5	4	1
ENSG00000279096	1	1	0
ENSG00000117148	0	0	0
ENSG00000230585	10	9	1
ENSG00000117000	1502	749	753
ENSG00000284989	0	0	0
ENSG00000231630	0	0	0
ENSG00000092853	111	75	51
ENSG00000255811	0	0	0
ENSG00000134697	1426	691	743
ENSG00000187513	842	416	426
ENSG00000238145	0	0	0
ENSG00000225142	0	0	0
ENSG00000230138	4	3	1
ENSG00000223390	14	42	40
ENSG00000285823	0	0	0
ENSG00000284720	0	0	0
ENSG00000225028	6	1	5
ENSG00000225671	0	0	0
ENSG00000116151	273	151	140
ENSG00000226147	2	0	2
ENSG00000182873	170	74	103
ENSG00000006555	378	185	193
ENSG00000236111	0	0	0
ENSG00000066056	3292	1651	1641
ENSG00000214114	393	197	196
ENSG00000173436	551	205	378
ENSG00000116544	46	22	24
ENSG00000231900	0	0	0
ENSG00000236723	8	201	204
ENSG00000232467	0	0	0
ENSG00000117016	401	200	201
ENSG00000121310	5529	2801	2728
ENSG00000169213	934	463	471
ENSG00000163866	769	437	409
ENSG00000225779	2	0	2
ENSG00000284601	0	0	0
ENSG00000237130	0	0	0
ENSG00000143001	17	23	18
ENSG00000229716	0	0	0
ENSG00000226133	7	5	2
ENSG00000227416	0	0	0
ENSG00000232335	0	5	10
ENSG00000260971	7	5	2
ENSG00000259832	0	0	0
ENSG00000284696	0	0	0
ENSG00000238242	0	0	0
ENSG00000285839	0	0	0
ENSG00000237290	0	0	0
ENSG00000232762	0	0	0
ENSG00000117419	938	435	503
ENSG00000162384	1736	902	886
ENSG00000162391	37	137	127
ENSG00000174348	3003	1880	1884
ENSG00000154198	5	2	3
ENSG00000117859	2479	1268	1225
ENSG00000228121	0	0	0
ENSG00000253313	181	91	90
ENSG00000162396	91	41	50
ENSG00000203995	8	6	2
ENSG00000227742	32	23	10
ENSG00000284686	4	2	2
ENSG00000162378	1194	605	589
ENSG00000233079	0	0	0
ENSG00000259818	9	5	4
ENSG00000229444	1	1	0
ENSG00000240563	41	22	19
ENSG00000234318	0	0	0
ENSG00000284773	34	18	16
ENSG00000234481	0	0	0
ENSG00000117862	129	93	36
ENSG00000235612	0	0	0
ENSG00000228369	10	5	5
ENSG00000183431	1803	828	975
ENSG00000227485	0	0	0
ENSG00000224609	116	60	73
ENSG00000235545	15	9	6
ENSG00000236646	1	1	0
ENSG00000169174	119	63	56
ENSG00000232198	0	0	0
ENSG00000238063	9	7	2
ENSG00000227104	0	0	0
ENSG00000243725	46	28	18
ENSG00000171872	9	5	4
ENSG00000162407	3646	1812	1834
ENSG00000285079	2	2	0
ENSG00000169218	188	90	98
ENSG00000163877	631	307	324
ENSG00000228929	6	2	4
ENSG00000224570	0	0	0
ENSG00000224980	0	0	0
ENSG00000278967	14	5	9
ENSG00000157184	358	399	408
ENSG00000272491	19	29	45
ENSG00000198815	2380	1180	1200
ENSG00000134744	1812	855	957
ENSG00000233910	0	0	0
ENSG00000287703	0	0	0
ENSG00000283039	0	0	0
ENSG00000229032	0	0	0
ENSG00000229294	0	0	0
ENSG00000232993	0	446	259
ENSG00000234088	0	0	0
ENSG00000236973	1	1	0
ENSG00000227947	0	0	0
ENSG00000277397	1	0	1
ENSG00000271200	12	2	14
ENSG00000235446	0	0	0
ENSG00000261196	0	0	0
ENSG00000162385	724	352	372
ENSG00000231413	2	2	0
ENSG00000234264	1	0	1
ENSG00000242391	0	0	0
ENSG00000223883	0	0	0
ENSG00000284808	0	0	0
ENSG00000242267	20	8	12
ENSG00000237227	0	0	0
ENSG00000275350	0	0	0
ENSG00000116652	37	26	20
ENSG00000123080	519	248	308
ENSG00000285778	0	0	0
ENSG00000077549	7790	3924	3898
ENSG00000233407	0	0	0
ENSG00000225675	6	4	2
ENSG00000237622	0	0	0
ENSG00000162598	4	3	1
ENSG00000280317	0	0	0
ENSG00000162415	486	236	262
ENSG00000162600	395	176	219
ENSG00000116704	561	284	277
ENSG00000227644	0	19	34
ENSG00000157193	155	123	71
ENSG00000116205	465	232	259
ENSG00000198841	108	50	58
ENSG00000116212	388	188	200
ENSG00000234204	0	0	0
ENSG00000233099	0	0	0
ENSG00000233994	1	0	1
ENSG00000237180	0	0	0
ENSG00000213561	15	9	6
ENSG00000233973	0	0	0
ENSG00000237552	0	0	0
ENSG00000132854	118	77	41
ENSG00000227556	0	0	0
ENSG00000162616	2386	1218	1168
ENSG00000162607	1449	685	764
ENSG00000233602	10	8	2
ENSG00000233271	0	12	12
ENSG00000285954	2	2	1
ENSG00000233333	6	2	4
ENSG00000154027	187	81	106
ENSG00000234108	0	0	0
ENSG00000232676	0	0	0
ENSG00000225167	0	0	0
ENSG00000132122	478	220	258
ENSG00000213579	1	0	1
ENSG00000137960	1057	514	543
ENSG00000237852	1	0	1
ENSG00000116745	11	4	7
ENSG00000132855	10	6	4
ENSG00000285407	0	0	0
ENSG00000272855	2	1	1
ENSG00000270549	0	0	0
ENSG00000237163	3	3	0
ENSG00000229636	0	0	0
ENSG00000116675	290	143	147
ENSG00000162433	295	142	153
ENSG00000213625	3963	1881	2082
ENSG00000227207	0	0	0
ENSG00000227016	0	0	0
ENSG00000233664	0	0	0
ENSG00000158966	702	341	361
ENSG00000213703	6	0	6
ENSG00000203965	253	125	129
ENSG00000223479	0	0	0
ENSG00000233674	1	0	1
ENSG00000153898	235	144	91
ENSG00000117069	418	217	201
ENSG00000125703	311	126	185
ENSG00000285041	0	0	0
ENSG00000285808	0	0	0
ENSG00000229440	0	0	0
ENSG00000234144	0	0	0
ENSG00000213540	2	1	1
ENSG00000277670	0	0	0
ENSG00000227466	0	0	0
ENSG00000154007	0	0	0
ENSG00000230498	3	0	3
ENSG00000285782	0	0	0
ENSG00000162618	1288	656	632
ENSG00000224493	0	0	0
ENSG00000131233	2	2	0
ENSG00000272371	2	0	2
ENSG00000287647	1	1	0
ENSG00000229225	0	0	0
ENSG00000230863	2	2	0
ENSG00000213560	3	1	2
ENSG00000287224	2	2	0
ENSG00000225598	0	0	0
ENSG00000286455	0	0	0
ENSG00000225087	0	0	0
ENSG00000224986	3	1	2
ENSG00000280378	45	27	18
ENSG00000188786	543	270	273
ENSG00000230053	0	0	0
ENSG00000137941	1106	522	584
ENSG00000273338	25	19	6
ENSG00000223720	6	5	1
ENSG00000224326	0	0	0
ENSG00000286548	21	14	7
ENSG00000066135	376	353	299
ENSG00000230027	3	3	0
ENSG00000233061	2	1	1
ENSG00000272094	2	0	2
ENSG00000228853	0	0	0
ENSG00000215874	0	0	0
ENSG00000232453	64	25	39
ENSG00000260386	2	1	1
ENSG00000284895	0	0	0
ENSG00000117174	680	327	353
ENSG00000237413	15	4	11
ENSG00000184313	102	48	54
ENSG00000284645	0	0	0
ENSG00000225605	0	0	0
ENSG00000225446	4	2	2
ENSG00000288543	19	6	13
ENSG00000122420	373	194	179
ENSG00000284240	1	0	1
ENSG00000236290	0	0	0
ENSG00000143013	1417	687	730
ENSG00000226084	7	3	4
ENSG00000134748	1688	838	850
ENSG00000142892	878	436	442
ENSG00000219102	0	0	0
ENSG00000184005	343	165	178
ENSG00000230953	54	23	31
ENSG00000287743	2	0	2
ENSG00000229332	0	0	0
ENSG00000227937	0	0	0
ENSG00000229752	0	0	0
ENSG00000237505	12	9	3
ENSG00000285462	0	0	0
ENSG00000233216	0	0	0
ENSG00000197273	165	80	85
ENSG00000226804	0	0	0
ENSG00000285325	0	0	0
ENSG00000230728	0	0	0
ENSG00000162402	2613	1314	1299
ENSG00000232846	1	1	0
ENSG00000219201	2	1	1
ENSG00000230787	3	3	0
ENSG00000116641	1413	723	690
ENSG00000235927	40	50	88
ENSG00000223920	0	0	0
ENSG00000237453	2	2	0
ENSG00000172260	1450	730	732
ENSG00000285473	0	0	0
ENSG00000237959	0	0	0
ENSG00000231364	0	0	0
ENSG00000234578	0	0	0
ENSG00000117480	1750	843	907
ENSG00000137944	740	341	399
ENSG00000229505	0	0	0
ENSG00000228187	0	0	0
ENSG00000285201	0	0	0
ENSG00000182183	57	21	36
ENSG00000236407	0	0	0
ENSG00000271949	0	0	0
ENSG00000227062	0	0	0
ENSG00000067334	1686	815	871
ENSG00000235011	0	0	0
ENSG00000235673	0	0	0
ENSG00000226938	0	1	0
ENSG00000213559	0	0	0
ENSG00000287587	3	3	0
ENSG00000142949	5683	2875	2808
ENSG00000116133	1289	723	724
ENSG00000232882	2	2	0
ENSG00000171502	222	122	100
ENSG00000162399	1	1	0
ENSG00000116157	205	109	96
ENSG00000143036	751	396	355
ENSG00000232672	0	0	0
ENSG00000230817	0	0	0
ENSG00000235613	8	5	3
ENSG00000065243	1667	819	848
ENSG00000226759	0	0	0
ENSG00000226960	0	0	0
ENSG00000234080	0	0	0
ENSG00000237899	11	0	11
ENSG00000225492	99	54	45
ENSG00000223905	0	0	0
ENSG00000227290	5	3	2
ENSG00000229486	0	0	0
ENSG00000282898	0	0	0
ENSG00000285409	0	0	0
ENSG00000231090	2	1	1
ENSG00000117528	1256	623	633
ENSG00000271723	4	1	3
ENSG00000172339	316	158	158
ENSG00000036549	1237	573	664
ENSG00000287724	0	33	29
ENSG00000058799	470	274	196
ENSG00000225191	0	0	0
ENSG00000287870	1	1	0
ENSG00000235563	7	9	4
ENSG00000232048	0	0	0
ENSG00000232857	3	2	1
ENSG00000273637	0	0	0
ENSG00000203985	2	2	0
ENSG00000228838	0	2	3
ENSG00000283761	41	23	18
ENSG00000189433	0	0	0
ENSG00000230759	0	0	0
ENSG00000231866	0	0	0
ENSG00000179178	300	141	165
ENSG00000142700	1	0	1
ENSG00000285525	3	0	3
ENSG00000236098	0	0	0
ENSG00000233514	2	2	0
ENSG00000127124	243	124	119
ENSG00000266993	43	30	41
ENSG00000223675	1	1	0
ENSG00000162604	747	358	389
ENSG00000229316	0	0	0
ENSG00000116171	3965	1968	2008
ENSG00000287406	2	0	2
ENSG00000225767	10	6	4
ENSG00000234099	0	0	0
ENSG00000137936	618	323	345
ENSG00000235308	3	0	3
ENSG00000232752	0	0	0
ENSG00000235829	3	1	2
ENSG00000143032	0	0	0
ENSG00000226745	1	1	0
ENSG00000178028	2279	1096	1183
ENSG00000280040	9	7	2
ENSG00000168710	3680	1820	1860
ENSG00000117519	6531	3227	3304
ENSG00000270507	0	0	0
ENSG00000238037	0	0	0
ENSG00000215869	1	0	1
ENSG00000134215	408	213	195
ENSG00000227935	2	0	2
ENSG00000229887	0	0	0
ENSG00000228502	18	9	9
ENSG00000236268	0	0	0
ENSG00000271277	0	0	0
ENSG00000236888	0	0	0
ENSG00000279778	17	11	6
ENSG00000232015	1	0	1
ENSG00000230955	0	127	79
ENSG00000230828	0	0	0
ENSG00000188641	1318	636	742
ENSG00000152078	379	187	192
ENSG00000237279	0	0	0
ENSG00000233359	0	0	0
ENSG00000237954	0	0	0
ENSG00000185668	33	20	13
ENSG00000171492	539	251	288
ENSG00000233129	0	0	0
ENSG00000170989	3081	1519	1562
ENSG00000258634	214	176	174
ENSG00000233557	0	0	0
ENSG00000237897	0	0	0
ENSG00000116299	7666	3800	3868
ENSG00000137962	2131	1005	1126
ENSG00000227832	0	0	0
ENSG00000286692	0	0	0
ENSG00000260464	29	13	21
ENSG00000237435	0	0	0
ENSG00000231996	0	0	0
ENSG00000273204	6	11	25
ENSG00000079739	1455	805	801
ENSG00000117154	9	4	5
ENSG00000162377	582	294	288
ENSG00000224613	3	1	2
ENSG00000215871	1	0	1
ENSG00000287372	0	0	0
ENSG00000232542	2	1	1
ENSG00000231095	0	0	0
ENSG00000116774	2838	1369	1469
ENSG00000287756	10	5	5
ENSG00000269113	426	215	211
ENSG00000284652	4	2	2
ENSG00000023909	457	217	240
ENSG00000069702	3631	1782	1849
ENSG00000232185	0	0	0
ENSG00000230489	1	0	1
ENSG00000228399	5	4	1
ENSG00000236776	10	5	5
ENSG00000285928	73	32	41
ENSG00000224685	1	1	0
ENSG00000287076	1	0	1
ENSG00000237480	2	2	0
ENSG00000271252	0	0	0
ENSG00000230427	2	2	0
ENSG00000235794	0	0	0
ENSG00000286758	13	9	4
ENSG00000237337	0	0	0
ENSG00000233983	0	0	0
ENSG00000198198	2401	2368	2355
ENSG00000225183	4	1	3
ENSG00000230402	0	0	0
ENSG00000116793	464	231	233
ENSG00000134201	834	382	452
ENSG00000238122	0	0	0
ENSG00000260879	0	42	31
ENSG00000213366	3457	1793	1664
ENSG00000230864	0	0	0
ENSG00000283354	0	0	0
ENSG00000232918	1	1	0
ENSG00000236360	7	5	13
ENSG00000183298	0	1	0
ENSG00000234332	2	1	1
ENSG00000117525	1988	1002	986
ENSG00000225079	15	5	10
ENSG00000226483	0	0	0
ENSG00000224238	20	9	11
ENSG00000229537	0	0	0
ENSG00000162699	1	1	0
ENSG00000162692	1693	821	872
ENSG00000203914	3	2	1
ENSG00000270457	13	1	12
ENSG00000203858	0	0	0
ENSG00000231987	0	0	0
ENSG00000228057	7	3	4
ENSG00000261593	1	1	0
ENSG00000224445	0	0	0
ENSG00000229842	0	0	0
ENSG00000270631	0	0	0
ENSG00000229201	0	0	0
ENSG00000181656	50	24	26
ENSG00000122481	129	83	46
ENSG00000198162	1555	759	796
ENSG00000238198	39	9	30
ENSG00000171517	1	0	1
ENSG00000228852	14	4	10
ENSG00000203864	0	0	0
ENSG00000233482	0	0	0
ENSG00000230250	0	0	0
ENSG00000232878	2	36	26
ENSG00000143079	1478	750	728
ENSG00000232450	13	1	12
ENSG00000223575	2	1	1
ENSG00000230768	0	0	0
ENSG00000235202	0	0	0
ENSG00000272715	4	0	4
ENSG00000235038	0	0	0
ENSG00000143093	1403	663	740
ENSG00000226415	12	3	9
ENSG00000085491	902	544	454
ENSG00000173947	76	45	31
ENSG00000241361	0	0	0
ENSG00000230434	0	0	0
ENSG00000230718	0	0	0
ENSG00000134198	1168	576	592
ENSG00000235595	0	0	0
ENSG00000226053	1	1	0
ENSG00000226128	1	0	1
ENSG00000198799	1225	692	670
ENSG00000279513	5	2	3
ENSG00000117620	1472	736	763
ENSG00000280186	5	2	3
ENSG00000223906	1	1	0
ENSG00000162688	1036	468	568
ENSG00000197106	56	30	37
ENSG00000259946	1	0	1
ENSG00000236137	17	12	34
ENSG00000203859	3	2	1
ENSG00000228086	4	26	30
ENSG00000213421	0	0	0
ENSG00000234020	0	0	0
ENSG00000060718	60	22	38
ENSG00000236804	1	0	1
ENSG00000231072	0	0	0
ENSG00000273406	0	0	0
ENSG00000185946	1096	570	526
ENSG00000162627	701	356	345
ENSG00000226715	0	0	1
ENSG00000162695	942	469	473
ENSG00000134184	2	2	13
ENSG00000265808	1143	579	564
ENSG00000261290	0	0	0
ENSG00000225923	0	0	0
ENSG00000134247	2741	1327	1414
ENSG00000187481	1	1	0
ENSG00000116752	989	501	488
ENSG00000162664	1289	669	620
ENSG00000236866	0	0	0
ENSG00000134253	523	254	269
ENSG00000277655	0	0	0
ENSG00000223416	2	1	1
ENSG00000213226	0	0	0
ENSG00000179571	5	2	3
ENSG00000227850	2	1	1
ENSG00000243967	0	0	0
ENSG00000235777	0	0	0
ENSG00000260246	0	11	2
ENSG00000173218	602	293	309
ENSG00000285532	1	2	0
ENSG00000226755	0	0	0
ENSG00000232650	1	0	1
ENSG00000183508	2107	1049	1058
ENSG00000277095	0	0	0
ENSG00000236806	9	4	5
ENSG00000234283	0	0	0
ENSG00000237188	8	4	4
ENSG00000232780	0	0	0
ENSG00000274927	0	0	0
ENSG00000264145	0	0	0
ENSG00000238256	0	0	0
ENSG00000198765	0	0	0
ENSG00000224335	0	0	0
ENSG00000277702	19	13	6
ENSG00000143398	1508	714	794
ENSG00000196505	443	229	214
ENSG00000225871	21	9	28
ENSG00000223489	0	0	0
ENSG00000230546	0	0	0
ENSG00000213262	13	11	2
ENSG00000287015	0	0	0
ENSG00000241720	7	117	62
ENSG00000235526	0	0	0
ENSG00000228347	0	0	0
ENSG00000276975	54	26	28
ENSG00000236012	0	0	0
ENSG00000270911	5	2	3
ENSG00000272824	2	2	0
ENSG00000134200	1	1	0
ENSG00000234257	0	0	0
ENSG00000065183	695	367	385
ENSG00000227082	34	14	21
ENSG00000228626	0	0	0
ENSG00000226126	0	0	0
ENSG00000163393	264	129	135
ENSG00000163156	719	356	366
ENSG00000143631	46	28	27
ENSG00000156150	0	76	60
ENSG00000228453	0	0	0
ENSG00000274642	2	0	2
ENSG00000177551	6	1	5
ENSG00000197323	1648	819	829
ENSG00000237975	69	43	35
ENSG00000261168	24	5	19
ENSG00000287980	0	0	0
ENSG00000229283	0	0	0
ENSG00000271419	0	0	0
ENSG00000226172	0	0	0
ENSG00000079335	638	320	370
ENSG00000143119	1895	882	1013
ENSG00000237278	0	60	77
ENSG00000285062	0	0	0
ENSG00000233432	0	0	0
ENSG00000227700	0	0	0
ENSG00000229911	0	0	0
ENSG00000143520	1	0	1
ENSG00000171943	243	111	138
ENSG00000270719	0	0	0
ENSG00000155761	29	42	44
ENSG00000230806	1	0	2
ENSG00000116830	771	406	365
ENSG00000234422	0	0	0
ENSG00000227056	3	1	2
ENSG00000143614	1230	573	658
ENSG00000227091	0	7	4
ENSG00000169418	1167	603	568
ENSG00000214204	0	0	0
ENSG00000081026	705	406	299
ENSG00000225650	0	0	0
ENSG00000227179	1	0	1
ENSG00000224965	3	3	0
ENSG00000228127	0	0	0
ENSG00000226984	0	0	0
ENSG00000186150	5	2	3
ENSG00000143554	1262	659	603
ENSG00000143458	1771	860	911
ENSG00000230932	0	0	0
ENSG00000073754	9	2	7
ENSG00000228826	0	0	0
ENSG00000233907	0	0	0
ENSG00000225036	0	0	0
ENSG00000228420	0	0	0
ENSG00000233839	0	0	0
ENSG00000250890	0	0	0
ENSG00000232240	0	0	0
ENSG00000280649	47	30	27
ENSG00000131781	631	324	327
ENSG00000223599	8	4	4
ENSG00000230921	0	0	0
ENSG00000286151	0	0	0
ENSG00000234388	0	0	0
ENSG00000235015	0	0	0
ENSG00000271736	2	0	2
ENSG00000235988	0	0	0
ENSG00000233717	0	0	0
ENSG00000231551	110	46	64
ENSG00000227295	70	37	34
ENSG00000163155	238	101	137
ENSG00000243613	2	72	51
ENSG00000241975	28	6	22
ENSG00000271143	0	0	0
ENSG00000270976	0	0	0
ENSG00000228217	0	0	0
ENSG00000270342	0	0	0
ENSG00000143552	21	6	15
ENSG00000175984	258	137	121
ENSG00000231100	0	0	0
ENSG00000116824	897	424	473
ENSG00000235887	0	0	0
ENSG00000237460	0	0	0
ENSG00000236327	1	1	0
ENSG00000223804	51	32	19
ENSG00000236887	0	0	0
ENSG00000024526	126	87	65
ENSG00000236480	2	0	2
ENSG00000235756	0	0	0
ENSG00000173810	0	0	0
ENSG00000235005	0	0	0
ENSG00000271890	0	0	0
ENSG00000238107	0	0	0
ENSG00000227425	0	0	0
ENSG00000233222	0	19	32
ENSG00000225279	2	2	0
ENSG00000229101	0	0	0
ENSG00000224927	0	0	0
ENSG00000239216	0	0	0
ENSG00000283360	2	2	0
ENSG00000117262	186	110	76
ENSG00000227907	3	0	3
ENSG00000143624	4663	2390	2525
ENSG00000227970	0	0	0
ENSG00000261055	8	5	3
ENSG00000231613	7	6	1
ENSG00000137947	671	307	364
ENSG00000236689	0	0	0
ENSG00000233589	5	15	16
ENSG00000117586	117	53	64
ENSG00000230946	7	5	2
ENSG00000226028	0	0	0
ENSG00000162728	7	3	4
ENSG00000229021	8	2	6
ENSG00000203825	0	0	0
ENSG00000184371	3951	1970	1981
ENSG00000233449	0	0	0
ENSG00000242943	0	0	0
ENSG00000233203	0	0	0
ENSG00000232499	6	3	3
ENSG00000232265	7	6	1
ENSG00000163154	73	40	33
ENSG00000232995	38	23	16
ENSG00000236957	0	0	0
ENSG00000238087	0	0	0
ENSG00000227777	11	7	4
ENSG00000177173	32	10	22
ENSG00000277406	23	8	15
ENSG00000238022	0	0	0
ENSG00000231671	0	0	0
ENSG00000162729	1772	855	917
ENSG00000143158	1014	808	847
ENSG00000271092	13	4	9
ENSG00000238118	0	0	0
ENSG00000276118	0	0	0
ENSG00000232148	0	0	0
ENSG00000278811	24	26	41
ENSG00000000460	199	252	229
ENSG00000188859	211	116	111
ENSG00000275075	0	0	0
ENSG00000135862	9198	4535	4663
ENSG00000232952	2	0	2
ENSG00000158473	645	350	296
ENSG00000227722	0	0	0
ENSG00000285922	5	3	2
ENSG00000275801	0	0	0
ENSG00000143198	2429	1150	1279
ENSG00000143318	63	28	36
ENSG00000232188	0	0	0
ENSG00000232212	0	0	0
ENSG00000143621	2858	1411	1461
ENSG00000241042	0	0	0
ENSG00000143155	956	485	471
ENSG00000260322	0	0	0
ENSG00000223495	0	0	0
ENSG00000143156	208	252	201
ENSG00000198771	1949	1002	1003
ENSG00000225462	0	0	0
ENSG00000237756	0	0	0
ENSG00000116147	33	15	19
ENSG00000213064	2781	1487	1509
ENSG00000203307	7	2	5
ENSG00000143179	780	516	505
ENSG00000271187	0	0	0
ENSG00000274562	1	0	1
ENSG00000143315	747	388	359
ENSG00000116199	2068	1050	1018
ENSG00000231175	0	0	0
ENSG00000143185	47	17	30
ENSG00000235145	9	4	5
ENSG00000116260	7746	3840	3906
ENSG00000272931	22	13	9
ENSG00000143190	757	434	413
ENSG00000225475	0	0	0
ENSG00000230898	3	2	1
ENSG00000232223	0	0	0
ENSG00000224698	0	0	0
ENSG00000287697	19	31	16
ENSG00000075945	865	496	414
ENSG00000235303	0	0	0
ENSG00000234810	3	2	1
ENSG00000232750	1	1	0
ENSG00000224468	46	21	25
ENSG00000235628	0	0	0
ENSG00000232551	0	0	0
ENSG00000092607	15	9	6
ENSG00000238270	0	0	0
ENSG00000285894	0	0	0
ENSG00000236025	0	0	0
ENSG00000230687	3	3	0
ENSG00000230704	0	0	0
ENSG00000283255	0	0	0
ENSG00000227741	24	108	314
ENSG00000237049	0	0	0
ENSG00000286754	0	0	0
ENSG00000232751	0	0	0
ENSG00000236364	40	107	114
ENSG00000117091	573	532	568
ENSG00000235378	0	1	1
ENSG00000143171	290	129	161
ENSG00000275767	0	0	0
ENSG00000224718	0	0	0
ENSG00000047410	4018	2136	2110
ENSG00000231992	1	1	0
ENSG00000018625	2295	1169	1126
ENSG00000171806	205	123	109
ENSG00000287919	2	2	0
ENSG00000229914	5	2	3
ENSG00000233882	0	0	0
ENSG00000198358	16	122	70
ENSG00000229407	17	12	9
ENSG00000134216	0	0	0
ENSG00000230748	0	0	0
ENSG00000254154	67	43	24
ENSG00000162694	635	322	343
ENSG00000238108	0	0	0
ENSG00000214262	0	105	110
ENSG00000183853	2062	1056	1006
ENSG00000215835	0	0	0
ENSG00000118197	710	325	389
ENSG00000135842	2878	1453	1425
ENSG00000229258	0	1	0
ENSG00000287472	0	0	0
ENSG00000241318	7	7	0
ENSG00000228238	0	0	0
ENSG00000232393	0	0	0
ENSG00000121454	109	156	137
ENSG00000184155	0	0	0
ENSG00000058085	235	115	120
ENSG00000260088	3	7	0
ENSG00000287978	101	49	52
ENSG00000116815	504	278	226
ENSG00000232917	3	3	0
ENSG00000233057	5	4	1
ENSG00000237131	0	0	0
ENSG00000233946	0	0	0
ENSG00000143167	1452	700	752
ENSG00000143184	53	22	31
ENSG00000231966	5	3	2
ENSG00000176320	6	1	5
ENSG00000260976	0	0	0
ENSG00000235215	0	0	0
ENSG00000223450	2	2	0
ENSG00000224691	3	1	2
ENSG00000286572	4	1	3
ENSG00000235101	1	0	1
ENSG00000228215	0	0	0
ENSG00000177807	26	11	15
ENSG00000233626	3	0	3
ENSG00000233691	0	0	0
ENSG00000283518	0	0	0
ENSG00000271527	3	0	3
ENSG00000143228	207	93	115
ENSG00000235827	0	0	0
ENSG00000231615	4	0	4
ENSG00000231714	0	0	0
ENSG00000174514	295	187	172
ENSG00000143178	222	104	118
ENSG00000224837	2	2	0
ENSG00000116833	867	391	476
ENSG00000227740	20	10	10
ENSG00000260990	0	1	0
ENSG00000000457	483	354	384
ENSG00000143507	426	223	203
ENSG00000285638	1	1	0
ENSG00000226520	3	3	0
ENSG00000284592	0	0	0
ENSG00000230987	0	0	0
ENSG00000232527	0	0	0
ENSG00000215833	0	0	0
ENSG00000228167	0	0	0
ENSG00000225325	0	0	0
ENSG00000223344	1	0	1
ENSG00000228191	0	0	0
ENSG00000229961	22	15	7
ENSG00000150732	0	0	0
ENSG00000157064	377	213	213
ENSG00000288139	0	0	0
ENSG00000226015	84	42	42
ENSG00000215808	1	0	1
ENSG00000059588	3042	1517	1525
ENSG00000231512	0	0	0
ENSG00000237379	1	0	1
ENSG00000232959	0	23	20
ENSG00000122224	403	191	212
ENSG00000162782	33	27	6
ENSG00000238051	0	0	0
ENSG00000233196	0	0	0
ENSG00000229220	3	3	0
ENSG00000143653	1443	720	723
ENSG00000135837	1817	906	911
ENSG00000158711	2128	1087	1107
ENSG00000227747	0	0	0
ENSG00000228081	0	0	0
ENSG00000228020	0	0	0
ENSG00000234975	75	49	26
ENSG00000162851	449	207	242
ENSG00000271427	11	8	3
ENSG00000261817	0	0	0
ENSG00000143353	427	211	255
ENSG00000197965	3370	1673	1697
ENSG00000143493	454	222	232
ENSG00000230777	0	0	0
ENSG00000179397	41	25	16
ENSG00000224540	0	0	0
ENSG00000117592	3022	1476	1546
ENSG00000186197	28	22	6
ENSG00000229067	0	0	0
ENSG00000230231	0	0	0
ENSG00000227711	0	0	0
ENSG00000261182	0	0	0
ENSG00000228879	1	0	1
ENSG00000227925	0	0	0
ENSG00000162670	126	81	67
ENSG00000225712	0	0	0
ENSG00000162761	16	8	8
ENSG00000143199	16	8	8
ENSG00000179930	0	0	0
ENSG00000007908	513	283	230
ENSG00000092978	427	222	205
ENSG00000143499	1061	508	553
ENSG00000188404	195	83	112
ENSG00000227735	0	0	0
ENSG00000243062	0	0	0
ENSG00000143196	2762	1283	1479
ENSG00000228504	0	0	0
ENSG00000274702	0	0	0
ENSG00000226211	0	0	0
ENSG00000236942	9	5	6
ENSG00000287205	6	2	4
ENSG00000203697	74	38	36
ENSG00000116574	2011	1004	1007
ENSG00000287929	0	24	25
ENSG00000186283	1501	779	722
ENSG00000224896	0	0	0
ENSG00000226292	0	0	0
ENSG00000121481	393	206	190
ENSG00000227940	0	0	0
ENSG00000117139	1646	799	847
ENSG00000143248	23794	11608	12186
ENSG00000278455	0	0	0
ENSG00000224810	0	0	0
ENSG00000162814	11	8	9
ENSG00000225172	0	0	0
ENSG00000261642	0	0	0
ENSG00000228239	0	0	0
ENSG00000237283	0	0	0
ENSG00000116132	811	388	423
ENSG00000238042	0	0	0
ENSG00000271475	0	0	0
ENSG00000231877	0	0	0
ENSG00000116679	4182	2120	2062
ENSG00000228536	10	6	4
ENSG00000230550	5	8	8
ENSG00000229242	0	0	0
ENSG00000253326	9	4	5
ENSG00000228470	0	0	0
ENSG00000152092	221	100	121
ENSG00000234984	0	0	0
ENSG00000231648	3	0	3
ENSG00000229983	3	0	3
ENSG00000215149	0	0	0
ENSG00000225122	0	0	0
ENSG00000225920	7	0	7
ENSG00000143476	282	155	127
ENSG00000121486	510	228	282
ENSG00000228437	0	0	0
ENSG00000214837	29	14	15
ENSG00000057252	997	480	517
ENSG00000225982	0	0	0
ENSG00000285718	0	0	0
ENSG00000234070	0	3	3
ENSG00000233620	0	0	0
ENSG00000237783	0	0	0
ENSG00000272906	10	71	106
ENSG00000233018	0	0	0
ENSG00000123685	185	93	92
ENSG00000224783	0	0	0
ENSG00000162852	1506	728	778
ENSG00000232792	0	0	3
ENSG00000273004	7	1	6
ENSG00000143842	2547	1263	1284
ENSG00000268062	9	9	0
ENSG00000237409	1	0	1
ENSG00000116962	5768	2861	2907
ENSG00000288078	0	0	0
ENSG00000271399	0	0	0
ENSG00000229757	15	13	2
ENSG00000232679	1	0	1
ENSG00000159388	20647	10093	10554
ENSG00000220749	3	1	2
ENSG00000181450	344	176	168
ENSG00000223519	52	90	83
ENSG00000120333	839	424	476
ENSG00000286285	27	12	15
ENSG00000225300	9	8	1
ENSG00000223842	7	1	6
ENSG00000162753	1	0	1
ENSG00000228247	0	0	0
ENSG00000231424	16	11	5
ENSG00000143355	0	0	0
ENSG00000287177	0	0	0
ENSG00000237193	0	0	0
ENSG00000223490	0	0	0
ENSG00000121644	1294	577	717
ENSG00000174502	3	3	0
ENSG00000224286	0	0	0
ENSG00000158715	676	336	340
ENSG00000143195	82	44	38
ENSG00000162849	111	64	47
ENSG00000232824	2	0	2
ENSG00000273416	9	6	3
ENSG00000234142	1	1	0
ENSG00000282111	0	0	0
ENSG00000233410	0	0	0
ENSG00000067533	627	314	313
ENSG00000228955	7	3	4
ENSG00000270443	0	0	0
ENSG00000116209	5569	2846	2723
ENSG00000224702	0	0	0
ENSG00000271811	16	5	11
ENSG00000224278	0	0	0
ENSG00000235492	0	0	0
ENSG00000287808	21	22	47
ENSG00000271588	1	1	0
ENSG00000229840	0	0	0
ENSG00000116161	2047	1110	1026
ENSG00000226486	0	0	0
ENSG00000227687	0	0	0
ENSG00000231814	0	0	0
ENSG00000286210	0	0	0
ENSG00000287364	0	0	0
ENSG00000225063	1	1	0
ENSG00000260698	70	26	44
ENSG00000277007	40	11	29
ENSG00000229016	0	0	0
ENSG00000077157	7438	3568	3938
ENSG00000152104	988	490	504
ENSG00000236975	16	4	12
ENSG00000215834	0	0	0
ENSG00000286541	0	0	0
ENSG00000117650	202	95	107
ENSG00000235021	7	1	6
ENSG00000203724	18	4	14
ENSG00000225006	0	0	0
ENSG00000287633	7	2	5
ENSG00000158764	504	329	351
ENSG00000223375	0	0	0
ENSG00000230714	0	0	0
ENSG00000261065	0	41	34
ENSG00000260855	139	61	78
ENSG00000188783	4241	2094	2147
ENSG00000236206	4	4	0
ENSG00000168118	1264	709	677
ENSG00000181101	3	1	2
ENSG00000173726	5027	2475	2552
ENSG00000282852	0	0	0
ENSG00000152382	460	215	245
ENSG00000143839	4	2	2
ENSG00000232100	0	0	0
ENSG00000261024	0	0	0
ENSG00000230547	5	0	5
ENSG00000229703	3	0	4
ENSG00000176754	2	2	0
ENSG00000232309	0	0	0
ENSG00000227953	162	146	137
ENSG00000232215	0	0	0
ENSG00000135829	4635	2344	2339
ENSG00000228289	11	5	6
ENSG00000134717	752	395	357
ENSG00000232989	0	0	0
ENSG00000233537	0	0	0
ENSG00000116668	340	175	166
ENSG00000143756	918	452	466
ENSG00000278180	0	0	0
ENSG00000143702	535	266	303
ENSG00000232341	0	0	0
ENSG00000287676	6	1	5
ENSG00000236792	0	0	0
ENSG00000143207	1079	528	551
ENSG00000270859	0	0	0
ENSG00000238224	0	0	0
ENSG00000286775	0	0	0
ENSG00000122176	2820	1420	1400
ENSG00000229120	1	1	0
ENSG00000237492	0	0	0
ENSG00000230404	0	0	0
ENSG00000213036	0	0	0
ENSG00000227230	2	12	13
ENSG00000236230	1	1	0
ENSG00000026751	975	446	529
ENSG00000150681	61	34	38
ENSG00000116906	1746	833	913
ENSG00000092969	194	104	102
ENSG00000157181	1047	493	554
ENSG00000250762	3	3	0
ENSG00000236720	0	0	0
ENSG00000227421	0	0	0
ENSG00000227240	3	2	1
ENSG00000076258	203	99	104
ENSG00000286073	0	0	0
ENSG00000231084	10	9	1
ENSG00000232085	0	8	3
ENSG00000117697	783	405	378
ENSG00000279333	0	37	26
ENSG00000235083	0	0	0
ENSG00000162669	119	58	61
ENSG00000197067	0	0	0
ENSG00000229652	0	0	0
ENSG00000132681	13	7	6
ENSG00000225904	0	0	0
ENSG00000270920	0	0	0
ENSG00000281664	3	0	3
ENSG00000143641	1816	1320	1331
ENSG00000227630	52	27	25
ENSG00000228830	0	1540	1403
ENSG00000010932	139	72	67
ENSG00000282849	0	0	0
ENSG00000276520	0	0	0
ENSG00000226640	0	0	0
ENSG00000010072	318	214	186
ENSG00000135766	275	157	118
ENSG00000232626	7	2	5
ENSG00000232096	0	0	0
ENSG00000279261	5	4	1
ENSG00000213051	2	2	0
ENSG00000238054	0	0	0
ENSG00000163534	263	108	155
ENSG00000168243	415	190	225
ENSG00000281453	0	0	0
ENSG00000237469	0	0	0
ENSG00000224939	1	1	0
ENSG00000227613	0	0	0
ENSG00000116183	11	0	11
ENSG00000270106	1	0	1
ENSG00000232194	0	0	0
ENSG00000235152	0	0	0
ENSG00000231612	4	2	2
ENSG00000237980	10	5	5
ENSG00000271036	0	0	0
ENSG00000230849	0	0	0
ENSG00000170382	418	219	201
ENSG00000228664	0	0	0
ENSG00000226868	0	0	0
ENSG00000279401	0	0	0
ENSG00000272362	0	0	0
ENSG00000287450	0	0	0
ENSG00000237011	0	0	0
ENSG00000233583	2	1	2
ENSG00000066027	2362	1188	1174
ENSG00000286263	1	1	0
ENSG00000227006	27	6	21
ENSG00000236372	0	0	0
ENSG00000224525	0	0	0
ENSG00000188770	2	1	1
ENSG00000173728	4	4	0
ENSG00000094975	1320	660	660
ENSG00000225811	0	10	11
ENSG00000273093	0	0	0
ENSG00000162772	16987	8421	8566
ENSG00000227818	0	0	0
ENSG00000135828	587	314	273
ENSG00000224227	0	0	0
ENSG00000286398	0	0	0
ENSG00000076356	2178	1107	1071
ENSG00000215819	0	0	6
ENSG00000185523	1	1	0
ENSG00000236108	0	0	0
ENSG00000116711	466	239	227
ENSG00000231684	1	0	1
ENSG00000226750	0	0	0
ENSG00000285665	23	11	12
ENSG00000231022	0	0	0
ENSG00000224436	0	0	0
ENSG00000228208	1	0	1
ENSG00000273384	13	5	8
ENSG00000238061	20	8	12
ENSG00000234915	3	2	1
ENSG00000143845	178	122	142
ENSG00000235862	13	236	206
ENSG00000069812	53	28	25
ENSG00000227585	0	0	0
ENSG00000157060	1	1	0
ENSG00000237213	0	0	0
ENSG00000236439	2	2	0
ENSG00000224260	2	0	2
ENSG00000213045	0	0	0
ENSG00000287220	6	3	3
ENSG00000230063	0	0	0
ENSG00000235467	0	0	0
ENSG00000123684	1727	875	853
ENSG00000117707	513	230	284
ENSG00000228044	5	3	2
ENSG00000225338	2	1	1
ENSG00000224407	0	409	426
ENSG00000232463	0	0	0
ENSG00000237457	12	5	7
ENSG00000225171	20	16	4
ENSG00000226843	0	0	0
ENSG00000235386	0	0	0
ENSG00000123836	1427	729	734
ENSG00000213690	0	0	0
ENSG00000223982	0	0	0
ENSG00000229832	6	4	2
ENSG00000117691	1188	609	579
ENSG00000225233	0	0	0
ENSG00000274895	18	11	7
ENSG00000237514	0	0	0
ENSG00000287856	0	0	0
ENSG00000228067	2	2	0
ENSG00000284299	0	0	0
ENSG00000226375	0	0	0
ENSG00000203705	350	192	158
ENSG00000224040	1	0	1
ENSG00000228686	9	4	5
ENSG00000279838	84	37	47
ENSG00000174175	678	344	334
ENSG00000236401	0	0	0
ENSG00000241475	0	0	0
ENSG00000215800	0	0	0
ENSG00000286421	0	0	0
ENSG00000270936	0	0	0
ENSG00000008118	43	18	25
ENSG00000171161	767	400	367
ENSG00000241505	0	0	0
ENSG00000224535	2	0	2
ENSG00000282097	5	5	0
ENSG00000261453	10	2	8
ENSG00000231020	0	0	0
ENSG00000270818	0	0	0
ENSG00000196878	502	235	267
ENSG00000133059	790	395	395
ENSG00000225561	0	0	0
ENSG00000224668	0	0	0
ENSG00000242529	0	0	0
ENSG00000074964	3737	1853	1884
ENSG00000223847	0	0	0
ENSG00000277704	0	0	0
ENSG00000116918	724	321	414
ENSG00000274020	167	82	111
ENSG00000287445	42	25	17
ENSG00000259815	3	3	0
ENSG00000240963	0	0	0
ENSG00000226570	0	0	0
ENSG00000198929	77	43	34
ENSG00000272167	4	4	0
ENSG00000230628	4	2	2
ENSG00000162771	15	210	234
ENSG00000227579	0	0	0
ENSG00000176393	1922	1296	1243
ENSG00000174606	1105	578	527
ENSG00000179914	1193	569	624
ENSG00000235750	1601	724	877
ENSG00000284376	0	0	0
ENSG00000121446	2	3	0
ENSG00000226758	1	1	0
ENSG00000230199	0	0	0
ENSG00000236905	1	1	0
ENSG00000233304	8	9	7
ENSG00000288007	45	24	37
ENSG00000227887	0	0	0
ENSG00000116903	510	272	320
ENSG00000228255	0	0	0
ENSG00000226196	0	0	0
ENSG00000287354	1	3	10
ENSG00000233827	0	0	0
ENSG00000198797	10	3	7
ENSG00000271746	13	21	19
ENSG00000234233	21	9	12
ENSG00000151414	1699	822	877
ENSG00000177614	86	43	43
ENSG00000223794	0	0	0
ENSG00000235182	0	0	0
ENSG00000213041	5	0	5
ENSG00000287157	0	0	0
ENSG00000233920	4	3	1
ENSG00000183831	0	0	0
ENSG00000225755	2	2	0
ENSG00000143858	56	63	61
ENSG00000197472	20	13	7
ENSG00000230184	0	0	0
ENSG00000234004	0	0	0
ENSG00000232436	0	0	0
ENSG00000231718	0	0	0
ENSG00000283952	0	0	0
ENSG00000230019	0	0	0
ENSG00000136643	728	378	350
ENSG00000232537	1	0	1
ENSG00000226036	0	0	0
ENSG00000285521	10	5	5
ENSG00000236317	0	0	0
ENSG00000176855	0	0	0
ENSG00000227728	0	0	0
ENSG00000133069	142	76	66
ENSG00000162877	28	15	13
ENSG00000233461	35	13	22
ENSG00000225401	3	1	2
ENSG00000228190	0	0	0
ENSG00000135747	2	1	1
ENSG00000227237	1	1	0
ENSG00000069248	1233	635	598
ENSG00000232812	0	0	0
ENSG00000231666	4	0	4
ENSG00000226986	0	0	0
ENSG00000242042	0	0	0
ENSG00000234464	0	0	0
ENSG00000253148	0	0	0
ENSG00000227751	0	320	209
ENSG00000090104	8186	4038	4148
ENSG00000285280	43	34	23
ENSG00000232892	2	0	2
ENSG00000236950	0	0	0
ENSG00000236468	0	0	0
ENSG00000143322	2077	1008	1069
ENSG00000185220	264	152	112
ENSG00000226003	1	0	1
ENSG00000230813	0	0	0
ENSG00000226862	11	6	5
ENSG00000236101	0	0	0
ENSG00000162769	475	237	238
ENSG00000133065	1224	572	652
ENSG00000278684	0	0	0
ENSG00000236775	1	0	1
ENSG00000042781	21	9	12
ENSG00000234754	15	5	10
ENSG00000233084	1	1	0
ENSG00000227815	0	0	0
ENSG00000287046	18	9	9
ENSG00000223774	16	602	534
ENSG00000228863	25	312	240
ENSG00000228646	0	0	0
ENSG00000229112	0	0	0
ENSG00000233332	0	0	0
ENSG00000231984	0	0	0
ENSG00000286213	0	0	0
ENSG00000226876	4	0	4
ENSG00000277462	105	60	45
ENSG00000225591	2	0	2
ENSG00000035687	1110	553	557
ENSG00000213080	7	1	6
ENSG00000180287	34	18	16
ENSG00000226693	0	0	0
ENSG00000234678	271	415	523
ENSG00000231272	0	0	0
ENSG00000223828	2	0	2
ENSG00000163431	4435	2762	2793
ENSG00000230124	1160	681	663
ENSG00000226723	0	0	0
ENSG00000272672	0	0	0
ENSG00000143473	29	36	56
ENSG00000228982	0	0	0
ENSG00000235096	0	0	0
ENSG00000237250	0	0	0
ENSG00000007341	476	486	533
ENSG00000286747	16	3	13
ENSG00000236069	1	1	3
ENSG00000236244	0	0	0
ENSG00000272865	0	0	0
ENSG00000117222	600	313	287
ENSG00000143324	889	475	414
ENSG00000229871	0	0	0
ENSG00000225222	5	4	1
ENSG00000118193	191	109	82
ENSG00000234116	0	0	0
ENSG00000231940	13	7	6
ENSG00000198842	2	1	1
ENSG00000286619	119	41	78
ENSG00000198756	110	55	55
ENSG00000259823	32	12	20
ENSG00000271558	0	0	0
ENSG00000227554	0	0	0
ENSG00000178596	0	0	0
ENSG00000135749	950	539	569
ENSG00000143786	82	42	48
ENSG00000224584	0	0	0
ENSG00000054282	714	466	477
ENSG00000183780	26	15	12
ENSG00000229663	2	0	2
ENSG00000162702	556	261	295
ENSG00000251508	0	0	0
ENSG00000238272	0	0	0
ENSG00000228530	0	0	0
ENSG00000235060	0	0	0
ENSG00000143194	8	2	6
ENSG00000229531	4	4	0
ENSG00000271329	5	0	5
ENSG00000054267	2096	1001	1105
ENSG00000261831	3	0	3
ENSG00000287921	0	1	0
ENSG00000177800	0	0	0
ENSG00000225620	3	2	1
ENSG00000232166	0	0	0
ENSG00000175137	961	446	515
ENSG00000134245	1561	1092	1005
ENSG00000234041	3	3	0
ENSG00000227373	9	2	7
ENSG00000231905	3	3	0
ENSG00000228175	21	7	14
ENSG00000069275	7014	3458	3556
ENSG00000143674	927	500	427
ENSG00000237317	1	0	1
ENSG00000187889	47	22	25
ENSG00000134375	1207	558	649
ENSG00000097046	466	233	233
ENSG00000232113	0	0	0
ENSG00000282718	0	0	0
ENSG00000231378	4	3	1
ENSG00000235605	3	6	3
ENSG00000223525	4	2	2
ENSG00000224857	0	0	0
ENSG00000273367	2	2	0
ENSG00000230604	0	0	0
ENSG00000231605	0	0	0
ENSG00000236358	2	3	5
ENSG00000203737	5	1	4
ENSG00000238003	2	1	1
ENSG00000215873	0	0	0
ENSG00000287008	0	0	0
ENSG00000185420	410	228	182
ENSG00000076321	660	317	343
ENSG00000272175	0	0	3
ENSG00000231564	0	0	0
ENSG00000135778	1034	588	604
ENSG00000213070	0	0	0
ENSG00000282265	0	0	0
ENSG00000250536	1	1	0
ENSG00000229747	0	0	0
ENSG00000117280	812	407	405
ENSG00000233985	0	0	0
ENSG00000232175	0	0	0
ENSG00000287423	0	0	0
ENSG00000286774	0	0	0
ENSG00000236719	2	1	1
ENSG00000136636	2955	1429	1526
ENSG00000225486	0	0	0
ENSG00000227043	0	0	0
ENSG00000163874	2036	1000	1037
ENSG00000285777	0	0	0
ENSG00000237249	0	0	0
ENSG00000286109	0	0	0
ENSG00000213068	1	0	1
ENSG00000054392	238	138	112
ENSG00000227994	0	0	0
ENSG00000286552	0	0	0
ENSG00000225711	2	0	2
ENSG00000122223	80	47	33
ENSG00000235869	0	0	0
ENSG00000188739	53	35	18
ENSG00000286666	0	0	0
ENSG00000135750	381	190	191
ENSG00000273198	2	2	0
ENSG00000203730	14	0	14
ENSG00000225719	0	0	0
ENSG00000273483	14	1	13
ENSG00000287987	0	0	0
ENSG00000203729	2	2	0
ENSG00000232809	0	0	0
ENSG00000284623	0	0	0
ENSG00000285981	1	0	1
ENSG00000261729	3	1	2
ENSG00000223869	0	0	0
ENSG00000229228	32	14	18
ENSG00000215796	1	1	0
ENSG00000185221	0	0	0
ENSG00000233047	0	0	0
ENSG00000143341	901	420	481
ENSG00000228309	0	0	0
ENSG00000229739	23	13	10
ENSG00000116703	0	0	0
ENSG00000273874	0	0	0
ENSG00000278791	0	28	27
ENSG00000278757	0	0	0
ENSG00000264341	0	0	0
ENSG00000264101	1	0	1
ENSG00000265141	0	0	0
ENSG00000221083	3	0	3
ENSG00000252404	0	0	0
ENSG00000222511	1	0	1
ENSG00000265392	0	0	0
ENSG00000243267	2	0	2
ENSG00000201725	0	0	0
ENSG00000274258	0	0	0
ENSG00000239149	5	2	3
ENSG00000252151	0	0	0
ENSG00000252969	0	0	0
ENSG00000252417	0	0	0
ENSG00000200975	0	0	0
ENSG00000201609	0	0	0
ENSG00000238482	2	0	2
ENSG00000252956	1	0	1
ENSG00000265606	0	0	0
ENSG00000284357	0	0	0
ENSG00000278034	1	1	0
ENSG00000207237	1	1	0
ENSG00000222784	1	0	1
ENSG00000266210	0	0	0
ENSG00000265961	0	0	0
ENSG00000251866	0	0	0
ENSG00000252691	0	0	0
ENSG00000264371	0	0	0
ENSG00000253005	0	0	0
ENSG00000238316	0	0	0
ENSG00000207941	0	0	0
ENSG00000264773	4	2	2
ENSG00000252448	2	0	2
ENSG00000200421	1	0	1
ENSG00000222282	2	2	0
ENSG00000199963	0	0	0
ENSG00000264698	0	0	0
ENSG00000207328	0	0	0
ENSG00000207466	1	0	1
ENSG00000252368	0	0	0
ENSG00000206779	2	2	0
ENSG00000265596	0	0	0
ENSG00000212541	5	3	2
ENSG00000200796	0	0	0
ENSG00000252190	0	0	0
ENSG00000264613	0	0	0
ENSG00000199240	0	0	0
ENSG00000277168	0	0	0
ENSG00000283724	0	0	0
ENSG00000284410	0	0	0
ENSG00000252018	0	0	0
ENSG00000206627	4	0	4
ENSG00000283414	0	0	0
ENSG00000207508	1	1	0
ENSG00000200171	0	0	0
ENSG00000207194	2	0	2
ENSG00000283477	0	0	0
ENSG00000264834	2	2	0
ENSG00000263675	14	11	3
ENSG00000266188	0	0	0
ENSG00000206981	0	0	0
ENSG00000200174	0	0	0
ENSG00000265822	0	0	0
ENSG00000265815	0	0	0
ENSG00000238653	0	0	0
ENSG00000212624	2	1	1
ENSG00000200575	0	0	0
ENSG00000212360	0	0	0
ENSG00000242860	1	0	1
ENSG00000263908	0	1	0
ENSG00000283690	0	0	1
ENSG00000199921	0	0	0
ENSG00000251825	0	0	0
ENSG00000201153	0	0	0
ENSG00000222624	0	0	0
ENSG00000223152	0	0	0
ENSG00000212308	0	0	0
ENSG00000279049	0	16	10
ENSG00000276081	0	0	0
ENSG00000239640	0	0	0
ENSG00000252338	0	0	0
ENSG00000251785	2	0	2
ENSG00000239319	0	0	0
ENSG00000222849	0	0	0
ENSG00000283749	0	0	0
ENSG00000251958	0	0	0
ENSG00000251767	0	0	0
ENSG00000243437	0	0	0
ENSG00000202263	0	0	0
ENSG00000199318	0	0	0
ENSG00000199666	0	0	0
ENSG00000200601	0	0	0
ENSG00000242482	0	0	0
ENSG00000212366	0	0	0
ENSG00000201620	3	3	0
ENSG00000206817	2	2	0
ENSG00000284247	0	0	0
ENSG00000200839	0	0	0
ENSG00000264963	0	0	0
ENSG00000264271	0	0	0
ENSG00000239504	0	0	0
ENSG00000284202	0	0	0
ENSG00000251720	1	0	1
ENSG00000274321	0	0	0
ENSG00000198974	0	0	0
ENSG00000212248	0	0	0
ENSG00000207962	0	0	0
ENSG00000276884	0	2	2
ENSG00000207234	0	0	0
ENSG00000202259	1	0	1
ENSG00000212459	0	0	0
ENSG00000278287	0	0	0
ENSG00000277565	0	0	0
ENSG00000263526	0	0	0
ENSG00000211575	0	0	0
ENSG00000275823	0	0	0
ENSG00000277689	0	0	0
ENSG00000274199	0	1	0
ENSG00000202254	0	0	0
ENSG00000244256	17	7	10
ENSG00000201491	0	0	0
ENSG00000199831	0	0	0
ENSG00000275455	0	0	0
ENSG00000252162	0	0	0
ENSG00000272051	0	0	0
ENSG00000283899	0	0	0
ENSG00000200800	0	0	0
ENSG00000207502	0	0	0
ENSG00000252530	0	0	0
ENSG00000200536	0	0	0
ENSG00000211543	0	0	0
ENSG00000252797	1	1	0
ENSG00000212266	0	0	0
ENSG00000222209	0	0	0
ENSG00000277141	0	0	0
ENSG00000215930	5	0	5
ENSG00000238761	0	0	0
ENSG00000201114	3	0	3
ENSG00000206679	0	0	0
ENSG00000264419	0	0	0
ENSG00000222069	0	0	0
ENSG00000274428	1	1	0
ENSG00000199879	2	0	2
ENSG00000274408	0	0	0
ENSG00000283676	0	0	0
ENSG00000252005	0	0	0
ENSG00000252510	0	0	0
ENSG00000207340	1	1	0
ENSG00000252830	0	0	0
ENSG00000274450	0	0	0
ENSG00000252135	0	0	0
ENSG00000278596	0	0	0
ENSG00000238825	1	0	1
ENSG00000201183	5	2	3
ENSG00000202408	0	0	0
ENSG00000252744	0	0	0
ENSG00000273768	1	0	1
ENSG00000242565	0	0	0
ENSG00000239984	0	0	0
ENSG00000283296	0	0	0
ENSG00000252717	0	0	0
ENSG00000194297	0	0	0
ENSG00000199565	0	0	0
ENSG00000277313	0	0	0
ENSG00000274940	8	6	6
ENSG00000207341	0	0	0
ENSG00000207472	0	0	0
ENSG00000206880	0	0	0
ENSG00000252552	0	0	0
ENSG00000199849	0	0	0
ENSG00000252407	0	0	0
ENSG00000212538	0	0	0
ENSG00000251813	0	0	0
ENSG00000207108	0	0	0
ENSG00000201312	1	0	1
ENSG00000207039	0	0	0
ENSG00000202491	1	0	1
ENSG00000201596	0	0	0
ENSG00000276839	0	0	0
ENSG00000207974	0	0	0
ENSG00000273629	0	0	0
ENSG00000201493	0	0	0
ENSG00000215952	0	0	0
ENSG00000200139	0	0	0
ENSG00000283575	0	0	0
ENSG00000238765	0	0	0
ENSG00000264916	2	1	1
ENSG00000212338	0	0	0
ENSG00000206659	1	0	1
ENSG00000253025	0	0	0
ENSG00000201619	0	0	0
ENSG00000201544	5	3	2
ENSG00000202498	0	0	0
ENSG00000221545	0	0	0
ENSG00000252906	6	2	4
ENSG00000206692	0	0	0
ENSG00000202329	0	0	0
ENSG00000242794	0	0	0
ENSG00000212144	2	1	1
ENSG00000283340	0	0	0
ENSG00000252860	5	4	1
ENSG00000252501	0	0	0
ENSG00000263390	0	0	0
ENSG00000207181	4	2	2
ENSG00000265744	0	0	0
ENSG00000264377	0	0	0
ENSG00000207149	0	0	0
ENSG00000283936	0	0	0
ENSG00000284485	0	0	0
ENSG00000201638	0	0	0
ENSG00000275213	0	0	0
ENSG00000239494	16	12	4
ENSG00000212230	0	0	0
ENSG00000252371	0	0	0
ENSG00000199442	0	0	0
ENSG00000200033	0	0	0
ENSG00000239690	2	0	2
ENSG00000202184	0	0	0
ENSG00000241395	3	3	0
ENSG00000200982	0	0	0
ENSG00000275207	2	2	0
ENSG00000202300	2	1	1
ENSG00000222407	0	0	0
ENSG00000222986	0	0	0
ENSG00000265435	0	0	0
ENSG00000272262	0	0	0
ENSG00000200495	0	0	0
ENSG00000202609	0	0	0
ENSG00000252553	0	0	0
ENSG00000206764	0	0	0
ENSG00000222240	0	0	0
ENSG00000212187	0	0	0
ENSG00000206637	0	0	0
ENSG00000253097	0	0	0
ENSG00000200036	0	0	0
ENSG00000201421	0	0	0
ENSG00000212610	0	0	0
ENSG00000252484	0	0	0
ENSG00000201944	3	0	3
ENSG00000200327	0	0	0
ENSG00000206905	0	0	0
ENSG00000200972	0	0	0
ENSG00000243051	2	0	2
ENSG00000252011	0	0	0
ENSG00000207326	2	2	0
ENSG00000212205	5	3	2
ENSG00000253042	0	0	0
ENSG00000274121	0	0	0
ENSG00000264358	2	1	1
ENSG00000206640	0	0	0
ENSG00000212527	0	0	0
ENSG00000252879	1	1	0
ENSG00000252612	0	0	0
ENSG00000202264	0	0	0
ENSG00000285609	0	0	0
ENSG00000206762	13	7	6
ENSG00000252084	0	0	0
ENSG00000200085	0	0	0
ENSG00000264500	8	4	4
ENSG00000202025	0	0	0
ENSG00000225545	0	0	0
ENSG00000206990	0	0	0
ENSG00000230175	3	3	0
ENSG00000225272	1	0	1
ENSG00000215838	2	0	2
ENSG00000273365	0	0	0
ENSG00000224358	15	7	8
ENSG00000230659	1	1	0
ENSG00000162545	1813	837	976
ENSG00000090432	719	339	380
ENSG00000215520	0	0	0
ENSG00000183114	28	14	14
ENSG00000158825	99	52	47
ENSG00000158828	690	1233	1237
ENSG00000284005	0	0	0
ENSG00000117242	161	971	970
ENSG00000234473	10	10	0
ENSG00000238754	0	0	0
ENSG00000134371	969	478	505
ENSG00000221680	1	1	0
ENSG00000162630	231	148	97
ENSG00000276735	4	4	0
ENSG00000232077	4	3	1
ENSG00000229639	0	0	0
ENSG00000287453	0	0	0
ENSG00000270615	0	0	0
ENSG00000287283	0	0	0
ENSG00000240692	0	0	0
ENSG00000229359	0	0	0
ENSG00000237919	0	0	0
ENSG00000066557	423	212	211
ENSG00000244389	0	0	0
ENSG00000228988	2	2	0
ENSG00000118454	771	392	379
ENSG00000226088	14	2	12
ENSG00000116761	125	56	69
ENSG00000278636	1	1	0
ENSG00000271992	6	4	2
ENSG00000233020	0	0	0
ENSG00000237033	0	0	0
ENSG00000226208	0	0	0
ENSG00000007968	203	100	103
ENSG00000235052	21	12	9
ENSG00000117318	3188	1574	1614
ENSG00000285802	2	1	1
ENSG00000229239	0	0	0
ENSG00000142676	26790	13171	13619
ENSG00000057757	1359	697	662
ENSG00000011009	1213	603	610
ENSG00000117308	553	268	285
ENSG00000273844	0	0	0
ENSG00000235748	3	3	0
ENSG00000237861	0	0	0
ENSG00000221879	0	0	0
ENSG00000230260	0	0	0
ENSG00000199241	0	0	0
ENSG00000226919	0	3	1
ENSG00000223963	2	2	0
ENSG00000215802	0	0	0
ENSG00000233615	0	0	0
ENSG00000238085	1	0	1
ENSG00000265831	0	0	0
ENSG00000224348	0	0	0
ENSG00000286496	0	0	0
ENSG00000287516	5	1	4
ENSG00000287738	2	2	0
ENSG00000132703	0	0	0
ENSG00000276632	0	0	0
ENSG00000223603	0	0	0
ENSG00000132693	0	0	0
ENSG00000235226	0	0	0
ENSG00000158716	766	382	384
ENSG00000181036	95	41	54
ENSG00000158714	47	170	140
ENSG00000212161	0	0	0
ENSG00000243284	4	5	3
ENSG00000272668	588	323	301
ENSG00000213085	45	16	29
ENSG00000266458	0	0	0
ENSG00000287040	5	2	3
ENSG00000279430	3	2	1
ENSG00000162723	4	0	4
ENSG00000273933	2	1	1
ENSG00000256029	22	33	55
ENSG00000188004	2	2	0
ENSG00000266580	0	0	0
ENSG00000254545	0	11	15
ENSG00000203620	0	0	0
ENSG00000269967	15	6	9
ENSG00000228634	30	14	16
ENSG00000284702	0	0	0
ENSG00000221040	2	0	2
ENSG00000287217	44	17	27
ENSG00000163399	8390	11933	11990
ENSG00000212385	0	0	0
ENSG00000233154	8	2	6
ENSG00000230381	0	0	0
ENSG00000200547	0	0	0
ENSG00000224950	48	43	14
ENSG00000286276	15	10	14
ENSG00000177888	491	256	235
ENSG00000243364	154	75	79
ENSG00000251246	0	0	0
ENSG00000143590	43	12	31
ENSG00000202027	0	0	0
ENSG00000169242	1743	803	940
ENSG00000169241	766	345	421
ENSG00000223452	0	0	0
ENSG00000163463	229	115	114
ENSG00000273088	0	0	0
ENSG00000284586	0	0	0
ENSG00000169231	1276	1218	1166
ENSG00000236263	0	32	26
ENSG00000236675	30	16	14
ENSG00000177628	662	352	310
ENSG00000116521	1169	589	580
ENSG00000176444	2721	1344	1377
ENSG00000143630	423	272	223
ENSG00000143627	39	64	47
ENSG00000253074	0	0	0
ENSG00000252116	0	0	0
ENSG00000228523	0	0	0
ENSG00000223263	11	3	8
ENSG00000207504	0	0	0
ENSG00000238139	0	0	0
ENSG00000197721	10	8	2
ENSG00000244703	0	0	0
ENSG00000226289	0	0	0
ENSG00000285239	0	0	0
ENSG00000234219	19	6	16
ENSG00000174059	4843	2370	2473
ENSG00000285719	3	3	0
ENSG00000284237	76	39	37
ENSG00000158731	0	0	0
ENSG00000201746	4	0	4
ENSG00000264881	4	4	0
ENSG00000199562	5	1	4
ENSG00000264501	0	0	0
ENSG00000284735	37	17	20
ENSG00000284642	49	20	29
ENSG00000142657	1909	956	953
ENSG00000271989	3	5	18
ENSG00000251503	4	2	4
ENSG00000175279	49	18	31
ENSG00000160049	1395	816	806
ENSG00000203469	0	61	68
ENSG00000236035	4	3	1
ENSG00000221643	10	3	7
ENSG00000122188	339	176	163
ENSG00000288644	0	0	0
ENSG00000227417	8	0	8
ENSG00000223505	9	6	3
ENSG00000182004	1092	578	514
ENSG00000236430	6	3	3
ENSG00000130768	223	164	175
ENSG00000227050	2	70	55
ENSG00000238231	16	4	12
ENSG00000240750	4	1	3
ENSG00000158156	440	215	232
ENSG00000182118	195	82	113
ENSG00000283799	0	0	0
ENSG00000227934	12	6	6
ENSG00000229595	0	0	0
ENSG00000143633	744	338	406
ENSG00000281912	67	45	34
ENSG00000288208	0	0	0
ENSG00000132773	440	285	264
ENSG00000070759	316	161	171
ENSG00000236872	0	0	0
ENSG00000280670	112	54	58
ENSG00000132763	509	1207	873
ENSG00000221953	22	9	13
ENSG00000226164	0	0	0
ENSG00000224014	2	2	0
ENSG00000215795	5	5	0
ENSG00000259865	285	137	148
ENSG00000227671	1815	926	889
ENSG00000283881	0	0	0
ENSG00000252516	12	1	11
ENSG00000232347	0	0	0
ENSG00000214144	1	0	1
ENSG00000235818	0	0	0
ENSG00000197617	1	1	0
ENSG00000202079	0	0	0
ENSG00000286216	15	7	12
ENSG00000203664	0	0	0
ENSG00000169224	98	59	50
ENSG00000236817	0	2	10
ENSG00000177489	0	0	0
ENSG00000177476	0	0	0
ENSG00000283369	0	0	0
ENSG00000230411	0	0	0
ENSG00000251977	2	1	1
ENSG00000252254	0	0	0
ENSG00000227854	0	0	0
ENSG00000287589	0	0	0
ENSG00000259776	2	2	0
ENSG00000233355	354	178	180
ENSG00000234601	0	0	0
ENSG00000231979	0	3	0
ENSG00000215805	0	0	0
ENSG00000287102	0	0	0
ENSG00000217327	0	0	0
ENSG00000228818	2	0	2
ENSG00000202041	0	0	0
ENSG00000223694	0	0	0
ENSG00000233735	0	0	0
ENSG00000133019	395	196	206
ENSG00000162636	1614	806	808
ENSG00000162639	302	142	161
ENSG00000285923	8	2	7
ENSG00000134186	3917	1848	2069
ENSG00000143107	14	9	5
ENSG00000232971	4	4	0
ENSG00000116266	1303	627	677
ENSG00000228076	2	0	3
ENSG00000203897	2	2	2
ENSG00000237349	2	0	2
ENSG00000244716	11	5	6
ENSG00000228665	3	2	1
ENSG00000228054	0	0	0
ENSG00000273382	57	33	66
ENSG00000215717	1214	610	646
ENSG00000278249	0	0	0
ENSG00000270066	0	0	0
ENSG00000251484	0	0	0
ENSG00000132676	2445	1198	1345
ENSG00000227673	3	2	1
ENSG00000203761	263	146	147
ENSG00000234937	6	1	5
ENSG00000132718	2160	1089	1071
ENSG00000283442	5	2	3
ENSG00000143622	959	463	496
ENSG00000132680	2314	1073	1241
ENSG00000207475	13	7	6
ENSG00000280466	0	0	0
ENSG00000281394	0	0	0
ENSG00000277817	0	0	0
ENSG00000273002	45	20	26
ENSG00000224276	5	2	3
ENSG00000285677	2	444	697
ENSG00000163479	3664	2423	2374
ENSG00000160803	952	453	499
ENSG00000132698	1099	567	532
ENSG00000252236	11	6	5
ENSG00000260238	0	0	0
ENSG00000242252	19	9	10
ENSG00000198952	2447	1253	1194
ENSG00000163472	283	336	286
ENSG00000163468	4150	2121	2029
ENSG00000132677	6	4	2
ENSG00000237390	0	0	0
ENSG00000207933	2	0	2
ENSG00000254726	145	71	74
ENSG00000186377	269	123	146
ENSG00000186160	3	2	1
ENSG00000225154	0	0	0
ENSG00000225506	13	9	5
ENSG00000225514	0	0	0
ENSG00000224805	7	7	1
ENSG00000162366	529	269	260
ENSG00000226252	40	37	38
ENSG00000225762	21	8	13
ENSG00000186790	2	0	2
ENSG00000237424	176	93	83
ENSG00000189030	5	4	1
ENSG00000162763	6	5	1
ENSG00000143061	448	221	227
ENSG00000135821	39349	19622	19728
ENSG00000203740	0	0	0
ENSG00000162374	357	186	171
ENSG00000168275	366	285	251
ENSG00000241563	18	10	8
ENSG00000153207	2295	1114	1181
ENSG00000156869	225	88	137
ENSG00000033122	171	84	87
ENSG00000143278	0	0	0
ENSG00000116678	1207	619	588
ENSG00000159352	2478	1221	1257
ENSG00000158710	12260	6314	5946
ENSG00000162734	4572	2472	2497
ENSG00000049239	4494	2227	2267
ENSG00000186564	46	31	15
ENSG00000244038	4190	2098	2092
ENSG00000158747	10263	5067	5196
ENSG00000116690	8	166	70
ENSG00000126091	114	63	51
ENSG00000162383	168	90	87
ENSG00000171163	1845	867	978
ENSG00000172456	354	165	191
ENSG00000162946	300	152	148
ENSG00000158786	2	0	2
ENSG00000118733	139	82	57
ENSG00000157870	1332	854	866
ENSG00000179085	475	249	226
ENSG00000173080	44	25	19
ENSG00000183347	3	2	1
ENSG00000276470	0	0	0
ENSG00000278852	0	0	0
ENSG00000275915	0	0	0
ENSG00000120937	1	0	1
ENSG00000224904	3	1	2
ENSG00000285646	53	32	21
ENSG00000199347	0	0	0
ENSG00000201801	8	2	6
ENSG00000116685	2001	969	1032
ENSG00000083444	1714	801	913
ENSG00000287384	1	0	1
ENSG00000270914	0	0	0
ENSG00000116691	888	426	462
ENSG00000202461	10	4	6
ENSG00000276869	0	0	0
ENSG00000243539	0	0	0
ENSG00000120949	56	30	26
ENSG00000201135	0	0	0
ENSG00000227875	0	0	0
ENSG00000285604	0	0	0
ENSG00000283789	0	0	0
ENSG00000263676	0	0	0
ENSG00000200591	2	1	1
ENSG00000162521	2839	2196	2119
ENSG00000162520	159	824	811
ENSG00000224409	0	0	0
ENSG00000162522	2293	1194	1099
ENSG00000116497	1546	769	803
ENSG00000160097	283	127	156
ENSG00000121905	20	202	184
ENSG00000121900	754	572	548
ENSG00000287691	13	5	10
ENSG00000278966	3	3	0
ENSG00000143222	1910	1177	1120
ENSG00000224985	12	82	317
ENSG00000143224	825	473	493
ENSG00000158850	1163	647	656
ENSG00000158859	1677	820	857
ENSG00000158869	213	102	111
ENSG00000158874	1	1	0
ENSG00000158882	275	187	223
ENSG00000284035	0	0	0
ENSG00000143257	26	108	53
ENSG00000248485	89	62	27
ENSG00000188931	143	66	82
ENSG00000236484	8	4	4
ENSG00000283696	18	10	8
ENSG00000288093	24	8	16
ENSG00000206921	0	0	0
ENSG00000215840	19	3	16
ENSG00000277882	0	0	0
ENSG00000283317	28	8	20
ENSG00000277762	0	0	0
ENSG00000227139	2	0	2
ENSG00000265107	692	491	535
ENSG00000274415	0	184	150
ENSG00000234190	0	0	0
ENSG00000223728	0	0	0
ENSG00000121634	0	0	0
ENSG00000188092	173	91	84
ENSG00000215859	15	7	15
ENSG00000273059	0	4	1
ENSG00000274372	15	4	11
ENSG00000206791	1	1	0
ENSG00000206585	8	2	6
ENSG00000229828	0	0	0
ENSG00000225080	3	1	2
ENSG00000198658	3	1	2
ENSG00000238382	0	0	0
ENSG00000225919	0	0	0
ENSG00000236497	0	0	0
ENSG00000207190	0	0	0
ENSG00000200508	1	0	1
ENSG00000284928	6	3	3
ENSG00000223949	5	1	4
ENSG00000116688	3143	1479	1664
ENSG00000188800	5	4	1
ENSG00000084073	1173	585	590
ENSG00000231296	3	1	4
ENSG00000049089	705	359	346
ENSG00000227311	0	0	0
ENSG00000213172	0	0	0
ENSG00000284677	0	0	0
ENSG00000187801	73	39	34
ENSG00000260920	65	35	30
ENSG00000158887	1032	536	496
ENSG00000255054	0	0	0
ENSG00000228172	35	215	329
ENSG00000117640	1263	767	873
ENSG00000272478	0	0	0
ENSG00000127423	52	29	38
ENSG00000182749	424	281	299
ENSG00000207302	1	0	1
ENSG00000117632	3071	1434	1637
ENSG00000229786	3	0	3
ENSG00000223624	3	2	1
ENSG00000283938	0	0	0
ENSG00000199385	0	0	0
ENSG00000187147	1682	1088	1138
ENSG00000263381	0	0	0
ENSG00000126106	135	315	364
ENSG00000198520	139	68	71
ENSG00000199377	6	5	1
ENSG00000200169	8	8	0
ENSG00000142945	291	173	158
ENSG00000142937	37550	19996	19844
ENSG00000264294	0	0	0
ENSG00000200913	63	29	34
ENSG00000202031	5	2	3
ENSG00000207421	0	0	0
ENSG00000281859	0	0	0
ENSG00000234093	8	7	1
ENSG00000142959	37	22	15
ENSG00000173846	1988	1122	936
ENSG00000117425	324	164	160
ENSG00000202444	0	0	0
ENSG00000226499	2	2	0
ENSG00000070785	531	272	259
ENSG00000253039	0	0	0
ENSG00000229815	0	0	0
ENSG00000232369	1	0	1
ENSG00000268949	3	1	2
ENSG00000126107	1621	855	848
ENSG00000126088	1287	667	702
ENSG00000234315	0	0	0
ENSG00000162408	1329	678	651
ENSG00000229519	10	5	5
ENSG00000173662	44	31	13
ENSG00000204859	1213	585	628
ENSG00000288629	0	0	0
ENSG00000230735	2	5	2
ENSG00000171488	1075	508	567
ENSG00000226394	0	0	0
ENSG00000237200	10	5	5
ENSG00000070886	0	0	0
ENSG00000276835	0	0	0
ENSG00000265422	0	0	0
ENSG00000223776	6	13	63
ENSG00000273058	58	27	31
ENSG00000230325	10	24	18
ENSG00000119285	1079	1110	1006
ENSG00000226498	2	2	0
ENSG00000237991	1	0	1
ENSG00000244020	0	0	0
ENSG00000288099	0	0	0
ENSG00000225886	18	11	10
ENSG00000206767	0	0	0
ENSG00000226662	0	0	0
ENSG00000207095	0	0	0
ENSG00000287244	10	3	7
ENSG00000231344	4	3	1
ENSG00000230833	3	2	1
ENSG00000117758	1499	718	781
ENSG00000269971	9	0	9
ENSG00000270031	5	0	5
ENSG00000223062	2	0	2
ENSG00000286433	3	7	35
ENSG00000117751	1042	559	522
ENSG00000252947	3	0	3
ENSG00000130775	671	334	337
ENSG00000117748	1034	529	505
ENSG00000223643	0	0	0
ENSG00000230239	0	0	0
ENSG00000263811	0	0	0
ENSG00000277234	0	0	0
ENSG00000235241	0	55	83
ENSG00000207005	0	0	0
ENSG00000272426	33	19	14
ENSG00000117122	270	176	151
ENSG00000286898	0	25	32
ENSG00000226526	0	29	20
ENSG00000159363	813	418	430
ENSG00000117118	1644	770	874
ENSG00000117115	100	54	46
ENSG00000204362	0	0	0
ENSG00000282843	0	0	0
ENSG00000142623	3	3	0
ENSG00000142619	1	0	1
ENSG00000266634	0	0	0
ENSG00000199459	0	0	0
ENSG00000273264	14	6	8
ENSG00000282057	19	13	6
ENSG00000272691	1	0	1
ENSG00000199934	1	0	1
ENSG00000230285	0	0	0
ENSG00000142871	31869	15598	16271
ENSG00000226643	1	0	1
ENSG00000234419	0	0	0
ENSG00000276997	6	3	3
ENSG00000222399	0	0	0
ENSG00000267305	0	0	0
ENSG00000143512	11	5	6
ENSG00000143498	133	70	67
ENSG00000225265	19	16	7
ENSG00000154305	1782	1041	1037
ENSG00000229399	4	2	2
ENSG00000272750	73	157	208
ENSG00000186063	581	271	325
ENSG00000162819	1217	598	630
ENSG00000287684	18	5	15
ENSG00000234523	1	1	0
ENSG00000287338	34	25	9
ENSG00000187554	255	127	128
ENSG00000236846	1	0	1
ENSG00000226601	0	0	0
ENSG00000164010	466	341	366
ENSG00000164011	333	140	193
ENSG00000233708	0	0	0
ENSG00000237090	1	0	1
ENSG00000225099	1	0	1
ENSG00000284138	0	0	0
ENSG00000283973	0	1	2
ENSG00000207256	2	2	0
ENSG00000283136	0	0	0
ENSG00000277513	0	0	0
ENSG00000154309	455	230	225
ENSG00000226967	0	0	0
ENSG00000231407	4	3	12
ENSG00000229570	0	0	0
ENSG00000203857	0	0	0
ENSG00000226443	5	3	2
ENSG00000249798	0	0	0
ENSG00000239873	0	0	0
ENSG00000203855	2	0	2
ENSG00000240244	1	0	1
ENSG00000260941	19	12	7
ENSG00000198857	18	7	11
ENSG00000143067	183	72	111
ENSG00000134240	2909	1410	1499
ENSG00000134193	678	335	343
ENSG00000215864	2	0	2
ENSG00000227205	0	0	0
ENSG00000226446	0	0	0
ENSG00000134249	0	0	0
ENSG00000092621	759	393	366
ENSG00000027644	10	5	5
ENSG00000241992	0	0	0
ENSG00000234226	0	0	0
ENSG00000137970	79	6	73
ENSG00000223229	0	0	0
ENSG00000285698	2	2	0
ENSG00000228035	0	0	0
ENSG00000287103	0	0	0
ENSG00000226973	0	0	0
ENSG00000274468	0	0	0
ENSG00000130764	1679	873	973
ENSG00000266075	5	2	3
ENSG00000272153	61	118	110
ENSG00000230026	1	1	0
ENSG00000285177	3	1	3
ENSG00000284770	144	423	239
ENSG00000229795	0	0	0
ENSG00000238236	0	0	0
ENSG00000235638	0	0	0
ENSG00000231199	0	0	0
ENSG00000226663	0	0	0
ENSG00000231582	0	0	0
ENSG00000232714	0	0	0
ENSG00000235761	0	0	0
ENSG00000270710	0	0	0
ENSG00000227236	0	0	0
ENSG00000198837	2679	1397	1424
ENSG00000160741	2154	1092	1062
ENSG00000276584	0	0	0
ENSG00000282386	29	12	17
ENSG00000273026	32	17	15
ENSG00000143578	435	255	249
ENSG00000143543	365	106	286
ENSG00000285641	0	13	9
ENSG00000143545	512	232	280
ENSG00000177954	22331	11481	10850
ENSG00000231416	4	4	0
ENSG00000200220	0	0	0
ENSG00000231837	0	0	0
ENSG00000263987	3	3	0
ENSG00000162642	820	390	430
ENSG00000223254	20	8	12
ENSG00000223653	30	44	65
ENSG00000116198	1056	536	529
ENSG00000169598	486	232	260
ENSG00000226653	0	0	0
ENSG00000207209	0	0	0
ENSG00000272443	0	0	0
ENSG00000272480	0	0	0
ENSG00000288626	0	0	0
ENSG00000162836	880	451	429
ENSG00000207080	0	0	0
ENSG00000231791	0	0	0
ENSG00000244568	0	0	0
ENSG00000271387	44	26	18
ENSG00000116667	2912	1449	1463
ENSG00000230470	3	1	2
ENSG00000232036	2	0	2
ENSG00000285847	51	31	24
ENSG00000286378	14	14	4
ENSG00000215381	1	1	0
ENSG00000261326	418	192	226
ENSG00000284726	27	16	11
ENSG00000125945	1132	622	602
ENSG00000201405	0	0	0
ENSG00000271420	18	9	9
ENSG00000204219	1335	662	684
ENSG00000232482	4	3	1
ENSG00000285779	0	0	0
ENSG00000162885	1122	963	1058
ENSG00000270780	1	0	1
ENSG00000232895	0	0	0
ENSG00000273698	0	0	0
ENSG00000273112	0	0	0
ENSG00000173110	12530	5971	6559
ENSG00000224203	0	0	0
ENSG00000224515	0	0	0
ENSG00000225217	1432	700	732
ENSG00000231586	0	0	1
ENSG00000234211	1	13	9
ENSG00000213075	0	0	0
ENSG00000143125	5	4	1
ENSG00000270380	0	0	0
ENSG00000282887	0	0	0
ENSG00000283999	0	0	0
ENSG00000240194	2	2	0
ENSG00000235407	2	0	2
ENSG00000143105	2	1	1
ENSG00000199710	0	0	0
ENSG00000237415	0	0	0
ENSG00000232791	0	0	0
ENSG00000177301	139	56	83
ENSG00000226828	8	6	2
ENSG00000279774	6	5	1
ENSG00000229960	2	2	0
ENSG00000286486	1	1	0
ENSG00000244066	0	0	0
ENSG00000237759	0	0	0
ENSG00000287531	0	0	0
ENSG00000225855	288	1071	972
ENSG00000283701	0	0	0
ENSG00000207134	0	0	0
ENSG00000227773	7	6	1
ENSG00000207144	1	1	0
ENSG00000237872	7	6	1
ENSG00000271267	12	6	6
ENSG00000225082	2	0	2
ENSG00000223503	0	0	0
ENSG00000232519	3	3	5
ENSG00000160752	1137	1404	1398
ENSG00000121957	454	780	819
ENSG00000235089	0	0	0
ENSG00000285179	0	0	0
ENSG00000223026	0	0	0
ENSG00000225721	10	34	2318
ENSG00000188396	113	106	77
ENSG00000202167	0	0	0
ENSG00000207349	0	0	0
ENSG00000252826	0	0	0
ENSG00000206737	0	0	0
ENSG00000223779	0	0	0
ENSG00000242352	0	0	0
ENSG00000270962	0	0	0
ENSG00000263590	0	0	0
ENSG00000252105	0	0	0
ENSG00000233430	0	0	0
ENSG00000237503	0	0	0
ENSG00000265531	0	0	0
ENSG00000234571	5	5	0
ENSG00000230186	0	2	3
ENSG00000268074	0	0	0
ENSG00000270872	4	1	3
ENSG00000276674	0	0	0
ENSG00000082482	286	146	140
ENSG00000116747	719	418	479
ENSG00000118729	452	240	212
ENSG00000134207	5	2	3
ENSG00000163467	10	5	5
ENSG00000243710	5	6	8
ENSG00000117395	1080	590	505
ENSG00000116874	472	245	308
ENSG00000065600	192	93	99
ENSG00000009780	628	253	375
ENSG00000023572	501	275	354
ENSG00000077254	2113	978	1135
ENSG00000134644	2677	1371	1306
ENSG00000215788	1517	851	807
ENSG00000117834	431	238	248
ENSG00000117625	1660	782	878
ENSG00000179902	14	5	11
ENSG00000020633	565	270	295
ENSG00000121766	670	456	425
ENSG00000143157	1346	623	723
ENSG00000162614	2395	1182	1311
ENSG00000160781	243	114	129
ENSG00000143344	1360	684	676
ENSG00000162613	2916	1442	1474
ENSG00000116882	7	4	3
ENSG00000198758	4712	2344	2368
ENSG00000117569	1452	739	713
ENSG00000142856	354	222	284
ENSG00000158022	82	36	46
ENSG00000116396	978	471	507
ENSG00000058668	5570	2737	2833
ENSG00000163875	1542	797	746
ENSG00000282872	0	0	0
ENSG00000131238	2792	1395	1397
ENSG00000171680	1138	568	570
ENSG00000244457	0	0	0
ENSG00000116977	1663	1361	1561
ENSG00000229372	0	133	117
ENSG00000274975	0	0	1
ENSG00000229348	1	0	1
ENSG00000242485	1656	914	971
ENSG00000264293	0	0	0
ENSG00000272455	95	49	46
ENSG00000225905	8	2	6
ENSG00000225285	50	27	23
ENSG00000179403	1727	805	922
ENSG00000215915	67	39	28
ENSG00000236085	0	0	0
ENSG00000234441	0	0	0
ENSG00000227408	0	0	0
ENSG00000223635	10	4	6
ENSG00000135776	682	348	334
ENSG00000199672	2	0	2
ENSG00000201492	7	4	3
ENSG00000229367	7	4	3
ENSG00000135763	265	156	109
ENSG00000213028	2	1	1
ENSG00000225984	1	0	1
ENSG00000178828	161	127	114
ENSG00000235434	0	31	49
ENSG00000169914	889	438	451
ENSG00000188784	1	1	0
ENSG00000242688	0	0	0
ENSG00000177186	0	0	0
ENSG00000177174	0	0	0
ENSG00000269956	32	111	125
ENSG00000162456	0	0	0
ENSG00000079277	1552	810	946
ENSG00000117407	63	35	28
ENSG00000237950	79	35	44
ENSG00000117408	874	450	424
ENSG00000285649	2	38	38
ENSG00000117410	1994	988	1007
ENSG00000159214	179	97	125
ENSG00000196517	293	161	175
ENSG00000227163	0	0	0
ENSG00000271647	0	3	0
ENSG00000239560	0	0	0
ENSG00000196539	0	0	0
ENSG00000229255	0	0	0
ENSG00000203661	0	0	0
ENSG00000271934	0	0	0
ENSG00000224521	0	0	0
ENSG00000227102	0	0	0
ENSG00000183310	0	0	0
ENSG00000201602	0	0	0
ENSG00000271701	0	0	0
ENSG00000189181	0	0	0
ENSG00000187238	0	0	0
ENSG00000185962	0	0	0
ENSG00000226947	0	0	0
ENSG00000285753	0	0	0
ENSG00000187223	0	0	0
ENSG00000159455	0	0	0
ENSG00000187173	0	0	0
ENSG00000204501	0	0	0
ENSG00000228229	0	0	0
ENSG00000204481	0	0	0
ENSG00000204479	0	0	0
ENSG00000172031	23	9	14
ENSG00000233228	0	0	0
ENSG00000224678	0	0	0
ENSG00000233401	0	0	0
ENSG00000273487	11	4	7
ENSG00000226773	0	0	0
ENSG00000274481	0	0	0
ENSG00000228594	123	68	55
ENSG00000286989	58	26	32
ENSG00000272106	239	137	173
ENSG00000189409	57	39	18
ENSG00000272004	0	87	112
ENSG00000189339	3195	1733	1661
ENSG00000269737	197	106	91
ENSG00000215914	2	1	1
ENSG00000008128	272	169	103
ENSG00000268575	135	121	109
ENSG00000227775	316	198	226
ENSG00000008130	2115	1065	1050
ENSG00000078369	9225	4424	4801
ENSG00000178821	103	55	48
ENSG00000158477	7	7	0
ENSG00000230942	0	0	0
ENSG00000158481	289	146	143
ENSG00000158485	14	5	9
ENSG00000158488	84	45	39
ENSG00000186306	0	0	0
ENSG00000203758	0	0	0
ENSG00000236257	3	3	0
ENSG00000236656	0	0	0
ENSG00000198703	0	0	0
ENSG00000227445	0	0	0
ENSG00000231434	1	1	0
ENSG00000117505	1697	940	809
ENSG00000229635	3	0	3
ENSG00000207379	0	0	0
ENSG00000212601	0	0	0
ENSG00000162889	3684	1792	1893
ENSG00000224114	18	8	11
ENSG00000199349	9	4	5
ENSG00000162892	56	94	88
ENSG00000162894	626	373