N_unmapped	211574	211574	211574
N_multimapping	1786338	1786338	1786338
N_noFeature	3901974	13730697	13371033
N_ambiguous	1802191	452055	433990
ENSG00000160072	877	436	441
ENSG00000234396	1	2	1
ENSG00000225972	99	24	75
ENSG00000224315	3	2	1
ENSG00000198744	81	19	63
ENSG00000279928	1	1	0
ENSG00000228037	21	11	10
ENSG00000142611	229	117	114
ENSG00000225630	2037	1042	996
ENSG00000284616	0	0	0
ENSG00000157911	249	635	645
ENSG00000269896	37	20	17
ENSG00000237973	765	571	596
ENSG00000228463	5	2	7
ENSG00000260972	0	0	0
ENSG00000157933	842	405	438
ENSG00000224340	2	0	2
ENSG00000226545	1	0	1
ENSG00000268663	0	0	0
ENSG00000226374	0	0	1
ENSG00000229280	0	0	0
ENSG00000142655	538	263	311
ENSG00000232596	0	0	0
ENSG00000235054	0	0	0
ENSG00000232663	0	0	0
ENSG00000240409	0	0	0
ENSG00000229344	37	36	13
ENSG00000231510	0	0	0
ENSG00000149527	301	135	166
ENSG00000284739	0	0	0
ENSG00000171621	1297	649	648
ENSG00000272235	36	18	18
ENSG00000284694	0	0	0
ENSG00000230021	5	13	12
ENSG00000287356	35	22	21
ENSG00000224387	3	0	3
ENSG00000285629	0	0	0
ENSG00000173673	0	0	0
ENSG00000142583	5075	2424	2651
ENSG00000284674	0	0	0
ENSG00000272161	4	2	2
ENSG00000237094	11	8	5
ENSG00000224338	0	0	0
ENSG00000074800	15149	7536	7618
ENSG00000116786	1076	598	569
ENSG00000287727	9	3	6
ENSG00000228423	3	2	1
ENSG00000286448	0	2	2
ENSG00000131686	1	0	1
ENSG00000229305	0	0	0
ENSG00000284703	1	0	1
ENSG00000226457	1	1	0
ENSG00000173614	373	177	196
ENSG00000248527	21636	10957	10679
ENSG00000215720	4	3	1
ENSG00000241326	0	0	0
ENSG00000233623	9	6	3
ENSG00000162592	0	4	10
ENSG00000116254	13	7	6
ENSG00000233645	0	0	0
ENSG00000204624	10	5	5
ENSG00000142606	201	302	340
ENSG00000235146	0	0	0
ENSG00000225931	75	31	45
ENSG00000171729	469	227	255
ENSG00000279457	52	19	33
ENSG00000162571	17	9	13
ENSG00000229393	2	1	1
ENSG00000037637	553	295	258
ENSG00000287586	7	2	5
ENSG00000159423	129	65	64
ENSG00000142599	2725	1213	1512
ENSG00000227169	0	0	0
ENSG00000283356	0	0	0
ENSG00000011021	515	250	281
ENSG00000142615	0	0	0
ENSG00000215704	3	5	2
ENSG00000157916	2281	1649	1663
ENSG00000157881	477	232	245
ENSG00000238290	4	2	2
ENSG00000225387	0	0	0
ENSG00000048707	1139	546	593
ENSG00000158748	3	1	2
ENSG00000225196	0	0	0
ENSG00000162444	83	43	40
ENSG00000279625	0	0	0
ENSG00000180758	224	104	120
ENSG00000184677	1200	600	600
ENSG00000230679	5	5	5
ENSG00000270136	0	0	0
ENSG00000288398	84	41	43
ENSG00000224621	11	8	3
ENSG00000285833	0	0	0
ENSG00000131697	318	174	146
ENSG00000284692	1	0	1
ENSG00000284745	0	0	0
ENSG00000280222	1	0	1
ENSG00000227634	0	0	0
ENSG00000285945	0	0	0
ENSG00000229162	6	3	3
ENSG00000197921	4	4	0
ENSG00000233755	1	1	0
ENSG00000233929	2	1	1
ENSG00000271742	0	0	0
ENSG00000226396	48	21	27
ENSG00000169504	1331	677	654
ENSG00000234166	0	41	14
ENSG00000235282	0	0	0
ENSG00000055070	1621	1101	1152
ENSG00000175087	347	159	188
ENSG00000157191	1042	509	534
ENSG00000284699	0	0	0
ENSG00000230035	0	0	0
ENSG00000235185	1	0	1
ENSG00000225643	5	3	2
ENSG00000284666	0	0	0
ENSG00000228943	0	0	0
ENSG00000234397	0	0	0
ENSG00000284309	2	0	2
ENSG00000162511	1499	1326	1327
ENSG00000158014	30	22	8
ENSG00000204138	1254	615	639
ENSG00000233419	0	0	0
ENSG00000235263	0	0	0
ENSG00000228176	0	0	0
ENSG00000231251	0	0	0
ENSG00000142675	767	371	396
ENSG00000197245	105	41	64
ENSG00000261025	0	0	0
ENSG00000116237	1513	778	809
ENSG00000130772	390	195	195
ENSG00000215899	0	0	0
ENSG00000271398	0	0	0
ENSG00000225011	0	0	0
ENSG00000235069	0	0	0
ENSG00000284676	0	0	0
ENSG00000237058	4	3	1
ENSG00000233399	8	4	4
ENSG00000090020	1050	496	554
ENSG00000157978	900	462	438
ENSG00000226944	4	3	5
ENSG00000270282	1	0	1
ENSG00000130770	1722	1317	1552
ENSG00000229044	1	63	29
ENSG00000162512	912	437	475
ENSG00000158006	787	360	427
ENSG00000214812	2	1	1
ENSG00000126698	1221	606	615
ENSG00000229447	9	3	6
ENSG00000229607	0	0	0
ENSG00000130766	383	187	196
ENSG00000168528	1894	935	959
ENSG00000196581	41	22	19
ENSG00000169403	187	96	91
ENSG00000084628	3	3	0
ENSG00000060688	602	314	288
ENSG00000171612	150	61	89
ENSG00000270927	0	0	0
ENSG00000188910	41	20	21
ENSG00000230523	0	0	0
ENSG00000116138	672	449	413
ENSG00000158161	625	308	317
ENSG00000142684	0	115	119
ENSG00000234619	4	3	1
ENSG00000121769	42	23	19
ENSG00000142627	354	177	177
ENSG00000284668	0	0	0
ENSG00000233234	0	0	0
ENSG00000142632	342	186	211
ENSG00000234593	13	9	4
ENSG00000158292	410	211	199
ENSG00000270605	163	65	103
ENSG00000189337	183	168	166
ENSG00000232912	24	11	13
ENSG00000235084	2	0	2
ENSG00000235143	0	0	0
ENSG00000225478	0	0	0
ENSG00000225077	9	25	32
ENSG00000028137	1476	740	736
ENSG00000238249	0	0	0
ENSG00000204464	7	2	5
ENSG00000233372	0	0	0
ENSG00000283259	0	0	0
ENSG00000284543	19	13	6
ENSG00000130939	1096	525	571
ENSG00000175147	142	154	152
ENSG00000127472	30	13	17
ENSG00000060656	60	33	27
ENSG00000163867	378	171	207
ENSG00000232768	2	0	2
ENSG00000230214	0	0	0
ENSG00000189280	1	0	1
ENSG00000134698	901	439	462
ENSG00000134690	453	225	228
ENSG00000272420	1	0	1
ENSG00000132881	54	26	28
ENSG00000273274	2	1	1
ENSG00000116251	2871	1400	1492
ENSG00000272510	9	16	27
ENSG00000158286	378	226	205
ENSG00000236648	0	0	0
ENSG00000232273	7	3	4
ENSG00000009709	0	0	0
ENSG00000287396	0	0	0
ENSG00000223589	0	0	0
ENSG00000158008	6	2	4
ENSG00000130940	676	525	557
ENSG00000116771	1330	702	784
ENSG00000237301	9	6	3
ENSG00000162585	565	469	426
ENSG00000163879	91	54	41
ENSG00000227527	3	1	2
ENSG00000116954	255	125	130
ENSG00000228589	37	36	1
ENSG00000163873	64	31	33
ENSG00000117215	10	5	5
ENSG00000196449	174	100	114
ENSG00000230163	0	39	33
ENSG00000227538	0	0	0
ENSG00000232208	0	0	0
ENSG00000236500	0	0	0
ENSG00000044012	75	40	35
ENSG00000179051	1532	949	940
ENSG00000215895	3	0	3
ENSG00000231868	0	0	0
ENSG00000284650	0	0	0
ENSG00000237329	2	1	1
ENSG00000236948	0	0	0
ENSG00000126067	1763	888	875
ENSG00000274944	0	0	0
ENSG00000132906	275	124	155
ENSG00000197312	958	469	489
ENSG00000284748	0	0	0
ENSG00000272078	74	240	240
ENSG00000173660	2859	1356	1503
ENSG00000224592	0	0	0
ENSG00000233728	0	19	20
ENSG00000230451	0	0	0
ENSG00000231606	14	5	9
ENSG00000215900	0	0	0
ENSG00000284632	0	0	0
ENSG00000241014	16	4	12
ENSG00000054118	2063	1017	1046
ENSG00000254553	3	3	0
ENSG00000284653	0	0	0
ENSG00000237749	2	1	1
ENSG00000276747	0	0	0
ENSG00000284705	0	0	0
ENSG00000228776	0	0	0
ENSG00000159339	17	7	10
ENSG00000223814	0	0	0
ENSG00000197982	331	162	209
ENSG00000261781	0	0	0
ENSG00000183317	515	250	265
ENSG00000183386	185	82	103
ENSG00000284743	0	0	0
ENSG00000158315	59	32	38
ENSG00000204084	614	380	395
ENSG00000186973	1	0	1
ENSG00000271806	30	39	49
ENSG00000146463	901	468	480
ENSG00000279214	1	1	0
ENSG00000183520	458	232	226
ENSG00000271741	0	0	0
ENSG00000214141	0	0	0
ENSG00000142686	124	71	53
ENSG00000224751	3	1	2
ENSG00000279096	1	0	1
ENSG00000117148	3	3	0
ENSG00000230585	12	9	3
ENSG00000117000	531	248	283
ENSG00000284989	0	0	0
ENSG00000231630	0	0	0
ENSG00000092853	160	85	88
ENSG00000255811	0	2	0
ENSG00000134697	894	446	452
ENSG00000187513	68	29	39
ENSG00000238145	0	0	0
ENSG00000225142	0	0	0
ENSG00000230138	5	3	2
ENSG00000223390	2	18	19
ENSG00000285823	0	0	0
ENSG00000284720	0	0	0
ENSG00000225028	0	0	0
ENSG00000225671	0	0	0
ENSG00000116151	153	83	78
ENSG00000226147	0	0	0
ENSG00000182873	153	80	81
ENSG00000006555	691	363	328
ENSG00000236111	0	0	0
ENSG00000066056	485	234	251
ENSG00000214114	365	179	186
ENSG00000173436	340	108	242
ENSG00000116544	24	14	10
ENSG00000231900	0	0	0
ENSG00000236723	2	297	329
ENSG00000232467	0	0	0
ENSG00000117016	89	45	44
ENSG00000121310	4040	1933	2109
ENSG00000169213	102	58	44
ENSG00000163866	646	350	368
ENSG00000225779	1	1	0
ENSG00000284601	1	1	0
ENSG00000237130	2	1	1
ENSG00000143001	41	47	48
ENSG00000229716	0	0	0
ENSG00000226133	0	0	0
ENSG00000227416	0	0	0
ENSG00000232335	2	2	13
ENSG00000260971	11	5	6
ENSG00000259832	0	0	0
ENSG00000284696	0	0	0
ENSG00000238242	0	0	0
ENSG00000285839	0	0	0
ENSG00000237290	0	0	0
ENSG00000232762	1	0	1
ENSG00000117419	594	299	295
ENSG00000162384	751	420	405
ENSG00000162391	479	563	635
ENSG00000174348	512	316	322
ENSG00000154198	4	2	2
ENSG00000117859	1279	631	656
ENSG00000228121	1	1	0
ENSG00000253313	615	299	316
ENSG00000162396	90	48	42
ENSG00000203995	6	4	4
ENSG00000227742	67	35	35
ENSG00000284686	6	2	4
ENSG00000162378	569	271	298
ENSG00000233079	0	0	0
ENSG00000259818	0	0	0
ENSG00000229444	1	0	1
ENSG00000240563	3	1	2
ENSG00000234318	0	0	0
ENSG00000284773	47	21	26
ENSG00000234481	0	0	0
ENSG00000117862	122	82	40
ENSG00000235612	0	0	0
ENSG00000228369	4	4	0
ENSG00000183431	1102	512	590
ENSG00000227485	0	0	0
ENSG00000224609	50	27	33
ENSG00000235545	15	11	4
ENSG00000236646	0	0	0
ENSG00000169174	192	101	91
ENSG00000232198	0	0	0
ENSG00000238063	0	0	0
ENSG00000227104	0	0	0
ENSG00000243725	29	21	8
ENSG00000171872	1	0	1
ENSG00000162407	1121	553	568
ENSG00000285079	1	1	0
ENSG00000169218	20	12	8
ENSG00000163877	297	138	159
ENSG00000228929	2	1	1
ENSG00000224570	4	2	2
ENSG00000224980	1	1	0
ENSG00000278967	4	1	3
ENSG00000157184	642	664	676
ENSG00000272491	25	106	104
ENSG00000198815	1133	576	557
ENSG00000134744	675	344	331
ENSG00000233910	0	0	0
ENSG00000287703	0	0	0
ENSG00000283039	0	0	0
ENSG00000229032	0	0	0
ENSG00000229294	0	0	0
ENSG00000232993	0	83	37
ENSG00000234088	0	0	0
ENSG00000236973	1	0	1
ENSG00000227947	2	1	1
ENSG00000277397	0	0	0
ENSG00000271200	2	0	5
ENSG00000235446	0	0	0
ENSG00000261196	0	0	0
ENSG00000162385	486	218	268
ENSG00000231413	0	0	0
ENSG00000234264	1	1	0
ENSG00000242391	1	1	2
ENSG00000223883	0	0	0
ENSG00000284808	0	0	0
ENSG00000242267	2	0	2
ENSG00000237227	0	0	0
ENSG00000275350	0	0	0
ENSG00000116652	13	11	5
ENSG00000123080	467	229	244
ENSG00000285778	0	0	0
ENSG00000077549	4750	2263	2497
ENSG00000233407	0	0	0
ENSG00000225675	2	2	0
ENSG00000237622	0	0	0
ENSG00000162598	0	0	0
ENSG00000280317	0	0	0
ENSG00000162415	462	223	246
ENSG00000162600	225	95	131
ENSG00000116704	610	297	313
ENSG00000227644	0	3	3
ENSG00000157193	94	69	53
ENSG00000116205	355	179	191
ENSG00000198841	61	25	36
ENSG00000116212	287	132	155
ENSG00000234204	0	0	0
ENSG00000233099	0	0	0
ENSG00000233994	11	9	2
ENSG00000237180	0	0	0
ENSG00000213561	27	14	13
ENSG00000233973	0	0	0
ENSG00000237552	0	0	0
ENSG00000132854	10	6	4
ENSG00000227556	0	0	0
ENSG00000162616	290	152	138
ENSG00000162607	1168	574	594
ENSG00000233602	5	2	3
ENSG00000233271	0	33	21
ENSG00000285954	4	0	4
ENSG00000233333	7	1	6
ENSG00000154027	15	7	8
ENSG00000234108	0	0	0
ENSG00000232676	0	0	0
ENSG00000225167	0	0	0
ENSG00000132122	229	108	121
ENSG00000213579	0	0	0
ENSG00000137960	1623	804	819
ENSG00000237852	0	0	0
ENSG00000116745	7	3	4
ENSG00000132855	4	2	2
ENSG00000285407	0	0	0
ENSG00000272855	0	0	0
ENSG00000270549	0	0	0
ENSG00000237163	0	0	0
ENSG00000229636	0	0	0
ENSG00000116675	29	19	10
ENSG00000162433	436	229	207
ENSG00000213625	1694	842	852
ENSG00000227207	0	0	0
ENSG00000227016	0	0	0
ENSG00000233664	0	0	0
ENSG00000158966	134	59	75
ENSG00000213703	1	0	1
ENSG00000203965	141	62	81
ENSG00000223479	1	1	0
ENSG00000233674	1	0	1
ENSG00000153898	123	70	53
ENSG00000117069	26	16	10
ENSG00000125703	229	106	123
ENSG00000285041	0	0	0
ENSG00000285808	0	0	0
ENSG00000229440	0	0	0
ENSG00000234144	1	0	1
ENSG00000213540	0	0	0
ENSG00000277670	0	0	0
ENSG00000227466	0	0	0
ENSG00000154007	0	0	0
ENSG00000230498	0	0	0
ENSG00000285782	0	0	0
ENSG00000162618	381	193	188
ENSG00000224493	0	0	0
ENSG00000131233	1	0	1
ENSG00000272371	1	1	0
ENSG00000287647	0	0	0
ENSG00000229225	0	0	0
ENSG00000230863	0	0	0
ENSG00000213560	7	4	3
ENSG00000287224	0	0	0
ENSG00000225598	0	0	0
ENSG00000286455	0	0	0
ENSG00000225087	0	0	0
ENSG00000224986	1	0	1
ENSG00000280378	32	14	18
ENSG00000188786	263	124	139
ENSG00000230053	0	0	0
ENSG00000137941	143	68	75
ENSG00000273338	6	2	4
ENSG00000223720	0	0	0
ENSG00000224326	0	0	0
ENSG00000286548	15	10	5
ENSG00000066135	442	326	365
ENSG00000230027	0	0	0
ENSG00000233061	2	1	1
ENSG00000272094	2	2	0
ENSG00000228853	0	0	0
ENSG00000215874	0	0	0
ENSG00000232453	38	14	24
ENSG00000260386	0	0	0
ENSG00000284895	0	0	0
ENSG00000117174	318	148	170
ENSG00000237413	6	2	4
ENSG00000184313	161	84	77
ENSG00000284645	0	0	0
ENSG00000225605	0	0	0
ENSG00000225446	0	0	0
ENSG00000288543	0	0	0
ENSG00000122420	24	12	12
ENSG00000284240	5	4	1
ENSG00000236290	0	0	0
ENSG00000143013	1163	567	596
ENSG00000226084	5	0	5
ENSG00000134748	1156	540	616
ENSG00000142892	432	208	224
ENSG00000219102	1	0	1
ENSG00000184005	90	43	47
ENSG00000230953	33	18	15
ENSG00000287743	1	0	1
ENSG00000229332	0	0	0
ENSG00000227937	0	0	0
ENSG00000229752	0	0	0
ENSG00000237505	3	1	2
ENSG00000285462	0	0	0
ENSG00000233216	0	0	0
ENSG00000197273	1548	783	765
ENSG00000226804	0	0	0
ENSG00000285325	0	0	0
ENSG00000230728	5	2	3
ENSG00000162402	1297	636	661
ENSG00000232846	0	0	0
ENSG00000219201	0	0	0
ENSG00000230787	1	0	1
ENSG00000116641	692	334	358
ENSG00000235927	14	17	15
ENSG00000223920	0	0	0
ENSG00000237453	7	2	5
ENSG00000172260	372	183	192
ENSG00000285473	0	0	0
ENSG00000237959	0	0	0
ENSG00000231364	0	0	0
ENSG00000234578	0	1	0
ENSG00000117480	1790	857	933
ENSG00000137944	548	262	286
ENSG00000229505	0	0	0
ENSG00000228187	0	0	0
ENSG00000285201	0	0	0
ENSG00000182183	23	6	17
ENSG00000236407	0	0	0
ENSG00000271949	0	0	0
ENSG00000227062	0	0	0
ENSG00000067334	845	409	436
ENSG00000235011	0	0	0
ENSG00000235673	1	1	0
ENSG00000226938	0	0	0
ENSG00000213559	0	0	0
ENSG00000287587	0	0	0
ENSG00000142949	5677	2813	2864
ENSG00000116133	2007	1123	1066
ENSG00000232882	1	0	1
ENSG00000171502	102	44	58
ENSG00000162399	3	1	2
ENSG00000116157	83	42	41
ENSG00000143036	748	367	381
ENSG00000232672	0	0	0
ENSG00000230817	0	0	0
ENSG00000235613	14	6	8
ENSG00000065243	1274	646	628
ENSG00000226759	0	0	0
ENSG00000226960	0	0	0
ENSG00000234080	0	0	0
ENSG00000237899	2	1	1
ENSG00000225492	16	11	5
ENSG00000223905	1	1	0
ENSG00000227290	0	0	0
ENSG00000229486	0	0	0
ENSG00000282898	0	0	0
ENSG00000285409	0	0	0
ENSG00000231090	0	0	0
ENSG00000117528	1732	851	881
ENSG00000271723	3	1	2
ENSG00000172339	385	180	205
ENSG00000036549	748	373	375
ENSG00000287724	2	47	52
ENSG00000058799	450	207	243
ENSG00000225191	0	0	0
ENSG00000287870	0	0	0
ENSG00000235563	13	10	4
ENSG00000232048	0	0	0
ENSG00000232857	0	0	0
ENSG00000273637	0	0	0
ENSG00000203985	5	1	4
ENSG00000228838	0	1	3
ENSG00000283761	16	7	9
ENSG00000189433	2	1	3
ENSG00000230759	0	0	0
ENSG00000231866	3	0	3
ENSG00000179178	455	244	220
ENSG00000142700	1	1	0
ENSG00000285525	0	0	0
ENSG00000236098	0	0	0
ENSG00000233514	1	0	1
ENSG00000127124	50	24	26
ENSG00000266993	20	18	26
ENSG00000223675	0	0	0
ENSG00000162604	494	227	267
ENSG00000229316	0	0	0
ENSG00000116171	4895	2395	2510
ENSG00000287406	2	2	0
ENSG00000225767	4	4	0
ENSG00000234099	0	0	0
ENSG00000137936	485	270	270
ENSG00000235308	5	2	3
ENSG00000232752	0	0	0
ENSG00000235829	1	0	1
ENSG00000143032	0	0	0
ENSG00000226745	0	0	0
ENSG00000178028	1087	520	567
ENSG00000280040	7	5	2
ENSG00000168710	2602	1288	1314
ENSG00000117519	2917	1405	1512
ENSG00000270507	0	0	0
ENSG00000238037	0	0	0
ENSG00000215869	0	0	0
ENSG00000134215	698	350	348
ENSG00000227935	3	2	1
ENSG00000229887	1	1	0
ENSG00000228502	10	6	4
ENSG00000236268	0	0	0
ENSG00000271277	0	0	0
ENSG00000236888	0	0	0
ENSG00000279778	1	0	1
ENSG00000232015	0	0	0
ENSG00000230955	0	96	65
ENSG00000230828	0	0	0
ENSG00000188641	713	376	382
ENSG00000152078	285	132	153
ENSG00000237279	0	0	0
ENSG00000233359	1	0	1
ENSG00000237954	0	0	0
ENSG00000185668	4	4	0
ENSG00000171492	577	290	287
ENSG00000233129	0	0	0
ENSG00000170989	733	348	385
ENSG00000258634	191	144	143
ENSG00000233557	0	0	0
ENSG00000237897	0	0	0
ENSG00000116299	4926	2464	2463
ENSG00000137962	375	179	196
ENSG00000227832	0	0	0
ENSG00000286692	2	0	2
ENSG00000260464	3	2	5
ENSG00000237435	0	0	0
ENSG00000231996	0	0	0
ENSG00000273204	1	9	2
ENSG00000079739	2342	1305	1256
ENSG00000117154	5	3	2
ENSG00000162377	371	177	194
ENSG00000224613	3	3	0
ENSG00000215871	0	0	0
ENSG00000287372	0	0	0
ENSG00000232542	1	0	1
ENSG00000231095	0	0	0
ENSG00000116774	533	281	252
ENSG00000287756	2	0	2
ENSG00000269113	80	40	40
ENSG00000284652	5	4	1
ENSG00000023909	572	287	285
ENSG00000069702	802	409	393
ENSG00000232185	0	0	0
ENSG00000230489	0	0	0
ENSG00000228399	2	2	0
ENSG00000236776	0	0	0
ENSG00000285928	22	9	13
ENSG00000224685	0	0	0
ENSG00000287076	0	0	0
ENSG00000237480	0	0	0
ENSG00000271252	0	0	0
ENSG00000230427	2	1	1
ENSG00000235794	0	0	0
ENSG00000286758	0	0	0
ENSG00000237337	0	0	0
ENSG00000233983	0	0	0
ENSG00000198198	1358	1413	1313
ENSG00000225183	0	0	0
ENSG00000230402	0	0	0
ENSG00000116793	221	116	105
ENSG00000134201	137	71	66
ENSG00000238122	0	0	0
ENSG00000260879	0	34	32
ENSG00000213366	1400	724	676
ENSG00000230864	0	0	0
ENSG00000283354	0	0	0
ENSG00000232918	0	0	0
ENSG00000236360	0	5	3
ENSG00000183298	0	0	0
ENSG00000234332	4	2	2
ENSG00000117525	2423	1183	1240
ENSG00000225079	5	3	2
ENSG00000226483	0	0	0
ENSG00000224238	16	10	6
ENSG00000229537	0	0	0
ENSG00000162699	0	0	0
ENSG00000162692	332	160	172
ENSG00000203914	1	1	0
ENSG00000270457	6	1	5
ENSG00000203858	0	0	0
ENSG00000231987	0	0	0
ENSG00000228057	4	3	1
ENSG00000261593	0	0	0
ENSG00000224445	0	0	0
ENSG00000229842	0	0	0
ENSG00000270631	0	0	0
ENSG00000229201	0	0	0
ENSG00000181656	3	1	2
ENSG00000122481	94	55	39
ENSG00000198162	876	430	446
ENSG00000238198	25	11	14
ENSG00000171517	2	1	1
ENSG00000228852	19	9	10
ENSG00000203864	0	0	0
ENSG00000233482	0	0	0
ENSG00000230250	0	0	0
ENSG00000232878	7	26	26
ENSG00000143079	565	269	296
ENSG00000232450	14	9	5
ENSG00000223575	1	0	1
ENSG00000230768	0	0	0
ENSG00000235202	0	0	0
ENSG00000272715	3	1	2
ENSG00000235038	0	0	0
ENSG00000143093	888	458	430
ENSG00000226415	17	3	14
ENSG00000085491	1167	597	655
ENSG00000173947	9	9	0
ENSG00000241361	2	2	0
ENSG00000230434	0	0	0
ENSG00000230718	0	0	0
ENSG00000134198	136	55	81
ENSG00000235595	0	0	0
ENSG00000226053	0	0	0
ENSG00000226128	0	0	0
ENSG00000198799	843	489	444
ENSG00000279513	3	1	2
ENSG00000117620	1949	985	1003
ENSG00000280186	3	1	2
ENSG00000223906	0	0	0
ENSG00000162688	665	315	350
ENSG00000197106	3	2	1
ENSG00000259946	0	0	0
ENSG00000236137	21	26	31
ENSG00000203859	3	1	2
ENSG00000228086	0	9	12
ENSG00000213421	0	0	0
ENSG00000234020	1	1	0
ENSG00000060718	4	2	2
ENSG00000236804	0	0	0
ENSG00000231072	0	0	0
ENSG00000273406	0	0	0
ENSG00000185946	501	244	257
ENSG00000162627	722	333	389
ENSG00000226715	0	0	0
ENSG00000162695	655	304	351
ENSG00000134184	1	1	2
ENSG00000265808	1002	488	514
ENSG00000261290	0	0	0
ENSG00000225923	0	0	0
ENSG00000134247	1331	690	641
ENSG00000187481	0	0	0
ENSG00000116752	472	216	256
ENSG00000162664	1168	562	606
ENSG00000236866	0	0	0
ENSG00000134253	216	90	126
ENSG00000277655	0	0	0
ENSG00000223416	2	1	1
ENSG00000213226	2	0	2
ENSG00000179571	1	1	0
ENSG00000227850	2	1	1
ENSG00000243967	1	1	0
ENSG00000235777	1	0	1
ENSG00000260246	0	3	0
ENSG00000173218	318	151	167
ENSG00000285532	1	1	0
ENSG00000226755	0	0	0
ENSG00000232650	2	3	0
ENSG00000183508	1149	578	571
ENSG00000277095	0	0	0
ENSG00000236806	7	3	4
ENSG00000234283	0	0	0
ENSG00000237188	10	4	6
ENSG00000232780	0	0	0
ENSG00000274927	0	0	0
ENSG00000264145	0	0	0
ENSG00000238256	0	0	0
ENSG00000198765	0	0	0
ENSG00000224335	0	0	0
ENSG00000277702	5	4	1
ENSG00000143398	885	450	435
ENSG00000196505	272	134	138
ENSG00000225871	14	13	9
ENSG00000223489	0	0	0
ENSG00000230546	1	0	1
ENSG00000213262	3	2	1
ENSG00000287015	0	0	0
ENSG00000241720	2	74	39
ENSG00000235526	0	0	0
ENSG00000228347	0	0	0
ENSG00000276975	17	9	8
ENSG00000236012	0	0	0
ENSG00000270911	3	3	0
ENSG00000272824	4	2	2
ENSG00000134200	2	1	1
ENSG00000234257	0	0	0
ENSG00000065183	451	213	267
ENSG00000227082	3	2	1
ENSG00000228626	0	0	0
ENSG00000226126	0	0	0
ENSG00000163393	101	50	51
ENSG00000163156	348	178	171
ENSG00000143631	4	2	3
ENSG00000156150	0	52	44
ENSG00000228453	0	0	0
ENSG00000274642	1	1	0
ENSG00000177551	4	1	3
ENSG00000197323	835	409	426
ENSG00000237975	27	10	18
ENSG00000261168	18	7	11
ENSG00000287980	0	0	0
ENSG00000229283	0	0	0
ENSG00000271419	0	0	0
ENSG00000226172	0	0	0
ENSG00000079335	314	156	179
ENSG00000143119	1119	537	582
ENSG00000237278	0	45	45
ENSG00000285062	0	0	0
ENSG00000233432	0	0	0
ENSG00000227700	0	0	0
ENSG00000229911	0	0	0
ENSG00000143520	0	0	0
ENSG00000171943	103	54	51
ENSG00000270719	0	0	0
ENSG00000155761	6	18	17
ENSG00000230806	0	0	0
ENSG00000116830	575	279	296
ENSG00000234422	0	0	0
ENSG00000227056	2	2	0
ENSG00000143614	676	343	333
ENSG00000227091	0	0	0
ENSG00000169418	230	123	107
ENSG00000214204	0	0	0
ENSG00000081026	881	438	443
ENSG00000225650	0	0	0
ENSG00000227179	0	0	0
ENSG00000224965	5	3	2
ENSG00000228127	0	0	0
ENSG00000226984	1	1	0
ENSG00000186150	1	0	1
ENSG00000143554	579	304	275
ENSG00000143458	1026	501	525
ENSG00000230932	0	0	0
ENSG00000073754	0	0	0
ENSG00000228826	2	0	2
ENSG00000233907	0	0	0
ENSG00000225036	0	0	0
ENSG00000228420	0	0	0
ENSG00000233839	0	0	0
ENSG00000250890	0	0	0
ENSG00000232240	0	0	0
ENSG00000280649	17	7	14
ENSG00000131781	1155	538	634
ENSG00000223599	12	6	6
ENSG00000230921	0	0	0
ENSG00000286151	0	0	0
ENSG00000234388	0	0	0
ENSG00000235015	0	0	0
ENSG00000271736	0	0	0
ENSG00000235988	0	0	0
ENSG00000233717	1	1	0
ENSG00000231551	69	33	36
ENSG00000227295	7	1	6
ENSG00000163155	134	65	71
ENSG00000243613	1	22	16
ENSG00000241975	11	5	6
ENSG00000271143	0	0	0
ENSG00000270976	0	0	0
ENSG00000228217	0	0	0
ENSG00000270342	0	0	0
ENSG00000143552	37	20	17
ENSG00000175984	52	21	31
ENSG00000231100	1	0	1
ENSG00000116824	580	297	283
ENSG00000235887	0	0	0
ENSG00000237460	0	0	0
ENSG00000236327	2	1	1
ENSG00000223804	6	4	2
ENSG00000236887	0	0	0
ENSG00000024526	305	167	170
ENSG00000236480	1	1	0
ENSG00000235756	0	0	0
ENSG00000173810	2	1	1
ENSG00000235005	0	0	0
ENSG00000271890	0	0	0
ENSG00000238107	0	0	1
ENSG00000227425	0	0	0
ENSG00000233222	0	10	16
ENSG00000225279	3	0	3
ENSG00000229101	0	0	0
ENSG00000224927	0	0	0
ENSG00000239216	0	0	0
ENSG00000283360	8	5	3
ENSG00000117262	166	82	84
ENSG00000227907	5	2	3
ENSG00000143624	2016	1028	1084
ENSG00000227970	0	0	0
ENSG00000261055	0	0	0
ENSG00000231613	2	0	2
ENSG00000137947	455	223	232
ENSG00000236689	0	0	0
ENSG00000233589	5	21	16
ENSG00000117586	36	13	23
ENSG00000230946	2	1	1
ENSG00000226028	0	0	0
ENSG00000162728	0	0	0
ENSG00000229021	1	0	1
ENSG00000203825	0	0	0
ENSG00000184371	1241	620	621
ENSG00000233449	0	0	0
ENSG00000242943	0	0	0
ENSG00000233203	0	0	0
ENSG00000232499	12	9	3
ENSG00000232265	1	1	0
ENSG00000163154	79	37	44
ENSG00000232995	22	15	7
ENSG00000236957	0	0	0
ENSG00000238087	0	0	0
ENSG00000227777	3	1	2
ENSG00000177173	16	9	7
ENSG00000277406	10	5	5
ENSG00000238022	0	0	0
ENSG00000231671	0	0	0
ENSG00000162729	970	468	502
ENSG00000143158	1179	859	1028
ENSG00000271092	11	4	7
ENSG00000238118	0	0	0
ENSG00000276118	0	0	0
ENSG00000232148	0	0	0
ENSG00000278811	17	24	24
ENSG00000000460	135	189	142
ENSG00000188859	41	19	23
ENSG00000275075	0	0	0
ENSG00000135862	1816	882	934
ENSG00000232952	1	0	1
ENSG00000158473	673	322	351
ENSG00000227722	0	0	0
ENSG00000285922	0	0	0
ENSG00000275801	0	0	0
ENSG00000143198	3309	1611	1698
ENSG00000143318	19	9	10
ENSG00000232188	0	0	0
ENSG00000232212	0	0	0
ENSG00000143621	1987	975	1017
ENSG00000241042	0	0	0
ENSG00000143155	664	326	338
ENSG00000260322	0	0	0
ENSG00000223495	0	0	0
ENSG00000143156	76	231	128
ENSG00000198771	1042	506	588
ENSG00000225462	0	0	0
ENSG00000237756	1	0	1
ENSG00000116147	10	6	4
ENSG00000213064	1555	813	850
ENSG00000203307	6	5	1
ENSG00000143179	881	521	529
ENSG00000271187	0	0	0
ENSG00000274562	0	0	0
ENSG00000143315	399	182	217
ENSG00000116199	1121	563	558
ENSG00000231175	0	0	0
ENSG00000143185	3	1	2
ENSG00000235145	11	7	4
ENSG00000116260	3559	1763	1796
ENSG00000272931	13	6	7
ENSG00000143190	429	243	260
ENSG00000225475	0	0	0
ENSG00000230898	0	0	0
ENSG00000232223	0	0	0
ENSG00000224698	0	0	0
ENSG00000287697	4	0	12
ENSG00000075945	662	336	343
ENSG00000235303	0	0	0
ENSG00000234810	4	3	1
ENSG00000232750	0	0	0
ENSG00000224468	12	7	5
ENSG00000235628	0	0	0
ENSG00000232551	0	0	0
ENSG00000092607	26	10	16
ENSG00000238270	0	0	0
ENSG00000285894	0	0	0
ENSG00000236025	0	0	0
ENSG00000230687	0	0	0
ENSG00000230704	0	0	0
ENSG00000283255	0	0	0
ENSG00000227741	18	20	50
ENSG00000237049	0	0	0
ENSG00000286754	0	0	0
ENSG00000232751	0	0	0
ENSG00000236364	31	89	78
ENSG00000117091	196	179	197
ENSG00000235378	1	0	1
ENSG00000143171	36	14	22
ENSG00000275767	0	0	0
ENSG00000224718	0	0	0
ENSG00000047410	2161	1059	1253
ENSG00000231992	3	3	0
ENSG00000018625	228	120	108
ENSG00000171806	101	55	53
ENSG00000287919	3	3	0
ENSG00000229914	2	1	1
ENSG00000233882	0	0	0
ENSG00000198358	90	1061	420
ENSG00000229407	7	1	6
ENSG00000134216	0	0	0
ENSG00000230748	0	0	0
ENSG00000254154	70	43	27
ENSG00000162694	214	110	114
ENSG00000238108	0	0	0
ENSG00000214262	0	50	58
ENSG00000183853	423	225	198
ENSG00000215835	1	1	0
ENSG00000118197	340	176	167
ENSG00000135842	706	345	361
ENSG00000229258	0	1	1
ENSG00000287472	0	0	0
ENSG00000241318	0	0	0
ENSG00000228238	2	0	2
ENSG00000232393	0	0	0
ENSG00000121454	70	81	97
ENSG00000184155	0	0	0
ENSG00000058085	277	121	156
ENSG00000260088	0	2	1
ENSG00000287978	38	19	19
ENSG00000116815	394	179	215
ENSG00000232917	0	0	0
ENSG00000233057	12	6	6
ENSG00000237131	0	0	0
ENSG00000233946	0	0	0
ENSG00000143167	3466	1743	1723
ENSG00000143184	17	10	7
ENSG00000231966	2	1	1
ENSG00000176320	3	1	2
ENSG00000260976	0	0	0
ENSG00000235215	2	2	0
ENSG00000223450	8	3	5
ENSG00000224691	0	0	0
ENSG00000286572	1	1	0
ENSG00000235101	1	1	0
ENSG00000228215	0	0	0
ENSG00000177807	12	8	4
ENSG00000233626	0	0	0
ENSG00000233691	0	0	0
ENSG00000283518	1	0	1
ENSG00000271527	0	0	0
ENSG00000143228	374	168	206
ENSG00000235827	0	0	0
ENSG00000231615	4	2	2
ENSG00000231714	0	0	0
ENSG00000174514	115	75	63
ENSG00000143178	73	47	26
ENSG00000224837	0	0	0
ENSG00000116833	1215	602	613
ENSG00000227740	15	8	7
ENSG00000260990	0	0	0
ENSG00000000457	293	222	260
ENSG00000143507	55	28	27
ENSG00000285638	0	0	0
ENSG00000226520	0	0	0
ENSG00000284592	0	0	0
ENSG00000230987	0	0	0
ENSG00000232527	0	0	0
ENSG00000215833	0	0	0
ENSG00000228167	0	0	0
ENSG00000225325	0	0	0
ENSG00000223344	0	0	0
ENSG00000228191	0	0	0
ENSG00000229961	2	1	1
ENSG00000150732	0	0	0
ENSG00000157064	44	30	21
ENSG00000288139	0	0	0
ENSG00000226015	156	79	77
ENSG00000215808	2	1	1
ENSG00000059588	1829	918	911
ENSG00000231512	0	0	0
ENSG00000237379	0	0	0
ENSG00000232959	0	7	10
ENSG00000122224	177	100	77
ENSG00000162782	30	15	15
ENSG00000238051	0	0	0
ENSG00000233196	0	0	0
ENSG00000229220	11	7	4
ENSG00000143653	1135	544	591
ENSG00000135837	1033	481	552
ENSG00000158711	944	464	503
ENSG00000227747	0	0	0
ENSG00000228081	0	0	0
ENSG00000228020	0	0	0
ENSG00000234975	42	20	22
ENSG00000162851	388	174	214
ENSG00000271427	5	1	4
ENSG00000261817	0	0	0
ENSG00000143353	255	120	161
ENSG00000197965	1956	940	1016
ENSG00000143493	352	183	169
ENSG00000230777	1	0	1
ENSG00000179397	18	11	7
ENSG00000224540	0	0	0
ENSG00000117592	1232	582	650
ENSG00000186197	5	1	4
ENSG00000229067	0	0	0
ENSG00000230231	0	1	0
ENSG00000227711	0	0	0
ENSG00000261182	0	0	0
ENSG00000228879	0	0	0
ENSG00000227925	0	0	0
ENSG00000162670	280	153	142
ENSG00000225712	1	0	1
ENSG00000162761	47	20	29
ENSG00000143199	2	0	2
ENSG00000179930	1	1	0
ENSG00000007908	6	2	4
ENSG00000092978	297	137	160
ENSG00000143499	613	278	335
ENSG00000188404	43	19	24
ENSG00000227735	0	0	0
ENSG00000243062	0	0	0
ENSG00000143196	243	114	129
ENSG00000228504	0	0	0
ENSG00000274702	0	0	0
ENSG00000226211	0	0	0
ENSG00000236942	4	1	3
ENSG00000287205	0	0	0
ENSG00000203697	208	98	110
ENSG00000116574	1269	620	649
ENSG00000287929	2	4	5
ENSG00000186283	823	402	421
ENSG00000224896	0	0	0
ENSG00000226292	0	0	0
ENSG00000121481	179	103	76
ENSG00000227940	0	0	0
ENSG00000117139	659	337	322
ENSG00000143248	5918	2907	3011
ENSG00000278455	0	0	0
ENSG00000224810	0	0	0
ENSG00000162814	13	7	6
ENSG00000225172	0	0	0
ENSG00000261642	0	0	0
ENSG00000228239	0	0	0
ENSG00000237283	0	0	0
ENSG00000116132	64	34	30
ENSG00000238042	0	0	0
ENSG00000271475	0	0	0
ENSG00000231877	1	1	0
ENSG00000116679	3146	1494	1652
ENSG00000228536	3	1	2
ENSG00000230550	0	2	2
ENSG00000229242	0	0	0
ENSG00000253326	6	4	2
ENSG00000228470	1	1	0
ENSG00000152092	8	4	4
ENSG00000234984	0	0	0
ENSG00000231648	0	0	0
ENSG00000229983	2	1	1
ENSG00000215149	0	0	0
ENSG00000225122	0	0	0
ENSG00000225920	1	0	1
ENSG00000143476	338	162	176
ENSG00000121486	383	189	194
ENSG00000228437	0	0	0
ENSG00000214837	1	0	1
ENSG00000057252	690	348	342
ENSG00000225982	0	0	0
ENSG00000285718	0	0	0
ENSG00000234070	0	0	0
ENSG00000233620	0	0	0
ENSG00000237783	0	0	0
ENSG00000272906	21	35	30
ENSG00000233018	0	0	0
ENSG00000123685	74	31	43
ENSG00000224783	0	0	0
ENSG00000162852	1195	572	623
ENSG00000232792	0	0	0
ENSG00000273004	2	2	0
ENSG00000143842	957	492	465
ENSG00000268062	17	13	4
ENSG00000237409	3	0	3
ENSG00000116962	1692	838	854
ENSG00000288078	0	0	0
ENSG00000271399	6	2	4
ENSG00000229757	2	1	1
ENSG00000232679	0	0	0
ENSG00000159388	5656	2741	2915
ENSG00000220749	3	0	3
ENSG00000181450	141	71	70
ENSG00000223519	16	40	34
ENSG00000120333	476	227	268
ENSG00000286285	25	13	12
ENSG00000225300	6	3	3
ENSG00000223842	0	0	0
ENSG00000162753	0	2	0
ENSG00000228247	0	0	0
ENSG00000231424	28	13	15
ENSG00000143355	1	1	0
ENSG00000287177	0	0	0
ENSG00000237193	0	0	0
ENSG00000223490	0	0	0
ENSG00000121644	710	331	379
ENSG00000174502	0	0	0
ENSG00000224286	0	0	0
ENSG00000158715	441	209	232
ENSG00000143195	8	4	4
ENSG00000162849	41	22	19
ENSG00000232824	0	0	0
ENSG00000273416	2	0	2
ENSG00000234142	1	0	2
ENSG00000282111	0	0	0
ENSG00000233410	0	0	0
ENSG00000067533	316	159	157
ENSG00000228955	2	0	2
ENSG00000270443	0	0	0
ENSG00000116209	4559	2270	2289
ENSG00000224702	0	0	2
ENSG00000271811	0	0	0
ENSG00000224278	0	0	0
ENSG00000235492	0	0	0
ENSG00000287808	12	16	31
ENSG00000271588	1	1	0
ENSG00000229840	0	0	0
ENSG00000116161	824	422	429
ENSG00000226486	0	0	0
ENSG00000227687	0	0	0
ENSG00000231814	0	0	0
ENSG00000286210	0	0	0
ENSG00000287364	1	0	1
ENSG00000225063	0	0	0
ENSG00000260698	33	13	20
ENSG00000277007	15	6	9
ENSG00000229016	0	0	0
ENSG00000077157	1660	781	904
ENSG00000152104	180	82	98
ENSG00000236975	2	1	1
ENSG00000215834	0	0	0
ENSG00000286541	0	0	0
ENSG00000117650	337	162	175
ENSG00000235021	5	4	1
ENSG00000203724	14	6	8
ENSG00000225006	0	0	0
ENSG00000287633	0	0	0
ENSG00000158764	6909	4208	4092
ENSG00000223375	0	0	0
ENSG00000230714	0	0	0
ENSG00000261065	0	12	13
ENSG00000260855	49	27	22
ENSG00000188783	545	266	279
ENSG00000236206	1	0	1
ENSG00000168118	841	434	463
ENSG00000181101	4	2	2
ENSG00000173726	2855	1398	1457
ENSG00000282852	1	0	1
ENSG00000152382	270	145	126
ENSG00000143839	0	0	0
ENSG00000232100	0	0	0
ENSG00000261024	0	0	0
ENSG00000230547	1	1	0
ENSG00000229703	2	2	0
ENSG00000176754	0	0	0
ENSG00000232309	0	0	0
ENSG00000227953	56	51	63
ENSG00000232215	1	0	1
ENSG00000135829	2737	1354	1418
ENSG00000228289	0	0	0
ENSG00000134717	425	205	220
ENSG00000232989	0	0	0
ENSG00000233537	0	0	0
ENSG00000116668	142	60	82
ENSG00000143756	530	246	284
ENSG00000278180	0	0	0
ENSG00000143702	136	74	73
ENSG00000232341	0	0	0
ENSG00000287676	0	0	0
ENSG00000236792	0	0	0
ENSG00000143207	784	378	406
ENSG00000270859	0	0	0
ENSG00000238224	0	0	0
ENSG00000286775	0	0	0
ENSG00000122176	689	348	341
ENSG00000229120	1	1	0
ENSG00000237492	0	0	0
ENSG00000230404	0	0	0
ENSG00000213036	2	1	1
ENSG00000227230	2	3	7
ENSG00000236230	0	0	0
ENSG00000026751	585	274	311
ENSG00000150681	116	67	65
ENSG00000116906	1377	675	702
ENSG00000092969	9	9	3
ENSG00000157181	667	325	342
ENSG00000250762	0	0	0
ENSG00000236720	0	0	0
ENSG00000227421	0	0	0
ENSG00000227240	10	6	4
ENSG00000076258	246	120	126
ENSG00000286073	0	0	0
ENSG00000231084	10	5	5
ENSG00000232085	0	2	1
ENSG00000117697	420	214	206
ENSG00000279333	0	13	10
ENSG00000235083	0	0	0
ENSG00000162669	16	11	5
ENSG00000197067	0	0	0
ENSG00000229652	0	0	0
ENSG00000132681	6	4	2
ENSG00000225904	0	0	0
ENSG00000270920	0	0	0
ENSG00000281664	0	0	0
ENSG00000143641	856	614	687
ENSG00000227630	19	7	12
ENSG00000228830	0	746	625
ENSG00000010932	180	85	95
ENSG00000282849	0	0	0
ENSG00000276520	0	0	0
ENSG00000226640	1	0	1
ENSG00000010072	156	90	104
ENSG00000135766	179	86	93
ENSG00000232626	2	2	0
ENSG00000232096	0	0	0
ENSG00000279261	2	0	2
ENSG00000213051	0	0	0
ENSG00000238054	0	0	0
ENSG00000163534	11	2	9
ENSG00000168243	106	51	55
ENSG00000281453	0	0	0
ENSG00000237469	0	0	0
ENSG00000224939	5	3	2
ENSG00000227613	0	0	0
ENSG00000116183	5	5	0
ENSG00000270106	1	1	0
ENSG00000232194	1	0	1
ENSG00000235152	0	0	0
ENSG00000231612	1	0	1
ENSG00000237980	5	3	2
ENSG00000271036	0	0	0
ENSG00000230849	0	0	0
ENSG00000170382	129	68	63
ENSG00000228664	0	0	0
ENSG00000226868	0	0	0
ENSG00000279401	1	1	0
ENSG00000272362	0	0	0
ENSG00000287450	0	0	0
ENSG00000237011	0	0	0
ENSG00000233583	1	1	0
ENSG00000066027	1544	775	769
ENSG00000286263	1	0	1
ENSG00000227006	12	4	8
ENSG00000236372	0	0	0
ENSG00000224525	0	0	0
ENSG00000188770	0	0	0
ENSG00000173728	4	2	2
ENSG00000094975	593	284	309
ENSG00000225811	1	5	10
ENSG00000273093	0	0	0
ENSG00000162772	460	223	237
ENSG00000227818	0	0	0
ENSG00000135828	342	166	176
ENSG00000224227	0	0	0
ENSG00000286398	0	0	0
ENSG00000076356	1091	547	544
ENSG00000215819	0	0	0
ENSG00000185523	2	2	0
ENSG00000236108	0	0	0
ENSG00000116711	460	228	232
ENSG00000231684	2	1	1
ENSG00000226750	0	0	0
ENSG00000285665	19	9	10
ENSG00000231022	0	0	0
ENSG00000224436	0	0	0
ENSG00000228208	1	0	1
ENSG00000273384	3	2	1
ENSG00000238061	3	0	3
ENSG00000234915	3	2	3
ENSG00000143845	34	36	27
ENSG00000235862	0	2	3
ENSG00000069812	56	25	31
ENSG00000227585	0	0	0
ENSG00000157060	1	1	0
ENSG00000237213	1	1	0
ENSG00000236439	0	0	0
ENSG00000224260	0	0	0
ENSG00000213045	0	0	0
ENSG00000287220	1	1	0
ENSG00000230063	4	4	2
ENSG00000235467	0	0	0
ENSG00000123684	2148	1038	1112
ENSG00000117707	212	86	129
ENSG00000228044	0	0	0
ENSG00000225338	3	2	1
ENSG00000224407	0	232	213
ENSG00000232463	0	0	0
ENSG00000237457	6	4	2
ENSG00000225171	14	6	8
ENSG00000226843	0	0	0
ENSG00000235386	0	0	0
ENSG00000123836	2209	1091	1144
ENSG00000213690	0	0	0
ENSG00000223982	0	0	0
ENSG00000229832	3	2	1
ENSG00000117691	799	351	448
ENSG00000225233	0	0	0
ENSG00000274895	13	6	7
ENSG00000237514	0	0	0
ENSG00000287856	0	0	0
ENSG00000228067	0	0	0
ENSG00000284299	0	0	0
ENSG00000226375	0	0	0
ENSG00000203705	245	103	142
ENSG00000224040	0	0	0
ENSG00000228686	6	4	2
ENSG00000279838	18	6	12
ENSG00000174175	86	44	42
ENSG00000236401	0	0	0
ENSG00000241475	0	0	0
ENSG00000215800	0	0	0
ENSG00000286421	0	0	0
ENSG00000270936	0	0	0
ENSG00000008118	7	6	1
ENSG00000171161	575	284	291
ENSG00000241505	0	0	0
ENSG00000224535	0	0	0
ENSG00000282097	4	1	3
ENSG00000261453	15	7	8
ENSG00000231020	0	0	0
ENSG00000270818	0	0	0
ENSG00000196878	883	466	417
ENSG00000133059	337	150	187
ENSG00000225561	0	0	0
ENSG00000224668	0	0	0
ENSG00000242529	0	0	0
ENSG00000074964	2973	1434	1539
ENSG00000223847	0	0	0
ENSG00000277704	0	0	0
ENSG00000116918	465	210	259
ENSG00000274020	85	51	47
ENSG00000287445	6	4	2
ENSG00000259815	1	0	1
ENSG00000240963	0	0	0
ENSG00000226570	0	0	0
ENSG00000198929	64	30	34
ENSG00000272167	0	0	0
ENSG00000230628	1	1	0
ENSG00000162771	0	3	2
ENSG00000227579	1	1	0
ENSG00000176393	2181	1450	1492
ENSG00000174606	727	359	368
ENSG00000179914	2817	1364	1453
ENSG00000235750	719	368	351
ENSG00000284376	0	0	0
ENSG00000121446	1	0	1
ENSG00000226758	0	0	0
ENSG00000230199	1	0	1
ENSG00000236905	2	0	2
ENSG00000233304	6	4	3
ENSG00000288007	2	1	1
ENSG00000227887	0	0	0
ENSG00000116903	320	181	177
ENSG00000228255	0	0	0
ENSG00000226196	0	0	0
ENSG00000287354	1	5	4
ENSG00000233827	2	1	1
ENSG00000198797	5	1	4
ENSG00000271746	10	7	11
ENSG00000234233	3	2	1
ENSG00000151414	971	527	444
ENSG00000177614	10	5	5
ENSG00000223794	0	0	0
ENSG00000235182	0	0	3
ENSG00000213041	4	2	2
ENSG00000287157	0	0	0
ENSG00000233920	0	0	0
ENSG00000183831	0	0	0
ENSG00000225755	1	0	1
ENSG00000143858	26	25	26
ENSG00000197472	15	7	8
ENSG00000230184	2	0	2
ENSG00000234004	0	0	0
ENSG00000232436	0	0	0
ENSG00000231718	0	0	0
ENSG00000283952	0	0	0
ENSG00000230019	0	0	0
ENSG00000136643	246	118	128
ENSG00000232537	0	0	0
ENSG00000226036	0	0	0
ENSG00000285521	1	0	1
ENSG00000236317	0	0	0
ENSG00000176855	1	0	1
ENSG00000227728	0	0	0
ENSG00000133069	50	22	28
ENSG00000162877	17	11	6
ENSG00000233461	21	9	12
ENSG00000225401	3	2	1
ENSG00000228190	0	0	0
ENSG00000135747	8	6	2
ENSG00000227237	0	0	0
ENSG00000069248	715	371	344
ENSG00000232812	0	0	0
ENSG00000231666	0	0	0
ENSG00000226986	0	0	0
ENSG00000242042	0	0	0
ENSG00000234464	0	0	0
ENSG00000253148	0	0	0
ENSG00000227751	0	214	143
ENSG00000090104	3116	1530	1586
ENSG00000285280	16	19	15
ENSG00000232892	0	0	0
ENSG00000236950	0	0	0
ENSG00000236468	0	0	0
ENSG00000143322	525	268	257
ENSG00000185220	191	88	103
ENSG00000226003	0	0	0
ENSG00000230813	0	0	0
ENSG00000226862	11	6	5
ENSG00000236101	0	0	0
ENSG00000162769	428	208	220
ENSG00000133065	224	103	121
ENSG00000278684	0	0	0
ENSG00000236775	0	0	0
ENSG00000042781	20	11	9
ENSG00000234754	1	0	1
ENSG00000233084	0	0	0
ENSG00000227815	1	0	1
ENSG00000287046	3	1	2
ENSG00000223774	4	158	148
ENSG00000228863	16	110	86
ENSG00000228646	0	0	0
ENSG00000229112	0	0	0
ENSG00000233332	1	0	1
ENSG00000231984	0	0	0
ENSG00000286213	0	0	0
ENSG00000226876	6	5	1
ENSG00000277462	77	38	39
ENSG00000225591	1	0	1
ENSG00000035687	765	381	384
ENSG00000213080	8	4	4
ENSG00000180287	0	0	0
ENSG00000226693	0	0	0
ENSG00000234678	293	554	578
ENSG00000231272	0	0	0
ENSG00000223828	0	0	0
ENSG00000163431	1363	830	835
ENSG00000230124	667	390	385
ENSG00000226723	0	0	0
ENSG00000272672	1	0	1
ENSG00000143473	6	14	15
ENSG00000228982	0	0	0
ENSG00000235096	0	0	0
ENSG00000237250	0	0	0
ENSG00000007341	275	245	235
ENSG00000286747	0	0	0
ENSG00000236069	1	3	0
ENSG00000236244	0	0	0
ENSG00000272865	1	1	0
ENSG00000117222	349	177	172
ENSG00000143324	960	460	500
ENSG00000229871	3	2	1
ENSG00000225222	2	0	2
ENSG00000118193	238	115	123
ENSG00000234116	0	0	0
ENSG00000231940	3	0	3
ENSG00000198842	4	3	1
ENSG00000286619	3	2	1
ENSG00000198756	21	10	11
ENSG00000259823	13	6	7
ENSG00000271558	0	0	0
ENSG00000227554	0	0	0
ENSG00000178596	0	0	0
ENSG00000135749	373	219	221
ENSG00000143786	16	7	10
ENSG00000224584	0	0	0
ENSG00000054282	376	218	250
ENSG00000183780	16	12	5
ENSG00000229663	0	0	0
ENSG00000162702	215	95	120
ENSG00000251508	0	0	0
ENSG00000238272	0	0	2
ENSG00000228530	0	0	0
ENSG00000235060	0	0	0
ENSG00000143194	2	1	1
ENSG00000229531	3	2	1
ENSG00000271329	1	1	0
ENSG00000054267	801	383	419
ENSG00000261831	1	0	1
ENSG00000287921	0	0	1
ENSG00000177800	0	0	0
ENSG00000225620	1	0	1
ENSG00000232166	0	0	0
ENSG00000175137	776	377	399
ENSG00000134245	501	327	375
ENSG00000234041	1	1	0
ENSG00000227373	7	5	2
ENSG00000231905	4	4	0
ENSG00000228175	29	18	11
ENSG00000069275	3369	1640	1729
ENSG00000143674	771	380	391
ENSG00000237317	0	0	0
ENSG00000187889	118	57	61
ENSG00000134375	932	442	490
ENSG00000097046	325	155	170
ENSG00000232113	0	0	0
ENSG00000282718	0	0	0
ENSG00000231378	2	1	1
ENSG00000235605	1	2	1
ENSG00000223525	7	3	4
ENSG00000224857	0	0	0
ENSG00000273367	9	7	3
ENSG00000230604	3	1	2
ENSG00000231605	0	0	0
ENSG00000236358	6	5	3
ENSG00000203737	7	4	3
ENSG00000238003	3	0	3
ENSG00000215873	0	0	0
ENSG00000287008	0	0	0
ENSG00000185420	225	102	123
ENSG00000076321	345	163	182
ENSG00000272175	1	1	1
ENSG00000231564	1	0	1
ENSG00000135778	627	355	339
ENSG00000213070	0	0	0
ENSG00000282265	0	0	0
ENSG00000250536	1	1	0
ENSG00000229747	0	0	0
ENSG00000117280	299	151	148
ENSG00000233985	0	0	0
ENSG00000232175	8	8	0
ENSG00000287423	0	0	0
ENSG00000286774	0	0	0
ENSG00000236719	2	2	0
ENSG00000136636	2769	1356	1413
ENSG00000225486	0	0	0
ENSG00000227043	0	0	0
ENSG00000163874	569	256	313
ENSG00000285777	0	0	0
ENSG00000237249	4	4	0
ENSG00000286109	1	1	0
ENSG00000213068	0	0	0
ENSG00000054392	119	69	58
ENSG00000227994	0	0	0
ENSG00000286552	0	0	0
ENSG00000225711	5	2	3
ENSG00000122223	45	18	27
ENSG00000235869	0	0	0
ENSG00000188739	21	13	8
ENSG00000286666	0	0	0
ENSG00000135750	470	232	238
ENSG00000273198	1	0	1
ENSG00000203730	1	0	1
ENSG00000225719	0	0	0
ENSG00000273483	11	4	7
ENSG00000287987	0	0	0
ENSG00000203729	0	0	0
ENSG00000232809	0	0	0
ENSG00000284623	2	0	2
ENSG00000285981	1	0	1
ENSG00000261729	3	2	1
ENSG00000223869	0	0	0
ENSG00000229228	9	4	5
ENSG00000215796	0	0	0
ENSG00000185221	0	0	0
ENSG00000233047	0	0	0
ENSG00000143341	100	52	48
ENSG00000228309	0	0	0
ENSG00000229739	19	8	11
ENSG00000116703	2	2	0
ENSG00000273874	0	0	0
ENSG00000278791	0	176	223
ENSG00000278757	0	0	0
ENSG00000264341	0	0	0
ENSG00000264101	0	0	0
ENSG00000265141	1	0	1
ENSG00000221083	0	0	0
ENSG00000252404	0	0	0
ENSG00000222511	1	1	0
ENSG00000265392	0	0	0
ENSG00000243267	5	1	4
ENSG00000201725	0	0	0
ENSG00000274258	1	0	1
ENSG00000239149	1	0	1
ENSG00000252151	0	0	0
ENSG00000252969	0	0	0
ENSG00000252417	0	0	0
ENSG00000200975	0	0	0
ENSG00000201609	0	0	0
ENSG00000238482	0	0	0
ENSG00000252956	0	0	0
ENSG00000265606	0	0	0
ENSG00000284357	0	0	0
ENSG00000278034	0	0	0
ENSG00000207237	0	0	0
ENSG00000222784	0	0	0
ENSG00000266210	0	0	0
ENSG00000265961	0	0	0
ENSG00000251866	0	0	0
ENSG00000252691	0	0	0
ENSG00000264371	0	0	0
ENSG00000253005	0	0	0
ENSG00000238316	0	0	0
ENSG00000207941	0	0	0
ENSG00000264773	2	2	0
ENSG00000252448	4	1	3
ENSG00000200421	0	0	0
ENSG00000222282	1	0	1
ENSG00000199963	0	0	0
ENSG00000264698	0	0	0
ENSG00000207328	0	0	0
ENSG00000207466	0	0	0
ENSG00000252368	0	0	0
ENSG00000206779	0	0	0
ENSG00000265596	0	0	0
ENSG00000212541	2	1	1
ENSG00000200796	0	0	0
ENSG00000252190	0	0	0
ENSG00000264613	0	0	0
ENSG00000199240	0	0	0
ENSG00000277168	0	0	0
ENSG00000283724	0	0	0
ENSG00000284410	0	0	0
ENSG00000252018	0	0	0
ENSG00000206627	1	1	0
ENSG00000283414	1	0	1
ENSG00000207508	0	0	0
ENSG00000200171	0	0	0
ENSG00000207194	0	0	0
ENSG00000283477	0	0	0
ENSG00000264834	1	1	0
ENSG00000263675	5	2	3
ENSG00000266188	0	0	0
ENSG00000206981	0	0	0
ENSG00000200174	0	0	0
ENSG00000265822	0	0	0
ENSG00000265815	1	1	0
ENSG00000238653	0	0	0
ENSG00000212624	4	3	1
ENSG00000200575	1	1	0
ENSG00000212360	0	0	0
ENSG00000242860	0	0	0
ENSG00000263908	0	0	0
ENSG00000283690	0	0	0
ENSG00000199921	0	0	0
ENSG00000251825	0	0	0
ENSG00000201153	0	0	0
ENSG00000222624	0	0	0
ENSG00000223152	0	0	0
ENSG00000212308	0	0	0
ENSG00000279049	0	9	6
ENSG00000276081	0	0	0
ENSG00000239640	0	0	0
ENSG00000252338	0	0	0
ENSG00000251785	2	1	1
ENSG00000239319	0	0	0
ENSG00000222849	0	0	0
ENSG00000283749	0	0	0
ENSG00000251958	3	1	2
ENSG00000251767	0	0	0
ENSG00000243437	1	1	0
ENSG00000202263	1	0	1
ENSG00000199318	0	0	0
ENSG00000199666	0	0	0
ENSG00000200601	0	0	0
ENSG00000242482	0	0	0
ENSG00000212366	0	0	0
ENSG00000201620	0	0	0
ENSG00000206817	0	0	0
ENSG00000284247	0	0	0
ENSG00000200839	0	0	0
ENSG00000264963	0	0	0
ENSG00000264271	0	0	0
ENSG00000239504	0	0	0
ENSG00000284202	0	0	0
ENSG00000251720	1	1	0
ENSG00000274321	0	0	0
ENSG00000198974	0	0	0
ENSG00000212248	1	0	1
ENSG00000207962	1	1	0
ENSG00000276884	0	0	0
ENSG00000207234	3	3	0
ENSG00000202259	0	0	0
ENSG00000212459	0	0	0
ENSG00000278287	0	0	0
ENSG00000277565	0	0	0
ENSG00000263526	1	0	1
ENSG00000211575	0	0	0
ENSG00000275823	0	0	0
ENSG00000277689	0	0	1
ENSG00000274199	0	0	0
ENSG00000202254	0	0	0
ENSG00000244256	8	6	2
ENSG00000201491	0	0	0
ENSG00000199831	0	0	0
ENSG00000275455	0	0	0
ENSG00000252162	0	0	0
ENSG00000272051	0	0	0
ENSG00000283899	0	0	0
ENSG00000200800	0	0	0
ENSG00000207502	0	0	0
ENSG00000252530	0	0	0
ENSG00000200536	0	0	0
ENSG00000211543	0	0	0
ENSG00000252797	0	0	0
ENSG00000212266	0	0	0
ENSG00000222209	0	0	0
ENSG00000277141	0	0	0
ENSG00000215930	0	0	0
ENSG00000238761	0	0	0
ENSG00000201114	0	0	0
ENSG00000206679	0	0	0
ENSG00000264419	0	0	0
ENSG00000222069	0	0	0
ENSG00000274428	2	0	2
ENSG00000199879	0	0	0
ENSG00000274408	0	0	0
ENSG00000283676	0	0	0
ENSG00000252005	0	0	0
ENSG00000252510	1	0	1
ENSG00000207340	2	1	1
ENSG00000252830	0	0	0
ENSG00000274450	0	0	0
ENSG00000252135	0	0	0
ENSG00000278596	0	0	0
ENSG00000238825	1	1	0
ENSG00000201183	9	5	4
ENSG00000202408	0	0	0
ENSG00000252744	0	0	0
ENSG00000273768	1	1	0
ENSG00000242565	0	0	0
ENSG00000239984	0	0	0
ENSG00000283296	0	0	0
ENSG00000252717	0	0	0
ENSG00000194297	0	0	0
ENSG00000199565	0	0	0
ENSG00000277313	0	0	0
ENSG00000274940	1	0	1
ENSG00000207341	0	0	0
ENSG00000207472	0	0	0
ENSG00000206880	0	0	0
ENSG00000252552	1	0	1
ENSG00000199849	0	0	0
ENSG00000252407	0	0	0
ENSG00000212538	0	0	0
ENSG00000251813	0	0	0
ENSG00000207108	0	0	0
ENSG00000201312	0	0	0
ENSG00000207039	0	0	0
ENSG00000202491	0	0	0
ENSG00000201596	0	0	0
ENSG00000276839	2	2	0
ENSG00000207974	0	0	0
ENSG00000273629	0	0	0
ENSG00000201493	0	0	0
ENSG00000215952	0	0	0
ENSG00000200139	0	0	0
ENSG00000283575	0	0	0
ENSG00000238765	0	0	0
ENSG00000264916	4	1	3
ENSG00000212338	0	0	0
ENSG00000206659	0	0	0
ENSG00000253025	0	0	0
ENSG00000201619	0	0	0
ENSG00000201544	0	0	0
ENSG00000202498	0	0	0
ENSG00000221545	0	0	0
ENSG00000252906	10	6	4
ENSG00000206692	0	0	0
ENSG00000202329	0	0	0
ENSG00000242794	0	0	0
ENSG00000212144	0	0	0
ENSG00000283340	0	0	0
ENSG00000252860	4	3	1
ENSG00000252501	0	0	0
ENSG00000263390	0	0	0
ENSG00000207181	6	4	2
ENSG00000265744	2	2	0
ENSG00000264377	0	0	0
ENSG00000207149	0	0	0
ENSG00000283936	0	0	0
ENSG00000284485	0	0	0
ENSG00000201638	0	0	0
ENSG00000275213	0	0	0
ENSG00000239494	1	1	0
ENSG00000212230	0	0	0
ENSG00000252371	0	0	0
ENSG00000199442	0	0	0
ENSG00000200033	0	0	0
ENSG00000239690	0	0	0
ENSG00000202184	1	1	0
ENSG00000241395	2	0	2
ENSG00000200982	0	0	0
ENSG00000275207	1	1	0
ENSG00000202300	0	0	0
ENSG00000222407	0	0	0
ENSG00000222986	0	0	0
ENSG00000265435	0	0	0
ENSG00000272262	0	0	0
ENSG00000200495	1	0	1
ENSG00000202609	0	0	0
ENSG00000252553	1	1	0
ENSG00000206764	0	0	0
ENSG00000222240	0	0	0
ENSG00000212187	0	0	0
ENSG00000206637	2	1	1
ENSG00000253097	0	0	0
ENSG00000200036	0	0	0
ENSG00000201421	0	0	0
ENSG00000212610	0	0	0
ENSG00000252484	0	0	0
ENSG00000201944	5	3	2
ENSG00000200327	0	0	0
ENSG00000206905	0	0	0
ENSG00000200972	0	0	0
ENSG00000243051	0	0	0
ENSG00000252011	0	0	0
ENSG00000207326	0	0	0
ENSG00000212205	3	2	1
ENSG00000253042	3	1	2
ENSG00000274121	0	0	0
ENSG00000264358	1	1	0
ENSG00000206640	0	0	0
ENSG00000212527	0	0	0
ENSG00000252879	0	0	0
ENSG00000252612	0	0	0
ENSG00000202264	0	0	0
ENSG00000285609	0	0	0
ENSG00000206762	5	2	3
ENSG00000252084	0	0	0
ENSG00000200085	0	0	0
ENSG00000264500	2	0	2
ENSG00000202025	0	0	0
ENSG00000225545	0	0	0
ENSG00000206990	0	0	0
ENSG00000230175	0	0	0
ENSG00000225272	3	0	3
ENSG00000215838	1	1	0
ENSG00000273365	0	0	0
ENSG00000224358	6	3	3
ENSG00000230659	0	0	0
ENSG00000162545	1654	766	888
ENSG00000090432	536	288	248
ENSG00000215520	0	0	0
ENSG00000183114	11	6	5
ENSG00000158825	26	8	18
ENSG00000158828	419	703	803
ENSG00000284005	0	0	0
ENSG00000117242	120	632	575
ENSG00000234473	1	0	1
ENSG00000238754	0	0	0
ENSG00000134371	554	259	301
ENSG00000221680	0	0	0
ENSG00000162630	126	67	65
ENSG00000276735	0	0	0
ENSG00000232077	7	5	2
ENSG00000229639	0	0	0
ENSG00000287453	0	0	0
ENSG00000270615	0	0	0
ENSG00000287283	0	0	0
ENSG00000240692	0	0	0
ENSG00000229359	0	0	0
ENSG00000237919	0	2	0
ENSG00000066557	374	176	198
ENSG00000244389	0	0	0
ENSG00000228988	2	0	2
ENSG00000118454	450	216	234
ENSG00000226088	1	1	0
ENSG00000116761	94	58	36
ENSG00000278636	0	0	0
ENSG00000271992	3	2	1
ENSG00000233020	0	0	0
ENSG00000237033	0	0	0
ENSG00000226208	0	0	0
ENSG00000007968	532	268	264
ENSG00000235052	6	2	4
ENSG00000117318	1617	830	787
ENSG00000285802	1	1	0
ENSG00000229239	0	0	0
ENSG00000142676	15208	7471	7737
ENSG00000057757	634	318	316
ENSG00000011009	1154	568	586
ENSG00000117308	889	434	455
ENSG00000273844	0	0	0
ENSG00000235748	1	0	1
ENSG00000237861	0	0	0
ENSG00000221879	0	0	0
ENSG00000230260	0	0	0
ENSG00000199241	0	0	0
ENSG00000226919	1	0	3
ENSG00000223963	0	0	0
ENSG00000215802	0	0	0
ENSG00000233615	0	0	0
ENSG00000238085	0	0	0
ENSG00000265831	0	0	0
ENSG00000224348	0	0	0
ENSG00000286496	2	2	0
ENSG00000287516	1	0	1
ENSG00000287738	0	0	0
ENSG00000132703	0	0	0
ENSG00000276632	0	0	0
ENSG00000223603	0	0	0
ENSG00000132693	0	0	0
ENSG00000235226	0	0	0
ENSG00000158716	480	235	245
ENSG00000181036	50	23	27
ENSG00000158714	82	190	213
ENSG00000212161	0	0	0
ENSG00000243284	3	0	3
ENSG00000272668	131	67	65
ENSG00000213085	11	7	4
ENSG00000266458	0	0	0
ENSG00000287040	0	0	0
ENSG00000279430	3	2	1
ENSG00000162723	0	0	0
ENSG00000273933	7	4	3
ENSG00000256029	5	82	69
ENSG00000188004	1	1	0
ENSG00000266580	0	0	0
ENSG00000254545	2	4	1
ENSG00000203620	0	0	0
ENSG00000269967	8	2	6
ENSG00000228634	14	3	11
ENSG00000284702	0	0	0
ENSG00000221040	2	0	3
ENSG00000287217	53	22	32
ENSG00000163399	18864	25472	25867
ENSG00000212385	0	0	0
ENSG00000233154	12	4	8
ENSG00000230381	0	0	0
ENSG00000200547	0	0	0
ENSG00000224950	47	22	33
ENSG00000286276	3	6	5
ENSG00000177888	265	128	137
ENSG00000243364	236	118	118
ENSG00000251246	0	0	0
ENSG00000143590	27	10	17
ENSG00000202027	0	0	0
ENSG00000169242	1890	933	957
ENSG00000169241	839	372	467
ENSG00000223452	0	0	0
ENSG00000163463	166	85	81
ENSG00000273088	0	0	0
ENSG00000284586	0	0	0
ENSG00000169231	428	431	376
ENSG00000236263	0	21	11
ENSG00000236675	19	7	12
ENSG00000177628	525	282	243
ENSG00000116521	797	396	401
ENSG00000176444	1342	676	666
ENSG00000143630	283	197	224
ENSG00000143627	320	230	228
ENSG00000253074	0	0	0
ENSG00000252116	0	0	0
ENSG00000228523	0	0	0
ENSG00000223263	1	0	1
ENSG00000207504	0	0	0
ENSG00000238139	0	0	0
ENSG00000197721	0	0	0
ENSG00000244703	0	0	0
ENSG00000226289	0	0	0
ENSG00000285239	1	0	1
ENSG00000234219	9	4	5
ENSG00000174059	576	279	297
ENSG00000285719	3	2	1
ENSG00000284237	25	9	16
ENSG00000158731	0	0	0
ENSG00000201746	4	3	1
ENSG00000264881	0	0	0
ENSG00000199562	2	1	1
ENSG00000264501	0	0	0
ENSG00000284735	36	20	16
ENSG00000284642	57	29	28
ENSG00000142657	2245	1113	1132
ENSG00000271989	1	4	21
ENSG00000251503	5	3	5
ENSG00000175279	49	9	40
ENSG00000160049	653	343	418
ENSG00000203469	0	48	24
ENSG00000236035	6	1	5
ENSG00000221643	2	0	2
ENSG00000122188	179	101	78
ENSG00000288644	0	0	0
ENSG00000227417	9	3	6
ENSG00000223505	10	5	5
ENSG00000182004	668	340	328
ENSG00000236430	0	0	0
ENSG00000130768	346	263	251
ENSG00000227050	4	79	100
ENSG00000238231	6	4	2
ENSG00000240750	2	1	1
ENSG00000158156	226	113	120
ENSG00000182118	30	13	17
ENSG00000283799	0	0	0
ENSG00000227934	4	4	0
ENSG00000229595	0	0	0
ENSG00000143633	616	291	325
ENSG00000281912	27	17	17
ENSG00000288208	0	0	0
ENSG00000132773	247	133	181
ENSG00000070759	370	210	183
ENSG00000236872	2	0	2
ENSG00000280670	75	39	36
ENSG00000132763	232	1094	742
ENSG00000221953	2	1	1
ENSG00000226164	0	0	0
ENSG00000224014	5	2	3
ENSG00000215795	6	2	4
ENSG00000259865	124	50	74
ENSG00000227671	677	324	353
ENSG00000283881	0	0	0
ENSG00000252516	9	4	5
ENSG00000232347	0	0	0
ENSG00000214144	0	0	0
ENSG00000235818	0	0	0
ENSG00000197617	0	0	0
ENSG00000202079	0	0	0
ENSG00000286216	6	1	6
ENSG00000203664	0	0	0
ENSG00000169224	28	14	15
ENSG00000236817	0	1	0
ENSG00000177489	0	0	0
ENSG00000177476	0	0	0
ENSG00000283369	0	0	0
ENSG00000230411	0	0	0
ENSG00000251977	0	0	0
ENSG00000252254	0	0	0
ENSG00000227854	0	0	0
ENSG00000287589	0	0	0
ENSG00000259776	0	0	0
ENSG00000233355	321	182	144
ENSG00000234601	1	1	0
ENSG00000231979	0	0	0
ENSG00000215805	0	0	0
ENSG00000287102	0	0	0
ENSG00000217327	0	0	0
ENSG00000228818	0	0	0
ENSG00000202041	0	0	0
ENSG00000223694	1	1	0
ENSG00000233735	0	0	0
ENSG00000133019	219	101	123
ENSG00000162636	662	342	320
ENSG00000162639	333	149	184
ENSG00000285923	11	3	8
ENSG00000134186	1887	895	993
ENSG00000143107	2	2	0
ENSG00000232971	0	0	0
ENSG00000116266	785	366	419
ENSG00000228076	4	0	4
ENSG00000203897	0	0	0
ENSG00000237349	0	0	0
ENSG00000244716	9	4	5
ENSG00000228665	1	0	1
ENSG00000228054	0	0	0
ENSG00000273382	32	15	54
ENSG00000215717	837	428	446
ENSG00000278249	0	0	0
ENSG00000270066	0	0	0
ENSG00000251484	2	2	0
ENSG00000132676	1569	726	882
ENSG00000227673	0	0	0
ENSG00000203761	105	67	63
ENSG00000234937	7	0	7
ENSG00000132718	244	120	124
ENSG00000283442	3	2	1
ENSG00000143622	446	206	240
ENSG00000132680	1960	982	978
ENSG00000207475	1	1	0
ENSG00000280466	0	0	0
ENSG00000281394	0	0	0
ENSG00000277817	0	0	0
ENSG00000273002	25	12	13
ENSG00000224276	12	6	6
ENSG00000285677	3	316	473
ENSG00000163479	2216	1519	1475
ENSG00000160803	533	276	258
ENSG00000132698	1412	701	711
ENSG00000252236	0	0	0
ENSG00000260238	0	0	0
ENSG00000242252	15	6	9
ENSG00000198952	2033	1020	1013
ENSG00000163472	132	174	159
ENSG00000163468	3147	1520	1627
ENSG00000132677	25	12	13
ENSG00000237390	1	0	1
ENSG00000207933	0	0	0
ENSG00000254726	67	31	36
ENSG00000186377	78	41	37
ENSG00000186160	0	0	0
ENSG00000225154	0	0	0
ENSG00000225506	4	3	2
ENSG00000225514	0	0	0
ENSG00000224805	11	8	4
ENSG00000162366	764	367	397
ENSG00000226252	19	19	15
ENSG00000225762	15	7	8
ENSG00000186790	1	1	0
ENSG00000237424	114	48	66
ENSG00000189030	1	0	1
ENSG00000162763	0	0	0
ENSG00000143061	573	281	292
ENSG00000135821	7843	3820	4023
ENSG00000203740	0	0	0
ENSG00000162374	27	15	12
ENSG00000168275	314	203	244
ENSG00000241563	19	15	4
ENSG00000153207	720	352	368
ENSG00000156869	310	116	194
ENSG00000033122	41	14	29
ENSG00000143278	0	0	0
ENSG00000116678	274	143	131
ENSG00000159352	1735	815	920
ENSG00000158710	5974	3052	2922
ENSG00000162734	1145	580	619
ENSG00000049239	4035	2023	2012
ENSG00000186564	33	16	17
ENSG00000244038	3912	1942	1970
ENSG00000158747	7925	3688	4237
ENSG00000116690	5	117	39
ENSG00000126091	61	36	25
ENSG00000162383	127	67	61
ENSG00000171163	823	418	405
ENSG00000172456	249	132	119
ENSG00000162946	81	49	32
ENSG00000158786	2	1	1
ENSG00000118733	7	1	6
ENSG00000157870	1372	911	902
ENSG00000179085	345	184	161
ENSG00000173080	53	26	27
ENSG00000183347	4	1	3
ENSG00000276470	0	0	0
ENSG00000278852	0	0	0
ENSG00000275915	0	0	0
ENSG00000120937	0	0	0
ENSG00000224904	0	0	0
ENSG00000285646	21	8	13
ENSG00000199347	0	0	0
ENSG00000201801	3	1	2
ENSG00000116685	2699	1364	1335
ENSG00000083444	975	471	504
ENSG00000287384	1	0	1
ENSG00000270914	0	0	0
ENSG00000116691	505	245	260
ENSG00000202461	3	2	1
ENSG00000276869	0	0	0
ENSG00000243539	0	0	0
ENSG00000120949	14	7	7
ENSG00000201135	0	0	0
ENSG00000227875	0	0	0
ENSG00000285604	0	0	0
ENSG00000283789	0	0	0
ENSG00000263676	1	1	0
ENSG00000200591	1	1	0
ENSG00000162521	1990	1464	1426
ENSG00000162520	50	462	488
ENSG00000224409	0	0	0
ENSG00000162522	3613	1761	1852
ENSG00000116497	740	374	376
ENSG00000160097	51	18	33
ENSG00000121905	14	459	423
ENSG00000121900	1696	1282	1282
ENSG00000287691	9	1	8
ENSG00000278966	5	2	3
ENSG00000143222	1353	805	815
ENSG00000224985	12	57	222
ENSG00000143224	449	248	264
ENSG00000158850	700	360	401
ENSG00000158859	298	170	128
ENSG00000158869	267	120	147
ENSG00000158874	0	0	0
ENSG00000158882	330	229	221
ENSG00000284035	0	0	0
ENSG00000143257	29	85	64
ENSG00000248485	13	4	9
ENSG00000188931	73	41	42
ENSG00000236484	0	0	0
ENSG00000283696	22	9	13
ENSG00000288093	18	8	10
ENSG00000206921	0	0	0
ENSG00000215840	8	4	4
ENSG00000277882	0	0	0
ENSG00000283317	16	7	9
ENSG00000277762	0	0	0
ENSG00000227139	0	0	0
ENSG00000265107	79	55	56
ENSG00000274415	0	16	16
ENSG00000234190	0	0	0
ENSG00000223728	3	2	1
ENSG00000121634	0	0	0
ENSG00000188092	182	85	97
ENSG00000215859	20	10	13
ENSG00000273059	0	1	2
ENSG00000274372	7	4	3
ENSG00000206791	0	0	0
ENSG00000206585	3	3	0
ENSG00000229828	0	0	0
ENSG00000225080	3	1	2
ENSG00000198658	4	0	4
ENSG00000238382	0	0	0
ENSG00000225919	0	0	0
ENSG00000236497	0	0	0
ENSG00000207190	0	0	0
ENSG00000200508	0	0	0
ENSG00000284928	0	0	0
ENSG00000223949	7	5	2
ENSG00000116688	2515	1236	1279
ENSG00000188800	1	1	0
ENSG00000084073	849	432	419
ENSG00000231296	0	0	2
ENSG00000049089	626	320	306
ENSG00000227311	0	0	0
ENSG00000213172	0	0	0
ENSG00000284677	1	1	0
ENSG00000187801	18	9	9
ENSG00000260920	31	13	18
ENSG00000158887	109	55	54
ENSG00000255054	0	0	0
ENSG00000228172	25	155	205
ENSG00000117640	982	590	693
ENSG00000272478	0	0	0
ENSG00000127423	43	30	22
ENSG00000182749	496	324	327
ENSG00000207302	0	0	0
ENSG00000117632	2296	1121	1175
ENSG00000229786	1	0	1
ENSG00000223624	3	2	1
ENSG00000283938	0	0	0
ENSG00000199385	0	0	0
ENSG00000187147	1232	763	872
ENSG00000263381	0	0	0
ENSG00000126106	207	340	270
ENSG00000198520	87	46	41
ENSG00000199377	3	3	0
ENSG00000200169	5	4	1
ENSG00000142945	516	292	290
ENSG00000142937	20140	10470	10824
ENSG00000264294	0	0	0
ENSG00000200913	13	5	8
ENSG00000202031	5	2	3
ENSG00000207421	0	0	0
ENSG00000281859	0	0	0
ENSG00000234093	8	4	4
ENSG00000142959	419	191	228
ENSG00000173846	344	171	184
ENSG00000117425	67	40	28
ENSG00000202444	0	0	0
ENSG00000226499	0	0	0
ENSG00000070785	291	140	152
ENSG00000253039	0	0	0
ENSG00000229815	0	1	0
ENSG00000232369	1	0	1
ENSG00000268949	1	1	0
ENSG00000126107	1959	1044	1012
ENSG00000126088	725	379	443
ENSG00000234315	1	1	0
ENSG00000162408	780	411	369
ENSG00000229519	6	3	3
ENSG00000173662	2	0	2
ENSG00000204859	860	446	414
ENSG00000288629	0	0	0
ENSG00000230735	0	1	1
ENSG00000171488	295	156	139
ENSG00000226394	3	2	1
ENSG00000237200	1	1	0
ENSG00000070886	3	1	2
ENSG00000276835	0	0	0
ENSG00000265422	0	0	0
ENSG00000223776	14	13	16
ENSG00000273058	31	21	10
ENSG00000230325	3	6	7
ENSG00000119285	496	465	517
ENSG00000226498	4	2	2
ENSG00000237991	0	0	0
ENSG00000244020	0	0	0
ENSG00000288099	0	0	0
ENSG00000225886	2	0	2
ENSG00000206767	0	0	0
ENSG00000226662	0	0	0
ENSG00000207095	0	0	0
ENSG00000287244	0	0	0
ENSG00000231344	2	0	2
ENSG00000230833	0	0	0
ENSG00000117758	1162	573	589
ENSG00000269971	3	0	3
ENSG00000270031	2	2	0
ENSG00000223062	0	0	0
ENSG00000286433	1	4	28
ENSG00000117751	659	350	340
ENSG00000252947	0	0	0
ENSG00000130775	907	469	438
ENSG00000117748	678	336	342
ENSG00000223643	0	0	0
ENSG00000230239	0	0	0
ENSG00000263811	0	0	0
ENSG00000277234	0	0	0
ENSG00000235241	0	17	40
ENSG00000207005	0	0	0
ENSG00000272426	11	7	4
ENSG00000117122	72	49	45
ENSG00000286898	0	12	10
ENSG00000226526	1	16	12
ENSG00000159363	658	348	329
ENSG00000117118	2153	1010	1143
ENSG00000117115	179	88	91
ENSG00000204362	0	0	0
ENSG00000282843	0	0	0
ENSG00000142623	0	0	0
ENSG00000142619	3	1	2
ENSG00000266634	0	0	0
ENSG00000199459	0	0	0
ENSG00000273264	3	2	1
ENSG00000282057	8	4	4
ENSG00000272691	3	2	1
ENSG00000199934	0	0	0
ENSG00000230285	0	0	0
ENSG00000142871	2753	1300	1453
ENSG00000226643	0	0	0
ENSG00000234419	1	0	1
ENSG00000276997	7	6	1
ENSG00000222399	0	0	0
ENSG00000267305	0	0	0
ENSG00000143512	7	3	4
ENSG00000143498	80	44	37
ENSG00000225265	23	11	13
ENSG00000154305	917	523	560
ENSG00000229399	1	0	1
ENSG00000272750	32	105	91
ENSG00000186063	224	121	117
ENSG00000162819	1096	538	570
ENSG00000287684	36	28	25
ENSG00000234523	2	2	0
ENSG00000287338	14	3	11
ENSG00000187554	108	50	58
ENSG00000236846	0	0	0
ENSG00000226601	0	0	0
ENSG00000164010	294	216	211
ENSG00000164011	183	98	85
ENSG00000233708	0	0	0
ENSG00000237090	0	0	0
ENSG00000225099	0	0	0
ENSG00000284138	0	0	0
ENSG00000283973	4	1	3
ENSG00000207256	0	0	0
ENSG00000283136	0	0	0
ENSG00000277513	0	0	0
ENSG00000154309	289	130	159
ENSG00000226967	0	0	0
ENSG00000231407	2	2	2
ENSG00000229570	0	0	0
ENSG00000203857	14	4	10
ENSG00000226443	1	1	0
ENSG00000249798	0	0	0
ENSG00000239873	0	0	0
ENSG00000203855	1	1	0
ENSG00000240244	1	1	0
ENSG00000260941	3	2	1
ENSG00000198857	4	3	1
ENSG00000143067	102	49	53
ENSG00000134240	6007	2979	3028
ENSG00000134193	4686	2283	2403
ENSG00000215864	7	6	1
ENSG00000227205	0	0	0
ENSG00000226446	0	0	0
ENSG00000134249	0	0	0
ENSG00000092621	186	84	102
ENSG00000027644	4	3	1
ENSG00000241992	0	0	0
ENSG00000234226	0	0	0
ENSG00000137970	57	4	53
ENSG00000223229	0	0	0
ENSG00000285698	1	1	0
ENSG00000228035	1	0	1
ENSG00000287103	0	0	0
ENSG00000226973	0	0	0
ENSG00000274468	0	0	0
ENSG00000130764	981	514	556
ENSG00000266075	2	1	1
ENSG00000272153	40	71	58
ENSG00000230026	0	0	0
ENSG00000285177	2	2	0
ENSG00000284770	87	158	147
ENSG00000229795	0	0	0
ENSG00000238236	0	0	0
ENSG00000235638	0	0	0
ENSG00000231199	0	0	0
ENSG00000226663	0	0	0
ENSG00000231582	0	0	0
ENSG00000232714	0	0	0
ENSG00000235761	0	0	0
ENSG00000270710	1	0	1
ENSG00000227236	1	0	1
ENSG00000198837	1171	641	597
ENSG00000160741	967	504	463
ENSG00000276584	0	0	0
ENSG00000282386	13	1	13
ENSG00000273026	8	8	0
ENSG00000143578	445	248	250
ENSG00000143543	289	83	238
ENSG00000285641	0	8	4
ENSG00000143545	183	79	104
ENSG00000177954	8854	4679	4175
ENSG00000231416	2	1	1
ENSG00000200220	0	0	0
ENSG00000231837	0	0	0
ENSG00000263987	0	0	0
ENSG00000162642	405	191	214
ENSG00000223254	2	1	1
ENSG00000223653	9	10	25
ENSG00000116198	604	315	292
ENSG00000169598	348	164	187
ENSG00000226653	0	0	0
ENSG00000207209	0	0	0
ENSG00000272443	0	0	0
ENSG00000272480	0	0	0
ENSG00000288626	0	0	0
ENSG00000162836	665	339	326
ENSG00000207080	0	0	0
ENSG00000231791	0	0	0
ENSG00000244568	0	0	0
ENSG00000271387	17	7	10
ENSG00000116667	1689	838	851
ENSG00000230470	4	2	2
ENSG00000232036	1	0	1
ENSG00000285847	45	25	21
ENSG00000286378	1	1	1
ENSG00000215381	0	0	0
ENSG00000261326	434	204	230
ENSG00000284726	9	5	4
ENSG00000125945	203	114	110
ENSG00000201405	0	0	0
ENSG00000271420	19	7	12
ENSG00000204219	1426	670	757
ENSG00000232482	4	2	2
ENSG00000285779	0	0	0
ENSG00000162885	458	439	417
ENSG00000270780	0	0	0
ENSG00000232895	0	0	0
ENSG00000273698	0	0	0
ENSG00000273112	0	0	0
ENSG00000173110	140	64	76
ENSG00000224203	0	0	0
ENSG00000224515	0	0	0
ENSG00000225217	247	117	130
ENSG00000231586	2	0	2
ENSG00000234211	1	2	4
ENSG00000213075	1	0	1
ENSG00000143125	0	0	0
ENSG00000270380	0	0	0
ENSG00000282887	0	0	0
ENSG00000283999	0	0	0
ENSG00000240194	0	0	0
ENSG00000235407	0	0	0
ENSG00000143105	0	0	0
ENSG00000199710	0	0	0
ENSG00000237415	0	0	0
ENSG00000232791	0	0	0
ENSG00000177301	32	15	17
ENSG00000226828	0	0	0
ENSG00000279774	2	2	0
ENSG00000229960	0	0	0
ENSG00000286486	2	1	1
ENSG00000244066	0	0	0
ENSG00000237759	0	0	0
ENSG00000287531	0	0	0
ENSG00000225855	259	986	825
ENSG00000283701	1	1	0
ENSG00000207134	2	0	2
ENSG00000227773	2	0	2
ENSG00000207144	0	0	0
ENSG00000237872	3	3	0
ENSG00000271267	16	5	11
ENSG00000225082	2	0	2
ENSG00000223503	7	4	3
ENSG00000232519	0	0	2
ENSG00000160752	1055	1273	1321
ENSG00000121957	551	651	641
ENSG00000235089	0	0	0
ENSG00000285179	0	0	0
ENSG00000223026	0	0	0
ENSG00000225721	8	46	1185
ENSG00000188396	32	23	20
ENSG00000202167	0	0	0
ENSG00000207349	0	0	0
ENSG00000252826	0	0	0
ENSG00000206737	0	0	0
ENSG00000223779	0	0	0
ENSG00000242352	0	0	0
ENSG00000270962	0	0	0
ENSG00000263590	0	0	0
ENSG00000252105	0	0	0
ENSG00000233430	0	0	0
ENSG00000237503	0	0	0
ENSG00000265531	2	0	2
ENSG00000234571	1	1	0
ENSG00000230186	0	0	1
ENSG00000268074	0	0	0
ENSG00000270872	1	0	1
ENSG00000276674	0	0	0
ENSG00000082482	26	14	12
ENSG00000116747	372	235	257
ENSG00000118729	59	31	28
ENSG00000134207	0	0	0
ENSG00000163467	9	3	6
ENSG00000243710	2	2	1
ENSG00000117395	648	301	357
ENSG00000116874	348	188	204
ENSG00000065600	89	45	44
ENSG00000009780	241	106	135
ENSG00000023572	337	222	222
ENSG00000077254	1281	618	663
ENSG00000134644	1277	617	660
ENSG00000215788	1126	631	685
ENSG00000117834	1524	833	876
ENSG00000117625	968	457	511
ENSG00000179902	7	2	6
ENSG00000020633	275	138	137
ENSG00000121766	320	182	229
ENSG00000143157	626	310	317
ENSG00000162614	720	320	418
ENSG00000160781	113	60	53
ENSG00000143344	459	197	262
ENSG00000162613	2026	997	1029
ENSG00000116882	6	2	4
ENSG00000198758	6431	3217	3214
ENSG00000117569	558	280	278
ENSG00000142856	321	238	304
ENSG00000158022	43	23	20
ENSG00000116396	380	182	198
ENSG00000058668	1252	608	644
ENSG00000163875	746	356	390
ENSG00000282872	0	0	0
ENSG00000131238	1277	607	670
ENSG00000171680	831	419	412
ENSG00000244457	0	0	0
ENSG00000116977	747	693	618
ENSG00000229372	0	74	55
ENSG00000274975	0	0	0
ENSG00000229348	2	0	2
ENSG00000242485	1106	594	653
ENSG00000264293	0	0	0
ENSG00000272455	81	33	48
ENSG00000225905	3	3	2
ENSG00000225285	17	7	10
ENSG00000179403	565	272	293
ENSG00000215915	15	8	7
ENSG00000236085	0	0	0
ENSG00000234441	0	0	0
ENSG00000227408	0	0	0
ENSG00000223635	1	0	1
ENSG00000135776	659	307	352
ENSG00000199672	1	1	0
ENSG00000201492	1	1	0
ENSG00000229367	0	0	0
ENSG00000135763	145	84	61
ENSG00000213028	3	1	2
ENSG00000225984	0	0	0
ENSG00000178828	119	92	97
ENSG00000235434	0	38	32
ENSG00000169914	557	276	281
ENSG00000188784	5	4	1
ENSG00000242688	0	0	0
ENSG00000177186	0	0	0
ENSG00000177174	0	0	0
ENSG00000269956	26	69	93
ENSG00000162456	0	0	0
ENSG00000079277	960	545	551
ENSG00000117407	12	7	5
ENSG00000237950	64	31	33
ENSG00000117408	416	212	204
ENSG00000285649	3	25	28
ENSG00000117410	1396	711	686
ENSG00000159214	128	72	70
ENSG00000196517	141	74	81
ENSG00000227163	0	0	0
ENSG00000271647	0	0	0
ENSG00000239560	0	0	0
ENSG00000196539	0	0	0
ENSG00000229255	0	0	0
ENSG00000203661	0	0	0
ENSG00000271934	0	0	0
ENSG00000224521	0	0	0
ENSG00000227102	0	0	0
ENSG00000183310	0	0	0
ENSG00000201602	0	0	0
ENSG00000271701	0	0	0
ENSG00000189181	0	0	0
ENSG00000187238	0	0	0
ENSG00000185962	0	0	0
ENSG00000226947	0	0	0
ENSG00000285753	0	0	0
ENSG00000187223	0	0	0
ENSG00000159455	0	0	0
ENSG00000187173	3	0	3
ENSG00000204501	0	0	0
ENSG00000228229	0	0	0
ENSG00000204481	0	0	0
ENSG00000204479	0	0	0
ENSG00000172031	10	3	7
ENSG00000233228	0	0	0
ENSG00000224678	0	0	0
ENSG00000233401	0	0	0
ENSG00000273487	6	3	3
ENSG00000226773	0	0	0
ENSG00000274481	0	0	0
ENSG00000228594	85	48	37
ENSG00000286989	29	17	12
ENSG00000272106	191	109	119
ENSG00000189409	12	6	6
ENSG00000272004	1	32	28
ENSG00000189339	1249	644	665
ENSG00000269737	90	46	44
ENSG00000215914	0	0	0
ENSG00000008128	8	1	7
ENSG00000268575	0	0	0
ENSG00000227775	121	59	63
ENSG00000008130	1420	745	675
ENSG00000078369	6153	3007	3146
ENSG00000178821	48	27	21
ENSG00000158477	21	7	14
ENSG00000230942	0	0	0
ENSG00000158481	184	85	99
ENSG00000158485	14	12	2
ENSG00000158488	70	30	40
ENSG00000186306	0	0	0
ENSG00000203758	0	0	0
ENSG00000236257	3	3	0
ENSG00000236656	0	0	0
ENSG00000198703	0	0	0
ENSG00000227445	0	0	0
ENSG00000231434	0	0	0
ENSG00000117505	1019	518	520
ENSG00000229635	2	2	0
ENSG00000207379	2	0	2
ENSG00000212601	0	0	0
ENSG00000162889	1989	1000	990
ENSG00000224114	13	4	9
ENSG00000199349	0	0	0
ENSG00000162892	6	27	28
ENSG00000162894	286	170	165
ENSG00000271680	1	0	1
ENSG00000226945	3	2	1
ENSG00000162896	139449	68342	71109
ENSG00000162897	106	41	65
ENSG00000182795	651	315	336
ENSG00000198890	296	152	144
ENSG00000224550	0	0	0
ENSG00000142669	1116	715	772
ENSG00000169442	236	193	186
ENSG00000225854	1	1	0
ENSG00000176083	0	0	0
ENSG00000229167	29	15	15
ENSG00000142910	1266	635	632
ENSG00000162517	816	440	463
ENSG00000235790	15	49	58
ENSG00000264078	1	1	0
ENSG00000241745	1	0	1
ENSG00000228407	5	1	4
ENSG00000223429	0	0	0
ENSG00000224255	1	0	1
ENSG00000236004	0	0	0
ENSG00000237663	0	0	0
ENSG00000213735	0	0	0
ENSG00000272100	3	24	40
ENSG00000287078	1	1	0
ENSG00000224680	2	2	0
ENSG00000085840	271	125	146
ENSG00000283445	3	2	1
ENSG00000272226	3	1	2
ENSG00000231740	0	0	0
ENSG00000143751	351	174	177
ENSG00000272562	13	4	10
ENSG00000163041	350	208	143
ENSG00000225518	21	11	10
ENSG00000270598	1	0	1
ENSG00000182827	721	361	414
ENSG000