N_unmapped	823428	823428	823428
N_multimapping	5423274	5423274	5423274
N_noFeature	9713104	31848265	31099162
N_ambiguous	3640019	1017938	978780
ENSG00000160072	1810	887	923
ENSG00000234396	2	2	5
ENSG00000225972	13	1	12
ENSG00000224315	3	2	1
ENSG00000198744	49	8	41
ENSG00000279928	0	0	0
ENSG00000228037	19	10	9
ENSG00000142611	154	75	79
ENSG00000225630	5432	2736	2696
ENSG00000284616	0	0	0
ENSG00000157911	388	616	615
ENSG00000269896	50	31	19
ENSG00000237973	7871	4813	3074
ENSG00000228463	5	2	6
ENSG00000260972	0	0	0
ENSG00000157933	3376	1668	1708
ENSG00000224340	3	3	0
ENSG00000226545	2	2	0
ENSG00000268663	0	0	0
ENSG00000226374	2	2	0
ENSG00000229280	0	0	0
ENSG00000142655	479	292	313
ENSG00000232596	3	3	0
ENSG00000235054	0	0	0
ENSG00000232663	1	1	0
ENSG00000240409	2	1	1
ENSG00000229344	32	29	9
ENSG00000231510	0	0	0
ENSG00000149527	183	96	87
ENSG00000284739	0	0	0
ENSG00000171621	1115	531	584
ENSG00000272235	60	26	34
ENSG00000284694	0	0	0
ENSG00000230021	7	20	35
ENSG00000287356	19	13	10
ENSG00000224387	4	1	3
ENSG00000285629	0	0	0
ENSG00000173673	0	0	0
ENSG00000142583	571	284	287
ENSG00000284674	0	0	0
ENSG00000272161	0	0	1
ENSG00000237094	96	54	42
ENSG00000224338	0	0	0
ENSG00000074800	27539	13683	13861
ENSG00000116786	3062	1623	1707
ENSG00000287727	28	17	11
ENSG00000228423	2	0	2
ENSG00000286448	1	4	0
ENSG00000131686	6	9	3
ENSG00000229305	0	0	0
ENSG00000284703	1	1	0
ENSG00000226457	8	4	4
ENSG00000173614	540	264	277
ENSG00000248527	20977	9159	11818
ENSG00000215720	6	2	4
ENSG00000241326	0	0	0
ENSG00000233623	18	11	7
ENSG00000162592	1	31	36
ENSG00000116254	39	25	14
ENSG00000233645	1	1	0
ENSG00000204624	7	4	4
ENSG00000142606	30	163	163
ENSG00000235146	0	0	0
ENSG00000225931	24	6	19
ENSG00000171729	567	283	294
ENSG00000279457	104	51	53
ENSG00000162571	25	20	9
ENSG00000229393	2	1	1
ENSG00000037637	1071	539	532
ENSG00000287586	14	6	8
ENSG00000159423	510	262	248
ENSG00000142599	4897	2287	2610
ENSG00000227169	0	0	0
ENSG00000283356	0	0	0
ENSG00000011021	1218	635	621
ENSG00000142615	3	2	1
ENSG00000215704	10	10	8
ENSG00000157916	2956	1874	1925
ENSG00000157881	886	443	443
ENSG00000238290	7	2	5
ENSG00000225387	0	0	0
ENSG00000048707	3921	1928	1993
ENSG00000158748	12	6	6
ENSG00000225196	0	0	0
ENSG00000162444	91	41	50
ENSG00000279625	0	0	0
ENSG00000180758	490	240	250
ENSG00000184677	2203	1084	1119
ENSG00000230679	2	5	2
ENSG00000270136	0	0	0
ENSG00000288398	100	56	44
ENSG00000224621	7	3	4
ENSG00000285833	0	0	1
ENSG00000131697	829	436	407
ENSG00000284692	0	0	0
ENSG00000284745	0	0	0
ENSG00000280222	3	3	0
ENSG00000227634	0	0	0
ENSG00000285945	1	1	0
ENSG00000229162	9	3	6
ENSG00000197921	45	20	25
ENSG00000233755	0	0	0
ENSG00000233929	2	0	2
ENSG00000271742	6	3	3
ENSG00000226396	49	22	27
ENSG00000169504	15359	7635	7724
ENSG00000234166	0	18	21
ENSG00000235282	0	0	0
ENSG00000055070	2987	2043	2134
ENSG00000175087	730	362	368
ENSG00000157191	2246	1084	1162
ENSG00000284699	0	0	0
ENSG00000230035	0	0	0
ENSG00000235185	1	0	1
ENSG00000225643	8	5	3
ENSG00000284666	0	0	0
ENSG00000228943	2	2	0
ENSG00000234397	0	0	0
ENSG00000284309	0	0	0
ENSG00000162511	6075	4923	5054
ENSG00000158014	8	2	6
ENSG00000204138	2640	1356	1284
ENSG00000233419	1	0	1
ENSG00000235263	0	0	0
ENSG00000228176	0	0	0
ENSG00000231251	0	0	0
ENSG00000142675	1219	587	632
ENSG00000197245	240	111	129
ENSG00000261025	1	1	0
ENSG00000116237	3426	1722	1859
ENSG00000130772	435	230	205
ENSG00000215899	0	0	0
ENSG00000271398	2	1	1
ENSG00000225011	0	0	0
ENSG00000235069	0	0	0
ENSG00000284676	0	0	0
ENSG00000237058	0	0	0
ENSG00000233399	15	9	6
ENSG00000090020	2426	1183	1243
ENSG00000157978	1377	667	710
ENSG00000226944	12	8	11
ENSG00000270282	5	3	2
ENSG00000130770	1590	1215	1362
ENSG00000229044	2	102	91
ENSG00000162512	2006	1033	973
ENSG00000158006	1001	516	485
ENSG00000214812	2	2	0
ENSG00000126698	2320	1160	1160
ENSG00000229447	35	20	15
ENSG00000229607	0	0	0
ENSG00000130766	2519	1243	1276
ENSG00000168528	1802	917	885
ENSG00000196581	361	154	207
ENSG00000169403	1937	970	967
ENSG00000084628	6	3	3
ENSG00000060688	1125	575	550
ENSG00000171612	551	287	264
ENSG00000270927	0	0	0
ENSG00000188910	504	243	261
ENSG00000230523	0	0	0
ENSG00000116138	1161	606	664
ENSG00000158161	1273	639	634
ENSG00000142684	0	298	309
ENSG00000234619	3	1	2
ENSG00000121769	35	23	12
ENSG00000142627	3588	1806	1784
ENSG00000284668	0	0	0
ENSG00000233234	0	0	0
ENSG00000142632	405	215	229
ENSG00000234593	7	2	5
ENSG00000158292	457	237	220
ENSG00000270605	72	30	44
ENSG00000189337	755	508	470
ENSG00000232912	31	13	18
ENSG00000235084	1	1	0
ENSG00000235143	0	0	0
ENSG00000225478	0	0	0
ENSG00000225077	10	52	78
ENSG00000028137	4635	2280	2355
ENSG00000238249	2	1	1
ENSG00000204464	15	10	5
ENSG00000233372	0	0	0
ENSG00000283259	0	0	0
ENSG00000284543	19	13	6
ENSG00000130939	2036	1004	1032
ENSG00000175147	108	169	172
ENSG00000127472	15	9	6
ENSG00000060656	354	176	178
ENSG00000163867	614	284	330
ENSG00000232768	7	3	4
ENSG00000230214	0	0	0
ENSG00000189280	7	3	4
ENSG00000134698	1543	763	780
ENSG00000134690	966	471	495
ENSG00000272420	8	4	4
ENSG00000132881	127	71	56
ENSG00000273274	4	3	1
ENSG00000116251	2865	1398	1504
ENSG00000272510	1	17	11
ENSG00000158286	476	286	271
ENSG00000236648	0	0	0
ENSG00000232273	30	17	13
ENSG00000009709	1	0	1
ENSG00000287396	0	0	0
ENSG00000223589	0	0	0
ENSG00000158008	3	3	0
ENSG00000130940	666	540	584
ENSG00000116771	637	349	371
ENSG00000237301	12	8	4
ENSG00000162585	822	541	513
ENSG00000163879	392	190	218
ENSG00000227527	4	2	2
ENSG00000116954	646	268	378
ENSG00000228589	120	113	7
ENSG00000163873	277	135	142
ENSG00000117215	53	29	24
ENSG00000196449	754	425	483
ENSG00000230163	0	43	31
ENSG00000227538	0	0	0
ENSG00000232208	2	1	1
ENSG00000236500	0	0	0
ENSG00000044012	11	5	6
ENSG00000179051	5161	2923	2779
ENSG00000215895	26	10	16
ENSG00000231868	4	2	3
ENSG00000284650	1	1	0
ENSG00000237329	9	5	4
ENSG00000236948	0	0	0
ENSG00000126067	3415	1706	1709
ENSG00000274944	0	0	0
ENSG00000132906	695	335	368
ENSG00000197312	2482	1160	1322
ENSG00000284748	1	0	1
ENSG00000272078	89	301	246
ENSG00000173660	2996	1366	1630
ENSG00000224592	1	0	1
ENSG00000233728	0	65	78
ENSG00000230451	0	0	0
ENSG00000231606	3	1	2
ENSG00000215900	0	0	0
ENSG00000284632	0	0	0
ENSG00000241014	10	0	10
ENSG00000054118	5366	2548	2818
ENSG00000254553	0	0	0
ENSG00000284653	0	0	0
ENSG00000237749	1	0	1
ENSG00000276747	1	0	1
ENSG00000284705	0	0	0
ENSG00000228776	0	0	0
ENSG00000159339	458	230	228
ENSG00000223814	0	0	0
ENSG00000197982	890	393	651
ENSG00000261781	0	0	0
ENSG00000183317	803	423	380
ENSG00000183386	477	241	236
ENSG00000284743	1	1	0
ENSG00000158315	285	174	165
ENSG00000204084	1248	689	708
ENSG00000186973	0	0	0
ENSG00000271806	18	43	49
ENSG00000146463	2325	1258	1290
ENSG00000279214	1	1	0
ENSG00000183520	1496	733	763
ENSG00000271741	0	0	0
ENSG00000214141	0	0	0
ENSG00000142686	412	227	185
ENSG00000224751	3	2	1
ENSG00000279096	3	3	0
ENSG00000117148	6	2	4
ENSG00000230585	18	8	10
ENSG00000117000	2358	1116	1242
ENSG00000284989	0	0	0
ENSG00000231630	0	0	0
ENSG00000092853	773	398	439
ENSG00000255811	0	1	1
ENSG00000134697	2361	1150	1227
ENSG00000187513	1446	701	745
ENSG00000238145	0	0	0
ENSG00000225142	0	0	0
ENSG00000230138	10	6	4
ENSG00000223390	2	50	97
ENSG00000285823	0	0	0
ENSG00000284720	0	0	0
ENSG00000225028	5	2	3
ENSG00000225671	0	0	0
ENSG00000116151	279	145	138
ENSG00000226147	1	0	1
ENSG00000182873	73	40	42
ENSG00000006555	647	327	320
ENSG00000236111	0	0	0
ENSG00000066056	2760	1421	1339
ENSG00000214114	702	315	387
ENSG00000173436	438	138	317
ENSG00000116544	30	11	19
ENSG00000231900	1	1	0
ENSG00000236723	2	251	258
ENSG00000232467	2	2	0
ENSG00000117016	225	113	112
ENSG00000121310	1969	962	1007
ENSG00000169213	241	132	109
ENSG00000163866	1118	590	602
ENSG00000225779	3	2	1
ENSG00000284601	0	0	0
ENSG00000237130	0	0	0
ENSG00000143001	29	35	29
ENSG00000229716	0	0	0
ENSG00000226133	1	0	1
ENSG00000227416	0	0	0
ENSG00000232335	7	38	33
ENSG00000260971	12	5	7
ENSG00000259832	0	0	0
ENSG00000284696	0	0	0
ENSG00000238242	0	0	0
ENSG00000285839	0	0	0
ENSG00000237290	0	0	0
ENSG00000232762	5	0	5
ENSG00000117419	806	411	395
ENSG00000162384	1048	555	568
ENSG00000162391	24	95	97
ENSG00000174348	603	339	389
ENSG00000154198	0	0	0
ENSG00000117859	2669	1285	1404
ENSG00000228121	0	0	0
ENSG00000253313	368	194	174
ENSG00000162396	118	59	59
ENSG00000203995	74	41	35
ENSG00000227742	13	9	4
ENSG00000284686	8	3	5
ENSG00000162378	1802	899	903
ENSG00000233079	0	0	0
ENSG00000259818	3	1	2
ENSG00000229444	0	1	0
ENSG00000240563	1397	656	741
ENSG00000234318	0	0	0
ENSG00000284773	16	7	9
ENSG00000234481	0	0	0
ENSG00000117862	244	165	79
ENSG00000235612	0	0	0
ENSG00000228369	5	4	1
ENSG00000183431	2234	1088	1146
ENSG00000227485	0	0	0
ENSG00000224609	26	13	18
ENSG00000235545	15	9	6
ENSG00000236646	2	1	1
ENSG00000169174	1126	569	557
ENSG00000232198	0	0	0
ENSG00000238063	3	2	1
ENSG00000227104	0	0	0
ENSG00000243725	57	47	10
ENSG00000171872	2	0	2
ENSG00000162407	3147	1552	1595
ENSG00000285079	3	2	1
ENSG00000169218	52	22	30
ENSG00000163877	1185	552	633
ENSG00000228929	7	2	5
ENSG00000224570	1	1	0
ENSG00000224980	2	1	1
ENSG00000278967	4	1	3
ENSG00000157184	508	549	541
ENSG00000272491	9	5	11
ENSG00000198815	3066	1502	1564
ENSG00000134744	2137	1057	1080
ENSG00000233910	0	0	0
ENSG00000287703	4	1	3
ENSG00000283039	0	0	0
ENSG00000229032	1	0	1
ENSG00000229294	0	0	0
ENSG00000232993	0	78	39
ENSG00000234088	0	0	0
ENSG00000236973	2	1	1
ENSG00000227947	5	2	3
ENSG00000277397	0	0	0
ENSG00000271200	1	0	2
ENSG00000235446	0	0	0
ENSG00000261196	0	0	0
ENSG00000162385	973	451	523
ENSG00000231413	0	0	0
ENSG00000234264	8	3	5
ENSG00000242391	1	1	2
ENSG00000223883	0	0	0
ENSG00000284808	0	0	0
ENSG00000242267	4	2	2
ENSG00000237227	9	5	4
ENSG00000275350	0	0	0
ENSG00000116652	45	26	32
ENSG00000123080	902	482	429
ENSG00000285778	0	0	0
ENSG00000077549	8733	4242	4508
ENSG00000233407	0	0	0
ENSG00000225675	4	2	2
ENSG00000237622	0	0	0
ENSG00000162598	0	0	0
ENSG00000280317	0	0	0
ENSG00000162415	224	107	121
ENSG00000162600	661	301	360
ENSG00000116704	2249	1105	1144
ENSG00000227644	0	7	1
ENSG00000157193	1189	737	700
ENSG00000116205	557	276	297
ENSG00000198841	143	53	90
ENSG00000116212	567	282	285
ENSG00000234204	0	0	0
ENSG00000233099	0	0	0
ENSG00000233994	9	7	2
ENSG00000237180	0	0	0
ENSG00000213561	14	6	8
ENSG00000233973	0	0	0
ENSG00000237552	0	0	0
ENSG00000132854	11	5	6
ENSG00000227556	0	0	0
ENSG00000162616	7193	3621	3573
ENSG00000162607	2400	1193	1207
ENSG00000233602	18	7	11
ENSG00000233271	0	17	18
ENSG00000285954	2	1	1
ENSG00000233333	7	5	2
ENSG00000154027	37	14	23
ENSG00000234108	1	1	0
ENSG00000232676	0	0	0
ENSG00000225167	0	0	0
ENSG00000132122	349	143	206
ENSG00000213579	2	1	1
ENSG00000137960	795	400	397
ENSG00000237852	0	0	0
ENSG00000116745	7	3	4
ENSG00000132855	10	4	7
ENSG00000285407	1	0	1
ENSG00000272855	0	0	0
ENSG00000270549	0	0	0
ENSG00000237163	0	0	0
ENSG00000229636	0	0	0
ENSG00000116675	192	100	92
ENSG00000162433	756	368	388
ENSG00000213625	3630	1772	1858
ENSG00000227207	0	0	0
ENSG00000227016	2	1	1
ENSG00000233664	0	0	0
ENSG00000158966	677	346	331
ENSG00000213703	0	0	0
ENSG00000203965	287	149	146
ENSG00000223479	0	0	0
ENSG00000233674	4	2	2
ENSG00000153898	267	117	150
ENSG00000117069	147	74	73
ENSG00000125703	547	263	284
ENSG00000285041	0	0	0
ENSG00000285808	0	0	0
ENSG00000229440	0	0	0
ENSG00000234144	0	0	0
ENSG00000213540	0	0	0
ENSG00000277670	0	0	0
ENSG00000227466	0	0	0
ENSG00000154007	0	0	0
ENSG00000230498	2	1	1
ENSG00000285782	0	0	0
ENSG00000162618	2993	1440	1553
ENSG00000224493	0	0	0
ENSG00000131233	1	1	0
ENSG00000272371	0	0	0
ENSG00000287647	2	1	1
ENSG00000229225	0	0	0
ENSG00000230863	0	0	0
ENSG00000213560	7	4	3
ENSG00000287224	0	0	0
ENSG00000225598	0	0	0
ENSG00000286455	0	0	0
ENSG00000225087	1	1	0
ENSG00000224986	3	2	1
ENSG00000280378	33	15	18
ENSG00000188786	1550	740	810
ENSG00000230053	0	0	0
ENSG00000137941	402	179	223
ENSG00000273338	7	3	4
ENSG00000223720	1	1	0
ENSG00000224326	0	0	0
ENSG00000286548	35	20	15
ENSG00000066135	588	395	421
ENSG00000230027	0	0	0
ENSG00000233061	26	16	10
ENSG00000272094	0	0	0
ENSG00000228853	1	0	1
ENSG00000215874	0	0	0
ENSG00000232453	10	5	5
ENSG00000260386	1	1	0
ENSG00000284895	0	0	0
ENSG00000117174	1111	548	563
ENSG00000237413	5	4	1
ENSG00000184313	17	8	9
ENSG00000284645	0	0	0
ENSG00000225605	0	0	0
ENSG00000225446	1	1	0
ENSG00000288543	0	0	0
ENSG00000122420	841	402	439
ENSG00000284240	1	0	1
ENSG00000236290	0	0	0
ENSG00000143013	1732	849	883
ENSG00000226084	5	2	3
ENSG00000134748	2108	1030	1078
ENSG00000142892	1342	670	672
ENSG00000219102	2	1	1
ENSG00000184005	276	115	161
ENSG00000230953	34	16	18
ENSG00000287743	2	1	1
ENSG00000229332	0	0	0
ENSG00000227937	0	0	0
ENSG00000229752	0	0	0
ENSG00000237505	9	6	3
ENSG00000285462	0	0	0
ENSG00000233216	0	0	0
ENSG00000197273	34	19	15
ENSG00000226804	0	0	0
ENSG00000285325	0	0	0
ENSG00000230728	2	2	0
ENSG00000162402	3985	1977	2008
ENSG00000232846	5	3	2
ENSG00000219201	5	3	2
ENSG00000230787	0	0	0
ENSG00000116641	1633	826	808
ENSG00000235927	41	25	47
ENSG00000223920	0	0	0
ENSG00000237453	4	3	1
ENSG00000172260	631	331	303
ENSG00000285473	0	0	0
ENSG00000237959	0	0	0
ENSG00000231364	0	0	0
ENSG00000234578	0	7	2
ENSG00000117480	821	383	438
ENSG00000137944	805	367	438
ENSG00000229505	0	0	0
ENSG00000228187	0	0	0
ENSG00000285201	0	0	0
ENSG00000182183	71	33	38
ENSG00000236407	0	0	0
ENSG00000271949	0	0	0
ENSG00000227062	0	0	0
ENSG00000067334	3574	1748	1826
ENSG00000235011	0	0	0
ENSG00000235673	1	1	0
ENSG00000226938	1	0	1
ENSG00000213559	0	0	0
ENSG00000287587	3	2	1
ENSG00000142949	4605	2289	2316
ENSG00000116133	4843	2784	2879
ENSG00000232882	2	0	2
ENSG00000171502	149	72	77
ENSG00000162399	1	1	0
ENSG00000116157	253	129	124
ENSG00000143036	794	397	397
ENSG00000232672	0	0	0
ENSG00000230817	1	1	0
ENSG00000235613	15	7	8
ENSG00000065243	3037	1504	1533
ENSG00000226759	0	0	0
ENSG00000226960	0	0	0
ENSG00000234080	1	1	0
ENSG00000237899	5	4	1
ENSG00000225492	228	125	107
ENSG00000223905	1	0	1
ENSG00000227290	0	0	0
ENSG00000229486	0	0	0
ENSG00000282898	0	0	0
ENSG00000285409	0	0	0
ENSG00000231090	1	0	1
ENSG00000117528	2201	1115	1086
ENSG00000271723	0	0	0
ENSG00000172339	451	205	246
ENSG00000036549	1718	846	872
ENSG00000287724	10	198	199
ENSG00000058799	962	431	531
ENSG00000225191	0	0	0
ENSG00000287870	0	0	0
ENSG00000235563	4	1	3
ENSG00000232048	0	0	0
ENSG00000232857	0	0	0
ENSG00000273637	0	0	0
ENSG00000203985	1	0	1
ENSG00000228838	4	12	31
ENSG00000283761	82	35	47
ENSG00000189433	3	4	1
ENSG00000230759	0	0	0
ENSG00000231866	0	0	0
ENSG00000179178	522	265	262
ENSG00000142700	1	0	1
ENSG00000285525	0	0	0
ENSG00000236098	3	1	2
ENSG00000233514	2	0	2
ENSG00000127124	882	436	446
ENSG00000266993	95	87	81
ENSG00000223675	2	0	2
ENSG00000162604	595	284	311
ENSG00000229316	0	0	0
ENSG00000116171	4319	2083	2241
ENSG00000287406	0	0	0
ENSG00000225767	12	9	3
ENSG00000234099	0	0	0
ENSG00000137936	778	418	433
ENSG00000235308	2	0	2
ENSG00000232752	0	0	0
ENSG00000235829	3	2	1
ENSG00000143032	0	0	0
ENSG00000226745	1	0	1
ENSG00000178028	1551	773	778
ENSG00000280040	4	3	1
ENSG00000168710	4922	2390	2532
ENSG00000117519	8074	3985	4089
ENSG00000270507	0	0	0
ENSG00000238037	1	0	1
ENSG00000215869	4	1	3
ENSG00000134215	948	468	480
ENSG00000227935	0	0	0
ENSG00000229887	0	0	0
ENSG00000228502	160	15	145
ENSG00000236268	0	0	0
ENSG00000271277	0	0	0
ENSG00000236888	0	0	0
ENSG00000279778	1	0	1
ENSG00000232015	0	0	0
ENSG00000230955	0	91	58
ENSG00000230828	0	0	0
ENSG00000188641	1378	718	720
ENSG00000152078	636	302	334
ENSG00000237279	0	0	0
ENSG00000233359	0	0	0
ENSG00000237954	0	0	0
ENSG00000185668	34	16	18
ENSG00000171492	972	468	504
ENSG00000233129	1	0	1
ENSG00000170989	4281	2139	2142
ENSG00000258634	184	146	153
ENSG00000233557	0	0	0
ENSG00000237897	0	0	0
ENSG00000116299	3184	1600	1586
ENSG00000137962	3647	1801	1846
ENSG00000227832	0	0	0
ENSG00000286692	3	0	3
ENSG00000260464	11	8	3
ENSG00000237435	0	0	0
ENSG00000231996	0	0	0
ENSG00000273204	7	22	19
ENSG00000079739	1433	809	799
ENSG00000117154	8	5	3
ENSG00000162377	1052	473	579
ENSG00000224613	0	0	0
ENSG00000215871	0	0	0
ENSG00000287372	0	0	0
ENSG00000232542	2	0	2
ENSG00000231095	0	0	0
ENSG00000116774	667	308	359
ENSG00000287756	10	6	4
ENSG00000269113	200	99	101
ENSG00000284652	13	6	7
ENSG00000023909	1270	653	617
ENSG00000069702	1801	903	898
ENSG00000232185	0	0	0
ENSG00000230489	0	0	0
ENSG00000228399	2	2	0
ENSG00000236776	4	1	3
ENSG00000285928	63	35	28
ENSG00000224685	0	0	0
ENSG00000287076	0	0	0
ENSG00000237480	0	0	0
ENSG00000271252	0	0	0
ENSG00000230427	3	0	3
ENSG00000235794	0	0	0
ENSG00000286758	1	0	1
ENSG00000237337	0	0	0
ENSG00000233983	0	0	0
ENSG00000198198	3239	2246	2304
ENSG00000225183	0	0	0
ENSG00000230402	0	0	0
ENSG00000116793	1145	571	574
ENSG00000134201	151	73	78
ENSG00000238122	0	1	0
ENSG00000260879	0	73	117
ENSG00000213366	1315	664	651
ENSG00000230864	0	0	0
ENSG00000283354	0	0	0
ENSG00000232918	0	0	0
ENSG00000236360	0	4	1
ENSG00000183298	1	1	0
ENSG00000234332	32	16	16
ENSG00000117525	6257	3148	3109
ENSG00000225079	26	15	11
ENSG00000226483	0	0	0
ENSG00000224238	10	4	6
ENSG00000229537	0	0	0
ENSG00000162699	0	0	0
ENSG00000162692	3613	1796	1817
ENSG00000203914	5	2	3
ENSG00000270457	4	0	4
ENSG00000203858	0	0	0
ENSG00000231987	0	0	0
ENSG00000228057	5	4	1
ENSG00000261593	0	0	0
ENSG00000224445	1	1	0
ENSG00000229842	0	0	0
ENSG00000270631	0	0	0
ENSG00000229201	0	0	0
ENSG00000181656	22	12	10
ENSG00000122481	92	49	43
ENSG00000198162	4018	2057	1961
ENSG00000238198	15	6	9
ENSG00000171517	170	86	84
ENSG00000228852	15	8	7
ENSG00000203864	0	0	0
ENSG00000233482	0	0	0
ENSG00000230250	0	0	0
ENSG00000232878	4	30	34
ENSG00000143079	2273	1167	1106
ENSG00000232450	32	19	13
ENSG00000223575	0	0	0
ENSG00000230768	0	0	0
ENSG00000235202	0	0	0
ENSG00000272715	4	1	3
ENSG00000235038	0	0	0
ENSG00000143093	1515	728	787
ENSG00000226415	19	4	15
ENSG00000085491	2458	1253	1405
ENSG00000173947	22	10	12
ENSG00000241361	4	3	2
ENSG00000230434	0	0	0
ENSG00000230718	0	0	0
ENSG00000134198	687	339	348
ENSG00000235595	0	0	0
ENSG00000226053	0	0	0
ENSG00000226128	1	1	0
ENSG00000198799	1087	611	597
ENSG00000279513	6	3	3
ENSG00000117620	3043	1502	1572
ENSG00000280186	2	0	2
ENSG00000223906	0	0	0
ENSG00000162688	1138	553	585
ENSG00000197106	28	13	15
ENSG00000259946	0	0	0
ENSG00000236137	18	19	19
ENSG00000203859	3	2	1
ENSG00000228086	2	18	24
ENSG00000213421	0	0	0
ENSG00000234020	0	0	0
ENSG00000060718	27	11	16
ENSG00000236804	5	2	3
ENSG00000231072	0	0	0
ENSG00000273406	1	1	0
ENSG00000185946	673	339	334
ENSG00000162627	749	371	378
ENSG00000226715	1	1	0
ENSG00000162695	2706	1317	1389
ENSG00000134184	562	385	334
ENSG00000265808	2550	1226	1324
ENSG00000261290	0	0	0
ENSG00000225923	0	0	0
ENSG00000134247	4071	2024	2047
ENSG00000187481	0	0	0
ENSG00000116752	1857	894	963
ENSG00000162664	2197	1083	1114
ENSG00000236866	3	3	0
ENSG00000134253	120	80	40
ENSG00000277655	0	0	0
ENSG00000223416	1	0	1
ENSG00000213226	0	0	0
ENSG00000179571	4	4	0
ENSG00000227850	0	0	0
ENSG00000243967	0	0	0
ENSG00000235777	3	1	2
ENSG00000260246	2	95	66
ENSG00000173218	1313	650	663
ENSG00000285532	2	1	1
ENSG00000226755	1	0	1
ENSG00000232650	0	0	0
ENSG00000183508	9238	4608	4630
ENSG00000277095	0	0	0
ENSG00000236806	2	2	0
ENSG00000234283	0	0	0
ENSG00000237188	4	1	3
ENSG00000232780	0	0	0
ENSG00000274927	0	0	0
ENSG00000264145	0	0	0
ENSG00000238256	0	0	0
ENSG00000198765	0	0	0
ENSG00000224335	0	0	0
ENSG00000277702	3	3	0
ENSG00000143398	2214	1126	1088
ENSG00000196505	972	473	499
ENSG00000225871	11	8	18
ENSG00000223489	0	0	0
ENSG00000230546	0	0	0
ENSG00000213262	27	19	8
ENSG00000287015	0	0	0
ENSG00000241720	3	44	22
ENSG00000235526	0	0	0
ENSG00000228347	0	0	0
ENSG00000276975	32	18	14
ENSG00000236012	0	0	0
ENSG00000270911	10	5	5
ENSG00000272824	7	3	4
ENSG00000134200	2	2	0
ENSG00000234257	0	0	0
ENSG00000065183	1288	661	697
ENSG00000227082	11	3	9
ENSG00000228626	0	0	0
ENSG00000226126	0	0	0
ENSG00000163393	227	121	106
ENSG00000163156	602	299	304
ENSG00000143631	39	26	24
ENSG00000156150	0	66	49
ENSG00000228453	0	0	0
ENSG00000274642	2	2	0
ENSG00000177551	3	0	3
ENSG00000197323	2517	1214	1303
ENSG00000237975	41	31	21
ENSG00000261168	15	10	5
ENSG00000287980	0	0	0
ENSG00000229283	0	0	1
ENSG00000271419	1	0	1
ENSG00000226172	0	0	0
ENSG00000079335	515	269	286
ENSG00000143119	4556	2157	2399
ENSG00000237278	0	64	57
ENSG00000285062	0	0	0
ENSG00000233432	0	0	0
ENSG00000227700	0	0	0
ENSG00000229911	0	0	0
ENSG00000143520	4	2	2
ENSG00000171943	244	104	142
ENSG00000270719	0	0	0
ENSG00000155761	23	43	50
ENSG00000230806	0	1	0
ENSG00000116830	1181	623	558
ENSG00000234422	0	0	0
ENSG00000227056	0	0	0
ENSG00000143614	1578	740	838
ENSG00000227091	0	0	0
ENSG00000169418	936	474	462
ENSG00000214204	0	0	0
ENSG00000081026	1110	516	594
ENSG00000225650	3	2	1
ENSG00000227179	1	0	1
ENSG00000224965	4	3	1
ENSG00000228127	0	0	0
ENSG00000226984	4	3	1
ENSG00000186150	3	0	3
ENSG00000143554	1015	467	548
ENSG00000143458	1542	727	815
ENSG00000230932	0	0	0
ENSG00000073754	6	2	4
ENSG00000228826	0	0	0
ENSG00000233907	0	0	0
ENSG00000225036	0	0	0
ENSG00000228420	0	0	0
ENSG00000233839	2	2	0
ENSG00000250890	0	0	0
ENSG00000232240	0	0	0
ENSG00000280649	33	24	16
ENSG00000131781	334	189	202
ENSG00000223599	21	8	13
ENSG00000230921	0	0	0
ENSG00000286151	0	0	0
ENSG00000234388	0	0	0
ENSG00000235015	0	0	0
ENSG00000271736	1	0	1
ENSG00000235988	0	0	0
ENSG00000233717	2	1	1
ENSG00000231551	98	47	51
ENSG00000227295	46	27	19
ENSG00000163155	197	107	91
ENSG00000243613	0	62	59
ENSG00000241975	30	11	19
ENSG00000271143	0	0	0
ENSG00000270976	0	0	0
ENSG00000228217	1	0	1
ENSG00000270342	0	0	0
ENSG00000143552	24	13	11
ENSG00000175984	162	73	89
ENSG00000231100	0	0	0
ENSG00000116824	874	439	435
ENSG00000235887	0	0	0
ENSG00000237460	0	0	0
ENSG00000236327	2	1	1
ENSG00000223804	31	17	14
ENSG00000236887	0	0	0
ENSG00000024526	614	371	352
ENSG00000236480	4	0	4
ENSG00000235756	0	0	0
ENSG00000173810	0	0	0
ENSG00000235005	1	0	1
ENSG00000271890	0	0	0
ENSG00000238107	0	0	0
ENSG00000227425	0	0	0
ENSG00000233222	0	21	20
ENSG00000225279	2	1	1
ENSG00000229101	0	0	0
ENSG00000224927	0	0	0
ENSG00000239216	0	0	0
ENSG00000283360	9	3	6
ENSG00000117262	240	117	123
ENSG00000227907	3	1	2
ENSG00000143624	3621	1920	1959
ENSG00000227970	0	0	0
ENSG00000261055	4	1	3
ENSG00000231613	4	1	3
ENSG00000137947	960	458	502
ENSG00000236689	0	0	0
ENSG00000233589	8	59	58
ENSG00000117586	69	35	34
ENSG00000230946	16	12	4
ENSG00000226028	0	0	0
ENSG00000162728	7	4	3
ENSG00000229021	4	3	1
ENSG00000203825	0	0	0
ENSG00000184371	4956	2504	2452
ENSG00000233449	0	0	0
ENSG00000242943	0	0	0
ENSG00000233203	2	1	1
ENSG00000232499	6	4	2
ENSG00000232265	6	1	6
ENSG00000163154	58	27	32
ENSG00000232995	27	16	11
ENSG00000236957	0	0	0
ENSG00000238087	0	0	0
ENSG00000227777	5	3	4
ENSG00000177173	63	37	26
ENSG00000277406	30	3	27
ENSG00000238022	1	1	0
ENSG00000231671	0	0	0
ENSG00000162729	1350	659	691
ENSG00000143158	1220	951	1064
ENSG00000271092	13	6	7
ENSG00000238118	0	0	0
ENSG00000276118	0	0	0
ENSG00000232148	0	0	0
ENSG00000278811	83	68	85
ENSG00000000460	289	339	309
ENSG00000188859	100	49	61
ENSG00000275075	0	0	0
ENSG00000135862	15796	7820	7976
ENSG00000232952	1	1	0
ENSG00000158473	405	177	228
ENSG00000227722	0	0	0
ENSG00000285922	0	0	0
ENSG00000275801	4	2	2
ENSG00000143198	1820	881	939
ENSG00000143318	17	10	7
ENSG00000232188	0	0	0
ENSG00000232212	0	0	0
ENSG00000143621	5115	2562	2557
ENSG00000241042	3	1	2
ENSG00000143155	1606	797	809
ENSG00000260322	0	0	0
ENSG00000223495	0	0	0
ENSG00000143156	275	439	217
ENSG00000198771	1897	936	1038
ENSG00000225462	0	0	0
ENSG00000237756	2	0	2
ENSG00000116147	48	30	21
ENSG00000213064	4136	2362	2414
ENSG00000203307	6	5	1
ENSG00000143179	1281	816	941
ENSG00000271187	0	0	0
ENSG00000274562	1	0	1
ENSG00000143315	794	368	426
ENSG00000116199	1954	950	1004
ENSG00000231175	0	0	0
ENSG00000143185	12	4	10
ENSG00000235145	12	5	7
ENSG00000116260	10904	5392	5512
ENSG00000272931	18	11	7
ENSG00000143190	1566	866	835
ENSG00000225475	1	0	1
ENSG00000230898	0	0	0
ENSG00000232223	0	0	0
ENSG00000224698	0	0	0
ENSG00000287697	20	20	29
ENSG00000075945	1065	573	542
ENSG00000235303	0	0	0
ENSG00000234810	8	1	7
ENSG00000232750	0	0	0
ENSG00000224468	39	18	21
ENSG00000235628	0	0	0
ENSG00000232551	0	0	0
ENSG00000092607	23	14	9
ENSG00000238270	0	0	0
ENSG00000285894	0	0	0
ENSG00000236025	0	0	0
ENSG00000230687	0	0	0
ENSG00000230704	0	0	0
ENSG00000283255	0	0	0
ENSG00000227741	96	203	497
ENSG00000237049	1	0	1
ENSG00000286754	0	0	0
ENSG00000232751	1	1	0
ENSG00000236364	92	227	246
ENSG00000117091	715	683	677
ENSG00000235378	0	0	0
ENSG00000143171	25	10	15
ENSG00000275767	0	0	0
ENSG00000224718	0	0	0
ENSG00000047410	6781	3384	3579
ENSG00000231992	5	0	5
ENSG00000018625	230	109	121
ENSG00000171806	164	81	99
ENSG00000287919	0	0	0
ENSG00000229914	0	0	0
ENSG00000233882	0	0	0
ENSG00000198358	1	2	0
ENSG00000229407	5	1	5
ENSG00000134216	6	6	1
ENSG00000230748	1	0	1
ENSG00000254154	40	27	13
ENSG00000162694	614	302	346
ENSG00000238108	0	0	0
ENSG00000214262	0	291	349
ENSG00000183853	4446	2169	2277
ENSG00000215835	9	6	3
ENSG00000118197	868	395	475
ENSG00000135842	2452	1233	1219
ENSG00000229258	4	2	9
ENSG00000287472	0	0	0
ENSG00000241318	0	0	0
ENSG00000228238	2	1	1
ENSG00000232393	0	0	0
ENSG00000121454	93	90	81
ENSG00000184155	0	0	0
ENSG00000058085	1744	902	842
ENSG00000260088	5	4	3
ENSG00000287978	38	16	22
ENSG00000116815	685	353	332
ENSG00000232917	0	0	0
ENSG00000233057	3	1	2
ENSG00000237131	0	0	0
ENSG00000233946	0	0	0
ENSG00000143167	3523	1782	1741
ENSG00000143184	25	9	16
ENSG00000231966	2	1	1
ENSG00000176320	1	1	0
ENSG00000260976	0	0	0
ENSG00000235215	1	1	0
ENSG00000223450	7	5	2
ENSG00000224691	0	0	0
ENSG00000286572	1	1	1
ENSG00000235101	2	2	0
ENSG00000228215	0	0	0
ENSG00000177807	27	18	9
ENSG00000233626	2	1	1
ENSG00000233691	0	0	0
ENSG00000283518	0	0	0
ENSG00000271527	0	0	0
ENSG00000143228	466	233	233
ENSG00000235827	0	0	0
ENSG00000231615	1	0	1
ENSG00000231714	0	0	0
ENSG00000174514	171	101	103
ENSG00000143178	98	48	50
ENSG00000224837	1	1	0
ENSG00000116833	1081	515	567
ENSG00000227740	7	4	3
ENSG00000260990	0	3	0
ENSG00000000457	633	478	498
ENSG00000143507	1072	558	514
ENSG00000285638	0	0	0
ENSG00000226520	7	3	4
ENSG00000284592	0	0	0
ENSG00000230987	0	0	0
ENSG00000232527	0	0	0
ENSG00000215833	0	0	0
ENSG00000228167	0	0	0
ENSG00000225325	0	0	0
ENSG00000223344	0	0	0
ENSG00000228191	0	0	0
ENSG00000229961	13	5	8
ENSG00000150732	0	0	0
ENSG00000157064	133	82	73
ENSG00000288139	1	0	1
ENSG00000226015	34	15	19
ENSG00000215808	2	0	2
ENSG00000059588	1998	1024	974
ENSG00000231512	0	0	0
ENSG00000237379	0	0	0
ENSG00000232959	2	17	35
ENSG00000122224	501	225	276
ENSG00000162782	34	13	21
ENSG00000238051	0	0	0
ENSG00000233196	2	2	0
ENSG00000229220	2	2	1
ENSG00000143653	1240	590	650
ENSG00000135837	3605	1702	1903
ENSG00000158711	4002	2003	2036
ENSG00000227747	0	0	0
ENSG00000228081	0	0	0
ENSG00000228020	0	0	0
ENSG00000234975	63	29	34
ENSG00000162851	991	484	507
ENSG00000271427	7	5	2
ENSG00000261817	1	0	1
ENSG00000143353	287	169	177
ENSG00000197965	4775	2393	2382
ENSG00000143493	886	452	434
ENSG00000230777	4	1	3
ENSG00000179397	35	13	22
ENSG00000224540	0	0	0
ENSG00000117592	4110	2066	2044
ENSG00000186197	19	12	7
ENSG00000229067	0	0	0
ENSG00000230231	0	0	0
ENSG00000227711	0	0	0
ENSG00000261182	0	0	0
ENSG00000228879	1	0	1
ENSG00000227925	0	0	0
ENSG00000162670	67	39	31
ENSG00000225712	0	0	0
ENSG00000162761	7	1	6
ENSG00000143199	14	10	4
ENSG00000179930	0	0	0
ENSG00000007908	8722	4371	4351
ENSG00000092978	760	364	396
ENSG00000143499	1067	513	554
ENSG00000188404	5046	2436	2610
ENSG00000227735	0	0	0
ENSG00000243062	0	0	0
ENSG00000143196	52	21	31
ENSG00000228504	0	0	0
ENSG00000274702	0	0	0
ENSG00000226211	0	0	0
ENSG00000236942	22	17	9
ENSG00000287205	3	1	2
ENSG00000203697	3449	1757	1692
ENSG00000116574	623	307	316
ENSG00000287929	4	12	14
ENSG00000186283	3400	1713	1687
ENSG00000224896	0	0	0
ENSG00000226292	0	0	0
ENSG00000121481	700	352	349
ENSG00000227940	0	0	0
ENSG00000117139	3378	1668	1710
ENSG00000143248	31718	15650	16068
ENSG00000278455	1	0	1
ENSG00000224810	2	1	1
ENSG00000162814	16	14	7
ENSG00000225172	2	1	1
ENSG00000261642	0	0	0
ENSG00000228239	0	0	0
ENSG00000237283	0	0	0
ENSG00000116132	1982	993	989
ENSG00000238042	2	1	1
ENSG00000271475	0	0	0
ENSG00000231877	0	0	0
ENSG00000116679	16234	8109	8125
ENSG00000228536	9	4	5
ENSG00000230550	3	8	3
ENSG00000229242	0	0	0
ENSG00000253326	18	6	12
ENSG00000228470	3	2	1
ENSG00000152092	34	18	16
ENSG00000234984	0	0	0
ENSG00000231648	0	0	0
ENSG00000229983	0	0	0
ENSG00000215149	0	0	0
ENSG00000225122	0	0	0
ENSG00000225920	8	3	5
ENSG00000143476	739	367	372
ENSG00000121486	912	426	486
ENSG00000228437	1	1	0
ENSG00000214837	50	26	24
ENSG00000057252	1715	839	876
ENSG00000225982	6	4	2
ENSG00000285718	0	0	0
ENSG00000234070	0	2	3
ENSG00000233620	0	0	0
ENSG00000237783	0	0	0
ENSG00000272906	13	68	84
ENSG00000233018	0	0	0
ENSG00000123685	358	161	197
ENSG00000224783	0	0	0
ENSG00000162852	1705	843	862
ENSG00000232792	1	2	0
ENSG00000273004	18	12	6
ENSG00000143842	1363	677	687
ENSG00000268062	1	1	0
ENSG00000237409	0	0	0
ENSG00000116962	12090	6023	6067
ENSG00000288078	0	0	0
ENSG00000271399	0	0	0
ENSG00000229757	11	5	6
ENSG00000232679	0	0	0
ENSG00000159388	18705	9088	9618
ENSG00000220749	0	0	0
ENSG00000181450	347	186	161
ENSG00000223519	11	23	22
ENSG00000120333	733	409	404
ENSG00000286285	24	13	11
ENSG00000225300	23	9	14
ENSG00000223842	1	1	0
ENSG00000162753	1	1	0
ENSG00000228247	2	1	1
ENSG00000231424	17	8	9
ENSG00000143355	6	2	4
ENSG00000287177	0	0	0
ENSG00000237193	0	0	0
ENSG00000223490	0	0	0
ENSG00000121644	2300	1111	1189
ENSG00000174502	35	14	21
ENSG00000224286	1	0	1
ENSG00000158715	565	289	276
ENSG00000143195	26	13	13
ENSG00000162849	465	213	252
ENSG00000232824	6	2	4
ENSG00000273416	1	0	1
ENSG00000234142	3	3	0
ENSG00000282111	0	0	0
ENSG00000233410	0	0	0
ENSG00000067533	968	514	454
ENSG00000228955	9	2	7
ENSG00000270443	0	0	0
ENSG00000116209	6761	3470	3292
ENSG00000224702	0	0	0
ENSG00000271811	18	9	9
ENSG00000224278	0	0	0
ENSG00000235492	0	0	0
ENSG00000287808	9	32	168
ENSG00000271588	0	0	0
ENSG00000229840	0	0	0
ENSG00000116161	9509	4688	4930
ENSG00000226486	0	0	0
ENSG00000227687	0	0	0
ENSG00000231814	0	0	0
ENSG00000286210	0	0	0
ENSG00000287364	5	2	3
ENSG00000225063	1	1	0
ENSG00000260698	15	5	10
ENSG00000277007	9	6	3
ENSG00000229016	5	2	3
ENSG00000077157	5380	2616	2784
ENSG00000152104	1260	607	663
ENSG00000236975	2	1	1
ENSG00000215834	0	0	0
ENSG00000286541	0	0	0
ENSG00000117650	531	265	266
ENSG00000235021	12	5	7
ENSG00000203724	38	20	18
ENSG00000225006	0	0	0
ENSG00000287633	0	0	0
ENSG00000158764	23	12	12
ENSG00000223375	0	0	0
ENSG00000230714	0	0	0
ENSG00000261065	0	10	7
ENSG00000260855	41	23	18
ENSG00000188783	598	292	306
ENSG00000236206	6	1	5
ENSG00000168118	1115	617	570
ENSG00000181101	0	0	0
ENSG00000173726	5162	2558	2604
ENSG00000282852	0	0	0
ENSG00000152382	451	221	230
ENSG00000143839	15	8	7
ENSG00000232100	0	0	0
ENSG00000261024	0	0	0
ENSG00000230547	0	0	0
ENSG00000229703	0	0	0
ENSG00000176754	1	0	1
ENSG00000232309	0	0	0
ENSG00000227953	63	50	47
ENSG00000232215	0	0	0
ENSG00000135829	7291	3719	3763
ENSG00000228289	4	3	1
ENSG00000134717	1021	496	525
ENSG00000232989	0	0	0
ENSG00000233537	0	0	0
ENSG00000116668	507	246	263
ENSG00000143756	1734	839	895
ENSG00000278180	0	0	0
ENSG00000143702	1024	539	539
ENSG00000232341	0	0	0
ENSG00000287676	4	2	2
ENSG00000236792	0	0	0
ENSG00000143207	1424	706	718
ENSG00000270859	0	0	0
ENSG00000238224	0	0	0
ENSG00000286775	0	0	0
ENSG00000122176	2919	1414	1506
ENSG00000229120	2	1	1
ENSG00000237492	0	0	0
ENSG00000230404	1	0	1
ENSG00000213036	7	5	2
ENSG00000227230	2	14	18
ENSG00000236230	1	0	1
ENSG00000026751	5712	2758	2954
ENSG00000150681	127	70	75
ENSG00000116906	1631	791	840
ENSG00000092969	267	159	145
ENSG00000157181	1573	791	782
ENSG00000250762	0	0	0
ENSG00000236720	0	0	0
ENSG00000227421	0	0	0
ENSG00000227240	5	2	3
ENSG00000076258	54	22	32
ENSG00000286073	1	0	1
ENSG00000231084	11	3	8
ENSG00000232085	0	9	15
ENSG00000117697	882	459	423
ENSG00000279333	0	22	20
ENSG00000235083	0	0	0
ENSG00000162669	35	22	13
ENSG00000197067	0	0	0
ENSG00000229652	0	0	0
ENSG00000132681	10	4	6
ENSG00000225904	0	0	0
ENSG00000270920	0	0	0
ENSG00000281664	0	0	0
ENSG00000143641	3694	2217	2482
ENSG00000227630	25	12	13
ENSG00000228830	0	1525	1259
ENSG00000010932	113	62	51
ENSG00000282849	4	4	3
ENSG00000276520	0	0	0
ENSG00000226640	1	0	1
ENSG00000010072	495	300	317
ENSG00000135766	453	233	220
ENSG00000232626	12	7	5
ENSG00000232096	0	0	0
ENSG00000279261	2	1	1
ENSG00000213051	2	1	1
ENSG00000238054	0	0	0
ENSG00000163534	568	257	311
ENSG00000168243	72	31	41
ENSG00000281453	0	0	0
ENSG00000237469	0	0	0
ENSG00000224939	2	0	2
ENSG00000227613	0	0	0
ENSG00000116183	134	66	68
ENSG00000270106	2	1	1
ENSG00000232194	1	0	1
ENSG00000235152	0	0	0
ENSG00000231612	1	0	1
ENSG00000237980	23	12	11
ENSG00000271036	0	0	0
ENSG00000230849	0	0	0
ENSG00000170382	273	143	134
ENSG00000228664	0	0	0
ENSG00000226868	0	0	0
ENSG00000279401	1	1	0
ENSG00000272362	0	0	0
ENSG00000287450	1	1	0
ENSG00000237011	1	1	0
ENSG00000233583	2	0	4
ENSG00000066027	3277	1561	1716
ENSG00000286263	0	0	0
ENSG00000227006	58	23	35
ENSG00000236372	0	0	0
ENSG00000224525	0	0	0
ENSG00000188770	1	1	0
ENSG00000173728	5	3	3
ENSG00000094975	3122	1589	1533
ENSG00000225811	0	0	2
ENSG00000273093	0	0	0
ENSG00000162772	15238	7518	7720
ENSG00000227818	0	0	0
ENSG00000135828	632	317	315
ENSG00000224227	0	0	0
ENSG00000286398	0	0	0
ENSG00000076356	3095	1515	1580
ENSG00000215819	2	7	5
ENSG00000185523	0	0	0
ENSG00000236108	1	1	0
ENSG00000116711	271	124	147
ENSG00000231684	3	2	1
ENSG00000226750	0	0	0
ENSG00000285665	17	13	4
ENSG00000231022	0	0	0
ENSG00000224436	0	0	0
ENSG00000228208	1	0	1
ENSG00000273384	3	1	2
ENSG00000238061	11	5	6
ENSG00000234915	3	1	2
ENSG00000143845	52	40	37
ENSG00000235862	4	21	23
ENSG00000069812	369	177	192
ENSG00000227585	0	0	0
ENSG00000157060	1	1	0
ENSG00000237213	0	0	0
ENSG00000236439	0	0	0
ENSG00000224260	0	0	0
ENSG00000213045	0	0	0
ENSG00000287220	2	1	1
ENSG00000230063	7	5	2
ENSG00000235467	0	0	0
ENSG00000123684	5324	2631	2700
ENSG00000117707	896	470	445
ENSG00000228044	0	0	0
ENSG00000225338	4	4	0
ENSG00000224407	0	495	510
ENSG00000232463	0	0	0
ENSG00000237457	4	2	3
ENSG00000225171	18	9	9
ENSG00000226843	0	0	0
ENSG00000235386	0	0	0
ENSG00000123836	3156	1656	1658
ENSG00000213690	0	0	0
ENSG00000223982	0	0	0
ENSG00000229832	18	10	8
ENSG00000117691	400	198	202
ENSG00000225233	0	0	0
ENSG00000274895	7	2	5
ENSG00000237514	1	0	1
ENSG00000287856	0	0	0
ENSG00000228067	1	1	0
ENSG00000284299	0	0	0
ENSG00000226375	0	0	0
ENSG00000203705	369	184	185
ENSG00000224040	0	0	0
ENSG00000228686	22	12	10
ENSG00000279838	268	114	154
ENSG00000174175	925	460	465
ENSG00000236401	0	0	0
ENSG00000241475	0	0	0
ENSG00000215800	0	0	0
ENSG00000286421	0	0	0
ENSG00000270936	0	0	0
ENSG00000008118	62	34	28
ENSG00000171161	1096	567	529
ENSG00000241505	0	0	0
ENSG00000224535	0	0	0
ENSG00000282097	0	0	0
ENSG00000261453	3	2	1
ENSG00000231020	0	0	0
ENSG00000270818	1	0	1
ENSG00000196878	3452	1658	1794
ENSG00000133059	1026	478	548
ENSG00000225561	0	0	0
ENSG00000224668	1	0	1
ENSG00000242529	0	0	0
ENSG00000074964	2241	1137	1104
ENSG00000223847	0	0	0
ENSG00000277704	0	0	0
ENSG00000116918	854	374	500
ENSG00000274020	83	48	54
ENSG00000287445	6	5	1
ENSG00000259815	1	1	0
ENSG00000240963	0	0	1
ENSG00000226570	0	0	0
ENSG00000198929	99	50	49
ENSG00000272167	5	1	4
ENSG00000230628	3	3	0
ENSG00000162771	4	22	22
ENSG00000227579	0	0	0
ENSG00000176393	1842	1249	1295
ENSG00000174606	1203	601	602
ENSG00000179914	442	227	215
ENSG00000235750	3282	1613	1669
ENSG00000284376	0	0	0
ENSG00000121446	4	3	1
ENSG00000226758	5	4	1
ENSG00000230199	0	0	0
ENSG00000236905	4	3	1
ENSG00000233304	2	0	2
ENSG00000288007	5	6	4
ENSG00000227887	0	0	0
ENSG00000116903	768	426	464
ENSG00000228255	0	0	0
ENSG00000226196	0	0	0
ENSG00000287354	0	3	3
ENSG00000233827	0	0	0
ENSG00000198797	0	0	0
ENSG00000271746	8	8	12
ENSG00000234233	4	2	2
ENSG00000151414	2179	1078	1101
ENSG00000177614	52	28	24
ENSG00000223794	0	0	0
ENSG00000235182	0	0	0
ENSG00000213041	6	2	4
ENSG00000287157	1	1	0
ENSG00000233920	0	0	0
ENSG00000183831	7	4	3
ENSG00000225755	0	0	0
ENSG00000143858	40	33	27
ENSG00000197472	46	25	21
ENSG00000230184	3	2	1
ENSG00000234004	0	0	0
ENSG00000232436	0	0	0
ENSG00000231718	0	0	0
ENSG00000283952	0	0	0
ENSG00000230019	0	0	0
ENSG00000136643	899	454	445
ENSG00000232537	0	0	0
ENSG00000226036	0	0	0
ENSG00000285521	8	5	3
ENSG00000236317	1	1	0
ENSG00000176855	0	0	0
ENSG00000227728	0	0	0
ENSG00000133069	211	103	108
ENSG00000162877	50	28	22
ENSG00000233461	118	45	73
ENSG00000225401	2	0	2
ENSG00000228190	0	0	0
ENSG00000135747	8	2	6
ENSG00000227237	0	0	0
ENSG00000069248	1591	780	811
ENSG00000232812	1	0	1
ENSG00000231666	3	3	0
ENSG00000226986	1	0	1
ENSG00000242042	0	0	0
ENSG00000234464	0	0	0
ENSG00000253148	0	0	0
ENSG00000227751	0	333	208
ENSG00000090104	21009	10391	10618
ENSG00000285280	16	23	15
ENSG00000232892	1	1	0
ENSG00000236950	1	1	0
ENSG00000236468	0	0	0
ENSG00000143322	4879	2408	2473
ENSG00000185220	324	176	148
ENSG00000226003	1	1	0
ENSG00000230813	0	0	0
ENSG00000226862	6	5	1
ENSG00000236101	0	0	0
ENSG00000162769	838	410	428
ENSG00000133065	2694	1326	1368
ENSG00000278684	0	0	0
ENSG00000236775	0	0	0
ENSG00000042781	10	5	5
ENSG00000234754	8	3	5
ENSG00000233084	2	2	0
ENSG00000227815	0	0	0
ENSG00000287046	19	6	13
ENSG00000223774	0	110	117
ENSG00000228863	51	382	314
ENSG00000228646	0	0	0
ENSG00000229112	0	0	0
ENSG00000233332	0	0	0
ENSG00000231984	0	0	0
ENSG00000286213	0	0	0
ENSG00000226876	13	6	7
ENSG00000277462	126	58	68
ENSG00000225591	1	1	0
ENSG00000035687	1908	954	954
ENSG00000213080	3	0	3
ENSG00000180287	0	0	0
ENSG00000226693	0	0	0
ENSG00000234678	274	496	539
ENSG00000231272	1	1	0
ENSG00000223828	2	0	2
ENSG00000163431	901	573	556
ENSG00000230124	832	455	455
ENSG00000226723	4	1	3
ENSG00000272672	1	0	1
ENSG00000143473	26	34	34
ENSG00000228982	0	0	0
ENSG00000235096	2	1	1
ENSG00000237250	0	0	0
ENSG00000007341	448	519	495
ENSG00000286747	3	0	3
ENSG00000236069	0	2	2
ENSG00000236244	0	0	0
ENSG00000272865	1	0	1
ENSG00000117222	1265	657	608
ENSG00000143324	1614	772	842
ENSG00000229871	0	0	0
ENSG00000225222	2	1	1
ENSG00000118193	875	424	451
ENSG00000234116	0	0	0
ENSG00000231940	5	3	2
ENSG00000198842	0	0	0
ENSG00000286619	27	15	12
ENSG00000198756	33	14	20
ENSG00000259823	94	43	51
ENSG00000271558	0	0	0
ENSG00000227554	2	2	0
ENSG00000178596	0	0	0
ENSG00000135749	803	423	441
ENSG00000143786	36	24	19
ENSG00000224584	3	2	1
ENSG00000054282	794	434	441
ENSG00000183780	4	3	1
ENSG00000229663	2	0	2
ENSG00000162702	2521	1212	1309
ENSG00000251508	0	0	0
ENSG00000238272	0	0	0
ENSG00000228530	0	0	0
ENSG00000235060	1	1	0
ENSG00000143194	2	0	2
ENSG00000229531	10	6	4
ENSG00000271329	1	1	0
ENSG00000054267	3353	1644	1716
ENSG00000261831	3	1	2
ENSG00000287921	0	0	0
ENSG00000177800	0	0	0
ENSG00000225620	1	1	0
ENSG00000232166	0	0	0
ENSG00000175137	1338	630	708
ENSG00000134245	1424	954	1024
ENSG00000234041	9	6	3
ENSG00000227373	14	9	5
ENSG00000231905	5	2	3
ENSG00000228175	43	15	28
ENSG00000069275	9749	4819	4930
ENSG00000143674	982	481	501
ENSG00000237317	3	2	1
ENSG00000187889	29	14	15
ENSG00000134375	2626	1274	1352
ENSG00000097046	667	303	364
ENSG00000232113	0	0	0
ENSG00000282718	0	0	0
ENSG00000231378	5	2	3
ENSG00000235605	0	3	2
ENSG00000223525	10	5	5
ENSG00000224857	0	0	0
ENSG00000273367	1	1	0
ENSG00000230604	3	1	2
ENSG00000231605	0	0	0
ENSG00000236358	1	2	3
ENSG00000203737	14	6	8
ENSG00000238003	2	2	0
ENSG00000215873	0	0	0
ENSG00000287008	0	0	0
ENSG00000185420	383	170	213
ENSG00000076321	734	336	398
ENSG00000272175	6	12	7
ENSG00000231564	1	1	0
ENSG00000135778	748	383	426
ENSG00000213070	0	0	0
ENSG00000282265	1	1	0
ENSG00000250536	4	0	4
ENSG00000229747	0	0	0
ENSG00000117280	1132	571	561
ENSG00000233985	0	0	0
ENSG00000232175	3	3	0
ENSG00000287423	0	0	0
ENSG00000286774	0	0	0
ENSG00000236719	2	2	0
ENSG00000136636	2265	1122	1143
ENSG00000225486	1	1	0
ENSG00000227043	1	0	1
ENSG00000163874	6821	3413	3408
ENSG00000285777	1	0	1
ENSG00000237249	0	0	0
ENSG00000286109	0	0	0
ENSG00000213068	0	0	0
ENSG00000054392	174	103	77
ENSG00000227994	0	0	0
ENSG00000286552	0	0	0
ENSG00000225711	12	4	8
ENSG00000122223	103	51	52
ENSG00000235869	3	0	3
ENSG00000188739	70	29	41
ENSG00000286666	0	0	0
ENSG00000135750	658	312	346
ENSG00000273198	1	0	1
ENSG00000203730	5	1	4
ENSG00000225719	0	0	0
ENSG00000273483	17	9	8
ENSG00000287987	0	0	0
ENSG00000203729	0	0	0
ENSG00000232809	0	0	0
ENSG00000284623	0	0	0
ENSG00000285981	0	0	0
ENSG00000261729	1	0	1
ENSG00000223869	0	0	0
ENSG00000229228	68	28	40
ENSG00000215796	10	4	6
ENSG00000185221	0	0	0
ENSG00000233047	0	0	0
ENSG00000143341	499	238	261
ENSG00000228309	0	0	0
ENSG00000229739	28	14	14
ENSG00000116703	5	1	4
ENSG00000273874	0	0	0
ENSG00000278791	0	3	8
ENSG00000278757	0	0	0
ENSG00000264341	0	0	0
ENSG00000264101	1	1	0
ENSG00000265141	0	0	0
ENSG00000221083	0	0	0
ENSG00000252404	0	0	0
ENSG00000222511	0	0	0
ENSG00000265392	0	0	0
ENSG00000243267	6	4	2
ENSG00000201725	0	0	0
ENSG00000274258	6	4	2
ENSG00000239149	4	3	1
ENSG00000252151	0	0	0
ENSG00000252969	3	2	1
ENSG00000252417	0	0	0
ENSG00000200975	0	0	0
ENSG00000201609	0	0	0
ENSG00000238482	5	1	4
ENSG00000252956	0	0	0
ENSG00000265606	0	0	0
ENSG00000284357	0	0	0
ENSG00000278034	6	4	2
ENSG00000207237	0	0	0
ENSG00000222784	0	0	0
ENSG00000266210	0	0	0
ENSG00000265961	0	0	0
ENSG00000251866	0	0	0
ENSG00000252691	0	0	0
ENSG00000264371	1	1	0
ENSG00000253005	3	2	1
ENSG00000238316	0	0	0
ENSG00000207941	0	0	0
ENSG00000264773	18	12	6
ENSG00000252448	7	3	4
ENSG00000200421	0	0	0
ENSG00000222282	4	0	4
ENSG00000199963	1	0	1
ENSG00000264698	0	0	0
ENSG00000207328	0	0	0
ENSG00000207466	0	0	0
ENSG00000252368	0	0	0
ENSG00000206779	0	0	0
ENSG00000265596	0	0	0
ENSG00000212541	18	8	10
ENSG00000200796	0	0	0
ENSG00000252190	0	0	0
ENSG00000264613	0	0	0
ENSG00000199240	0	0	0
ENSG00000277168	0	0	0
ENSG00000283724	0	0	0
ENSG00000284410	0	0	0
ENSG00000252018	0	0	0
ENSG00000206627	4	1	3
ENSG00000283414	1	1	0
ENSG00000207508	1	1	0
ENSG00000200171	0	0	0
ENSG00000207194	0	0	0
ENSG00000283477	0	0	0
ENSG00000264834	0	0	0
ENSG00000263675	10	2	8
ENSG00000266188	0	0	0
ENSG00000206981	0	0	0
ENSG00000200174	0	0	0
ENSG00000265822	0	0	0
ENSG00000265815	1	1	0
ENSG00000238653	0	0	0
ENSG00000212624	3	0	3
ENSG00000200575	0	0	0
ENSG00000212360	1	0	1
ENSG00000242860	0	0	0
ENSG00000263908	0	1	0
ENSG00000283690	0	0	1
ENSG00000199921	0	0	0
ENSG00000251825	0	0	0
ENSG00000201153	0	0	0
ENSG00000222624	0	0	0
ENSG00000223152	2	2	0
ENSG00000212308	0	0	0
ENSG00000279049	0	7	8
ENSG00000276081	0	0	0
ENSG00000239640	0	0	0
ENSG00000252338	0	0	0
ENSG00000251785	2	2	0
ENSG00000239319	0	0	0
ENSG00000222849	0	0	0
ENSG00000283749	0	0	0
ENSG00000251958	0	0	0
ENSG00000251767	0	0	0
ENSG00000243437	0	0	0
ENSG00000202263	1	2	1
ENSG00000199318	0	0	0
ENSG00000199666	0	0	0
ENSG00000200601	0	0	0
ENSG00000242482	0	0	0
ENSG00000212366	0	0	0
ENSG00000201620	0	0	0
ENSG00000206817	1	0	1
ENSG00000284247	0	0	0
ENSG00000200839	1	1	0
ENSG00000264963	0	0	0
ENSG00000264271	0	0	0
ENSG00000239504	0	0	0
ENSG00000284202	0	0	0
ENSG00000251720	1	0	1
ENSG00000274321	0	0	0
ENSG00000198974	0	0	0
ENSG00000212248	7	4	3
ENSG00000207962	0	0	0
ENSG00000276884	0	1	4
ENSG00000207234	3	1	2
ENSG00000202259	2	0	2
ENSG00000212459	0	0	0
ENSG00000278287	0	0	0
ENSG00000277565	0	0	0
ENSG00000263526	0	0	0
ENSG00000211575	0	0	0
ENSG00000275823	0	0	0
ENSG00000277689	0	0	0
ENSG00000274199	0	2	0
ENSG00000202254	0	0	0
ENSG00000244256	11	6	5
ENSG00000201491	0	0	0
ENSG00000199831	0	0	0
ENSG00000275455	1	1	0
ENSG00000252162	0	0	0
ENSG00000272051	0	0	0
ENSG00000283899	0	0	0
ENSG00000200800	0	0	0
ENSG00000207502	0	0	0
ENSG00000252530	0	0	0
ENSG00000200536	1	0	1
ENSG00000211543	0	0	0
ENSG00000252797	0	0	0
ENSG00000212266	0	0	0
ENSG00000222209	0	0	0
ENSG00000277141	0	0	0
ENSG00000215930	0	0	0
ENSG00000238761	0	0	0
ENSG00000201114	2	1	1
ENSG00000206679	0	0	0
ENSG00000264419	0	0	0
ENSG00000222069	0	0	0
ENSG00000274428	1	0	1
ENSG00000199879	1	1	0
ENSG00000274408	0	0	0
ENSG00000283676	0	0	0
ENSG00000252005	0	0	0
ENSG00000252510	0	0	0
ENSG00000207340	8	7	1
ENSG00000252830	0	0	0
ENSG00000274450	0	0	0
ENSG00000252135	0	0	0
ENSG00000278596	0	0	0
ENSG00000238825	1	1	0
ENSG00000201183	2	1	1
ENSG00000202408	0	0	0
ENSG00000252744	0	0	0
ENSG00000273768	0	0	0
ENSG00000242565	0	0	0
ENSG00000239984	0	0	0
ENSG00000283296	1	1	0
ENSG00000252717	0	0	0
ENSG00000194297	0	0	0
ENSG00000199565	0	0	0
ENSG00000277313	0	0	0
ENSG00000274940	0	0	0
ENSG00000207341	0	0	0
ENSG00000207472	0	0	0
ENSG00000206880	1	0	1
ENSG00000252552	3	1	2
ENSG00000199849	0	0	0
ENSG00000252407	0	0	0
ENSG00000212538	0	0	0
ENSG00000251813	0	0	0
ENSG00000207108	0	0	0
ENSG00000201312	0	0	0
ENSG00000207039	0	0	0
ENSG00000202491	0	0	0
ENSG00000201596	0	0	0
ENSG00000276839	0	0	0
ENSG00000207974	0	0	0
ENSG00000273629	0	0	0
ENSG00000201493	0	0	0
ENSG00000215952	1	1	0
ENSG00000200139	0	0	0
ENSG00000283575	0	0	0
ENSG00000238765	0	0	0
ENSG00000264916	5	2	3
ENSG00000212338	2	1	1
ENSG00000206659	3	2	1
ENSG00000253025	0	0	0
ENSG00000201619	0	0	0
ENSG00000201544	10	5	5
ENSG00000202498	0	0	0
ENSG00000221545	0	0	0
ENSG00000252906	9	3	6
ENSG00000206692	0	0	0
ENSG00000202329	0	0	0
ENSG00000242794	0	0	0
ENSG00000212144	0	0	0
ENSG00000283340	0	0	0
ENSG00000252860	4	1	3
ENSG00000252501	0	0	0
ENSG00000263390	0	0	0
ENSG00000207181	11	8	3
ENSG00000265744	0	0	0
ENSG00000264377	0	0	0
ENSG00000207149	0	0	0
ENSG00000283936	0	0	0
ENSG00000284485	0	0	0
ENSG00000201638	0	0	0
ENSG00000275213	0	0	0
ENSG00000239494	8	4	4
ENSG00000212230	0	0	0
ENSG00000252371	0	0	0
ENSG00000199442	0	0	0
ENSG00000200033	0	0	0
ENSG00000239690	0	0	0
ENSG00000202184	0	0	0
ENSG00000241395	3	0	3
ENSG00000200982	0	0	0
ENSG00000275207	3	3	0
ENSG00000202300	0	0	0
ENSG00000222407	0	0	0
ENSG00000222986	0	0	0
ENSG00000265435	0	0	0
ENSG00000272262	0	0	0
ENSG00000200495	0	0	0
ENSG00000202609	0	0	0
ENSG00000252553	0	0	0
ENSG00000206764	0	0	0
ENSG00000222240	0	0	0
ENSG00000212187	0	0	0
ENSG00000206637	0	0	0
ENSG00000253097	0	0	0
ENSG00000200036	0	0	0
ENSG00000201421	1	1	0
ENSG00000212610	0	0	0
ENSG00000252484	0	0	0
ENSG00000201944	1	0	1
ENSG00000200327	0	0	0
ENSG00000206905	0	0	0
ENSG00000200972	0	0	0
ENSG00000243051	0	0	0
ENSG00000252011	0	0	0
ENSG00000207326	4	0	4
ENSG00000212205	9	4	5
ENSG00000253042	2	2	0
ENSG00000274121	0	0	0
ENSG00000264358	2	0	2
ENSG00000206640	1	0	1
ENSG00000212527	0	0	0
ENSG00000252879	2	1	1
ENSG00000252612	3	3	0
ENSG00000202264	0	0	0
ENSG00000285609	0	0	0
ENSG00000206762	1	1	0
ENSG00000252084	0	0	0
ENSG00000200085	0	0	0
ENSG00000264500	2	1	1
ENSG00000202025	0	0	0
ENSG00000225545	0	0	0
ENSG00000206990	0	0	0
ENSG00000230175	4	3	1
ENSG00000225272	1	1	0
ENSG00000215838	0	0	0
ENSG00000273365	2	0	2
ENSG00000224358	16	12	4
ENSG00000230659	0	0	0
ENSG00000162545	1351	630	721
ENSG00000090432	995	496	499
ENSG00000215520	0	0	0
ENSG00000183114	17	11	6
ENSG00000158825	792	395	397
ENSG00000158828	559	900	959
ENSG00000284005	0	0	0
ENSG00000117242	199	771	728
ENSG00000234473	1	1	0
ENSG00000238754	1	1	0
ENSG00000134371	2145	1062	1086
ENSG00000221680	0	0	0
ENSG00000162630	70	33	38
ENSG00000276735	0	1	1
ENSG00000232077	4	4	0
ENSG00000229639	0	0	0
ENSG00000287453	0	0	0
ENSG00000270615	0	0	0
ENSG00000287283	0	0	0
ENSG00000240692	0	0	0
ENSG00000229359	0	0	0
ENSG00000237919	0	1	0
ENSG00000066557	653	333	320
ENSG00000244389	1	1	0
ENSG00000228988	2	0	2
ENSG00000118454	1109	558	551
ENSG00000226088	8	3	5
ENSG00000116761	648	322	326
ENSG00000278636	11	7	4
ENSG00000271992	13	6	7
ENSG00000233020	0	0	0
ENSG00000237033	0	0	0
ENSG00000226208	0	0	0
ENSG00000007968	752	365	387
ENSG00000235052	7	5	2
ENSG00000117318	5382	2810	2572
ENSG00000285802	3	1	2
ENSG00000229239	0	0	0
ENSG00000142676	15839	7731	8108
ENSG00000057757	1344	663	681
ENSG00000011009	1688	829	860
ENSG00000117308	2082	1012	1070
ENSG00000273844	0	0	0
ENSG00000235748	3	3	0
ENSG00000237861	1	0	1
ENSG00000221879	0	0	0
ENSG00000230260	0	0	0
ENSG00000199241	0	0	0
ENSG00000226919	0	0	0
ENSG00000223963	0	0	0
ENSG00000215802	0	0	0
ENSG00000233615	0	0	0
ENSG00000238085	0	0	0
ENSG00000265831	0	0	0
ENSG00000224348	0	0	0
ENSG00000286496	0	0	0
ENSG00000287516	3	1	2
ENSG00000287738	2	0	2
ENSG00000132703	0	0	0
ENSG00000276632	0	0	0
ENSG00000223603	0	0	0
ENSG00000132693	2	0	2
ENSG00000235226	0	0	0
ENSG00000158716	584	256	328
ENSG00000181036	62	30	32
ENSG00000158714	146	244	265
ENSG00000212161	1	0	1
ENSG00000243284	1	2	4
ENSG00000272668	138	73	78
ENSG00000213085	78	40	38
ENSG00000266458	2	2	0
ENSG00000287040	5	4	1
ENSG00000279430	27	15	12
ENSG00000162723	8	4	4
ENSG00000273933	4	2	2
ENSG00000256029	5	87	69
ENSG00000188004	0	0	0
ENSG00000266580	1	1	0
ENSG00000254545	1	9	9
ENSG00000203620	1	1	0
ENSG00000269967	44	21	23
ENSG00000228634	51	27	24
ENSG00000284702	1	1	0
ENSG00000221040	0	0	0
ENSG00000287217	2	2	0
ENSG00000163399	13473	14522	14944
ENSG00000212385	0	0	0
ENSG00000233154	3	0	3
ENSG00000230381	0	0	0
ENSG00000200547	0	0	0
ENSG00000224950	32	17	20
ENSG00000286276	7	6	6
ENSG00000177888	991	482	509
ENSG00000243364	214	95	119
ENSG00000251246	0	0	0
ENSG00000143590	112	59	53
ENSG00000202027	0	0	0
ENSG00000169242	1449	717	732
ENSG00000169241	2242	1017	1226
ENSG00000223452	0	0	0
ENSG00000163463	212	114	98
ENSG00000273088	0	0	0
ENSG00000284586	0	0	0
ENSG00000169231	634	675	631
ENSG00000236263	0	24	15
ENSG00000236675	35	14	21
ENSG00000177628	995	513	482
ENSG00000116521	1438	691	747
ENSG00000176444	2075	981	1094
ENSG00000143630	181	96	103
ENSG00000143627	2	6	14
ENSG00000253074	0	0	0
ENSG00000252116	0	0	0
ENSG00000228523	0	0	0
ENSG00000223263	16	7	9
ENSG00000207504	0	0	0
ENSG00000238139	0	0	0
ENSG00000197721	2	1	1
ENSG00000244703	2	2	0
ENSG00000226289	0	0	0
ENSG00000285239	0	0	0
ENSG00000234219	19	8	11
ENSG00000174059	3668	1828	1840
ENSG00000285719	0	0	0
ENSG00000284237	18	10	8
ENSG00000158731	0	0	0
ENSG00000201746	1	1	0
ENSG00000264881	3	3	0
ENSG00000199562	5	1	4
ENSG00000264501	0	0	0
ENSG00000284735	32	20	12
ENSG00000284642	22	10	12
ENSG00000142657	5549	2702	2847
ENSG00000271989	2	9	10
ENSG00000251503	5	3	2
ENSG00000175279	31	5	26
ENSG00000160049	1591	870	998
ENSG00000203469	0	84	67
ENSG00000236035	8	5	3
ENSG00000221643	9	7	2
ENSG00000122188	2234	1128	1106
ENSG00000288644	0	0	0
ENSG00000227417	20	14	6
ENSG00000223505	41	20	21
ENSG00000182004	1167	652	515
ENSG00000236430	0	0	0
ENSG00000130768	443	279	316
ENSG00000227050	7	98	85
ENSG00000238231	15	6	9
ENSG00000240750	7	3	4
ENSG00000158156	672	332	364
ENSG00000182118	343	182	161
ENSG00000283799	0	0	0
ENSG00000227934	3	2	1
ENSG00000229595	0	0	0
ENSG00000143633	619	307	312
ENSG00000281912	24	15	13
ENSG00000288208	0	0	0
ENSG00000132773	520	281	336
ENSG00000070759	234	117	136
ENSG00000236872	0	0	0
ENSG00000280670	206	119	87
ENSG00000132763	566	1524	1008
ENSG00000221953	2	1	1
ENSG00000226164	0	0	0
ENSG00000224014	1	1	0
ENSG00000215795	12	4	8
ENSG00000259865	282	119	163
ENSG00000227671	2221	1129	1092
ENSG00000283881	0	0	0
ENSG00000252516	12	7	5
ENSG00000232347	1	1	0
ENSG00000214144	0	0	0
ENSG00000235818	2	0	2
ENSG00000197617	0	0	0
ENSG00000202079	0	0	0
ENSG00000286216	4	6	2
ENSG00000203664	0	0	0
ENSG00000169224	101	47	63
ENSG00000236817	0	5	3
ENSG00000177489	0	0	0
ENSG00000177476	0	0	0
ENSG00000283369	0	0	0
ENSG00000230411	0	0	0
ENSG00000251977	0	0	0
ENSG00000252254	0	0	0
ENSG00000227854	0	0	0
ENSG00000287589	0	0	0
ENSG00000259776	0	0	0
ENSG00000233355	233	108	127
ENSG00000234601	0	0	0
ENSG00000231979	0	0	0
ENSG00000215805	0	0	0
ENSG00000287102	0	0	0
ENSG00000217327	0	0	0
ENSG00000228818	2	1	1
ENSG00000202041	0	0	0
ENSG00000223694	0	0	0
ENSG00000233735	0	0	0
ENSG00000133019	555	269	288
ENSG00000162636	2825	1425	1400
ENSG00000162639	338	151	187
ENSG00000285923	5	4	1
ENSG00000134186	5305	2530	2775
ENSG00000143107	6	1	5
ENSG00000232971	0	0	0
ENSG00000116266	1876	882	994
ENSG00000228076	3	0	3
ENSG00000203897	0	0	0
ENSG00000237349	5	1	4
ENSG00000244716	13	8	5
ENSG00000228665	2	1	1
ENSG00000228054	0	0	0
ENSG00000273382	33	28	131
ENSG00000215717	2014	1067	1073
ENSG00000278249	0	0	0
ENSG00000270066	0	0	0
ENSG00000251484	2	0	2
ENSG00000132676	2942	1473	1641
ENSG00000227673	1	0	1
ENSG00000203761	235	124	127
ENSG00000234937	7	2	5
ENSG00000132718	1198	607	591
ENSG00000283442	4	2	2
ENSG00000143622	2276	1149	1127
ENSG00000132680	2085	1039	1046
ENSG00000207475	9	5	4
ENSG00000280466	0	0	0
ENSG00000281394	0	0	0
ENSG00000277817	5	3	2
ENSG00000273002	57	28	30
ENSG00000224276	10	6	4
ENSG00000285677	10	715	1109
ENSG00000163479	4444	3102	3142
ENSG00000160803	1618	783	835
ENSG00000132698	1723	890	833
ENSG00000252236	0	0	0
ENSG00000260238	0	0	0
ENSG00000242252	6	1	5
ENSG00000198952	3577	1767	1810
ENSG00000163472	181	209	179
ENSG00000163468	6303	3079	3228
ENSG00000132677	3	2	1
ENSG00000237390	2	1	1
ENSG00000207933	0	0	0
ENSG00000254726	239	114	126
ENSG00000186377	214	103	111
ENSG00000186160	9	5	4
ENSG00000225154	0	0	0
ENSG00000225506	3	2	1
ENSG00000225514	0	0	0
ENSG00000224805	4	2	3
ENSG00000162366	2250	1105	1145
ENSG00000226252	41	43	26
ENSG00000225762	10	4	6
ENSG00000186790	4	4	0
ENSG00000237424	231	93	138
ENSG00000189030	4	0	4
ENSG00000162763	0	0	0
ENSG00000143061	464	221	243
ENSG00000135821	27509	13670	13839
ENSG00000203740	0	0	0
ENSG00000162374	50	20	30
ENSG00000168275	461	301	357
ENSG00000241563	17	10	7
ENSG00000153207	3487	1616	1871
ENSG00000156869	466	230	236
ENSG00000033122	93	48	46
ENSG00000143278	0	0	0
ENSG00000116678	1059	509	550
ENSG00000159352	2597	1241	1356
ENSG00000158710	15037	7434	7603
ENSG00000162734	5647	3070	3182
ENSG00000049239	4982	2520	2462
ENSG00000186564	403	190	213
ENSG00000244038	8661	4341	4320
ENSG00000158747	5290	2456	2834
ENSG00000116690	37	156	63
ENSG00000126091	118	64	58
ENSG00000162383	18	10	8
ENSG00000171163	1395	701	694
ENSG00000172456	248	140	110
ENSG00000162946	513	256	257
ENSG00000158786	4	2	2
ENSG00000118733	29	12	17
ENSG00000157870	1320	840	776
ENSG00000179085	379	207	173
ENSG00000173080	31	12	19
ENSG00000183347	8	6	2
ENSG00000276470	0	0	0
ENSG00000278852	0	0	0
ENSG00000275915	0	0	0
ENSG00000120937	0	0	0
ENSG00000224904	0	0	0
ENSG00000285646	16	9	7
ENSG00000199347	0	0	0
ENSG00000201801	2	2	0
ENSG00000116685	1872	885	987
ENSG00000083444	4334	2149	2185
ENSG00000287384	2	1	1
ENSG00000270914	1	1	0
ENSG00000116691	990	485	505
ENSG00000202461	12	8	4
ENSG00000276869	0	0	0
ENSG00000243539	0	0	0
ENSG00000120949	118	58	60
ENSG00000201135	0	0	0
ENSG00000227875	0	0	0
ENSG00000285604	2	0	2
ENSG00000283789	0	0	0
ENSG00000263676	1	0	1
ENSG00000200591	3	2	1
ENSG00000162521	3126	2261	2241
ENSG00000162520	73	737	712
ENSG00000224409	1	0	1
ENSG00000162522	3302	1612	1690
ENSG00000116497	1556	772	820
ENSG00000160097	13	8	5
ENSG00000121905	23	669	628
ENSG00000121900	2038	1608	1704
ENSG00000287691	87	42	49
ENSG00000278966	2	1	1
ENSG00000143222	1853	1171	1137
ENSG00000224985	22	89	388
ENSG00000143224	422	263	404
ENSG00000158850	2101	1175	1168
ENSG00000158859	9684	4729	4955
ENSG00000158869	2100	1019	1081
ENSG00000158874	20	7	13
ENSG00000158882	517	374	355
ENSG00000284035	1	1	0
ENSG00000143257	50	132	130
ENSG00000248485	22	11	11
ENSG00000188931	171	84	97
ENSG00000236484	3	3	0
ENSG00000283696	35	22	13
ENSG00000288093	37	11	26
ENSG00000206921	0	0	0
ENSG00000215840	14	6	8
ENSG00000277882	1	1	0
ENSG00000283317	8	5	3
ENSG00000277762	0	0	0
ENSG00000227139	1	0	1
ENSG00000265107	687	493	479
ENSG00000274415	0	135	150
ENSG00000234190	0	0	0
ENSG00000223728	0	0	0
ENSG00000121634	1	1	0
ENSG00000188092	227	113	114
ENSG00000215859	30	17	15
ENSG00000273059	1	1	2
ENSG00000274372	17	3	14
ENSG00000206791	2	0	2
ENSG00000206585	1	1	0
ENSG00000229828	2	0	2
ENSG00000225080	2	1	1
ENSG00000198658	4	1	3
ENSG00000238382	0	0	0
ENSG00000225919	0	0	0
ENSG00000236497	0	0	0
ENSG00000207190	0	0	0
ENSG00000200508	0	0	0
ENSG00000284928	0	0	0
ENSG00000223949	4	4	0
ENSG00000116688	3791	1910	1881
ENSG00000188800	0	0	0
ENSG00000084073	2917	1457	1475
ENSG00000231296	2	8	9
ENSG00000049089	629	316	313
ENSG00000227311	1	0	1
ENSG00000213172	1	0	1
ENSG00000284677	6	2	4
ENSG00000187801	169	80	89
ENSG00000260920	125	54	71
ENSG00000158887	224	109	115
ENSG00000255054	0	0	0
ENSG00000228172	6	300	341
ENSG00000117640	703	461	487
ENSG00000272478	0	0	0
ENSG00000127423	93	40	57
ENSG00000182749	201	145	139
ENSG00000207302	0	0	0
ENSG00000117632	2620	1227	1393
ENSG00000229786	0	0	0
ENSG00000223624	1	1	0
ENSG00000283938	0	0	0
ENSG00000199385	0	0	0
ENSG00000187147	1368	982	914
ENSG00000263381	0	0	0
ENSG00000126106	183	312	399
ENSG00000198520	138	68	70
ENSG00000199377	1	1	0
ENSG00000200169	1	1	0
ENSG00000142945	755	427	418
ENSG00000142937	24449	13091	12973
ENSG00000264294	0	0	0
ENSG00000200913	49	27	22
ENSG00000202031	6	2	4
ENSG00000207421	0	0	0
ENSG00000281859	0	0	0
ENSG00000234093	5	2	3
ENSG00000142959	146	84	62
ENSG00000173846	4489	2288	2331
ENSG00000117425	273	137	136
ENSG00000202444	0	0	0
ENSG00000226499	1	0	1
ENSG00000070785	799	375	425
ENSG00000253039	0	0	0
ENSG00000229815	1	2	0
ENSG00000232369	0	0	0
ENSG00000268949	1	1	0
ENSG00000126107	1769	918	978
ENSG00000126088	927	520	534
ENSG00000234315	0	0	0
ENSG00000162408	1504	734	770
ENSG00000229519	22	16	6
ENSG00000173662	22	5	17
ENSG00000204859	908	455	453
ENSG00000288629	0	0	0
ENSG00000230735	11	13	7
ENSG00000171488	1727	840	887
ENSG00000226394	7	5	2
ENSG00000237200	14	6	8
ENSG00000070886	2	1	1
ENSG00000276835	0	0	0
ENSG00000265422	0	0	0
ENSG00000223776	5	9	80
ENSG00000273058	19	8	11
ENSG00000230325	18	35	19
ENSG00000119285	2335	1826	1774
ENSG00000226498	1	1	0
ENSG00000237991	1	1	0
ENSG00000244020	0	0	0
ENSG00000288099	0	0	0
ENSG00000225886	18	6	14
ENSG00000206767	0	0	0
ENSG00000226662	0	0	0
ENSG00000207095	0	0	0
ENSG00000287244	3	2	1
ENSG00000231344	6	2	4
ENSG00000230833	2	0	2
ENSG00000117758	2398	1176	1222
ENSG00000269971	16	7	9
ENSG00000270031	15	10	5
ENSG00000223062	0	0	0
ENSG00000286433	4	14	59
ENSG00000117751	1387	701	755
ENSG00000252947	2	1	1
ENSG00000130775	2397	1197	1201
ENSG00000117748	1184	557	628
ENSG00000223643	0	0	0
ENSG00000230239	0	0	0
ENSG00000263811	0	0	0
ENSG00000277234	0	0	0
ENSG00000235241	0	32	43
ENSG00000207005	0	0	0
ENSG00000272426	8	4	4
ENSG00000117122	256	188	132
ENSG00000286898	0	32	32
ENSG00000226526	4	62	71
ENSG00000159363	1760	904	952
ENSG00000117118	1966	976	990
ENSG00000117115	1014	517	497
ENSG00000204362	0	0	0
ENSG00000282843	0	0	0
ENSG00000142623	28	13	15
ENSG00000142619	7	2	5
ENSG00000266634	0	0	0
ENSG00000199459	5	5	0
ENSG00000273264	6	4	2
ENSG00000282057	31	12	19
ENSG00000272691	1	0	1
ENSG00000199934	0	0	0
ENSG00000230285	0	0	0
ENSG00000142871	40613	19868	20745
ENSG00000226643	0	0	0
ENSG00000234419	0	0	0
ENSG00000276997	14	6	8
ENSG00000222399	0	0	0
ENSG00000267305	1	0	1
ENSG00000143512	15	10	5
ENSG00000143498	360	194	183
ENSG00000225265	22	16	23
ENSG00000154305	4042	2220	2335
ENSG00000229399	6	3	3
ENSG00000272750	93	320	281
ENSG00000186063	1001	511	523
ENSG00000162819	1819	871	976
ENSG00000287684	39	31	31
ENSG00000234523	1	1	0
ENSG00000287338	6	2	4
ENSG00000187554	208	99	109
ENSG00000236846	0	0	0
ENSG00000226601	0	0	0
ENSG00000164010	399	277	289
ENSG00000164011	185	96	89
ENSG00000233708	0	0	0
ENSG00000237090	0	0	0
ENSG00000225099	0	0	0
ENSG00000284138	7	1	6
ENSG00000283973	0	3	3
ENSG00000207256	0	0	0
ENSG00000283136	0	0	0
ENSG00000277513	0	0	0
ENSG00000154309	311	156	155
ENSG00000226967	0	0	0
ENSG00000231407	13	10	8
ENSG00000229570	0	0	0
ENSG00000203857	0	0	0
ENSG00000226443	1	1	0
ENSG00000249798	1	0	1
ENSG00000239873	1	0	1
ENSG00000203855	1	1	0
ENSG00000240244	1	0	1
ENSG00000260941	30	18	12
ENSG00000198857	18	10	8
ENSG00000143067	498	242	256
ENSG00000134240	306	143	163
ENSG00000134193	6800	3389	3411
ENSG00000215864	12	4	8
ENSG00000227205	0	0	0
ENSG00000226446	0	0	0
ENSG00000134249	1	1	0
ENSG00000092621	3294	1637	1657
ENSG00000027644	24	8	16
ENSG00000241992	0	0	0
ENSG00000234226	0	0	0
ENSG00000137970	76	4	72
ENSG00000223229	0	0	0
ENSG00000285698	0	0	0
ENSG00000228035	0	0	0
ENSG00000287103	0	0	0
ENSG00000226973	0	0	0
ENSG00000274468	0	0	0
ENSG00000130764	1537	844	840
ENSG00000266075	7	4	3
ENSG00000272153	40	107	80
ENSG00000230026	0	0	0
ENSG00000285177	2	0	2
ENSG00000284770	140	328	336
ENSG00000229795	1	0	1
ENSG00000238236	0	0	0
ENSG00000235638	0	0	0
ENSG00000231199	0	0	0
ENSG00000226663	0	0	0
ENSG00000231582	0	0	0
ENSG00000232714	0	0	0
ENSG00000235761	0	0	0
ENSG00000270710	0	0	0
ENSG00000227236	0	0	0
ENSG00000198837	3165	1642	1700
ENSG00000160741	2005	974	1031
ENSG00000276584	0	0	0
ENSG00000282386	37	15	22
ENSG00000273026	9	2	7
ENSG00000143578	509	298	277
ENSG00000143543	347	80	296
ENSG00000285641	0	15	18
ENSG00000143545	499	187	312
ENSG00000177954	12236	6265	5971
ENSG00000231416	6	4	2
ENSG00000200220	0	0	0
ENSG00000231837	1	0	1
ENSG00000263987	0	0	0
ENSG00000162642	1053	531	522
ENSG00000223254	51	30	21
ENSG00000223653	47	94	192
ENSG00000116198	1835	881	959
ENSG00000169598	419	210	214
ENSG00000226653	1	0	1
ENSG00000207209	0	0	0
ENSG00000272443	0	0	0
ENSG00000272480	0	0	0
ENSG00000288626	0	0	0
ENSG00000162836	387	191	196
ENSG00000207080	0	0	0
ENSG00000231791	0	0	0
ENSG00000244568	0	0	0
ENSG00000271387	4	1	3
ENSG00000116667	1666	780	886
ENSG00000230470	19	13	6
ENSG00000232036	1	1	0
ENSG00000285847	28	15	15
ENSG00000286378	1	2	1
ENSG00000215381	0	0	0
ENSG00000261326	265	145	120
ENSG00000284726	9	3	6
ENSG00000125945	1821	931	1004
ENSG00000201405	0	0	0
ENSG00000271420	14	3	11
ENSG00000204219	1219	575	644
ENSG00000232482	4	2	2
ENSG00000285779	0	0	0
ENSG00000162885	922	913	848
ENSG00000270780	0	0	0
ENSG00000232895	0	0	0
ENSG00000273698	0	0	0
ENSG00000273112	3	2	1
ENSG00000173110	97462	45259	52203
ENSG00000224203	0	0	0
ENSG00000224515	0	0	0
ENSG00000225217	8558	4307	4251
ENSG00000231586	1	1	0
ENSG00000234211	6	21	29
ENSG00000213075	6	3	3
ENSG00000143125	0	0	0
ENSG00000270380	0	0	0
ENSG00000282887	0	0	0
ENSG00000283999	0	0	0
ENSG00000240194	0	0	0
ENSG00000235407	1	0	1
ENSG00000143105	0	0	0
ENSG00000199710	0	0	0
ENSG00000237415	0	0	0
ENSG00000232791	0	0	0
ENSG00000177301	153	71	82
ENSG00000226828	3	2	1
ENSG00000279774	1	1	0
ENSG00000229960	1	1	0
ENSG00000286486	7	5	2
ENSG00000244066	0	0	0
ENSG00000237759	0	0	0
ENSG00000287531	0	0	0
ENSG00000225855	425	1538	1318
ENSG00000283701	1	1	0
ENSG00000207134	1	0	1
ENSG00000227773	2	1	1
ENSG00000207144	0	0	0
ENSG00000237872	9	3	6
ENSG00000271267	12	4	8
ENSG00000225082	2	2	0
ENSG00000223503	3	2	1
ENSG00000232519	7	2	8
ENSG00000160752	1934	2141	2172
ENSG00000121957	725	994	925
ENSG00000235089	0	0	0
ENSG00000285179	0	0	0
ENSG00000223026	0	0	0
ENSG00000225721	8	75	1654
ENSG00000188396	256	238	149
ENSG00000202167	0	0	0
ENSG00000207349	0	0	0
ENSG00000252826	0	0	0
ENSG00000206737	0	0	0
ENSG00000223779	0	0	0
ENSG00000242352	0	0	0
ENSG00000270962	0	0	0
ENSG00000263590	0	0	0
ENSG00000252105	0	0	0
ENSG00000233430	0	0	0
ENSG00000237503	0	0	0
ENSG00000265531	18	10	8
ENSG00000234571	2	0	2
ENSG00000230186	0	3	3
ENSG00000268074	0	0	0
ENSG00000270872	6	3	3
ENSG00000276674	0	0	0
ENSG00000082482	31	17	14
ENSG00000116747	1565	941	846
ENSG00000118729	90	57	33
ENSG00000134207	3	1	2
ENSG00000163467	37	20	21
ENSG00000243710	4	5	4
ENSG00000117395	1640	849	801
ENSG00000116874	496	266	288
ENSG00000065600	320	162	158
ENSG00000009780	493	221	272
ENSG00000023572	756	443	453
ENSG00000077254	2776	1338	1438
ENSG00000134644	4496	2260	2236
ENSG00000215788	1136	613	599
ENSG00000117834	58	38	27
ENSG00000117625	1565	765	800
ENSG00000179902	6	1	7
ENSG00000020633	1475	752	723
ENSG00000121766	558	373	376
ENSG00000143157	1950	997	953
ENSG00000162614	646	331	346
ENSG00000160781	99	49	52
ENSG00000143344	1380	716	664
ENSG00000162613	5597	2815	2783
ENSG00000116882	1	1	0
ENSG00000198758	4119	2025	2094
ENSG00000117569	1253	606	647
ENSG00000142856	517	332	368
ENSG00000158022	8	2	6
ENSG00000116396	1006	489	517
ENSG00000058668	5855	2921	2934
ENSG00000163875	1425	743	682
ENSG00000282872	0	0	0
ENSG00000131238	3183	1563	1620
ENSG00000171680	1281	627	654
ENSG00000244457	0	0	0
ENSG00000116977	2408	1911	2020
ENSG00000229372	0	121	130
ENSG00000274975	0	0	1
ENSG00000229348	2	2	0
ENSG00000242485	1627	861	950
ENSG00000264293	0	0	0
ENSG00000272455	58	24	34
ENSG00000225905	9	6	5
ENSG00000225285	33	18	16
ENSG00000179403	4273	2127	2149
ENSG00000215915	167	89	78
ENSG00000236085	0	0	0
ENSG00000234441	0	0	0
ENSG00000227408	0	0	0
ENSG00000223635	0	0	0
ENSG00000135776	958	459	499
ENSG00000199672	3	2	1
ENSG00000201492	2	0	2
ENSG00000229367	1	0	1
ENSG00000135763	679	339	340
ENSG00000213028	0	0	0
ENSG00000225984	0	0	0
ENSG00000178828	241	157	185
ENSG00000235434	1	54	48
ENSG00000169914	1081	521	560
ENSG00000188784	0	0	0
ENSG00000242688	0	0	0
ENSG00000177186	0	0	0
ENSG00000177174	0	0	0
ENSG00000269956	42	92	102
ENSG00000162456	0	0	0
ENSG00000079277	1385	751	786
ENSG00000117407	55	26	29
ENSG00000237950	43	21	22
ENSG00000117408	1128	570	558
ENSG00000285649	5	50	86
ENSG00000117410	3048	1486	1563
ENSG00000159214	196	124	108
ENSG00000196517	772	383	425
ENSG00000227163	0	0	0
ENSG00000271647	0	2	2
ENSG00000239560	0	0	0
ENSG00000196539	1	0	1
ENSG00000229255	0	0	0
ENSG00000203661	0	0	0
ENSG00000271934	0	0	0
ENSG00000224521	0	0	0
ENSG00000227102	0	0	0
ENSG00000183310	0	0	0
ENSG00000201602	0	0	0
ENSG00000271701	0	0	0
ENSG00000189181	0	0	0
ENSG00000187238	0	0	0
ENSG00000185962	0	0	0
ENSG00000226947	0	0	0
ENSG00000285753	0	0	0
ENSG00000187223	0	0	0
ENSG00000159455	0	0	0
ENSG00000187173	0	0	0
ENSG00000204501	0	0	0
ENSG00000228229	0	0	0
ENSG00000204481	0	0	0
ENSG00000204479	0	0	0
ENSG00000172031	64	33	31
ENSG00000233228	0	0	0
ENSG00000224678	2	1	1
ENSG00000233401	0	0	0
ENSG00000273487	4	2	2
ENSG00000226773	0	0	0
ENSG00000274481	0	0	0
ENSG00000228594	81	39	42
ENSG00000286989	8	4	4
ENSG00000272106	139	89	103
ENSG00000189409	19	12	7
ENSG00000272004	0	1	1
ENSG00000189339	2233	1064	1173
ENSG00000269737	164	86	79
ENSG00000215914	4	1	3
ENSG00000008128	365	219	146
ENSG00000268575	99	80	71
ENSG00000227775	386	204	246
ENSG00000008130	3330	1647	1683
ENSG00000078369	11207	5410	5797
ENSG00000178821	83	34	49
ENSG00000158477	5	1	4
ENSG00000230942	0	0	0
ENSG00000158481	70	30	40
ENSG00000158485	12	5	7
ENSG00000158488	6	4	2
ENSG00000186306	0	0	0
ENSG00000203758	0	0	0
ENSG00000236257	5	3	2
ENSG00000236656	0	0	0
ENSG00000198703	0	0	0
ENSG00000227445	0	0	0
ENSG00000231434	5	1	4
ENSG00000117505	3289	1625	1769
ENSG00000229635	1	0	1
ENSG00000207379	1	0	1
ENSG00000212601	1	0	1
ENSG00000162889	8080	3914	4166
ENSG00000224114	63	34	29
ENSG00000199349	9	4	5
ENSG000001628