N_unmapped	775049	775049	775049
N_multimapping	5470986	5470986	5470986
N_noFeature	6492111	26199832	25622607
N_ambiguous	3526804	906089	865396
ENSG00000160072	1146	558	588
ENSG00000234396	1	0	2
ENSG00000225972	1398	412	986
ENSG00000224315	5	2	3
ENSG00000198744	108	51	57
ENSG00000279928	3	0	3
ENSG00000228037	44	13	31
ENSG00000142611	291	128	163
ENSG00000225630	5875	3079	2796
ENSG00000284616	0	0	0
ENSG00000157911	310	742	748
ENSG00000269896	63	36	27
ENSG00000237973	1441	4223	2919
ENSG00000228463	3	1	2
ENSG00000260972	1	1	0
ENSG00000157933	2586	1296	1290
ENSG00000224340	3	1	2
ENSG00000226545	1	1	0
ENSG00000268663	0	0	0
ENSG00000226374	2	3	4
ENSG00000229280	0	0	0
ENSG00000142655	457	256	306
ENSG00000232596	0	0	0
ENSG00000235054	0	0	0
ENSG00000232663	0	0	0
ENSG00000240409	2	2	0
ENSG00000229344	275	169	119
ENSG00000231510	0	0	0
ENSG00000149527	348	184	165
ENSG00000284739	0	0	0
ENSG00000171621	1644	798	846
ENSG00000272235	45	17	28
ENSG00000284694	0	0	0
ENSG00000230021	9	39	45
ENSG00000287356	19	12	12
ENSG00000224387	2	1	1
ENSG00000285629	0	0	0
ENSG00000173673	0	0	0
ENSG00000142583	417	208	209
ENSG00000284674	0	0	0
ENSG00000272161	2	2	0
ENSG00000237094	32	11	21
ENSG00000224338	0	0	0
ENSG00000074800	12434	6157	6277
ENSG00000116786	2096	1203	1100
ENSG00000287727	15	6	9
ENSG00000228423	3	0	3
ENSG00000286448	2	0	2
ENSG00000131686	3	4	0
ENSG00000229305	0	0	0
ENSG00000284703	1	0	1
ENSG00000226457	2	0	2
ENSG00000173614	668	311	358
ENSG00000248527	35820	17399	18421
ENSG00000215720	4	3	1
ENSG00000241326	0	0	0
ENSG00000233623	9	5	4
ENSG00000162592	6	24	32
ENSG00000116254	47	19	28
ENSG00000233645	0	0	0
ENSG00000204624	17	12	10
ENSG00000142606	44	156	149
ENSG00000235146	0	0	0
ENSG00000225931	35	15	20
ENSG00000171729	545	263	292
ENSG00000279457	70	41	29
ENSG00000162571	38	22	28
ENSG00000229393	2	2	1
ENSG00000037637	1367	686	681
ENSG00000287586	5	3	2
ENSG00000159423	319	158	161
ENSG00000142599	6093	2369	3726
ENSG00000227169	0	0	0
ENSG00000283356	0	0	0
ENSG00000011021	1384	704	731
ENSG00000142615	1	1	0
ENSG00000215704	16	16	15
ENSG00000157916	3149	2104	2225
ENSG00000157881	759	344	415
ENSG00000238290	11	5	6
ENSG00000225387	0	0	0
ENSG00000048707	3050	1467	1583
ENSG00000158748	7	3	4
ENSG00000225196	1	1	0
ENSG00000162444	420	204	216
ENSG00000279625	0	0	0
ENSG00000180758	408	198	210
ENSG00000184677	2378	1156	1222
ENSG00000230679	6	0	6
ENSG00000270136	1	0	1
ENSG00000288398	127	56	71
ENSG00000224621	7	3	4
ENSG00000285833	0	2	3
ENSG00000131697	514	247	271
ENSG00000284692	4	0	4
ENSG00000284745	2	2	0
ENSG00000280222	6	1	5
ENSG00000227634	0	0	0
ENSG00000285945	0	0	0
ENSG00000229162	12	5	7
ENSG00000197921	1	1	1
ENSG00000233755	0	0	1
ENSG00000233929	9	5	4
ENSG00000271742	1	0	1
ENSG00000226396	84	33	51
ENSG00000169504	9167	4703	4464
ENSG00000234166	0	45	26
ENSG00000235282	0	0	0
ENSG00000055070	2509	1869	1786
ENSG00000175087	723	338	387
ENSG00000157191	2489	1231	1262
ENSG00000284699	0	0	0
ENSG00000230035	0	0	0
ENSG00000235185	4	4	0
ENSG00000225643	15	7	8
ENSG00000284666	0	0	0
ENSG00000228943	0	0	0
ENSG00000234397	0	0	0
ENSG00000284309	1	1	0
ENSG00000162511	6498	5992	5873
ENSG00000158014	35	19	16
ENSG00000204138	2073	1068	1005
ENSG00000233419	0	0	0
ENSG00000235263	0	0	0
ENSG00000228176	0	0	0
ENSG00000231251	0	0	0
ENSG00000142675	543	255	288
ENSG00000197245	336	156	180
ENSG00000261025	0	0	0
ENSG00000116237	2344	1230	1230
ENSG00000130772	476	238	238
ENSG00000215899	0	0	0
ENSG00000271398	3	3	0
ENSG00000225011	0	0	0
ENSG00000235069	0	0	0
ENSG00000284676	0	0	0
ENSG00000237058	4	2	2
ENSG00000233399	32	20	12
ENSG00000090020	1233	635	598
ENSG00000157978	1265	582	683
ENSG00000226944	26	7	24
ENSG00000270282	0	0	0
ENSG00000130770	1860	1110	1612
ENSG00000229044	3	147	107
ENSG00000162512	4936	2515	2421
ENSG00000158006	726	351	375
ENSG00000214812	0	0	0
ENSG00000126698	2644	1343	1301
ENSG00000229447	36	19	17
ENSG00000229607	0	0	0
ENSG00000130766	544	295	249
ENSG00000168528	681	348	333
ENSG00000196581	99	59	40
ENSG00000169403	1026	559	467
ENSG00000084628	12	4	8
ENSG00000060688	1156	574	582
ENSG00000171612	359	166	193
ENSG00000270927	0	0	0
ENSG00000188910	57	36	21
ENSG00000230523	0	0	0
ENSG00000116138	1296	734	644
ENSG00000158161	1441	680	762
ENSG00000142684	0	134	178
ENSG00000234619	1	0	1
ENSG00000121769	155	79	76
ENSG00000142627	1029	495	534
ENSG00000284668	0	0	0
ENSG00000233234	0	0	0
ENSG00000142632	343	196	218
ENSG00000234593	3	1	2
ENSG00000158292	747	385	362
ENSG00000270605	306	158	155
ENSG00000189337	566	438	443
ENSG00000232912	43	25	20
ENSG00000235084	7	2	5
ENSG00000235143	0	0	0
ENSG00000225478	0	0	0
ENSG00000225077	4	38	33
ENSG00000028137	3465	1751	1714
ENSG00000238249	0	0	0
ENSG00000204464	7	3	4
ENSG00000233372	2	0	2
ENSG00000283259	0	0	0
ENSG00000284543	40	22	18
ENSG00000130939	2233	1101	1132
ENSG00000175147	215	283	257
ENSG00000127472	140	61	80
ENSG00000060656	347	171	176
ENSG00000163867	993	462	531
ENSG00000232768	3	3	0
ENSG00000230214	0	0	0
ENSG00000189280	4	0	4
ENSG00000134698	2493	1230	1263
ENSG00000134690	304	159	145
ENSG00000272420	22	12	10
ENSG00000132881	74	39	35
ENSG00000273274	5	2	3
ENSG00000116251	5622	2684	2980
ENSG00000272510	4	12	17
ENSG00000158286	1022	572	546
ENSG00000236648	0	0	0
ENSG00000232273	5	1	4
ENSG00000009709	2	1	1
ENSG00000287396	0	0	0
ENSG00000223589	0	0	0
ENSG00000158008	24	11	13
ENSG00000130940	646	468	499
ENSG00000116771	582	324	315
ENSG00000237301	12	1	11
ENSG00000162585	941	576	626
ENSG00000163879	468	273	229
ENSG00000227527	12	6	6
ENSG00000116954	766	361	405
ENSG00000228589	45	42	3
ENSG00000163873	438	195	243
ENSG00000117215	820	421	399
ENSG00000196449	445	235	254
ENSG00000230163	0	47	54
ENSG00000227538	0	0	0
ENSG00000232208	2	2	0
ENSG00000236500	0	0	0
ENSG00000044012	5	3	2
ENSG00000179051	2713	1641	1641
ENSG00000215895	1	0	1
ENSG00000231868	3	2	3
ENSG00000284650	4	1	3
ENSG00000237329	3	2	1
ENSG00000236948	0	0	0
ENSG00000126067	2496	1237	1259
ENSG00000274944	0	0	0
ENSG00000132906	667	327	355
ENSG00000197312	2019	1030	989
ENSG00000284748	1	0	1
ENSG00000272078	69	220	170
ENSG00000173660	4398	1950	2448
ENSG00000224592	0	0	0
ENSG00000233728	0	56	48
ENSG00000230451	0	0	0
ENSG00000231606	9	6	3
ENSG00000215900	0	0	0
ENSG00000284632	0	0	0
ENSG00000241014	25	10	15
ENSG00000054118	5255	2620	2635
ENSG00000254553	1	1	0
ENSG00000284653	0	0	0
ENSG00000237749	3	0	3
ENSG00000276747	0	0	0
ENSG00000284705	0	0	0
ENSG00000228776	0	0	0
ENSG00000159339	52	26	26
ENSG00000223814	0	0	0
ENSG00000197982	513	164	393
ENSG00000261781	0	0	0
ENSG00000183317	528	262	266
ENSG00000183386	487	265	222
ENSG00000284743	0	0	0
ENSG00000158315	59	39	31
ENSG00000204084	1795	1031	1033
ENSG00000186973	6	3	3
ENSG00000271806	30	48	47
ENSG00000146463	2222	1191	1199
ENSG00000279214	7	0	7
ENSG00000183520	1046	483	563
ENSG00000271741	0	0	0
ENSG00000214141	0	0	0
ENSG00000142686	547	271	276
ENSG00000224751	0	0	0
ENSG00000279096	1	1	0
ENSG00000117148	0	0	0
ENSG00000230585	6	4	2
ENSG00000117000	1587	740	847
ENSG00000284989	0	0	0
ENSG00000231630	0	0	0
ENSG00000092853	169	95	88
ENSG00000255811	1	0	1
ENSG00000134697	1649	782	901
ENSG00000187513	422	175	247
ENSG00000238145	1	1	0
ENSG00000225142	0	0	0
ENSG00000230138	18	13	5
ENSG00000223390	2	40	36
ENSG00000285823	2	2	1
ENSG00000284720	0	0	0
ENSG00000225028	8	2	6
ENSG00000225671	0	0	0
ENSG00000116151	228	116	117
ENSG00000226147	0	0	0
ENSG00000182873	140	80	66
ENSG00000006555	456	225	231
ENSG00000236111	0	0	0
ENSG00000066056	2611	1289	1322
ENSG00000214114	605	303	302
ENSG00000173436	720	223	517
ENSG00000116544	37	18	19
ENSG00000231900	0	0	0
ENSG00000236723	9	289	288
ENSG00000232467	1	1	0
ENSG00000117016	330	188	142
ENSG00000121310	4182	2065	2118
ENSG00000169213	360	190	170
ENSG00000163866	1053	576	578
ENSG00000225779	4	1	3
ENSG00000284601	1	1	0
ENSG00000237130	0	0	0
ENSG00000143001	26	28	40
ENSG00000229716	0	0	0
ENSG00000226133	3	0	3
ENSG00000227416	0	0	0
ENSG00000232335	3	8	9
ENSG00000260971	12	7	6
ENSG00000259832	0	0	0
ENSG00000284696	0	0	0
ENSG00000238242	0	0	0
ENSG00000285839	0	0	0
ENSG00000237290	0	0	0
ENSG00000232762	2	1	1
ENSG00000117419	812	397	415
ENSG00000162384	1797	950	962
ENSG00000162391	53	93	101
ENSG00000174348	2533	1608	1546
ENSG00000154198	1	1	0
ENSG00000117859	3368	1652	1729
ENSG00000228121	0	0	0
ENSG00000253313	221	125	96
ENSG00000162396	132	67	65
ENSG00000203995	57	16	46
ENSG00000227742	51	33	21
ENSG00000284686	3	2	1
ENSG00000162378	1709	850	859
ENSG00000233079	0	0	0
ENSG00000259818	2	1	1
ENSG00000229444	1	3	1
ENSG00000240563	72	29	43
ENSG00000234318	1	1	0
ENSG00000284773	87	36	51
ENSG00000234481	0	0	0
ENSG00000117862	234	142	93
ENSG00000235612	0	0	1
ENSG00000228369	5	2	4
ENSG00000183431	2328	1066	1262
ENSG00000227485	0	0	0
ENSG00000224609	54	31	33
ENSG00000235545	13	5	8
ENSG00000236646	0	0	0
ENSG00000169174	249	127	122
ENSG00000232198	0	0	0
ENSG00000238063	3	1	2
ENSG00000227104	0	0	0
ENSG00000243725	59	44	15
ENSG00000171872	1	1	0
ENSG00000162407	4085	2004	2081
ENSG00000285079	0	0	0
ENSG00000169218	116	61	55
ENSG00000163877	881	425	456
ENSG00000228929	28	15	13
ENSG00000224570	1	0	1
ENSG00000224980	0	0	0
ENSG00000278967	3	2	1
ENSG00000157184	532	644	571
ENSG00000272491	44	33	38
ENSG00000198815	2633	1279	1354
ENSG00000134744	2416	1221	1195
ENSG00000233910	0	0	0
ENSG00000287703	0	0	0
ENSG00000283039	0	0	0
ENSG00000229032	0	0	0
ENSG00000229294	0	0	0
ENSG00000232993	0	366	215
ENSG00000234088	0	0	0
ENSG00000236973	3	1	2
ENSG00000227947	0	0	0
ENSG00000277397	0	0	0
ENSG00000271200	8	3	6
ENSG00000235446	0	0	0
ENSG00000261196	0	0	0
ENSG00000162385	969	409	560
ENSG00000231413	1	0	1
ENSG00000234264	1	0	1
ENSG00000242391	1	5	1
ENSG00000223883	0	0	0
ENSG00000284808	2	2	0
ENSG00000242267	22	15	7
ENSG00000237227	2	0	2
ENSG00000275350	0	0	0
ENSG00000116652	18	13	11
ENSG00000123080	616	309	314
ENSG00000285778	0	0	0
ENSG00000077549	9526	4897	4649
ENSG00000233407	0	0	0
ENSG00000225675	6	3	3
ENSG00000237622	0	0	0
ENSG00000162598	3	0	3
ENSG00000280317	0	0	0
ENSG00000162415	331	163	170
ENSG00000162600	717	320	397
ENSG00000116704	1271	630	641
ENSG00000227644	0	20	18
ENSG00000157193	287	183	204
ENSG00000116205	910	485	470
ENSG00000198841	136	59	77
ENSG00000116212	496	252	244
ENSG00000234204	0	0	0
ENSG00000233099	0	0	0
ENSG00000233994	12	12	0
ENSG00000237180	0	0	0
ENSG00000213561	27	14	13
ENSG00000233973	0	0	0
ENSG00000237552	0	0	0
ENSG00000132854	136	59	77
ENSG00000227556	0	0	0
ENSG00000162616	2100	1025	1077
ENSG00000162607	1881	889	992
ENSG00000233602	15	10	5
ENSG00000233271	0	29	13
ENSG00000285954	13	6	7
ENSG00000233333	8	2	6
ENSG00000154027	137	66	71
ENSG00000234108	0	0	0
ENSG00000232676	0	0	0
ENSG00000225167	0	0	0
ENSG00000132122	646	308	338
ENSG00000213579	1	0	1
ENSG00000137960	1049	549	500
ENSG00000237852	3	1	2
ENSG00000116745	36	16	20
ENSG00000132855	8	4	5
ENSG00000285407	0	0	0
ENSG00000272855	4	4	0
ENSG00000270549	1	0	1
ENSG00000237163	0	0	0
ENSG00000229636	0	0	0
ENSG00000116675	189	96	93
ENSG00000162433	399	207	192
ENSG00000213625	4965	2466	2499
ENSG00000227207	0	0	0
ENSG00000227016	0	0	0
ENSG00000233664	0	0	0
ENSG00000158966	715	337	378
ENSG00000213703	0	0	0
ENSG00000203965	373	180	195
ENSG00000223479	0	0	0
ENSG00000233674	0	0	0
ENSG00000153898	624	349	275
ENSG00000117069	263	132	131
ENSG00000125703	734	336	398
ENSG00000285041	0	0	0
ENSG00000285808	0	0	0
ENSG00000229440	0	0	0
ENSG00000234144	0	0	0
ENSG00000213540	0	0	0
ENSG00000277670	0	0	0
ENSG00000227466	0	0	0
ENSG00000154007	0	0	0
ENSG00000230498	3	3	0
ENSG00000285782	0	0	0
ENSG00000162618	1783	929	854
ENSG00000224493	0	0	0
ENSG00000131233	2	0	2
ENSG00000272371	1	0	1
ENSG00000287647	2	2	0
ENSG00000229225	0	0	0
ENSG00000230863	1	1	0
ENSG00000213560	5	2	3
ENSG00000287224	4	1	3
ENSG00000225598	0	0	0
ENSG00000286455	0	0	0
ENSG00000225087	0	0	0
ENSG00000224986	3	0	3
ENSG00000280378	52	29	23
ENSG00000188786	984	507	477
ENSG00000230053	0	0	0
ENSG00000137941	893	453	440
ENSG00000273338	43	19	24
ENSG00000223720	2	0	2
ENSG00000224326	0	0	0
ENSG00000286548	22	12	10
ENSG00000066135	750	505	563
ENSG00000230027	0	0	0
ENSG00000233061	12	8	4
ENSG00000272094	0	0	0
ENSG00000228853	0	0	0
ENSG00000215874	0	0	0
ENSG00000232453	47	23	24
ENSG00000260386	0	0	0
ENSG00000284895	0	0	0
ENSG00000117174	1091	522	569
ENSG00000237413	0	0	0
ENSG00000184313	104	47	57
ENSG00000284645	0	0	0
ENSG00000225605	1	0	1
ENSG00000225446	0	0	0
ENSG00000288543	8	7	1
ENSG00000122420	316	152	164
ENSG00000284240	8	3	5
ENSG00000236290	1	0	1
ENSG00000143013	2257	1093	1164
ENSG00000226084	16	9	7
ENSG00000134748	2173	1101	1072
ENSG00000142892	1380	698	682
ENSG00000219102	2	2	0
ENSG00000184005	309	158	151
ENSG00000230953	59	24	35
ENSG00000287743	3	0	3
ENSG00000229332	0	0	0
ENSG00000227937	0	0	0
ENSG00000229752	0	0	0
ENSG00000237505	8	4	5
ENSG00000285462	0	0	0
ENSG00000233216	1	1	0
ENSG00000197273	985	511	474
ENSG00000226804	0	0	0
ENSG00000285325	0	0	0
ENSG00000230728	3	1	2
ENSG00000162402	3330	1675	1655
ENSG00000232846	1	0	1
ENSG00000219201	3	3	0
ENSG00000230787	1	0	1
ENSG00000116641	1565	768	798
ENSG00000235927	30	53	47
ENSG00000223920	2	0	2
ENSG00000237453	8	4	4
ENSG00000172260	1472	722	754
ENSG00000285473	0	0	0
ENSG00000237959	0	0	0
ENSG00000231364	0	0	0
ENSG00000234578	0	1	2
ENSG00000117480	960	448	512
ENSG00000137944	1176	528	648
ENSG00000229505	0	0	0
ENSG00000228187	0	0	0
ENSG00000285201	0	0	0
ENSG00000182183	156	87	69
ENSG00000236407	0	0	0
ENSG00000271949	0	0	0
ENSG00000227062	0	0	0
ENSG00000067334	2093	991	1102
ENSG00000235011	0	0	0
ENSG00000235673	0	0	0
ENSG00000226938	0	0	0
ENSG00000213559	0	0	0
ENSG00000287587	0	0	0
ENSG00000142949	4579	2266	2313
ENSG00000116133	1304	710	737
ENSG00000232882	0	0	0
ENSG00000171502	230	107	123
ENSG00000162399	1	1	0
ENSG00000116157	343	152	191
ENSG00000143036	949	472	477
ENSG00000232672	1	0	1
ENSG00000230817	0	0	0
ENSG00000235613	7	4	3
ENSG00000065243	2171	1087	1085
ENSG00000226759	0	0	0
ENSG00000226960	0	0	0
ENSG00000234080	0	0	0
ENSG00000237899	4	2	2
ENSG00000225492	204	121	84
ENSG00000223905	0	0	0
ENSG00000227290	6	3	3
ENSG00000229486	0	0	0
ENSG00000282898	0	0	0
ENSG00000285409	0	0	0
ENSG00000231090	1	0	1
ENSG00000117528	1772	907	865
ENSG00000271723	3	2	1
ENSG00000172339	367	165	202
ENSG00000036549	1604	831	773
ENSG00000287724	0	43	31
ENSG00000058799	927	442	485
ENSG00000225191	0	0	0
ENSG00000287870	0	0	0
ENSG00000235563	3	1	3
ENSG00000232048	0	0	0
ENSG00000232857	1	0	1
ENSG00000273637	0	0	0
ENSG00000203985	1	0	1
ENSG00000228838	0	0	4
ENSG00000283761	32	17	15
ENSG00000189433	4	2	2
ENSG00000230759	0	0	0
ENSG00000231866	1	1	0
ENSG00000179178	256	115	145
ENSG00000142700	3	0	3
ENSG00000285525	0	0	0
ENSG00000236098	2	2	0
ENSG00000233514	0	0	0
ENSG00000127124	341	152	189
ENSG00000266993	55	60	79
ENSG00000223675	0	0	0
ENSG00000162604	950	439	511
ENSG00000229316	0	0	0
ENSG00000116171	5245	2600	2650
ENSG00000287406	4	1	3
ENSG00000225767	5	3	2
ENSG00000234099	0	0	0
ENSG00000137936	586	304	317
ENSG00000235308	10	4	6
ENSG00000232752	0	0	0
ENSG00000235829	5	2	3
ENSG00000143032	0	0	0
ENSG00000226745	0	0	0
ENSG00000178028	1899	991	908
ENSG00000280040	6	0	6
ENSG00000168710	5193	2622	2571
ENSG00000117519	6651	3217	3434
ENSG00000270507	0	0	0
ENSG00000238037	0	0	0
ENSG00000215869	0	0	0
ENSG00000134215	1152	540	612
ENSG00000227935	2	2	0
ENSG00000229887	1	0	1
ENSG00000228502	26	14	12
ENSG00000236268	1	0	1
ENSG00000271277	0	0	0
ENSG00000236888	0	0	0
ENSG00000279778	23	12	11
ENSG00000232015	0	0	0
ENSG00000230955	0	170	99
ENSG00000230828	0	0	0
ENSG00000188641	2149	1099	1126
ENSG00000152078	344	162	182
ENSG00000237279	0	0	0
ENSG00000233359	2	1	1
ENSG00000237954	0	0	0
ENSG00000185668	7	4	3
ENSG00000171492	1015	480	535
ENSG00000233129	0	0	0
ENSG00000170989	3119	1586	1533
ENSG00000258634	285	207	217
ENSG00000233557	0	0	0
ENSG00000237897	0	0	0
ENSG00000116299	6630	3347	3285
ENSG00000137962	2293	1083	1210
ENSG00000227832	0	0	0
ENSG00000286692	0	0	0
ENSG00000260464	22	11	12
ENSG00000237435	0	0	0
ENSG00000231996	0	0	0
ENSG00000273204	5	6	13
ENSG00000079739	1590	869	847
ENSG00000117154	51	35	16
ENSG00000162377	647	336	311
ENSG00000224613	0	0	0
ENSG00000215871	0	0	0
ENSG00000287372	0	0	0
ENSG00000232542	0	0	0
ENSG00000231095	0	0	0
ENSG00000116774	2585	1262	1323
ENSG00000287756	7	5	2
ENSG00000269113	408	205	203
ENSG00000284652	13	8	5
ENSG00000023909	612	321	291
ENSG00000069702	4946	2577	2369
ENSG00000232185	1	0	1
ENSG00000230489	6	0	6
ENSG00000228399	8	6	2
ENSG00000236776	2	2	0
ENSG00000285928	100	41	59
ENSG00000224685	0	0	0
ENSG00000287076	0	0	0
ENSG00000237480	0	0	0
ENSG00000271252	0	0	0
ENSG00000230427	1	1	0
ENSG00000235794	2	0	2
ENSG00000286758	1	0	1
ENSG00000237337	0	0	0
ENSG00000233983	2	0	2
ENSG00000198198	2896	2420	2403
ENSG00000225183	0	0	0
ENSG00000230402	0	0	0
ENSG00000116793	715	372	343
ENSG00000134201	462	246	217
ENSG00000238122	0	0	0
ENSG00000260879	0	23	59
ENSG00000213366	2393	1272	1121
ENSG00000230864	0	0	0
ENSG00000283354	0	0	0
ENSG00000232918	0	0	0
ENSG00000236360	2	4	2
ENSG00000183298	0	0	2
ENSG00000234332	9	6	3
ENSG00000117525	3819	1809	2010
ENSG00000225079	10	5	5
ENSG00000226483	0	0	0
ENSG00000224238	19	10	9
ENSG00000229537	0	0	0
ENSG00000162699	0	0	0
ENSG00000162692	3225	1574	1651
ENSG00000203914	5	3	2
ENSG00000270457	13	1	12
ENSG00000203858	0	0	0
ENSG00000231987	0	0	0
ENSG00000228057	17	9	8
ENSG00000261593	0	0	0
ENSG00000224445	1	0	1
ENSG00000229842	0	0	0
ENSG00000270631	0	0	0
ENSG00000229201	0	0	0
ENSG00000181656	54	28	26
ENSG00000122481	172	92	80
ENSG00000198162	2282	1135	1147
ENSG00000238198	46	30	16
ENSG00000171517	23	10	13
ENSG00000228852	21	10	11
ENSG00000203864	0	0	0
ENSG00000233482	2	2	0
ENSG00000230250	0	0	0
ENSG00000232878	6	45	37
ENSG00000143079	2161	1017	1144
ENSG00000232450	23	14	9
ENSG00000223575	0	0	0
ENSG00000230768	0	0	0
ENSG00000235202	0	0	0
ENSG00000272715	2	0	2
ENSG00000235038	1	1	0
ENSG00000143093	1524	748	776
ENSG00000226415	23	5	18
ENSG00000085491	1354	735	712
ENSG00000173947	72	29	43
ENSG00000241361	4	1	3
ENSG00000230434	0	0	0
ENSG00000230718	0	0	0
ENSG00000134198	778	391	387
ENSG00000235595	1	1	0
ENSG00000226053	0	0	0
ENSG00000226128	2	2	0
ENSG00000198799	1636	898	903
ENSG00000279513	3	0	3
ENSG00000117620	2110	1034	1095
ENSG00000280186	8	4	4
ENSG00000223906	0	0	0
ENSG00000162688	1159	614	545
ENSG00000197106	16	6	10
ENSG00000259946	0	0	0
ENSG00000236137	23	40	39
ENSG00000203859	20	11	9
ENSG00000228086	3	14	22
ENSG00000213421	0	0	0
ENSG00000234020	0	0	0
ENSG00000060718	19	8	11
ENSG00000236804	0	0	0
ENSG00000231072	0	0	0
ENSG00000273406	0	0	0
ENSG00000185946	1136	568	568
ENSG00000162627	866	413	453
ENSG00000226715	0	2	0
ENSG00000162695	1641	834	807
ENSG00000134184	6	5	9
ENSG00000265808	1748	829	919
ENSG00000261290	0	0	0
ENSG00000225923	0	0	0
ENSG00000134247	4031	2082	1949
ENSG00000187481	0	0	0
ENSG00000116752	1066	446	620
ENSG00000162664	1570	763	807
ENSG00000236866	1	1	0
ENSG00000134253	302	121	181
ENSG00000277655	0	0	0
ENSG00000223416	1	0	1
ENSG00000213226	0	0	0
ENSG00000179571	19	8	11
ENSG00000227850	0	0	0
ENSG00000243967	0	0	0
ENSG00000235777	3	3	0
ENSG00000260246	0	6	2
ENSG00000173218	650	346	304
ENSG00000285532	1	1	0
ENSG00000226755	0	0	0
ENSG00000232650	2	1	1
ENSG00000183508	6777	3332	3445
ENSG00000277095	0	0	1
ENSG00000236806	2	1	1
ENSG00000234283	3	0	3
ENSG00000237188	5	2	3
ENSG00000232780	0	0	0
ENSG00000274927	0	0	0
ENSG00000264145	0	0	0
ENSG00000238256	0	0	0
ENSG00000198765	0	0	0
ENSG00000224335	0	0	0
ENSG00000277702	8	4	5
ENSG00000143398	2538	1325	1213
ENSG00000196505	645	329	316
ENSG00000225871	16	21	16
ENSG00000223489	0	0	0
ENSG00000230546	0	0	0
ENSG00000213262	22	10	12
ENSG00000287015	0	0	0
ENSG00000241720	1	81	59
ENSG00000235526	0	0	0
ENSG00000228347	0	0	0
ENSG00000276975	104	55	49
ENSG00000236012	0	0	0
ENSG00000270911	8	2	6
ENSG00000272824	23	7	16
ENSG00000134200	1	0	1
ENSG00000234257	0	0	0
ENSG00000065183	1085	540	621
ENSG00000227082	48	28	21
ENSG00000228626	0	0	0
ENSG00000226126	0	0	0
ENSG00000163393	396	199	197
ENSG00000163156	769	371	408
ENSG00000143631	33	16	21
ENSG00000156150	0	75	64
ENSG00000228453	0	0	0
ENSG00000274642	1	0	1
ENSG00000177551	1	1	0
ENSG00000197323	1851	937	914
ENSG00000237975	73	37	40
ENSG00000261168	20	12	8
ENSG00000287980	0	0	0
ENSG00000229283	0	0	0
ENSG00000271419	0	0	0
ENSG00000226172	0	0	0
ENSG00000079335	756	383	406
ENSG00000143119	6404	2898	3506
ENSG00000237278	0	78	87
ENSG00000285062	0	0	0
ENSG00000233432	0	0	0
ENSG00000227700	0	0	1
ENSG00000229911	0	0	0
ENSG00000143520	0	0	0
ENSG00000171943	349	166	189
ENSG00000270719	0	0	0
ENSG00000155761	7	45	38
ENSG00000230806	0	0	1
ENSG00000116830	1001	495	506
ENSG00000234422	0	0	0
ENSG00000227056	1	1	0
ENSG00000143614	1800	913	887
ENSG00000227091	1	1	0
ENSG00000169418	832	408	426
ENSG00000214204	1	0	1
ENSG00000081026	934	469	465
ENSG00000225650	1	1	0
ENSG00000227179	0	0	0
ENSG00000224965	6	2	4
ENSG00000228127	8	8	0
ENSG00000226984	0	0	0
ENSG00000186150	2	1	1
ENSG00000143554	1109	536	573
ENSG00000143458	2249	1068	1181
ENSG00000230932	0	0	0
ENSG00000073754	10	7	3
ENSG00000228826	0	0	0
ENSG00000233907	0	0	0
ENSG00000225036	0	0	0
ENSG00000228420	0	0	0
ENSG00000233839	0	0	0
ENSG00000250890	0	0	0
ENSG00000232240	0	0	0
ENSG00000280649	44	36	20
ENSG00000131781	823	410	434
ENSG00000223599	8	2	6
ENSG00000230921	0	0	0
ENSG00000286151	4	2	2
ENSG00000234388	0	0	0
ENSG00000235015	0	0	0
ENSG00000271736	6	2	4
ENSG00000235988	0	0	0
ENSG00000233717	2	0	2
ENSG00000231551	187	100	88
ENSG00000227295	24	10	14
ENSG00000163155	358	165	193
ENSG00000243613	0	69	68
ENSG00000241975	11	6	5
ENSG00000271143	3	3	0
ENSG00000270976	0	0	0
ENSG00000228217	2	0	2
ENSG00000270342	0	0	0
ENSG00000143552	32	21	11
ENSG00000175984	287	151	136
ENSG00000231100	0	0	0
ENSG00000116824	1626	798	828
ENSG00000235887	0	0	0
ENSG00000237460	0	0	0
ENSG00000236327	3	1	2
ENSG00000223804	35	21	14
ENSG00000236887	0	0	0
ENSG00000024526	191	97	111
ENSG00000236480	0	0	0
ENSG00000235756	0	0	0
ENSG00000173810	0	0	0
ENSG00000235005	0	0	0
ENSG00000271890	0	0	0
ENSG00000238107	0	1	1
ENSG00000227425	0	0	0
ENSG00000233222	1	37	45
ENSG00000225279	12	10	2
ENSG00000229101	0	0	0
ENSG00000224927	0	0	0
ENSG00000239216	0	0	0
ENSG00000283360	20	7	13
ENSG00000117262	149	68	81
ENSG00000227907	4	3	1
ENSG00000143624	5119	2737	2704
ENSG00000227970	0	0	0
ENSG00000261055	2	2	0
ENSG00000231613	8	5	3
ENSG00000137947	1047	475	572
ENSG00000236689	0	0	0
ENSG00000233589	2	8	11
ENSG00000117586	146	71	75
ENSG00000230946	13	7	6
ENSG00000226028	0	0	0
ENSG00000162728	4	1	3
ENSG00000229021	4	2	2
ENSG00000203825	0	0	0
ENSG00000184371	3094	1572	1522
ENSG00000233449	0	0	0
ENSG00000242943	0	0	0
ENSG00000233203	1	0	1
ENSG00000232499	2	0	2
ENSG00000232265	5	2	3
ENSG00000163154	224	94	130
ENSG00000232995	54	18	37
ENSG00000236957	1	1	0
ENSG00000238087	0	0	0
ENSG00000227777	3	1	3
ENSG00000177173	19	8	11
ENSG00000277406	33	7	26
ENSG00000238022	1	1	0
ENSG00000231671	1	0	1
ENSG00000162729	1185	598	587
ENSG00000143158	1172	617	905
ENSG00000271092	18	10	8
ENSG00000238118	0	0	0
ENSG00000276118	0	0	0
ENSG00000232148	0	0	0
ENSG00000278811	28	52	45
ENSG00000000460	193	298	297
ENSG00000188859	106	63	50
ENSG00000275075	0	0	0
ENSG00000135862	15080	7427	7653
ENSG00000232952	1	1	0
ENSG00000158473	1246	582	664
ENSG00000227722	0	0	0
ENSG00000285922	0	0	0
ENSG00000275801	7	3	4
ENSG00000143198	2883	1383	1500
ENSG00000143318	37	17	20
ENSG00000232188	0	0	0
ENSG00000232212	0	0	0
ENSG00000143621	3774	1790	2001
ENSG00000241042	2	2	0
ENSG00000143155	1407	645	762
ENSG00000260322	0	0	0
ENSG00000223495	0	0	0
ENSG00000143156	282	323	238
ENSG00000198771	4354	2169	2258
ENSG00000225462	0	0	0
ENSG00000237756	1	1	0
ENSG00000116147	135	74	67
ENSG00000213064	3842	2053	2059
ENSG00000203307	6	3	3
ENSG00000143179	659	380	442
ENSG00000271187	0	0	0
ENSG00000274562	0	0	0
ENSG00000143315	935	458	477
ENSG00000116199	2390	1163	1227
ENSG00000231175	0	0	0
ENSG00000143185	44	26	19
ENSG00000235145	10	3	7
ENSG00000116260	7953	3926	4027
ENSG00000272931	14	7	7
ENSG00000143190	980	561	574
ENSG00000225475	2	0	2
ENSG00000230898	1	0	1
ENSG00000232223	0	0	0
ENSG00000224698	0	0	0
ENSG00000287697	6	10	5
ENSG00000075945	1275	636	695
ENSG00000235303	0	0	0
ENSG00000234810	8	4	4
ENSG00000232750	3	3	0
ENSG00000224468	65	33	32
ENSG00000235628	0	0	0
ENSG00000232551	0	0	0
ENSG00000092607	38	17	21
ENSG00000238270	0	0	0
ENSG00000285894	0	0	0
ENSG00000236025	0	0	0
ENSG00000230687	0	0	0
ENSG00000230704	0	0	0
ENSG00000283255	0	0	0
ENSG00000227741	30	153	181
ENSG00000237049	1	0	1
ENSG00000286754	0	0	0
ENSG00000232751	0	0	0
ENSG00000236364	35	96	83
ENSG00000117091	1181	1064	1108
ENSG00000235378	1	1	1
ENSG00000143171	82	46	36
ENSG00000275767	0	0	0
ENSG00000224718	0	0	0
ENSG00000047410	5125	2715	2800
ENSG00000231992	1	0	1
ENSG00000018625	1459	719	740
ENSG00000171806	282	160	150
ENSG00000287919	4	4	0
ENSG00000229914	1	1	0
ENSG00000233882	0	0	0
ENSG00000198358	52	411	128
ENSG00000229407	16	13	8
ENSG00000134216	0	0	0
ENSG00000230748	0	0	0
ENSG00000254154	72	40	32
ENSG00000162694	707	351	370
ENSG00000238108	0	0	0
ENSG00000214262	0	147	123
ENSG00000183853	2647	1299	1348
ENSG00000215835	8	4	4
ENSG00000118197	1086	524	563
ENSG00000135842	3845	1872	1973
ENSG00000229258	0	1	0
ENSG00000287472	0	0	0
ENSG00000241318	3	1	2
ENSG00000228238	2	2	0
ENSG00000232393	1	0	1
ENSG00000121454	126	133	123
ENSG00000184155	0	0	0
ENSG00000058085	376	175	202
ENSG00000260088	3	3	1
ENSG00000287978	146	75	71
ENSG00000116815	661	308	353
ENSG00000232917	0	0	0
ENSG00000233057	18	12	6
ENSG00000237131	0	0	0
ENSG00000233946	0	0	0
ENSG00000143167	1528	776	752
ENSG00000143184	84	34	50
ENSG00000231966	3	2	1
ENSG00000176320	9	3	6
ENSG00000260976	0	0	0
ENSG00000235215	4	4	0
ENSG00000223450	4	1	3
ENSG00000224691	0	0	0
ENSG00000286572	2	1	1
ENSG00000235101	2	2	0
ENSG00000228215	1	0	1
ENSG00000177807	191	81	110
ENSG00000233626	0	0	0
ENSG00000233691	0	0	0
ENSG00000283518	0	0	0
ENSG00000271527	0	0	0
ENSG00000143228	252	120	133
ENSG00000235827	0	0	0
ENSG00000231615	2	0	2
ENSG00000231714	0	0	0
ENSG00000174514	365	215	232
ENSG00000143178	373	192	181
ENSG00000224837	2	1	1
ENSG00000116833	1105	563	542
ENSG00000227740	13	4	9
ENSG00000260990	1	5	2
ENSG00000000457	721	520	575
ENSG00000143507	398	194	204
ENSG00000285638	0	0	0
ENSG00000226520	1	1	0
ENSG00000284592	0	0	0
ENSG00000230987	0	0	0
ENSG00000232527	0	0	0
ENSG00000215833	0	0	0
ENSG00000228167	0	0	0
ENSG00000225325	0	0	0
ENSG00000223344	0	0	0
ENSG00000228191	0	0	0
ENSG00000229961	33	16	17
ENSG00000150732	0	0	0
ENSG00000157064	291	152	158
ENSG00000288139	0	0	0
ENSG00000226015	73	34	39
ENSG00000215808	3	0	3
ENSG00000059588	2730	1353	1377
ENSG00000231512	0	0	0
ENSG00000237379	0	0	0
ENSG00000232959	0	25	30
ENSG00000122224	660	344	316
ENSG00000162782	29	12	17
ENSG00000238051	0	0	0
ENSG00000233196	2	2	0
ENSG00000229220	3	1	2
ENSG00000143653	1396	611	785
ENSG00000135837	2102	979	1123
ENSG00000158711	3264	1688	1662
ENSG00000227747	0	0	0
ENSG00000228081	1	1	0
ENSG00000228020	0	0	0
ENSG00000234975	62	23	39
ENSG00000162851	641	327	314
ENSG00000271427	6	4	2
ENSG00000261817	0	0	0
ENSG00000143353	566	272	323
ENSG00000197965	4158	2076	2082
ENSG00000143493	660	320	340
ENSG00000230777	5	4	1
ENSG00000179397	50	27	23
ENSG00000224540	0	0	0
ENSG00000117592	4023	1922	2101
ENSG00000186197	15	4	11
ENSG00000229067	0	0	0
ENSG00000230231	1	0	2
ENSG00000227711	2	0	2
ENSG00000261182	0	0	0
ENSG00000228879	0	0	0
ENSG00000227925	0	0	0
ENSG00000162670	248	122	148
ENSG00000225712	0	0	0
ENSG00000162761	46	25	22
ENSG00000143199	12	8	4
ENSG00000179930	0	0	0
ENSG00000007908	157	77	80
ENSG00000092978	570	281	289
ENSG00000143499	1209	537	672
ENSG00000188404	1077	521	556
ENSG00000227735	0	0	0
ENSG00000243062	0	0	0
ENSG00000143196	1021	497	524
ENSG00000228504	0	0	0
ENSG00000274702	0	0	0
ENSG00000226211	0	0	0
ENSG00000236942	9	5	8
ENSG00000287205	5	1	4
ENSG00000203697	357	164	193
ENSG00000116574	1615	812	803
ENSG00000287929	1	9	10
ENSG00000186283	2678	1309	1369
ENSG00000224896	0	0	0
ENSG00000226292	0	0	0
ENSG00000121481	513	245	269
ENSG00000227940	0	0	0
ENSG00000117139	2468	1259	1209
ENSG00000143248	22034	11087	10947
ENSG00000278455	0	0	0
ENSG00000224810	0	0	0
ENSG00000162814	26	8	19
ENSG00000225172	0	0	0
ENSG00000261642	0	0	0
ENSG00000228239	0	0	0
ENSG00000237283	0	0	0
ENSG00000116132	1191	609	582
ENSG00000238042	1	0	1
ENSG00000271475	0	0	0
ENSG00000231877	1	0	1
ENSG00000116679	6888	3419	3469
ENSG00000228536	9	5	4
ENSG00000230550	2	8	11
ENSG00000229242	0	0	0
ENSG00000253326	6	1	5
ENSG00000228470	6	6	0
ENSG00000152092	68	31	37
ENSG00000234984	0	0	0
ENSG00000231648	0	0	0
ENSG00000229983	1	0	1
ENSG00000215149	0	0	0
ENSG00000225122	0	0	0
ENSG00000225920	10	2	8
ENSG00000143476	278	141	137
ENSG00000121486	1053	467	586
ENSG00000228437	0	0	0
ENSG00000214837	11	6	5
ENSG00000057252	1903	1005	898
ENSG00000225982	0	0	0
ENSG00000285718	0	0	0
ENSG00000234070	0	1	0
ENSG00000233620	0	0	0
ENSG00000237783	0	0	0
ENSG00000272906	20	53	52
ENSG00000233018	1	0	1
ENSG00000123685	254	115	139
ENSG00000224783	0	0	0
ENSG00000162852	1851	927	924
ENSG00000232792	2	0	3
ENSG00000273004	5	3	2
ENSG00000143842	1541	756	785
ENSG00000268062	9	5	4
ENSG00000237409	4	2	2
ENSG00000116962	11071	5270	5801
ENSG00000288078	0	0	0
ENSG00000271399	0	0	0
ENSG00000229757	5	3	2
ENSG00000232679	0	0	0
ENSG00000159388	22607	11407	11200
ENSG00000220749	8	2	6
ENSG00000181450	371	191	180
ENSG00000223519	19	41	26
ENSG00000120333	961	459	539
ENSG00000286285	45	17	28
ENSG00000225300	7	4	3
ENSG00000223842	2	1	1
ENSG00000162753	0	1	0
ENSG00000228247	0	0	0
ENSG00000231424	13	5	8
ENSG00000143355	0	0	0
ENSG00000287177	0	0	0
ENSG00000237193	0	0	0
ENSG00000223490	0	0	0
ENSG00000121644	2068	998	1070
ENSG00000174502	4	2	2
ENSG00000224286	1	0	1
ENSG00000158715	861	402	459
ENSG00000143195	61	24	37
ENSG00000162849	234	110	124
ENSG00000232824	1	0	1
ENSG00000273416	7	1	6
ENSG00000234142	4	4	1
ENSG00000282111	0	0	0
ENSG00000233410	0	0	0
ENSG00000067533	705	328	377
ENSG00000228955	7	1	6
ENSG00000270443	0	0	0
ENSG00000116209	10250	5340	4911
ENSG00000224702	0	0	1
ENSG00000271811	6	2	4
ENSG00000224278	0	0	0
ENSG00000235492	0	0	0
ENSG00000287808	18	25	82
ENSG00000271588	0	0	0
ENSG00000229840	0	0	0
ENSG00000116161	1857	954	949
ENSG00000226486	0	0	0
ENSG00000227687	0	0	0
ENSG00000231814	0	0	0
ENSG00000286210	0	0	0
ENSG00000287364	1	0	1
ENSG00000225063	0	0	0
ENSG00000260698	27	14	13
ENSG00000277007	41	22	19
ENSG00000229016	0	0	0
ENSG00000077157	12209	6079	6182
ENSG00000152104	1021	525	502
ENSG00000236975	1	0	1
ENSG00000215834	0	0	0
ENSG00000286541	0	0	0
ENSG00000117650	205	93	112
ENSG00000235021	5	3	2
ENSG00000203724	21	7	14
ENSG00000225006	0	0	0
ENSG00000287633	1	0	1
ENSG00000158764	2450	1471	1466
ENSG00000223375	0	0	0
ENSG00000230714	0	0	0
ENSG00000261065	0	25	18
ENSG00000260855	56	24	32
ENSG00000188783	3784	1944	1842
ENSG00000236206	1	0	1
ENSG00000168118	1417	696	750
ENSG00000181101	1	0	1
ENSG00000173726	6286	3197	3089
ENSG00000282852	1	0	1
ENSG00000152382	464	229	235
ENSG00000143839	1	1	0
ENSG00000232100	0	0	0
ENSG00000261024	1	1	0
ENSG00000230547	0	0	0
ENSG00000229703	0	0	0
ENSG00000176754	1	0	1
ENSG00000232309	0	0	0
ENSG00000227953	46	47	47
ENSG00000232215	0	0	0
ENSG00000135829	5523	2757	2855
ENSG00000228289	6	2	4
ENSG00000134717	1324	664	660
ENSG00000232989	0	0	0
ENSG00000233537	0	0	0
ENSG00000116668	403	209	197
ENSG00000143756	1457	703	754
ENSG00000278180	0	0	0
ENSG00000143702	888	468	479
ENSG00000232341	0	0	0
ENSG00000287676	3	1	2
ENSG00000236792	0	0	0
ENSG00000143207	1618	798	820
ENSG00000270859	0	0	0
ENSG00000238224	0	0	0
ENSG00000286775	0	0	0
ENSG00000122176	3265	1652	1613
ENSG00000229120	3	2	1
ENSG00000237492	0	0	0
ENSG00000230404	0	0	0
ENSG00000213036	3	3	0
ENSG00000227230	7	20	28
ENSG00000236230	0	0	0
ENSG00000026751	4431	2124	2307
ENSG00000150681	447	259	267
ENSG00000116906	2182	1104	1078
ENSG00000092969	102	52	58
ENSG00000157181	1365	683	682
ENSG00000250762	1	0	1
ENSG00000236720	0	0	0
ENSG00000227421	5	1	4
ENSG00000227240	21	14	7
ENSG00000076258	213	119	94
ENSG00000286073	0	0	0
ENSG00000231084	27	13	14
ENSG00000232085	0	10	8
ENSG00000117697	1114	544	570
ENSG00000279333	0	33	25
ENSG00000235083	0	0	0
ENSG00000162669	49	23	26
ENSG00000197067	0	0	0
ENSG00000229652	0	0	0
ENSG00000132681	19	8	11
ENSG00000225904	0	0	0
ENSG00000270920	0	0	0
ENSG00000281664	2	2	0
ENSG00000143641	2411	1598	1730
ENSG00000227630	17	8	9
ENSG00000228830	0	1388	1155
ENSG00000010932	113	55	58
ENSG00000282849	2	2	2
ENSG00000276520	0	0	0
ENSG00000226640	0	0	0
ENSG00000010072	339	204	187
ENSG00000135766	218	110	108
ENSG00000232626	3	3	0
ENSG00000232096	0	0	0
ENSG00000279261	2	0	2
ENSG00000213051	5	5	0
ENSG00000238054	0	0	0
ENSG00000163534	697	353	344
ENSG00000168243	211	110	101
ENSG00000281453	0	0	0
ENSG00000237469	0	0	0
ENSG00000224939	1	1	0
ENSG00000227613	0	0	0
ENSG00000116183	48	22	26
ENSG00000270106	1	1	0
ENSG00000232194	9	8	1
ENSG00000235152	0	0	0
ENSG00000231612	0	0	0
ENSG00000237980	11	1	10
ENSG00000271036	0	0	0
ENSG00000230849	0	0	0
ENSG00000170382	426	226	203
ENSG00000228664	0	0	0
ENSG00000226868	0	0	0
ENSG00000279401	0	0	0
ENSG00000272362	0	0	0
ENSG00000287450	0	0	0
ENSG00000237011	0	0	0
ENSG00000233583	2	1	4
ENSG00000066027	3395	1640	1755
ENSG00000286263	1	0	1
ENSG00000227006	43	30	13
ENSG00000236372	0	0	0
ENSG00000224525	0	0	0
ENSG00000188770	0	0	0
ENSG00000173728	14	3	12
ENSG00000094975	1763	865	898
ENSG00000225811	0	9	12
ENSG00000273093	0	0	0
ENSG00000162772	4228	2054	2174
ENSG00000227818	0	0	0
ENSG00000135828	1017	495	522
ENSG00000224227	1	1	0
ENSG00000286398	0	0	0
ENSG00000076356	1367	698	669
ENSG00000215819	0	4	2
ENSG00000185523	3	2	1
ENSG00000236108	1	1	0
ENSG00000116711	518	237	281
ENSG00000231684	15	11	4
ENSG00000226750	0	0	0
ENSG00000285665	26	17	9
ENSG00000231022	0	0	0
ENSG00000224436	0	0	0
ENSG00000228208	2	1	1
ENSG00000273384	9	3	6
ENSG00000238061	12	5	7
ENSG00000234915	3	1	2
ENSG00000143845	109	84	85
ENSG00000235862	0	9	13
ENSG00000069812	175	88	87
ENSG00000227585	0	0	0
ENSG00000157060	0	0	0
ENSG00000237213	0	0	0
ENSG00000236439	5	3	2
ENSG00000224260	1	0	1
ENSG00000213045	0	0	0
ENSG00000287220	3	1	2
ENSG00000230063	2	1	1
ENSG00000235467	0	0	0
ENSG00000123684	2798	1367	1432
ENSG00000117707	677	345	340
ENSG00000228044	3	3	0
ENSG00000225338	2	2	0
ENSG00000224407	0	456	461
ENSG00000232463	0	0	0
ENSG00000237457	6	2	4
ENSG00000225171	19	5	14
ENSG00000226843	0	0	0
ENSG00000235386	0	0	0
ENSG00000123836	2192	1079	1154
ENSG00000213690	0	0	0
ENSG00000223982	0	0	0
ENSG00000229832	7	4	3
ENSG00000117691	901	411	490
ENSG00000225233	1	1	0
ENSG00000274895	17	7	10
ENSG00000237514	0	0	0
ENSG00000287856	0	0	0
ENSG00000228067	0	0	0
ENSG00000284299	4	2	2
ENSG00000226375	0	0	0
ENSG00000203705	661	325	336
ENSG00000224040	0	0	0
ENSG00000228686	11	7	4
ENSG00000279838	45	22	23
ENSG00000174175	1236	615	621
ENSG00000236401	0	0	0
ENSG00000241475	0	0	0
ENSG00000215800	0	0	0
ENSG00000286421	0	0	0
ENSG00000270936	0	0	0
ENSG00000008118	7	5	2
ENSG00000171161	909	471	438
ENSG00000241505	0	0	0
ENSG00000224535	0	0	0
ENSG00000282097	1	0	1
ENSG00000261453	21	10	11
ENSG00000231020	0	0	0
ENSG00000270818	0	0	0
ENSG00000196878	642	324	318
ENSG00000133059	1388	689	699
ENSG00000225561	2	2	0
ENSG00000224668	1	1	0
ENSG00000242529	0	0	0
ENSG00000074964	2475	1220	1255
ENSG00000223847	0	0	0
ENSG00000277704	0	0	0
ENSG00000116918	926	448	482
ENSG00000274020	214	121	129
ENSG00000287445	11	4	7
ENSG00000259815	3	2	1
ENSG00000240963	0	1	0
ENSG00000226570	0	0	0
ENSG00000198929	104	58	46
ENSG00000272167	2	1	1
ENSG00000230628	2	2	0
ENSG00000162771	1	13	10
ENSG00000227579	1	1	0
ENSG00000176393	1802	1132	1294
ENSG00000174606	1687	853	834
ENSG00000179914	6929	3340	3589
ENSG00000235750	2034	1029	1005
ENSG00000284376	0	0	0
ENSG00000121446	2	0	2
ENSG00000226758	0	0	0
ENSG00000230199	0	0	0
ENSG00000236905	4	4	0
ENSG00000233304	8	6	7
ENSG00000288007	6	3	3
ENSG00000227887	0	0	0
ENSG00000116903	807	412	447
ENSG00000228255	0	0	0
ENSG00000226196	0	0	0
ENSG00000287354	0	6	2
ENSG00000233827	0	0	0
ENSG00000198797	6	2	4
ENSG00000271746	6	6	5
ENSG00000234233	2	0	2
ENSG00000151414	2299	1200	1099
ENSG00000177614	64	36	28
ENSG00000223794	0	0	0
ENSG00000235182	0	1	0
ENSG00000213041	3	2	1
ENSG00000287157	1	0	1
ENSG00000233920	0	0	0
ENSG00000183831	2	1	1
ENSG00000225755	0	0	0
ENSG00000143858	90	68	74
ENSG00000197472	11	2	9
ENSG00000230184	4	4	0
ENSG00000234004	0	0	0
ENSG00000232436	0	0	0
ENSG00000231718	0	0	0
ENSG00000283952	0	0	0
ENSG00000230019	0	0	0
ENSG00000136643	892	431	461
ENSG00000232537	0	0	0
ENSG00000226036	5	4	1
ENSG00000285521	2	0	2
ENSG00000236317	1	0	1
ENSG00000176855	0	0	0
ENSG00000227728	0	0	0
ENSG00000133069	122	64	58
ENSG00000162877	45	24	21
ENSG00000233461	47	20	28
ENSG00000225401	1	1	0
ENSG00000228190	0	0	0
ENSG00000135747	1	1	0
ENSG00000227237	3	0	3
ENSG00000069248	1700	884	816
ENSG00000232812	1	1	0
ENSG00000231666	5	3	2
ENSG00000226986	0	0	0
ENSG00000242042	0	0	0
ENSG00000234464	0	0	0
ENSG00000253148	0	0	0
ENSG00000227751	0	320	249
ENSG00000090104	15146	7294	7852
ENSG00000285280	37	63	55
ENSG00000232892	0	0	0
ENSG00000236950	0	0	0
ENSG00000236468	0	0	0
ENSG00000143322	1953	960	993
ENSG00000185220	479	237	242
ENSG00000226003	0	0	0
ENSG00000230813	0	0	0
ENSG00000226862	15	6	9
ENSG00000236101	0	0	0
ENSG00000162769	651	306	345
ENSG00000133065	1263	650	613
ENSG00000278684	0	0	0
ENSG00000236775	0	0	0
ENSG00000042781	26	15	11
ENSG00000234754	8	3	5
ENSG00000233084	7	7	0
ENSG00000227815	3	1	2
ENSG00000287046	34	13	21
ENSG00000223774	18	797	900
ENSG00000228863	86	591	487
ENSG00000228646	0	0	0
ENSG00000229112	0	0	0
ENSG00000233332	0	0	0
ENSG00000231984	0	0	0
ENSG00000286213	0	0	0
ENSG00000226876	6	2	4
ENSG00000277462	203	95	108
ENSG00000225591	0	0	0
ENSG00000035687	1810	893	917
ENSG00000213080	9	2	7
ENSG00000180287	13	9	4
ENSG00000226693	0	0	0
ENSG00000234678	380	498	540
ENSG00000231272	0	0	0
ENSG00000223828	0	0	0
ENSG00000163431	7739	4658	4760
ENSG00000230124	1144	625	649
ENSG00000226723	1	0	1
ENSG00000272672	1	0	1
ENSG00000143473	30	38	50
ENSG00000228982	0	0	0
ENSG00000235096	6	4	2
ENSG00000237250	0	0	0
ENSG00000007341	458	564	582
ENSG00000286747	8	5	3
ENSG00000236069	3	2	3
ENSG00000236244	0	0	0
ENSG00000272865	2	0	2
ENSG00000117222	916	504	412
ENSG00000143324	1127	567	560
ENSG00000229871	5	2	3
ENSG00000225222	1	1	0
ENSG00000118193	189	89	100
ENSG00000234116	0	0	0
ENSG00000231940	9	5	4
ENSG00000198842	4	3	1
ENSG00000286619	7	5	2
ENSG00000198756	102	49	53
ENSG00000259823	77	41	36
ENSG00000271558	0	0	0
ENSG00000227554	0	0	0
ENSG00000178596	0	0	0
ENSG00000135749	809	445	501
ENSG00000143786	59	30	33
ENSG00000224584	0	0	0
ENSG00000054282	915	531	589
ENSG00000183780	6	1	6
ENSG00000229663	0	0	0
ENSG00000162702	817	390	427
ENSG00000251508	0	0	0
ENSG00000238272	0	0	1
ENSG00000228530	0	0	0
ENSG00000235060	0	0	0
ENSG00000143194	3	1	2
ENSG00000229531	0	0	0
ENSG00000271329	2	2	0
ENSG00000054267	2601	1257	1344
ENSG00000261831	0	0	0
ENSG00000287921	0	1	0
ENSG00000177800	1	1	0
ENSG00000225620	0	0	0
ENSG00000232166	1	1	0
ENSG00000175137	1117	534	583
ENSG00000134245	1946	1293	1335
ENSG00000234041	3	1	2
ENSG00000227373	13	6	7
ENSG00000231905	1	0	1
ENSG00000228175	12	8	4
ENSG00000069275	9432	4792	4640
ENSG00000143674	607	312	295
ENSG00000237317	0	0	0
ENSG00000187889	44	27	17
ENSG00000134375	1508	741	767
ENSG00000097046	435	228	207
ENSG00000232113	0	0	0
ENSG00000282718	0	0	0
ENSG00000231378	1	1	0
ENSG00000235605	0	4	0
ENSG00000223525	2	1	1
ENSG00000224857	0	0	0
ENSG00000273367	7	2	5
ENSG00000230604	5	2	3
ENSG00000231605	0	0	0
ENSG00000236358	2	2	4
ENSG00000203737	13	4	9
ENSG00000238003	3	0	3
ENSG00000215873	0	0	0
ENSG00000287008	0	0	0
ENSG00000185420	462	238	224
ENSG00000076321	913	433	480
ENSG00000272175	2	2	1
ENSG00000231564	0	0	0
ENSG00000135778	1152	636	653
ENSG00000213070	1	1	0
ENSG00000282265	0	0	0
ENSG00000250536	0	0	0
ENSG00000229747	0	0	0
ENSG00000117280	1102	592	510
ENSG00000233985	0	0	0
ENSG00000232175	3	1	2
ENSG00000287423	0	0	0
ENSG00000286774	0	0	0
ENSG00000236719	1	1	0
ENSG00000136636	3031	1503	1528
ENSG00000225486	0	0	0
ENSG00000227043	0	0	0
ENSG00000163874	1533	715	818
ENSG00000285777	0	0	0
ENSG00000237249	1	0	1
ENSG00000286109	0	0	0
ENSG00000213068	2	0	2
ENSG00000054392	346	187	167
ENSG00000227994	0	0	0
ENSG00000286552	0	0	0
ENSG00000225711	6	3	3
ENSG00000122223	130	63	67
ENSG00000235869	2	0	2
ENSG00000188739	35	22	13
ENSG00000286666	0	0	0
ENSG00000135750	280	129	151
ENSG00000273198	5	3	2
ENSG00000203730	9	3	6
ENSG00000225719	0	0	0
ENSG00000273483	12	9	3
ENSG00000287987	0	0	0
ENSG00000203729	0	0	0
ENSG00000232809	0	0	0
ENSG00000284623	0	0	0
ENSG00000285981	0	0	0
ENSG00000261729	2	1	1
ENSG00000223869	0	0	0
ENSG00000229228	47	24	23
ENSG00000215796	6	0	6
ENSG00000185221	0	0	0
ENSG00000233047	0	0	0
ENSG00000143341	1096	527	569
ENSG00000228309	0	0	0
ENSG00000229739	55	28	27
ENSG00000116703	2	2	0
ENSG00000273874	2	2	0
ENSG00000278791	0	2125	3541
ENSG00000278757	0	0	0
ENSG00000264341	0	0	0
ENSG00000264101	0	0	0
ENSG00000265141	0	0	0
ENSG00000221083	5	5	0
ENSG00000252404	0	0	0
ENSG00000222511	0	0	0
ENSG00000265392	0	0	0
ENSG00000243267	5	1	4
ENSG00000201725	0	0	0
ENSG00000274258	0	0	0
ENSG00000239149	7	3	4
ENSG00000252151	0	0	0
ENSG00000252969	0	0	0
ENSG00000252417	0	0	0
ENSG00000200975	0	0	0
ENSG00000201609	1	0	1
ENSG00000238482	4	3	1
ENSG00000252956	0	0	0
ENSG00000265606	0	0	0
ENSG00000284357	0	0	0
ENSG00000278034	3	0	3
ENSG00000207237	0	0	0
ENSG00000222784	0	0	0
ENSG00000266210	0	0	0
ENSG00000265961	0	0	0
ENSG00000251866	2	0	2
ENSG00000252691	0	0	0
ENSG00000264371	0	0	0
ENSG00000253005	1	0	1
ENSG00000238316	0	0	0
ENSG00000207941	0	0	0
ENSG00000264773	12	5	7
ENSG00000252448	0	0	0
ENSG00000200421	0	0	0
ENSG00000222282	3	2	1
ENSG00000199963	0	0	0
ENSG00000264698	0	0	0
ENSG00000207328	0	0	0
ENSG00000207466	0	0	0
ENSG00000252368	0	0	0
ENSG00000206779	0	0	0
ENSG00000265596	0	0	0
ENSG00000212541	6	1	5
ENSG00000200796	0	0	0
ENSG00000252190	0	0	0
ENSG00000264613	0	0	0
ENSG00000199240	0	0	0
ENSG00000277168	0	0	0
ENSG00000283724	0	0	0
ENSG00000284410	0	0	0
ENSG00000252018	0	0	0
ENSG00000206627	1	1	0
ENSG00000283414	1	1	0
ENSG00000207508	1	1	0
ENSG00000200171	0	0	0
ENSG00000207194	1	0	1
ENSG00000283477	0	0	0
ENSG00000264834	0	0	0
ENSG00000263675	14	8	6
ENSG00000266188	0	0	0
ENSG00000206981	0	0	0
ENSG00000200174	0	0	0
ENSG00000265822	0	0	0
ENSG00000265815	0	0	0
ENSG00000238653	0	0	0
ENSG00000212624	2	1	1
ENSG00000200575	0	0	0
ENSG00000212360	0	0	0
ENSG00000242860	0	0	0
ENSG00000263908	0	0	0
ENSG00000283690	0	0	0
ENSG00000199921	0	0	0
ENSG00000251825	0	0	0
ENSG00000201153	0	0	0
ENSG00000222624	0	0	0
ENSG00000223152	0	0	0
ENSG00000212308	0	0	0
ENSG00000279049	0	21	23
ENSG00000276081	0	0	0
ENSG00000239640	0	0	0
ENSG00000252338	0	0	0
ENSG00000251785	0	0	0
ENSG00000239319	0	0	0
ENSG00000222849	0	0	0
ENSG00000283749	0	0	0
ENSG00000251958	0	0	0
ENSG00000251767	0	0	0
ENSG00000243437	1	0	1
ENSG00000202263	0	0	0
ENSG00000199318	0	0	0
ENSG00000199666	0	0	0
ENSG00000200601	0	0	0
ENSG00000242482	0	0	0
ENSG00000212366	0	0	0
ENSG00000201620	0	0	0
ENSG00000206817	0	0	0
ENSG00000284247	0	0	0
ENSG00000200839	0	0	0
ENSG00000264963	0	0	0
ENSG00000264271	0	0	0
ENSG00000239504	0	0	0
ENSG00000284202	0	0	0
ENSG00000251720	1	1	0
ENSG00000274321	0	0	0
ENSG00000198974	0	0	0
ENSG00000212248	0	0	0
ENSG00000207962	0	0	0
ENSG00000276884	0	2	1
ENSG00000207234	0	0	0
ENSG00000202259	0	0	0
ENSG00000212459	1	0	1
ENSG00000278287	0	0	0
ENSG00000277565	0	0	0
ENSG00000263526	0	0	0
ENSG00000211575	0	0	0
ENSG00000275823	0	0	0
ENSG00000277689	0	0	0
ENSG00000274199	0	2	0
ENSG00000202254	0	0	0
ENSG00000244256	7	5	2
ENSG00000201491	0	0	0
ENSG00000199831	0	0	0
ENSG00000275455	0	0	0
ENSG00000252162	0	0	0
ENSG00000272051	0	0	0
ENSG00000283899	0	0	0
ENSG00000200800	0	0	0
ENSG00000207502	0	0	0
ENSG00000252530	0	0	0
ENSG00000200536	0	0	0
ENSG00000211543	0	0	0
ENSG00000252797	0	0	0
ENSG00000212266	0	0	0
ENSG00000222209	0	0	0
ENSG00000277141	0	0	0
ENSG00000215930	0	0	0
ENSG00000238761	0	0	0
ENSG00000201114	0	0	0
ENSG00000206679	0	0	0
ENSG00000264419	1	1	0
ENSG00000222069	0	0	0
ENSG00000274428	2	1	1
ENSG00000199879	4	3	1
ENSG00000274408	0	0	0
ENSG00000283676	0	0	0
ENSG00000252005	0	0	0
ENSG00000252510	0	0	0
ENSG00000207340	5	3	2
ENSG00000252830	0	0	0
ENSG00000274450	0	0	0
ENSG00000252135	0	0	0
ENSG00000278596	0	0	0
ENSG00000238825	3	2	1
ENSG00000201183	9	7	2
ENSG00000202408	0	1	0
ENSG00000252744	0	0	0
ENSG00000273768	7	0	7
ENSG00000242565	0	0	0
ENSG00000239984	0	0	0
ENSG00000283296	3	3	0
ENSG00000252717	0	0	0
ENSG00000194297	0	0	0
ENSG00000199565	0	0	0
ENSG00000277313	0	0	0
ENSG00000274940	1	0	3
ENSG00000207341	0	0	0
ENSG00000207472	0	0	0
ENSG00000206880	2	1	1
ENSG00000252552	0	0	0
ENSG00000199849	0	0	0
ENSG00000252407	0	0	0
ENSG00000212538	0	0	0
ENSG00000251813	0	0	0
ENSG00000207108	0	0	0
ENSG00000201312	0	0	0
ENSG00000207039	1	0	1
ENSG00000202491	0	0	0
ENSG00000201596	0	0	0
ENSG00000276839	1	0	1
ENSG00000207974	0	0	0
ENSG00000273629	0	0	0
ENSG00000201493	0	0	0
ENSG00000215952	0	0	0
ENSG00000200139	0	0	0
ENSG00000283575	0	0	0
ENSG00000238765	0	0	0
ENSG00000264916	1	1	0
ENSG00000212338	1	0	1
ENSG00000206659	1	0	1
ENSG00000253025	0	0	0
ENSG00000201619	0	0	0
ENSG00000201544	6	4	2
ENSG00000202498	0	0	0
ENSG00000221545	0	0	0
ENSG00000252906	3	0	3
ENSG00000206692	0	0	0
ENSG00000202329	0	0	0
ENSG00000242794	0	0	0
ENSG00000212144	0	0	0
ENSG00000283340	0	0	0
ENSG00000252860	1	1	0
ENSG00000252501	0	0	0
ENSG00000263390	0	0	0
ENSG00000207181	9	6	3
ENSG00000265744	0	0	0
ENSG00000264377	0	0	0
ENSG00000207149	0	0	0
ENSG00000283936	0	0	0
ENSG00000284485	0	0	0
ENSG00000201638	0	0	0
ENSG00000275213	1	0	1
ENSG00000239494	9	5	4
ENSG00000212230	0	0	0
ENSG00000252371	0	0	0
ENSG00000199442	0	0	0
ENSG00000200033	0	0	0
ENSG00000239690	0	0	0
ENSG00000202184	2	1	1
ENSG00000241395	0	0	0
ENSG00000200982	0	0	0
ENSG00000275207	4	0	4
ENSG00000202300	4	2	2
ENSG00000222407	0	0	0
ENSG00000222986	0	0	0
ENSG00000265435	0	0	0
ENSG00000272262	0	0	0
ENSG00000200495	2	1	1
ENSG00000202609	0	0	0
ENSG00000252553	0	0	0
ENSG00000206764	1	1	0
ENSG00000222240	0	0	0
ENSG00000212187	0	0	0
ENSG00000206637	0	0	0
ENSG00000253097	1	1	0
ENSG00000200036	0	0	0
ENSG00000201421	0	0	0
ENSG00000212610	0	0	0
ENSG00000252484	0	0	0
ENSG00000201944	1	0	1
ENSG00000200327	0	0	0
ENSG00000206905	0	0	0
ENSG00000200972	0	0	0
ENSG00000243051	0	0	0
ENSG00000252011	0	0	0
ENSG00000207326	1	0	1
ENSG00000212205	1	0	1
ENSG00000253042	0	0	0
ENSG00000274121	0	0	0
ENSG00000264358	1	0	1
ENSG00000206640	0	0	0
ENSG00000212527	0	0	0
ENSG00000252879	0	0	0
ENSG00000252612	4	4	0
ENSG00000202264	0	0	0
ENSG00000285609	0	0	0
ENSG00000206762	13	3	10
ENSG00000252084	0	0	0
ENSG00000200085	0	0	0
ENSG00000264500	2	0	2
ENSG00000202025	0	0	0
ENSG00000225545	0	0	0
ENSG00000206990	0	0	0
ENSG00000230175	2	1	1
ENSG00000225272	3	3	0
ENSG00000215838	2	1	1
ENSG00000273365	0	0	0
ENSG00000224358	24	9	15
ENSG00000230659	0	0	0
ENSG00000162545	2306	1130	1176
ENSG00000090432	958	476	482
ENSG00000215520	0	0	0
ENSG00000183114	18	10	8
ENSG00000158825	97	52	45
ENSG00000158828	502	979	1067
ENSG00000284005	0	0	0
ENSG00000117242	176	904	816
ENSG00000234473	5	1	4
ENSG00000238754	1	0	1
ENSG00000134371	1325	658	677
ENSG00000221680	0	0	0
ENSG00000162630	269	130	147
ENSG00000276735	0	2	0
ENSG00000232077	4	1	3
ENSG00000229639	0	0	0
ENSG00000287453	0	0	0
ENSG00000270615	0	0	0
ENSG00000287283	0	0	0
ENSG00000240692	0	0	0
ENSG00000229359	0	0	0
ENSG00000237919	0	0	2
ENSG00000066557	569	284	285
ENSG00000244389	0	0	0
ENSG00000228988	0	0	0
ENSG00000118454	1090	587	503
ENSG00000226088	8	4	4
ENSG00000116761	170	95	75
ENSG00000278636	2	1	1
ENSG00000271992	9	2	7
ENSG00000233020	1	0	1
ENSG00000237033	0	0	0
ENSG00000226208	0	0	0
ENSG00000007968	232	121	111
ENSG00000235052	18	5	13
ENSG00000117318	2061	1064	997
ENSG00000285802	1	0	1
ENSG00000229239	0	0	0
ENSG00000142676	35004	17049	17955
ENSG00000057757	1410	698	712
ENSG00000011009	1135	518	617
ENSG00000117308	667	334	333
ENSG00000273844	0	0	0
ENSG00000235748	0	0	0
ENSG00000237861	1	0	1
ENSG00000221879	0	0	0
ENSG00000230260	0	0	1
ENSG00000199241	0	0	0
ENSG00000226919	0	0	0
ENSG00000223963	0	0	0
ENSG00000215802	0	0	0
ENSG00000233615	0	0	0
ENSG00000238085	1	0	1
ENSG00000265831	0	0	0
ENSG00000224348	0	0	0
ENSG00000286496	1	0	1
ENSG00000287516	0	0	0
ENSG00000287738	0	0	0
ENSG00000132703	0	0	0
ENSG00000276632	0	0	0
ENSG00000223603	0	0	0
ENSG00000132693	2	0	2
ENSG00000235226	0	0	0
ENSG00000158716	516	220	296
ENSG00000181036	78	34	44
ENSG00000158714	320	767	747
ENSG00000212161	0	0	0
ENSG00000243284	0	11	5
ENSG00000272668	1044	522	548
ENSG00000213085	18	10	8
ENSG00000266458	0	0	0
ENSG00000287040	1	1	0
ENSG00000279430	13	8	5
ENSG00000162723	0	0	0
ENSG00000273933	0	0	0
ENSG00000256029	21	282	289
ENSG00000188004	3	0	3
ENSG00000266580	1	1	0
ENSG00000254545	0	8	11
ENSG00000203620	0	0	0
ENSG00000269967	24	12	12
ENSG00000228634	15	7	8
ENSG00000284702	0	0	0
ENSG00000221040	2	2	0
ENSG00000287217	3	1	2
ENSG00000163399	8080	9958	10148
ENSG00000212385	0	0	0
ENSG00000233154	8	4	5
ENSG00000230381	0	0	0
ENSG00000200547	0	0	1
ENSG00000224950	65	36	39
ENSG00000286276	8	9	9
ENSG00000177888	695	351	344
ENSG00000243364	210	89	121
ENSG00000251246	0	0	0
ENSG00000143590	33	14	19
ENSG00000202027	0	0	0
ENSG00000169242	1287	604	683
ENSG00000169241	1216	517	699
ENSG00000223452	0	0	0
ENSG00000163463	318	167	151
ENSG00000273088	0	0	0
ENSG00000284586	0	0	0
ENSG00000169231	1073	1008	1021
ENSG00000236263	0	20	15
ENSG00000236675	29	17	12
ENSG00000177628	875	457	418
ENSG00000116521	1166	593	573
ENSG00000176444	2554	1223	1331
ENSG00000143630	214	144	112
ENSG00000143627	13	27	28
ENSG00000253074	0	0	0
ENSG00000252116	0	0	0
ENSG00000228523	0	0	0
ENSG00000223263	7	3	4
ENSG00000207504	0	0	0
ENSG00000238139	0	0	0
ENSG00000197721	14	6	11
ENSG00000244703	0	0	0
ENSG00000226289	0	0	0
ENSG00000285239	1	3	1
ENSG00000234219	8	6	2
ENSG00000174059	4296	2090	2206
ENSG00000285719	7	6	1
ENSG00000284237	26	17	9
ENSG00000158731	0	0	0
ENSG00000201746	3	2	1
ENSG00000264881	0	0	0
ENSG00000199562	1	0	1
ENSG00000264501	0	0	0
ENSG00000284735	44	22	22
ENSG00000284642	59	20	39
ENSG00000142657	2707	1267	1440
ENSG00000271989	0	1	8
ENSG00000251503	3	3	0
ENSG00000175279	43	13	30
ENSG00000160049	1775	1007	1059
ENSG00000203469	0	91	95
ENSG00000236035	2	1	1
ENSG00000221643	11	5	6
ENSG00000122188	1422	736	686
ENSG00000288644	0	0	0
ENSG00000227417	5	3	2
ENSG00000223505	21	9	12
ENSG00000182004	1515	776	739
ENSG00000236430	5	2	3
ENSG00000130768	290	187	181
ENSG00000227050	4	45	44
ENSG00000238231	12	8	4
ENSG00000240750	2	1	1
ENSG00000158156	433	214	227
ENSG00000182118	236	113	123
ENSG00000283799	0	0	0
ENSG00000227934	3	0	3
ENSG00000229595	0	0	0
ENSG00000143633	808	374	434
ENSG00000281912	30	17	15
ENSG00000288208	0	0	0
ENSG00000132773	362	206	236
ENSG00000070759	358	202	180
ENSG00000236872	1	0	1
ENSG00000280670	192	88	104
ENSG00000132763	366	1450	815
ENSG00000221953	11	7	4
ENSG00000226164	0	0	0
ENSG00000224014	6	2	4
ENSG00000215795	11	5	6
ENSG00000259865	405	170	235
ENSG00000227671	3389	1602	1787
ENSG00000283881	0	0	0
ENSG00000252516	5	3	2
ENSG00000232347	0	0	0
ENSG00000214144	1	1	0
ENSG00000235818	0	0	0
ENSG00000197617	0	0	0
ENSG00000202079	4	4	0
ENSG00000286216	10	7	9
ENSG00000203664	0	0	0
ENSG00000169224	108	58	58
ENSG00000236817	0	4	4
ENSG00000177489	0	0	0
ENSG00000177476	0	0	0
ENSG00000283369	0	0	0
ENSG00000230411	1	1	0
ENSG00000251977	0	0	0
ENSG00000252254	4	2	2
ENSG00000227854	0	0	0
ENSG00000287589	0	0	0
ENSG00000259776	0	0	0
ENSG00000233355	789	392	409
ENSG00000234601	0	0	0
ENSG00000231979	1	0	1
ENSG00000215805	0	0	0
ENSG00000287102	0	0	0
ENSG00000217327	0	0	0
ENSG00000228818	8	3	5
ENSG00000202041	0	0	0
ENSG00000223694	1	0	1
ENSG00000233735	1	2	1
ENSG00000133019	751	397	366
ENSG00000162636	2047	1015	1032
ENSG00000162639	458	228	230
ENSG00000285923	11	2	9
ENSG00000134186	5075	2456	2619
ENSG00000143107	3	2	1
ENSG00000232971	0	0	0
ENSG00000116266	1810	874	936
ENSG00000228076	2	0	2
ENSG00000203897	0	0	0
ENSG00000237349	0	0	0
ENSG00000244716	44	21	23
ENSG00000228665	0	0	0
ENSG00000228054	0	0	0
ENSG00000273382	43	27	91
ENSG00000215717	2198	1193	1080
ENSG00000278249	0	0	0
ENSG00000270066	0	0	0
ENSG00000251484	5	4	1
ENSG00000132676	3376	1690	1801
ENSG00000227673	0	0	0
ENSG00000203761	205	115	114
ENSG00000234937	4	1	3
ENSG00000132718	1953	948	1005
ENSG00000283442	1	1	0
ENSG00000143622	1531	723	808
ENSG00000132680	3054	1457	1597
ENSG00000207475	5	1	4
ENSG00000280466	0	0	0
ENSG00000281394	0	0	0
ENSG00000277817	0	0	0
ENSG00000273002	48	21	27
ENSG00000224276	18	11	7
ENSG00000285677	10	695	1035
ENSG00000163479	4269	2990	2983
ENSG00000160803	1266	659	607
ENSG00000132698	1030	500	530
ENSG00000252236	0	0	0
ENSG00000260238	0	0	0
ENSG00000242252	13	8	5
ENSG00000198952	2691	1364	1327
ENSG00000163472	242	351	306
ENSG00000163468	5088	2473	2615
ENSG00000132677	1	1	0
ENSG00000237390	0	0	0
ENSG00000207933	0	0	0
ENSG00000254726	116	53	63
ENSG00000186377	209	95	114
ENSG00000186160	2	1	1
ENSG00000225154	0	0	0
ENSG00000225506	9	3	6
ENSG00000225514	0	0	0
ENSG00000224805	13	10	3
ENSG00000162366	876	426	450
ENSG00000226252	85	68	65
ENSG00000225762	35	13	22
ENSG00000186790	0	0	0
ENSG00000237424	122	56	66
ENSG00000189030	4	2	2
ENSG00000162763	0	0	0
ENSG00000143061	517	277	240
ENSG00000135821	30084	14844	15240
ENSG00000203740	0	0	0
ENSG00000162374	120	66	54
ENSG00000168275	340	181	245
ENSG00000241563	19	13	6
ENSG00000153207	2240	1069	1171
ENSG00000156869	496	164	332
ENSG00000033122	255	138	119
ENSG00000143278	0	0	0
ENSG00000116678	1343	659	684
ENSG00000159352	2860	1364	1496
ENSG00000158710	9080	4574	4506
ENSG00000162734	4835	2473	2666
ENSG00000049239	5723	2784	2939
ENSG00000186564	32	20	12
ENSG00000244038	5523	2764	2759
ENSG00000158747	8080	3752	4328
ENSG00000116690	32	276	146
ENSG00000126091	128	51	80
ENSG00000162383	132	70	65
ENSG00000171163	1358	682	676
ENSG00000172456	314	172	147
ENSG00000162946	498	256	245
ENSG00000158786	5	4	1
ENSG00000118733	61	34	27
ENSG00000157870	831	538	554
ENSG00000179085	543	296	247
ENSG00000173080	60	32	28
ENSG00000183347	17	12	5
ENSG00000276470	0	0	0
ENSG00000278852	0	0	0
ENSG00000275915	0	0	0
ENSG00000120937	0	0	0
ENSG00000224904	1	0	1
ENSG00000285646	42	20	22
ENSG00000199347	0	0	0
ENSG00000201801	4	2	2
ENSG00000116685	1616	767	849
ENSG00000083444	2148	1034	1114
ENSG00000287384	0	0	0
ENSG00000270914	0	0	0
ENSG00000116691	700	330	370
ENSG00000202461	18	7	11
ENSG00000276869	0	0	0
ENSG00000243539	0	0	0
ENSG00000120949	63	39	24
ENSG00000201135	0	0	0
ENSG00000227875	2	0	2
ENSG00000285604	0	0	0
ENSG00000283789	0	0	0
ENSG00000263676	0	0	0
ENSG00000200591	5	3	2
ENSG00000162521	3885	3069	2998
ENSG00000162520	123	1150	1155
ENSG00000224409	0	0	0
ENSG00000162522	2754	1345	1409
ENSG00000116497	2421	1228	1220
ENSG00000160097	146	77	69
ENSG00000121905	22	189	169
ENSG00000121900	680	506	510
ENSG00000287691	9	4	7
ENSG00000278966	7	3	4
ENSG00000143222	2446	1419	1469
ENSG00000224985	17	120	340
ENSG00000143224	804	443	538
ENSG00000158850	1602	868	910
ENSG00000158859	1915	930	985
ENSG00000158869	1740	880	860
ENSG00000158874	7	3	4
ENSG00000158882	278	229	212
ENSG00000284035	0	0	0
ENSG00000143257	34	90	107
ENSG00000248485	106	50	56
ENSG00000188931	255	117	157
ENSG00000236484	0	0	0
ENSG00000283696	39	27	12
ENSG00000288093	31	18	13
ENSG00000206921	0	0	0
ENSG00000215840	10	5	5
ENSG00000277882	1	1	0
ENSG00000283317	29	11	18
ENSG00000277762	0	0	0
ENSG00000227139	0	0	0
ENSG00000265107	711	472	507
ENSG00000274415	0	131	137
ENSG00000234190	0	0	0
ENSG00000223728	0	0	0
ENSG00000121634	0	0	0
ENSG00000188092	215	117	98
ENSG00000215859	34	13	28
ENSG00000273059	1	4	4
ENSG00000274372	22	12	10
ENSG00000206791	2	1	1
ENSG00000206585	2	0	2
ENSG00000229828	0	0	0
ENSG00000225080	2	1	1
ENSG00000198658	2	2	0
ENSG00000238382	0	0	0
ENSG00000225919	0	0	0
ENSG00000236497	0	0	0
ENSG00000207190	0	0	0
ENSG00000200508	0	0	0
ENSG00000284928	3	0	3
ENSG00000223949	4	4	0
ENSG00000116688	3310	1775	1535
ENSG00000188800	2	1	1
ENSG00000084073	1822	954	871
ENSG00000231296	2	2	3
ENSG00000049089	786	359	427
ENSG00000227311	0	0	0
ENSG00000213172	3	1	2
ENSG00000284677	5	5	0
ENSG00000187801	73	39	34
ENSG00000260920	87	44	43
ENSG00000158887	507	247	260
ENSG00000255054	0	0	0
ENSG00000228172	32	396	423
ENSG00000117640	1542	1018	1104
ENSG00000272478	0	0	0
ENSG00000127423	39	24	28
ENSG00000182749	465	294	306
ENSG00000207302	0	0	0
ENSG00000117632	2933	1298	1635
ENSG00000229786	5	1	4
ENSG00000223624	0	0	0
ENSG00000283938	0	0	0
ENSG00000199385	0	0	0
ENSG00000187147	1725	1121	1109
ENSG00000263381	0	0	0
ENSG00000126106	160	335	330
ENSG00000198520	137	77	60
ENSG00000199377	6	4	2
ENSG00000200169	27	18	9
ENSG00000142945	343	182	194
ENSG00000142937	38235	21039	20785
ENSG00000264294	0	0	0
ENSG00000200913	14	9	5
ENSG00000202031	2	1	1
ENSG00000207421	0	0	0
ENSG00000281859	0	0	0
ENSG00000234093	23	16	7
ENSG00000142959	63	30	33
ENSG00000173846	922	491	483
ENSG00000117425	195	89	106
ENSG00000202444	0	0	0
ENSG00000226499	7	1	6
ENSG00000070785	665	284	381
ENSG00000253039	0	0	0
ENSG00000229815	0	0	0
ENSG00000232369	0	0	0
ENSG00000268949	1	0	1
ENSG00000126107	1706	829	925
ENSG00000126088	1348	684	712
ENSG00000234315	2	2	0
ENSG00000162408	1546	747	799
ENSG00000229519	8	4	4
ENSG00000173662	11	4	7
ENSG00000204859	1097	546	551
ENSG00000288629	0	0	0
ENSG00000230735	1	2	9
ENSG00000171488	1366	717	649
ENSG00000226394	1	0	1
ENSG00000237200	18	10	8
ENSG00000070886	3	1	2
ENSG00000276835	0	0	0
ENSG00000265422	2	1	1
ENSG00000223776	4	13	64
ENSG00000273058	28	12	16
ENSG00000230325	17	24	20
ENSG00000119285	1298	1399	1376
ENSG00000226498	1	0	1
ENSG00000237991	1	0	1
ENSG00000244020	1	1	0
ENSG00000288099	0	0	0
ENSG00000225886	15	15	4
ENSG00000206767	0	0	0
ENSG00000226662	0	0	0
ENSG00000207095	0	0	0
ENSG00000287244	0	0	0
ENSG00000231344	3	1	2
ENSG00000230833	1	1	0
ENSG00000117758	2651	1280	1371
ENSG00000269971	6	2	4
ENSG00000270031	1	0	1
ENSG00000223062	0	0	0
ENSG00000286433	0	20	45
ENSG00000117751	1480	758	787
ENSG00000252947	0	0	0
ENSG00000130775	3157	1428	1729
ENSG00000117748	2599	1294	1305
ENSG00000223643	0	0	0
ENSG00000230239	0	0	0
ENSG00000263811	0	0	0
ENSG00000277234	0	0	0
ENSG00000235241	0	39	77
ENSG00000207005	0	0	0
ENSG00000272426	14	6	8
ENSG00000117122	240	219	107
ENSG00000286898	0	21	65
ENSG00000226526	5	34	22
ENSG00000159363	887	483	435
ENSG00000117118	1846	860	986
ENSG00000117115	538	292	246
ENSG00000204362	0	0	0
ENSG00000282843	0	0	0
ENSG00000142623	4	2	2
ENSG00000142619	0	0	0
ENSG00000266634	0	0	0
ENSG00000199459	0	0	0
ENSG00000273264	2	1	1
ENSG00000282057	28	15	13
ENSG00000272691	4	2	2
ENSG00000199934	0	0	0
ENSG00000230285	1	0	1
ENSG00000142871	21017	10104	10913
ENSG00000226643	1	1	0
ENSG00000234419	2	0	2
ENSG00000276997	20	10	10
ENSG00000222399	0	0	0
ENSG00000267305	0	0	0
ENSG00000143512	21	9	12
ENSG00000143498	218	119	112
ENSG00000225265	35	25	23
ENSG00000154305	2901	1637	1729
ENSG00000229399	1	1	0
ENSG00000272750	87	281	268
ENSG00000186063	918	451	484
ENSG00000162819	2176	1096	1094
ENSG00000287684	55	58	42
ENSG00000234523	2	0	2
ENSG00000287338	27	13	14
ENSG00000187554	432	194	238
ENSG00000236846	0	0	0
ENSG00000226601	1	1	0
ENSG00000164010	596	416	445
ENSG00000164011	403	213	190
ENSG00000233708	1	0	1
ENSG00000237090	0	0	0
ENSG00000225099	1	1	0
ENSG00000284138	5	2	3
ENSG00000283973	6	13	4
ENSG00000207256	0	0	0
ENSG00000283136	0	0	0
ENSG00000277513	0	0	0
ENSG00000154309	633	317	316
ENSG00000226967	0	0	0
ENSG00000231407	3	3	3
ENSG00000229570	0	0	0
ENSG00000203857	6	2	4
ENSG00000226443	6	3	3
ENSG00000249798	0	0	0
ENSG00000239873	2	2	0
ENSG00000203855	1	1	0
ENSG00000240244	4	2	2
ENSG00000260941	39	23	16
ENSG00000198857	28	14	14
ENSG00000143067	407	202	205
ENSG00000134240	833	410	423
ENSG00000134193	8178	4091	4087
ENSG00000215864	15	6	9
ENSG00000227205	1	1	0
ENSG00000226446	0	0	0
ENSG00000134249	0	0	0
ENSG00000092621	784	383	401
ENSG00000027644	11	7	4
ENSG00000241992	0	0	0
ENSG00000234226	0	0	0
ENSG00000137970	310	47	263
ENSG00000223229	0	0	0
ENSG00000285698	4	0	4
ENSG00000228035	3	0	3
ENSG00000287103	0	0	0
ENSG00000226973	0	0	0
ENSG00000274468	0	0	0
ENSG00000130764	1506	810	815
ENSG00000266075	3	2	2
ENSG00000272153	49	93	74
ENSG00000230026	0	0	0
ENSG00000285177	0	0	2
ENSG00000284770	167	418	427
ENSG00000229795	0	0	0
ENSG00000238236	0	0	0
ENSG00000235638	0	0	0
ENSG00000231199	0	0	0
ENSG00000226663	0	0	0
ENSG00000231582	0	0	0
ENSG00000232714	0	0	0
ENSG00000235761	0	0	0
ENSG00000270710	0	0	0
ENSG00000227236	0	0	0
ENSG00000198837	3110	1606	1657
ENSG00000160741	1843	939	904
ENSG00000276584	0	0	0
ENSG00000282386	34	16	18
ENSG00000273026	14	5	9
ENSG00000143578	590	352	327
ENSG00000143543	549	147	459
ENSG00000285641	0	9	9
ENSG00000143545	772	336	436
ENSG00000177954	37667	19005	18662
ENSG00000231416	16	15	1
ENSG00000200220	0	0	0
ENSG00000231837	0	0	0
ENSG00000263987	1	1	0
ENSG00000162642	815	399	416
ENSG00000223254	7	0	7
ENSG00000223653	28	18	54
ENSG00000116198	1483	702	782
ENSG00000169598	542	269	274
ENSG00000226653	0	0	0
ENSG00000207209	0	0	0
ENSG00000272443	0	0	0
ENSG00000272480	0	0	0
ENSG00000288626	0	0	0
ENSG00000162836	802	416	386
ENSG00000207080	0	0	0
ENSG00000231791	0	0	0
ENSG00000244568	0	0	0
ENSG00000271387	6	2	4
ENSG00000116667	3554	1664	1890
ENSG00000230470	5	3	2
ENSG00000232036	3	0	3
ENSG00000285847	62	38	26
ENSG00000286378	9	6	5
ENSG00000215381	0	0	0
ENSG00000261326	513	248	265
ENSG00000284726	11	5	6
ENSG00000125945	1442	706	801
ENSG00000201405	0	0	0
ENSG00000271420	28	16	12
ENSG00000204219	1809	900	916
ENSG00000232482	4	2	2
ENSG00000285779	0	0	0
ENSG00000162885	1203	1263	1163
ENSG00000270780	0	0	0
ENSG00000232895	1	0	1
ENSG00000273698	0	0	0
ENSG00000273112	1	0	1
ENSG00000173110	295	124	171
ENSG00000224203	0	0	0
ENSG00000224515	0	0	0
ENSG00000225217	355	182	173
ENSG00000231586	2	2	0
ENSG00000234211	0	23	21
ENSG00000213075	9	0	9
ENSG00000143125	1	0	2
ENSG00000270380	0	1	0
ENSG00000282887	0	0	0
ENSG00000283999	0	0	0
ENSG00000240194	0	0	0
ENSG00000235407	0	0	0
ENSG00000143105	0	0	0
ENSG00000199710	0	0	0
ENSG00000237415	1	1	0
ENSG00000232791	0	0	0
ENSG00000177301	252	141	111
ENSG00000226828	2	1	2
ENSG00000279774	0	0	0
ENSG00000229960	1	1	0
ENSG00000286486	2	1	1
ENSG00000244066	0	0	0
ENSG00000237759	1	0	1
ENSG00000287531	0	0	0
ENSG00000225855	537	1171	1012
ENSG00000283701	0	0	0
ENSG00000207134	0	0	0
ENSG00000227773	9	2	7
ENSG00000207144	1	1	0
ENSG00000237872	4	2	2
ENSG00000271267	26	14	12
ENSG00000225082	6	4	2
ENSG00000223503	3	2	1
ENSG00000232519	1	0	3
ENSG00000160752	1400	1455	1512
ENSG00000121957	428	917	866
ENSG00000235089	1	1	0
ENSG00000285179	0	0	0
ENSG00000223026	0	0	0
ENSG00000225721	10	30	3604
ENSG00000188396	67	84	35
ENSG00000202167	0	0	0
ENSG00000207349	0	0	0
ENSG00000252826	0	0	0
ENSG00000206737	0	0	0
ENSG00000223779	0	0	0
ENSG00000242352	0	0	0
ENSG00000270962	0	0	0
ENSG00000263590	0	0	0
ENSG00000252105	0	0	0
ENSG00000233430	1	1	0
ENSG00000237503	0	0	0
ENSG00000265531	10	6	4
ENSG00000234571	4	1	3
ENSG00000230186	0	3	0
ENSG00000268074	0	0	0
ENSG00000270872	1	0	1
ENSG00000276674	0	0	0
ENSG00000082482	146	77	69
ENSG00000116747	1123	650	728
ENSG00000118729	258	121	137
ENSG00000134207	7	2	5
ENSG00000163467	15	5	10
ENSG00000243710	11	7	10
ENSG00000117395	1020	497	533
ENSG00000116874	473	249	297
ENSG00000065600	283	126	157
ENSG00000009780	761	359	402
ENSG00000023572	713	449	494
ENSG00000077254	2853	1387	1466
ENSG00000134644	3147	1600	1547
ENSG00000215788	1421	736	770
ENSG00000117834	149	84	92
ENSG00000117625	2119	1062	1057
ENSG00000179902	3	2	3
ENSG00000020633	1097	562	535
ENSG00000121766	857	532	576
ENSG00000143157	2083	1062	1021
ENSG00000162614	3643	1732	1981
ENSG00000160781	262	120	142
ENSG00000143344	2239	1199	1040
ENSG00000162613	4323	2169	2156
ENSG00000116882	18	9	9
ENSG00000198758	2381	1173	1210
ENSG00000117569	1887	950	937
ENSG00000142856	490	299	319
ENSG00000158022	80	39	43
ENSG00000116396	909	453	456
ENSG00000058668	6914	3361	3553
ENSG00000163875	1920	965	955
ENSG00000282872	1	0	1
ENSG00000131238	5125	2590	2535
ENSG00000171680	1225	742	483
ENSG00000244457	0	0	0
ENSG00000116977	2291	2060	1960
ENSG00000229372	0	109	115
ENSG00000274975	0	2	0
ENSG00000229348	6	4	2
ENSG00000242485	1480	812	921
ENSG00000264293	0	0	0
ENSG00000272455	74	36	38
ENSG00000225905	6	7	2
ENSG00000225285	32	16	16
ENSG00000179403	1645	816	829
ENSG00000215915	115	50	65
ENSG00000236085	0	0	0
ENSG00000234441	0	0	0
ENSG00000227408	0	0	0
ENSG00000223635	0	0	0
ENSG00000135776	990	508	482
ENSG00000199672	6	3	3
ENSG00000201492	8	3	5
ENSG00000229367	21	5	16
ENSG00000135763	384	191	193
ENSG00000213028	2	1	1
ENSG00000225984	0	0	0
ENSG00000178828	156	115	101
ENSG00000235434	0	25	35
ENSG00000169914	1282	636	646
ENSG00000188784	0	0	0
ENSG00000242688	0	0	0
ENSG00000177186	0	0	0
ENSG00000177174	0	0	0
ENSG00000269956	55	144	163
ENSG00000162456	0	0	0
ENSG00000079277	2402	1275	1379
ENSG00000117407	52	30	22
ENSG00000237950	94	51	43
ENSG00000117408	824	394	430
ENSG00000285649	6	53	51
ENSG00000117410	2315	1117	1199
ENSG00000159214	155	82	91
ENSG00000196517	282	146	154
ENSG00000227163	0	0	0
ENSG00000271647	0	2	3
ENSG00000239560	0	0	0
ENSG00000196539	0	0	0
ENSG00000229255	2	1	1
ENSG00000203661	0	0	0
ENSG00000271934	0	0	0
ENSG00000224521	0	0	0
ENSG00000227102	0	0	0
ENSG00000183310	0	0	0
ENSG00000201602	0	0	0
ENSG00000271701	0	0	0
ENSG00000189181	0	0	0
ENSG00000187238	0	0	0
ENSG00000185962	0	0	0
ENSG00000226947	1	1	0
ENSG00000285753	0	0	0
ENSG00000187223	0	0	0
ENSG00000159455	2	1	1
ENSG00000187173	2	2	0
ENSG00000204501	0	0	0
ENSG00000228229	0	0	0
ENSG00000204481	0	0	0
ENSG00000204479	0	0	0
ENSG00000172031	31	17	14
ENSG00000233228	0	0	0
ENSG00000224678	0	0	0
ENSG00000233401	0	0	0
ENSG00000273487	17	7	10
ENSG00000226773	0	0	0
ENSG00000274481	0	0	0
ENSG00000228594	81	43	38
ENSG00000286989	19	10	9
ENSG00000272106	207	120	114
ENSG00000189409	62	38	25
ENSG00000272004	0	82	75
ENSG00000189339	2702	1438	1421
ENSG00000269737	180	105	75
ENSG00000215914	3	3	0
ENSG00000008128	235	126	109
ENSG00000268575	134	122	108
ENSG00000227775	522	293	347
ENSG00000008130	2317	1150	1167
ENSG00000078369	10396	5067	5329
ENSG00000178821	37	17	20
ENSG00000158477	13	9	4
ENSG00000230942	0	0	0
ENSG00000158481	440	216	224
ENSG00000158485	16	8	8
ENSG00000158488	93	49	44
ENSG00000186306	0	0	0
ENSG00000203758	0	0	0
ENSG00000236257	3	1	2
ENSG00000236656	0	0	0
ENSG00000198703	0	0	0
ENSG00000227445	0	0	0
ENSG00000231434	3	0	3
ENSG00000117505	2270	1191	1123
ENSG00000229635	9	5	4
ENSG00000207379	0	0	0
ENSG0000021