N_unmapped	497634	497634	497634
N_multimapping	3095824	3095824	3095824
N_noFeature	3309305	17732574	17377700
N_ambiguous	2802616	719959	649182
ENSG00000160072	1206	654	552
ENSG00000234396	5	12	6
ENSG00000225972	12	6	6
ENSG00000224315	4	2	2
ENSG00000198744	190	177	13
ENSG00000279928	1	0	1
ENSG00000228037	33	9	24
ENSG00000142611	288	152	136
ENSG00000225630	2495	1362	1133
ENSG00000284616	0	0	0
ENSG00000157911	232	830	792
ENSG00000269896	62	42	20
ENSG00000237973	508	231	314
ENSG00000228463	10	8	3
ENSG00000260972	0	0	0
ENSG00000157933	2040	1029	1011
ENSG00000224340	0	0	0
ENSG00000226545	0	0	0
ENSG00000268663	0	0	0
ENSG00000226374	0	1	0
ENSG00000229280	0	0	0
ENSG00000142655	523	285	303
ENSG00000232596	0	0	0
ENSG00000235054	4	1	3
ENSG00000232663	0	0	0
ENSG00000240409	0	0	0
ENSG00000229344	9	10	4
ENSG00000231510	0	0	0
ENSG00000149527	239	134	105
ENSG00000284739	0	0	0
ENSG00000171621	699	368	331
ENSG00000272235	6	3	3
ENSG00000284694	1	0	1
ENSG00000230021	1	3	11
ENSG00000287356	44	16	44
ENSG00000224387	0	0	0
ENSG00000285629	0	0	0
ENSG00000173673	0	0	0
ENSG00000142583	150	67	83
ENSG00000284674	0	0	0
ENSG00000272161	2	0	2
ENSG00000237094	23	13	10
ENSG00000224338	0	0	0
ENSG00000074800	10337	5273	5069
ENSG00000116786	2551	1348	1477
ENSG00000287727	1	1	0
ENSG00000228423	2	0	2
ENSG00000286448	0	0	1
ENSG00000131686	0	1	0
ENSG00000229305	0	0	0
ENSG00000284703	0	0	0
ENSG00000226457	1	0	1
ENSG00000173614	331	134	197
ENSG00000248527	16956	9599	7357
ENSG00000215720	2	0	2
ENSG00000241326	0	0	0
ENSG00000233623	2	1	1
ENSG00000162592	10	31	49
ENSG00000116254	17	13	4
ENSG00000233645	0	0	0
ENSG00000204624	14	5	15
ENSG00000142606	16	100	126
ENSG00000235146	0	0	0
ENSG00000225931	8	4	4
ENSG00000171729	427	240	199
ENSG00000279457	93	43	50
ENSG00000162571	10	1	9
ENSG00000229393	1	0	1
ENSG00000037637	962	432	530
ENSG00000287586	9	7	2
ENSG00000159423	526	283	243
ENSG00000142599	4876	1731	3146
ENSG00000227169	0	0	0
ENSG00000283356	0	0	0
ENSG00000011021	873	434	455
ENSG00000142615	3	3	0
ENSG00000215704	7	6	3
ENSG00000157916	1912	1608	1694
ENSG00000157881	855	480	375
ENSG00000238290	0	0	0
ENSG00000225387	0	0	0
ENSG00000048707	1497	731	766
ENSG00000158748	4	0	4
ENSG00000225196	0	0	0
ENSG00000162444	647	290	357
ENSG00000279625	0	0	0
ENSG00000180758	185	87	98
ENSG00000184677	1240	593	647
ENSG00000230679	1	3	3
ENSG00000270136	7	7	0
ENSG00000288398	78	38	40
ENSG00000224621	0	0	0
ENSG00000285833	0	5	1
ENSG00000131697	394	158	237
ENSG00000284692	0	0	0
ENSG00000284745	0	0	0
ENSG00000280222	1	0	1
ENSG00000227634	0	0	0
ENSG00000285945	0	0	0
ENSG00000229162	2	0	2
ENSG00000197921	1	0	1
ENSG00000233755	2	2	0
ENSG00000233929	4	1	3
ENSG00000271742	8	4	4
ENSG00000226396	71	25	46
ENSG00000169504	6730	3323	3407
ENSG00000234166	0	57	16
ENSG00000235282	0	0	0
ENSG00000055070	2542	1606	1797
ENSG00000175087	189	95	94
ENSG00000157191	2452	1169	1287
ENSG00000284699	0	0	0
ENSG00000230035	0	0	0
ENSG00000235185	9	5	4
ENSG00000225643	11	6	5
ENSG00000284666	2	2	0
ENSG00000228943	0	0	0
ENSG00000234397	0	0	0
ENSG00000284309	1	0	1
ENSG00000162511	5306	4368	4321
ENSG00000158014	11	4	7
ENSG00000204138	1367	643	724
ENSG00000233419	0	0	0
ENSG00000235263	0	0	0
ENSG00000228176	0	0	0
ENSG00000231251	0	0	0
ENSG00000142675	311	144	167
ENSG00000197245	737	359	378
ENSG00000261025	0	0	0
ENSG00000116237	1602	797	883
ENSG00000130772	395	235	160
ENSG00000215899	0	0	0
ENSG00000271398	4	0	4
ENSG00000225011	0	0	0
ENSG00000235069	0	0	0
ENSG00000284676	0	0	0
ENSG00000237058	0	0	0
ENSG00000233399	4	0	4
ENSG00000090020	1173	576	597
ENSG00000157978	1004	517	487
ENSG00000226944	2	3	3
ENSG00000270282	0	0	0
ENSG00000130770	1076	1021	1084
ENSG00000229044	2	86	93
ENSG00000162512	3574	1769	1805
ENSG00000158006	398	205	193
ENSG00000214812	0	0	0
ENSG00000126698	2168	1032	1136
ENSG00000229447	7	5	2
ENSG00000229607	0	0	0
ENSG00000130766	746	362	384
ENSG00000168528	221	97	124
ENSG00000196581	75	45	30
ENSG00000169403	1663	882	781
ENSG00000084628	8	2	6
ENSG00000060688	714	394	320
ENSG00000171612	179	97	82
ENSG00000270927	0	0	0
ENSG00000188910	9	7	2
ENSG00000230523	0	0	0
ENSG00000116138	385	183	228
ENSG00000158161	642	312	330
ENSG00000142684	0	234	347
ENSG00000234619	2	2	0
ENSG00000121769	104	61	43
ENSG00000142627	1346	699	647
ENSG00000284668	0	0	0
ENSG00000233234	0	0	0
ENSG00000142632	230	114	189
ENSG00000234593	0	0	0
ENSG00000158292	986	464	522
ENSG00000270605	70	44	35
ENSG00000189337	595	567	535
ENSG00000232912	9	3	6
ENSG00000235084	5	1	4
ENSG00000235143	0	0	0
ENSG00000225478	0	0	0
ENSG00000225077	5	20	35
ENSG00000028137	6584	3095	3489
ENSG00000238249	0	0	0
ENSG00000204464	5	4	1
ENSG00000233372	0	0	0
ENSG00000283259	0	0	0
ENSG00000284543	9	6	3
ENSG00000130939	1237	642	595
ENSG00000175147	37	278	278
ENSG00000127472	396	181	215
ENSG00000060656	361	185	176
ENSG00000163867	507	211	296
ENSG00000232768	2	0	2
ENSG00000230214	0	0	0
ENSG00000189280	0	0	0
ENSG00000134698	1537	783	754
ENSG00000134690	36	27	9
ENSG00000272420	12	4	8
ENSG00000132881	69	37	32
ENSG00000273274	2	0	2
ENSG00000116251	2681	1336	1364
ENSG00000272510	0	2	9
ENSG00000158286	414	196	270
ENSG00000236648	0	0	0
ENSG00000232273	0	0	0
ENSG00000009709	1	1	0
ENSG00000287396	0	0	0
ENSG00000223589	0	0	0
ENSG00000158008	32	21	11
ENSG00000130940	442	304	389
ENSG00000116771	54	39	30
ENSG00000237301	7	5	2
ENSG00000162585	1560	1038	979
ENSG00000163879	422	252	192
ENSG00000227527	3	1	2
ENSG00000116954	487	223	264
ENSG00000228589	35	30	5
ENSG00000163873	830	394	436
ENSG00000117215	26	8	18
ENSG00000196449	691	395	413
ENSG00000230163	0	14	21
ENSG00000227538	0	0	0
ENSG00000232208	0	0	0
ENSG00000236500	0	0	0
ENSG00000044012	8	3	5
ENSG00000179051	1512	1026	1011
ENSG00000215895	0	0	0
ENSG00000231868	0	0	0
ENSG00000284650	2	0	2
ENSG00000237329	10	10	0
ENSG00000236948	0	0	0
ENSG00000126067	1834	931	903
ENSG00000274944	0	0	0
ENSG00000132906	553	265	290
ENSG00000197312	676	318	358
ENSG00000284748	0	0	0
ENSG00000272078	37	174	114
ENSG00000173660	2544	1278	1266
ENSG00000224592	5	4	1
ENSG00000233728	0	18	7
ENSG00000230451	0	0	0
ENSG00000231606	0	0	0
ENSG00000215900	0	0	0
ENSG00000284632	0	0	0
ENSG00000241014	2	0	2
ENSG00000054118	2650	1215	1435
ENSG00000254553	0	0	0
ENSG00000284653	0	0	0
ENSG00000237749	1	0	1
ENSG00000276747	8	5	3
ENSG00000284705	2	0	2
ENSG00000228776	0	0	0
ENSG00000159339	70	36	34
ENSG00000223814	0	0	0
ENSG00000197982	1790	836	1071
ENSG00000261781	0	0	0
ENSG00000183317	36	9	27
ENSG00000183386	1383	683	700
ENSG00000284743	0	0	0
ENSG00000158315	41	22	28
ENSG00000204084	1613	1060	1039
ENSG00000186973	9	2	7
ENSG00000271806	7	26	21
ENSG00000146463	1086	550	588
ENSG00000279214	0	0	0
ENSG00000183520	1430	681	749
ENSG00000271741	0	0	0
ENSG00000214141	1	1	0
ENSG00000142686	557	269	288
ENSG00000224751	2	0	2
ENSG00000279096	0	0	0
ENSG00000117148	0	0	0
ENSG00000230585	5	2	3
ENSG00000117000	794	355	439
ENSG00000284989	0	0	0
ENSG00000231630	0	0	0
ENSG00000092853	51	26	34
ENSG00000255811	0	0	0
ENSG00000134697	809	385	446
ENSG00000187513	1846	843	1003
ENSG00000238145	0	0	0
ENSG00000225142	2	0	2
ENSG00000230138	0	0	0
ENSG00000223390	0	35	46
ENSG00000285823	0	0	0
ENSG00000284720	0	0	0
ENSG00000225028	4	2	2
ENSG00000225671	0	0	0
ENSG00000116151	122	73	65
ENSG00000226147	0	0	0
ENSG00000182873	88	55	39
ENSG00000006555	95	56	39
ENSG00000236111	0	0	0
ENSG00000066056	4045	2032	2013
ENSG00000214114	297	136	161
ENSG00000173436	478	205	321
ENSG00000116544	27	19	8
ENSG00000231900	0	0	0
ENSG00000236723	2	134	179
ENSG00000232467	0	0	0
ENSG00000117016	197	88	109
ENSG00000121310	3276	1584	1692
ENSG00000169213	64	21	43
ENSG00000163866	977	489	523
ENSG00000225779	10	8	2
ENSG00000284601	0	0	0
ENSG00000237130	0	0	0
ENSG00000143001	7	8	11
ENSG00000229716	0	0	0
ENSG00000226133	0	0	0
ENSG00000227416	0	0	0
ENSG00000232335	0	3	6
ENSG00000260971	25	8	19
ENSG00000259832	0	0	0
ENSG00000284696	0	0	0
ENSG00000238242	0	0	0
ENSG00000285839	0	0	0
ENSG00000237290	1	2	0
ENSG00000232762	0	0	0
ENSG00000117419	747	345	402
ENSG00000162384	1535	775	846
ENSG00000162391	8	23	12
ENSG00000174348	864	580	641
ENSG00000154198	0	0	0
ENSG00000117859	1558	739	844
ENSG00000228121	0	0	0
ENSG00000253313	11	6	5
ENSG00000162396	64	36	28
ENSG00000203995	5	3	2
ENSG00000227742	1	0	1
ENSG00000284686	19	3	16
ENSG00000162378	898	408	490
ENSG00000233079	0	0	0
ENSG00000259818	5	3	2
ENSG00000229444	0	0	0
ENSG00000240563	33	12	21
ENSG00000234318	0	0	0
ENSG00000284773	22	7	15
ENSG00000234481	0	0	0
ENSG00000117862	145	94	51
ENSG00000235612	0	2	0
ENSG00000228369	0	0	0
ENSG00000183431	1914	949	965
ENSG00000227485	0	0	0
ENSG00000224609	11	2	9
ENSG00000235545	0	0	0
ENSG00000236646	0	0	0
ENSG00000169174	19	13	6
ENSG00000232198	0	0	0
ENSG00000238063	0	0	0
ENSG00000227104	0	0	0
ENSG00000243725	49	27	22
ENSG00000171872	0	0	0
ENSG00000162407	4409	2098	2311
ENSG00000285079	3	3	0
ENSG00000169218	238	113	125
ENSG00000163877	499	263	236
ENSG00000228929	4	3	1
ENSG00000224570	2	2	0
ENSG00000224980	0	0	0
ENSG00000278967	0	0	0
ENSG00000157184	257	365	289
ENSG00000272491	39	29	52
ENSG00000198815	1332	640	692
ENSG00000134744	1190	602	588
ENSG00000233910	0	0	0
ENSG00000287703	0	0	0
ENSG00000283039	0	0	0
ENSG00000229032	0	0	0
ENSG00000229294	0	0	0
ENSG00000232993	0	222	132
ENSG00000234088	0	0	0
ENSG00000236973	0	0	0
ENSG00000227947	0	0	0
ENSG00000277397	0	0	0
ENSG00000271200	16	7	9
ENSG00000235446	0	0	0
ENSG00000261196	0	0	0
ENSG00000162385	727	389	338
ENSG00000231413	2	0	2
ENSG00000234264	0	0	0
ENSG00000242391	2	0	2
ENSG00000223883	1	1	0
ENSG00000284808	0	0	0
ENSG00000242267	23	16	7
ENSG00000237227	1	0	1
ENSG00000275350	0	0	0
ENSG00000116652	4	1	3
ENSG00000123080	605	326	292
ENSG00000285778	1	1	0
ENSG00000077549	8889	4360	4577
ENSG00000233407	0	0	0
ENSG00000225675	0	0	0
ENSG00000237622	0	0	0
ENSG00000162598	0	0	0
ENSG00000280317	0	0	0
ENSG00000162415	188	81	109
ENSG00000162600	253	117	136
ENSG00000116704	352	179	173
ENSG00000227644	0	0	3
ENSG00000157193	99	65	91
ENSG00000116205	389	165	241
ENSG00000198841	155	63	92
ENSG00000116212	356	184	172
ENSG00000234204	0	0	0
ENSG00000233099	0	0	0
ENSG00000233994	3	3	0
ENSG00000237180	0	0	0
ENSG00000213561	7	2	5
ENSG00000233973	0	0	0
ENSG00000237552	0	0	0
ENSG00000132854	51	17	34
ENSG00000227556	0	0	0
ENSG00000162616	1462	693	769
ENSG00000162607	863	455	408
ENSG00000233602	0	3	0
ENSG00000233271	0	9	3
ENSG00000285954	0	0	0
ENSG00000233333	0	0	0
ENSG00000154027	122	57	65
ENSG00000234108	0	0	0
ENSG00000232676	0	0	0
ENSG00000225167	0	0	0
ENSG00000132122	410	209	201
ENSG00000213579	4	0	4
ENSG00000137960	453	224	229
ENSG00000237852	7	5	2
ENSG00000116745	25	14	11
ENSG00000132855	5	2	3
ENSG00000285407	0	0	0
ENSG00000272855	0	0	0
ENSG00000270549	0	0	0
ENSG00000237163	0	0	0
ENSG00000229636	0	0	0
ENSG00000116675	72	47	25
ENSG00000162433	214	95	119
ENSG00000213625	4330	2115	2215
ENSG00000227207	0	0	0
ENSG00000227016	0	0	0
ENSG00000233664	0	0	0
ENSG00000158966	752	371	381
ENSG00000213703	1	0	1
ENSG00000203965	209	100	112
ENSG00000223479	0	0	0
ENSG00000233674	2	2	0
ENSG00000153898	139	75	64
ENSG00000117069	389	177	212
ENSG00000125703	423	190	233
ENSG00000285041	0	0	0
ENSG00000285808	0	0	0
ENSG00000229440	0	0	0
ENSG00000234144	0	0	0
ENSG00000213540	0	0	0
ENSG00000277670	0	0	0
ENSG00000227466	0	0	0
ENSG00000154007	0	0	0
ENSG00000230498	0	0	0
ENSG00000285782	0	0	0
ENSG00000162618	2111	1102	1009
ENSG00000224493	0	0	0
ENSG00000131233	0	0	0
ENSG00000272371	0	0	0
ENSG00000287647	2	2	0
ENSG00000229225	0	0	0
ENSG00000230863	0	0	0
ENSG00000213560	1	0	1
ENSG00000287224	4	4	0
ENSG00000225598	0	0	0
ENSG00000286455	0	0	0
ENSG00000225087	0	0	0
ENSG00000224986	7	5	2
ENSG00000280378	4	4	0
ENSG00000188786	964	398	566
ENSG00000230053	0	0	0
ENSG00000137941	577	272	305
ENSG00000273338	32	20	12
ENSG00000223720	3	0	3
ENSG00000224326	0	0	0
ENSG00000286548	20	8	12
ENSG00000066135	454	368	334
ENSG00000230027	0	0	0
ENSG00000233061	21	14	7
ENSG00000272094	0	0	0
ENSG00000228853	2	0	2
ENSG00000215874	0	0	0
ENSG00000232453	43	28	15
ENSG00000260386	0	0	0
ENSG00000284895	0	0	0
ENSG00000117174	540	241	299
ENSG00000237413	8	2	6
ENSG00000184313	19	6	13
ENSG00000284645	0	0	0
ENSG00000225605	3	0	3
ENSG00000225446	0	0	0
ENSG00000288543	3	3	0
ENSG00000122420	224	106	118
ENSG00000284240	6	3	3
ENSG00000236290	3	0	3
ENSG00000143013	1206	634	572
ENSG00000226084	4	1	3
ENSG00000134748	1111	546	565
ENSG00000142892	891	435	456
ENSG00000219102	4	3	1
ENSG00000184005	338	167	171
ENSG00000230953	4	4	0
ENSG00000287743	0	0	0
ENSG00000229332	0	0	0
ENSG00000227937	0	0	0
ENSG00000229752	0	0	0
ENSG00000237505	8	5	3
ENSG00000285462	0	0	0
ENSG00000233216	0	0	0
ENSG00000197273	55	16	39
ENSG00000226804	0	0	0
ENSG00000285325	0	0	0
ENSG00000230728	3	0	3
ENSG00000162402	1306	660	646
ENSG00000232846	1	0	1
ENSG00000219201	0	0	0
ENSG00000230787	4	2	2
ENSG00000116641	971	493	478
ENSG00000235927	13	14	40
ENSG00000223920	0	0	0
ENSG00000237453	5	0	5
ENSG00000172260	1049	517	546
ENSG00000285473	0	0	0
ENSG00000237959	0	0	0
ENSG00000231364	0	0	0
ENSG00000234578	0	0	0
ENSG00000117480	314	172	142
ENSG00000137944	627	298	329
ENSG00000229505	0	0	0
ENSG00000228187	0	0	0
ENSG00000285201	0	0	0
ENSG00000182183	22	12	10
ENSG00000236407	0	0	0
ENSG00000271949	0	0	0
ENSG00000227062	1	1	0
ENSG00000067334	1154	618	536
ENSG00000235011	0	0	0
ENSG00000235673	0	0	0
ENSG00000226938	0	0	0
ENSG00000213559	0	0	0
ENSG00000287587	0	0	0
ENSG00000142949	1445	737	708
ENSG00000116133	307	137	191
ENSG00000232882	2	0	2
ENSG00000171502	93	30	63
ENSG00000162399	1	1	0
ENSG00000116157	213	110	103
ENSG00000143036	157	76	81
ENSG00000232672	0	0	0
ENSG00000230817	0	0	0
ENSG00000235613	3	0	3
ENSG00000065243	974	470	504
ENSG00000226759	0	0	0
ENSG00000226960	0	0	0
ENSG00000234080	0	0	0
ENSG00000237899	0	0	0
ENSG00000225492	184	103	83
ENSG00000223905	0	0	0
ENSG00000227290	0	0	0
ENSG00000229486	0	0	0
ENSG00000282898	0	0	0
ENSG00000285409	0	0	0
ENSG00000231090	1	1	0
ENSG00000117528	739	390	349
ENSG00000271723	0	0	0
ENSG00000172339	331	162	169
ENSG00000036549	734	365	369
ENSG00000287724	1	2	8
ENSG00000058799	786	346	440
ENSG00000225191	0	0	0
ENSG00000287870	0	0	0
ENSG00000235563	0	3	0
ENSG00000232048	0	0	0
ENSG00000232857	0	0	0
ENSG00000273637	0	0	0
ENSG00000203985	0	0	0
ENSG00000228838	0	1	3
ENSG00000283761	22	13	9
ENSG00000189433	0	0	0
ENSG00000230759	0	0	0
ENSG00000231866	3	0	3
ENSG00000179178	52	26	26
ENSG00000142700	0	0	0
ENSG00000285525	0	0	0
ENSG00000236098	0	0	0
ENSG00000233514	0	0	0
ENSG00000127124	228	133	95
ENSG00000266993	28	18	16
ENSG00000223675	0	0	0
ENSG00000162604	507	245	262
ENSG00000229316	0	0	0
ENSG00000116171	2014	990	1028
ENSG00000287406	0	0	0
ENSG00000225767	0	0	0
ENSG00000234099	0	0	0
ENSG00000137936	409	218	208
ENSG00000235308	0	0	0
ENSG00000232752	0	0	0
ENSG00000235829	0	0	0
ENSG00000143032	0	0	0
ENSG00000226745	0	0	0
ENSG00000178028	1855	929	929
ENSG00000280040	2	0	2
ENSG00000168710	2388	1234	1154
ENSG00000117519	4967	2480	2487
ENSG00000270507	0	0	0
ENSG00000238037	0	0	0
ENSG00000215869	0	0	0
ENSG00000134215	278	161	117
ENSG00000227935	0	0	0
ENSG00000229887	1	1	0
ENSG00000228502	10	6	4
ENSG00000236268	3	0	3
ENSG00000271277	0	0	0
ENSG00000236888	0	0	0
ENSG00000279778	13	4	9
ENSG00000232015	0	0	0
ENSG00000230955	0	273	213
ENSG00000230828	0	0	0
ENSG00000188641	899	444	479
ENSG00000152078	190	88	102
ENSG00000237279	0	0	0
ENSG00000233359	6	2	4
ENSG00000237954	0	0	0
ENSG00000185668	4	0	4
ENSG00000171492	303	153	150
ENSG00000233129	0	0	0
ENSG00000170989	1980	973	1007
ENSG00000258634	214	134	141
ENSG00000233557	0	0	0
ENSG00000237897	0	0	0
ENSG00000116299	164	80	84
ENSG00000137962	2081	1073	1008
ENSG00000227832	0	0	0
ENSG00000286692	0	0	0
ENSG00000260464	15	12	4
ENSG00000237435	0	0	0
ENSG00000231996	0	0	0
ENSG00000273204	13	36	31
ENSG00000079739	1063	583	542
ENSG00000117154	5	2	3
ENSG00000162377	245	126	119
ENSG00000224613	0	0	0
ENSG00000215871	0	0	0
ENSG00000287372	0	0	0
ENSG00000232542	7	5	2
ENSG00000231095	0	0	0
ENSG00000116774	2486	1161	1325
ENSG00000287756	2	1	1
ENSG00000269113	320	139	181
ENSG00000284652	21	10	11
ENSG00000023909	226	96	130
ENSG00000069702	2708	1327	1381
ENSG00000232185	0	0	0
ENSG00000230489	2	0	2
ENSG00000228399	3	3	0
ENSG00000236776	9	7	2
ENSG00000285928	55	34	21
ENSG00000224685	0	0	0
ENSG00000287076	0	0	0
ENSG00000237480	2	0	2
ENSG00000271252	0	0	0
ENSG00000230427	5	5	0
ENSG00000235794	0	0	0
ENSG00000286758	3	3	0
ENSG00000237337	0	0	0
ENSG00000233983	0	0	0
ENSG00000198198	1524	2155	1895
ENSG00000225183	0	0	0
ENSG00000230402	0	0	0
ENSG00000116793	681	347	334
ENSG00000134201	901	464	437
ENSG00000238122	0	0	0
ENSG00000260879	0	34	38
ENSG00000213366	2240	1216	1024
ENSG00000230864	0	0	0
ENSG00000283354	0	0	0
ENSG00000232918	0	0	0
ENSG00000236360	0	1	3
ENSG00000183298	0	0	2
ENSG00000234332	2	2	0
ENSG00000117525	923	464	459
ENSG00000225079	19	16	3
ENSG00000226483	0	0	0
ENSG00000224238	1	0	1
ENSG00000229537	0	0	0
ENSG00000162699	0	0	0
ENSG00000162692	1439	668	771
ENSG00000203914	1	1	0
ENSG00000270457	2	2	0
ENSG00000203858	0	0	0
ENSG00000231987	0	0	0
ENSG00000228057	8	7	1
ENSG00000261593	0	0	0
ENSG00000224445	2	2	0
ENSG00000229842	0	0	0
ENSG00000270631	0	0	0
ENSG00000229201	0	0	0
ENSG00000181656	21	14	7
ENSG00000122481	108	75	33
ENSG00000198162	1029	506	523
ENSG00000238198	14	14	0
ENSG00000171517	0	0	0
ENSG00000228852	0	0	0
ENSG00000203864	0	0	0
ENSG00000233482	0	0	0
ENSG00000230250	0	0	0
ENSG00000232878	3	8	19
ENSG00000143079	851	419	432
ENSG00000232450	14	9	5
ENSG00000223575	1	0	1
ENSG00000230768	0	0	0
ENSG00000235202	0	0	0
ENSG00000272715	0	0	0
ENSG00000235038	0	0	0
ENSG00000143093	1074	505	569
ENSG00000226415	7	3	4
ENSG00000085491	660	327	417
ENSG00000173947	64	39	25
ENSG00000241361	2	2	0
ENSG00000230434	0	0	0
ENSG00000230718	0	0	0
ENSG00000134198	1494	747	747
ENSG00000235595	2	0	2
ENSG00000226053	0	0	0
ENSG00000226128	0	0	0
ENSG00000198799	609	310	323
ENSG00000279513	0	0	0
ENSG00000117620	497	250	254
ENSG00000280186	3	3	0
ENSG00000223906	0	0	0
ENSG00000162688	614	321	293
ENSG00000197106	2	1	1
ENSG00000259946	0	0	0
ENSG00000236137	13	42	31
ENSG00000203859	0	0	0
ENSG00000228086	0	5	6
ENSG00000213421	0	0	0
ENSG00000234020	0	0	0
ENSG00000060718	9	4	5
ENSG00000236804	0	0	0
ENSG00000231072	0	0	0
ENSG00000273406	0	0	0
ENSG00000185946	173	86	87
ENSG00000162627	540	263	277
ENSG00000226715	0	2	0
ENSG00000162695	566	265	301
ENSG00000134184	795	629	495
ENSG00000265808	696	351	345
ENSG00000261290	0	0	0
ENSG00000225923	0	0	0
ENSG00000134247	3407	1748	1659
ENSG00000187481	0	0	0
ENSG00000116752	885	457	428
ENSG00000162664	446	248	198
ENSG00000236866	0	0	0
ENSG00000134253	180	78	102
ENSG00000277655	0	0	0
ENSG00000223416	3	0	3
ENSG00000213226	0	0	0
ENSG00000179571	1	1	0
ENSG00000227850	1	1	0
ENSG00000243967	0	0	0
ENSG00000235777	0	0	0
ENSG00000260246	3	170	165
ENSG00000173218	659	304	355
ENSG00000285532	0	4	4
ENSG00000226755	0	0	0
ENSG00000232650	0	0	0
ENSG00000183508	3571	1735	1836
ENSG00000277095	0	0	0
ENSG00000236806	0	0	0
ENSG00000234283	3	3	0
ENSG00000237188	5	5	0
ENSG00000232780	15	4	11
ENSG00000274927	0	0	0
ENSG00000264145	0	0	0
ENSG00000238256	0	0	0
ENSG00000198765	0	0	0
ENSG00000224335	0	0	0
ENSG00000277702	21	14	7
ENSG00000143398	1216	563	653
ENSG00000196505	337	172	165
ENSG00000225871	3	0	16
ENSG00000223489	0	0	0
ENSG00000230546	0	0	0
ENSG00000213262	2	1	1
ENSG00000287015	0	0	0
ENSG00000241720	3	146	94
ENSG00000235526	0	0	0
ENSG00000228347	0	0	0
ENSG00000276975	18	13	5
ENSG00000236012	0	0	0
ENSG00000270911	0	0	0
ENSG00000272824	5	0	5
ENSG00000134200	8	4	4
ENSG00000234257	0	0	0
ENSG00000065183	346	162	215
ENSG00000227082	10	8	2
ENSG00000228626	0	0	0
ENSG00000226126	0	0	0
ENSG00000163393	182	77	105
ENSG00000163156	840	422	423
ENSG00000143631	26	19	15
ENSG00000156150	0	26	35
ENSG00000228453	0	0	0
ENSG00000274642	0	0	0
ENSG00000177551	3	0	3
ENSG00000197323	752	365	387
ENSG00000237975	80	49	39
ENSG00000261168	23	18	5
ENSG00000287980	0	0	0
ENSG00000229283	0	0	0
ENSG00000271419	0	0	0
ENSG00000226172	0	0	0
ENSG00000079335	319	159	171
ENSG00000143119	3683	1812	1871
ENSG00000237278	0	1	23
ENSG00000285062	0	0	0
ENSG00000233432	0	0	0
ENSG00000227700	0	0	0
ENSG00000229911	0	0	0
ENSG00000143520	2	2	0
ENSG00000171943	178	88	97
ENSG00000270719	3	3	0
ENSG00000155761	8	20	19
ENSG00000230806	0	0	0
ENSG00000116830	272	103	169
ENSG00000234422	0	0	0
ENSG00000227056	0	0	0
ENSG00000143614	980	451	529
ENSG00000227091	0	0	0
ENSG00000169418	1342	690	653
ENSG00000214204	0	0	0
ENSG00000081026	299	121	178
ENSG00000225650	0	0	0
ENSG00000227179	0	0	0
ENSG00000224965	16	6	10
ENSG00000228127	0	0	0
ENSG00000226984	0	0	0
ENSG00000186150	3	0	3
ENSG00000143554	1790	942	848
ENSG00000143458	962	485	477
ENSG00000230932	0	0	0
ENSG00000073754	4	3	1
ENSG00000228826	2	0	2
ENSG00000233907	0	0	0
ENSG00000225036	0	0	0
ENSG00000228420	0	0	0
ENSG00000233839	0	0	0
ENSG00000250890	0	0	0
ENSG00000232240	0	0	0
ENSG00000280649	57	30	39
ENSG00000131781	121	52	79
ENSG00000223599	10	5	5
ENSG00000230921	0	0	0
ENSG00000286151	2	2	0
ENSG00000234388	0	0	0
ENSG00000235015	0	0	0
ENSG00000271736	0	0	0
ENSG00000235988	0	0	0
ENSG00000233717	4	4	0
ENSG00000231551	124	58	66
ENSG00000227295	0	0	0
ENSG00000163155	218	112	114
ENSG00000243613	0	38	46
ENSG00000241975	15	11	4
ENSG00000271143	0	0	0
ENSG00000270976	0	0	0
ENSG00000228217	2	0	2
ENSG00000270342	0	0	0
ENSG00000143552	70	28	42
ENSG00000175984	148	69	79
ENSG00000231100	0	0	0
ENSG00000116824	608	290	318
ENSG00000235887	0	0	0
ENSG00000237460	0	0	0
ENSG00000236327	0	0	0
ENSG00000223804	32	13	19
ENSG00000236887	0	0	0
ENSG00000024526	40	24	16
ENSG00000236480	1	0	1
ENSG00000235756	0	0	0
ENSG00000173810	0	0	0
ENSG00000235005	0	0	0
ENSG00000271890	7	7	0
ENSG00000238107	0	0	0
ENSG00000227425	0	0	0
ENSG00000233222	0	12	14
ENSG00000225279	0	0	0
ENSG00000229101	1	1	0
ENSG00000224927	1	0	1
ENSG00000239216	0	0	0
ENSG00000283360	1	1	0
ENSG00000117262	117	44	73
ENSG00000227907	0	0	0
ENSG00000143624	4156	2182	2147
ENSG00000227970	0	0	0
ENSG00000261055	22	6	16
ENSG00000231613	5	0	5
ENSG00000137947	746	368	378
ENSG00000236689	0	0	0
ENSG00000233589	0	0	0
ENSG00000117586	52	34	18
ENSG00000230946	4	4	0
ENSG00000226028	0	0	0
ENSG00000162728	2	1	1
ENSG00000229021	4	4	0
ENSG00000203825	0	0	0
ENSG00000184371	3419	1689	1730
ENSG00000233449	0	0	0
ENSG00000242943	0	0	0
ENSG00000233203	0	0	0
ENSG00000232499	1	1	0
ENSG00000232265	0	0	1
ENSG00000163154	266	149	125
ENSG00000232995	15	2	13
ENSG00000236957	0	0	0
ENSG00000238087	0	0	0
ENSG00000227777	0	0	0
ENSG00000177173	13	6	7
ENSG00000277406	15	4	11
ENSG00000238022	0	0	0
ENSG00000231671	0	0	0
ENSG00000162729	1195	597	598
ENSG00000143158	730	609	599
ENSG00000271092	1	0	1
ENSG00000238118	0	0	0
ENSG00000276118	0	0	0
ENSG00000232148	0	0	0
ENSG00000278811	6	9	17
ENSG00000000460	82	149	133
ENSG00000188859	91	52	43
ENSG00000275075	0	0	0
ENSG00000135862	8862	4450	4412
ENSG00000232952	0	0	0
ENSG00000158473	858	395	463
ENSG00000227722	0	0	0
ENSG00000285922	6	0	6
ENSG00000275801	0	0	0
ENSG00000143198	2225	1036	1189
ENSG00000143318	61	25	36
ENSG00000232188	0	0	0
ENSG00000232212	0	0	0
ENSG00000143621	2720	1390	1342
ENSG00000241042	0	0	0
ENSG00000143155	792	358	434
ENSG00000260322	0	0	0
ENSG00000223495	0	0	0
ENSG00000143156	213	176	154
ENSG00000198771	1643	888	801
ENSG00000225462	1	0	1
ENSG00000237756	0	0	0
ENSG00000116147	3	2	1
ENSG00000213064	1823	1057	871
ENSG00000203307	3	0	3
ENSG00000143179	419	264	236
ENSG00000271187	0	0	0
ENSG00000274562	0	0	0
ENSG00000143315	232	133	99
ENSG00000116199	1197	612	585
ENSG00000231175	0	0	0
ENSG00000143185	12	8	4
ENSG00000235145	0	0	0
ENSG00000116260	12593	6204	6389
ENSG00000272931	0	0	0
ENSG00000143190	436	266	224
ENSG00000225475	0	0	0
ENSG00000230898	0	0	0
ENSG00000232223	0	0	0
ENSG00000224698	0	0	0
ENSG00000287697	11	3	20
ENSG00000075945	664	311	371
ENSG00000235303	0	0	0
ENSG00000234810	5	5	0
ENSG00000232750	1	1	0
ENSG00000224468	34	4	30
ENSG00000235628	0	0	0
ENSG00000232551	0	0	0
ENSG00000092607	65	39	26
ENSG00000238270	0	0	0
ENSG00000285894	0	0	0
ENSG00000236025	0	0	0
ENSG00000230687	0	0	0
ENSG00000230704	2	2	0
ENSG00000283255	0	0	0
ENSG00000227741	13	129	288
ENSG00000237049	0	0	0
ENSG00000286754	0	0	0
ENSG00000232751	0	0	0
ENSG00000236364	10	36	36
ENSG00000117091	733	734	792
ENSG00000235378	0	0	0
ENSG00000143171	280	112	168
ENSG00000275767	0	0	0
ENSG00000224718	0	0	0
ENSG00000047410	2563	1437	1420
ENSG00000231992	0	0	0
ENSG00000018625	2131	1020	1111
ENSG00000171806	124	84	55
ENSG00000287919	3	3	0
ENSG00000229914	0	0	0
ENSG00000233882	0	0	0
ENSG00000198358	0	4	0
ENSG00000229407	8	3	7
ENSG00000134216	0	0	0
ENSG00000230748	0	0	0
ENSG00000254154	12	11	1
ENSG00000162694	546	312	288
ENSG00000238108	0	0	0
ENSG00000214262	0	44	61
ENSG00000183853	2624	1275	1349
ENSG00000215835	1	0	1
ENSG00000118197	637	290	347
ENSG00000135842	2739	1380	1359
ENSG00000229258	0	0	1
ENSG00000287472	0	0	0
ENSG00000241318	0	0	0
ENSG00000228238	4	0	4
ENSG00000232393	0	0	0
ENSG00000121454	15	23	22
ENSG00000184155	0	0	0
ENSG00000058085	75	32	43
ENSG00000260088	8	6	2
ENSG00000287978	36	18	18
ENSG00000116815	511	262	249
ENSG00000232917	0	0	0
ENSG00000233057	0	0	0
ENSG00000237131	0	0	0
ENSG00000233946	0	0	0
ENSG00000143167	57	24	33
ENSG00000143184	4	2	2
ENSG00000231966	0	0	0
ENSG00000176320	0	0	0
ENSG00000260976	0	0	0
ENSG00000235215	0	0	0
ENSG00000223450	0	0	0
ENSG00000224691	0	0	0
ENSG00000286572	0	0	0
ENSG00000235101	4	0	4
ENSG00000228215	0	0	0
ENSG00000177807	2	1	1
ENSG00000233626	0	0	0
ENSG00000233691	3	0	3
ENSG00000283518	0	0	0
ENSG00000271527	0	0	0
ENSG00000143228	51	25	26
ENSG00000235827	1	0	1
ENSG00000231615	9	9	0
ENSG00000231714	0	0	0
ENSG00000174514	163	95	93
ENSG00000143178	221	120	101
ENSG00000224837	0	0	0
ENSG00000116833	429	224	205
ENSG00000227740	34	8	26
ENSG00000260990	0	0	0
ENSG00000000457	373	274	284
ENSG00000143507	594	316	278
ENSG00000285638	0	0	0
ENSG00000226520	1	0	1
ENSG00000284592	0	0	0
ENSG00000230987	0	0	0
ENSG00000232527	0	0	0
ENSG00000215833	0	0	0
ENSG00000228167	0	0	0
ENSG00000225325	0	0	0
ENSG00000223344	0	0	0
ENSG00000228191	0	0	0
ENSG00000229961	4	0	4
ENSG00000150732	0	0	0
ENSG00000157064	92	60	48
ENSG00000288139	0	0	0
ENSG00000226015	21	8	13
ENSG00000215808	2	0	2
ENSG00000059588	1079	580	499
ENSG00000231512	0	0	0
ENSG00000237379	2	2	0
ENSG00000232959	0	15	3
ENSG00000122224	282	151	131
ENSG00000162782	3	0	3
ENSG00000238051	0	0	0
ENSG00000233196	17	15	2
ENSG00000229220	0	0	0
ENSG00000143653	1237	646	591
ENSG00000135837	1170	598	572
ENSG00000158711	1104	577	555
ENSG00000227747	0	0	0
ENSG00000228081	0	0	0
ENSG00000228020	0	0	0
ENSG00000234975	108	72	36
ENSG00000162851	269	138	131
ENSG00000271427	4	0	4
ENSG00000261817	0	0	0
ENSG00000143353	264	161	133
ENSG00000197965	2254	1107	1147
ENSG00000143493	339	148	191
ENSG00000230777	0	0	0
ENSG00000179397	62	35	27
ENSG00000224540	0	0	0
ENSG00000117592	3343	1673	1670
ENSG00000186197	30	10	20
ENSG00000229067	0	0	0
ENSG00000230231	0	0	0
ENSG00000227711	4	1	3
ENSG00000261182	0	0	0
ENSG00000228879	0	0	0
ENSG00000227925	0	0	0
ENSG00000162670	3	3	0
ENSG00000225712	0	0	0
ENSG00000162761	5	2	3
ENSG00000143199	7	0	7
ENSG00000179930	0	0	0
ENSG00000007908	2194	1057	1137
ENSG00000092978	305	158	147
ENSG00000143499	468	209	259
ENSG00000188404	2949	1410	1539
ENSG00000227735	0	0	0
ENSG00000243062	0	0	0
ENSG00000143196	577	232	345
ENSG00000228504	0	0	0
ENSG00000274702	0	0	0
ENSG00000226211	0	0	0
ENSG00000236942	5	5	3
ENSG00000287205	0	0	0
ENSG00000203697	37	27	10
ENSG00000116574	667	297	370
ENSG00000287929	0	9	7
ENSG00000186283	2091	1091	1000
ENSG00000224896	0	0	0
ENSG00000226292	0	0	0
ENSG00000121481	373	158	215
ENSG00000227940	0	0	0
ENSG00000117139	1344	636	708
ENSG00000143248	44290	21618	22672
ENSG00000278455	0	0	0
ENSG00000224810	0	0	0
ENSG00000162814	7	10	0
ENSG00000225172	0	0	0
ENSG00000261642	1	0	1
ENSG00000228239	0	0	0
ENSG00000237283	0	0	0
ENSG00000116132	157	74	83
ENSG00000238042	2	2	0
ENSG00000271475	0	0	0
ENSG00000231877	0	0	0
ENSG00000116679	3531	1776	1755
ENSG00000228536	0	0	0
ENSG00000230550	7	8	15
ENSG00000229242	0	0	0
ENSG00000253326	2	2	0
ENSG00000228470	0	0	0
ENSG00000152092	25	5	20
ENSG00000234984	0	0	0
ENSG00000231648	2	2	0
ENSG00000229983	5	2	3
ENSG00000215149	3	0	3
ENSG00000225122	0	0	0
ENSG00000225920	1	1	0
ENSG00000143476	87	57	30
ENSG00000121486	543	253	290
ENSG00000228437	0	0	0
ENSG00000214837	3	2	1
ENSG00000057252	972	475	497
ENSG00000225982	0	0	0
ENSG00000285718	0	0	0
ENSG00000234070	0	0	3
ENSG00000233620	0	0	0
ENSG00000237783	0	0	0
ENSG00000272906	2	42	52
ENSG00000233018	0	0	0
ENSG00000123685	208	118	90
ENSG00000224783	0	0	0
ENSG00000162852	998	461	537
ENSG00000232792	6	0	6
ENSG00000273004	30	20	10
ENSG00000143842	1965	1040	925
ENSG00000268062	1	0	1
ENSG00000237409	0	0	0
ENSG00000116962	8542	4157	4385
ENSG00000288078	0	0	0
ENSG00000271399	0	0	0
ENSG00000229757	0	0	0
ENSG00000232679	0	0	0
ENSG00000159388	19909	9682	10227
ENSG00000220749	4	0	4
ENSG00000181450	194	92	102
ENSG00000223519	26	94	107
ENSG00000120333	632	315	333
ENSG00000286285	4	3	1
ENSG00000225300	7	5	2
ENSG00000223842	0	0	0
ENSG00000162753	4	0	4
ENSG00000228247	0	0	0
ENSG00000231424	3	3	0
ENSG00000143355	4	0	4
ENSG00000287177	0	0	0
ENSG00000237193	0	0	0
ENSG00000223490	0	0	0
ENSG00000121644	909	450	459
ENSG00000174502	6	2	4
ENSG00000224286	0	0	0
ENSG00000158715	444	235	209
ENSG00000143195	17	4	13
ENSG00000162849	73	38	35
ENSG00000232824	1	1	0
ENSG00000273416	9	1	8
ENSG00000234142	1	0	1
ENSG00000282111	0	0	0
ENSG00000233410	0	0	0
ENSG00000067533	301	178	123
ENSG00000228955	7	0	7
ENSG00000270443	0	0	0
ENSG00000116209	6964	3499	3465
ENSG00000224702	0	0	0
ENSG00000271811	1	1	0
ENSG00000224278	0	0	0
ENSG00000235492	0	0	0
ENSG00000287808	16	7	23
ENSG00000271588	0	0	0
ENSG00000229840	0	0	0
ENSG00000116161	1172	603	597
ENSG00000226486	0	0	0
ENSG00000227687	0	0	0
ENSG00000231814	0	0	0
ENSG00000286210	0	0	0
ENSG00000287364	0	0	0
ENSG00000225063	0	0	0
ENSG00000260698	44	28	16
ENSG00000277007	10	4	6
ENSG00000229016	0	0	0
ENSG00000077157	6808	3558	3287
ENSG00000152104	787	370	421
ENSG00000236975	0	0	0
ENSG00000215834	0	0	0
ENSG00000286541	0	0	0
ENSG00000117650	22	12	10
ENSG00000235021	1	0	1
ENSG00000203724	15	6	9
ENSG00000225006	0	0	0
ENSG00000287633	0	0	0
ENSG00000158764	66	41	29
ENSG00000223375	0	0	0
ENSG00000230714	0	0	0
ENSG00000261065	0	42	37
ENSG00000260855	68	32	36
ENSG00000188783	2853	1369	1484
ENSG00000236206	7	1	6
ENSG00000168118	871	469	462
ENSG00000181101	5	5	0
ENSG00000173726	2740	1432	1308
ENSG00000282852	2	2	0
ENSG00000152382	206	99	107
ENSG00000143839	0	0	0
ENSG00000232100	0	0	0
ENSG00000261024	2	2	0
ENSG00000230547	0	0	0
ENSG00000229703	0	0	0
ENSG00000176754	2	0	2
ENSG00000232309	0	0	0
ENSG00000227953	211	189	197
ENSG00000232215	0	0	0
ENSG00000135829	2967	1406	1575
ENSG00000228289	15	12	3
ENSG00000134717	703	369	334
ENSG00000232989	0	0	0
ENSG00000233537	0	0	0
ENSG00000116668	273	131	142
ENSG00000143756	600	291	309
ENSG00000278180	0	0	0
ENSG00000143702	474	278	213
ENSG00000232341	0	0	0
ENSG00000287676	3	3	0
ENSG00000236792	0	0	0
ENSG00000143207	1182	627	555
ENSG00000270859	0	0	0
ENSG00000238224	0	0	0
ENSG00000286775	0	0	0
ENSG00000122176	1426	702	724
ENSG00000229120	0	0	0
ENSG00000237492	0	0	0
ENSG00000230404	0	0	0
ENSG00000213036	1	1	0
ENSG00000227230	7	7	12
ENSG00000236230	2	0	2
ENSG00000026751	3097	1526	1571
ENSG00000150681	345	184	206
ENSG00000116906	1319	677	643
ENSG00000092969	62	48	18
ENSG00000157181	576	313	263
ENSG00000250762	0	0	0
ENSG00000236720	0	0	0
ENSG00000227421	0	0	0
ENSG00000227240	0	0	0
ENSG00000076258	117	60	57
ENSG00000286073	0	0	0
ENSG00000231084	23	15	8
ENSG00000232085	0	0	5
ENSG00000117697	656	322	334
ENSG00000279333	0	40	38
ENSG00000235083	0	0	0
ENSG00000162669	86	33	53
ENSG00000197067	0	0	0
ENSG00000229652	0	0	0
ENSG00000132681	20	5	15
ENSG00000225904	0	0	0
ENSG00000270920	0	0	0
ENSG00000281664	0	0	0
ENSG00000143641	1986	1555	1518
ENSG00000227630	10	5	5
ENSG00000228830	0	1207	1099
ENSG00000010932	13	7	6
ENSG00000282849	2	0	2
ENSG00000276520	0	0	0
ENSG00000226640	0	0	0
ENSG00000010072	227	136	127
ENSG00000135766	222	119	103
ENSG00000232626	9	3	6
ENSG00000232096	0	0	0
ENSG00000279261	1	0	1
ENSG00000213051	7	5	2
ENSG00000238054	0	0	0
ENSG00000163534	119	67	52
ENSG00000168243	117	58	61
ENSG00000281453	0	0	0
ENSG00000237469	0	0	0
ENSG00000224939	4	4	0
ENSG00000227613	0	0	0
ENSG00000116183	25	19	6
ENSG00000270106	2	0	2
ENSG00000232194	0	0	0
ENSG00000235152	0	0	0
ENSG00000231612	0	0	0
ENSG00000237980	8	7	1
ENSG00000271036	0	0	0
ENSG00000230849	1	1	0
ENSG00000170382	497	276	221
ENSG00000228664	0	0	0
ENSG00000226868	0	0	0
ENSG00000279401	0	0	0
ENSG00000272362	0	0	0
ENSG00000287450	0	0	0
ENSG00000237011	0	0	0
ENSG00000233583	0	0	0
ENSG00000066027	2334	1148	1186
ENSG00000286263	0	0	0
ENSG00000227006	6	1	5
ENSG00000236372	0	0	0
ENSG00000224525	0	0	0
ENSG00000188770	0	0	0
ENSG00000173728	3	0	3
ENSG00000094975	809	385	424
ENSG00000225811	0	0	0
ENSG00000273093	0	0	0
ENSG00000162772	7880	3809	4071
ENSG00000227818	1	0	1
ENSG00000135828	599	321	278
ENSG00000224227	0	0	0
ENSG00000286398	0	0	0
ENSG00000076356	1382	681	701
ENSG00000215819	0	0	4
ENSG00000185523	0	0	0
ENSG00000236108	0	0	0
ENSG00000116711	299	139	160
ENSG00000231684	1	0	1
ENSG00000226750	0	0	0
ENSG00000285665	6	5	1
ENSG00000231022	0	0	0
ENSG00000224436	0	0	0
ENSG00000228208	0	0	0
ENSG00000273384	7	0	7
ENSG00000238061	2	2	0
ENSG00000234915	0	0	5
ENSG00000143845	168	125	138
ENSG00000235862	22	292	272
ENSG00000069812	9	9	0
ENSG00000227585	0	0	0
ENSG00000157060	0	0	0
ENSG00000237213	0	0	0
ENSG00000236439	2	1	1
ENSG00000224260	0	0	0
ENSG00000213045	0	0	0
ENSG00000287220	0	0	0
ENSG00000230063	0	5	0
ENSG00000235467	0	0	0
ENSG00000123684	1266	695	572
ENSG00000117707	113	61	60
ENSG00000228044	1	1	0
ENSG00000225338	2	0	2
ENSG00000224407	0	505	582
ENSG00000232463	0	0	0
ENSG00000237457	0	0	0
ENSG00000225171	15	4	11
ENSG00000226843	0	0	0
ENSG00000235386	0	0	0
ENSG00000123836	278	145	145
ENSG00000213690	0	0	0
ENSG00000223982	0	0	0
ENSG00000229832	0	0	0
ENSG00000117691	1529	758	771
ENSG00000225233	0	0	0
ENSG00000274895	0	0	0
ENSG00000237514	0	0	0
ENSG00000287856	0	0	0
ENSG00000228067	0	0	0
ENSG00000284299	0	0	0
ENSG00000226375	0	0	0
ENSG00000203705	299	141	158
ENSG00000224040	0	0	0
ENSG00000228686	10	8	2
ENSG00000279838	36	21	15
ENSG00000174175	2834	1495	1339
ENSG00000236401	0	0	0
ENSG00000241475	0	0	0
ENSG00000215800	0	0	0
ENSG00000286421	0	0	0
ENSG00000270936	0	0	0
ENSG00000008118	7	3	4
ENSG00000171161	763	382	381
ENSG00000241505	0	0	0
ENSG00000224535	0	0	0
ENSG00000282097	1	1	0
ENSG00000261453	1	1	0
ENSG00000231020	0	0	0
ENSG00000270818	0	0	0
ENSG00000196878	167	99	68
ENSG00000133059	731	414	317
ENSG00000225561	0	0	0
ENSG00000224668	0	0	0
ENSG00000242529	0	0	0
ENSG00000074964	1179	604	575
ENSG00000223847	0	0	0
ENSG00000277704	0	0	0
ENSG00000116918	560	277	296
ENSG00000274020	47	43	24
ENSG00000287445	6	3	3
ENSG00000259815	0	0	0
ENSG00000240963	0	0	0
ENSG00000226570	0	0	0
ENSG00000198929	27	12	15
ENSG00000272167	0	0	0
ENSG00000230628	0	0	0
ENSG00000162771	27	285	284
ENSG00000227579	0	0	0
ENSG00000176393	1540	1005	883
ENSG00000174606	769	438	331
ENSG00000179914	70	35	35
ENSG00000235750	1589	751	838
ENSG00000284376	0	0	0
ENSG00000121446	4	4	0
ENSG00000226758	1	0	1
ENSG00000230199	0	0	0
ENSG00000236905	0	0	0
ENSG00000233304	7	7	1
ENSG00000288007	4	1	4
ENSG00000227887	5	0	5
ENSG00000116903	325	158	203
ENSG00000228255	0	0	0
ENSG00000226196	0	0	0
ENSG00000287354	6	3	7
ENSG00000233827	0	0	0
ENSG00000198797	0	0	0
ENSG00000271746	0	10	12
ENSG00000234233	11	11	0
ENSG00000151414	1349	674	675
ENSG00000177614	64	32	32
ENSG00000223794	0	0	0
ENSG00000235182	0	0	0
ENSG00000213041	1	0	1
ENSG00000287157	0	0	0
ENSG00000233920	0	0	0
ENSG00000183831	0	0	0
ENSG00000225755	0	0	0
ENSG00000143858	43	39	41
ENSG00000197472	1	0	1
ENSG00000230184	0	0	0
ENSG00000234004	0	0	0
ENSG00000232436	0	0	0
ENSG00000231718	0	0	0
ENSG00000283952	0	0	0
ENSG00000230019	0	0	0
ENSG00000136643	584	318	266
ENSG00000232537	0	0	0
ENSG00000226036	0	0	0
ENSG00000285521	4	0	4
ENSG00000236317	0	0	0
ENSG00000176855	0	0	0
ENSG00000227728	0	0	0
ENSG00000133069	190	96	94
ENSG00000162877	28	12	16
ENSG00000233461	54	25	29
ENSG00000225401	2	2	0
ENSG00000228190	0	0	0
ENSG00000135747	0	0	0
ENSG00000227237	0	0	0
ENSG00000069248	931	465	466
ENSG00000232812	0	0	0
ENSG00000231666	12	3	9
ENSG00000226986	0	0	0
ENSG00000242042	0	0	0
ENSG00000234464	0	0	0
ENSG00000253148	0	0	0
ENSG00000227751	0	291	234
ENSG00000090104	10045	4910	5135
ENSG00000285280	41	48	38
ENSG00000232892	5	3	2
ENSG00000236950	0	0	0
ENSG00000236468	0	0	0
ENSG00000143322	1237	551	686
ENSG00000185220	207	103	104
ENSG00000226003	0	0	0
ENSG00000230813	0	0	0
ENSG00000226862	18	5	13
ENSG00000236101	0	0	0
ENSG00000162769	206	95	111
ENSG00000133065	906	464	442
ENSG00000278684	0	0	0
ENSG00000236775	0	0	0
ENSG00000042781	0	0	0
ENSG00000234754	0	0	0
ENSG00000233084	1	1	0
ENSG00000227815	2	0	2
ENSG00000287046	19	7	12
ENSG00000223774	27	676	657
ENSG00000228863	49	439	403
ENSG00000228646	0	0	0
ENSG00000229112	0	0	0
ENSG00000233332	0	0	0
ENSG00000231984	0	0	0
ENSG00000286213	0	0	0
ENSG00000226876	1	1	0
ENSG00000277462	47	19	28
ENSG00000225591	0	0	0
ENSG00000035687	955	466	489
ENSG00000213080	0	0	0
ENSG00000180287	0	0	0
ENSG00000226693	0	0	0
ENSG00000234678	90	193	249
ENSG00000231272	0	0	0
ENSG00000223828	1	1	0
ENSG00000163431	6002	3647	3663
ENSG00000230124	843	424	449
ENSG00000226723	0	0	0
ENSG00000272672	2	2	0
ENSG00000143473	36	52	62
ENSG00000228982	0	0	0
ENSG00000235096	0	0	0
ENSG00000237250	0	0	0
ENSG00000007341	349	434	467
ENSG00000286747	15	8	7
ENSG00000236069	1	1	0
ENSG00000236244	0	0	0
ENSG00000272865	2	2	0
ENSG00000117222	453	198	255
ENSG00000143324	565	270	295
ENSG00000229871	0	0	0
ENSG00000225222	0	0	0
ENSG00000118193	10	4	6
ENSG00000234116	0	0	0
ENSG00000231940	2	2	0
ENSG00000198842	1	1	0
ENSG00000286619	232	93	139
ENSG00000198756	58	24	34
ENSG00000259823	1	1	0
ENSG00000271558	0	0	0
ENSG00000227554	0	0	0
ENSG00000178596	0	0	0
ENSG00000135749	164	113	116
ENSG00000143786	54	19	41
ENSG00000224584	0	0	0
ENSG00000054282	623	386	414
ENSG00000183780	3	0	3
ENSG00000229663	3	0	3
ENSG00000162702	391	221	170
ENSG00000251508	0	0	0
ENSG00000238272	2	0	2
ENSG00000228530	0	0	0
ENSG00000235060	3	0	3
ENSG00000143194	0	0	0
ENSG00000229531	0	0	0
ENSG00000271329	6	0	6
ENSG00000054267	1268	634	644
ENSG00000261831	3	0	3
ENSG00000287921	0	0	0
ENSG00000177800	0	0	0
ENSG00000225620	0	0	0
ENSG00000232166	0	0	0
ENSG00000175137	1018	509	509
ENSG00000134245	2039	1376	1205
ENSG00000234041	0	0	0
ENSG00000227373	9	3	6
ENSG00000231905	0	0	0
ENSG00000228175	15	10	5
ENSG00000069275	4273	2182	2091
ENSG00000143674	42	23	19
ENSG00000237317	6	0	6
ENSG00000187889	0	0	0
ENSG00000134375	886	451	435
ENSG00000097046	162	85	77
ENSG00000232113	0	0	0
ENSG00000282718	0	0	0
ENSG00000231378	0	0	0
ENSG00000235605	0	0	0
ENSG00000223525	0	0	0
ENSG00000224857	1	0	1
ENSG00000273367	0	0	0
ENSG00000230604	3	3	0
ENSG00000231605	0	0	0
ENSG00000236358	0	0	0
ENSG00000203737	4	4	0
ENSG00000238003	0	0	0
ENSG00000215873	0	0	0
ENSG00000287008	0	0	0
ENSG00000185420	293	185	108
ENSG00000076321	464	182	282
ENSG00000272175	2	0	4
ENSG00000231564	0	0	0
ENSG00000135778	914	516	463
ENSG00000213070	0	0	0
ENSG00000282265	0	0	0
ENSG00000250536	0	0	0
ENSG00000229747	0	0	0
ENSG00000117280	867	431	436
ENSG00000233985	0	0	0
ENSG00000232175	3	2	1
ENSG00000287423	0	0	0
ENSG00000286774	0	0	0
ENSG00000236719	0	0	0
ENSG00000136636	1296	586	710
ENSG00000225486	0	0	0
ENSG00000227043	0	0	0
ENSG00000163874	1351	703	648
ENSG00000285777	0	0	0
ENSG00000237249	0	0	0
ENSG00000286109	0	0	0
ENSG00000213068	0	0	0
ENSG00000054392	181	100	85
ENSG00000227994	0	0	0
ENSG00000286552	0	0	0
ENSG00000225711	3	0	3
ENSG00000122223	202	95	107
ENSG00000235869	0	0	0
ENSG00000188739	42	21	21
ENSG00000286666	0	0	0
ENSG00000135750	37	8	29
ENSG00000273198	0	0	0
ENSG00000203730	0	0	0
ENSG00000225719	0	0	0
ENSG00000273483	15	3	12
ENSG00000287987	0	0	1
ENSG00000203729	0	0	0
ENSG00000232809	0	0	0
ENSG00000284623	3	3	0
ENSG00000285981	0	0	0
ENSG00000261729	0	0	0
ENSG00000223869	0	0	0
ENSG00000229228	31	9	22
ENSG00000215796	3	0	3
ENSG00000185221	0	0	0
ENSG00000233047	0	0	0
ENSG00000143341	276	153	123
ENSG00000228309	0	0	0
ENSG00000229739	47	30	17
ENSG00000116703	0	0	0
ENSG00000273874	0	0	0
ENSG00000278791	0	11	24
ENSG00000278757	0	0	0
ENSG00000264341	0	0	0
ENSG00000264101	0	0	0
ENSG00000265141	0	0	0
ENSG00000221083	0	0	0
ENSG00000252404	0	0	0
ENSG00000222511	0	0	0
ENSG00000265392	0	0	0
ENSG00000243267	0	0	0
ENSG00000201725	0	0	0
ENSG00000274258	0	0	0
ENSG00000239149	0	0	0
ENSG00000252151	0	0	0
ENSG00000252969	0	0	0
ENSG00000252417	0	0	0
ENSG00000200975	0	0	0
ENSG00000201609	0	0	0
ENSG00000238482	2	0	2
ENSG00000252956	0	0	0
ENSG00000265606	0	0	0
ENSG00000284357	0	0	0
ENSG00000278034	0	0	0
ENSG00000207237	0	0	0
ENSG00000222784	0	0	0
ENSG00000266210	0	0	0
ENSG00000265961	0	0	0
ENSG00000251866	0	0	0
ENSG00000252691	0	0	0
ENSG00000264371	0	0	0
ENSG00000253005	0	0	0
ENSG00000238316	0	0	0
ENSG00000207941	0	0	0
ENSG00000264773	14	9	5
ENSG00000252448	4	0	4
ENSG00000200421	0	0	0
ENSG00000222282	0	0	0
ENSG00000199963	0	0	0
ENSG00000264698	0	0	0
ENSG00000207328	0	0	0
ENSG00000207466	0	0	0
ENSG00000252368	0	0	0
ENSG00000206779	0	0	0
ENSG00000265596	0	0	0
ENSG00000212541	2	0	2
ENSG00000200796	0	0	0
ENSG00000252190	0	0	0
ENSG00000264613	0	0	0
ENSG00000199240	0	0	0
ENSG00000277168	0	0	0
ENSG00000283724	0	0	0
ENSG00000284410	0	0	0
ENSG00000252018	0	0	0
ENSG00000206627	2	2	0
ENSG00000283414	0	0	0
ENSG00000207508	2	0	2
ENSG00000200171	0	0	0
ENSG00000207194	0	0	0
ENSG00000283477	0	0	0
ENSG00000264834	0	0	0
ENSG00000263675	2	0	2
ENSG00000266188	0	0	0
ENSG00000206981	0	0	0
ENSG00000200174	0	0	0
ENSG00000265822	0	0	0
ENSG00000265815	0	0	0
ENSG00000238653	0	0	0
ENSG00000212624	3	0	3
ENSG00000200575	0	0	0
ENSG00000212360	0	0	0
ENSG00000242860	0	0	0
ENSG00000263908	0	0	0
ENSG00000283690	0	0	0
ENSG00000199921	0	0	0
ENSG00000251825	0	0	0
ENSG00000201153	0	0	0
ENSG00000222624	0	0	0
ENSG00000223152	0	0	0
ENSG00000212308	0	0	0
ENSG00000279049	0	9	8
ENSG00000276081	0	0	0
ENSG00000239640	0	0	0
ENSG00000252338	0	0	0
ENSG00000251785	0	0	0
ENSG00000239319	0	0	0
ENSG00000222849	0	0	0
ENSG00000283749	0	0	0
ENSG00000251958	0	0	0
ENSG00000251767	0	0	0
ENSG00000243437	0	0	0
ENSG00000202263	0	0	0
ENSG00000199318	0	0	0
ENSG00000199666	0	0	0
ENSG00000200601	0	0	0
ENSG00000242482	0	0	0
ENSG00000212366	0	0	0
ENSG00000201620	2	0	2
ENSG00000206817	0	0	0
ENSG00000284247	0	0	0
ENSG00000200839	0	0	0
ENSG00000264963	0	0	0
ENSG00000264271	0	0	0
ENSG00000239504	1	0	1
ENSG00000284202	0	0	0
ENSG00000251720	0	0	0
ENSG00000274321	0	0	0
ENSG00000198974	0	0	0
ENSG00000212248	5	0	5
ENSG00000207962	0	0	0
ENSG00000276884	0	0	0
ENSG00000207234	0	0	0
ENSG00000202259	0	0	0
ENSG00000212459	0	0	0
ENSG00000278287	0	0	0
ENSG00000277565	0	0	0
ENSG00000263526	0	0	0
ENSG00000211575	1	0	1
ENSG00000275823	0	0	0
ENSG00000277689	0	0	0
ENSG00000274199	0	0	0
ENSG00000202254	0	0	0
ENSG00000244256	0	0	0
ENSG00000201491	0	0	0
ENSG00000199831	0	0	0
ENSG00000275455	0	0	0
ENSG00000252162	0	0	0
ENSG00000272051	0	0	0
ENSG00000283899	0	0	0
ENSG00000200800	0	0	0
ENSG00000207502	0	0	0
ENSG00000252530	0	0	0
ENSG00000200536	0	0	0
ENSG00000211543	0	0	0
ENSG00000252797	0	0	0
ENSG00000212266	0	0	0
ENSG00000222209	0	0	0
ENSG00000277141	0	0	0
ENSG00000215930	0	0	0
ENSG00000238761	0	0	0
ENSG00000201114	0	0	0
ENSG00000206679	0	0	0
ENSG00000264419	0	0	0
ENSG00000222069	0	0	0
ENSG00000274428	3	0	3
ENSG00000199879	0	0	0
ENSG00000274408	0	0	0
ENSG00000283676	4	3	1
ENSG00000252005	0	0	0
ENSG00000252510	0	0	0
ENSG00000207340	3	0	3
ENSG00000252830	0	0	0
ENSG00000274450	0	0	0
ENSG00000252135	0	0	0
ENSG00000278596	1	1	0
ENSG00000238825	5	5	0
ENSG00000201183	9	9	0
ENSG00000202408	0	1	0
ENSG00000252744	0	0	0
ENSG00000273768	0	0	0
ENSG00000242565	0	0	0
ENSG00000239984	0	0	0
ENSG00000283296	1	1	0
ENSG00000252717	0	0	0
ENSG00000194297	0	0	0
ENSG00000199565	0	0	0
ENSG00000277313	0	0	0
ENSG00000274940	1	1	1
ENSG00000207341	0	0	0
ENSG00000207472	0	0	0
ENSG00000206880	0	0	0
ENSG00000252552	6	0	6
ENSG00000199849	0	0	0
ENSG00000252407	0	0	0
ENSG00000212538	0	0	0
ENSG00000251813	0	0	0
ENSG00000207108	0	0	0
ENSG00000201312	0	0	0
ENSG00000207039	0	0	0
ENSG00000202491	0	0	0
ENSG00000201596	0	0	0
ENSG00000276839	0	0	0
ENSG00000207974	0	0	0
ENSG00000273629	0	0	0
ENSG00000201493	0	0	0
ENSG00000215952	0	0	0
ENSG00000200139	0	0	0
ENSG00000283575	0	0	0
ENSG00000238765	0	0	0
ENSG00000264916	0	0	0
ENSG00000212338	0	0	0
ENSG00000206659	0	0	0
ENSG00000253025	0	0	0
ENSG00000201619	0	0	0
ENSG00000201544	2	1	1
ENSG00000202498	0	0	0
ENSG00000221545	0	0	0
ENSG00000252906	0	0	0
ENSG00000206692	0	0	0
ENSG00000202329	0	0	0
ENSG00000242794	0	0	0
ENSG00000212144	0	0	0
ENSG00000283340	0	0	0
ENSG00000252860	1	0	1
ENSG00000252501	0	0	0
ENSG00000263390	0	0	0
ENSG00000207181	0	0	0
ENSG00000265744	0	0	0
ENSG00000264377	0	0	0
ENSG00000207149	0	0	0
ENSG00000283936	0	0	0
ENSG00000284485	0	0	0
ENSG00000201638	0	0	0
ENSG00000275213	0	0	0
ENSG00000239494	0	0	0
ENSG00000212230	0	0	0
ENSG00000252371	0	0	0
ENSG00000199442	0	0	0
ENSG00000200033	0	0	0
ENSG00000239690	0	0	0
ENSG00000202184	0	0	0
ENSG00000241395	0	0	0
ENSG00000200982	0	0	0
ENSG00000275207	0	0	0
ENSG00000202300	0	0	0
ENSG00000222407	0	0	0
ENSG00000222986	0	0	0
ENSG00000265435	0	0	0
ENSG00000272262	0	0	0
ENSG00000200495	0	0	0
ENSG00000202609	0	0	0
ENSG00000252553	0	0	0
ENSG00000206764	0	0	0
ENSG00000222240	0	0	0
ENSG00000212187	0	0	0
ENSG00000206637	0	0	0
ENSG00000253097	0	0	0
ENSG00000200036	0	0	0
ENSG00000201421	0	0	0
ENSG00000212610	0	0	0
ENSG00000252484	0	0	0
ENSG00000201944	3	0	3
ENSG00000200327	0	0	0
ENSG00000206905	0	0	0
ENSG00000200972	0	0	0
ENSG00000243051	0	0	0
ENSG00000252011	0	0	0
ENSG00000207326	0	0	0
ENSG00000212205	6	0	6
ENSG00000253042	0	0	0
ENSG00000274121	0	0	0
ENSG00000264358	0	0	0
ENSG00000206640	0	0	0
ENSG00000212527	0	0	0
ENSG00000252879	0	0	0
ENSG00000252612	0	0	0
ENSG00000202264	0	0	0
ENSG00000285609	0	0	0
ENSG00000206762	0	0	0
ENSG00000252084	0	0	0
ENSG00000200085	0	0	0
ENSG00000264500	0	0	0
ENSG00000202025	0	0	0
ENSG00000225545	0	0	0
ENSG00000206990	0	0	0
ENSG00000230175	2	2	0
ENSG00000225272	2	0	2
ENSG00000215838	4	0	4
ENSG00000273365	3	3	0
ENSG00000224358	3	3	0
ENSG00000230659	0	0	0
ENSG00000162545	937	438	499
ENSG00000090432	861	433	428
ENSG00000215520	0	0	0
ENSG00000183114	24	13	11
ENSG00000158825	556	295	261
ENSG00000158828	770	1593	1589
ENSG00000284005	0	0	0
ENSG00000117242	91	1265	1236
ENSG00000234473	5	0	5
ENSG00000238754	0	0	0
ENSG00000134371	880	468	412
ENSG00000221680	0	0	0
ENSG00000162630	98	51	47
ENSG00000276735	0	0	0
ENSG00000232077	4	2	2
ENSG00000229639	0	0	0
ENSG00000287453	0	0	0
ENSG00000270615	0	0	0
ENSG00000287283	0	0	0
ENSG00000240692	0	0	0
ENSG00000229359	0	0	0
ENSG00000237919	4	4	0
ENSG00000066557	313	190	123
ENSG00000244389	0	0	0
ENSG00000228988	0	0	0
ENSG00000118454	606	303	303
ENSG00000226088	4	2	2
ENSG00000116761	81	35	46
ENSG00000278636	0	0	0
ENSG00000271992	0	0	0
ENSG00000233020	0	0	0
ENSG00000237033	0	0	0
ENSG00000226208	0	0	0
ENSG00000007968	224	110	114
ENSG00000235052	4	0	4
ENSG00000117318	8261	4254	4007
ENSG00000285802	8	1	7
ENSG00000229239	0	0	0
ENSG00000142676	19582	9461	10121
ENSG00000057757	1161	545	616
ENSG00000011009	1443	743	700
ENSG00000117308	415	198	217
ENSG00000273844	0	0	0
ENSG00000235748	0	0	0
ENSG00000237861	0	0	0
ENSG00000221879	0	0	0
ENSG00000230260	0	0	0
ENSG00000199241	0	0	0
ENSG00000226919	0	0	0
ENSG00000223963	0	0	0
ENSG00000215802	0	0	0
ENSG00000233615	0	0	0
ENSG00000238085	0	0	0
ENSG00000265831	0	0	0
ENSG00000224348	0	0	0
ENSG00000286496	0	0	0
ENSG00000287516	2	1	1
ENSG00000287738	0	0	0
ENSG00000132703	0	0	0
ENSG00000276632	0	0	0
ENSG00000223603	0	0	0
ENSG00000132693	6	0	6
ENSG00000235226	0	0	0
ENSG00000158716	1806	927	879
ENSG00000181036	56	21	35
ENSG00000158714	77	131	138
ENSG00000212161	0	0	0
ENSG00000243284	3	3	0
ENSG00000272668	119	75	51
ENSG00000213085	67	22	45
ENSG00000266458	0	0	0
ENSG00000287040	3	2	1
ENSG00000279430	24	8	16
ENSG00000162723	0	0	0
ENSG00000273933	0	0	0
ENSG00000256029	2	43	40
ENSG00000188004	0	0	0
ENSG00000266580	0	0	0
ENSG00000254545	2	27	17
ENSG00000203620	0	0	0
ENSG00000269967	7	6	1
ENSG00000228634	15	8	7
ENSG00000284702	0	0	0
ENSG00000221040	0	0	0
ENSG00000287217	0	0	0
ENSG00000163399	1853	3322	3371
ENSG00000212385	0	0	0
ENSG00000233154	7	7	0
ENSG00000230381	0	0	0
ENSG00000200547	0	0	0
ENSG00000224950	32	16	17
ENSG00000286276	0	1	0
ENSG00000177888	332	149	183
ENSG00000243364	120	58	62
ENSG00000251246	0	0	0
ENSG00000143590	26	8	18
ENSG00000202027	0	0	0
ENSG00000169242	1378	654	724
ENSG00000169241	906	405	501
ENSG00000223452	0	0	0
ENSG00000163463	110	65	45
ENSG00000273088	0	0	0
ENSG00000284586	0	0	0
ENSG00000169231	959	826	814
ENSG00000236263	0	22	41
ENSG00000236675	54	33	21
ENSG00000177628	653	391	262
ENSG00000116521	1155	600	555
ENSG00000176444	1953	989	964
ENSG00000143630	167	89	113
ENSG00000143627	2	28	9
ENSG00000253074	0	0	0
ENSG00000252116	0	0	0
ENSG00000228523	2	0	2
ENSG00000223263	3	1	2
ENSG00000207504	0	0	0
ENSG00000238139	0	0	0
ENSG00000197721	0	0	0
ENSG00000244703	1	1	0
ENSG00000226289	0	0	0
ENSG00000285239	0	0	0
ENSG00000234219	1	0	1
ENSG00000174059	5898	2978	2920
ENSG00000285719	5	0	5
ENSG00000284237	44	23	21
ENSG00000158731	0	0	0
ENSG00000201746	2	1	1
ENSG00000264881	8	0	8
ENSG00000199562	0	0	0
ENSG00000264501	0	0	0
ENSG00000284735	25	12	13
ENSG00000284642	50	19	31
ENSG00000142657	2820	1326	1494
ENSG00000271989	0	0	3
ENSG00000251503	1	0	1
ENSG00000175279	22	5	17
ENSG00000160049	1182	646	720
ENSG00000203469	0	47	71
ENSG00000236035	0	0	0
ENSG00000221643	3	3	0
ENSG00000122188	429	236	193
ENSG00000288644	0	0	0
ENSG00000227417	16	12	4
ENSG00000223505	1	0	1
ENSG00000182004	773	424	349
ENSG00000236430	0	0	0
ENSG00000130768	75	81	54
ENSG00000227050	2	31	60
ENSG00000238231	1	1	0
ENSG00000240750	5	1	4
ENSG00000158156	481	259	251
ENSG00000182118	294	178	116
ENSG00000283799	0	0	0
ENSG00000227934	1	0	1
ENSG00000229595	0	0	0
ENSG00000143633	297	155	143
ENSG00000281912	11	11	2
ENSG00000288208	0	0	0
ENSG00000132773	346	212	226
ENSG00000070759	278	148	156
ENSG00000236872	0	0	0
ENSG00000280670	47	33	14
ENSG00000132763	74	1059	721
ENSG00000221953	17	11	6
ENSG00000226164	0	0	0
ENSG00000224014	0	0	0
ENSG00000215795	6	6	0
ENSG00000259865	220	101	119
ENSG00000227671	1225	649	576
ENSG00000283881	0	0	0
ENSG00000252516	2	1	1
ENSG00000232347	1	0	1
ENSG00000214144	0	0	0
ENSG00000235818	0	0	0
ENSG00000197617	0	0	0
ENSG00000202079	3	2	1
ENSG00000286216	11	8	5
ENSG00000203664	2	2	0
ENSG00000169224	85	47	48
ENSG00000236817	0	0	2
ENSG00000177489	0	0	0
ENSG00000177476	1	1	0
ENSG00000283369	0	0	0
ENSG00000230411	1	0	1
ENSG00000251977	0	0	0
ENSG00000252254	0	0	0
ENSG00000227854	0	0	0
ENSG00000287589	3	3	0
ENSG00000259776	0	0	0
ENSG00000233355	123	61	63
ENSG00000234601	0	0	0
ENSG00000231979	0	0	0
ENSG00000215805	0	0	0
ENSG00000287102	0	0	0
ENSG00000217327	0	0	0
ENSG00000228818	9	0	9
ENSG00000202041	0	0	0
ENSG00000223694	0	0	0
ENSG00000233735	0	0	0
ENSG00000133019	279	156	124
ENSG00000162636	868	446	422
ENSG00000162639	276	129	153
ENSG00000285923	9	9	6
ENSG00000134186	2225	1080	1145
ENSG00000143107	2	0	2
ENSG00000232971	0	0	0
ENSG00000116266	1232	617	615
ENSG00000228076	0	0	0
ENSG00000203897	0	0	0
ENSG00000237349	0	0	0
ENSG00000244716	24	9	15
ENSG00000228665	0	0	0
ENSG00000228054	3	2	1
ENSG00000273382	34	26	57
ENSG00000215717	1210	648	611
ENSG00000278249	0	0	0
ENSG00000270066	0	0	0
ENSG00000251484	1	1	0
ENSG00000132676	2024	1005	1067
ENSG00000227673	0	0	0
ENSG00000203761	115	98	57
ENSG00000234937	8	4	4
ENSG00000132718	1602	865	737
ENSG00000283442	0	0	0
ENSG00000143622	1319	673	646
ENSG00000132680	528	269	259
ENSG00000207475	4	2	2
ENSG00000280466	0	0	0
ENSG00000281394	0	0	0
ENSG00000277817	1	1	0
ENSG00000273002	23	11	12
ENSG00000224276	0	0	0
ENSG00000285677	4	384	653
ENSG00000163479	3514	2336	2210
ENSG00000160803	764	358	406
ENSG00000132698	29	10	19
ENSG00000252236	0	0	0
ENSG00000260238	0	0	0
ENSG00000242252	7	4	3
ENSG00000198952	2260	1104	1157
ENSG00000163472	216	404	365
ENSG00000163468	3533	1694	1839
ENSG00000132677	0	0	0
ENSG00000237390	0	0	0
ENSG00000207933	0	0	0
ENSG00000254726	48	28	20
ENSG00000186377	58	22	36
ENSG00000186160	0	0	0
ENSG00000225154	0	0	0
ENSG00000225506	0	0	0
ENSG00000225514	0	0	0
ENSG00000224805	5	6	2
ENSG00000162366	43	28	15
ENSG00000226252	17	38	19
ENSG00000225762	5	3	2
ENSG00000186790	0	0	0
ENSG00000237424	25	15	10
ENSG00000189030	3	0	3
ENSG00000162763	0	0	0
ENSG00000143061	151	71	80
ENSG00000135821	19652	9743	9909
ENSG00000203740	0	0	0
ENSG00000162374	30	23	7
ENSG00000168275	324	186	230
ENSG00000241563	17	14	3
ENSG00000153207	995	482	513
ENSG00000156869	297	110	187
ENSG00000033122	249	111	138
ENSG00000143278	0	0	0
ENSG00000116678	1081	551	530
ENSG00000159352	2830	1443	1387
ENSG00000158710	14077	7173	6904
ENSG00000162734	6048	3041	3411
ENSG00000049239	2894	1500	1394
ENSG00000186564	13	0	13
ENSG00000244038	3405	1716	1689
ENSG00000158747	16215	7872	8344
ENSG00000116690	6	198	102
ENSG00000126091	70	30	41
ENSG00000162383	56	32	27
ENSG00000171163	1757	923	834
ENSG00000172456	139	77	62
ENSG00000162946	379	168	211
ENSG00000158786	0	0	0
ENSG00000118733	30	19	11
ENSG00000157870	587	419	378
ENSG00000179085	676	344	332
ENSG00000173080	29	12	17
ENSG00000183347	9	6	3
ENSG00000276470	0	0	0
ENSG00000278852	0	0	0
ENSG00000275915	0	0	0
ENSG00000120937	2	1	1
ENSG00000224904	0	0	0
ENSG00000285646	164	87	77
ENSG00000199347	0	0	0
ENSG00000201801	16	13	3
ENSG00000116685	1938	959	979
ENSG00000083444	3719	1958	1761
ENSG00000287384	0	0	0
ENSG00000270914	0	0	0
ENSG00000116691	1468	762	706
ENSG00000202461	10	7	3
ENSG00000276869	0	0	0
ENSG00000243539	0	0	0
ENSG00000120949	162	91	71
ENSG00000201135	0	0	0
ENSG00000227875	0	0	0
ENSG00000285604	0	0	0
ENSG00000283789	0	0	0
ENSG00000263676	0	0	0
ENSG00000200591	0	0	0
ENSG00000162521	1359	1251	1176
ENSG00000162520	128	559	637
ENSG00000224409	0	0	0
ENSG00000162522	640	362	278
ENSG00000116497	964	447	542
ENSG00000160097	58	36	22
ENSG00000121905	7	114	97
ENSG00000121900	421	320	305
ENSG00000287691	75	28	48
ENSG00000278966	0	0	0
ENSG00000143222	1877	1126	1149
ENSG00000224985	6	75	329
ENSG00000143224	844	489	457
ENSG00000158850	1814	907	1001
ENSG00000158859	7206	3412	3794
ENSG00000158869	2557	1265	1292
ENSG00000158874	13	8	5
ENSG00000158882	395	272	333
ENSG00000284035	0	0	0
ENSG00000143257	24	152	82
ENSG00000248485	81	32	49
ENSG00000188931	48	21	28
ENSG00000236484	2	2	0
ENSG00000283696	18	12	6
ENSG00000288093	29	12	17
ENSG00000206921	0	0	0
ENSG00000215840	14	5	9
ENSG00000277882	5	5	0
ENSG00000283317	7	5	2
ENSG00000277762	0	0	0
ENSG00000227139	0	0	0
ENSG00000265107	1079	802	728
ENSG00000274415	0	193	258
ENSG00000234190	0	0	0
ENSG00000223728	0	0	0
ENSG00000121634	0	0	0
ENSG00000188092	135	72	63
ENSG00000215859	18	15	9
ENSG00000273059	0	0	6
ENSG00000274372	19	8	11
ENSG00000206791	0	0	0
ENSG00000206585	4	1	3
ENSG00000229828	0	0	0
ENSG00000225080	0	0	0
ENSG00000198658	0	0	0
ENSG00000238382	0	0	0
ENSG00000225919	0	0	0
ENSG00000236497	0	0	0
ENSG00000207190	0	0	0
ENSG00000200508	0	0	0
ENSG00000284928	0	0	0
ENSG00000223949	1	0	1
ENSG00000116688	2479	1275	1204
ENSG00000188800	0	0	0
ENSG00000084073	895	452	443
ENSG00000231296	0	0	0
ENSG00000049089	146	77	69
ENSG00000227311	0	0	0
ENSG00000213172	1	1	0
ENSG00000284677	0	0	0
ENSG00000187801	15	11	4
ENSG00000260920	18	13	5
ENSG00000158887	1580	732	848
ENSG00000255054	0	0	0
ENSG00000228172	11	282	425
ENSG00000117640	1268	729	935
ENSG00000272478	0	0	0
ENSG00000127423	17	7	21
ENSG00000182749	476	298	278
ENSG00000207302	0	0	0
ENSG00000117632	1735	820	915
ENSG00000229786	1	0	1
ENSG00000223624	2	2	0
ENSG00000283938	0	0	0
ENSG00000199385	0	0	0
ENSG00000187147	1434	933	891
ENSG00000263381	0	0	0
ENSG00000126106	160	277	273
ENSG00000198520	231	108	123
ENSG00000199377	46	35	11
ENSG00000200169	19	10	9
ENSG00000142945	44	33	30
ENSG00000142937	28479	15034	15166
ENSG00000264294	0	0	0
ENSG00000200913	12	9	3
ENSG00000202031	0	0	0
ENSG00000207421	0	0	0
ENSG00000281859	0	0	0
ENSG00000234093	10	1	9
ENSG00000142959	20	13	7
ENSG00000173846	2940	1484	1557
ENSG00000117425	374	188	186
ENSG00000202444	0	0	0
ENSG00000226499	0	0	0
ENSG00000070785	482	239	243
ENSG00000253039	0	0	0
ENSG00000229815	0	0	0
ENSG00000232369	0	0	0
ENSG00000268949	2	0	2
ENSG00000126107	1140	606	582
ENSG00000126088	1563	785	826
ENSG00000234315	0	0	0
ENSG00000162408	1023	493	530
ENSG00000229519	2	0	2
ENSG00000173662	17	10	7
ENSG00000204859	1147	595	552
ENSG00000288629	0	0	0
ENSG00000230735	0	2	0
ENSG00000171488	1104	602	504
ENSG00000226394	4	0	4
ENSG00000237200	8	4	4
ENSG00000070886	0	0	0
ENSG00000276835	0	0	0
ENSG00000265422	0	0	0
ENSG00000223776	13	10	38
ENSG00000273058	36	18	18
ENSG00000230325	0	5	4
ENSG00000119285	361	405	409
ENSG00000226498	11	2	9
ENSG00000237991	0	0	0
ENSG00000244020	0	0	0
ENSG00000288099	0	0	0
ENSG00000225886	9	0	9
ENSG00000206767	0	0	0
ENSG00000226662	0	0	0
ENSG00000207095	0	0	0
ENSG00000287244	12	5	7
ENSG00000231344	7	0	7
ENSG00000230833	0	0	0
ENSG00000117758	1273	561	712
ENSG00000269971	30	12	18
ENSG00000270031	6	3	3
ENSG00000223062	0	0	0
ENSG00000286433	4	10	25
ENSG00000117751	781	454	358
ENSG00000252947	0	0	0
ENSG00000130775	3279	1590	1689
ENSG00000117748	970	480	490
ENSG00000223643	0	0	0
ENSG00000230239	0	0	0
ENSG00000263811	0	0	0
ENSG00000277234	0	0	0
ENSG00000235241	0	35	84
ENSG00000207005	2	2	0
ENSG00000272426	20	15	5
ENSG00000117122	297	194	155
ENSG00000286898	0	23	29
ENSG00000226526	0	12	20
ENSG00000159363	959	485	497
ENSG00000117118	1367	635	732
ENSG00000117115	447	207	240
ENSG00000204362	0	0	0
ENSG00000282843	0	0	0
ENSG00000142623	0	0	0
ENSG00000142619	8	2	6
ENSG00000266634	0	0	0
ENSG00000199459	0	0	0
ENSG00000273264	7	3	4
ENSG00000282057	16	4	12
ENSG00000272691	10	5	5
ENSG00000199934	0	0	0
ENSG00000230285	0	0	0
ENSG00000142871	45126	22133	22993
ENSG00000226643	0	0	0
ENSG00000234419	0	0	0
ENSG00000276997	0	0	0
ENSG00000222399	0	0	0
ENSG00000267305	0	0	0
ENSG00000143512	9	2	7
ENSG00000143498	110	51	63
ENSG00000225265	10	3	11
ENSG00000154305	1370	825	822
ENSG00000229399	4	4	0
ENSG00000272750	63	164	176
ENSG00000186063	422	219	222
ENSG00000162819	816	413	422
ENSG00000287684	0	0	0
ENSG00000234523	0	0	0
ENSG00000287338	13	1	12
ENSG00000187554	278	163	115
ENSG00000236846	0	0	0
ENSG00000226601	0	0	0
ENSG00000164010	333	222	248
ENSG00000164011	261	113	148
ENSG00000233708	0	0	0
ENSG00000237090	0	0	0
ENSG00000225099	1	1	0
ENSG00000284138	0	0	0
ENSG00000283973	0	1	0
ENSG00000207256	0	0	0
ENSG00000283136	0	0	0
ENSG00000277513	0	0	0
ENSG00000154309	447	220	227
ENSG00000226967	0	0	0
ENSG00000231407	13	5	18
ENSG00000229570	0	0	0
ENSG00000203857	0	0	0
ENSG00000226443	14	5	9
ENSG00000249798	0	0	0
ENSG00000239873	1	1	0
ENSG00000203855	5	0	5
ENSG00000240244	4	1	3
ENSG00000260941	52	29	23
ENSG00000198857	14	5	9
ENSG00000143067	207	101	106
ENSG00000134240	63	29	34
ENSG00000134193	632	285	347
ENSG00000215864	0	0	0
ENSG00000227205	1	0	1
ENSG00000226446	0	0	0
ENSG00000134249	0	0	0
ENSG00000092621	1136	608	528
ENSG00000027644	0	2	0
ENSG00000241992	0	0	0
ENSG00000234226	0	0	0
ENSG00000137970	116	12	104
ENSG00000223229	0	0	0
ENSG00000285698	0	0	0
ENSG00000228035	0	0	0
ENSG00000287103	0	0	0
ENSG00000226973	0	0	0
ENSG00000274468	0	0	0
ENSG00000130764	1362	772	709
ENSG00000266075	5	0	5
ENSG00000272153	24	81	62
ENSG00000230026	5	0	5
ENSG00000285177	0	0	0
ENSG00000284770	85	144	166
ENSG00000229795	2	0	2
ENSG00000238236	0	0	0
ENSG00000235638	0	0	0
ENSG00000231199	0	0	0
ENSG00000226663	0	0	0
ENSG00000231582	0	0	0
ENSG00000232714	0	0	0
ENSG00000235761	0	0	0
ENSG00000270710	5	0	5
ENSG00000227236	0	0	0
ENSG00000198837	2996	1624	1543
ENSG00000160741	2290	1167	1123
ENSG00000276584	0	0	0
ENSG00000282386	37	13	24
ENSG00000273026	9	4	5
ENSG00000143578	237	154	157
ENSG00000143543	479	98	421
ENSG00000285641	0	23	14
ENSG00000143545	1022	411	611
ENSG00000177954	18189	9317	8872
ENSG00000231416	2	0	2
ENSG00000200220	0	0	0
ENSG00000231837	0	0	0
ENSG00000263987	0	0	0
ENSG00000162642	575	258	317
ENSG00000223254	14	7	7
ENSG00000223653	14	25	52
ENSG00000116198	903	457	450
ENSG00000169598	410	196	218
ENSG00000226653	0	0	0
ENSG00000207209	0	0	0
ENSG00000272443	0	0	0
ENSG00000272480	0	0	0
ENSG00000288626	0	0	0
ENSG00000162836	364	145	219
ENSG00000207080	0	0	0
ENSG00000231791	0	0	0
ENSG00000244568	0	0	0
ENSG00000271387	17	11	6
ENSG00000116667	2380	1158	1226
ENSG00000230470	2	0	2
ENSG00000232036	0	0	0
ENSG00000285847	30	21	17
ENSG00000286378	0	4	0
ENSG00000215381	2	0	2
ENSG00000261326	11	6	5
ENSG00000284726	12	12	0
ENSG00000125945	602	324	318
ENSG00000201405	0	0	0
ENSG00000271420	2	0	2
ENSG00000204219	612	272	340
ENSG00000232482	0	0	0
ENSG00000285779	0	0	0
ENSG00000162885	879	748	749
ENSG00000270780	0	0	0
ENSG00000232895	0	0	0
ENSG00000273698	0	0	0
ENSG00000273112	0	0	0
ENSG00000173110	696	327	369
ENSG00000224203	1	0	1
ENSG00000224515	0	0	0
ENSG00000225217	383	197	186
ENSG00000231586	0	0	0
ENSG00000234211	0	15	9
ENSG00000213075	2	2	0
ENSG00000143125	0	0	1
ENSG00000270380	0	1	0
ENSG00000282887	0	0	0
ENSG00000283999	0	0	0
ENSG00000240194	0	0	0
ENSG00000235407	0	0	0
ENSG00000143105	3	0	3
ENSG00000199710	0	0	0
ENSG00000237415	0	0	0
ENSG00000232791	5	0	5
ENSG00000177301	126	69	57
ENSG00000226828	1	1	0
ENSG00000279774	0	0	0
ENSG00000229960	0	0	0
ENSG00000286486	0	0	0
ENSG00000244066	0	0	0
ENSG00000237759	0	0	0
ENSG00000287531	0	0	0
ENSG00000225855	193	777	827
ENSG00000283701	0	0	0
ENSG00000207134	0	0	0
ENSG00000227773	6	6	0
ENSG00000207144	0	0	0
ENSG00000237872	3	2	1
ENSG00000271267	2	0	2
ENSG00000225082	0	0	0
ENSG00000223503	3	3	0
ENSG00000232519	1	1	0
ENSG00000160752	835	1096	1105
ENSG00000121957	130	349	280
ENSG00000235089	0	0	0
ENSG00000285179	0	0	0
ENSG00000223026	0	0	0
ENSG00000225721	0	20	1725
ENSG00000188396	136	163	74
ENSG00000202167	0	0	0
ENSG00000207349	0	0	0
ENSG00000252826	0	0	0
ENSG00000206737	0	0	0
ENSG00000223779	0	0	0
ENSG00000242352	0	0	0
ENSG00000270962	0	0	0
ENSG00000263590	0	0	0
ENSG00000252105	0	0	0
ENSG00000233430	0	0	0
ENSG00000237503	0	0	0
ENSG00000265531	16	11	5
ENSG00000234571	2	0	2
ENSG00000230186	0	0	0
ENSG00000268074	0	0	0
ENSG00000270872	2	0	2
ENSG00000276674	0	0	0
ENSG00000082482	76	55	21
ENSG00000116747	502	325	357
ENSG00000118729	325	160	165
ENSG00000134207	12	12	0
ENSG00000163467	4	4	0
ENSG00000243710	12	1	22
ENSG00000117395	773	397	391
ENSG00000116874	193	105	109
ENSG00000065600	219	124	95
ENSG00000009780	397	208	189
ENSG00000023572	426	301	276
ENSG00000077254	1265	640	625
ENSG00000134644	1709	867	842
ENSG00000215788	947	527	504
ENSG00000117834	232	149	125
ENSG00000117625	1044	556	488
ENSG00000179902	14	4	10
ENSG00000020633	587	344	243
ENSG00000121766	716	497	396
ENSG00000143157	763	346	417
ENSG00000162614	1325	640	728
ENSG00000160781	415	201	215
ENSG00000143344	1097	518	579
ENSG00000162613	1214	621	597
ENSG00000116882	5	4	1
ENSG00000198758	84	49	35
ENSG00000117569	1275	643	632
ENSG00000142856	216	141	140
ENSG00000158022	20	9	11
ENSG00000116396	682	302	380
ENSG00000058668	4565	2241	2324
ENSG00000163875	1182	645	537
ENSG00000282872	0	0	0
ENSG00000131238	4837	2413	2424
ENSG00000171680	1199	745	454
ENSG00000244457	0	0	0
ENSG00000116977	1220	896	872
ENSG00000229372	0	90	138
ENSG00000274975	0	1	0
ENSG00000229348	0	0	0
ENSG00000242485	1703	911	989
ENSG00000264293	0	0	0
ENSG00000272455	28	8	20
ENSG00000225905	6	8	0
ENSG00000225285	77	48	32
ENSG00000179403	8073	3892	4184
ENSG00000215915	112	55	57
ENSG00000236085	0	0	0
ENSG00000234441	0	0	0
ENSG00000227408	0	0	0
ENSG00000223635	0	0	0
ENSG00000135776	346	190	156
ENSG00000199672	0	0	0
ENSG00000201492	0	0	0
ENSG00000229367	5	0	5
ENSG00000135763	158	75	83
ENSG00000213028	0	0	0
ENSG00000225984	0	0	0
ENSG00000178828	3	1	6
ENSG00000235434	0	3	1
ENSG00000169914	464	240	224
ENSG00000188784	0	0	0
ENSG00000242688	0	0	0
ENSG00000177186	0	0	0
ENSG00000177174	0	0	0
ENSG00000269956	5	142	126
ENSG00000162456	7	4	3
ENSG00000079277	1727	953	1037
ENSG00000117407	28	18	10
ENSG00000237950	7	7	0
ENSG00000117408	1029	541	488
ENSG00000285649	1	15	26
ENSG00000117410	3880	1914	1966
ENSG00000159214	135	75	94
ENSG00000196517	348	173	209
ENSG00000227163	0	0	0
ENSG00000271647	0	2	0
ENSG00000239560	0	0	0
ENSG00000196539	0	0	0
ENSG00000229255	2	2	0
ENSG00000203661	0	0	0
ENSG00000271934	0	0	0
ENSG00000224521	0	0	0
ENSG00000227102	0	0	0
ENSG00000183310	0	0	0
ENSG00000201602	0	0	0
ENSG00000271701	0	0	0
ENSG00000189181	0	0	0
ENSG00000187238	0	0	0
ENSG00000185962	0	0	0
ENSG00000226947	0	0	0
ENSG00000285753	0	0	0
ENSG00000187223	0	0	0
ENSG00000159455	0	0	0
ENSG00000187173	19	8	11
ENSG00000204501	0	0	0
ENSG00000228229	0	0	0
ENSG00000204481	0	0	0
ENSG00000204479	0	0	0
ENSG00000172031	47	35	12
ENSG00000233228	0	0	0
ENSG00000224678	0	0	0
ENSG00000233401	0	0	0
ENSG00000273487	6	0	6
ENSG00000226773	0	0	0
ENSG00000274481	0	0	0
ENSG00000228594	45	24	21
ENSG00000286989	8	8	0
ENSG00000272106	207	99	135
ENSG00000189409	149	100	50
ENSG00000272004	0	35	45
ENSG00000189339	1901	963	1020
ENSG00000269737	55	31	26
ENSG00000215914	14	8	6
ENSG00000008128	212	88	124
ENSG00000268575	44	37	36
ENSG00000227775	207	86	155
ENSG00000008130	3099	1518	1581
ENSG00000078369	7750	3682	4068
ENSG00000178821	20	6	14
ENSG00000158477	6	6	0
ENSG00000230942	2	2	0
ENSG00000158481	169	84	85
ENSG00000158485	10	4	6
ENSG00000158488	23	9	14
ENSG00000186306	0	0	0
ENSG00000203758	0	0	0
ENSG00000236257	4	4	0
ENSG00000236656	0	0	0
ENSG00000198703	0	0	0
ENSG00000227445	0	0	0
ENSG00000231434	3	1	2
ENSG00000117505	1384	749	681
ENSG00000229635	0	0	0
ENSG00000207379	0	0	0
ENSG00000212601	0	0	0
ENSG00000162889	4996	2399	2597
ENSG00000224114	469	119	350
ENSG00000199349	3	3	0
ENSG00000162892	16	25	42
ENSG00000162894	409	233	227
ENSG00000271680	7	7	0
ENSG00000226945	0	0	0
ENSG00000162896	1635	876	759
ENSG00000162897	0	0	0
ENSG00000182795	11	10	1
ENSG00000198890	273	179	94
ENSG00000224550	3	2	1
ENSG00000142669	3490	2420	2439
ENSG00000169442	697	472	575
ENSG00000225854	0	0	0
ENSG00000176083	17	9	8
ENSG00000229167	11	2	12
ENSG00000142910	5976	3164	2815
ENSG00000162517	1782	1072	931
ENSG00000235790	49	256	324
ENSG00000264078	2	2	0
ENSG00000241745	0	0	0
ENSG00000228407	14	0	14
ENSG00000223429	0	0	0
ENSG00000224255	0	0	0
ENSG00000236004	0	0	0
ENSG00000237663	0	0	0
ENSG00000213735	0	0	0
ENSG00000272100	0	69	85
ENSG00000287078	8	3	5
ENSG00000224680	5