N_unmapped	222183	222183	222183
N_multimapping	3407122	3407122	3407122
N_noFeature	3181003	16458603	16428250
N_ambiguous	2795897	748686	678585
ENSG00000160072	1830	936	894
ENSG00000234396	1	0	2
ENSG00000225972	27	2	25
ENSG00000224315	3	3	0
ENSG00000198744	84	25	60
ENSG00000279928	4	2	2
ENSG00000228037	357	141	216
ENSG00000142611	17	13	4
ENSG00000225630	3710	2348	1362
ENSG00000284616	0	0	0
ENSG00000157911	325	1468	1337
ENSG00000269896	79	48	31
ENSG00000237973	1004	485	560
ENSG00000228463	1	0	1
ENSG00000260972	0	0	0
ENSG00000157933	380	178	202
ENSG00000224340	0	0	0
ENSG00000226545	0	0	0
ENSG00000268663	0	0	0
ENSG00000226374	0	0	0
ENSG00000229280	0	0	0
ENSG00000142655	834	427	464
ENSG00000232596	0	0	0
ENSG00000235054	0	0	0
ENSG00000232663	0	0	0
ENSG00000240409	0	0	0
ENSG00000229344	80	67	27
ENSG00000231510	0	0	0
ENSG00000149527	213	103	110
ENSG00000284739	0	0	0
ENSG00000171621	1000	501	499
ENSG00000272235	17	10	7
ENSG00000284694	0	0	0
ENSG00000230021	0	10	14
ENSG00000287356	10	8	5
ENSG00000224387	1	0	1
ENSG00000285629	0	0	0
ENSG00000173673	0	0	0
ENSG00000142583	273	128	145
ENSG00000284674	0	0	0
ENSG00000272161	0	0	0
ENSG00000237094	9	5	5
ENSG00000224338	0	0	0
ENSG00000074800	16705	8480	8229
ENSG00000116786	1323	740	731
ENSG00000287727	3	0	3
ENSG00000228423	4	4	0
ENSG00000286448	0	0	0
ENSG00000131686	0	1	0
ENSG00000229305	0	0	0
ENSG00000284703	0	0	0
ENSG00000226457	5	2	3
ENSG00000173614	698	344	354
ENSG00000248527	46286	29296	16990
ENSG00000215720	4	1	3
ENSG00000241326	0	0	0
ENSG00000233623	5	5	0
ENSG00000162592	0	0	0
ENSG00000116254	6	3	3
ENSG00000233645	0	0	0
ENSG00000204624	3	1	2
ENSG00000142606	202	736	773
ENSG00000235146	0	0	0
ENSG00000225931	61	24	38
ENSG00000171729	779	414	405
ENSG00000279457	82	37	45
ENSG00000162571	44	27	23
ENSG00000229393	2	1	1
ENSG00000037637	545	274	271
ENSG00000287586	0	0	0
ENSG00000159423	171	91	80
ENSG00000142599	2730	1309	1421
ENSG00000227169	0	0	0
ENSG00000283356	0	0	0
ENSG00000011021	437	240	243
ENSG00000142615	0	0	0
ENSG00000215704	2	6	4
ENSG00000157916	2743	2585	2638
ENSG00000157881	851	420	431
ENSG00000238290	2	0	2
ENSG00000225387	0	0	0
ENSG00000048707	1473	736	737
ENSG00000158748	7	4	3
ENSG00000225196	0	0	0
ENSG00000162444	18	7	11
ENSG00000279625	0	0	0
ENSG00000180758	393	201	192
ENSG00000184677	728	360	368
ENSG00000230679	4	2	6
ENSG00000270136	1	0	1
ENSG00000288398	242	120	122
ENSG00000224621	23	9	14
ENSG00000285833	0	0	0
ENSG00000131697	183	90	96
ENSG00000284692	0	0	0
ENSG00000284745	1	1	0
ENSG00000280222	5	2	3
ENSG00000227634	2	1	1
ENSG00000285945	0	0	0
ENSG00000229162	2	1	1
ENSG00000197921	151	81	70
ENSG00000233755	0	0	0
ENSG00000233929	13	8	5
ENSG00000271742	2	0	2
ENSG00000226396	159	64	95
ENSG00000169504	212	106	106
ENSG00000234166	0	63	37
ENSG00000235282	0	0	0
ENSG00000055070	2002	1209	1296
ENSG00000175087	326	158	168
ENSG00000157191	1599	755	845
ENSG00000284699	0	0	0
ENSG00000230035	0	0	0
ENSG00000235185	8	4	4
ENSG00000225643	4	2	2
ENSG00000284666	0	0	0
ENSG00000228943	0	0	0
ENSG00000234397	0	0	0
ENSG00000284309	0	0	0
ENSG00000162511	406	346	340
ENSG00000158014	25	13	12
ENSG00000204138	1446	734	712
ENSG00000233419	0	0	0
ENSG00000235263	0	0	0
ENSG00000228176	0	0	0
ENSG00000231251	0	0	0
ENSG00000142675	2622	1271	1351
ENSG00000197245	57	31	26
ENSG00000261025	0	0	0
ENSG00000116237	1447	778	759
ENSG00000130772	1109	536	573
ENSG00000215899	0	0	0
ENSG00000271398	6	2	4
ENSG00000225011	0	0	0
ENSG00000235069	0	0	0
ENSG00000284676	0	0	0
ENSG00000237058	5	2	3
ENSG00000233399	8	4	4
ENSG00000090020	2421	1230	1191
ENSG00000157978	2259	1135	1124
ENSG00000226944	53	24	44
ENSG00000270282	6	2	4
ENSG00000130770	4423	3658	4172
ENSG00000229044	0	44	52
ENSG00000162512	276	130	146
ENSG00000158006	967	472	495
ENSG00000214812	0	0	0
ENSG00000126698	1369	696	673
ENSG00000229447	1	0	1
ENSG00000229607	0	0	0
ENSG00000130766	1114	565	549
ENSG00000168528	10666	5411	5255
ENSG00000196581	10	7	3
ENSG00000169403	87	44	43
ENSG00000084628	13	4	9
ENSG00000060688	606	296	310
ENSG00000171612	305	166	139
ENSG00000270927	0	0	0
ENSG00000188910	684	329	355
ENSG00000230523	0	0	0
ENSG00000116138	536	332	378
ENSG00000158161	497	244	253
ENSG00000142684	0	432	462
ENSG00000234619	0	0	0
ENSG00000121769	117	56	64
ENSG00000142627	767	400	368
ENSG00000284668	0	0	0
ENSG00000233234	0	0	0
ENSG00000142632	270	182	188
ENSG00000234593	17	11	6
ENSG00000158292	941	474	467
ENSG00000270605	158	76	83
ENSG00000189337	147	146	148
ENSG00000232912	16	9	7
ENSG00000235084	14	2	12
ENSG00000235143	0	0	0
ENSG00000225478	0	0	0
ENSG00000225077	6	6	10
ENSG00000028137	531	268	263
ENSG00000238249	1	0	1
ENSG00000204464	5	3	2
ENSG00000233372	0	0	0
ENSG00000283259	0	0	0
ENSG00000284543	58	29	29
ENSG00000130939	691	378	313
ENSG00000175147	148	154	181
ENSG00000127472	6	5	1
ENSG00000060656	69	27	42
ENSG00000163867	439	220	219
ENSG00000232768	0	0	0
ENSG00000230214	0	0	0
ENSG00000189280	5	0	5
ENSG00000134698	439	221	218
ENSG00000134690	256	132	124
ENSG00000272420	18	7	11
ENSG00000132881	163	87	76
ENSG00000273274	2	0	2
ENSG00000116251	3196	1576	1657
ENSG00000272510	7	14	29
ENSG00000158286	1236	725	646
ENSG00000236648	0	0	0
ENSG00000232273	3	1	2
ENSG00000009709	0	0	0
ENSG00000287396	0	0	0
ENSG00000223589	0	0	0
ENSG00000158008	2	0	2
ENSG00000130940	557	591	576
ENSG00000116771	1000	539	599
ENSG00000237301	4	3	1
ENSG00000162585	1273	1327	1115
ENSG00000163879	104	57	64
ENSG00000227527	18	11	7
ENSG00000116954	329	148	181
ENSG00000228589	29	29	0
ENSG00000163873	23	6	17
ENSG00000117215	2	1	1
ENSG00000196449	333	246	271
ENSG00000230163	0	45	54
ENSG00000227538	0	0	0
ENSG00000232208	0	0	0
ENSG00000236500	0	0	0
ENSG00000044012	511	233	278
ENSG00000179051	1584	1165	1209
ENSG00000215895	0	0	0
ENSG00000231868	10	11	7
ENSG00000284650	0	0	0
ENSG00000237329	3	3	0
ENSG00000236948	0	0	0
ENSG00000126067	1635	812	823
ENSG00000274944	0	0	0
ENSG00000132906	439	221	226
ENSG00000197312	552	269	283
ENSG00000284748	0	0	0
ENSG00000272078	89	354	345
ENSG00000173660	6595	3103	3492
ENSG00000224592	1	1	0
ENSG00000233728	0	47	68
ENSG00000230451	0	0	0
ENSG00000231606	14	10	4
ENSG00000215900	0	0	0
ENSG00000284632	0	0	0
ENSG00000241014	2	1	1
ENSG00000054118	1771	895	876
ENSG00000254553	0	0	0
ENSG00000284653	0	0	0
ENSG00000237749	4	0	4
ENSG00000276747	0	0	0
ENSG00000284705	0	0	0
ENSG00000228776	0	0	1
ENSG00000159339	10	6	4
ENSG00000223814	0	0	0
ENSG00000197982	1116	539	761
ENSG00000261781	0	0	0
ENSG00000183317	3386	1681	1705
ENSG00000183386	69	34	35
ENSG00000284743	1	1	0
ENSG00000158315	1065	559	608
ENSG00000204084	706	547	533
ENSG00000186973	26	9	17
ENSG00000271806	22	48	68
ENSG00000146463	498	263	249
ENSG00000279214	1	1	0
ENSG00000183520	441	226	215
ENSG00000271741	0	0	0
ENSG00000214141	0	0	0
ENSG00000142686	57	22	35
ENSG00000224751	0	0	0
ENSG00000279096	1	1	0
ENSG00000117148	16	6	10
ENSG00000230585	7	3	5
ENSG00000117000	338	148	190
ENSG00000284989	0	0	0
ENSG00000231630	0	0	0
ENSG00000092853	39	19	23
ENSG00000255811	0	1	3
ENSG00000134697	1075	549	543
ENSG00000187513	35	15	20
ENSG00000238145	0	0	0
ENSG00000225142	0	0	0
ENSG00000230138	0	0	0
ENSG00000223390	0	14	22
ENSG00000285823	0	0	0
ENSG00000284720	0	0	0
ENSG00000225028	5	3	2
ENSG00000225671	0	0	0
ENSG00000116151	183	92	94
ENSG00000226147	0	0	0
ENSG00000182873	183	87	100
ENSG00000006555	2001	1037	964
ENSG00000236111	1	0	1
ENSG00000066056	120	62	58
ENSG00000214114	534	247	287
ENSG00000173436	497	95	410
ENSG00000116544	62	29	33
ENSG00000231900	0	0	0
ENSG00000236723	9	587	613
ENSG00000232467	5	3	2
ENSG00000117016	150	73	77
ENSG00000121310	6068	2960	3108
ENSG00000169213	116	51	65
ENSG00000163866	1332	690	741
ENSG00000225779	0	0	0
ENSG00000284601	2	1	1
ENSG00000237130	0	0	0
ENSG00000143001	85	112	96
ENSG00000229716	0	0	0
ENSG00000226133	1	0	1
ENSG00000227416	0	0	0
ENSG00000232335	0	2	1
ENSG00000260971	2	1	1
ENSG00000259832	0	0	0
ENSG00000284696	0	0	0
ENSG00000238242	0	0	0
ENSG00000285839	0	0	0
ENSG00000237290	0	0	0
ENSG00000232762	2	2	0
ENSG00000117419	1290	641	649
ENSG00000162384	1133	751	580
ENSG00000162391	112	490	552
ENSG00000174348	137	107	107
ENSG00000154198	0	0	0
ENSG00000117859	944	468	495
ENSG00000228121	0	0	0
ENSG00000253313	1562	801	761
ENSG00000162396	195	100	95
ENSG00000203995	4	1	3
ENSG00000227742	41	21	26
ENSG00000284686	3	1	2
ENSG00000162378	332	156	176
ENSG00000233079	0	0	0
ENSG00000259818	8	5	3
ENSG00000229444	0	0	0
ENSG00000240563	203	107	96
ENSG00000234318	0	0	0
ENSG00000284773	36	17	19
ENSG00000234481	0	0	0
ENSG00000117862	70	44	26
ENSG00000235612	0	0	0
ENSG00000228369	5	4	1
ENSG00000183431	1111	549	562
ENSG00000227485	0	0	0
ENSG00000224609	30	17	17
ENSG00000235545	20	12	8
ENSG00000236646	1	0	1
ENSG00000169174	174	86	88
ENSG00000232198	0	0	0
ENSG00000238063	1	0	1
ENSG00000227104	0	0	0
ENSG00000243725	53	34	19
ENSG00000171872	1	1	0
ENSG00000162407	196	119	77
ENSG00000285079	0	0	0
ENSG00000169218	8	2	6
ENSG00000163877	356	166	190
ENSG00000228929	3	2	1
ENSG00000224570	1	0	1
ENSG00000224980	0	0	0
ENSG00000278967	3	2	1
ENSG00000157184	1054	1191	1252
ENSG00000272491	12	10	17
ENSG00000198815	932	455	477
ENSG00000134744	282	152	130
ENSG00000233910	0	0	0
ENSG00000287703	2	1	1
ENSG00000283039	0	0	0
ENSG00000229032	0	0	0
ENSG00000229294	0	0	0
ENSG00000232993	0	42	35
ENSG00000234088	0	0	0
ENSG00000236973	5	3	2
ENSG00000227947	19	8	11
ENSG00000277397	0	0	0
ENSG00000271200	10	5	7
ENSG00000235446	0	0	0
ENSG00000261196	0	0	0
ENSG00000162385	591	291	300
ENSG00000231413	0	0	0
ENSG00000234264	0	0	0
ENSG00000242391	0	0	0
ENSG00000223883	0	0	0
ENSG00000284808	0	0	0
ENSG00000242267	10	2	8
ENSG00000237227	2	0	2
ENSG00000275350	0	0	0
ENSG00000116652	2	2	1
ENSG00000123080	255	140	130
ENSG00000285778	0	0	0
ENSG00000077549	6140	3023	3125
ENSG00000233407	0	0	0
ENSG00000225675	0	0	0
ENSG00000237622	0	0	0
ENSG00000162598	0	0	0
ENSG00000280317	0	0	0
ENSG00000162415	339	177	173
ENSG00000162600	322	149	173
ENSG00000116704	930	468	462
ENSG00000227644	0	0	0
ENSG00000157193	24	29	21
ENSG00000116205	311	147	209
ENSG00000198841	93	40	53
ENSG00000116212	479	239	241
ENSG00000234204	0	0	0
ENSG00000233099	0	0	0
ENSG00000233994	2	1	1
ENSG00000237180	0	0	0
ENSG00000213561	13	5	8
ENSG00000233973	1	1	0
ENSG00000237552	0	0	0
ENSG00000132854	81	45	36
ENSG00000227556	0	0	0
ENSG00000162616	348	197	151
ENSG00000162607	434	231	203
ENSG00000233602	8	6	2
ENSG00000233271	0	60	63
ENSG00000285954	1	0	1
ENSG00000233333	2	1	1
ENSG00000154027	13	7	6
ENSG00000234108	0	0	0
ENSG00000232676	0	0	0
ENSG00000225167	0	0	0
ENSG00000132122	189	95	95
ENSG00000213579	0	0	0
ENSG00000137960	1084	540	544
ENSG00000237852	1	0	1
ENSG00000116745	0	0	0
ENSG00000132855	1	2	0
ENSG00000285407	0	0	0
ENSG00000272855	0	0	0
ENSG00000270549	0	0	0
ENSG00000237163	0	0	0
ENSG00000229636	1	1	0
ENSG00000116675	6	2	4
ENSG00000162433	321	162	159
ENSG00000213625	1289	614	675
ENSG00000227207	0	0	0
ENSG00000227016	0	0	0
ENSG00000233664	0	0	0
ENSG00000158966	31	15	16
ENSG00000213703	1	0	1
ENSG00000203965	42	16	26
ENSG00000223479	0	0	0
ENSG00000233674	0	0	0
ENSG00000153898	881	451	430
ENSG00000117069	9	6	3
ENSG00000125703	143	70	73
ENSG00000285041	0	0	0
ENSG00000285808	0	0	0
ENSG00000229440	0	0	0
ENSG00000234144	0	0	0
ENSG00000213540	0	0	0
ENSG00000277670	0	0	0
ENSG00000227466	0	0	0
ENSG00000154007	0	0	0
ENSG00000230498	1	1	0
ENSG00000285782	1	1	0
ENSG00000162618	41	25	16
ENSG00000224493	0	0	0
ENSG00000131233	1	0	1
ENSG00000272371	0	0	0
ENSG00000287647	0	0	0
ENSG00000229225	0	0	0
ENSG00000230863	3	0	3
ENSG00000213560	5	2	3
ENSG00000287224	0	0	0
ENSG00000225598	0	0	0
ENSG00000286455	0	0	0
ENSG00000225087	0	0	0
ENSG00000224986	2	1	1
ENSG00000280378	11	9	2
ENSG00000188786	320	178	142
ENSG00000230053	0	0	0
ENSG00000137941	35	21	14
ENSG00000273338	19	9	10
ENSG00000223720	1	0	1
ENSG00000224326	0	0	0
ENSG00000286548	9	4	5
ENSG00000066135	653	491	519
ENSG00000230027	0	0	0
ENSG00000233061	5	1	4
ENSG00000272094	0	0	0
ENSG00000228853	0	0	0
ENSG00000215874	0	0	0
ENSG00000232453	68	37	31
ENSG00000260386	0	0	0
ENSG00000284895	0	0	0
ENSG00000117174	237	123	114
ENSG00000237413	3	2	1
ENSG00000184313	267	100	167
ENSG00000284645	0	0	0
ENSG00000225605	0	0	0
ENSG00000225446	0	0	0
ENSG00000288543	1	0	1
ENSG00000122420	10	4	6
ENSG00000284240	1	0	1
ENSG00000236290	0	0	0
ENSG00000143013	397	193	204
ENSG00000226084	3	2	1
ENSG00000134748	1282	668	614
ENSG00000142892	255	122	133
ENSG00000219102	1	0	1
ENSG00000184005	30	19	11
ENSG00000230953	10	3	7
ENSG00000287743	8	3	5
ENSG00000229332	0	0	0
ENSG00000227937	0	0	0
ENSG00000229752	0	0	0
ENSG00000237505	5	3	3
ENSG00000285462	0	0	0
ENSG00000233216	0	0	0
ENSG00000197273	6359	3282	3078
ENSG00000226804	0	0	0
ENSG00000285325	0	0	0
ENSG00000230728	7	5	2
ENSG00000162402	1122	563	559
ENSG00000232846	0	0	0
ENSG00000219201	0	0	0
ENSG00000230787	0	0	0
ENSG00000116641	625	308	318
ENSG00000235927	3	1	2
ENSG00000223920	0	0	0
ENSG00000237453	10	5	5
ENSG00000172260	44	24	20
ENSG00000285473	0	0	0
ENSG00000237959	0	0	0
ENSG00000231364	1	0	1
ENSG00000234578	0	0	0
ENSG00000117480	4871	2377	2494
ENSG00000137944	571	274	297
ENSG00000229505	0	0	0
ENSG00000228187	1	1	0
ENSG00000285201	0	0	0
ENSG00000182183	5	2	3
ENSG00000236407	0	0	0
ENSG00000271949	0	0	0
ENSG00000227062	0	0	0
ENSG00000067334	892	455	437
ENSG00000235011	0	0	0
ENSG00000235673	0	0	0
ENSG00000226938	1	1	0
ENSG00000213559	0	0	0
ENSG00000287587	0	0	0
ENSG00000142949	9833	4872	4961
ENSG00000116133	3633	1855	1874
ENSG00000232882	0	0	0
ENSG00000171502	18	10	8
ENSG00000162399	0	0	0
ENSG00000116157	32	15	17
ENSG00000143036	1768	892	876
ENSG00000232672	0	0	0
ENSG00000230817	4	1	3
ENSG00000235613	6	4	2
ENSG00000065243	511	267	245
ENSG00000226759	0	0	0
ENSG00000226960	1	1	0
ENSG00000234080	0	0	0
ENSG00000237899	2	2	0
ENSG00000225492	9	6	3
ENSG00000223905	0	0	0
ENSG00000227290	0	0	0
ENSG00000229486	0	0	0
ENSG00000282898	0	0	0
ENSG00000285409	0	0	0
ENSG00000231090	0	0	0
ENSG00000117528	1077	538	539
ENSG00000271723	5	0	5
ENSG00000172339	555	287	268
ENSG00000036549	410	221	189
ENSG00000287724	2	25	35
ENSG00000058799	782	429	353
ENSG00000225191	0	0	0
ENSG00000287870	0	0	0
ENSG00000235563	5	2	4
ENSG00000232048	0	0	0
ENSG00000232857	0	0	0
ENSG00000273637	0	0	0
ENSG00000203985	3	1	2
ENSG00000228838	0	0	0
ENSG00000283761	3	1	2
ENSG00000189433	4	5	3
ENSG00000230759	0	0	0
ENSG00000231866	1	0	1
ENSG00000179178	2246	1147	1110
ENSG00000142700	2	0	2
ENSG00000285525	0	0	0
ENSG00000236098	0	0	0
ENSG00000233514	0	0	0
ENSG00000127124	64	34	30
ENSG00000266993	2	8	6
ENSG00000223675	1	1	0
ENSG00000162604	502	235	267
ENSG00000229316	0	0	0
ENSG00000116171	3367	1659	1709
ENSG00000287406	18	7	11
ENSG00000225767	2	1	1
ENSG00000234099	0	0	0
ENSG00000137936	1002	544	509
ENSG00000235308	1	0	1
ENSG00000232752	0	0	0
ENSG00000235829	0	0	0
ENSG00000143032	0	0	0
ENSG00000226745	1	1	0
ENSG00000178028	2720	1380	1340
ENSG00000280040	13	8	5
ENSG00000168710	2284	1193	1091
ENSG00000117519	971	494	477
ENSG00000270507	0	0	0
ENSG00000238037	0	0	0
ENSG00000215869	0	0	0
ENSG00000134215	2493	1247	1246
ENSG00000227935	0	0	0
ENSG00000229887	0	0	0
ENSG00000228502	8	5	3
ENSG00000236268	4	1	3
ENSG00000271277	0	0	0
ENSG00000236888	0	0	0
ENSG00000279778	0	0	0
ENSG00000232015	0	0	0
ENSG00000230955	0	218	156
ENSG00000230828	0	0	0
ENSG00000188641	81	38	49
ENSG00000152078	378	207	171
ENSG00000237279	0	0	0
ENSG00000233359	0	0	0
ENSG00000237954	0	0	0
ENSG00000185668	2	2	0
ENSG00000171492	554	296	258
ENSG00000233129	0	0	0
ENSG00000170989	54	26	28
ENSG00000258634	141	96	98
ENSG00000233557	0	0	0
ENSG00000237897	0	0	0
ENSG00000116299	2365	1166	1199
ENSG00000137962	28	13	15
ENSG00000227832	0	0	0
ENSG00000286692	2	1	1
ENSG00000260464	2	1	2
ENSG00000237435	0	0	0
ENSG00000231996	0	0	0
ENSG00000273204	17	27	40
ENSG00000079739	3678	1837	2028
ENSG00000117154	10	4	6
ENSG00000162377	401	189	212
ENSG00000224613	0	0	0
ENSG00000215871	0	0	0
ENSG00000287372	0	0	0
ENSG00000232542	0	0	0
ENSG00000231095	0	0	0
ENSG00000116774	177	89	88
ENSG00000287756	0	0	0
ENSG00000269113	27	14	13
ENSG00000284652	2	1	1
ENSG00000023909	235	117	118
ENSG00000069702	109	53	56
ENSG00000232185	0	0	0
ENSG00000230489	0	0	0
ENSG00000228399	5	4	1
ENSG00000236776	0	0	0
ENSG00000285928	5	0	5
ENSG00000224685	0	0	0
ENSG00000287076	0	0	0
ENSG00000237480	0	0	0
ENSG00000271252	0	0	0
ENSG00000230427	0	0	0
ENSG00000235794	0	0	0
ENSG00000286758	0	0	0
ENSG00000237337	0	0	0
ENSG00000233983	0	0	0
ENSG00000198198	1355	2243	2093
ENSG00000225183	0	0	0
ENSG00000230402	0	0	0
ENSG00000116793	130	63	67
ENSG00000134201	61	27	34
ENSG00000238122	0	0	0
ENSG00000260879	0	8	12
ENSG00000213366	872	485	387
ENSG00000230864	0	0	0
ENSG00000283354	0	0	0
ENSG00000232918	0	0	0
ENSG00000236360	0	1	0
ENSG00000183298	0	0	1
ENSG00000234332	0	0	0
ENSG00000117525	714	346	368
ENSG00000225079	3	2	1
ENSG00000226483	0	0	0
ENSG00000224238	1	1	0
ENSG00000229537	0	0	0
ENSG00000162699	0	0	0
ENSG00000162692	96	35	61
ENSG00000203914	0	0	0
ENSG00000270457	4	0	4
ENSG00000203858	0	0	0
ENSG00000231987	0	0	0
ENSG00000228057	0	0	0
ENSG00000261593	0	0	0
ENSG00000224445	0	0	0
ENSG00000229842	0	0	0
ENSG00000270631	0	0	0
ENSG00000229201	0	0	0
ENSG00000181656	1	1	0
ENSG00000122481	92	69	23
ENSG00000198162	417	193	224
ENSG00000238198	6	4	2
ENSG00000171517	34	19	15
ENSG00000228852	10	2	8
ENSG00000203864	0	0	0
ENSG00000233482	0	0	0
ENSG00000230250	0	0	0
ENSG00000232878	2	4	4
ENSG00000143079	724	363	361
ENSG00000232450	11	6	5
ENSG00000223575	0	0	0
ENSG00000230768	0	0	0
ENSG00000235202	0	0	0
ENSG00000272715	5	2	3
ENSG00000235038	0	0	0
ENSG00000143093	775	388	387
ENSG00000226415	19	3	16
ENSG00000085491	652	371	320
ENSG00000173947	6	4	2
ENSG00000241361	1	0	1
ENSG00000230434	0	0	0
ENSG00000230718	0	0	0
ENSG00000134198	39	26	13
ENSG00000235595	0	0	0
ENSG00000226053	0	0	0
ENSG00000226128	0	0	0
ENSG00000198799	859	413	463
ENSG00000279513	5	3	2
ENSG00000117620	1896	939	984
ENSG00000280186	13	5	8
ENSG00000223906	0	0	0
ENSG00000162688	423	210	213
ENSG00000197106	3	1	2
ENSG00000259946	0	0	0
ENSG00000236137	43	34	44
ENSG00000203859	4	3	1
ENSG00000228086	1	3	2
ENSG00000213421	0	0	0
ENSG00000234020	0	0	0
ENSG00000060718	1	0	1
ENSG00000236804	0	0	0
ENSG00000231072	1	0	1
ENSG00000273406	0	0	0
ENSG00000185946	167	86	81
ENSG00000162627	1250	526	724
ENSG00000226715	0	1	0
ENSG00000162695	350	171	179
ENSG00000134184	199	168	115
ENSG00000265808	549	259	290
ENSG00000261290	0	0	0
ENSG00000225923	0	0	0
ENSG00000134247	1482	729	753
ENSG00000187481	0	0	0
ENSG00000116752	488	248	240
ENSG00000162664	865	437	428
ENSG00000236866	2	0	2
ENSG00000134253	155	76	80
ENSG00000277655	0	0	0
ENSG00000223416	2	0	2
ENSG00000213226	1	1	0
ENSG00000179571	2	2	0
ENSG00000227850	1	0	1
ENSG00000243967	1	1	0
ENSG00000235777	0	0	0
ENSG00000260246	4	44	45
ENSG00000173218	265	135	130
ENSG00000285532	0	0	0
ENSG00000226755	0	0	0
ENSG00000232650	0	0	0
ENSG00000183508	1781	867	914
ENSG00000277095	0	0	0
ENSG00000236806	6	5	1
ENSG00000234283	2	2	0
ENSG00000237188	8	2	6
ENSG00000232780	0	0	0
ENSG00000274927	0	0	0
ENSG00000264145	0	0	0
ENSG00000238256	1	0	1
ENSG00000198765	0	0	0
ENSG00000224335	0	0	0
ENSG00000277702	0	0	0
ENSG00000143398	579	309	271
ENSG00000196505	252	134	118
ENSG00000225871	10	7	10
ENSG00000223489	0	0	0
ENSG00000230546	0	0	0
ENSG00000213262	1	1	0
ENSG00000287015	0	0	0
ENSG00000241720	0	47	16
ENSG00000235526	0	0	0
ENSG00000228347	0	0	0
ENSG00000276975	5	4	1
ENSG00000236012	0	0	0
ENSG00000270911	0	0	0
ENSG00000272824	8	2	6
ENSG00000134200	0	0	0
ENSG00000234257	0	0	0
ENSG00000065183	282	164	141
ENSG00000227082	1	1	0
ENSG00000228626	0	0	0
ENSG00000226126	0	0	0
ENSG00000163393	24	16	8
ENSG00000163156	700	349	357
ENSG00000143631	1	1	0
ENSG00000156150	0	26	27
ENSG00000228453	0	0	0
ENSG00000274642	1	1	0
ENSG00000177551	0	0	0
ENSG00000197323	466	231	235
ENSG00000237975	3	0	3
ENSG00000261168	2	2	0
ENSG00000287980	0	0	0
ENSG00000229283	0	0	0
ENSG00000271419	0	0	0
ENSG00000226172	0	0	0
ENSG00000079335	131	65	70
ENSG00000143119	136	57	79
ENSG00000237278	0	8	9
ENSG00000285062	0	0	0
ENSG00000233432	0	0	0
ENSG00000227700	0	0	0
ENSG00000229911	0	0	0
ENSG00000143520	0	0	0
ENSG00000171943	15	3	12
ENSG00000270719	0	0	0
ENSG00000155761	0	15	8
ENSG00000230806	0	0	0
ENSG00000116830	387	192	196
ENSG00000234422	0	0	0
ENSG00000227056	0	0	0
ENSG00000143614	485	231	254
ENSG00000227091	0	0	0
ENSG00000169418	57	31	27
ENSG00000214204	0	0	0
ENSG00000081026	702	373	329
ENSG00000225650	0	0	0
ENSG00000227179	0	0	0
ENSG00000224965	24	15	9
ENSG00000228127	0	0	0
ENSG00000226984	0	0	0
ENSG00000186150	1	0	1
ENSG00000143554	1255	629	626
ENSG00000143458	735	377	358
ENSG00000230932	0	0	0
ENSG00000073754	0	0	0
ENSG00000228826	0	0	0
ENSG00000233907	0	0	0
ENSG00000225036	0	0	0
ENSG00000228420	0	0	0
ENSG00000233839	0	0	0
ENSG00000250890	0	0	0
ENSG00000232240	0	0	0
ENSG00000280649	59	40	27
ENSG00000131781	819	369	461
ENSG00000223599	6	4	2
ENSG00000230921	0	0	0
ENSG00000286151	1	0	1
ENSG00000234388	0	0	0
ENSG00000235015	0	0	0
ENSG00000271736	0	0	0
ENSG00000235988	0	0	0
ENSG00000233717	0	0	0
ENSG00000231551	24	9	15
ENSG00000227295	3	0	3
ENSG00000163155	170	87	84
ENSG00000243613	0	3	1
ENSG00000241975	11	7	4
ENSG00000271143	0	0	0
ENSG00000270976	0	0	0
ENSG00000228217	0	0	0
ENSG00000270342	0	0	0
ENSG00000143552	14	8	6
ENSG00000175984	30	18	12
ENSG00000231100	0	0	0
ENSG00000116824	127	59	68
ENSG00000235887	0	0	0
ENSG00000237460	0	0	0
ENSG00000236327	2	0	2
ENSG00000223804	3	1	2
ENSG00000236887	0	0	0
ENSG00000024526	42	23	20
ENSG00000236480	3	1	2
ENSG00000235756	0	0	0
ENSG00000173810	0	0	0
ENSG00000235005	0	0	0
ENSG00000271890	0	0	0
ENSG00000238107	0	0	0
ENSG00000227425	0	0	0
ENSG00000233222	0	4	2
ENSG00000225279	8	6	2
ENSG00000229101	0	0	0
ENSG00000224927	0	0	0
ENSG00000239216	0	0	0
ENSG00000283360	3	2	1
ENSG00000117262	108	41	67
ENSG00000227907	9	7	3
ENSG00000143624	1867	987	899
ENSG00000227970	0	0	0
ENSG00000261055	2	1	1
ENSG00000231613	0	0	0
ENSG00000137947	543	287	256
ENSG00000236689	0	0	0
ENSG00000233589	1	0	2
ENSG00000117586	23	10	13
ENSG00000230946	4	1	3
ENSG00000226028	0	0	0
ENSG00000162728	14	7	7
ENSG00000229021	12	6	6
ENSG00000203825	0	0	0
ENSG00000184371	577	290	287
ENSG00000233449	0	0	0
ENSG00000242943	0	0	0
ENSG00000233203	0	0	0
ENSG00000232499	12	5	7
ENSG00000232265	0	0	0
ENSG00000163154	51	30	22
ENSG00000232995	16	7	9
ENSG00000236957	1	0	1
ENSG00000238087	0	0	0
ENSG00000227777	2	2	0
ENSG00000177173	1	1	0
ENSG00000277406	13	8	5
ENSG00000238022	0	0	0
ENSG00000231671	0	0	0
ENSG00000162729	3703	1860	1843
ENSG00000143158	2193	1537	1699
ENSG00000271092	2	1	1
ENSG00000238118	0	0	0
ENSG00000276118	0	0	0
ENSG00000232148	0	0	0
ENSG00000278811	6	10	6
ENSG00000000460	53	165	150
ENSG00000188859	59	27	35
ENSG00000275075	0	0	0
ENSG00000135862	455	226	229
ENSG00000232952	0	0	0
ENSG00000158473	428	215	213
ENSG00000227722	0	0	0
ENSG00000285922	0	0	0
ENSG00000275801	0	0	0
ENSG00000143198	5705	2744	2961
ENSG00000143318	14	3	11
ENSG00000232188	0	0	0
ENSG00000232212	0	0	0
ENSG00000143621	2245	1138	1123
ENSG00000241042	0	0	0
ENSG00000143155	610	293	317
ENSG00000260322	0	0	0
ENSG00000223495	0	0	0
ENSG00000143156	33	727	462
ENSG00000198771	153	66	87
ENSG00000225462	0	0	0
ENSG00000237756	2	1	1
ENSG00000116147	0	0	0
ENSG00000213064	895	452	457
ENSG00000203307	3	2	1
ENSG00000143179	642	480	423
ENSG00000271187	0	0	0
ENSG00000274562	0	0	0
ENSG00000143315	281	130	151
ENSG00000116199	659	342	317
ENSG00000231175	0	0	0
ENSG00000143185	16	10	6
ENSG00000235145	10	2	8
ENSG00000116260	8184	4093	4091
ENSG00000272931	61	27	34
ENSG00000143190	357	161	229
ENSG00000225475	0	0	0
ENSG00000230898	3	3	0
ENSG00000232223	0	0	0
ENSG00000224698	0	0	0
ENSG00000287697	9	6	10
ENSG00000075945	854	443	429
ENSG00000235303	0	0	0
ENSG00000234810	0	0	0
ENSG00000232750	0	0	0
ENSG00000224468	0	0	0
ENSG00000235628	0	0	0
ENSG00000232551	0	0	0
ENSG00000092607	0	0	0
ENSG00000238270	0	0	0
ENSG00000285894	0	0	0
ENSG00000236025	0	0	0
ENSG00000230687	0	0	0
ENSG00000230704	0	0	0
ENSG00000283255	0	0	0
ENSG00000227741	13	9	20
ENSG00000237049	0	0	0
ENSG00000286754	0	0	0
ENSG00000232751	0	0	0
ENSG00000236364	13	102	120
ENSG00000117091	49	53	55
ENSG00000235378	0	0	0
ENSG00000143171	29	14	15
ENSG00000275767	0	0	0
ENSG00000224718	0	0	0
ENSG00000047410	1270	720	792
ENSG00000231992	2	0	2
ENSG00000018625	28	11	17
ENSG00000171806	171	93	83
ENSG00000287919	0	0	0
ENSG00000229914	0	0	0
ENSG00000233882	0	0	0
ENSG00000198358	0	0	0
ENSG00000229407	4	4	1
ENSG00000134216	0	0	0
ENSG00000230748	0	0	0
ENSG00000254154	15	14	1
ENSG00000162694	80	59	71
ENSG00000238108	0	0	0
ENSG00000214262	0	6	8
ENSG00000183853	80	38	42
ENSG00000215835	0	0	0
ENSG00000118197	309	156	155
ENSG00000135842	68	39	29
ENSG00000229258	0	0	3
ENSG00000287472	0	0	0
ENSG00000241318	0	0	0
ENSG00000228238	0	0	0
ENSG00000232393	0	0	0
ENSG00000121454	43	50	59
ENSG00000184155	0	0	0
ENSG00000058085	717	378	339
ENSG00000260088	4	4	2
ENSG00000287978	223	101	122
ENSG00000116815	413	207	206
ENSG00000232917	0	0	0
ENSG00000233057	0	0	0
ENSG00000237131	0	0	0
ENSG00000233946	0	0	0
ENSG00000143167	9657	4815	4843
ENSG00000143184	1	1	0
ENSG00000231966	0	0	0
ENSG00000176320	1	0	1
ENSG00000260976	0	0	0
ENSG00000235215	1	0	1
ENSG00000223450	0	0	0
ENSG00000224691	0	0	0
ENSG00000286572	4	2	2
ENSG00000235101	0	0	0
ENSG00000228215	0	0	0
ENSG00000177807	15	7	8
ENSG00000233626	1	1	0
ENSG00000233691	0	0	0
ENSG00000283518	0	0	0
ENSG00000271527	0	0	0
ENSG00000143228	69	32	37
ENSG00000235827	0	0	0
ENSG00000231615	5	4	1
ENSG00000231714	0	0	0
ENSG00000174514	709	367	385
ENSG00000143178	86	49	37
ENSG00000224837	1	0	1
ENSG00000116833	870	435	435
ENSG00000227740	31	9	23
ENSG00000260990	0	0	0
ENSG00000000457	321	299	279
ENSG00000143507	83	48	35
ENSG00000285638	0	0	0
ENSG00000226520	1	1	0
ENSG00000284592	0	0	0
ENSG00000230987	1	1	0
ENSG00000232527	1	1	0
ENSG00000215833	0	0	0
ENSG00000228167	0	0	0
ENSG00000225325	0	0	0
ENSG00000223344	0	0	0
ENSG00000228191	0	0	0
ENSG00000229961	0	0	0
ENSG00000150732	0	0	0
ENSG00000157064	12	7	5
ENSG00000288139	1	1	0
ENSG00000226015	95	44	51
ENSG00000215808	29	13	16
ENSG00000059588	1582	777	805
ENSG00000231512	0	0	0
ENSG00000237379	0	0	0
ENSG00000232959	0	8	10
ENSG00000122224	33	16	17
ENSG00000162782	70	31	39
ENSG00000238051	0	0	0
ENSG00000233196	0	0	0
ENSG00000229220	11	5	6
ENSG00000143653	1210	536	674
ENSG00000135837	486	218	268
ENSG00000158711	465	251	258
ENSG00000227747	0	0	0
ENSG00000228081	0	0	0
ENSG00000228020	0	0	0
ENSG00000234975	99	67	32
ENSG00000162851	409	188	221
ENSG00000271427	3	1	2
ENSG00000261817	0	0	0
ENSG00000143353	261	143	148
ENSG00000197965	3004	1505	1499
ENSG00000143493	286	132	154
ENSG00000230777	3	1	3
ENSG00000179397	16	6	10
ENSG00000224540	0	0	0
ENSG00000117592	9386	4594	4792
ENSG00000186197	4	1	3
ENSG00000229067	0	0	0
ENSG00000230231	0	0	0
ENSG00000227711	0	0	0
ENSG00000261182	0	0	0
ENSG00000228879	0	0	0
ENSG00000227925	0	0	0
ENSG00000162670	205	105	105
ENSG00000225712	0	0	0
ENSG00000162761	7	4	3
ENSG00000143199	10	4	6
ENSG00000179930	1	0	1
ENSG00000007908	8	4	4
ENSG00000092978	276	146	130
ENSG00000143499	657	326	331
ENSG00000188404	15	5	10
ENSG00000227735	0	0	0
ENSG00000243062	0	0	0
ENSG00000143196	118	49	69
ENSG00000228504	0	0	0
ENSG00000274702	0	0	0
ENSG00000226211	0	0	0
ENSG00000236942	5	5	1
ENSG00000287205	3	1	2
ENSG00000203697	2683	1291	1392
ENSG00000116574	790	377	413
ENSG00000287929	25	4	21
ENSG00000186283	1275	616	659
ENSG00000224896	0	0	0
ENSG00000226292	0	0	0
ENSG00000121481	178	87	91
ENSG00000227940	0	0	0
ENSG00000117139	1322	666	656
ENSG00000143248	261	138	123
ENSG00000278455	0	0	0
ENSG00000224810	2	0	2
ENSG00000162814	25	9	19
ENSG00000225172	0	0	0
ENSG00000261642	0	0	0
ENSG00000228239	0	0	0
ENSG00000237283	0	0	0
ENSG00000116132	10	3	7
ENSG00000238042	0	0	0
ENSG00000271475	0	0	0
ENSG00000231877	0	0	0
ENSG00000116679	4825	2434	2391
ENSG00000228536	0	0	0
ENSG00000230550	0	0	0
ENSG00000229242	0	0	0
ENSG00000253326	2	0	2
ENSG00000228470	0	0	0
ENSG00000152092	9	5	4
ENSG00000234984	0	0	0
ENSG00000231648	0	0	0
ENSG00000229983	0	0	0
ENSG00000215149	0	0	0
ENSG00000225122	0	0	0
ENSG00000225920	2	2	0
ENSG00000143476	77	37	40
ENSG00000121486	226	113	113
ENSG00000228437	0	0	0
ENSG00000214837	5	4	1
ENSG00000057252	574	291	283
ENSG00000225982	3	1	2
ENSG00000285718	0	0	0
ENSG00000234070	0	0	3
ENSG00000233620	1	0	1
ENSG00000237783	0	0	0
ENSG00000272906	21	38	29
ENSG00000233018	1	1	0
ENSG00000123685	31	13	18
ENSG00000224783	0	0	0
ENSG00000162852	669	345	324
ENSG00000232792	1	0	1
ENSG00000273004	12	8	4
ENSG00000143842	720	338	382
ENSG00000268062	14	8	6
ENSG00000237409	1	0	1
ENSG00000116962	190	87	103
ENSG00000288078	0	0	0
ENSG00000271399	0	0	0
ENSG00000229757	0	0	0
ENSG00000232679	0	0	0
ENSG00000159388	13304	6645	6659
ENSG00000220749	5	0	5
ENSG00000181450	173	72	101
ENSG00000223519	6	15	15
ENSG00000120333	575	303	291
ENSG00000286285	2	0	2
ENSG00000225300	2	2	0
ENSG00000223842	1	1	0
ENSG00000162753	0	0	0
ENSG00000228247	0	0	0
ENSG00000231424	2	2	0
ENSG00000143355	0	0	0
ENSG00000287177	0	0	0
ENSG00000237193	0	0	0
ENSG00000223490	0	0	0
ENSG00000121644	423	211	212
ENSG00000174502	0	0	0
ENSG00000224286	0	0	0
ENSG00000158715	967	496	471
ENSG00000143195	35	18	17
ENSG00000162849	4	0	4
ENSG00000232824	1	0	1
ENSG00000273416	8	4	4
ENSG00000234142	0	0	0
ENSG00000282111	0	0	0
ENSG00000233410	0	0	0
ENSG00000067533	213	113	100
ENSG00000228955	0	0	0
ENSG00000270443	0	0	0
ENSG00000116209	10718	5448	5270
ENSG00000224702	0	0	0
ENSG00000271811	2	1	1
ENSG00000224278	0	0	0
ENSG00000235492	0	0	0
ENSG00000287808	11	6	11
ENSG00000271588	2	1	1
ENSG00000229840	0	0	0
ENSG00000116161	894	435	485
ENSG00000226486	0	0	0
ENSG00000227687	0	0	0
ENSG00000231814	0	0	0
ENSG00000286210	1	1	0
ENSG00000287364	14	7	7
ENSG00000225063	0	0	0
ENSG00000260698	18	8	10
ENSG00000277007	15	8	7
ENSG00000229016	0	0	0
ENSG00000077157	1125	587	599
ENSG00000152104	54	29	25
ENSG00000236975	2	2	0
ENSG00000215834	0	0	0
ENSG00000286541	0	0	0
ENSG00000117650	68	29	39
ENSG00000235021	12	7	5
ENSG00000203724	89	43	46
ENSG00000225006	0	0	0
ENSG00000287633	0	0	0
ENSG00000158764	7	2	5
ENSG00000223375	0	0	0
ENSG00000230714	0	0	0
ENSG00000261065	0	2	6
ENSG00000260855	9	4	5
ENSG00000188783	94	43	51
ENSG00000236206	11	6	5
ENSG00000168118	1241	613	672
ENSG00000181101	0	0	0
ENSG00000173726	2713	1376	1337
ENSG00000282852	0	0	0
ENSG00000152382	157	90	67
ENSG00000143839	3	0	3
ENSG00000232100	0	0	0
ENSG00000261024	4	4	0
ENSG00000230547	0	0	0
ENSG00000229703	1	2	0
ENSG00000176754	0	0	0
ENSG00000232309	0	0	0
ENSG00000227953	40	28	36
ENSG00000232215	0	0	0
ENSG00000135829	1856	885	977
ENSG00000228289	0	0	0
ENSG00000134717	320	151	169
ENSG00000232989	0	0	0
ENSG00000233537	0	0	0
ENSG00000116668	96	47	49
ENSG00000143756	381	212	169
ENSG00000278180	0	0	0
ENSG00000143702	39	23	17
ENSG00000232341	0	0	0
ENSG00000287676	0	0	0
ENSG00000236792	0	0	0
ENSG00000143207	1197	575	622
ENSG00000270859	0	0	0
ENSG00000238224	0	0	0
ENSG00000286775	0	0	0
ENSG00000122176	856	423	433
ENSG00000229120	0	0	0
ENSG00000237492	0	0	0
ENSG00000230404	0	0	0
ENSG00000213036	0	0	0
ENSG00000227230	0	1	0
ENSG00000236230	0	0	0
ENSG00000026751	418	205	213
ENSG00000150681	11	9	2
ENSG00000116906	1098	562	536
ENSG00000092969	1	0	1
ENSG00000157181	540	263	277
ENSG00000250762	1	0	1
ENSG00000236720	0	0	0
ENSG00000227421	0	0	0
ENSG00000227240	1	0	1
ENSG00000076258	180	97	83
ENSG00000286073	0	0	0
ENSG00000231084	8	5	3
ENSG00000232085	0	0	0
ENSG00000117697	294	137	157
ENSG00000279333	0	3	7
ENSG00000235083	0	0	0
ENSG00000162669	1	1	0
ENSG00000197067	3	2	1
ENSG00000229652	0	0	0
ENSG00000132681	0	0	0
ENSG00000225904	0	0	0
ENSG00000270920	0	0	0
ENSG00000281664	0	0	0
ENSG00000143641	629	590	527
ENSG00000227630	11	4	7
ENSG00000228830	0	1462	1257
ENSG00000010932	7	4	3
ENSG00000282849	0	0	0
ENSG00000276520	1	1	1
ENSG00000226640	0	0	0
ENSG00000010072	74	41	38
ENSG00000135766	124	69	55
ENSG00000232626	0	0	0
ENSG00000232096	2	2	0
ENSG00000279261	1	1	0
ENSG00000213051	2	1	1
ENSG00000238054	0	0	0
ENSG00000163534	6	4	2
ENSG00000168243	71	36	35
ENSG00000281453	0	0	0
ENSG00000237469	0	0	0
ENSG00000224939	1	1	0
ENSG00000227613	0	0	0
ENSG00000116183	6	2	4
ENSG00000270106	2	2	0
ENSG00000232194	0	0	0
ENSG00000235152	0	0	0
ENSG00000231612	0	0	0
ENSG00000237980	0	0	0
ENSG00000271036	0	0	0
ENSG00000230849	1	0	1
ENSG00000170382	1151	585	566
ENSG00000228664	0	0	0
ENSG00000226868	0	0	0
ENSG00000279401	0	0	0
ENSG00000272362	0	0	0
ENSG00000287450	0	0	0
ENSG00000237011	0	0	0
ENSG00000233583	1	1	0
ENSG00000066027	1746	895	851
ENSG00000286263	0	0	0
ENSG00000227006	3	0	3
ENSG00000236372	0	0	0
ENSG00000224525	0	0	0
ENSG00000188770	0	0	0
ENSG00000173728	7	2	5
ENSG00000094975	291	141	150
ENSG00000225811	0	4	1
ENSG00000273093	0	0	0
ENSG00000162772	6364	3153	3212
ENSG00000227818	0	0	0
ENSG00000135828	391	194	197
ENSG00000224227	0	0	0
ENSG00000286398	0	0	0
ENSG00000076356	1839	914	925
ENSG00000215819	0	0	0
ENSG00000185523	1	0	1
ENSG00000236108	0	0	0
ENSG00000116711	128	60	68
ENSG00000231684	1	1	0
ENSG00000226750	0	0	0
ENSG00000285665	17	2	15
ENSG00000231022	0	0	0
ENSG00000224436	0	0	0
ENSG00000228208	1	1	0
ENSG00000273384	6	2	4
ENSG00000238061	4	1	3
ENSG00000234915	0	0	1
ENSG00000143845	15	14	9
ENSG00000235862	2	193	177
ENSG00000069812	1676	863	813
ENSG00000227585	0	0	0
ENSG00000157060	0	0	0
ENSG00000237213	0	0	0
ENSG00000236439	3	0	3
ENSG00000224260	0	0	0
ENSG00000213045	0	0	0
ENSG00000287220	4	1	3
ENSG00000230063	1	2	0
ENSG00000235467	0	0	0
ENSG00000123684	541	262	282
ENSG00000117707	78	38	40
ENSG00000228044	2	0	2
ENSG00000225338	2	1	1
ENSG00000224407	0	215	273
ENSG00000232463	0	0	0
ENSG00000237457	5	3	2
ENSG00000225171	37	19	18
ENSG00000226843	0	0	0
ENSG00000235386	0	0	0
ENSG00000123836	1998	1054	946
ENSG00000213690	0	0	0
ENSG00000223982	0	0	0
ENSG00000229832	2	1	1
ENSG00000117691	1746	887	859
ENSG00000225233	0	0	0
ENSG00000274895	14	12	2
ENSG00000237514	0	0	0
ENSG00000287856	0	0	0
ENSG00000228067	0	0	0
ENSG00000284299	1	1	0
ENSG00000226375	0	0	0
ENSG00000203705	189	82	107
ENSG00000224040	0	0	0
ENSG00000228686	13	4	9
ENSG00000279838	19	6	13
ENSG00000174175	52	25	27
ENSG00000236401	0	0	0
ENSG00000241475	0	0	0
ENSG00000215800	0	0	0
ENSG00000286421	0	0	0
ENSG00000270936	0	0	0
ENSG00000008118	7	6	1
ENSG00000171161	1012	528	484
ENSG00000241505	0	0	0
ENSG00000224535	0	0	0
ENSG00000282097	2	0	2
ENSG00000261453	1	1	0
ENSG00000231020	0	0	0
ENSG00000270818	0	0	0
ENSG00000196878	4262	2116	2146
ENSG00000133059	235	121	114
ENSG00000225561	0	0	0
ENSG00000224668	0	0	0
ENSG00000242529	0	0	0
ENSG00000074964	5841	2892	2949
ENSG00000223847	0	0	0
ENSG00000277704	0	0	0
ENSG00000116918	324	142	197
ENSG00000274020	68	40	49
ENSG00000287445	25	11	14
ENSG00000259815	0	0	0
ENSG00000240963	0	0	0
ENSG00000226570	0	0	0
ENSG00000198929	54	28	26
ENSG00000272167	0	0	0
ENSG00000230628	1	0	1
ENSG00000162771	8	182	194
ENSG00000227579	0	0	0
ENSG00000176393	3363	2065	1984
ENSG00000174606	439	229	210
ENSG00000179914	23342	11821	11521
ENSG00000235750	524	278	246
ENSG00000284376	1	0	1
ENSG00000121446	0	0	0
ENSG00000226758	0	0	0
ENSG00000230199	0	0	0
ENSG00000236905	1	1	0
ENSG00000233304	9	5	4
ENSG00000288007	10	5	9
ENSG00000227887	1	0	1
ENSG00000116903	188	107	86
ENSG00000228255	0	0	0
ENSG00000226196	0	0	0
ENSG00000287354	0	0	0
ENSG00000233827	0	0	0
ENSG00000198797	1	0	1
ENSG00000271746	23	19	32
ENSG00000234233	0	0	0
ENSG00000151414	316	158	158
ENSG00000177614	79	36	43
ENSG00000223794	0	0	0
ENSG00000235182	0	0	0
ENSG00000213041	3	0	3
ENSG00000287157	0	0	0
ENSG00000233920	1	1	0
ENSG00000183831	0	0	0
ENSG00000225755	0	0	0
ENSG00000143858	52	51	62
ENSG00000197472	5	5	0
ENSG00000230184	0	0	0
ENSG00000234004	0	0	0
ENSG00000232436	0	0	0
ENSG00000231718	0	0	0
ENSG00000283952	0	0	0
ENSG00000230019	0	0	0
ENSG00000136643	130	60	70
ENSG00000232537	0	0	0
ENSG00000226036	0	0	0
ENSG00000285521	0	0	0
ENSG00000236317	0	0	0
ENSG00000176855	1	1	0
ENSG00000227728	0	0	0
ENSG00000133069	21	10	11
ENSG00000162877	2	1	1
ENSG00000233461	43	10	33
ENSG00000225401	0	0	0
ENSG00000228190	0	0	0
ENSG00000135747	0	0	0
ENSG00000227237	10	6	4
ENSG00000069248	483	229	254
ENSG00000232812	0	0	0
ENSG00000231666	0	0	0
ENSG00000226986	0	0	0
ENSG00000242042	0	0	0
ENSG00000234464	0	0	0
ENSG00000253148	0	0	0
ENSG00000227751	0	439	351
ENSG00000090104	673	320	353
ENSG00000285280	21	11	10
ENSG00000232892	0	0	0
ENSG00000236950	1	1	0
ENSG00000236468	0	0	0
ENSG00000143322	320	161	159
ENSG00000185220	218	122	96
ENSG00000226003	0	0	0
ENSG00000230813	0	0	0
ENSG00000226862	22	6	16
ENSG00000236101	0	0	0
ENSG00000162769	193	101	92
ENSG00000133065	84	44	40
ENSG00000278684	0	0	0
ENSG00000236775	0	0	0
ENSG00000042781	6	3	3
ENSG00000234754	0	0	0
ENSG00000233084	0	0	0
ENSG00000227815	2	0	2
ENSG00000287046	1	1	0
ENSG00000223774	2	12	18
ENSG00000228863	8	34	33
ENSG00000228646	0	0	0
ENSG00000229112	0	0	0
ENSG00000233332	0	0	0
ENSG00000231984	0	0	0
ENSG00000286213	0	0	0
ENSG00000226876	3	0	3
ENSG00000277462	32	20	12
ENSG00000225591	0	0	0
ENSG00000035687	455	218	237
ENSG00000213080	3	0	3
ENSG00000180287	1	0	1
ENSG00000226693	0	0	0
ENSG00000234678	296	499	592
ENSG00000231272	0	0	0
ENSG00000223828	1	1	0
ENSG00000163431	214	125	117
ENSG00000230124	808	440	434
ENSG00000226723	1	1	0
ENSG00000272672	3	1	2
ENSG00000143473	3	9	4
ENSG00000228982	0	0	0
ENSG00000235096	0	0	0
ENSG00000237250	0	0	0
ENSG00000007341	269	221	229
ENSG00000286747	0	0	0
ENSG00000236069	0	0	0
ENSG00000236244	0	0	0
ENSG00000272865	0	0	0
ENSG00000117222	340	174	166
ENSG00000143324	304	137	167
ENSG00000229871	1	1	0
ENSG00000225222	0	0	0
ENSG00000118193	27	14	13
ENSG00000234116	0	0	0
ENSG00000231940	9	5	4
ENSG00000198842	5	2	3
ENSG00000286619	56	29	27
ENSG00000198756	7	5	2
ENSG00000259823	1280	578	702
ENSG00000271558	0	0	0
ENSG00000227554	0	0	0
ENSG00000178596	0	0	0
ENSG00000135749	165	139	122
ENSG00000143786	21	14	11
ENSG00000224584	0	0	0
ENSG00000054282	350	245	235
ENSG00000183780	0	0	0
ENSG00000229663	0	0	0
ENSG00000162702	104	40	64
ENSG00000251508	0	0	0
ENSG00000238272	0	0	0
ENSG00000228530	0	0	0
ENSG00000235060	0	0	0
ENSG00000143194	6	5	1
ENSG00000229531	3	1	2
ENSG00000271329	0	0	0
ENSG00000054267	424	207	226
ENSG00000261831	0	0	0
ENSG00000287921	0	0	0
ENSG00000177800	0	0	0
ENSG00000225620	1	1	0
ENSG00000232166	0	0	0
ENSG00000175137	1059	503	556
ENSG00000134245	167	188	157
ENSG00000234041	1	1	0
ENSG00000227373	20	5	15
ENSG00000231905	0	0	0
ENSG00000228175	54	28	26
ENSG00000069275	2371	1201	1170
ENSG00000143674	378	189	189
ENSG00000237317	0	0	0
ENSG00000187889	23	10	13
ENSG00000134375	1365	688	677
ENSG00000097046	50	25	25
ENSG00000232113	0	0	0
ENSG00000282718	0	0	0
ENSG00000231378	3	1	2
ENSG00000235605	0	0	1
ENSG00000223525	1	0	1
ENSG00000224857	0	0	0
ENSG00000273367	11	5	6
ENSG00000230604	1	0	1
ENSG00000231605	0	0	0
ENSG00000236358	1	2	0
ENSG00000203737	5	4	1
ENSG00000238003	2	2	0
ENSG00000215873	0	0	0
ENSG00000287008	0	0	0
ENSG00000185420	308	159	149
ENSG00000076321	203	99	104
ENSG00000272175	1	0	3
ENSG00000231564	0	0	0
ENSG00000135778	1783	860	1019
ENSG00000213070	0	0	0
ENSG00000282265	0	0	0
ENSG00000250536	4	1	3
ENSG00000229747	0	0	0
ENSG00000117280	157	74	83
ENSG00000233985	1	1	0
ENSG00000232175	16	9	7
ENSG00000287423	1	0	1
ENSG00000286774	0	0	0
ENSG00000236719	1	0	1
ENSG00000136636	863	424	439
ENSG00000225486	0	0	0
ENSG00000227043	0	0	0
ENSG00000163874	2448	1221	1227
ENSG00000285777	0	0	0
ENSG00000237249	5	5	0
ENSG00000286109	0	0	0
ENSG00000213068	5	1	4
ENSG00000054392	131	68	63
ENSG00000227994	0	0	0
ENSG00000286552	0	0	0
ENSG00000225711	4	0	4
ENSG00000122223	20	9	11
ENSG00000235869	0	0	0
ENSG00000188739	27	15	12
ENSG00000286666	0	0	0
ENSG00000135750	460	234	226
ENSG00000273198	0	0	0
ENSG00000203730	11	3	8
ENSG00000225719	0	0	0
ENSG00000273483	11	5	6
ENSG00000287987	0	0	0
ENSG00000203729	0	0	0
ENSG00000232809	0	0	0
ENSG00000284623	0	0	0
ENSG00000285981	0	0	0
ENSG00000261729	38	20	18
ENSG00000223869	0	0	0
ENSG00000229228	7	4	3
ENSG00000215796	0	0	0
ENSG00000185221	0	0	0
ENSG00000233047	0	0	0
ENSG00000143341	17	13	4
ENSG00000228309	1	1	0
ENSG00000229739	5	2	3
ENSG00000116703	1	1	0
ENSG00000273874	4	4	0
ENSG00000278791	0	17	18
ENSG00000278757	0	0	0
ENSG00000264341	0	0	0
ENSG00000264101	0	0	0
ENSG00000265141	0	0	0
ENSG00000221083	2	2	0
ENSG00000252404	0	0	0
ENSG00000222511	0	0	0
ENSG00000265392	0	0	0
ENSG00000243267	1	1	0
ENSG00000201725	0	0	0
ENSG00000274258	0	0	0
ENSG00000239149	2	1	1
ENSG00000252151	0	0	0
ENSG00000252969	0	0	0
ENSG00000252417	0	0	0
ENSG00000200975	0	0	0
ENSG00000201609	1	1	0
ENSG00000238482	0	0	0
ENSG00000252956	0	0	0
ENSG00000265606	0	0	0
ENSG00000284357	0	0	0
ENSG00000278034	0	0	0
ENSG00000207237	1	0	1
ENSG00000222784	0	0	0
ENSG00000266210	0	0	0
ENSG00000265961	0	0	0
ENSG00000251866	0	0	0
ENSG00000252691	0	0	0
ENSG00000264371	0	0	0
ENSG00000253005	0	0	0
ENSG00000238316	0	0	0
ENSG00000207941	0	0	0
ENSG00000264773	0	0	0
ENSG00000252448	0	0	0
ENSG00000200421	0	0	0
ENSG00000222282	0	0	0
ENSG00000199963	2	2	2
ENSG00000264698	0	0	0
ENSG00000207328	0	0	0
ENSG00000207466	0	0	0
ENSG00000252368	0	0	0
ENSG00000206779	0	0	0
ENSG00000265596	0	0	0
ENSG00000212541	0	0	0
ENSG00000200796	0	0	0
ENSG00000252190	0	0	0
ENSG00000264613	0	0	0
ENSG00000199240	0	0	0
ENSG00000277168	0	0	0
ENSG00000283724	0	0	0
ENSG00000284410	0	0	0
ENSG00000252018	0	0	0
ENSG00000206627	1	0	1
ENSG00000283414	0	0	0
ENSG00000207508	0	0	0
ENSG00000200171	0	0	0
ENSG00000207194	0	0	0
ENSG00000283477	0	0	0
ENSG00000264834	0	0	0
ENSG00000263675	1	1	0
ENSG00000266188	0	0	0
ENSG00000206981	0	0	0
ENSG00000200174	0	0	0
ENSG00000265822	0	0	0
ENSG00000265815	0	0	0
ENSG00000238653	0	0	0
ENSG00000212624	0	0	0
ENSG00000200575	0	0	0
ENSG00000212360	0	0	0
ENSG00000242860	2	1	1
ENSG00000263908	0	0	0
ENSG00000283690	0	0	0
ENSG00000199921	0	0	0
ENSG00000251825	0	0	0
ENSG00000201153	0	0	0
ENSG00000222624	0	0	0
ENSG00000223152	0	0	0
ENSG00000212308	0	0	0
ENSG00000279049	0	30	15
ENSG00000276081	0	0	0
ENSG00000239640	0	0	0
ENSG00000252338	0	0	0
ENSG00000251785	0	0	0
ENSG00000239319	0	0	0
ENSG00000222849	0	0	0
ENSG00000283749	0	0	0
ENSG00000251958	0	0	0
ENSG00000251767	0	0	0
ENSG00000243437	4	0	4
ENSG00000202263	0	0	0
ENSG00000199318	0	0	0
ENSG00000199666	0	0	0
ENSG00000200601	0	0	0
ENSG00000242482	0	0	0
ENSG00000212366	0	0	0
ENSG00000201620	0	0	0
ENSG00000206817	0	0	0
ENSG00000284247	0	0	0
ENSG00000200839	0	0	0
ENSG00000264963	0	0	0
ENSG00000264271	0	0	0
ENSG00000239504	0	0	0
ENSG00000284202	0	0	0
ENSG00000251720	0	0	0
ENSG00000274321	0	0	0
ENSG00000198974	0	0	0
ENSG00000212248	2	2	0
ENSG00000207962	0	0	0
ENSG00000276884	0	1	0
ENSG00000207234	0	0	0
ENSG00000202259	0	0	0
ENSG00000212459	1	0	1
ENSG00000278287	0	0	0
ENSG00000277565	0	0	0
ENSG00000263526	3	1	2
ENSG00000211575	0	0	0
ENSG00000275823	0	0	0
ENSG00000277689	0	0	0
ENSG00000274199	0	0	0
ENSG00000202254	0	0	0
ENSG00000244256	1	0	1
ENSG00000201491	0	0	0
ENSG00000199831	0	0	0
ENSG00000275455	0	0	0
ENSG00000252162	0	0	0
ENSG00000272051	0	0	0
ENSG00000283899	0	0	0
ENSG00000200800	0	0	0
ENSG00000207502	0	0	0
ENSG00000252530	0	0	0
ENSG00000200536	0	0	0
ENSG00000211543	0	0	0
ENSG00000252797	0	0	0
ENSG00000212266	1	0	1
ENSG00000222209	0	0	0
ENSG00000277141	0	0	0
ENSG00000215930	0	0	0
ENSG00000238761	0	0	0
ENSG00000201114	1	0	1
ENSG00000206679	0	0	0
ENSG00000264419	0	0	0
ENSG00000222069	0	0	0
ENSG00000274428	6	4	2
ENSG00000199879	9	8	1
ENSG00000274408	0	0	0
ENSG00000283676	8	6	2
ENSG00000252005	0	0	0
ENSG00000252510	0	0	0
ENSG00000207340	10	5	5
ENSG00000252830	0	0	0
ENSG00000274450	0	0	0
ENSG00000252135	0	0	0
ENSG00000278596	1	1	0
ENSG00000238825	1	1	0
ENSG00000201183	9	5	4
ENSG00000202408	0	1	2
ENSG00000252744	0	0	0
ENSG00000273768	9	2	7
ENSG00000242565	0	0	0
ENSG00000239984	0	0	0
ENSG00000283296	3	1	2
ENSG00000252717	0	0	0
ENSG00000194297	0	0	0
ENSG00000199565	0	0	0
ENSG00000277313	0	0	0
ENSG00000274940	0	0	1
ENSG00000207341	0	0	0
ENSG00000207472	0	0	0
ENSG00000206880	1	0	1
ENSG00000252552	1	0	1
ENSG00000199849	0	0	0
ENSG00000252407	0	0	0
ENSG00000212538	0	0	0
ENSG00000251813	0	0	0
ENSG00000207108	0	0	0
ENSG00000201312	0	0	0
ENSG00000207039	0	0	0
ENSG00000202491	0	0	0
ENSG00000201596	0	0	0
ENSG00000276839	0	0	0
ENSG00000207974	0	0	0
ENSG00000273629	1	0	1
ENSG00000201493	0	0	0
ENSG00000215952	0	0	0
ENSG00000200139	0	0	0
ENSG00000283575	0	0	0
ENSG00000238765	0	0	0
ENSG00000264916	0	0	0
ENSG00000212338	0	0	0
ENSG00000206659	0	0	0
ENSG00000253025	0	0	0
ENSG00000201619	0	0	0
ENSG00000201544	1	1	0
ENSG00000202498	0	0	0
ENSG00000221545	0	0	0
ENSG00000252906	1	1	0
ENSG00000206692	0	0	0
ENSG00000202329	0	0	0
ENSG00000242794	0	0	0
ENSG00000212144	0	0	0
ENSG00000283340	0	0	0
ENSG00000252860	3	2	1
ENSG00000252501	0	0	0
ENSG00000263390	0	0	0
ENSG00000207181	4	2	2
ENSG00000265744	0	0	0
ENSG00000264377	0	0	0
ENSG00000207149	0	0	0
ENSG00000283936	0	0	0
ENSG00000284485	0	0	0
ENSG00000201638	0	0	0
ENSG00000275213	0	0	0
ENSG00000239494	2	0	2
ENSG00000212230	0	0	0
ENSG00000252371	0	0	0
ENSG00000199442	0	0	0
ENSG00000200033	0	0	0
ENSG00000239690	0	0	0
ENSG00000202184	0	0	0
ENSG00000241395	0	0	0
ENSG00000200982	0	0	0
ENSG00000275207	5	3	2
ENSG00000202300	0	0	0
ENSG00000222407	0	0	0
ENSG00000222986	0	0	0
ENSG00000265435	0	0	0
ENSG00000272262	0	0	0
ENSG00000200495	0	0	0
ENSG00000202609	0	0	0
ENSG00000252553	0	0	0
ENSG00000206764	0	0	0
ENSG00000222240	0	0	0
ENSG00000212187	0	0	0
ENSG00000206637	1	1	0
ENSG00000253097	0	0	0
ENSG00000200036	2	1	1
ENSG00000201421	1	0	1
ENSG00000212610	0	0	0
ENSG00000252484	0	0	0
ENSG00000201944	0	0	0
ENSG00000200327	0	0	0
ENSG00000206905	0	0	0
ENSG00000200972	1	1	0
ENSG00000243051	0	0	0
ENSG00000252011	0	0	0
ENSG00000207326	0	0	0
ENSG00000212205	0	0	0
ENSG00000253042	1	0	1
ENSG00000274121	0	0	0
ENSG00000264358	0	0	0
ENSG00000206640	0	0	0
ENSG00000212527	0	0	0
ENSG00000252879	0	0	0
ENSG00000252612	0	0	0
ENSG00000202264	0	0	0
ENSG00000285609	0	0	0
ENSG00000206762	1	1	0
ENSG00000252084	0	0	0
ENSG00000200085	0	0	0
ENSG00000264500	1	0	1
ENSG00000202025	0	0	0
ENSG00000225545	0	0	0
ENSG00000206990	0	0	0
ENSG00000230175	0	0	0
ENSG00000225272	1	1	0
ENSG00000215838	1	0	1
ENSG00000273365	1	0	1
ENSG00000224358	2	1	2
ENSG00000230659	0	0	0
ENSG00000162545	6014	2956	3058
ENSG00000090432	1033	490	543
ENSG00000215520	0	0	0
ENSG00000183114	2	1	1
ENSG00000158825	483	236	247
ENSG00000158828	685	1868	1883
ENSG00000284005	0	0	0
ENSG00000117242	144	1675	1535
ENSG00000234473	1	1	0
ENSG00000238754	0	0	0
ENSG00000134371	250	118	132
ENSG00000221680	1	1	0
ENSG00000162630	10	5	5
ENSG00000276735	0	0	0
ENSG00000232077	0	0	0
ENSG00000229639	0	0	0
ENSG00000287453	0	0	0
ENSG00000270615	0	0	0
ENSG00000287283	0	0	0
ENSG00000240692	0	0	0
ENSG00000229359	0	0	0
ENSG00000237919	0	0	0
ENSG00000066557	103	48	55
ENSG00000244389	0	0	0
ENSG00000228988	3	2	1
ENSG00000118454	390	199	191
ENSG00000226088	4	3	1
ENSG00000116761	237	115	122
ENSG00000278636	0	0	0
ENSG00000271992	42	19	23
ENSG00000233020	0	0	0
ENSG00000237033	0	0	0
ENSG00000226208	0	0	0
ENSG00000007968	762	356	406
ENSG00000235052	20	12	8
ENSG00000117318	12368	6262	6106
ENSG00000285802	0	0	0
ENSG00000229239	0	0	0
ENSG00000142676	30443	15004	15439
ENSG00000057757	1117	584	533
ENSG00000011009	3250	1624	1628
ENSG00000117308	3891	1939	1954
ENSG00000273844	0	0	0
ENSG00000235748	5	2	3
ENSG00000237861	0	0	0
ENSG00000221879	0	0	0
ENSG00000230260	0	0	0
ENSG00000199241	0	0	0
ENSG00000226919	0	0	0
ENSG00000223963	0	0	0
ENSG00000215802	0	0	0
ENSG00000233615	0	0	0
ENSG00000238085	0	0	0
ENSG00000265831	0	0	0
ENSG00000224348	0	0	0
ENSG00000286496	0	0	0
ENSG00000287516	0	0	0
ENSG00000287738	0	0	0
ENSG00000132703	0	0	0
ENSG00000276632	0	0	0
ENSG00000223603	0	0	0
ENSG00000132693	0	0	0
ENSG00000235226	0	0	0
ENSG00000158716	1964	888	1076
ENSG00000181036	9	5	4
ENSG00000158714	12	35	45
ENSG00000212161	0	0	0
ENSG00000243284	32	17	15
ENSG00000272668	126	72	59
ENSG00000213085	8	4	4
ENSG00000266458	0	0	0
ENSG00000287040	5	0	5
ENSG00000279430	6	2	4
ENSG00000162723	0	0	0
ENSG00000273933	1	0	1
ENSG00000256029	8	12	15
ENSG00000188004	1	1	0
ENSG00000266580	0	0	0
ENSG00000254545	0	0	0
ENSG00000203620	0	0	0
ENSG00000269967	5	3	2
ENSG00000228634	13	9	4
ENSG00000284702	0	0	0
ENSG00000221040	1	1	0
ENSG00000287217	13	9	4
ENSG00000163399	4691	13819	13621
ENSG00000212385	0	0	0
ENSG00000233154	2	2	0
ENSG00000230381	0	0	0
ENSG00000200547	0	0	0
ENSG00000224950	54	29	38
ENSG00000286276	1	10	4
ENSG00000177888	144	79	65
ENSG00000243364	966	438	528
ENSG00000251246	0	0	0
ENSG00000143590	240	109	131
ENSG00000202027	1	0	1
ENSG00000169242	4884	2406	2478
ENSG00000169241	2616	1280	1336
ENSG00000223452	3	0	3
ENSG00000163463	252	143	109
ENSG00000273088	0	0	0
ENSG00000284586	0	0	0
ENSG00000169231	896	732	747
ENSG00000236263	0	26	20
ENSG00000236675	12	5	7
ENSG00000177628	808	440	368
ENSG00000116521	1417	662	755
ENSG00000176444	1477	743	734
ENSG00000143630	340	314	229
ENSG00000143627	26	95	134
ENSG00000253074	0	0	0
ENSG00000252116	0	0	0
ENSG00000228523	0	0	0
ENSG00000223263	1	0	1
ENSG00000207504	0	0	0
ENSG00000238139	0	0	0
ENSG00000197721	0	0	0
ENSG00000244703	0	0	0
ENSG00000226289	0	0	0
ENSG00000285239	0	0	0
ENSG00000234219	2	2	0
ENSG00000174059	158	76	82
ENSG00000285719	0	0	0
ENSG00000284237	94	44	50
ENSG00000158731	0	0	0
ENSG00000201746	0	0	0
ENSG00000264881	1	0	1
ENSG00000199562	2	2	0
ENSG00000264501	0	0	0
ENSG00000284735	13	8	5
ENSG00000284642	49	19	30
ENSG00000142657	2239	1127	1112
ENSG00000271989	0	0	9
ENSG00000251503	1	1	0
ENSG00000175279	44	11	33
ENSG00000160049	803	464	460
ENSG00000203469	0	32	32
ENSG00000236035	2	1	1
ENSG00000221643	0	0	0
ENSG00000122188	52	28	24
ENSG00000288644	0	0	0
ENSG00000227417	10	5	5
ENSG00000223505	4	3	1
ENSG00000182004	982	522	460
ENSG00000236430	1	0	1
ENSG00000130768	1191	994	956
ENSG00000227050	3	346	418
ENSG00000238231	11	5	6
ENSG00000240750	0	0	0
ENSG00000158156	434	222	214
ENSG00000182118	41	21	20
ENSG00000283799	0	0	0
ENSG00000227934	1	1	0
ENSG00000229595	0	0	0
ENSG00000143633	532	274	258
ENSG00000281912	94	57	48
ENSG00000288208	0	0	0
ENSG00000132773	383	226	224
ENSG00000070759	241	137	137
ENSG00000236872	0	0	0
ENSG00000280670	67	28	39
ENSG00000132763	431	1699	1163
ENSG00000221953	10	6	4
ENSG00000226164	0	0	0
ENSG00000224014	2	1	1
ENSG00000215795	10	4	6
ENSG00000259865	192	83	109
ENSG00000227671	579	292	287
ENSG00000283881	0	0	0
ENSG00000252516	0	0	0
ENSG00000232347	0	0	0
ENSG00000214144	0	0	0
ENSG00000235818	0	0	0
ENSG00000197617	0	0	0
ENSG00000202079	4	3	1
ENSG00000286216	2	3	5
ENSG00000203664	0	0	0
ENSG00000169224	10	3	7
ENSG00000236817	2	1	2
ENSG00000177489	0	0	0
ENSG00000177476	0	0	0
ENSG00000283369	0	0	0
ENSG00000230411	0	0	0
ENSG00000251977	0	0	0
ENSG00000252254	0	0	0
ENSG00000227854	0	0	0
ENSG00000287589	0	0	0
ENSG00000259776	0	0	0
ENSG00000233355	30	16	15
ENSG00000234601	2	2	0
ENSG00000231979	0	0	0
ENSG00000215805	0	0	0
ENSG00000287102	0	0	0
ENSG00000217327	0	0	0
ENSG00000228818	0	0	0
ENSG00000202041	0	0	0
ENSG00000223694	0	0	0
ENSG00000233735	0	0	0
ENSG00000133019	293	141	153
ENSG00000162636	640	316	324
ENSG00000162639	366	169	198
ENSG00000285923	3	2	2
ENSG00000134186	1348	635	713
ENSG00000143107	0	0	0
ENSG00000232971	0	0	0
ENSG00000116266	556	259	297
ENSG00000228076	2	0	2
ENSG00000203897	0	0	0
ENSG00000237349	1	1	0
ENSG00000244716	8	5	3
ENSG00000228665	1	0	1
ENSG00000228054	2	0	2
ENSG00000273382	32	13	39
ENSG00000215717	804	399	425
ENSG00000278249	0	0	0
ENSG00000270066	0	0	0
ENSG00000251484	3	2	1
ENSG00000132676	2171	1053	1143
ENSG00000227673	0	0	0
ENSG00000203761	77	70	32
ENSG00000234937	7	5	2
ENSG00000132718	48	20	28
ENSG00000283442	0	0	0
ENSG00000143622	328	160	168
ENSG00000132680	1016	514	502
ENSG00000207475	0	0	0
ENSG00000280466	0	0	0
ENSG00000281394	0	0	0
ENSG00000277817	0	0	0
ENSG00000273002	38	18	20
ENSG00000224276	15	12	3
ENSG00000285677	4	278	561
ENSG00000163479	3354	2109	2061
ENSG00000160803	707	405	302
ENSG00000132698	5886	3021	2865
ENSG00000252236	0	0	0
ENSG00000260238	0	0	0
ENSG00000242252	32	12	20
ENSG00000198952	2855	1436	1419
ENSG00000163472	272	387	335
ENSG00000163468	3864	2024	1841
ENSG00000132677	3	0	3
ENSG00000237390	0	0	0
ENSG00000207933	0	0	0
ENSG00000254726	42	20	22
ENSG00000186377	11	8	3
ENSG00000186160	4	2	2
ENSG00000225154	0	0	0
ENSG00000225506	4	2	2
ENSG00000225514	0	0	0
ENSG00000224805	8	8	10
ENSG00000162366	2213	1129	1084
ENSG00000226252	0	1	3
ENSG00000225762	80	26	54
ENSG00000186790	10	2	8
ENSG00000237424	1062	495	567
ENSG00000189030	0	0	0
ENSG00000162763	0	0	0
ENSG00000143061	517	269	248
ENSG00000135821	5215	2603	2612
ENSG00000203740	0	0	0
ENSG00000162374	1	1	0
ENSG00000168275	602	395	471
ENSG00000241563	12	7	5
ENSG00000153207	355	175	180
ENSG00000156869	468	222	246
ENSG00000033122	13	6	7
ENSG00000143278	0	0	0
ENSG00000116678	23	14	9
ENSG00000159352	2927	1451	1477
ENSG00000158710	7868	4035	3833
ENSG00000162734	694	349	361
ENSG00000049239	3072	1514	1558
ENSG00000186564	1308	686	622
ENSG00000244038	4744	2402	2342
ENSG00000158747	15370	7521	7849
ENSG00000116690	2	181	63
ENSG00000126091	24	9	15
ENSG00000162383	45	21	25
ENSG00000171163	2190	1117	1073
ENSG00000172456	269	110	163
ENSG00000162946	25	13	12
ENSG00000158786	2	0	2
ENSG00000118733	1	0	1
ENSG00000157870	2178	1796	1689
ENSG00000179085	1373	675	698
ENSG00000173080	497	259	238
ENSG00000183347	0	0	0
ENSG00000276470	0	0	0
ENSG00000278852	0	0	0
ENSG00000275915	0	0	0
ENSG00000120937	0	0	0
ENSG00000224904	0	0	0
ENSG00000285646	63	24	39
ENSG00000199347	0	0	0
ENSG00000201801	11	6	5
ENSG00000116685	3592	1739	1853
ENSG00000083444	1192	582	610
ENSG00000287384	1	1	0
ENSG00000270914	0	0	0
ENSG00000116691	1159	607	552
ENSG00000202461	3	2	1
ENSG00000276869	0	0	0
ENSG00000243539	0	0	0
ENSG00000120949	5	2	3
ENSG00000201135	0	0	0
ENSG00000227875	0	0	0
ENSG00000285604	0	0	0
ENSG00000283789	0	0	0
ENSG00000263676	0	0	0
ENSG00000200591	0	0	0
ENSG00000162521	704	770	718
ENSG00000162520	58	401	441
ENSG00000224409	0	0	0
ENSG00000162522	6732	3438	3294
ENSG00000116497	494	265	240
ENSG00000160097	25	17	8
ENSG00000121905	96	3504	2867
ENSG00000121900	16322	11358	11239
ENSG00000287691	14	12	7
ENSG00000278966	0	0	0
ENSG00000143222	2246	1295	1283
ENSG00000224985	9	70	271
ENSG00000143224	709	339	426
ENSG00000158850	1006	526	531
ENSG00000158859	35	14	21
ENSG00000158869	115	55	60
ENSG00000158874	0	0	0
ENSG00000158882	421	352	393
ENSG00000284035	0	0	0
ENSG00000143257	14	190	148
ENSG00000248485	1	0	1
ENSG00000188931	43	23	25
ENSG00000236484	1	1	0
ENSG00000283696	15	8	7
ENSG00000288093	26	16	10
ENSG00000206921	0	0	0
ENSG00000215840	5	2	3
ENSG00000277882	0	0	0
ENSG00000283317	11	6	5
ENSG00000277762	0	0	0
ENSG00000227139	0	0	0
ENSG00000265107	26	15	22
ENSG00000274415	0	8	3
ENSG00000234190	0	0	0
ENSG00000223728	0	0	0
ENSG00000121634	0	0	0
ENSG00000188092	111	35	76
ENSG00000215859	16	9	12
ENSG00000273059	0	3	2
ENSG00000274372	7	2	5
ENSG00000206791	0	0	0
ENSG00000206585	2	0	2
ENSG00000229828	0	0	0
ENSG00000225080	0	0	0
ENSG00000198658	4	2	2
ENSG00000238382	0	0	0
ENSG00000225919	0	0	0
ENSG00000236497	1	1	0
ENSG00000207190	0	0	0
ENSG00000200508	2	2	0
ENSG00000284928	0	0	0
ENSG00000223949	4	3	1
ENSG00000116688	2734	1343	1391
ENSG00000188800	0	0	0
ENSG00000084073	681	351	330
ENSG00000231296	0	0	0
ENSG00000049089	2002	986	1016
ENSG00000227311	1	1	0
ENSG00000213172	0	0	0
ENSG00000284677	0	0	0
ENSG00000187801	23	8	15
ENSG00000260920	12	8	4
ENSG00000158887	73	40	33
ENSG00000255054	0	0	0
ENSG00000228172	28	189	247
ENSG00000117640	1713	1034	1074
ENSG00000272478	0	0	0
ENSG00000127423	16	19	12
ENSG00000182749	125	81	66
ENSG00000207302	0	0	0
ENSG00000117632	841	419	422
ENSG00000229786	0	0	0
ENSG00000223624	0	0	0
ENSG00000283938	0	0	0
ENSG00000199385	0	0	0
ENSG00000187147	1544	1060	1044
ENSG00000263381	0	0	0
ENSG00000126106	551	555	556
ENSG00000198520	61	32	29
ENSG00000199377	1	1	0
ENSG00000200169	17	11	6
ENSG00000142945	214	107	120
ENSG00000142937	42050	22326	22297
ENSG00000264294	0	0	0
ENSG00000200913	27	15	12
ENSG00000202031	12	10	2
ENSG00000207421	0	0	0
ENSG00000281859	0	0	0
ENSG00000234093	46	21	25
ENSG00000142959	4212	2152	2060
ENSG00000173846	1307	702	643
ENSG00000117425	91	48	43
ENSG00000202444	0	0	0
ENSG00000226499	1	1	0
ENSG00000070785	394	185	209
ENSG00000253039	0	0	0
ENSG00000229815	0	0	0
ENSG00000232369	0	0	0
ENSG00000268949	1	0	1
ENSG00000126107	2917	1462	1508
ENSG00000126088	1101	545	609
ENSG00000234315	1	1	0
ENSG00000162408	865	426	439
ENSG00000229519	3	0	3
ENSG00000173662	3	0	3
ENSG00000204859	2261	1134	1127
ENSG00000288629	0	0	0
ENSG00000230735	0	0	0
ENSG00000171488	44	25	19
ENSG00000226394	0	0	0
ENSG00000237200	2	2	0
ENSG00000070886	0	0	0
ENSG00000276835	0	0	0
ENSG00000265422	0	0	0
ENSG00000223776	1	6	8
ENSG00000273058	45	21	24
ENSG00000230325	3	4	5
ENSG00000119285	264	406	398
ENSG00000226498	1	0	1
ENSG00000237991	2	1	1
ENSG00000244020	3	3	0
ENSG00000288099	0	0	0
ENSG00000225886	0	0	0
ENSG00000206767	0	0	0
ENSG00000226662	0	0	0
ENSG00000207095	0	0	0
ENSG00000287244	17	9	8
ENSG00000231344	2	1	1
ENSG00000230833	0	0	0
ENSG00000117758	886	431	455
ENSG00000269971	4	0	4
ENSG00000270031	1	0	1
ENSG00000223062	0	0	0
ENSG00000286433	0	0	7
ENSG00000117751	574	281	300
ENSG00000252947	1	0	1
ENSG00000130775	111	64	47
ENSG00000117748	478	244	234
ENSG00000223643	0	0	0
ENSG00000230239	1	0	1
ENSG00000263811	0	0	0
ENSG00000277234	0	0	0
ENSG00000235241	0	80	144
ENSG00000207005	1	1	0
ENSG00000272426	35	18	17
ENSG00000117122	43	32	28
ENSG00000286898	0	6	11
ENSG00000226526	0	13	9
ENSG00000159363	1325	667	675
ENSG00000117118	3620	1706	1914
ENSG00000117115	9784	4824	4960
ENSG00000204362	0	0	0
ENSG00000282843	0	0	0
ENSG00000142623	90	51	39
ENSG00000142619	0	0	0
ENSG00000266634	0	0	0
ENSG00000199459	0	0	0
ENSG00000273264	10	1	9
ENSG00000282057	5	3	2
ENSG00000272691	1	1	0
ENSG00000199934	0	0	0
ENSG00000230285	0	0	0
ENSG00000142871	1985	998	987
ENSG00000226643	0	0	0
ENSG00000234419	0	0	0
ENSG00000276997	5	4	1
ENSG00000222399	0	0	0
ENSG00000267305	0	0	0
ENSG00000143512	12	6	6
ENSG00000143498	48	23	25
ENSG00000225265	27	11	16
ENSG00000154305	1093	678	590
ENSG00000229399	1	1	0
ENSG00000272750	25	76	124
ENSG00000186063	75	37	40
ENSG00000162819	715	342	375
ENSG00000287684	13	9	15
ENSG00000234523	0	0	0
ENSG00000287338	2	0	2
ENSG00000187554	36	17	19
ENSG00000236846	0	0	0
ENSG00000226601	0	0	0
ENSG00000164010	332	289	260
ENSG00000164011	235	113	122
ENSG00000233708	0	0	0
ENSG00000237090	0	0	0
ENSG00000225099	0	0	0
ENSG00000284138	3	2	1
ENSG00000283973	0	0	1
ENSG00000207256	0	0	0
ENSG00000283136	1	1	0
ENSG00000277513	1	0	1
ENSG00000154309	186	88	98
ENSG00000226967	0	0	0
ENSG00000231407	34	15	25
ENSG00000229570	0	0	0
ENSG00000203857	1	1	0
ENSG00000226443	0	0	0
ENSG00000249798	0	0	0
ENSG00000239873	0	0	0
ENSG00000203855	0	0	0
ENSG00000240244	0	0	0
ENSG00000260941	0	0	0
ENSG00000198857	0	0	0
ENSG00000143067	36	15	21
ENSG00000134240	27932	13813	14119
ENSG00000134193	506	272	234
ENSG00000215864	7	1	6
ENSG00000227205	1	1	0
ENSG00000226446	0	0	0
ENSG00000134249	0	0	0
ENSG00000092621	187	98	89
ENSG00000027644	3	3	0
ENSG00000241992	0	0	0
ENSG00000234226	0	0	0
ENSG00000137970	91	8	83
ENSG00000223229	0	0	0
ENSG00000285698	0	0	0
ENSG00000228035	0	0	0
ENSG00000287103	0	0	0
ENSG00000226973	0	0	0
ENSG00000274468	0	0	0
ENSG00000130764	1459	786	742
ENSG00000266075	2	0	2
ENSG00000272153	25	58	36
ENSG00000230026	0	0	0
ENSG00000285177	0	0	0
ENSG00000284770	42	51	59
ENSG00000229795	1	0	1
ENSG00000238236	0	0	0
ENSG00000235638	0	0	0
ENSG00000231199	0	0	0
ENSG00000226663	0	0	0
ENSG00000231582	0	0	0
ENSG00000232714	0	0	0
ENSG00000235761	0	0	0
ENSG00000270710	0	0	0
ENSG00000227236	1	0	1
ENSG00000198837	1003	547	495
ENSG00000160741	1414	743	671
ENSG00000276584	0	0	0
ENSG00000282386	26	13	13
ENSG00000273026	36	12	24
ENSG00000143578	723	407	408
ENSG00000143543	731	181	618
ENSG00000285641	0	5	3
ENSG00000143545	461	175	286
ENSG00000177954	20733	10780	9953
ENSG00000231416	14	10	4
ENSG00000200220	0	0	0
ENSG00000231837	0	0	0
ENSG00000263987	0	0	0
ENSG00000162642	417	210	207
ENSG00000223254	22	11	11
ENSG00000223653	27	24	37
ENSG00000116198	448	215	233
ENSG00000169598	293	150	143
ENSG00000226653	0	0	0
ENSG00000207209	0	0	0
ENSG00000272443	4	1	3
ENSG00000272480	0	0	0
ENSG00000288626	0	0	0
ENSG00000162836	802	413	389
ENSG00000207080	0	0	0
ENSG00000231791	0	0	0
ENSG00000244568	0	0	0
ENSG00000271387	22	9	13
ENSG00000116667	2794	1369	1425
ENSG00000230470	4	1	3
ENSG00000232036	1	0	1
ENSG00000285847	23	7	16
ENSG00000286378	3	3	0
ENSG00000215381	0	0	0
ENSG00000261326	140	70	70
ENSG00000284726	0	0	0
ENSG00000125945	198	113	91
ENSG00000201405	0	0	0
ENSG00000271420	131	63	68
ENSG00000204219	8947	4245	4702
ENSG00000232482	2	1	1
ENSG00000285779	0	0	0
ENSG00000162885	410	372	356
ENSG00000270780	0	0	0
ENSG00000232895	0	0	0
ENSG00000273698	0	0	0
ENSG00000273112	0	0	0
ENSG00000173110	1450	696	754
ENSG00000224203	0	0	0
ENSG00000224515	0	0	0
ENSG00000225217	34	22	12
ENSG00000231586	0	0	0
ENSG00000234211	0	0	0
ENSG00000213075	0	0	0
ENSG00000143125	1	1	1
ENSG00000270380	0	0	1
ENSG00000282887	0	0	0
ENSG00000283999	0	0	0
ENSG00000240194	0	0	0
ENSG00000235407	0	0	0
ENSG00000143105	0	0	0
ENSG00000199710	0	0	0
ENSG00000237415	0	0	0
ENSG00000232791	0	0	0
ENSG00000177301	5	1	4
ENSG00000226828	0	0	0
ENSG00000279774	2	1	1
ENSG00000229960	1	1	0
ENSG00000286486	1	0	1
ENSG00000244066	0	0	0
ENSG00000237759	0	0	0
ENSG00000287531	0	0	0
ENSG00000225855	296	1439	1294
ENSG00000283701	0	0	0
ENSG00000207134	1	1	0
ENSG00000227773	0	0	0
ENSG00000207144	0	0	0
ENSG00000237872	1	1	0
ENSG00000271267	8	5	3
ENSG00000225082	1	0	1
ENSG00000223503	1	1	0
ENSG00000232519	0	0	0
ENSG00000160752	1308	1860	1846
ENSG00000121957	234	394	365
ENSG00000235089	0	0	0
ENSG00000285179	0	0	0
ENSG00000223026	0	0	0
ENSG00000225721	0	22	2570
ENSG00000188396	102	83	57
ENSG00000202167	0	0	0
ENSG00000207349	0	0	0
ENSG00000252826	0	0	0
ENSG00000206737	0	0	0
ENSG00000223779	0	0	0
ENSG00000242352	0	0	0
ENSG00000270962	0	0	0
ENSG00000263590	0	0	0
ENSG00000252105	0	0	0
ENSG00000233430	0	0	0
ENSG00000237503	0	0	0
ENSG00000265531	0	0	0
ENSG00000234571	0	0	0
ENSG00000230186	0	0	0
ENSG00000268074	0	0	0
ENSG00000270872	0	0	0
ENSG00000276674	0	0	0
ENSG00000082482	3	3	0
ENSG00000116747	130	107	135
ENSG00000118729	10	6	4
ENSG00000134207	0	0	0
ENSG00000163467	4	5	0
ENSG00000243710	4	4	2
ENSG00000117395	1380	633	760
ENSG00000116874	275	145	184
ENSG00000065600	41	23	18
ENSG00000009780	236	109	127
ENSG00000023572	445	264	287
ENSG00000077254	735	370	365
ENSG00000134644	1038	537	501
ENSG00000215788	1623	1060	1015
ENSG00000117834	76	42	49
ENSG00000117625	696	331	365
ENSG00000179902	5	0	5
ENSG00000020633	80	41	39
ENSG00000121766	516	284	331
ENSG00000143157	689	328	361
ENSG00000162614	33	13	20
ENSG00000160781	124	77	47
ENSG00000143344	105	51	54
ENSG00000162613	1002	494	508
ENSG00000116882	0	0	0
ENSG00000198758	11615	5777	5838
ENSG00000117569	248	123	125
ENSG00000142856	152	167	172
ENSG00000158022	3	2	1
ENSG00000116396	483	235	248
ENSG00000058668	329	157	172
ENSG00000163875	609	288	321
ENSG00000282872	0	0	0
ENSG00000131238	563	266	297
ENSG00000171680	629	327	302
ENSG00000244457	0	0	0
ENSG00000116977	656	616	632
ENSG00000229372	0	97	117
ENSG00000274975	0	0	0
ENSG00000229348	4	1	3
ENSG00000242485	2360	1355	1378
ENSG00000264293	0	0	0
ENSG00000272455	109	45	64
ENSG00000225905	3	3	2
ENSG00000225285	34	18	16
ENSG00000179403	1260	655	605
ENSG00000215915	13	7	6
ENSG00000236085	0	0	0
ENSG00000234441	0	0	0
ENSG00000227408	0	0	0
ENSG00000223635	2	0	2
ENSG00000135776	352	178	174
ENSG00000199672	0	0	0
ENSG00000201492	1	1	0
ENSG00000229367	2	2	0
ENSG00000135763	86	53	33
ENSG00000213028	1	0	1
ENSG00000225984	0	0	0
ENSG00000178828	1209	934	870
ENSG00000235434	9	266	338
ENSG00000169914	371	193	178
ENSG00000188784	0	0	0
ENSG00000242688	0	0	0
ENSG00000177186	0	0	0
ENSG00000177174	0	0	0
ENSG00000269956	3	78	68
ENSG00000162456	0	0	0
ENSG00000079277	1083	596	630
ENSG00000117407	113	60	53
ENSG00000237950	48	18	30
ENSG00000117408	669	337	332
ENSG00000285649	6	19	23
ENSG00000117410	4087	2079	2012
ENSG00000159214	1274	719	729
ENSG00000196517	475	340	309
ENSG00000227163	0	0	0
ENSG00000271647	0	0	0
ENSG00000239560	0	0	0
ENSG00000196539	0	0	0
ENSG00000229255	0	0	0
ENSG00000203661	0	0	0
ENSG00000271934	0	0	0
ENSG00000224521	0	0	0
ENSG00000227102	0	0	0
ENSG00000183310	0	0	0
ENSG00000201602	0	0	0
ENSG00000271701	0	0	0
ENSG00000189181	0	0	0
ENSG00000187238	0	0	0
ENSG00000185962	0	0	0
ENSG00000226947	0	0	0
ENSG00000285753	0	0	0
ENSG00000187223	0	0	0
ENSG00000159455	0	0	0
ENSG00000187173	1	1	0
ENSG00000204501	0	0	0
ENSG00000228229	0	0	0
ENSG00000204481	0	0	0
ENSG00000204479	0	0	0
ENSG00000172031	3	3	0
ENSG00000233228	0	0	0
ENSG00000224678	0	0	0
ENSG00000233401	1	1	0
ENSG00000273487	4	0	4
ENSG00000226773	0	0	0
ENSG00000274481	0	0	0
ENSG00000228594	121	58	63
ENSG00000286989	14	4	10
ENSG00000272106	506	275	295
ENSG00000189409	25	15	10
ENSG00000272004	0	30	60
ENSG00000189339	1224	633	681
ENSG00000269737	106	50	56
ENSG00000215914	27	14	13
ENSG00000008128	343	206	137
ENSG00000268575	82	74	67
ENSG00000227775	103	74	98
ENSG00000008130	2192	1132	1060
ENSG00000078369	5370	2585	2785
ENSG00000178821	286	159	127
ENSG00000158477	0	0	0
ENSG00000230942	0	0	0
ENSG00000158481	9	7	2
ENSG00000158485	0	0	0
ENSG00000158488	6	4	2
ENSG00000186306	0	0	0
ENSG00000203758	0	0	0
ENSG00000236257	0	0	0
ENSG00000236656	0	0	0
ENSG00000198703	0	0	0
ENSG00000227445	0	0	0
ENSG00000231434	0	0	0
ENSG00000117505	891	451	460
ENSG00000229635	1	0	1
ENSG00000207379	0	0	0
ENSG00000212601	1	0	1
ENSG00000162889	2100	1056	1045
ENSG00000224114	7	1	6
ENSG00000199349	0	0	0
ENSG00000162892	0	4	5
ENSG00000162894	40	26	23
ENSG00000271680	0	0	0
ENSG00000226945	2	2	0
ENSG00000162896	232115	114561	117556
ENSG00000162897	85	37	49
ENSG00000182795	540	258	282
ENSG00000198890	147	56	91
ENSG00000224550	1	0	1
ENSG00000142669	5418	3871	3870
ENSG00000169442	109	105	73
ENSG00000225854	0	0	0
ENSG00000176083	24	14	10
ENSG00000229167	26	13	13
ENSG00000142910	4108	2088	2020
ENSG00000162517	1454	784	774
ENSG00000235790	12	42	44
ENSG00000264078	0	0	0
ENSG00000241745	0	0	0
ENSG00000228407	15	11	4
ENSG00000223429	2	1	1
ENSG00000224255	1	1	0
ENSG00000236004	0	0	0
ENSG00000237663	3	1	2
ENSG00000213735	1	0	1
ENSG00000272100	4	58	120
ENSG00000287078	2	0	2
ENSG00000224680	1	0	1
ENSG00000085840	86	41	45
ENSG00000283445	1	1	0
ENSG00000272226	4	0	4
ENSG00000231740	0	0	0
ENSG00000143751	221	99	122
ENSG00000272562	13	9	6
ENSG00000163041	410	269	143
ENSG00000225518	30	16	14
ENSG00000270598	2	1	1
ENSG00000182827	649	336	337
ENSG00000234478	3	16	11
ENSG00000223570	1	0	1
ENSG00000185155	6	4	2
ENSG0000023