N_unmapped	387863	387863	387863
N_multimapping	2885369	2885369	2885369
N_noFeature	1830917	17599934	17293574
N_ambiguous	2973284	814964	764478
ENSG00000160072	1255	614	641
ENSG00000234396	2	0	2
ENSG00000225972	37	11	26
ENSG00000224315	1	0	1
ENSG00000198744	177	104	73
ENSG00000279928	0	0	0
ENSG00000228037	141	68	73
ENSG00000142611	41	16	27
ENSG00000225630	3712	2166	1546
ENSG00000284616	0	0	0
ENSG00000157911	303	1071	1101
ENSG00000269896	99	55	44
ENSG00000237973	823	399	537
ENSG00000228463	0	0	0
ENSG00000260972	0	0	0
ENSG00000157933	926	456	470
ENSG00000224340	0	0	0
ENSG00000226545	0	0	0
ENSG00000268663	0	0	0
ENSG00000226374	0	0	0
ENSG00000229280	0	0	0
ENSG00000142655	558	295	336
ENSG00000232596	0	0	0
ENSG00000235054	0	0	0
ENSG00000232663	0	0	0
ENSG00000240409	1	1	0
ENSG00000229344	64	37	51
ENSG00000231510	0	0	0
ENSG00000149527	142	63	79
ENSG00000284739	0	0	0
ENSG00000171621	921	434	487
ENSG00000272235	17	10	7
ENSG00000284694	0	0	0
ENSG00000230021	0	31	21
ENSG00000287356	6	5	5
ENSG00000224387	0	0	0
ENSG00000285629	0	0	0
ENSG00000173673	0	0	0
ENSG00000142583	365	169	196
ENSG00000284674	0	0	0
ENSG00000272161	1	0	1
ENSG00000237094	5	5	0
ENSG00000224338	0	0	0
ENSG00000074800	24955	12506	12453
ENSG00000116786	1084	623	588
ENSG00000287727	0	0	0
ENSG00000228423	4	2	2
ENSG00000286448	0	0	0
ENSG00000131686	0	0	0
ENSG00000229305	0	0	0
ENSG00000284703	0	0	0
ENSG00000226457	1	1	0
ENSG00000173614	1439	700	739
ENSG00000248527	56962	30738	26224
ENSG00000215720	0	0	0
ENSG00000241326	0	0	0
ENSG00000233623	2	0	2
ENSG00000162592	2	2	2
ENSG00000116254	4	3	1
ENSG00000233645	0	0	0
ENSG00000204624	7	4	4
ENSG00000142606	105	466	444
ENSG00000235146	0	0	0
ENSG00000225931	30	14	16
ENSG00000171729	633	326	329
ENSG00000279457	84	35	49
ENSG00000162571	30	12	22
ENSG00000229393	1	0	1
ENSG00000037637	795	381	414
ENSG00000287586	1	1	0
ENSG00000159423	436	217	219
ENSG00000142599	3385	1191	2194
ENSG00000227169	0	0	0
ENSG00000283356	0	0	0
ENSG00000011021	405	202	227
ENSG00000142615	0	0	0
ENSG00000215704	3	6	9
ENSG00000157916	3707	2833	2743
ENSG00000157881	629	300	329
ENSG00000238290	7	4	3
ENSG00000225387	0	0	0
ENSG00000048707	1567	777	790
ENSG00000158748	1	0	1
ENSG00000225196	0	0	0
ENSG00000162444	32	20	12
ENSG00000279625	0	0	0
ENSG00000180758	525	250	275
ENSG00000184677	769	380	389
ENSG00000230679	5	3	6
ENSG00000270136	0	0	0
ENSG00000288398	136	70	66
ENSG00000224621	11	6	5
ENSG00000285833	0	0	1
ENSG00000131697	278	130	148
ENSG00000284692	0	0	0
ENSG00000284745	0	0	0
ENSG00000280222	1	1	0
ENSG00000227634	0	0	0
ENSG00000285945	0	0	0
ENSG00000229162	0	0	0
ENSG00000197921	36	15	21
ENSG00000233755	0	0	0
ENSG00000233929	3	1	2
ENSG00000271742	0	0	0
ENSG00000226396	81	37	44
ENSG00000169504	825	423	402
ENSG00000234166	0	56	39
ENSG00000235282	0	0	0
ENSG00000055070	2649	1730	1836
ENSG00000175087	523	273	250
ENSG00000157191	1647	766	882
ENSG00000284699	0	0	0
ENSG00000230035	0	0	0
ENSG00000235185	1	0	1
ENSG00000225643	2	0	2
ENSG00000284666	0	0	0
ENSG00000228943	0	0	0
ENSG00000234397	0	0	0
ENSG00000284309	0	0	0
ENSG00000162511	1169	1243	1218
ENSG00000158014	4	1	3
ENSG00000204138	2013	1004	1010
ENSG00000233419	0	0	0
ENSG00000235263	0	0	0
ENSG00000228176	0	0	0
ENSG00000231251	0	0	0
ENSG00000142675	1338	627	711
ENSG00000197245	79	46	33
ENSG00000261025	0	0	0
ENSG00000116237	2945	1548	1511
ENSG00000130772	1070	496	574
ENSG00000215899	0	0	0
ENSG00000271398	3	1	2
ENSG00000225011	0	0	0
ENSG00000235069	0	0	0
ENSG00000284676	0	0	0
ENSG00000237058	2	1	1
ENSG00000233399	8	5	3
ENSG00000090020	2395	1248	1147
ENSG00000157978	1786	896	890
ENSG00000226944	22	8	17
ENSG00000270282	0	0	0
ENSG00000130770	5223	3066	4679
ENSG00000229044	1	86	58
ENSG00000162512	733	380	353
ENSG00000158006	1360	665	695
ENSG00000214812	1	0	1
ENSG00000126698	2309	1147	1162
ENSG00000229447	4	2	2
ENSG00000229607	0	0	0
ENSG00000130766	1084	532	552
ENSG00000168528	6719	3412	3307
ENSG00000196581	44	20	24
ENSG00000169403	213	111	102
ENSG00000084628	1	0	1
ENSG00000060688	1287	642	645
ENSG00000171612	510	231	279
ENSG00000270927	0	0	0
ENSG00000188910	237	118	119
ENSG00000230523	0	0	0
ENSG00000116138	1058	692	657
ENSG00000158161	792	399	393
ENSG00000142684	0	204	317
ENSG00000234619	0	0	0
ENSG00000121769	77	36	41
ENSG00000142627	726	359	367
ENSG00000284668	0	0	0
ENSG00000233234	0	0	0
ENSG00000142632	267	173	189
ENSG00000234593	1	1	0
ENSG00000158292	629	304	325
ENSG00000270605	175	86	94
ENSG00000189337	137	134	120
ENSG00000232912	14	5	9
ENSG00000235084	9	2	7
ENSG00000235143	0	0	0
ENSG00000225478	0	0	0
ENSG00000225077	5	17	20
ENSG00000028137	921	471	450
ENSG00000238249	0	0	0
ENSG00000204464	1	1	0
ENSG00000233372	0	0	0
ENSG00000283259	0	0	0
ENSG00000284543	41	24	17
ENSG00000130939	1321	658	663
ENSG00000175147	130	133	136
ENSG00000127472	17	13	4
ENSG00000060656	60	30	30
ENSG00000163867	561	269	292
ENSG00000232768	1	0	1
ENSG00000230214	0	0	0
ENSG00000189280	4	1	3
ENSG00000134698	514	253	261
ENSG00000134690	551	276	275
ENSG00000272420	23	11	12
ENSG00000132881	88	48	40
ENSG00000273274	0	0	0
ENSG00000116251	4551	2101	2462
ENSG00000272510	9	16	32
ENSG00000158286	662	388	374
ENSG00000236648	0	0	0
ENSG00000232273	3	2	1
ENSG00000009709	0	0	0
ENSG00000287396	0	0	0
ENSG00000223589	0	0	0
ENSG00000158008	5	2	3
ENSG00000130940	602	427	468
ENSG00000116771	1922	1098	1077
ENSG00000237301	6	3	3
ENSG00000162585	700	644	646
ENSG00000163879	192	138	94
ENSG00000227527	7	3	4
ENSG00000116954	502	230	272
ENSG00000228589	28	25	3
ENSG00000163873	60	38	22
ENSG00000117215	16	8	8
ENSG00000196449	547	316	311
ENSG00000230163	0	33	57
ENSG00000227538	0	0	0
ENSG00000232208	0	0	0
ENSG00000236500	0	0	0
ENSG00000044012	188	93	95
ENSG00000179051	2564	1774	1769
ENSG00000215895	5	2	3
ENSG00000231868	7	10	2
ENSG00000284650	0	0	0
ENSG00000237329	0	0	0
ENSG00000236948	0	0	0
ENSG00000126067	3479	1722	1757
ENSG00000274944	1	0	1
ENSG00000132906	499	231	280
ENSG00000197312	1017	504	513
ENSG00000284748	0	0	0
ENSG00000272078	23	159	157
ENSG00000173660	8778	3962	4816
ENSG00000224592	0	0	0
ENSG00000233728	0	73	111
ENSG00000230451	0	0	0
ENSG00000231606	3	2	1
ENSG00000215900	0	0	0
ENSG00000284632	0	0	0
ENSG00000241014	9	2	7
ENSG00000054118	3197	1590	1607
ENSG00000254553	0	0	0
ENSG00000284653	0	0	0
ENSG00000237749	3	2	1
ENSG00000276747	0	0	0
ENSG00000284705	0	0	0
ENSG00000228776	0	0	0
ENSG00000159339	8	5	3
ENSG00000223814	0	0	0
ENSG00000197982	827	285	622
ENSG00000261781	0	0	0
ENSG00000183317	1888	931	957
ENSG00000183386	103	48	55
ENSG00000284743	0	1	0
ENSG00000158315	791	412	471
ENSG00000204084	706	492	457
ENSG00000186973	4	0	4
ENSG00000271806	7	36	57
ENSG00000146463	812	413	418
ENSG00000279214	2	1	1
ENSG00000183520	829	403	426
ENSG00000271741	0	0	0
ENSG00000214141	0	0	0
ENSG00000142686	145	74	71
ENSG00000224751	1	0	1
ENSG00000279096	0	0	0
ENSG00000117148	3	1	2
ENSG00000230585	0	1	0
ENSG00000117000	467	221	246
ENSG00000284989	0	0	0
ENSG00000231630	0	0	0
ENSG00000092853	255	129	139
ENSG00000255811	0	2	0
ENSG00000134697	1801	870	971
ENSG00000187513	81	42	39
ENSG00000238145	0	0	0
ENSG00000225142	0	0	0
ENSG00000230138	0	0	0
ENSG00000223390	0	20	27
ENSG00000285823	0	0	0
ENSG00000284720	0	0	0
ENSG00000225028	2	0	2
ENSG00000225671	0	0	0
ENSG00000116151	151	64	91
ENSG00000226147	0	0	0
ENSG00000182873	112	50	65
ENSG00000006555	1163	598	565
ENSG00000236111	0	0	0
ENSG00000066056	202	105	97
ENSG00000214114	1168	569	599
ENSG00000173436	861	134	730
ENSG00000116544	30	13	17
ENSG00000231900	0	0	0
ENSG00000236723	3	794	764
ENSG00000232467	1	0	1
ENSG00000117016	235	113	122
ENSG00000121310	3393	1676	1717
ENSG00000169213	104	60	44
ENSG00000163866	1354	706	738
ENSG00000225779	1	0	1
ENSG00000284601	0	0	0
ENSG00000237130	0	0	0
ENSG00000143001	93	108	131
ENSG00000229716	0	0	0
ENSG00000226133	0	0	0
ENSG00000227416	1	0	1
ENSG00000232335	1	4	10
ENSG00000260971	1	1	0
ENSG00000259832	0	0	0
ENSG00000284696	0	0	0
ENSG00000238242	0	0	0
ENSG00000285839	0	0	0
ENSG00000237290	0	0	0
ENSG00000232762	0	0	0
ENSG00000117419	1179	563	616
ENSG00000162384	1107	726	610
ENSG00000162391	106	584	600
ENSG00000174348	199	137	126
ENSG00000154198	0	0	0
ENSG00000117859	1412	683	751
ENSG00000228121	0	0	0
ENSG00000253313	1478	748	730
ENSG00000162396	243	142	101
ENSG00000203995	4	2	2
ENSG00000227742	10	6	7
ENSG00000284686	4	1	3
ENSG00000162378	583	294	289
ENSG00000233079	0	0	0
ENSG00000259818	4	2	2
ENSG00000229444	0	0	0
ENSG00000240563	1053	490	563
ENSG00000234318	0	0	0
ENSG00000284773	27	12	15
ENSG00000234481	0	0	0
ENSG00000117862	177	117	60
ENSG00000235612	0	0	0
ENSG00000228369	2	1	1
ENSG00000183431	2208	1099	1109
ENSG00000227485	0	0	0
ENSG00000224609	20	9	14
ENSG00000235545	14	10	4
ENSG00000236646	0	0	0
ENSG00000169174	1027	516	511
ENSG00000232198	0	0	0
ENSG00000238063	1	1	0
ENSG00000227104	0	0	0
ENSG00000243725	33	17	16
ENSG00000171872	0	0	0
ENSG00000162407	981	487	494
ENSG00000285079	0	0	0
ENSG00000169218	11	6	5
ENSG00000163877	512	256	256
ENSG00000228929	15	6	9
ENSG00000224570	0	0	0
ENSG00000224980	0	0	0
ENSG00000278967	1	0	1
ENSG00000157184	1343	1484	1643
ENSG00000272491	17	13	11
ENSG00000198815	1237	637	600
ENSG00000134744	354	175	179
ENSG00000233910	0	0	0
ENSG00000287703	3	2	1
ENSG00000283039	0	0	0
ENSG00000229032	0	0	0
ENSG00000229294	0	0	0
ENSG00000232993	0	38	26
ENSG00000234088	0	0	0
ENSG00000236973	0	0	0
ENSG00000227947	1	0	1
ENSG00000277397	0	0	0
ENSG00000271200	3	0	3
ENSG00000235446	0	0	0
ENSG00000261196	0	0	0
ENSG00000162385	1217	523	694
ENSG00000231413	0	0	0
ENSG00000234264	1	0	1
ENSG00000242391	0	0	0
ENSG00000223883	0	0	0
ENSG00000284808	0	0	0
ENSG00000242267	0	0	0
ENSG00000237227	5	4	1
ENSG00000275350	0	0	0
ENSG00000116652	3	3	0
ENSG00000123080	378	176	209
ENSG00000285778	0	0	0
ENSG00000077549	9222	4654	4571
ENSG00000233407	0	0	0
ENSG00000225675	0	0	0
ENSG00000237622	0	0	0
ENSG00000162598	0	0	0
ENSG00000280317	0	0	0
ENSG00000162415	403	211	193
ENSG00000162600	502	241	261
ENSG00000116704	1843	960	883
ENSG00000227644	0	0	0
ENSG00000157193	88	61	79
ENSG00000116205	421	212	239
ENSG00000198841	173	77	96
ENSG00000116212	678	336	342
ENSG00000234204	0	0	0
ENSG00000233099	0	0	0
ENSG00000233994	7	6	1
ENSG00000237180	0	0	0
ENSG00000213561	14	8	6
ENSG00000233973	0	0	0
ENSG00000237552	0	0	0
ENSG00000132854	47	22	25
ENSG00000227556	0	0	0
ENSG00000162616	240	128	113
ENSG00000162607	1053	546	507
ENSG00000233602	7	1	6
ENSG00000233271	0	86	60
ENSG00000285954	0	0	0
ENSG00000233333	1	1	0
ENSG00000154027	15	12	3
ENSG00000234108	0	0	0
ENSG00000232676	0	0	0
ENSG00000225167	0	0	0
ENSG00000132122	187	88	99
ENSG00000213579	0	0	0
ENSG00000137960	1585	769	816
ENSG00000237852	0	0	0
ENSG00000116745	1	1	0
ENSG00000132855	3	3	4
ENSG00000285407	2	2	0
ENSG00000272855	0	0	0
ENSG00000270549	0	0	0
ENSG00000237163	0	0	0
ENSG00000229636	0	0	0
ENSG00000116675	21	9	12
ENSG00000162433	656	329	327
ENSG00000213625	1873	930	943
ENSG00000227207	0	0	0
ENSG00000227016	0	0	0
ENSG00000233664	0	0	0
ENSG00000158966	76	29	47
ENSG00000213703	3	1	2
ENSG00000203965	112	53	59
ENSG00000223479	0	0	0
ENSG00000233674	0	0	0
ENSG00000153898	1151	580	571
ENSG00000117069	9	6	3
ENSG00000125703	287	120	167
ENSG00000285041	0	0	0
ENSG00000285808	0	0	0
ENSG00000229440	0	0	0
ENSG00000234144	0	0	0
ENSG00000213540	0	0	0
ENSG00000277670	0	0	0
ENSG00000227466	0	0	0
ENSG00000154007	0	0	0
ENSG00000230498	0	0	0
ENSG00000285782	0	0	0
ENSG00000162618	136	63	73
ENSG00000224493	0	0	0
ENSG00000131233	1	0	1
ENSG00000272371	1	0	1
ENSG00000287647	0	0	0
ENSG00000229225	0	0	0
ENSG00000230863	0	0	0
ENSG00000213560	3	2	1
ENSG00000287224	0	0	0
ENSG00000225598	0	0	0
ENSG00000286455	0	0	0
ENSG00000225087	0	0	0
ENSG00000224986	2	0	2
ENSG00000280378	12	5	7
ENSG00000188786	538	272	266
ENSG00000230053	0	0	0
ENSG00000137941	77	42	35
ENSG00000273338	21	8	13
ENSG00000223720	1	0	1
ENSG00000224326	0	0	0
ENSG00000286548	12	9	3
ENSG00000066135	711	515	572
ENSG00000230027	0	0	0
ENSG00000233061	2	2	0
ENSG00000272094	0	0	0
ENSG00000228853	0	0	0
ENSG00000215874	0	0	0
ENSG00000232453	20	9	11
ENSG00000260386	1	1	0
ENSG00000284895	0	0	0
ENSG00000117174	506	241	265
ENSG00000237413	1	0	1
ENSG00000184313	55	26	29
ENSG00000284645	0	0	0
ENSG00000225605	0	0	0
ENSG00000225446	0	0	0
ENSG00000288543	0	0	0
ENSG00000122420	43	22	21
ENSG00000284240	0	0	0
ENSG00000236290	0	0	0
ENSG00000143013	1086	542	544
ENSG00000226084	11	4	7
ENSG00000134748	1994	986	1008
ENSG00000142892	621	294	327
ENSG00000219102	1	0	1
ENSG00000184005	53	24	29
ENSG00000230953	2	1	1
ENSG00000287743	23	9	14
ENSG00000229332	0	0	0
ENSG00000227937	0	0	0
ENSG00000229752	0	0	0
ENSG00000237505	2	2	0
ENSG00000285462	0	0	0
ENSG00000233216	0	0	0
ENSG00000197273	2181	1167	1014
ENSG00000226804	0	0	0
ENSG00000285325	0	0	0
ENSG00000230728	6	4	2
ENSG00000162402	1292	647	645
ENSG00000232846	0	0	0
ENSG00000219201	0	0	0
ENSG00000230787	0	0	0
ENSG00000116641	991	504	491
ENSG00000235927	5	3	2
ENSG00000223920	0	0	0
ENSG00000237453	1	0	1
ENSG00000172260	166	93	74
ENSG00000285473	0	0	0
ENSG00000237959	0	0	0
ENSG00000231364	0	0	0
ENSG00000234578	0	0	0
ENSG00000117480	2711	1292	1419
ENSG00000137944	795	372	423
ENSG00000229505	0	0	0
ENSG00000228187	0	0	0
ENSG00000285201	0	0	0
ENSG00000182183	5	3	2
ENSG00000236407	0	0	0
ENSG00000271949	0	0	0
ENSG00000227062	0	0	0
ENSG00000067334	1663	772	891
ENSG00000235011	0	0	0
ENSG00000235673	0	0	0
ENSG00000226938	0	0	0
ENSG00000213559	0	0	0
ENSG00000287587	3	1	2
ENSG00000142949	10570	5070	5500
ENSG00000116133	7495	3861	3926
ENSG00000232882	2	1	1
ENSG00000171502	47	29	18
ENSG00000162399	8	4	4
ENSG00000116157	82	36	46
ENSG00000143036	3000	1499	1501
ENSG00000232672	0	0	0
ENSG00000230817	1	0	1
ENSG00000235613	1	1	0
ENSG00000065243	905	473	432
ENSG00000226759	0	0	0
ENSG00000226960	0	0	0
ENSG00000234080	0	0	0
ENSG00000237899	2	1	1
ENSG00000225492	23	13	10
ENSG00000223905	0	0	0
ENSG00000227290	1	1	0
ENSG00000229486	0	0	0
ENSG00000282898	0	0	0
ENSG00000285409	0	0	0
ENSG00000231090	0	0	0
ENSG00000117528	2803	1402	1401
ENSG00000271723	1	0	1
ENSG00000172339	669	315	354
ENSG00000036549	620	335	285
ENSG00000287724	0	74	80
ENSG00000058799	1001	480	521
ENSG00000225191	0	0	0
ENSG00000287870	0	0	0
ENSG00000235563	1	0	1
ENSG00000232048	0	0	0
ENSG00000232857	0	0	0
ENSG00000273637	0	0	0
ENSG00000203985	2	1	1
ENSG00000228838	0	0	0
ENSG00000283761	4	2	2
ENSG00000189433	3	0	5
ENSG00000230759	0	0	0
ENSG00000231866	0	0	0
ENSG00000179178	1680	818	879
ENSG00000142700	0	0	0
ENSG00000285525	0	0	0
ENSG00000236098	0	0	0
ENSG00000233514	1	0	1
ENSG00000127124	91	43	48
ENSG00000266993	7	11	15
ENSG00000223675	0	0	0
ENSG00000162604	614	276	338
ENSG00000229316	0	0	0
ENSG00000116171	6420	3136	3285
ENSG00000287406	13	6	7
ENSG00000225767	0	0	1
ENSG00000234099	1	1	0
ENSG00000137936	987	516	522
ENSG00000235308	2	1	1
ENSG00000232752	0	0	0
ENSG00000235829	0	0	0
ENSG00000143032	0	0	0
ENSG00000226745	1	1	0
ENSG00000178028	1526	787	739
ENSG00000280040	27	12	15
ENSG00000168710	3694	1891	1803
ENSG00000117519	2949	1427	1522
ENSG00000270507	0	0	0
ENSG00000238037	0	0	0
ENSG00000215869	3	2	1
ENSG00000134215	2069	990	1079
ENSG00000227935	0	0	0
ENSG00000229887	0	0	0
ENSG00000228502	121	20	101
ENSG00000236268	0	0	0
ENSG00000271277	0	0	0
ENSG00000236888	0	0	0
ENSG00000279778	0	0	0
ENSG00000232015	0	0	0
ENSG00000230955	0	124	119
ENSG00000230828	0	0	0
ENSG00000188641	225	132	104
ENSG00000152078	620	309	311
ENSG00000237279	0	0	0
ENSG00000233359	0	0	0
ENSG00000237954	0	0	0
ENSG00000185668	1	0	1
ENSG00000171492	869	432	437
ENSG00000233129	0	0	0
ENSG00000170989	235	127	108
ENSG00000258634	161	112	114
ENSG00000233557	0	0	0
ENSG00000237897	0	0	0
ENSG00000116299	5024	2518	2506
ENSG00000137962	93	45	48
ENSG00000227832	0	0	0
ENSG00000286692	1	0	1
ENSG00000260464	4	3	2
ENSG00000237435	0	0	0
ENSG00000231996	0	0	0
ENSG00000273204	2	13	4
ENSG00000079739	5522	2891	2931
ENSG00000117154	6	4	2
ENSG00000162377	899	430	469
ENSG00000224613	0	0	0
ENSG00000215871	0	0	0
ENSG00000287372	0	0	0
ENSG00000232542	0	0	0
ENSG00000231095	0	0	0
ENSG00000116774	460	216	244
ENSG00000287756	0	0	0
ENSG00000269113	61	35	26
ENSG00000284652	6	1	5
ENSG00000023909	465	230	235
ENSG00000069702	255	127	128
ENSG00000232185	0	0	0
ENSG00000230489	1	0	1
ENSG00000228399	6	4	2
ENSG00000236776	1	0	1
ENSG00000285928	10	3	7
ENSG00000224685	0	0	0
ENSG00000287076	0	0	0
ENSG00000237480	0	0	2
ENSG00000271252	0	0	0
ENSG00000230427	0	0	0
ENSG00000235794	0	0	0
ENSG00000286758	0	0	0
ENSG00000237337	0	0	0
ENSG00000233983	0	0	0
ENSG00000198198	788	1353	1304
ENSG00000225183	0	0	0
ENSG00000230402	0	0	0
ENSG00000116793	265	119	146
ENSG00000134201	96	40	56
ENSG00000238122	0	0	0
ENSG00000260879	0	12	12
ENSG00000213366	800	426	374
ENSG00000230864	0	0	0
ENSG00000283354	0	0	0
ENSG00000232918	0	0	0
ENSG00000236360	0	1	0
ENSG00000183298	1	1	0
ENSG00000234332	0	0	0
ENSG00000117525	932	438	494
ENSG00000225079	2	2	0
ENSG00000226483	0	0	0
ENSG00000224238	0	0	0
ENSG00000229537	0	0	0
ENSG00000162699	0	0	0
ENSG00000162692	261	128	133
ENSG00000203914	5	1	4
ENSG00000270457	1	0	1
ENSG00000203858	0	0	0
ENSG00000231987	0	0	0
ENSG00000228057	3	2	1
ENSG00000261593	0	0	0
ENSG00000224445	0	0	0
ENSG00000229842	0	0	0
ENSG00000270631	0	0	0
ENSG00000229201	0	0	0
ENSG00000181656	3	3	0
ENSG00000122481	90	59	31
ENSG00000198162	752	366	386
ENSG00000238198	2	0	2
ENSG00000171517	42	22	20
ENSG00000228852	1	1	0
ENSG00000203864	0	0	0
ENSG00000233482	0	0	0
ENSG00000230250	0	0	0
ENSG00000232878	0	6	5
ENSG00000143079	892	423	469
ENSG00000232450	9	7	2
ENSG00000223575	0	0	0
ENSG00000230768	0	0	0
ENSG00000235202	0	0	0
ENSG00000272715	3	2	1
ENSG00000235038	0	0	0
ENSG00000143093	837	441	396
ENSG00000226415	46	10	36
ENSG00000085491	1146	583	597
ENSG00000173947	14	6	8
ENSG00000241361	6	0	6
ENSG00000230434	0	0	0
ENSG00000230718	0	0	0
ENSG00000134198	150	62	88
ENSG00000235595	0	0	0
ENSG00000226053	0	0	0
ENSG00000226128	0	0	0
ENSG00000198799	967	540	486
ENSG00000279513	1	0	1
ENSG00000117620	2930	1410	1547
ENSG00000280186	6	3	3
ENSG00000223906	0	0	0
ENSG00000162688	586	282	304
ENSG00000197106	3	1	2
ENSG00000259946	1	1	0
ENSG00000236137	25	27	33
ENSG00000203859	53	27	26
ENSG00000228086	0	4	0
ENSG00000213421	0	0	0
ENSG00000234020	0	0	0
ENSG00000060718	3	3	0
ENSG00000236804	0	0	0
ENSG00000231072	0	0	0
ENSG00000273406	0	0	0
ENSG00000185946	191	95	96
ENSG00000162627	1588	744	844
ENSG00000226715	0	0	0
ENSG00000162695	635	323	312
ENSG00000134184	411	305	227
ENSG00000265808	1076	533	543
ENSG00000261290	0	0	0
ENSG00000225923	0	0	0
ENSG00000134247	2406	1211	1195
ENSG00000187481	0	0	0
ENSG00000116752	959	469	490
ENSG00000162664	996	490	506
ENSG00000236866	1	0	1
ENSG00000134253	94	45	49
ENSG00000277655	1	0	1
ENSG00000223416	1	1	0
ENSG00000213226	1	1	0
ENSG00000179571	3	1	2
ENSG00000227850	1	1	0
ENSG00000243967	0	0	0
ENSG00000235777	0	0	0
ENSG00000260246	2	57	66
ENSG00000173218	454	219	235
ENSG00000285532	0	0	0
ENSG00000226755	2	0	2
ENSG00000232650	1	1	0
ENSG00000183508	3274	1670	1604
ENSG00000277095	0	0	0
ENSG00000236806	0	0	0
ENSG00000234283	0	0	0
ENSG00000237188	4	3	1
ENSG00000232780	0	0	0
ENSG00000274927	0	0	0
ENSG00000264145	0	0	0
ENSG00000238256	0	0	0
ENSG00000198765	0	0	0
ENSG00000224335	0	0	0
ENSG00000277702	2	1	1
ENSG00000143398	1002	511	491
ENSG00000196505	445	221	224
ENSG00000225871	1	0	1
ENSG00000223489	0	0	0
ENSG00000230546	0	0	0
ENSG00000213262	1	0	1
ENSG00000287015	0	0	0
ENSG00000241720	1	37	25
ENSG00000235526	0	0	0
ENSG00000228347	0	0	0
ENSG00000276975	1	1	0
ENSG00000236012	0	0	0
ENSG00000270911	0	0	0
ENSG00000272824	7	2	5
ENSG00000134200	0	0	0
ENSG00000234257	0	0	0
ENSG00000065183	630	313	349
ENSG00000227082	2	1	1
ENSG00000228626	0	0	0
ENSG00000226126	0	0	0
ENSG00000163393	59	37	22
ENSG00000163156	679	356	329
ENSG00000143631	0	0	1
ENSG00000156150	0	44	21
ENSG00000228453	0	0	0
ENSG00000274642	0	0	0
ENSG00000177551	0	0	0
ENSG00000197323	628	303	325
ENSG00000237975	1	1	1
ENSG00000261168	6	1	5
ENSG00000287980	0	0	0
ENSG00000229283	0	0	0
ENSG00000271419	0	0	0
ENSG00000226172	0	0	0
ENSG00000079335	186	86	104
ENSG00000143119	904	440	464
ENSG00000237278	0	25	34
ENSG00000285062	0	0	0
ENSG00000233432	0	0	0
ENSG00000227700	0	0	2
ENSG00000229911	0	0	0
ENSG00000143520	0	0	0
ENSG00000171943	43	13	31
ENSG00000270719	0	0	0
ENSG00000155761	0	13	19
ENSG00000230806	0	0	0
ENSG00000116830	638	331	307
ENSG00000234422	0	0	0
ENSG00000227056	0	0	0
ENSG00000143614	573	279	294
ENSG00000227091	0	0	0
ENSG00000169418	127	65	62
ENSG00000214204	0	0	0
ENSG00000081026	737	366	371
ENSG00000225650	0	0	0
ENSG00000227179	0	0	0
ENSG00000224965	6	3	3
ENSG00000228127	0	0	0
ENSG00000226984	0	0	0
ENSG00000186150	0	0	0
ENSG00000143554	612	302	310
ENSG00000143458	1018	487	531
ENSG00000230932	0	2	0
ENSG00000073754	0	0	0
ENSG00000228826	0	0	0
ENSG00000233907	0	0	0
ENSG00000225036	0	0	0
ENSG00000228420	0	0	0
ENSG00000233839	0	0	0
ENSG00000250890	0	0	0
ENSG00000232240	0	0	0
ENSG00000280649	33	26	10
ENSG00000131781	811	367	452
ENSG00000223599	3	1	2
ENSG00000230921	0	0	0
ENSG00000286151	1	0	1
ENSG00000234388	0	0	0
ENSG00000235015	0	0	0
ENSG00000271736	0	0	0
ENSG00000235988	0	0	0
ENSG00000233717	1	0	1
ENSG00000231551	44	17	27
ENSG00000227295	7	3	4
ENSG00000163155	212	115	98
ENSG00000243613	0	7	7
ENSG00000241975	2	0	2
ENSG00000271143	0	0	0
ENSG00000270976	0	0	0
ENSG00000228217	2	0	2
ENSG00000270342	0	0	0
ENSG00000143552	11	6	5
ENSG00000175984	74	45	29
ENSG00000231100	0	0	0
ENSG00000116824	229	123	106
ENSG00000235887	0	0	0
ENSG00000237460	0	0	0
ENSG00000236327	0	0	0
ENSG00000223804	12	7	5
ENSG00000236887	0	0	0
ENSG00000024526	269	140	141
ENSG00000236480	5	3	2
ENSG00000235756	0	0	0
ENSG00000173810	0	0	0
ENSG00000235005	0	0	0
ENSG00000271890	0	0	0
ENSG00000238107	0	0	0
ENSG00000227425	0	0	0
ENSG00000233222	0	5	8
ENSG00000225279	10	1	9
ENSG00000229101	0	0	0
ENSG00000224927	0	0	0
ENSG00000239216	0	0	0
ENSG00000283360	1	0	1
ENSG00000117262	133	44	89
ENSG00000227907	0	0	1
ENSG00000143624	1885	917	1023
ENSG00000227970	0	0	0
ENSG00000261055	0	0	0
ENSG00000231613	7	1	6
ENSG00000137947	964	479	485
ENSG00000236689	0	0	0
ENSG00000233589	1	6	7
ENSG00000117586	31	15	16
ENSG00000230946	1	0	1
ENSG00000226028	0	0	0
ENSG00000162728	2	1	1
ENSG00000229021	0	0	0
ENSG00000203825	0	0	0
ENSG00000184371	1009	502	507
ENSG00000233449	0	0	0
ENSG00000242943	0	0	0
ENSG00000233203	2	2	0
ENSG00000232499	8	1	7
ENSG00000232265	0	0	0
ENSG00000163154	109	43	67
ENSG00000232995	36	15	21
ENSG00000236957	0	0	0
ENSG00000238087	0	0	0
ENSG00000227777	2	1	1
ENSG00000177173	2	1	1
ENSG00000277406	13	5	8
ENSG00000238022	0	0	0
ENSG00000231671	0	0	0
ENSG00000162729	2383	1090	1293
ENSG00000143158	3684	1872	2869
ENSG00000271092	5	3	2
ENSG00000238118	0	0	0
ENSG00000276118	0	0	0
ENSG00000232148	0	0	0
ENSG00000278811	3	18	27
ENSG00000000460	143	285	227
ENSG00000188859	66	36	32
ENSG00000275075	0	0	0
ENSG00000135862	1362	644	718
ENSG00000232952	0	0	0
ENSG00000158473	213	101	112
ENSG00000227722	0	0	0
ENSG00000285922	0	0	0
ENSG00000275801	1	0	1
ENSG00000143198	7558	3613	3945
ENSG00000143318	3	2	1
ENSG00000232188	0	0	0
ENSG00000232212	1	1	0
ENSG00000143621	4562	2271	2302
ENSG00000241042	0	0	0
ENSG00000143155	1313	613	700
ENSG00000260322	0	0	0
ENSG00000223495	0	0	0
ENSG00000143156	126	910	412
ENSG00000198771	462	223	247
ENSG00000225462	0	0	0
ENSG00000237756	1	0	1
ENSG00000116147	1	0	1
ENSG00000213064	1682	866	826
ENSG00000203307	3	3	0
ENSG00000143179	908	578	570
ENSG00000271187	0	0	0
ENSG00000274562	0	0	0
ENSG00000143315	560	281	279
ENSG00000116199	1440	705	735
ENSG00000231175	0	0	0
ENSG00000143185	19	7	12
ENSG00000235145	4	1	3
ENSG00000116260	7050	3508	3542
ENSG00000272931	34	21	13
ENSG00000143190	357	192	243
ENSG00000225475	0	0	0
ENSG00000230898	0	0	0
ENSG00000232223	0	0	0
ENSG00000224698	0	0	0
ENSG00000287697	3	4	14
ENSG00000075945	1537	788	803
ENSG00000235303	0	0	0
ENSG00000234810	0	0	0
ENSG00000232750	0	0	0
ENSG00000224468	2	0	2
ENSG00000235628	0	0	0
ENSG00000232551	0	0	0
ENSG00000092607	3	0	3
ENSG00000238270	0	0	0
ENSG00000285894	0	0	0
ENSG00000236025	0	0	0
ENSG00000230687	0	0	0
ENSG00000230704	0	0	0
ENSG00000283255	0	0	0
ENSG00000227741	9	15	28
ENSG00000237049	2	1	1
ENSG00000286754	0	0	0
ENSG00000232751	0	0	0
ENSG00000236364	9	104	112
ENSG00000117091	304	267	291
ENSG00000235378	0	0	0
ENSG00000143171	32	19	13
ENSG00000275767	0	0	0
ENSG00000224718	0	0	0
ENSG00000047410	1857	1079	1062
ENSG00000231992	1	1	0
ENSG00000018625	98	54	44
ENSG00000171806	235	134	116
ENSG00000287919	3	1	2
ENSG00000229914	1	1	0
ENSG00000233882	0	0	0
ENSG00000198358	1	3	1
ENSG00000229407	5	7	0
ENSG00000134216	0	0	0
ENSG00000230748	0	0	0
ENSG00000254154	9	5	4
ENSG00000162694	239	120	134
ENSG00000238108	0	0	0
ENSG00000214262	0	7	3
ENSG00000183853	238	120	118
ENSG00000215835	6	1	5
ENSG00000118197	451	222	229
ENSG00000135842	230	114	116
ENSG00000229258	0	0	0
ENSG00000287472	0	0	0
ENSG00000241318	0	0	0
ENSG00000228238	0	0	0
ENSG00000232393	0	0	0
ENSG00000121454	41	47	52
ENSG00000184155	0	0	0
ENSG00000058085	563	276	287
ENSG00000260088	0	0	0
ENSG00000287978	123	54	69
ENSG00000116815	604	295	309
ENSG00000232917	0	0	0
ENSG00000233057	2	1	1
ENSG00000237131	0	0	0
ENSG00000233946	0	0	0
ENSG00000143167	10742	5328	5415
ENSG00000143184	61	19	42
ENSG00000231966	0	0	0
ENSG00000176320	0	0	0
ENSG00000260976	0	0	0
ENSG00000235215	0	0	0
ENSG00000223450	0	0	0
ENSG00000224691	0	0	0
ENSG00000286572	0	0	0
ENSG00000235101	0	0	0
ENSG00000228215	0	0	0
ENSG00000177807	20	7	13
ENSG00000233626	2	0	2
ENSG00000233691	0	0	0
ENSG00000283518	0	0	0
ENSG00000271527	0	0	0
ENSG00000143228	262	126	136
ENSG00000235827	0	0	0
ENSG00000231615	2	1	1
ENSG00000231714	0	0	0
ENSG00000174514	659	364	346
ENSG00000143178	61	32	29
ENSG00000224837	1	0	1
ENSG00000116833	982	483	499
ENSG00000227740	25	4	21
ENSG00000260990	1	1	0
ENSG00000000457	424	358	420
ENSG00000143507	94	53	41
ENSG00000285638	0	0	0
ENSG00000226520	0	0	0
ENSG00000284592	0	0	0
ENSG00000230987	0	0	0
ENSG00000232527	0	0	0
ENSG00000215833	0	0	0
ENSG00000228167	0	0	0
ENSG00000225325	0	0	0
ENSG00000223344	0	0	0
ENSG00000228191	0	0	0
ENSG00000229961	4	3	1
ENSG00000150732	0	0	0
ENSG00000157064	13	6	9
ENSG00000288139	0	0	0
ENSG00000226015	64	30	34
ENSG00000215808	3	0	3
ENSG00000059588	1550	802	748
ENSG00000231512	0	0	0
ENSG00000237379	0	0	0
ENSG00000232959	0	27	27
ENSG00000122224	213	107	106
ENSG00000162782	68	29	39
ENSG00000238051	0	0	0
ENSG00000233196	0	0	0
ENSG00000229220	0	0	0
ENSG00000143653	1662	807	855
ENSG00000135837	754	421	333
ENSG00000158711	849	458	444
ENSG00000227747	0	0	0
ENSG00000228081	0	0	0
ENSG00000228020	0	0	0
ENSG00000234975	82	35	47
ENSG00000162851	784	392	392
ENSG00000271427	10	5	5
ENSG00000261817	0	0	0
ENSG00000143353	412	184	257
ENSG00000197965	3972	1954	2018
ENSG00000143493	661	312	349
ENSG00000230777	1	0	1
ENSG00000179397	19	8	11
ENSG00000224540	0	0	0
ENSG00000117592	11179	5502	5677
ENSG00000186197	3	1	2
ENSG00000229067	0	0	0
ENSG00000230231	0	0	0
ENSG00000227711	0	0	0
ENSG00000261182	0	0	0
ENSG00000228879	0	0	0
ENSG00000227925	0	0	0
ENSG00000162670	307	176	144
ENSG00000225712	1	1	0
ENSG00000162761	20	14	6
ENSG00000143199	6	2	4
ENSG00000179930	2	2	0
ENSG00000007908	14	4	10
ENSG00000092978	283	133	150
ENSG00000143499	833	406	427
ENSG00000188404	90	48	42
ENSG00000227735	0	0	0
ENSG00000243062	0	0	0
ENSG00000143196	288	133	155
ENSG00000228504	0	0	0
ENSG00000274702	0	0	0
ENSG00000226211	0	0	0
ENSG00000236942	1	3	0
ENSG00000287205	1	0	1
ENSG00000203697	2305	1112	1193
ENSG00000116574	779	390	389
ENSG00000287929	4	2	4
ENSG00000186283	1837	895	942
ENSG00000224896	0	0	0
ENSG00000226292	0	0	0
ENSG00000121481	271	139	132
ENSG00000227940	0	0	0
ENSG00000117139	1422	706	716
ENSG00000143248	1046	513	533
ENSG00000278455	0	0	0
ENSG00000224810	0	0	0
ENSG00000162814	20	12	12
ENSG00000225172	1	1	0
ENSG00000261642	0	0	0
ENSG00000228239	0	0	0
ENSG00000237283	0	0	0
ENSG00000116132	61	27	34
ENSG00000238042	0	0	0
ENSG00000271475	0	0	0
ENSG00000231877	0	0	0
ENSG00000116679	4384	2159	2225
ENSG00000228536	1	1	0
ENSG00000230550	0	0	0
ENSG00000229242	0	0	0
ENSG00000253326	2	1	1
ENSG00000228470	3	1	2
ENSG00000152092	6	4	2
ENSG00000234984	0	0	0
ENSG00000231648	0	0	0
ENSG00000229983	2	1	1
ENSG00000215149	0	0	0
ENSG00000225122	0	0	0
ENSG00000225920	2	0	2
ENSG00000143476	354	179	175
ENSG00000121486	436	204	232
ENSG00000228437	0	0	0
ENSG00000214837	2	0	2
ENSG00000057252	734	394	340
ENSG00000225982	2	2	0
ENSG00000285718	0	0	0
ENSG00000234070	0	3	1
ENSG00000233620	0	0	0
ENSG00000237783	0	0	0
ENSG00000272906	4	10	7
ENSG00000233018	1	0	1
ENSG00000123685	38	19	19
ENSG00000224783	0	0	0
ENSG00000162852	826	398	428
ENSG00000232792	0	0	0
ENSG00000273004	3	0	3
ENSG00000143842	581	305	276
ENSG00000268062	16	12	4
ENSG00000237409	1	1	0
ENSG00000116962	768	371	397
ENSG00000288078	0	0	0
ENSG00000271399	0	0	0
ENSG00000229757	2	0	2
ENSG00000232679	0	0	0
ENSG00000159388	8634	4328	4306
ENSG00000220749	13	5	8
ENSG00000181450	182	89	93
ENSG00000223519	4	3	9
ENSG00000120333	978	485	512
ENSG00000286285	2	1	1
ENSG00000225300	1	1	0
ENSG00000223842	0	0	0
ENSG00000162753	0	1	0
ENSG00000228247	0	0	0
ENSG00000231424	6	3	3
ENSG00000143355	1	1	0
ENSG00000287177	0	0	0
ENSG00000237193	0	0	0
ENSG00000223490	0	0	0
ENSG00000121644	1112	543	569
ENSG00000174502	0	0	0
ENSG00000224286	0	0	0
ENSG00000158715	939	463	476
ENSG00000143195	30	12	18
ENSG00000162849	5	2	3
ENSG00000232824	0	0	0
ENSG00000273416	2	0	2
ENSG00000234142	0	0	0
ENSG00000282111	0	0	0
ENSG00000233410	0	0	0
ENSG00000067533	614	291	323
ENSG00000228955	1	0	1
ENSG00000270443	0	0	0
ENSG00000116209	11350	5918	5432
ENSG00000224702	0	0	0
ENSG00000271811	1	1	0
ENSG00000224278	0	0	0
ENSG00000235492	0	0	0
ENSG00000287808	11	6	24
ENSG00000271588	0	0	0
ENSG00000229840	0	0	0
ENSG00000116161	2025	1030	1029
ENSG00000226486	0	0	0
ENSG00000227687	0	0	0
ENSG00000231814	0	0	0
ENSG00000286210	0	0	0
ENSG00000287364	12	6	6
ENSG00000225063	0	0	0
ENSG00000260698	17	9	8
ENSG00000277007	11	6	5
ENSG00000229016	0	0	0
ENSG00000077157	1051	536	541
ENSG00000152104	108	57	51
ENSG00000236975	0	0	0
ENSG00000215834	1	0	1
ENSG00000286541	0	0	0
ENSG00000117650	324	155	169
ENSG00000235021	4	1	3
ENSG00000203724	97	39	58
ENSG00000225006	0	0	0
ENSG00000287633	0	0	0
ENSG00000158764	15	10	8
ENSG00000223375	0	0	0
ENSG00000230714	0	0	0
ENSG00000261065	0	7	1
ENSG00000260855	18	12	6
ENSG00000188783	270	129	141
ENSG00000236206	1	1	0
ENSG00000168118	1477	757	748
ENSG00000181101	0	0	0
ENSG00000173726	4416	2173	2243
ENSG00000282852	0	0	0
ENSG00000152382	307	159	148
ENSG00000143839	6	5	1
ENSG00000232100	0	0	0
ENSG00000261024	0	0	0
ENSG00000230547	0	0	0
ENSG00000229703	0	0	0
ENSG00000176754	1	1	0
ENSG00000232309	0	0	0
ENSG00000227953	26	15	19
ENSG00000232215	0	0	0
ENSG00000135829	4154	2003	2170
ENSG00000228289	1	0	1
ENSG00000134717	577	299	278
ENSG00000232989	0	0	0
ENSG00000233537	0	0	0
ENSG00000116668	171	83	88
ENSG00000143756	697	346	351
ENSG00000278180	0	0	0
ENSG00000143702	74	37	39
ENSG00000232341	0	0	0
ENSG00000287676	0	0	0
ENSG00000236792	0	0	0
ENSG00000143207	1897	936	961
ENSG00000270859	0	0	0
ENSG00000238224	0	0	0
ENSG00000286775	0	0	0
ENSG00000122176	1249	592	657
ENSG00000229120	0	0	0
ENSG00000237492	1	1	0
ENSG00000230404	0	0	0
ENSG00000213036	0	0	0
ENSG00000227230	0	1	1
ENSG00000236230	0	0	0
ENSG00000026751	1874	943	931
ENSG00000150681	39	19	25
ENSG00000116906	1664	785	880
ENSG00000092969	8	5	4
ENSG00000157181	1005	492	513
ENSG00000250762	0	0	0
ENSG00000236720	0	0	0
ENSG00000227421	0	0	0
ENSG00000227240	0	0	0
ENSG00000076258	242	117	125
ENSG00000286073	0	0	0
ENSG00000231084	6	5	1
ENSG00000232085	0	0	0
ENSG00000117697	556	258	298
ENSG00000279333	0	4	6
ENSG00000235083	0	0	0
ENSG00000162669	7	3	4
ENSG00000197067	0	0	0
ENSG00000229652	0	0	0
ENSG00000132681	0	0	0
ENSG00000225904	0	0	0
ENSG00000270920	0	0	0
ENSG00000281664	0	0	0
ENSG00000143641	1015	788	835
ENSG00000227630	11	6	5
ENSG00000228830	0	927	788
ENSG00000010932	3	1	2
ENSG00000282849	0	0	0
ENSG00000276520	1	5	1
ENSG00000226640	0	0	0
ENSG00000010072	177	80	103
ENSG00000135766	61	35	26
ENSG00000232626	0	0	0
ENSG00000232096	0	0	0
ENSG00000279261	1	1	0
ENSG00000213051	4	2	2
ENSG00000238054	0	0	0
ENSG00000163534	12	5	7
ENSG00000168243	141	72	69
ENSG00000281453	0	0	0
ENSG00000237469	0	0	0
ENSG00000224939	0	0	0
ENSG00000227613	0	0	0
ENSG00000116183	27	15	12
ENSG00000270106	1	0	1
ENSG00000232194	0	0	0
ENSG00000235152	0	0	0
ENSG00000231612	0	0	0
ENSG00000237980	0	0	0
ENSG00000271036	0	0	0
ENSG00000230849	0	0	0
ENSG00000170382	699	347	352
ENSG00000228664	0	0	0
ENSG00000226868	0	0	0
ENSG00000279401	0	0	0
ENSG00000272362	0	0	0
ENSG00000287450	0	0	0
ENSG00000237011	0	0	0
ENSG00000233583	2	1	1
ENSG00000066027	2732	1322	1410
ENSG00000286263	2	0	2
ENSG00000227006	1	1	0
ENSG00000236372	0	0	0
ENSG00000224525	0	0	0
ENSG00000188770	0	0	0
ENSG00000173728	1	2	1
ENSG00000094975	644	309	335
ENSG00000225811	1	5	9
ENSG00000273093	0	0	0
ENSG00000162772	3469	1656	1813
ENSG00000227818	0	0	0
ENSG00000135828	556	275	281
ENSG00000224227	0	0	0
ENSG00000286398	0	0	0
ENSG00000076356	1673	873	800
ENSG00000215819	0	0	0
ENSG00000185523	1	0	1
ENSG00000236108	0	0	0
ENSG00000116711	239	126	113
ENSG00000231684	3	2	1
ENSG00000226750	0	0	0
ENSG00000285665	12	7	5
ENSG00000231022	0	0	0
ENSG00000224436	0	0	0
ENSG00000228208	0	0	0
ENSG00000273384	4	1	3
ENSG00000238061	3	3	0
ENSG00000234915	0	0	0
ENSG00000143845	20	10	18
ENSG00000235862	1	57	39
ENSG00000069812	857	437	420
ENSG00000227585	0	0	0
ENSG00000157060	0	0	0
ENSG00000237213	0	0	0
ENSG00000236439	1	0	1
ENSG00000224260	0	0	0
ENSG00000213045	2	0	2
ENSG00000287220	0	0	0
ENSG00000230063	0	0	0
ENSG00000235467	0	0	0
ENSG00000123684	992	500	492
ENSG00000117707	74	41	35
ENSG00000228044	0	0	0
ENSG00000225338	2	1	1
ENSG00000224407	0	279	329
ENSG00000232463	0	0	0
ENSG00000237457	5	2	3
ENSG00000225171	19	3	16
ENSG00000226843	0	0	0
ENSG00000235386	0	0	0
ENSG00000123836	2813	1446	1369
ENSG00000213690	0	0	0
ENSG00000223982	0	0	0
ENSG00000229832	0	0	0
ENSG00000117691	823	398	425
ENSG00000225233	0	0	0
ENSG00000274895	7	3	4
ENSG00000237514	0	0	0
ENSG00000287856	0	0	0
ENSG00000228067	2	2	0
ENSG00000284299	1	1	0
ENSG00000226375	1	0	1
ENSG00000203705	287	133	154
ENSG00000224040	1	0	1
ENSG00000228686	2	2	0
ENSG00000279838	18	14	4
ENSG00000174175	107	58	49
ENSG00000236401	0	0	0
ENSG00000241475	0	0	0
ENSG00000215800	0	0	0
ENSG00000286421	0	0	0
ENSG00000270936	0	0	0
ENSG00000008118	2	1	1
ENSG00000171161	1095	544	551
ENSG00000241505	0	0	0
ENSG00000224535	0	0	0
ENSG00000282097	0	0	0
ENSG00000261453	4	2	2
ENSG00000231020	0	0	0
ENSG00000270818	0	0	0
ENSG00000196878	2407	1197	1210
ENSG00000133059	257	139	118
ENSG00000225561	0	0	0
ENSG00000224668	0	0	0
ENSG00000242529	0	0	0
ENSG00000074964	3505	1734	1771
ENSG00000223847	0	0	0
ENSG00000277704	0	0	0
ENSG00000116918	521	246	304
ENSG00000274020	49	22	30
ENSG00000287445	13	6	7
ENSG00000259815	0	0	0
ENSG00000240963	0	0	2
ENSG00000226570	0	0	0
ENSG00000198929	27	14	13
ENSG00000272167	0	0	0
ENSG00000230628	2	1	1
ENSG00000162771	5	43	57
ENSG00000227579	0	0	0
ENSG00000176393	4048	2582	2597
ENSG00000174606	535	282	253
ENSG00000179914	16704	8186	8518
ENSG00000235750	709	352	357
ENSG00000284376	0	0	0
ENSG00000121446	0	0	0
ENSG00000226758	0	0	0
ENSG00000230199	1	0	1
ENSG00000236905	2	1	1
ENSG00000233304	3	2	1
ENSG00000288007	6	5	4
ENSG00000227887	0	0	0
ENSG00000116903	286	130	162
ENSG00000228255	0	0	0
ENSG00000226196	0	0	0
ENSG00000287354	0	0	1
ENSG00000233827	0	0	0
ENSG00000198797	1	1	0
ENSG00000271746	5	3	8
ENSG00000234233	2	0	2
ENSG00000151414	491	240	251
ENSG00000177614	41	18	23
ENSG00000223794	0	0	0
ENSG00000235182	0	1	0
ENSG00000213041	0	0	0
ENSG00000287157	0	0	0
ENSG00000233920	0	0	0
ENSG00000183831	10	5	5
ENSG00000225755	0	0	0
ENSG00000143858	23	24	25
ENSG00000197472	21	13	8
ENSG00000230184	1	1	0
ENSG00000234004	0	0	0
ENSG00000232436	0	0	0
ENSG00000231718	0	0	0
ENSG00000283952	0	0	0
ENSG00000230019	0	0	0
ENSG00000136643	346	177	169
ENSG00000232537	0	0	0
ENSG00000226036	1	1	0
ENSG00000285521	0	0	0
ENSG00000236317	0	0	0
ENSG00000176855	3	0	3
ENSG00000227728	0	0	0
ENSG00000133069	22	8	14
ENSG00000162877	19	9	10
ENSG00000233461	75	22	53
ENSG00000225401	1	0	1
ENSG00000228190	0	0	0
ENSG00000135747	5	2	3
ENSG00000227237	1	1	0
ENSG00000069248	1000	483	517
ENSG00000232812	0	0	0
ENSG00000231666	0	0	0
ENSG00000226986	2	0	2
ENSG00000242042	0	0	0
ENSG00000234464	0	0	0
ENSG00000253148	0	0	0
ENSG00000227751	0	570	409
ENSG00000090104	3893	1928	1965
ENSG00000285280	7	8	4
ENSG00000232892	0	0	0
ENSG00000236950	0	0	0
ENSG00000236468	0	0	0
ENSG00000143322	488	240	248
ENSG00000185220	305	155	150
ENSG00000226003	0	0	0
ENSG00000230813	0	0	0
ENSG00000226862	8	2	6
ENSG00000236101	0	0	0
ENSG00000162769	490	251	239
ENSG00000133065	187	94	93
ENSG00000278684	0	0	0
ENSG00000236775	0	0	0
ENSG00000042781	3	2	1
ENSG00000234754	0	0	0
ENSG00000233084	0	0	0
ENSG00000227815	1	1	0
ENSG00000287046	5	1	4
ENSG00000223774	1	38	47
ENSG00000228863	11	142	123
ENSG00000228646	0	0	0
ENSG00000229112	0	0	0
ENSG00000233332	0	0	0
ENSG00000231984	0	0	0
ENSG00000286213	0	0	0
ENSG00000226876	0	0	0
ENSG00000277462	79	34	45
ENSG00000225591	0	0	0
ENSG00000035687	1174	617	557
ENSG00000213080	9	1	8
ENSG00000180287	5	2	3
ENSG00000226693	0	0	0
ENSG00000234678	436	762	920
ENSG00000231272	0	0	0
ENSG00000223828	0	0	0
ENSG00000163431	392	251	225
ENSG00000230124	880	446	492
ENSG00000226723	0	0	0
ENSG00000272672	2	1	1
ENSG00000143473	6	7	9
ENSG00000228982	0	0	0
ENSG00000235096	0	0	0
ENSG00000237250	0	0	0
ENSG00000007341	370	311	317
ENSG00000286747	3	1	2
ENSG00000236069	0	0	0
ENSG00000236244	0	0	0
ENSG00000272865	0	0	0
ENSG00000117222	561	294	267
ENSG00000143324	649	312	337
ENSG00000229871	1	1	0
ENSG00000225222	0	0	0
ENSG00000118193	105	57	48
ENSG00000234116	0	0	0
ENSG00000231940	6	6	0
ENSG00000198842	0	0	0
ENSG00000286619	8	3	5
ENSG00000198756	15	4	11
ENSG00000259823	1307	617	691
ENSG00000271558	0	0	0
ENSG00000227554	0	0	0
ENSG00000178596	0	0	0
ENSG00000135749	153	120	137
ENSG00000143786	21	9	14
ENSG00000224584	0	0	0
ENSG00000054282	406	242	258
ENSG00000183780	6	3	3
ENSG00000229663	0	0	0
ENSG00000162702	203	114	89
ENSG00000251508	0	0	0
ENSG00000238272	0	0	1
ENSG00000228530	0	0	0
ENSG00000235060	0	0	0
ENSG00000143194	2	0	2
ENSG00000229531	0	0	0
ENSG00000271329	0	0	0
ENSG00000054267	454	210	245
ENSG00000261831	0	0	0
ENSG00000287921	0	0	0
ENSG00000177800	0	0	0
ENSG00000225620	0	0	0
ENSG00000232166	0	0	0
ENSG00000175137	972	467	505
ENSG00000134245	425	311	370
ENSG00000234041	0	0	0
ENSG00000227373	10	4	6
ENSG00000231905	0	0	0
ENSG00000228175	24	15	9
ENSG00000069275	4962	2452	2510
ENSG00000143674	539	272	267
ENSG00000237317	0	0	0
ENSG00000187889	18	6	12
ENSG00000134375	2496	1234	1262
ENSG00000097046	377	192	185
ENSG00000232113	0	0	0
ENSG00000282718	0	0	0
ENSG00000231378	0	0	0
ENSG00000235605	0	3	1
ENSG00000223525	1	0	1
ENSG00000224857	0	0	0
ENSG00000273367	6	3	3
ENSG00000230604	0	0	0
ENSG00000231605	0	0	0
ENSG00000236358	1	1	4
ENSG00000203737	0	0	0
ENSG00000238003	1	1	0
ENSG00000215873	0	0	0
ENSG00000287008	0	0	0
ENSG00000185420	360	196	164
ENSG00000076321	321	158	163
ENSG00000272175	2	1	3
ENSG00000231564	0	0	0
ENSG00000135778	1327	734	697
ENSG00000213070	1	1	0
ENSG00000282265	0	0	0
ENSG00000250536	0	0	0
ENSG00000229747	0	0	0
ENSG00000117280	326	162	164
ENSG00000233985	0	0	0
ENSG00000232175	9	3	6
ENSG00000287423	0	0	0
ENSG00000286774	0	0	0
ENSG00000236719	1	0	1
ENSG00000136636	1380	643	737
ENSG00000225486	2	2	0
ENSG00000227043	0	0	0
ENSG00000163874	850	391	459
ENSG00000285777	4	0	4
ENSG00000237249	2	2	0
ENSG00000286109	1	0	1
ENSG00000213068	1	0	1
ENSG00000054392	128	57	72
ENSG00000227994	0	0	0
ENSG00000286552	0	0	0
ENSG00000225711	0	0	0
ENSG00000122223	54	33	21
ENSG00000235869	0	0	0
ENSG00000188739	47	25	22
ENSG00000286666	0	0	0
ENSG00000135750	657	344	313
ENSG00000273198	1	1	0
ENSG00000203730	1	1	0
ENSG00000225719	0	0	0
ENSG00000273483	14	7	7
ENSG00000287987	0	0	0
ENSG00000203729	0	0	0
ENSG00000232809	0	0	0
ENSG00000284623	0	0	0
ENSG00000285981	0	0	0
ENSG00000261729	5	3	2
ENSG00000223869	0	0	0
ENSG00000229228	21	7	14
ENSG00000215796	0	0	0
ENSG00000185221	0	0	0
ENSG00000233047	0	0	0
ENSG00000143341	76	38	38
ENSG00000228309	0	0	0
ENSG00000229739	24	14	10
ENSG00000116703	0	0	0
ENSG00000273874	0	0	0
ENSG00000278791	0	56	34
ENSG00000278757	0	0	0
ENSG00000264341	0	0	0
ENSG00000264101	0	0	0
ENSG00000265141	0	0	0
ENSG00000221083	1	0	1
ENSG00000252404	0	0	0
ENSG00000222511	0	0	0
ENSG00000265392	0	0	0
ENSG00000243267	2	2	0
ENSG00000201725	0	0	0
ENSG00000274258	0	0	0
ENSG00000239149	5	1	4
ENSG00000252151	0	0	0
ENSG00000252969	0	0	0
ENSG00000252417	0	0	0
ENSG00000200975	0	0	0
ENSG00000201609	0	0	0
ENSG00000238482	0	0	0
ENSG00000252956	0	0	0
ENSG00000265606	0	0	0
ENSG00000284357	0	0	0
ENSG00000278034	0	0	0
ENSG00000207237	1	0	1
ENSG00000222784	0	0	0
ENSG00000266210	0	0	0
ENSG00000265961	0	0	0
ENSG00000251866	0	0	0
ENSG00000252691	0	0	0
ENSG00000264371	0	0	0
ENSG00000253005	0	0	0
ENSG00000238316	0	0	0
ENSG00000207941	0	0	0
ENSG00000264773	2	1	1
ENSG00000252448	0	0	0
ENSG00000200421	1	0	1
ENSG00000222282	0	0	0
ENSG00000199963	0	0	0
ENSG00000264698	0	0	0
ENSG00000207328	0	0	0
ENSG00000207466	0	0	0
ENSG00000252368	0	0	0
ENSG00000206779	0	0	0
ENSG00000265596	0	0	0
ENSG00000212541	1	1	0
ENSG00000200796	0	0	0
ENSG00000252190	0	0	0
ENSG00000264613	0	0	0
ENSG00000199240	0	0	0
ENSG00000277168	0	0	0
ENSG00000283724	0	0	0
ENSG00000284410	0	0	0
ENSG00000252018	0	0	0
ENSG00000206627	0	0	0
ENSG00000283414	0	0	0
ENSG00000207508	0	0	0
ENSG00000200171	0	0	0
ENSG00000207194	0	0	0
ENSG00000283477	0	0	0
ENSG00000264834	0	0	0
ENSG00000263675	0	0	0
ENSG00000266188	0	0	0
ENSG00000206981	0	0	0
ENSG00000200174	0	0	0
ENSG00000265822	0	0	0
ENSG00000265815	0	0	0
ENSG00000238653	0	0	0
ENSG00000212624	0	0	0
ENSG00000200575	0	0	0
ENSG00000212360	0	0	0
ENSG00000242860	1	0	1
ENSG00000263908	0	0	0
ENSG00000283690	0	0	0
ENSG00000199921	0	0	0
ENSG00000251825	0	0	0
ENSG00000201153	0	0	0
ENSG00000222624	0	0	0
ENSG00000223152	0	0	0
ENSG00000212308	0	0	0
ENSG00000279049	0	23	6
ENSG00000276081	0	0	0
ENSG00000239640	0	0	0
ENSG00000252338	0	0	0
ENSG00000251785	0	0	0
ENSG00000239319	0	0	0
ENSG00000222849	0	0	0
ENSG00000283749	0	0	0
ENSG00000251958	0	0	0
ENSG00000251767	0	0	0
ENSG00000243437	0	0	0
ENSG00000202263	0	0	0
ENSG00000199318	0	0	0
ENSG00000199666	0	0	0
ENSG00000200601	0	0	0
ENSG00000242482	0	0	0
ENSG00000212366	0	0	0
ENSG00000201620	0	0	0
ENSG00000206817	0	0	0
ENSG00000284247	0	0	0
ENSG00000200839	0	0	0
ENSG00000264963	0	0	0
ENSG00000264271	0	0	0
ENSG00000239504	0	0	0
ENSG00000284202	0	0	0
ENSG00000251720	1	1	0
ENSG00000274321	0	0	0
ENSG00000198974	0	0	0
ENSG00000212248	2	1	1
ENSG00000207962	0	0	0
ENSG00000276884	0	0	0
ENSG00000207234	0	0	0
ENSG00000202259	0	0	0
ENSG00000212459	3	3	0
ENSG00000278287	0	0	0
ENSG00000277565	0	0	0
ENSG00000263526	0	0	0
ENSG00000211575	1	0	1
ENSG00000275823	0	0	0
ENSG00000277689	0	0	0
ENSG00000274199	0	0	0
ENSG00000202254	0	0	0
ENSG00000244256	0	0	0
ENSG00000201491	0	0	0
ENSG00000199831	0	0	0
ENSG00000275455	0	0	0
ENSG00000252162	0	0	0
ENSG00000272051	0	0	0
ENSG00000283899	0	0	0
ENSG00000200800	0	0	0
ENSG00000207502	0	0	0
ENSG00000252530	0	0	0
ENSG00000200536	0	0	0
ENSG00000211543	0	0	0
ENSG00000252797	0	0	0
ENSG00000212266	0	0	0
ENSG00000222209	0	0	0
ENSG00000277141	0	0	0
ENSG00000215930	1	0	1
ENSG00000238761	0	0	0
ENSG00000201114	0	0	0
ENSG00000206679	0	0	0
ENSG00000264419	0	0	0
ENSG00000222069	0	0	0
ENSG00000274428	6	5	1
ENSG00000199879	11	9	2
ENSG00000274408	0	0	0
ENSG00000283676	2	1	1
ENSG00000252005	0	0	0
ENSG00000252510	1	1	0
ENSG00000207340	2	0	2
ENSG00000252830	0	0	0
ENSG00000274450	0	0	0
ENSG00000252135	0	0	0
ENSG00000278596	2	2	0
ENSG00000238825	1	1	0
ENSG00000201183	5	3	2
ENSG00000202408	0	2	0
ENSG00000252744	0	0	0
ENSG00000273768	1	0	1
ENSG00000242565	0	0	0
ENSG00000239984	0	0	0
ENSG00000283296	0	0	0
ENSG00000252717	0	0	0
ENSG00000194297	0	0	0
ENSG00000199565	0	0	0
ENSG00000277313	0	0	0
ENSG00000274940	0	0	0
ENSG00000207341	0	0	0
ENSG00000207472	0	0	0
ENSG00000206880	0	0	0
ENSG00000252552	1	1	0
ENSG00000199849	0	0	0
ENSG00000252407	0	0	0
ENSG00000212538	0	0	0
ENSG00000251813	0	0	0
ENSG00000207108	0	0	0
ENSG00000201312	0	0	0
ENSG00000207039	0	0	0
ENSG00000202491	0	0	0
ENSG00000201596	0	0	0
ENSG00000276839	0	0	0
ENSG00000207974	0	0	0
ENSG00000273629	0	0	0
ENSG00000201493	0	0	0
ENSG00000215952	0	0	0
ENSG00000200139	0	0	0
ENSG00000283575	0	0	0
ENSG00000238765	0	0	0
ENSG00000264916	0	0	0
ENSG00000212338	0	0	0
ENSG00000206659	0	0	0
ENSG00000253025	0	0	0
ENSG00000201619	0	0	0
ENSG00000201544	1	1	0
ENSG00000202498	0	0	0
ENSG00000221545	0	0	0
ENSG00000252906	0	0	0
ENSG00000206692	0	0	0
ENSG00000202329	0	0	0
ENSG00000242794	0	0	0
ENSG00000212144	0	0	0
ENSG00000283340	0	0	0
ENSG00000252860	1	0	1
ENSG00000252501	0	0	0
ENSG00000263390	0	0	0
ENSG00000207181	2	1	1
ENSG00000265744	0	0	0
ENSG00000264377	0	0	0
ENSG00000207149	0	0	0
ENSG00000283936	0	0	0
ENSG00000284485	0	0	0
ENSG00000201638	0	0	0
ENSG00000275213	2	0	2
ENSG00000239494	1	1	0
ENSG00000212230	0	0	0
ENSG00000252371	0	0	0
ENSG00000199442	0	0	0
ENSG00000200033	0	0	0
ENSG00000239690	0	0	0
ENSG00000202184	1	1	0
ENSG00000241395	0	0	0
ENSG00000200982	0	0	0
ENSG00000275207	0	0	0
ENSG00000202300	0	0	0
ENSG00000222407	0	0	0
ENSG00000222986	0	0	0
ENSG00000265435	0	0	0
ENSG00000272262	0	0	0
ENSG00000200495	0	0	0
ENSG00000202609	0	0	0
ENSG00000252553	0	0	0
ENSG00000206764	0	0	0
ENSG00000222240	0	0	0
ENSG00000212187	0	0	0
ENSG00000206637	0	0	0
ENSG00000253097	0	0	0
ENSG00000200036	1	0	1
ENSG00000201421	0	0	0
ENSG00000212610	0	0	0
ENSG00000252484	0	0	0
ENSG00000201944	1	1	0
ENSG00000200327	0	0	0
ENSG00000206905	0	0	0
ENSG00000200972	0	0	0
ENSG00000243051	0	0	0
ENSG00000252011	0	0	0
ENSG00000207326	0	0	0
ENSG00000212205	0	0	0
ENSG00000253042	0	0	0
ENSG00000274121	0	0	0
ENSG00000264358	0	0	0
ENSG00000206640	2	0	2
ENSG00000212527	0	0	0
ENSG00000252879	2	0	2
ENSG00000252612	0	0	0
ENSG00000202264	1	0	1
ENSG00000285609	0	0	0
ENSG00000206762	3	1	2
ENSG00000252084	0	0	0
ENSG00000200085	0	0	0
ENSG00000264500	1	1	0
ENSG00000202025	0	0	0
ENSG00000225545	0	0	0
ENSG00000206990	0	0	0
ENSG00000230175	0	0	0
ENSG00000225272	0	0	0
ENSG00000215838	1	1	0
ENSG00000273365	1	1	0
ENSG00000224358	3	1	2
ENSG00000230659	0	0	0
ENSG00000162545	6031	2988	3043
ENSG00000090432	1258	597	661
ENSG00000215520	0	0	0
ENSG00000183114	3	1	2
ENSG00000158825	150	70	80
ENSG00000158828	486	1368	1379
ENSG00000284005	0	0	0
ENSG00000117242	185	1230	1216
ENSG00000234473	4	3	1
ENSG00000238754	0	0	0
ENSG00000134371	579	290	289
ENSG00000221680	0	0	0
ENSG00000162630	12	7	5
ENSG00000276735	0	0	0
ENSG00000232077	2	1	1
ENSG00000229639	0	0	0
ENSG00000287453	0	0	0
ENSG00000270615	0	0	0
ENSG00000287283	0	0	0
ENSG00000240692	0	0	0
ENSG00000229359	0	0	0
ENSG00000237919	0	0	0
ENSG00000066557	226	108	118
ENSG00000244389	0	0	0
ENSG00000228988	0	0	0
ENSG00000118454	553	240	313
ENSG00000226088	2	2	0
ENSG00000116761	244	116	128
ENSG00000278636	0	0	0
ENSG00000271992	20	7	13
ENSG00000233020	0	0	0
ENSG00000237033	0	0	0
ENSG00000226208	0	0	0
ENSG00000007968	1061	524	537
ENSG00000235052	40	19	21
ENSG00000117318	5819	2933	2886
ENSG00000285802	0	0	0
ENSG00000229239	0	0	0
ENSG00000142676	31411	15372	16039
ENSG00000057757	1637	797	840
ENSG00000011009	2477	1220	1258
ENSG00000117308	3095	1441	1654
ENSG00000273844	0	0	0
ENSG00000235748	1	0	1
ENSG00000237861	0	0	0
ENSG00000221879	0	0	0
ENSG00000230260	0	0	0
ENSG00000199241	0	0	0
ENSG00000226919	0	0	1
ENSG00000223963	0	0	0
ENSG00000215802	0	0	0
ENSG00000233615	0	0	0
ENSG00000238085	0	0	0
ENSG00000265831	0	0	0
ENSG00000224348	0	0	0
ENSG00000286496	0	0	0
ENSG00000287516	2	1	1
ENSG00000287738	0	0	0
ENSG00000132703	0	0	0
ENSG00000276632	0	0	0
ENSG00000223603	0	0	0
ENSG00000132693	0	0	0
ENSG00000235226	0	0	0
ENSG00000158716	990	399	591
ENSG00000181036	11	4	7
ENSG00000158714	53	145	136
ENSG00000212161	0	0	0
ENSG00000243284	5	2	4
ENSG00000272668	33	13	21
ENSG00000213085	5	2	3
ENSG00000266458	0	0	0
ENSG00000287040	0	0	0
ENSG00000279430	5	1	4
ENSG00000162723	1	0	1
ENSG00000273933	3	3	0
ENSG00000256029	3	55	56
ENSG00000188004	0	0	0
ENSG00000266580	0	0	0
ENSG00000254545	0	0	0
ENSG00000203620	0	0	0
ENSG00000269967	5	4	1
ENSG00000228634	3	0	3
ENSG00000284702	0	0	0
ENSG00000221040	1	1	1
ENSG00000287217	27	13	15
ENSG00000163399	12679	24931	24618
ENSG00000212385	0	0	0
ENSG00000233154	5	2	3
ENSG00000230381	0	0	0
ENSG00000200547	0	0	0
ENSG00000224950	35	24	19
ENSG00000286276	1	5	4
ENSG00000177888	202	92	110
ENSG00000243364	557	260	297
ENSG00000251246	0	0	0
ENSG00000143590	97	47	50
ENSG00000202027	0	0	0
ENSG00000169242	1433	706	727
ENSG00000169241	2974	1386	1588
ENSG00000223452	0	0	0
ENSG00000163463	214	115	99
ENSG00000273088	0	0	0
ENSG00000284586	0	0	0
ENSG00000169231	398	329	352
ENSG00000236263	0	22	19
ENSG00000236675	8	4	4
ENSG00000177628	1073	595	478
ENSG00000116521	1411	756	655
ENSG00000176444	1395	706	689
ENSG00000143630	232	197	166
ENSG00000143627	28	80	79
ENSG00000253074	0	0	0
ENSG00000252116	1	1	0
ENSG00000228523	0	0	0
ENSG00000223263	1	1	0
ENSG00000207504	0	0	0
ENSG00000238139	0	0	0
ENSG00000197721	1	1	0
ENSG00000244703	0	0	0
ENSG00000226289	0	0	0
ENSG00000285239	0	0	0
ENSG00000234219	0	0	0
ENSG00000174059	540	257	283
ENSG00000285719	0	0	0
ENSG00000284237	43	23	20
ENSG00000158731	0	0	0
ENSG00000201746	0	0	0
ENSG00000264881	0	0	0
ENSG00000199562	2	1	1
ENSG00000264501	0	0	0
ENSG00000284735	18	10	8
ENSG00000284642	64	24	40
ENSG00000142657	3920	1891	2029
ENSG00000271989	1	1	16
ENSG00000251503	0	0	0
ENSG00000175279	95	30	65
ENSG00000160049	1307	742	763
ENSG00000203469	0	51	74
ENSG00000236035	3	0	3
ENSG00000221643	0	0	0
ENSG00000122188	231	116	115
ENSG00000288644	0	0	0
ENSG00000227417	0	0	0
ENSG00000223505	0	0	0
ENSG00000182004	1827	986	841
ENSG00000236430	0	0	0
ENSG00000130768	942	694	706
ENSG00000227050	1	246	218
ENSG00000238231	4	2	2
ENSG00000240750	0	0	0
ENSG00000158156	319	170	154
ENSG00000182118	44	23	21
ENSG00000283799	0	0	0
ENSG00000227934	0	0	0
ENSG00000229595	0	0	0
ENSG00000143633	805	372	434
ENSG00000281912	42	29	14
ENSG00000288208	0	0	0
ENSG00000132773	351	215	202
ENSG00000070759	237	140	120
ENSG00000236872	0	0	0
ENSG00000280670	54	29	25
ENSG00000132763	723	2345	1690
ENSG00000221953	3	2	1
ENSG00000226164	0	0	0
ENSG00000224014	2	2	0
ENSG00000215795	10	7	3
ENSG00000259865	191	86	105
ENSG00000227671	921	437	484
ENSG00000283881	0	0	0
ENSG00000252516	4	0	4
ENSG00000232347	0	0	0
ENSG00000214144	0	0	0
ENSG00000235818	0	0	0
ENSG00000197617	0	0	0
ENSG00000202079	3	2	1
ENSG00000286216	2	4	3
ENSG00000203664	0	0	0
ENSG00000169224	38	21	19
ENSG00000236817	0	1	1
ENSG00000177489	0	0	0
ENSG00000177476	0	0	0
ENSG00000283369	0	0	0
ENSG00000230411	0	0	0
ENSG00000251977	0	0	0
ENSG00000252254	0	0	0
ENSG00000227854	0	0	0
ENSG00000287589	0	0	0
ENSG00000259776	0	0	0
ENSG00000233355	30	15	16
ENSG00000234601	0	0	0
ENSG00000231979	0	0	0
ENSG00000215805	0	0	0
ENSG00000287102	0	0	0
ENSG00000217327	0	0	0
ENSG00000228818	3	1	2
ENSG00000202041	0	0	0
ENSG00000223694	0	0	0
ENSG00000233735	0	0	0
ENSG00000133019	143	68	76
ENSG00000162636	1006	485	521
ENSG00000162639	304	160	144
ENSG00000285923	0	0	0
ENSG00000134186	2095	1031	1064
ENSG00000143107	0	0	0
ENSG00000232971	0	0	0
ENSG00000116266	992	449	543
ENSG00000228076	0	0	0
ENSG00000203897	0	0	0
ENSG00000237349	1	0	1
ENSG00000244716	36	24	12
ENSG00000228665	1	0	1
ENSG00000228054	0	0	0
ENSG00000273382	26	16	35
ENSG00000215717	1415	727	713
ENSG00000278249	0	0	0
ENSG00000270066	0	0	0
ENSG00000251484	0	0	0
ENSG00000132676	3404	1659	1785
ENSG00000227673	0	0	0
ENSG00000203761	73	53	38
ENSG00000234937	4	3	1
ENSG00000132718	200	108	92
ENSG00000283442	1	1	0
ENSG00000143622	490	225	265
ENSG00000132680	1500	718	782
ENSG00000207475	2	1	1
ENSG00000280466	0	0	0
ENSG00000281394	0	0	0
ENSG00000277817	0	0	0
ENSG00000273002	12	5	8
ENSG00000224276	5	4	1
ENSG00000285677	1	626	899
ENSG00000163479	4583	3010	3082
ENSG00000160803	1044	542	502
ENSG00000132698	4769	2440	2329
ENSG00000252236	0	0	0
ENSG00000260238	1	1	0
ENSG00000242252	10	6	4
ENSG00000198952	2597	1341	1256
ENSG00000163472	180	282	248
ENSG00000163468	6475	3147	3328
ENSG00000132677	0	0	0
ENSG00000237390	0	0	0
ENSG00000207933	0	0	0
ENSG00000254726	68	33	35
ENSG00000186377	17	9	8
ENSG00000186160	2	0	2
ENSG00000225154	0	0	0
ENSG00000225506	3	0	3
ENSG00000225514	0	0	0
ENSG00000224805	7	4	3
ENSG00000162366	897	416	481
ENSG00000226252	3	2	4
ENSG00000225762	66	28	38
ENSG00000186790	9	4	5
ENSG00000237424	498	237	262
ENSG00000189030	1	0	1
ENSG00000162763	0	0	0
ENSG00000143061	684	359	325
ENSG00000135821	7161	3489	3672
ENSG00000203740	1	0	1
ENSG00000162374	14	6	8
ENSG00000168275	755	396	562
ENSG00000241563	8	4	4
ENSG00000153207	715	338	377
ENSG00000156869	606	220	386
ENSG00000033122	26	11	15
ENSG00000143278	0	0	0
ENSG00000116678	86	51	35
ENSG00000159352	3319	1550	1769
ENSG00000158710	14456	7453	7003
ENSG00000162734	1353	694	694
ENSG00000049239	3068	1481	1587
ENSG00000186564	861	455	407
ENSG00000244038	7035	3566	3469
ENSG00000158747	9535	4344	5191
ENSG00000116690	11	216	79
ENSG00000126091	37	19	18
ENSG00000162383	17	7	10
ENSG00000171163	935	476	459
ENSG00000172456	365	184	183
ENSG00000162946	89	47	42
ENSG00000158786	0	0	0
ENSG00000118733	2	2	0
ENSG00000157870	2023	1408	1420
ENSG00000179085	1012	553	459
ENSG00000173080	192	84	108
ENSG00000183347	0	0	0
ENSG00000276470	0	0	0
ENSG00000278852	0	0	0
ENSG00000275915	0	0	0
ENSG00000120937	0	0	0
ENSG00000224904	0	0	0
ENSG00000285646	43	17	26
ENSG00000199347	0	0	0
ENSG00000201801	7	5	2
ENSG00000116685	2820	1379	1441
ENSG00000083444	1537	777	760
ENSG00000287384	1	1	0
ENSG00000270914	0	0	0
ENSG00000116691	602	303	299
ENSG00000202461	2	1	1
ENSG00000276869	0	0	0
ENSG00000243539	0	0	0
ENSG00000120949	7	2	5
ENSG00000201135	0	0	0
ENSG00000227875	0	0	0
ENSG00000285604	0	0	0
ENSG00000283789	0	0	0
ENSG00000263676	0	0	0
ENSG00000200591	2	1	1
ENSG00000162521	1962	1886	1793
ENSG00000162520	57	877	897
ENSG00000224409	0	0	0
ENSG00000162522	7519	3655	3864
ENSG00000116497	724	385	344
ENSG00000160097	29	14	15
ENSG00000121905	36	2187	1970
ENSG00000121900	9417	6799	6739
ENSG00000287691	15	4	11
ENSG00000278966	4	2	2
ENSG00000143222	2890	1651	1754
ENSG00000224985	25	137	403
ENSG00000143224	373	197	256
ENSG00000158850	1313	719	673
ENSG00000158859	254	116	138
ENSG00000158869	630	316	314
ENSG00000158874	0	0	0
ENSG00000158882	491	399	406
ENSG00000284035	2	2	0
ENSG00000143257	29	187	156
ENSG00000248485	8	5	3
ENSG00000188931	77	28	54
ENSG00000236484	0	0	0
ENSG00000283696	16	11	5
ENSG00000288093	11	4	7
ENSG00000206921	0	0	0
ENSG00000215840	2	1	1
ENSG00000277882	0	0	0
ENSG00000283317	4	1	3
ENSG00000277762	0	0	0
ENSG00000227139	0	0	0
ENSG00000265107	103	65	84
ENSG00000274415	0	25	21
ENSG00000234190	0	0	0
ENSG00000223728	0	0	0
ENSG00000121634	0	0	0
ENSG00000188092	145	71	74
ENSG00000215859	13	11	7
ENSG00000273059	0	0	5
ENSG00000274372	8	2	6
ENSG00000206791	0	0	0
ENSG00000206585	3	3	0
ENSG00000229828	0	0	0
ENSG00000225080	0	0	0
ENSG00000198658	1	0	1
ENSG00000238382	0	0	0
ENSG00000225919	0	0	0
ENSG00000236497	0	0	0
ENSG00000207190	0	0	0
ENSG00000200508	0	0	0
ENSG00000284928	0	0	0
ENSG00000223949	1	1	0
ENSG00000116688	3637	1759	1878
ENSG00000188800	1	1	0
ENSG00000084073	1680	878	802
ENSG00000231296	0	0	0
ENSG00000049089	292	132	160
ENSG00000227311	0	0	0
ENSG00000213172	0	0	0
ENSG00000284677	0	0	0
ENSG00000187801	41	24	17
ENSG00000260920	51	25	26
ENSG00000158887	131	60	71
ENSG00000255054	0	0	0
ENSG00000228172	9	229	282
ENSG00000117640	1361	835	925
ENSG00000272478	0	0	0
ENSG00000127423	63	37	35
ENSG00000182749	192	122	123
ENSG00000207302	0	0	0
ENSG00000117632	3325	1576	1749
ENSG00000229786	0	0	0
ENSG00000223624	0	0	0
ENSG00000283938	0	0	0
ENSG00000199385	0	0	0
ENSG00000187147	1497	1061	972
ENSG00000263381	0	0	0
ENSG00000126106	486	515	507
ENSG00000198520	26	11	15
ENSG00000199377	7	6	1
ENSG00000200169	22	18	4
ENSG00000142945	556	302	304
ENSG00000142937	40359	21079	22012
ENSG00000264294	0	0	0
ENSG00000200913	15	7	8
ENSG00000202031	3	3	0
ENSG00000207421	0	0	0
ENSG00000281859	0	0	0
ENSG00000234093	28	19	9
ENSG00000142959	1502	767	735
ENSG00000173846	472	244	255
ENSG00000117425	59	34	25
ENSG00000202444	0	0	0
ENSG00000226499	1	0	1
ENSG00000070785	758	342	416
ENSG00000253039	0	0	0
ENSG00000229815	0	0	0
ENSG00000232369	0	0	0
ENSG00000268949	2	1	1
ENSG00000126107	3023	1486	1585
ENSG00000126088	1115	586	577
ENSG00000234315	0	0	0
ENSG00000162408	1115	529	586
ENSG00000229519	6	2	4
ENSG00000173662	0	0	0
ENSG00000204859	839	430	409
ENSG00000288629	0	0	0
ENSG00000230735	0	0	0
ENSG00000171488	173	99	74
ENSG00000226394	0	0	0
ENSG00000237200	3	3	0
ENSG00000070886	0	0	0
ENSG00000276835	0	0	0
ENSG00000265422	0	0	0
ENSG00000223776	9	11	20
ENSG00000273058	16	8	8
ENSG00000230325	1	4	5
ENSG00000119285	495	576	603
ENSG00000226498	0	0	0
ENSG00000237991	0	0	0
ENSG00000244020	2	0	2
ENSG00000288099	0	0	0
ENSG00000225886	1	0	1
ENSG00000206767	0	0	0
ENSG00000226662	0	0	0
ENSG00000207095	0	0	0
ENSG00000287244	4	2	2
ENSG00000231344	5	0	5
ENSG00000230833	1	0	1
ENSG00000117758	1702	844	858
ENSG00000269971	0	0	0
ENSG00000270031	1	1	0
ENSG00000223062	0	0	0
ENSG00000286433	0	2	25
ENSG00000117751	1210	610	627
ENSG00000252947	0	0	0
ENSG00000130775	606	305	301
ENSG00000117748	1001	510	491
ENSG00000223643	0	0	0
ENSG00000230239	0	0	0
ENSG00000263811	0	0	0
ENSG00000277234	0	0	0
ENSG00000235241	0	59	107
ENSG00000207005	0	0	0
ENSG00000272426	3	2	1
ENSG00000117122	45	36	22
ENSG00000286898	0	5	8
ENSG00000226526	0	15	9
ENSG00000159363	1261	675	602
ENSG00000117118	4904	2300	2604
ENSG00000117115	10590	5442	5148
ENSG00000204362	0	0	0
ENSG00000282843	0	0	0
ENSG00000142623	30	19	11
ENSG00000142619	5	1	4
ENSG00000266634	0	0	0
ENSG00000199459	0	0	0
ENSG00000273264	5	1	4
ENSG00000282057	1	1	0
ENSG00000272691	0	0	0
ENSG00000199934	0	0	0
ENSG00000230285	0	0	0
ENSG00000142871	3217	1566	1651
ENSG00000226643	0	0	0
ENSG00000234419	0	0	0
ENSG00000276997	4	1	3
ENSG00000222399	0	0	0
ENSG00000267305	0	0	0
ENSG00000143512	4	1	3
ENSG00000143498	73	39	36
ENSG00000225265	23	13	12
ENSG00000154305	1231	721	738
ENSG00000229399	1	0	1
ENSG00000272750	23	112	136
ENSG00000186063	230	119	121
ENSG00000162819	1281	660	628
ENSG00000287684	8	11	11
ENSG00000234523	0	0	0
ENSG00000287338	0	0	0
ENSG00000187554	57	29	28
ENSG00000236846	0	0	0
ENSG00000226601	0	0	0
ENSG00000164010	401	302	280
ENSG00000164011	222	104	118
ENSG00000233708	1	0	1
ENSG00000237090	0	0	0
ENSG00000225099	0	0	0
ENSG00000284138	1	1	0
ENSG00000283973	1	1	2
ENSG00000207256	0	0	0
ENSG00000283136	0	0	0
ENSG00000277513	0	0	0
ENSG00000154309	211	97	114
ENSG00000226967	0	0	0
ENSG00000231407	18	6	17
ENSG00000229570	0	0	0
ENSG00000203857	8	5	3
ENSG00000226443	0	0	0
ENSG00000249798	0	0	0
ENSG00000239873	0	0	0
ENSG00000203855	0	0	0
ENSG00000240244	0	0	0
ENSG00000260941	5	2	3
ENSG00000198857	0	0	0
ENSG00000143067	99	55	44
ENSG00000134240	41851	20355	21496
ENSG00000134193	5853	3072	2781
ENSG00000215864	5	3	2
ENSG00000227205	0	0	0
ENSG00000226446	0	0	0
ENSG00000134249	0	0	0
ENSG00000092621	376	173	203
ENSG00000027644	1	1	0
ENSG00000241992	0	0	0
ENSG00000234226	0	0	0
ENSG00000137970	253	17	236
ENSG00000223229	0	0	0
ENSG00000285698	0	0	0
ENSG00000228035	0	0	0
ENSG00000287103	0	0	0
ENSG00000226973	0	0	0
ENSG00000274468	0	0	0
ENSG00000130764	1622	867	874
ENSG00000266075	5	3	2
ENSG00000272153	21	67	73
ENSG00000230026	0	0	0
ENSG00000285177	0	0	0
ENSG00000284770	57	99	97
ENSG00000229795	0	0	0
ENSG00000238236	0	0	0
ENSG00000235638	0	0	0
ENSG00000231199	0	0	0
ENSG00000226663	0	0	0
ENSG00000231582	0	0	0
ENSG00000232714	0	0	0
ENSG00000235761	0	0	0
ENSG00000270710	0	0	0
ENSG00000227236	0	0	0
ENSG00000198837	1048	533	547
ENSG00000160741	1022	546	476
ENSG00000276584	0	0	0
ENSG00000282386	17	10	7
ENSG00000273026	13	4	9
ENSG00000143578	679	387	400
ENSG00000143543	775	200	665
ENSG00000285641	0	1	5
ENSG00000143545	577	249	328
ENSG00000177954	24424	12420	12004
ENSG00000231416	8	7	1
ENSG00000200220	0	0	0
ENSG00000231837	0	0	0
ENSG00000263987	0	0	0
ENSG00000162642	529	254	275
ENSG00000223254	19	9	10
ENSG00000223653	18	21	26
ENSG00000116198	758	406	353
ENSG00000169598	415	208	208
ENSG00000226653	0	0	0
ENSG00000207209	0	0	0
ENSG00000272443	0	0	0
ENSG00000272480	0	0	0
ENSG00000288626	0	0	0
ENSG00000162836	673	323	350
ENSG00000207080	0	0	0
ENSG00000231791	0	0	0
ENSG00000244568	0	0	0
ENSG00000271387	11	3	8
ENSG00000116667	2387	1184	1203
ENSG00000230470	0	0	0
ENSG00000232036	1	0	1
ENSG00000285847	12	6	7
ENSG00000286378	2	1	2
ENSG00000215381	0	0	0
ENSG00000261326	160	85	75
ENSG00000284726	2	0	2
ENSG00000125945	282	146	144
ENSG00000201405	0	0	0
ENSG00000271420	89	42	47
ENSG00000204219	6885	3275	3610
ENSG00000232482	4	0	4
ENSG00000285779	0	0	0
ENSG00000162885	534	590	508
ENSG00000270780	0	0	0
ENSG00000232895	0	0	0
ENSG00000273698	0	0	0
ENSG00000273112	1	1	0
ENSG00000173110	146	52	94
ENSG00000224203	0	0	0
ENSG00000224515	0	0	0
ENSG00000225217	123	62	61
ENSG00000231586	0	0	0
ENSG00000234211	0	8	7
ENSG00000213075	2	0	2
ENSG00000143125	0	1	0
ENSG00000270380	0	0	1
ENSG00000282887	0	0	0
ENSG00000283999	0	0	0
ENSG00000240194	0	0	0
ENSG00000235407	0	0	0
ENSG00000143105	0	0	0
ENSG00000199710	0	0	0
ENSG00000237415	0	0	0
ENSG00000232791	0	0	0
ENSG00000177301	34	16	18
ENSG00000226828	0	0	0
ENSG00000279774	0	0	0
ENSG00000229960	1	0	1
ENSG00000286486	5	2	3
ENSG00000244066	0	0	0
ENSG00000237759	0	0	0
ENSG00000287531	0	0	0
ENSG00000225855	350	2088	1702
ENSG00000283701	0	0	0
ENSG00000207134	0	0	0
ENSG00000227773	1	0	1
ENSG00000207144	0	0	0
ENSG00000237872	1	1	0
ENSG00000271267	13	8	5
ENSG00000225082	0	0	0
ENSG00000223503	3	2	1
ENSG00000232519	0	0	0
ENSG00000160752	2223	2700	2943
ENSG00000121957	418	717	688
ENSG00000235089	0	0	0
ENSG00000285179	0	0	0
ENSG00000223026	0	0	0
ENSG00000225721	1	30	2755
ENSG00000188396	24	33	18
ENSG00000202167	0	0	0
ENSG00000207349	0	0	0
ENSG00000252826	0	0	0
ENSG00000206737	0	0	0
ENSG00000223779	0	0	0
ENSG00000242352	0	0	0
ENSG00000270962	0	0	0
ENSG00000263590	0	0	0
ENSG00000252105	0	0	0
ENSG00000233430	0	0	0
ENSG00000237503	0	0	0
ENSG00000265531	0	0	0
ENSG00000234571	0	0	0
ENSG00000230186	0	0	0
ENSG00000268074	0	0	0
ENSG00000270872	0	0	0
ENSG00000276674	2	0	2
ENSG00000082482	5	2	3
ENSG00000116747	246	180	199
ENSG00000118729	28	14	14
ENSG00000134207	1	1	0
ENSG00000163467	10	5	5
ENSG00000243710	4	4	4
ENSG00000117395	1842	921	942
ENSG00000116874	582	305	325
ENSG00000065600	144	76	68
ENSG00000009780	378	182	196
ENSG00000023572	652	353	424
ENSG00000077254	1140	570	570
ENSG00000134644	1391	723	668
ENSG00000215788	862	581	473
ENSG00000117834	74	31	50
ENSG00000117625	817	410	407
ENSG00000179902	6	1	5
ENSG00000020633	237	124	113
ENSG00000121766	700	405	438
ENSG00000143157	1212	626	586
ENSG00000162614	110	51	59
ENSG00000160781	126	63	65
ENSG00000143344	392	201	191
ENSG00000162613	1925	997	929
ENSG00000116882	0	0	0
ENSG00000198758	6795	3326	3469
ENSG00000117569	330	166	164
ENSG00000142856	485	379	406
ENSG00000158022	9	1	8
ENSG00000116396	343	175	168
ENSG00000058668	692	351	341
ENSG00000163875	961	456	505
ENSG00000282872	0	0	0
ENSG00000131238	1624	827	797
ENSG00000171680	365	196	169
ENSG00000244457	0	0	0
ENSG00000116977	795	838	730
ENSG00000229372	1	66	64
ENSG00000274975	0	0	0
ENSG00000229348	5	2	3
ENSG00000242485	2549	1397	1645
ENSG00000264293	0	0	0
ENSG00000272455	44	23	21
ENSG00000225905	0	0	0
ENSG00000225285	10	8	2
ENSG00000179403	669	341	328
ENSG00000215915	30	13	17
ENSG00000236085	0	0	0
ENSG00000234441	0	0	0
ENSG00000227408	0	0	0
ENSG00000223635	1	0	1
ENSG00000135776	515	257	258
ENSG00000199672	2	1	1
ENSG00000201492	0	0	0
ENSG00000229367	1	0	1
ENSG00000135763	276	152	124
ENSG00000213028	3	2	1
ENSG00000225984	0	0	0
ENSG00000178828	822	597	620
ENSG00000235434	8	177	226
ENSG00000169914	684	333	351
ENSG00000188784	0	0	0
ENSG00000242688	0	0	0
ENSG00000177186	0	0	0
ENSG00000177174	0	0	0
ENSG00000269956	9	61	80
ENSG00000162456	0	0	0
ENSG00000079277	1087	598	621
ENSG00000117407	37	16	21
ENSG00000237950	57	22	35
ENSG00000117408	899	441	458
ENSG00000285649	8	36	43
ENSG00000117410	3911	1889	2025
ENSG00000159214	388	241	218
ENSG00000196517	600	334	337
ENSG00000227163	0	0	0
ENSG00000271647	0	0	0
ENSG00000239560	0	0	0
ENSG00000196539	0	0	0
ENSG00000229255	0	0	0
ENSG00000203661	0	0	0
ENSG00000271934	0	0	0
ENSG00000224521	0	0	0
ENSG00000227102	0	0	0
ENSG00000183310	0	0	0
ENSG00000201602	0	0	0
ENSG00000271701	0	0	0
ENSG00000189181	0	0	0
ENSG00000187238	0	0	0
ENSG00000185962	0	0	0
ENSG00000226947	0	0	0
ENSG00000285753	0	0	0
ENSG00000187223	0	0	0
ENSG00000159455	0	0	0
ENSG00000187173	0	0	0
ENSG00000204501	0	0	0
ENSG00000228229	0	0	0
ENSG00000204481	0	0	0
ENSG00000204479	0	0	0
ENSG00000172031	6	2	4
ENSG00000233228	0	0	0
ENSG00000224678	0	0	0
ENSG00000233401	0	0	0
ENSG00000273487	5	2	3
ENSG00000226773	0	0	0
ENSG00000274481	0	0	0
ENSG00000228594	137	68	69
ENSG00000286989	16	11	5
ENSG00000272106	303	153	190
ENSG00000189409	7	3	4
ENSG00000272004	0	83	84
ENSG00000189339	1171	650	689
ENSG00000269737	76	29	48
ENSG00000215914	3	1	2
ENSG00000008128	165	95	70
ENSG00000268575	47	62	39
ENSG00000227775	112	75	97
ENSG00000008130	2532	1295	1237
ENSG00000078369	8810	4321	4489
ENSG00000178821	129	53	76
ENSG00000158477	0	0	0
ENSG00000230942	0	0	0
ENSG00000158481	53	27	26
ENSG00000158485	3	0	3
ENSG00000158488	12	5	7
ENSG00000186306	0	0	0
ENSG00000203758	0	0	0
ENSG00000236257	0	0	0
ENSG00000236656	0	0	0
ENSG00000198703	0	0	0
ENSG00000227445	0	0	0
ENSG00000231434	0	0	0
ENSG00000117505	1273	648	649
ENSG00000229635	5	3	2
ENSG00000207379	0	0	0
ENSG00000212601	0	0	0
ENSG00000162889	2635	1271	1364
ENSG00000224114	424	92	332
ENSG00000199349	1	0	1
ENSG00000162892	3	14	13
ENSG00000162894	146	89	80
ENSG00000271680	1	0	1
ENSG00000226945	1	0	1
ENSG00000162896	246963	122456	124511
ENSG00000162897	88	47	41
ENSG00000182795	571	291	280
ENSG00000198890	529	270	259
ENSG00000224550	8	1	7
ENSG00000142669	5615	3861	3942
ENSG00000169442	221	191	161
ENSG00000225854	0	0	0
ENSG00000176083	17	10	7
ENSG00000229167	39	22	17
ENSG00000142910	2821	1432	1389
ENSG00000162517	1693	914	923
ENSG00000235790	16	55	49
ENSG00000264078	0	0	0
ENSG00000241745	0	0	0
ENSG00000228407	2	0	2
ENSG00000223429	0	0	0
ENSG00000224255	0	0	0
ENSG00000236004	0	0	0
ENSG00000237663	0	0	0
ENSG00000213735	0	0	0
ENSG00000272100	4	59	29
ENSG00000287078	1	1	0
ENSG00000224680	7	3	4
ENSG00000085840	335	171	164
ENSG00000283445	0	0	0
ENSG00000272226	1	0	1
ENSG00000231740	0	0	0
ENSG00000143751	312	155	157
ENSG00000272562	3	3	1
ENSG0000016304