N_unmapped	342942	342942	342942
N_multimapping	3380686	3380686	3380686
N_noFeature	3464605	21050371	20795297
N_ambiguous	3169773	857158	808836
ENSG00000160072	1313	646	667
ENSG00000234396	4	2	3
ENSG00000225972	64	19	45
ENSG00000224315	1	0	1
ENSG00000198744	221	91	130
ENSG00000279928	6	6	0
ENSG00000228037	174	74	100
ENSG00000142611	66	30	36
ENSG00000225630	7413	4559	2854
ENSG00000284616	0	0	0
ENSG00000157911	269	1227	1168
ENSG00000269896	126	54	72
ENSG00000237973	1428	758	833
ENSG00000228463	6	5	3
ENSG00000260972	0	0	0
ENSG00000157933	1371	672	699
ENSG00000224340	0	0	0
ENSG00000226545	2	2	0
ENSG00000268663	0	0	0
ENSG00000226374	0	0	0
ENSG00000229280	0	0	0
ENSG00000142655	635	316	362
ENSG00000232596	0	0	0
ENSG00000235054	1	0	1
ENSG00000232663	0	0	0
ENSG00000240409	0	0	0
ENSG00000229344	75	65	42
ENSG00000231510	0	0	0
ENSG00000149527	315	153	163
ENSG00000284739	0	0	0
ENSG00000171621	934	480	454
ENSG00000272235	14	7	7
ENSG00000284694	0	0	0
ENSG00000230021	5	38	37
ENSG00000287356	23	19	11
ENSG00000224387	3	2	1
ENSG00000285629	0	0	0
ENSG00000173673	0	0	0
ENSG00000142583	334	180	154
ENSG00000284674	0	0	0
ENSG00000272161	3	3	0
ENSG00000237094	6	3	3
ENSG00000224338	0	0	0
ENSG00000074800	14306	7028	7280
ENSG00000116786	1211	691	646
ENSG00000287727	5	2	3
ENSG00000228423	0	0	0
ENSG00000286448	2	2	2
ENSG00000131686	4	3	3
ENSG00000229305	0	0	0
ENSG00000284703	1	1	0
ENSG00000226457	1	0	1
ENSG00000173614	1273	631	642
ENSG00000248527	73707	40898	32809
ENSG00000215720	1	0	1
ENSG00000241326	0	0	0
ENSG00000233623	4	3	1
ENSG00000162592	1	9	6
ENSG00000116254	29	19	10
ENSG00000233645	0	0	0
ENSG00000204624	7	4	4
ENSG00000142606	80	409	443
ENSG00000235146	0	0	0
ENSG00000225931	10	5	5
ENSG00000171729	768	392	400
ENSG00000279457	124	56	68
ENSG00000162571	21	11	13
ENSG00000229393	1	1	1
ENSG00000037637	849	401	448
ENSG00000287586	0	0	0
ENSG00000159423	177	82	95
ENSG00000142599	5921	1973	3948
ENSG00000227169	0	0	0
ENSG00000283356	0	0	0
ENSG00000011021	657	353	351
ENSG00000142615	0	0	0
ENSG00000215704	8	7	16
ENSG00000157916	3721	2938	2909
ENSG00000157881	779	365	414
ENSG00000238290	4	0	4
ENSG00000225387	0	0	0
ENSG00000048707	2185	1078	1107
ENSG00000158748	4	1	3
ENSG00000225196	0	0	0
ENSG00000162444	76	30	46
ENSG00000279625	0	0	0
ENSG00000180758	542	287	255
ENSG00000184677	1055	538	517
ENSG00000230679	4	3	3
ENSG00000270136	0	0	0
ENSG00000288398	158	74	84
ENSG00000224621	16	7	9
ENSG00000285833	0	1	0
ENSG00000131697	302	136	167
ENSG00000284692	0	0	0
ENSG00000284745	0	0	0
ENSG00000280222	5	2	3
ENSG00000227634	0	0	0
ENSG00000285945	0	0	0
ENSG00000229162	2	1	1
ENSG00000197921	71	39	33
ENSG00000233755	0	0	0
ENSG00000233929	5	3	2
ENSG00000271742	0	0	0
ENSG00000226396	142	50	92
ENSG00000169504	2307	1189	1118
ENSG00000234166	0	34	18
ENSG00000235282	0	0	0
ENSG00000055070	2196	1417	1590
ENSG00000175087	694	319	375
ENSG00000157191	1969	945	1031
ENSG00000284699	0	0	0
ENSG00000230035	0	0	0
ENSG00000235185	0	0	0
ENSG00000225643	4	3	1
ENSG00000284666	0	0	0
ENSG00000228943	0	0	0
ENSG00000234397	0	0	0
ENSG00000284309	0	0	0
ENSG00000162511	1104	1255	1225
ENSG00000158014	11	5	6
ENSG00000204138	2222	1138	1084
ENSG00000233419	0	0	0
ENSG00000235263	0	0	0
ENSG00000228176	0	0	0
ENSG00000231251	0	0	0
ENSG00000142675	1370	687	683
ENSG00000197245	56	24	32
ENSG00000261025	0	0	0
ENSG00000116237	2846	1454	1522
ENSG00000130772	1058	509	549
ENSG00000215899	0	0	0
ENSG00000271398	20	6	14
ENSG00000225011	0	0	0
ENSG00000235069	0	0	0
ENSG00000284676	0	0	0
ENSG00000237058	0	0	0
ENSG00000233399	1	0	1
ENSG00000090020	2930	1487	1443
ENSG00000157978	1796	855	941
ENSG00000226944	34	19	22
ENSG00000270282	0	0	0
ENSG00000130770	4638	2628	3718
ENSG00000229044	1	77	62
ENSG00000162512	927	436	491
ENSG00000158006	1489	774	715
ENSG00000214812	0	0	0
ENSG00000126698	2073	1032	1041
ENSG00000229447	13	7	6
ENSG00000229607	0	0	0
ENSG00000130766	1238	633	605
ENSG00000168528	8219	4074	4146
ENSG00000196581	26	10	16
ENSG00000169403	216	112	104
ENSG00000084628	7	2	5
ENSG00000060688	950	485	465
ENSG00000171612	307	154	153
ENSG00000270927	0	0	0
ENSG00000188910	280	134	146
ENSG00000230523	0	0	0
ENSG00000116138	1099	623	616
ENSG00000158161	866	436	430
ENSG00000142684	0	127	202
ENSG00000234619	0	0	0
ENSG00000121769	116	66	50
ENSG00000142627	620	310	310
ENSG00000284668	0	0	0
ENSG00000233234	0	0	0
ENSG00000142632	239	152	139
ENSG00000234593	5	4	1
ENSG00000158292	522	291	231
ENSG00000270605	466	220	257
ENSG00000189337	337	211	264
ENSG00000232912	48	20	28
ENSG00000235084	12	7	5
ENSG00000235143	0	0	0
ENSG00000225478	0	0	0
ENSG00000225077	11	14	21
ENSG00000028137	944	486	458
ENSG00000238249	0	0	0
ENSG00000204464	0	0	0
ENSG00000233372	0	0	0
ENSG00000283259	0	0	0
ENSG00000284543	73	38	35
ENSG00000130939	1491	759	732
ENSG00000175147	164	182	144
ENSG00000127472	34	16	18
ENSG00000060656	136	59	77
ENSG00000163867	981	453	528
ENSG00000232768	0	0	0
ENSG00000230214	0	0	0
ENSG00000189280	1	0	1
ENSG00000134698	1030	536	494
ENSG00000134690	319	152	167
ENSG00000272420	47	18	29
ENSG00000132881	83	41	42
ENSG00000273274	3	1	2
ENSG00000116251	4522	2194	2361
ENSG00000272510	12	22	28
ENSG00000158286	1403	802	749
ENSG00000236648	1	0	1
ENSG00000232273	0	0	0
ENSG00000009709	0	0	0
ENSG00000287396	0	0	0
ENSG00000223589	0	0	0
ENSG00000158008	13	8	5
ENSG00000130940	949	705	659
ENSG00000116771	834	457	479
ENSG00000237301	8	5	3
ENSG00000162585	681	773	708
ENSG00000163879	174	106	96
ENSG00000227527	14	5	9
ENSG00000116954	760	356	404
ENSG00000228589	24	21	3
ENSG00000163873	177	99	78
ENSG00000117215	128	63	65
ENSG00000196449	407	229	227
ENSG00000230163	0	51	47
ENSG00000227538	0	0	0
ENSG00000232208	0	0	0
ENSG00000236500	0	0	0
ENSG00000044012	1296	659	637
ENSG00000179051	2341	1597	1634
ENSG00000215895	4	3	1
ENSG00000231868	4	7	1
ENSG00000284650	2	0	2
ENSG00000237329	0	0	0
ENSG00000236948	0	0	0
ENSG00000126067	2235	1083	1153
ENSG00000274944	2	0	2
ENSG00000132906	692	353	354
ENSG00000197312	1420	730	690
ENSG00000284748	0	0	0
ENSG00000272078	69	236	248
ENSG00000173660	7040	3157	3883
ENSG00000224592	1	1	0
ENSG00000233728	0	71	61
ENSG00000230451	0	0	0
ENSG00000231606	1	0	1
ENSG00000215900	0	0	0
ENSG00000284632	0	0	0
ENSG00000241014	11	4	7
ENSG00000054118	3374	1661	1713
ENSG00000254553	0	0	0
ENSG00000284653	0	0	0
ENSG00000237749	0	0	0
ENSG00000276747	1	1	0
ENSG00000284705	0	0	0
ENSG00000228776	5	0	5
ENSG00000159339	6	2	4
ENSG00000223814	0	0	0
ENSG00000197982	560	175	434
ENSG00000261781	0	0	0
ENSG00000183317	2433	1156	1277
ENSG00000183386	99	52	47
ENSG00000284743	0	0	0
ENSG00000158315	1484	803	827
ENSG00000204084	1564	1057	953
ENSG00000186973	14	6	8
ENSG00000271806	13	58	48
ENSG00000146463	1132	565	599
ENSG00000279214	4	1	3
ENSG00000183520	662	328	334
ENSG00000271741	0	0	0
ENSG00000214141	1	0	1
ENSG00000142686	198	107	91
ENSG00000224751	0	0	0
ENSG00000279096	3	1	2
ENSG00000117148	21	6	15
ENSG00000230585	1	1	1
ENSG00000117000	643	328	315
ENSG00000284989	0	0	0
ENSG00000231630	0	0	0
ENSG00000092853	75	42	37
ENSG00000255811	0	1	1
ENSG00000134697	1503	707	824
ENSG00000187513	88	39	49
ENSG00000238145	0	0	0
ENSG00000225142	0	0	0
ENSG00000230138	0	0	0
ENSG00000223390	2	13	21
ENSG00000285823	0	0	0
ENSG00000284720	0	0	0
ENSG00000225028	3	0	3
ENSG00000225671	0	0	0
ENSG00000116151	218	104	121
ENSG00000226147	2	1	1
ENSG00000182873	256	123	152
ENSG00000006555	2510	1236	1274
ENSG00000236111	0	0	0
ENSG00000066056	356	178	178
ENSG00000214114	851	441	410
ENSG00000173436	883	196	692
ENSG00000116544	28	15	13
ENSG00000231900	0	0	0
ENSG00000236723	4	666	711
ENSG00000232467	0	0	0
ENSG00000117016	207	110	97
ENSG00000121310	6344	3124	3220
ENSG00000169213	234	117	117
ENSG00000163866	1213	609	702
ENSG00000225779	2	0	2
ENSG00000284601	2	0	2
ENSG00000237130	0	0	0
ENSG00000143001	19	26	40
ENSG00000229716	0	0	0
ENSG00000226133	1	1	0
ENSG00000227416	0	0	0
ENSG00000232335	2	2	4
ENSG00000260971	2	2	0
ENSG00000259832	0	0	0
ENSG00000284696	0	0	0
ENSG00000238242	0	0	0
ENSG00000285839	0	0	0
ENSG00000237290	0	0	0
ENSG00000232762	0	0	0
ENSG00000117419	811	390	421
ENSG00000162384	1508	980	817
ENSG00000162391	139	451	435
ENSG00000174348	332	220	223
ENSG00000154198	0	0	0
ENSG00000117859	2030	1019	1029
ENSG00000228121	0	0	0
ENSG00000253313	1737	903	834
ENSG00000162396	222	107	115
ENSG00000203995	28	10	19
ENSG00000227742	34	12	25
ENSG00000284686	7	4	3
ENSG00000162378	1122	521	601
ENSG00000233079	0	0	0
ENSG00000259818	0	0	0
ENSG00000229444	0	0	0
ENSG00000240563	50	29	21
ENSG00000234318	0	0	0
ENSG00000284773	65	40	25
ENSG00000234481	0	0	0
ENSG00000117862	138	94	44
ENSG00000235612	0	0	0
ENSG00000228369	2	1	1
ENSG00000183431	1836	893	943
ENSG00000227485	0	0	0
ENSG00000224609	21	13	10
ENSG00000235545	32	17	15
ENSG00000236646	2	2	0
ENSG00000169174	48	26	22
ENSG00000232198	0	0	0
ENSG00000238063	0	0	0
ENSG00000227104	0	0	0
ENSG00000243725	79	34	45
ENSG00000171872	7	2	5
ENSG00000162407	1336	647	689
ENSG00000285079	0	0	0
ENSG00000169218	24	12	12
ENSG00000163877	588	290	298
ENSG00000228929	19	14	5
ENSG00000224570	1	1	0
ENSG00000224980	0	0	0
ENSG00000278967	2	0	2
ENSG00000157184	1246	1457	1452
ENSG00000272491	37	21	33
ENSG00000198815	2086	1051	1035
ENSG00000134744	759	367	392
ENSG00000233910	0	0	0
ENSG00000287703	10	9	1
ENSG00000283039	0	0	0
ENSG00000229032	0	0	0
ENSG00000229294	1	1	0
ENSG00000232993	0	66	40
ENSG00000234088	0	0	0
ENSG00000236973	0	0	0
ENSG00000227947	25	18	7
ENSG00000277397	0	0	0
ENSG00000271200	17	3	15
ENSG00000235446	0	0	0
ENSG00000261196	0	0	0
ENSG00000162385	1079	498	581
ENSG00000231413	0	0	0
ENSG00000234264	0	0	0
ENSG00000242391	0	0	1
ENSG00000223883	0	0	0
ENSG00000284808	0	0	0
ENSG00000242267	8	3	5
ENSG00000237227	0	0	0
ENSG00000275350	0	0	0
ENSG00000116652	6	5	3
ENSG00000123080	269	136	138
ENSG00000285778	0	0	0
ENSG00000077549	8580	4247	4340
ENSG00000233407	0	0	0
ENSG00000225675	0	0	0
ENSG00000237622	0	0	0
ENSG00000162598	0	0	0
ENSG00000280317	1	0	1
ENSG00000162415	574	323	252
ENSG00000162600	679	298	381
ENSG00000116704	2857	1436	1421
ENSG00000227644	0	1	4
ENSG00000157193	57	47	53
ENSG00000116205	612	305	352
ENSG00000198841	115	50	65
ENSG00000116212	556	260	296
ENSG00000234204	0	0	0
ENSG00000233099	0	0	0
ENSG00000233994	10	10	0
ENSG00000237180	0	0	0
ENSG00000213561	8	4	4
ENSG00000233973	0	0	0
ENSG00000237552	0	0	0
ENSG00000132854	72	39	33
ENSG00000227556	0	0	0
ENSG00000162616	497	228	269
ENSG00000162607	1120	594	526
ENSG00000233602	5	0	5
ENSG00000233271	0	30	17
ENSG00000285954	0	0	0
ENSG00000233333	1	1	0
ENSG00000154027	48	26	22
ENSG00000234108	0	0	0
ENSG00000232676	0	0	0
ENSG00000225167	0	0	0
ENSG00000132122	328	161	167
ENSG00000213579	0	0	0
ENSG00000137960	1888	977	911
ENSG00000237852	2	1	1
ENSG00000116745	2	1	1
ENSG00000132855	5	2	4
ENSG00000285407	2	0	2
ENSG00000272855	0	0	0
ENSG00000270549	0	0	0
ENSG00000237163	0	0	0
ENSG00000229636	0	0	0
ENSG00000116675	74	31	43
ENSG00000162433	908	443	465
ENSG00000213625	2812	1366	1446
ENSG00000227207	0	0	0
ENSG00000227016	0	0	0
ENSG00000233664	0	0	0
ENSG00000158966	224	113	111
ENSG00000213703	2	1	1
ENSG00000203965	228	112	118
ENSG00000223479	0	0	0
ENSG00000233674	0	0	0
ENSG00000153898	1409	753	656
ENSG00000117069	72	34	38
ENSG00000125703	422	209	213
ENSG00000285041	0	0	0
ENSG00000285808	0	0	0
ENSG00000229440	0	0	0
ENSG00000234144	0	0	0
ENSG00000213540	0	0	0
ENSG00000277670	0	0	0
ENSG00000227466	0	0	0
ENSG00000154007	0	0	0
ENSG00000230498	1	1	0
ENSG00000285782	0	0	0
ENSG00000162618	188	88	100
ENSG00000224493	0	0	0
ENSG00000131233	3	2	1
ENSG00000272371	0	0	0
ENSG00000287647	1	1	0
ENSG00000229225	0	0	0
ENSG00000230863	0	0	0
ENSG00000213560	0	0	0
ENSG00000287224	0	0	0
ENSG00000225598	0	0	0
ENSG00000286455	0	0	0
ENSG00000225087	0	0	0
ENSG00000224986	1	1	0
ENSG00000280378	75	37	38
ENSG00000188786	643	329	314
ENSG00000230053	0	0	0
ENSG00000137941	273	143	130
ENSG00000273338	50	30	20
ENSG00000223720	1	1	0
ENSG00000224326	0	0	0
ENSG00000286548	12	5	7
ENSG00000066135	832	593	682
ENSG00000230027	0	0	0
ENSG00000233061	1	0	1
ENSG00000272094	0	0	0
ENSG00000228853	0	0	0
ENSG00000215874	0	0	0
ENSG00000232453	45	23	22
ENSG00000260386	2	1	1
ENSG00000284895	0	0	0
ENSG00000117174	812	413	399
ENSG00000237413	5	2	3
ENSG00000184313	252	106	146
ENSG00000284645	0	0	0
ENSG00000225605	0	0	0
ENSG00000225446	0	0	0
ENSG00000288543	0	0	0
ENSG00000122420	181	94	87
ENSG00000284240	0	0	0
ENSG00000236290	0	0	0
ENSG00000143013	1467	689	778
ENSG00000226084	8	4	4
ENSG00000134748	2330	1196	1134
ENSG00000142892	732	344	388
ENSG00000219102	3	2	1
ENSG00000184005	130	64	66
ENSG00000230953	12	7	5
ENSG00000287743	7	2	5
ENSG00000229332	0	0	0
ENSG00000227937	0	0	0
ENSG00000229752	1	0	1
ENSG00000237505	12	7	5
ENSG00000285462	0	0	0
ENSG00000233216	0	0	0
ENSG00000197273	13535	7224	6311
ENSG00000226804	0	0	0
ENSG00000285325	0	0	0
ENSG00000230728	6	2	4
ENSG00000162402	1752	849	903
ENSG00000232846	0	0	0
ENSG00000219201	1	1	0
ENSG00000230787	0	0	0
ENSG00000116641	1122	560	563
ENSG00000235927	1	3	4
ENSG00000223920	0	0	0
ENSG00000237453	7	2	5
ENSG00000172260	599	286	313
ENSG00000285473	0	0	0
ENSG00000237959	0	0	0
ENSG00000231364	1	0	1
ENSG00000234578	0	0	0
ENSG00000117480	3044	1462	1582
ENSG00000137944	837	420	417
ENSG00000229505	0	0	0
ENSG00000228187	0	0	0
ENSG00000285201	0	0	0
ENSG00000182183	38	13	25
ENSG00000236407	0	0	0
ENSG00000271949	0	0	0
ENSG00000227062	0	0	0
ENSG00000067334	1442	677	765
ENSG00000235011	0	0	0
ENSG00000235673	0	0	0
ENSG00000226938	0	0	0
ENSG00000213559	0	0	0
ENSG00000287587	0	0	0
ENSG00000142949	11080	5485	5595
ENSG00000116133	2765	1460	1416
ENSG00000232882	0	0	0
ENSG00000171502	80	42	38
ENSG00000162399	0	0	0
ENSG00000116157	119	59	60
ENSG00000143036	2401	1170	1231
ENSG00000232672	0	0	0
ENSG00000230817	1	0	1
ENSG00000235613	1	0	1
ENSG00000065243	1936	925	1011
ENSG00000226759	0	0	0
ENSG00000226960	0	0	0
ENSG00000234080	0	0	0
ENSG00000237899	2	0	2
ENSG00000225492	39	22	17
ENSG00000223905	0	0	0
ENSG00000227290	1	1	0
ENSG00000229486	0	0	0
ENSG00000282898	0	0	0
ENSG00000285409	0	0	0
ENSG00000231090	1	1	0
ENSG00000117528	3026	1447	1579
ENSG00000271723	8	3	5
ENSG00000172339	572	251	321
ENSG00000036549	895	429	466
ENSG00000287724	1	37	32
ENSG00000058799	1077	549	528
ENSG00000225191	0	0	0
ENSG00000287870	0	0	0
ENSG00000235563	1	2	0
ENSG00000232048	0	0	0
ENSG00000232857	0	0	0
ENSG00000273637	0	0	0
ENSG00000203985	2	1	1
ENSG00000228838	0	0	0
ENSG00000283761	14	5	9
ENSG00000189433	3	2	3
ENSG00000230759	0	0	0
ENSG00000231866	0	0	0
ENSG00000179178	1229	616	621
ENSG00000142700	2	1	1
ENSG00000285525	0	0	0
ENSG00000236098	0	0	0
ENSG00000233514	0	0	0
ENSG00000127124	130	72	58
ENSG00000266993	16	20	30
ENSG00000223675	0	0	0
ENSG00000162604	831	369	462
ENSG00000229316	0	0	0
ENSG00000116171	7211	3619	3596
ENSG00000287406	20	9	11
ENSG00000225767	0	0	0
ENSG00000234099	0	0	0
ENSG00000137936	1312	663	691
ENSG00000235308	11	7	4
ENSG00000232752	0	0	0
ENSG00000235829	2	2	0
ENSG00000143032	0	0	0
ENSG00000226745	0	0	0
ENSG00000178028	2469	1180	1289
ENSG00000280040	35	19	16
ENSG00000168710	3567	1824	1743
ENSG00000117519	2871	1402	1469
ENSG00000270507	0	0	0
ENSG00000238037	0	0	0
ENSG00000215869	0	0	0
ENSG00000134215	3996	1970	2026
ENSG00000227935	0	0	0
ENSG00000229887	0	0	0
ENSG00000228502	28	14	14
ENSG00000236268	0	0	0
ENSG00000271277	0	0	0
ENSG00000236888	0	0	0
ENSG00000279778	1	1	0
ENSG00000232015	0	0	0
ENSG00000230955	0	249	197
ENSG00000230828	0	0	0
ENSG00000188641	451	218	246
ENSG00000152078	938	441	497
ENSG00000237279	0	0	0
ENSG00000233359	0	0	0
ENSG00000237954	0	0	0
ENSG00000185668	7	2	5
ENSG00000171492	1247	614	633
ENSG00000233129	0	0	0
ENSG00000170989	455	223	232
ENSG00000258634	263	180	181
ENSG00000233557	0	0	0
ENSG00000237897	0	0	0
ENSG00000116299	3319	1710	1609
ENSG00000137962	306	158	148
ENSG00000227832	0	0	0
ENSG00000286692	0	0	0
ENSG00000260464	11	8	3
ENSG00000237435	0	0	0
ENSG00000231996	0	0	0
ENSG00000273204	3	6	8
ENSG00000079739	3796	2009	1953
ENSG00000117154	13	6	7
ENSG00000162377	604	290	314
ENSG00000224613	1	0	1
ENSG00000215871	0	0	0
ENSG00000287372	0	0	0
ENSG00000232542	0	0	0
ENSG00000231095	0	0	0
ENSG00000116774	1067	494	573
ENSG00000287756	0	0	0
ENSG00000269113	93	39	54
ENSG00000284652	6	4	2
ENSG00000023909	254	107	147
ENSG00000069702	850	428	422
ENSG00000232185	0	0	0
ENSG00000230489	2	2	0
ENSG00000228399	5	5	0
ENSG00000236776	0	0	0
ENSG00000285928	29	17	12
ENSG00000224685	0	0	0
ENSG00000287076	0	0	0
ENSG00000237480	0	0	0
ENSG00000271252	0	0	0
ENSG00000230427	1	1	0
ENSG00000235794	0	0	0
ENSG00000286758	1	1	0
ENSG00000237337	0	0	0
ENSG00000233983	0	0	0
ENSG00000198198	1120	1678	1629
ENSG00000225183	2	1	1
ENSG00000230402	0	0	0
ENSG00000116793	344	178	166
ENSG00000134201	383	198	185
ENSG00000238122	0	0	0
ENSG00000260879	0	12	15
ENSG00000213366	1798	1026	772
ENSG00000230864	0	0	0
ENSG00000283354	0	0	0
ENSG00000232918	2	2	0
ENSG00000236360	0	2	2
ENSG00000183298	0	2	0
ENSG00000234332	3	2	1
ENSG00000117525	2000	985	1015
ENSG00000225079	7	3	4
ENSG00000226483	0	0	0
ENSG00000224238	4	1	3
ENSG00000229537	0	0	0
ENSG00000162699	0	0	0
ENSG00000162692	665	318	347
ENSG00000203914	1	0	1
ENSG00000270457	6	0	6
ENSG00000203858	0	0	0
ENSG00000231987	0	0	0
ENSG00000228057	3	1	2
ENSG00000261593	0	0	0
ENSG00000224445	0	0	0
ENSG00000229842	0	0	0
ENSG00000270631	0	0	0
ENSG00000229201	0	0	0
ENSG00000181656	9	6	3
ENSG00000122481	189	107	82
ENSG00000198162	1054	528	526
ENSG00000238198	17	9	8
ENSG00000171517	29	10	19
ENSG00000228852	13	3	10
ENSG00000203864	1	1	0
ENSG00000233482	0	0	0
ENSG00000230250	0	0	0
ENSG00000232878	0	6	7
ENSG00000143079	1633	792	841
ENSG00000232450	15	6	9
ENSG00000223575	0	0	0
ENSG00000230768	0	0	0
ENSG00000235202	0	0	0
ENSG00000272715	1	1	0
ENSG00000235038	0	0	0
ENSG00000143093	1084	521	563
ENSG00000226415	27	10	17
ENSG00000085491	1632	876	803
ENSG00000173947	9	3	6
ENSG00000241361	0	0	0
ENSG00000230434	0	0	0
ENSG00000230718	0	0	0
ENSG00000134198	288	140	148
ENSG00000235595	0	0	0
ENSG00000226053	0	0	0
ENSG00000226128	1	1	0
ENSG00000198799	1668	904	881
ENSG00000279513	0	0	0
ENSG00000117620	5193	2607	2623
ENSG00000280186	10	6	4
ENSG00000223906	0	0	0
ENSG00000162688	1053	563	490
ENSG00000197106	3	2	1
ENSG00000259946	3	1	2
ENSG00000236137	29	26	27
ENSG00000203859	31	16	15
ENSG00000228086	0	4	1
ENSG00000213421	0	0	0
ENSG00000234020	1	1	0
ENSG00000060718	16	7	9
ENSG00000236804	0	0	0
ENSG00000231072	0	0	0
ENSG00000273406	0	0	0
ENSG00000185946	489	231	258
ENSG00000162627	1776	832	944
ENSG00000226715	1	1	2
ENSG00000162695	1076	538	538
ENSG00000134184	1	0	7
ENSG00000265808	1224	609	615
ENSG00000261290	0	0	0
ENSG00000225923	0	0	0
ENSG00000134247	2540	1283	1257
ENSG00000187481	0	0	0
ENSG00000116752	987	444	543
ENSG00000162664	2153	1083	1070
ENSG00000236866	3	1	2
ENSG00000134253	195	105	90
ENSG00000277655	0	0	0
ENSG00000223416	1	0	1
ENSG00000213226	0	0	0
ENSG00000179571	4	1	3
ENSG00000227850	0	0	0
ENSG00000243967	0	0	0
ENSG00000235777	0	0	0
ENSG00000260246	0	6	0
ENSG00000173218	717	350	367
ENSG00000285532	1	0	1
ENSG00000226755	0	0	0
ENSG00000232650	0	0	0
ENSG00000183508	3711	1859	1852
ENSG00000277095	0	0	0
ENSG00000236806	0	0	0
ENSG00000234283	0	0	0
ENSG00000237188	8	6	2
ENSG00000232780	0	0	0
ENSG00000274927	0	0	0
ENSG00000264145	0	0	0
ENSG00000238256	0	0	0
ENSG00000198765	0	0	0
ENSG00000224335	0	0	0
ENSG00000277702	11	8	3
ENSG00000143398	1287	675	612
ENSG00000196505	649	322	327
ENSG00000225871	3	11	10
ENSG00000223489	0	0	0
ENSG00000230546	0	0	0
ENSG00000213262	0	0	0
ENSG00000287015	2	0	2
ENSG00000241720	7	106	50
ENSG00000235526	0	0	0
ENSG00000228347	0	0	0
ENSG00000276975	24	11	13
ENSG00000236012	0	0	0
ENSG00000270911	0	0	0
ENSG00000272824	13	7	6
ENSG00000134200	0	0	0
ENSG00000234257	0	0	0
ENSG00000065183	621	320	352
ENSG00000227082	3	3	0
ENSG00000228626	0	0	0
ENSG00000226126	1	1	0
ENSG00000163393	115	61	54
ENSG00000163156	881	427	463
ENSG00000143631	0	0	0
ENSG00000156150	0	42	56
ENSG00000228453	0	0	0
ENSG00000274642	0	0	0
ENSG00000177551	0	0	0
ENSG00000197323	995	518	477
ENSG00000237975	6	2	4
ENSG00000261168	10	5	5
ENSG00000287980	0	0	0
ENSG00000229283	0	1	0
ENSG00000271419	0	0	0
ENSG00000226172	0	0	0
ENSG00000079335	572	297	280
ENSG00000143119	1260	578	682
ENSG00000237278	0	56	61
ENSG00000285062	0	0	0
ENSG00000233432	0	0	0
ENSG00000227700	0	0	2
ENSG00000229911	0	0	0
ENSG00000143520	0	0	0
ENSG00000171943	90	44	46
ENSG00000270719	0	0	0
ENSG00000155761	3	20	34
ENSG00000230806	0	0	0
ENSG00000116830	578	285	293
ENSG00000234422	0	0	0
ENSG00000227056	0	0	0
ENSG00000143614	1012	467	545
ENSG00000227091	0	0	0
ENSG00000169418	220	103	117
ENSG00000214204	0	0	0
ENSG00000081026	979	486	493
ENSG00000225650	0	0	0
ENSG00000227179	0	0	0
ENSG00000224965	11	7	4
ENSG00000228127	0	0	0
ENSG00000226984	3	2	1
ENSG00000186150	0	0	0
ENSG00000143554	1004	462	542
ENSG00000143458	1711	864	847
ENSG00000230932	0	0	0
ENSG00000073754	0	0	0
ENSG00000228826	0	0	0
ENSG00000233907	0	0	0
ENSG00000225036	0	0	0
ENSG00000228420	0	0	0
ENSG00000233839	0	0	0
ENSG00000250890	0	0	0
ENSG00000232240	0	0	0
ENSG00000280649	30	22	17
ENSG00000131781	2176	977	1208
ENSG00000223599	6	5	1
ENSG00000230921	0	0	0
ENSG00000286151	0	0	0
ENSG00000234388	0	0	0
ENSG00000235015	0	0	0
ENSG00000271736	1	1	0
ENSG00000235988	0	0	0
ENSG00000233717	1	0	1
ENSG00000231551	92	41	51
ENSG00000227295	4	3	1
ENSG00000163155	332	178	156
ENSG00000243613	0	13	7
ENSG00000241975	7	1	6
ENSG00000271143	0	0	0
ENSG00000270976	0	0	0
ENSG00000228217	0	0	0
ENSG00000270342	0	0	0
ENSG00000143552	7	5	2
ENSG00000175984	122	61	61
ENSG00000231100	0	0	0
ENSG00000116824	413	226	187
ENSG00000235887	0	0	0
ENSG00000237460	0	0	0
ENSG00000236327	1	0	1
ENSG00000223804	28	18	10
ENSG00000236887	0	0	0
ENSG00000024526	116	62	62
ENSG00000236480	0	0	0
ENSG00000235756	0	0	0
ENSG00000173810	0	0	0
ENSG00000235005	0	0	0
ENSG00000271890	0	0	0
ENSG00000238107	0	0	1
ENSG00000227425	0	0	0
ENSG00000233222	0	5	8
ENSG00000225279	18	8	10
ENSG00000229101	0	0	0
ENSG00000224927	0	0	0
ENSG00000239216	0	0	0
ENSG00000283360	2	1	1
ENSG00000117262	158	69	89
ENSG00000227907	8	5	3
ENSG00000143624	2397	1206	1247
ENSG00000227970	0	0	0
ENSG00000261055	1	0	1
ENSG00000231613	4	3	1
ENSG00000137947	922	442	480
ENSG00000236689	0	0	0
ENSG00000233589	0	4	4
ENSG00000117586	89	47	42
ENSG00000230946	1	0	1
ENSG00000226028	1	1	0
ENSG00000162728	2	1	1
ENSG00000229021	1	0	1
ENSG00000203825	0	0	0
ENSG00000184371	1219	635	584
ENSG00000233449	0	0	0
ENSG00000242943	0	0	0
ENSG00000233203	1	0	1
ENSG00000232499	5	2	3
ENSG00000232265	2	2	0
ENSG00000163154	114	55	61
ENSG00000232995	50	13	37
ENSG00000236957	0	0	0
ENSG00000238087	0	0	0
ENSG00000227777	0	0	0
ENSG00000177173	3	0	3
ENSG00000277406	18	5	13
ENSG00000238022	0	0	0
ENSG00000231671	0	0	0
ENSG00000162729	2442	1129	1313
ENSG00000143158	2860	1366	2004
ENSG00000271092	14	5	9
ENSG00000238118	0	0	0
ENSG00000276118	0	0	0
ENSG00000232148	0	0	0
ENSG00000278811	9	14	20
ENSG00000000460	97	303	305
ENSG00000188859	112	59	54
ENSG00000275075	0	0	0
ENSG00000135862	2154	1092	1062
ENSG00000232952	1	0	1
ENSG00000158473	661	314	347
ENSG00000227722	0	0	0
ENSG00000285922	0	0	0
ENSG00000275801	0	0	0
ENSG00000143198	6583	3088	3495
ENSG00000143318	11	5	6
ENSG00000232188	0	0	0
ENSG00000232212	3	2	1
ENSG00000143621	3024	1478	1557
ENSG00000241042	0	0	0
ENSG00000143155	1647	788	859
ENSG00000260322	2	0	2
ENSG00000223495	0	0	0
ENSG00000143156	150	1365	705
ENSG00000198771	755	396	362
ENSG00000225462	1	0	1
ENSG00000237756	4	3	1
ENSG00000116147	9	5	4
ENSG00000213064	2999	1497	1531
ENSG00000203307	5	4	1
ENSG00000143179	1545	938	934
ENSG00000271187	0	0	0
ENSG00000274562	0	0	0
ENSG00000143315	628	305	323
ENSG00000116199	1482	730	752
ENSG00000231175	0	0	0
ENSG00000143185	18	12	6
ENSG00000235145	1	0	1
ENSG00000116260	8515	4263	4252
ENSG00000272931	39	19	20
ENSG00000143190	549	328	328
ENSG00000225475	0	0	0
ENSG00000230898	0	0	0
ENSG00000232223	0	0	0
ENSG00000224698	0	0	0
ENSG00000287697	8	6	5
ENSG00000075945	1237	635	635
ENSG00000235303	0	0	0
ENSG00000234810	5	4	1
ENSG00000232750	2	0	2
ENSG00000224468	2	1	1
ENSG00000235628	0	0	0
ENSG00000232551	0	0	0
ENSG00000092607	4	3	1
ENSG00000238270	0	0	0
ENSG00000285894	0	0	0
ENSG00000236025	0	0	0
ENSG00000230687	0	0	0
ENSG00000230704	3	2	1
ENSG00000283255	0	0	0
ENSG00000227741	14	34	32
ENSG00000237049	3	1	2
ENSG00000286754	0	0	0
ENSG00000232751	1	1	0
ENSG00000236364	30	162	169
ENSG00000117091	375	346	370
ENSG00000235378	0	0	0
ENSG00000143171	123	69	54
ENSG00000275767	0	0	0
ENSG00000224718	0	0	0
ENSG00000047410	2391	1365	1430
ENSG00000231992	5	2	3
ENSG00000018625	545	290	255
ENSG00000171806	305	158	164
ENSG00000287919	0	0	0
ENSG00000229914	0	0	0
ENSG00000233882	0	0	0
ENSG00000198358	1	0	2
ENSG00000229407	13	9	5
ENSG00000134216	1	0	2
ENSG00000230748	0	0	0
ENSG00000254154	13	9	4
ENSG00000162694	373	173	211
ENSG00000238108	0	0	0
ENSG00000214262	0	12	17
ENSG00000183853	574	265	309
ENSG00000215835	5	1	4
ENSG00000118197	682	319	363
ENSG00000135842	1162	575	587
ENSG00000229258	2	2	0
ENSG00000287472	0	0	0
ENSG00000241318	1	0	1
ENSG00000228238	0	0	0
ENSG00000232393	1	0	1
ENSG00000121454	40	57	56
ENSG00000184155	0	0	0
ENSG00000058085	1103	530	573
ENSG00000260088	0	0	0
ENSG00000287978	163	83	80
ENSG00000116815	917	416	501
ENSG00000232917	1	1	0
ENSG00000233057	2	1	1
ENSG00000237131	0	0	0
ENSG00000233946	0	0	0
ENSG00000143167	11580	5861	5719
ENSG00000143184	25	13	12
ENSG00000231966	2	0	2
ENSG00000176320	2	2	0
ENSG00000260976	0	0	0
ENSG00000235215	1	1	0
ENSG00000223450	0	0	0
ENSG00000224691	0	0	0
ENSG00000286572	1	0	1
ENSG00000235101	3	0	3
ENSG00000228215	0	0	0
ENSG00000177807	23	14	9
ENSG00000233626	10	6	4
ENSG00000233691	0	0	0
ENSG00000283518	0	0	0
ENSG00000271527	0	0	0
ENSG00000143228	111	54	57
ENSG00000235827	0	0	0
ENSG00000231615	7	5	2
ENSG00000231714	0	0	0
ENSG00000174514	2680	1449	1421
ENSG00000143178	210	104	106
ENSG00000224837	0	0	0
ENSG00000116833	1641	778	863
ENSG00000227740	22	10	13
ENSG00000260990	1	1	0
ENSG00000000457	636	555	575
ENSG00000143507	131	58	73
ENSG00000285638	0	0	0
ENSG00000226520	0	0	0
ENSG00000284592	0	0	0
ENSG00000230987	0	0	0
ENSG00000232527	0	0	0
ENSG00000215833	0	0	0
ENSG00000228167	0	0	0
ENSG00000225325	0	0	0
ENSG00000223344	0	0	0
ENSG00000228191	0	0	0
ENSG00000229961	6	3	3
ENSG00000150732	0	0	0
ENSG00000157064	39	21	18
ENSG00000288139	0	0	0
ENSG00000226015	163	88	75
ENSG00000215808	1	1	0
ENSG00000059588	2477	1294	1183
ENSG00000231512	0	0	0
ENSG00000237379	0	0	0
ENSG00000232959	1	17	17
ENSG00000122224	195	104	91
ENSG00000162782	63	32	31
ENSG00000238051	0	0	0
ENSG00000233196	5	2	3
ENSG00000229220	9	4	5
ENSG00000143653	1864	898	966
ENSG00000135837	1088	528	560
ENSG00000158711	1322	744	771
ENSG00000227747	0	0	0
ENSG00000228081	0	0	0
ENSG00000228020	0	0	0
ENSG00000234975	146	62	84
ENSG00000162851	620	286	334
ENSG00000271427	10	5	5
ENSG00000261817	0	0	0
ENSG00000143353	486	230	283
ENSG00000197965	3634	1783	1851
ENSG00000143493	569	310	259
ENSG00000230777	1	2	0
ENSG00000179397	30	13	17
ENSG00000224540	0	0	0
ENSG00000117592	17000	8295	8705
ENSG00000186197	3	1	2
ENSG00000229067	0	0	0
ENSG00000230231	0	0	1
ENSG00000227711	0	0	0
ENSG00000261182	0	0	0
ENSG00000228879	1	0	1
ENSG00000227925	0	0	0
ENSG00000162670	488	240	266
ENSG00000225712	0	0	0
ENSG00000162761	14	4	10
ENSG00000143199	24	12	12
ENSG00000179930	1	0	1
ENSG00000007908	15	8	7
ENSG00000092978	444	227	217
ENSG00000143499	1043	516	527
ENSG00000188404	252	116	136
ENSG00000227735	0	0	0
ENSG00000243062	0	0	0
ENSG00000143196	707	330	377
ENSG00000228504	0	0	0
ENSG00000274702	0	0	0
ENSG00000226211	0	0	0
ENSG00000236942	2	1	4
ENSG00000287205	3	0	3
ENSG00000203697	1839	888	951
ENSG00000116574	1708	849	859
ENSG00000287929	14	4	10
ENSG00000186283	1518	742	776
ENSG00000224896	0	0	0
ENSG00000226292	0	0	0
ENSG00000121481	485	248	238
ENSG00000227940	0	0	0
ENSG00000117139	1938	923	1015
ENSG00000143248	2119	1049	1070
ENSG00000278455	0	0	0
ENSG00000224810	0	0	0
ENSG00000162814	19	9	14
ENSG00000225172	0	0	0
ENSG00000261642	0	0	0
ENSG00000228239	0	0	0
ENSG00000237283	0	0	0
ENSG00000116132	278	136	142
ENSG00000238042	1	1	0
ENSG00000271475	0	0	0
ENSG00000231877	0	0	0
ENSG00000116679	10130	4804	5326
ENSG00000228536	1	1	0
ENSG00000230550	0	1	0
ENSG00000229242	0	0	0
ENSG00000253326	5	3	2
ENSG00000228470	5	1	4
ENSG00000152092	37	17	20
ENSG00000234984	0	0	0
ENSG00000231648	0	0	0
ENSG00000229983	0	0	0
ENSG00000215149	0	0	0
ENSG00000225122	0	0	0
ENSG00000225920	2	1	1
ENSG00000143476	142	63	79
ENSG00000121486	659	316	343
ENSG00000228437	2	0	2
ENSG00000214837	16	8	8
ENSG00000057252	1217	657	560
ENSG00000225982	4	2	2
ENSG00000285718	0	0	0
ENSG00000234070	0	3	1
ENSG00000233620	0	0	0
ENSG00000237783	0	0	0
ENSG00000272906	26	35	33
ENSG00000233018	0	0	0
ENSG00000123685	51	21	30
ENSG00000224783	0	0	0
ENSG00000162852	1428	701	727
ENSG00000232792	0	1	0
ENSG00000273004	5	2	3
ENSG00000143842	1101	566	535
ENSG00000268062	36	16	20
ENSG00000237409	2	0	2
ENSG00000116962	1036	491	545
ENSG00000288078	0	0	0
ENSG00000271399	1	0	1
ENSG00000229757	1	0	1
ENSG00000232679	0	0	0
ENSG00000159388	8721	4235	4486
ENSG00000220749	7	4	3
ENSG00000181450	283	123	160
ENSG00000223519	9	21	28
ENSG00000120333	875	454	465
ENSG00000286285	7	5	2
ENSG00000225300	0	0	0
ENSG00000223842	0	0	0
ENSG00000162753	1	0	1
ENSG00000228247	0	0	0
ENSG00000231424	7	4	3
ENSG00000143355	1	0	1
ENSG00000287177	0	0	0
ENSG00000237193	0	0	0
ENSG00000223490	0	0	0
ENSG00000121644	1579	808	771
ENSG00000174502	1	1	1
ENSG00000224286	0	0	0
ENSG00000158715	867	434	433
ENSG00000143195	17	12	5
ENSG00000162849	27	14	13
ENSG00000232824	0	0	0
ENSG00000273416	0	0	0
ENSG00000234142	2	1	2
ENSG00000282111	0	0	0
ENSG00000233410	0	0	0
ENSG00000067533	518	247	271
ENSG00000228955	0	0	0
ENSG00000270443	0	0	0
ENSG00000116209	21794	11248	10546
ENSG00000224702	0	0	0
ENSG00000271811	2	1	1
ENSG00000224278	0	0	0
ENSG00000235492	0	0	0
ENSG00000287808	14	7	16
ENSG00000271588	3	2	1
ENSG00000229840	0	0	0
ENSG00000116161	1753	913	887
ENSG00000226486	0	0	0
ENSG00000227687	0	0	1
ENSG00000231814	0	0	0
ENSG00000286210	0	0	0
ENSG00000287364	5	1	4
ENSG00000225063	0	0	0
ENSG00000260698	31	14	17
ENSG00000277007	58	33	25
ENSG00000229016	0	0	0
ENSG00000077157	3763	1904	1924
ENSG00000152104	277	126	151
ENSG00000236975	0	0	0
ENSG00000215834	0	0	0
ENSG00000286541	0	0	0
ENSG00000117650	120	64	56
ENSG00000235021	1	0	1
ENSG00000203724	59	33	26
ENSG00000225006	0	0	0
ENSG00000287633	0	0	0
ENSG00000158764	2	1	2
ENSG00000223375	0	0	0
ENSG00000230714	0	0	0
ENSG00000261065	0	8	8
ENSG00000260855	51	26	25
ENSG00000188783	629	311	318
ENSG00000236206	1	1	0
ENSG00000168118	2109	1043	1100
ENSG00000181101	0	0	0
ENSG00000173726	4725	2340	2385
ENSG00000282852	0	0	0
ENSG00000152382	394	205	189
ENSG00000143839	8	3	5
ENSG00000232100	0	0	0
ENSG00000261024	1	0	1
ENSG00000230547	0	0	0
ENSG00000229703	11	7	5
ENSG00000176754	0	0	0
ENSG00000232309	0	0	0
ENSG00000227953	77	63	54
ENSG00000232215	0	0	0
ENSG00000135829	3420	1653	1776
ENSG00000228289	0	0	0
ENSG00000134717	725	359	366
ENSG00000232989	0	0	0
ENSG00000233537	0	0	0
ENSG00000116668	316	143	173
ENSG00000143756	1164	585	579
ENSG00000278180	0	0	0
ENSG00000143702	227	108	124
ENSG00000232341	0	0	0
ENSG00000287676	0	0	0
ENSG00000236792	0	0	0
ENSG00000143207	1815	886	929
ENSG00000270859	0	0	0
ENSG00000238224	0	0	0
ENSG00000286775	0	0	0
ENSG00000122176	1578	746	832
ENSG00000229120	0	0	0
ENSG00000237492	0	0	0
ENSG00000230404	0	0	0
ENSG00000213036	2	1	1
ENSG00000227230	0	1	3
ENSG00000236230	0	0	0
ENSG00000026751	1459	713	746
ENSG00000150681	39	16	27
ENSG00000116906	2051	1054	997
ENSG00000092969	13	7	6
ENSG00000157181	1306	602	704
ENSG00000250762	1	0	1
ENSG00000236720	0	0	0
ENSG00000227421	1	0	1
ENSG00000227240	2	2	0
ENSG00000076258	373	182	191
ENSG00000286073	1	1	0
ENSG00000231084	8	2	6
ENSG00000232085	0	0	1
ENSG00000117697	652	300	352
ENSG00000279333	0	19	16
ENSG00000235083	0	0	0
ENSG00000162669	5	1	4
ENSG00000197067	0	0	0
ENSG00000229652	0	0	0
ENSG00000132681	4	1	3
ENSG00000225904	0	0	0
ENSG00000270920	0	0	0
ENSG00000281664	0	0	0
ENSG00000143641	1031	935	899
ENSG00000227630	16	7	9
ENSG00000228830	0	1239	1119
ENSG00000010932	5	2	3
ENSG00000282849	0	0	0
ENSG00000276520	12	4	8
ENSG00000226640	0	0	0
ENSG00000010072	171	81	104
ENSG00000135766	76	43	33
ENSG00000232626	0	0	0
ENSG00000232096	0	0	0
ENSG00000279261	2	1	1
ENSG00000213051	5	4	1
ENSG00000238054	0	0	0
ENSG00000163534	139	60	79
ENSG00000168243	92	42	50
ENSG00000281453	0	0	0
ENSG00000237469	0	0	0
ENSG00000224939	6	1	5
ENSG00000227613	0	0	0
ENSG00000116183	6	2	4
ENSG00000270106	0	0	0
ENSG00000232194	1	1	0
ENSG00000235152	1	0	1
ENSG00000231612	4	2	2
ENSG00000237980	0	0	0
ENSG00000271036	0	0	0
ENSG00000230849	0	0	0
ENSG00000170382	962	522	440
ENSG00000228664	0	0	0
ENSG00000226868	0	0	0
ENSG00000279401	0	0	0
ENSG00000272362	0	0	0
ENSG00000287450	0	0	0
ENSG00000237011	0	0	0
ENSG00000233583	1	1	0
ENSG00000066027	2936	1449	1487
ENSG00000286263	0	0	0
ENSG00000227006	3	1	2
ENSG00000236372	1	0	1
ENSG00000224525	0	0	0
ENSG00000188770	0	0	0
ENSG00000173728	9	4	5
ENSG00000094975	848	425	423
ENSG00000225811	0	10	8
ENSG00000273093	0	0	0
ENSG00000162772	1280	574	706
ENSG00000227818	0	0	0
ENSG00000135828	975	466	509
ENSG00000224227	0	0	0
ENSG00000286398	0	0	0
ENSG00000076356	2234	1159	1075
ENSG00000215819	0	0	0
ENSG00000185523	1	1	0
ENSG00000236108	0	0	0
ENSG00000116711	330	159	171
ENSG00000231684	1	0	1
ENSG00000226750	0	0	0
ENSG00000285665	22	16	6
ENSG00000231022	0	0	0
ENSG00000224436	0	0	0
ENSG00000228208	0	0	0
ENSG00000273384	5	4	1
ENSG00000238061	11	6	5
ENSG00000234915	0	0	0
ENSG00000143845	34	27	24
ENSG00000235862	0	8	3
ENSG00000069812	667	352	315
ENSG00000227585	0	0	0
ENSG00000157060	0	0	0
ENSG00000237213	0	0	0
ENSG00000236439	1	1	0
ENSG00000224260	0	0	0
ENSG00000213045	0	0	0
ENSG00000287220	0	0	0
ENSG00000230063	1	0	1
ENSG00000235467	0	0	0
ENSG00000123684	1203	594	609
ENSG00000117707	270	150	120
ENSG00000228044	1	0	1
ENSG00000225338	1	1	0
ENSG00000224407	0	382	421
ENSG00000232463	0	0	0
ENSG00000237457	16	7	9
ENSG00000225171	31	18	13
ENSG00000226843	0	0	0
ENSG00000235386	0	0	0
ENSG00000123836	3065	1518	1556
ENSG00000213690	0	0	0
ENSG00000223982	0	0	0
ENSG00000229832	6	3	3
ENSG00000117691	834	374	460
ENSG00000225233	0	0	0
ENSG00000274895	16	5	11
ENSG00000237514	0	0	0
ENSG00000287856	0	0	0
ENSG00000228067	0	0	0
ENSG00000284299	0	0	0
ENSG00000226375	0	0	0
ENSG00000203705	327	149	178
ENSG00000224040	1	0	1
ENSG00000228686	12	7	5
ENSG00000279838	27	17	10
ENSG00000174175	139	70	69
ENSG00000236401	0	0	0
ENSG00000241475	1	1	0
ENSG00000215800	0	0	0
ENSG00000286421	0	0	0
ENSG00000270936	0	0	0
ENSG00000008118	5	4	1
ENSG00000171161	973	520	453
ENSG00000241505	0	0	0
ENSG00000224535	0	0	0
ENSG00000282097	0	0	0
ENSG00000261453	24	14	10
ENSG00000231020	0	0	0
ENSG00000270818	0	0	0
ENSG00000196878	3586	1814	1772
ENSG00000133059	444	216	228
ENSG00000225561	0	0	0
ENSG00000224668	0	0	0
ENSG00000242529	0	0	0
ENSG00000074964	3848	1884	1964
ENSG00000223847	0	0	0
ENSG00000277704	0	0	0
ENSG00000116918	799	386	427
ENSG00000274020	126	61	85
ENSG00000287445	8	2	6
ENSG00000259815	1	1	0
ENSG00000240963	0	0	0
ENSG00000226570	0	0	0
ENSG00000198929	66	32	34
ENSG00000272167	0	0	0
ENSG00000230628	0	0	0
ENSG00000162771	0	3	8
ENSG00000227579	0	0	0
ENSG00000176393	3916	2436	2511
ENSG00000174606	983	465	518
ENSG00000179914	1534	739	795
ENSG00000235750	828	408	420
ENSG00000284376	0	0	0
ENSG00000121446	3	0	3
ENSG00000226758	0	0	0
ENSG00000230199	0	0	0
ENSG00000236905	0	0	0
ENSG00000233304	1	1	0
ENSG00000288007	7	4	6
ENSG00000227887	0	0	0
ENSG00000116903	426	220	220
ENSG00000228255	0	0	0
ENSG00000226196	0	0	0
ENSG00000287354	0	0	1
ENSG00000233827	0	0	0
ENSG00000198797	5	2	3
ENSG00000271746	7	5	6
ENSG00000234233	6	3	3
ENSG00000151414	937	489	448
ENSG00000177614	78	30	48
ENSG00000223794	0	0	0
ENSG00000235182	0	0	1
ENSG00000213041	0	0	0
ENSG00000287157	0	0	0
ENSG00000233920	0	0	0
ENSG00000183831	0	0	0
ENSG00000225755	0	0	0
ENSG00000143858	50	53	62
ENSG00000197472	5	3	2
ENSG00000230184	0	0	0
ENSG00000234004	1	1	0
ENSG00000232436	0	0	0
ENSG00000231718	0	0	0
ENSG00000283952	0	0	0
ENSG00000230019	0	0	0
ENSG00000136643	420	226	194
ENSG00000232537	0	0	0
ENSG00000226036	0	0	0
ENSG00000285521	0	0	0
ENSG00000236317	0	0	0
ENSG00000176855	2	2	0
ENSG00000227728	0	0	0
ENSG00000133069	53	33	20
ENSG00000162877	11	9	2
ENSG00000233461	66	22	44
ENSG00000225401	0	0	0
ENSG00000228190	0	0	0
ENSG00000135747	3	0	3
ENSG00000227237	0	0	0
ENSG00000069248	1005	493	512
ENSG00000232812	0	0	0
ENSG00000231666	0	0	0
ENSG00000226986	1	1	0
ENSG00000242042	0	0	0
ENSG00000234464	0	0	0
ENSG00000253148	0	0	0
ENSG00000227751	0	480	410
ENSG00000090104	2956	1420	1536
ENSG00000285280	20	12	14
ENSG00000232892	1	1	0
ENSG00000236950	0	0	0
ENSG00000236468	0	0	0
ENSG00000143322	648	318	330
ENSG00000185220	402	192	210
ENSG00000226003	0	0	0
ENSG00000230813	0	0	0
ENSG00000226862	25	7	18
ENSG00000236101	0	0	0
ENSG00000162769	402	190	212
ENSG00000133065	275	138	137
ENSG00000278684	0	0	0
ENSG00000236775	0	0	0
ENSG00000042781	4	3	1
ENSG00000234754	0	0	0
ENSG00000233084	10	5	5
ENSG00000227815	4	2	2
ENSG00000287046	6	2	4
ENSG00000223774	5	105	111
ENSG00000228863	18	183	176
ENSG00000228646	0	0	0
ENSG00000229112	0	0	0
ENSG00000233332	0	0	0
ENSG00000231984	0	0	0
ENSG00000286213	0	0	0
ENSG00000226876	2	2	0
ENSG00000277462	92	47	45
ENSG00000225591	0	0	0
ENSG00000035687	1454	695	759
ENSG00000213080	8	4	4
ENSG00000180287	18	8	10
ENSG00000226693	0	0	0
ENSG00000234678	470	727	850
ENSG00000231272	0	0	0
ENSG00000223828	0	0	0
ENSG00000163431	1140	612	739
ENSG00000230124	1038	538	573
ENSG00000226723	1	1	0
ENSG00000272672	3	2	1
ENSG00000143473	8	17	26
ENSG00000228982	0	0	0
ENSG00000235096	0	0	0
ENSG00000237250	0	0	0
ENSG00000007341	405	401	405
ENSG00000286747	6	1	5
ENSG00000236069	0	1	1
ENSG00000236244	0	0	0
ENSG00000272865	1	0	1
ENSG00000117222	686	361	325
ENSG00000143324	775	352	423
ENSG00000229871	0	0	0
ENSG00000225222	0	0	0
ENSG00000118193	43	21	22
ENSG00000234116	0	0	0
ENSG00000231940	11	7	4
ENSG00000198842	6	1	5
ENSG00000286619	118	53	65
ENSG00000198756	42	14	28
ENSG00000259823	5657	2660	2997
ENSG00000271558	0	0	0
ENSG00000227554	1	1	0
ENSG00000178596	0	0	0
ENSG00000135749	270	208	223
ENSG00000143786	40	22	22
ENSG00000224584	0	0	0
ENSG00000054282	512	333	316
ENSG00000183780	4	2	2
ENSG00000229663	0	0	0
ENSG00000162702	273	142	131
ENSG00000251508	0	0	0
ENSG00000238272	0	0	0
ENSG00000228530	0	0	0
ENSG00000235060	1	1	0
ENSG00000143194	8	5	3
ENSG00000229531	1	0	1
ENSG00000271329	1	0	1
ENSG00000054267	1074	531	550
ENSG00000261831	1	1	0
ENSG00000287921	0	0	0
ENSG00000177800	0	0	0
ENSG00000225620	0	0	0
ENSG00000232166	0	0	0
ENSG00000175137	1176	586	590
ENSG00000134245	796	611	585
ENSG00000234041	1	1	0
ENSG00000227373	7	6	1
ENSG00000231905	0	0	0
ENSG00000228175	26	13	13
ENSG00000069275	5343	2641	2702
ENSG00000143674	687	361	326
ENSG00000237317	0	0	0
ENSG00000187889	36	12	24
ENSG00000134375	2149	1024	1125
ENSG00000097046	200	92	108
ENSG00000232113	0	0	0
ENSG00000282718	0	0	0
ENSG00000231378	0	0	0
ENSG00000235605	0	1	1
ENSG00000223525	0	0	0
ENSG00000224857	0	0	0
ENSG00000273367	28	18	11
ENSG00000230604	0	0	0
ENSG00000231605	5	3	2
ENSG00000236358	4	3	3
ENSG00000203737	1	0	1
ENSG00000238003	1	0	1
ENSG00000215873	0	0	0
ENSG00000287008	0	0	0
ENSG00000185420	374	176	198
ENSG00000076321	436	216	220
ENSG00000272175	0	0	3
ENSG00000231564	0	0	0
ENSG00000135778	1215	699	677
ENSG00000213070	1	1	0
ENSG00000282265	0	0	0
ENSG00000250536	1	1	0
ENSG00000229747	0	0	0
ENSG00000117280	510	268	242
ENSG00000233985	0	0	0
ENSG00000232175	12	9	3
ENSG00000287423	0	0	0
ENSG00000286774	1	1	0
ENSG00000236719	2	2	0
ENSG00000136636	1724	902	822
ENSG00000225486	0	0	0
ENSG00000227043	0	0	0
ENSG00000163874	541	245	296
ENSG00000285777	0	0	0
ENSG00000237249	1	0	1
ENSG00000286109	1	1	0
ENSG00000213068	1	0	1
ENSG00000054392	253	128	126
ENSG00000227994	0	0	0
ENSG00000286552	0	0	0
ENSG00000225711	0	0	0
ENSG00000122223	74	38	36
ENSG00000235869	0	0	0
ENSG00000188739	56	28	28
ENSG00000286666	0	0	0
ENSG00000135750	906	418	488
ENSG00000273198	5	3	2
ENSG00000203730	8	1	7
ENSG00000225719	0	0	0
ENSG00000273483	26	12	14
ENSG00000287987	0	0	0
ENSG00000203729	0	0	0
ENSG00000232809	0	0	0
ENSG00000284623	0	0	0
ENSG00000285981	0	0	0
ENSG00000261729	68	37	31
ENSG00000223869	0	0	0
ENSG00000229228	8	4	4
ENSG00000215796	0	0	0
ENSG00000185221	0	0	0
ENSG00000233047	0	0	0
ENSG00000143341	162	80	82
ENSG00000228309	0	0	0
ENSG00000229739	38	21	17
ENSG00000116703	0	0	0
ENSG00000273874	1	1	0
ENSG00000278791	0	77	57
ENSG00000278757	0	0	0
ENSG00000264341	0	0	0
ENSG00000264101	0	0	0
ENSG00000265141	0	0	0
ENSG00000221083	3	1	2
ENSG00000252404	0	0	0
ENSG00000222511	0	0	0
ENSG00000265392	0	0	0
ENSG00000243267	1	0	1
ENSG00000201725	1	0	1
ENSG00000274258	1	1	0
ENSG00000239149	8	4	4
ENSG00000252151	0	0	0
ENSG00000252969	0	0	0
ENSG00000252417	0	0	0
ENSG00000200975	1	1	0
ENSG00000201609	0	0	0
ENSG00000238482	0	0	0
ENSG00000252956	0	0	0
ENSG00000265606	0	0	0
ENSG00000284357	0	0	0
ENSG00000278034	0	0	0
ENSG00000207237	1	1	0
ENSG00000222784	0	0	0
ENSG00000266210	0	0	0
ENSG00000265961	0	0	0
ENSG00000251866	0	0	0
ENSG00000252691	0	0	0
ENSG00000264371	0	0	0
ENSG00000253005	0	0	0
ENSG00000238316	0	0	0
ENSG00000207941	0	0	0
ENSG00000264773	3	1	2
ENSG00000252448	4	1	3
ENSG00000200421	0	0	0
ENSG00000222282	4	4	0
ENSG00000199963	2	2	0
ENSG00000264698	0	0	0
ENSG00000207328	0	0	0
ENSG00000207466	0	0	0
ENSG00000252368	0	0	0
ENSG00000206779	1	1	0
ENSG00000265596	0	0	0
ENSG00000212541	1	1	0
ENSG00000200796	0	0	0
ENSG00000252190	0	0	0
ENSG00000264613	0	0	0
ENSG00000199240	0	0	0
ENSG00000277168	0	0	0
ENSG00000283724	0	0	0
ENSG00000284410	0	0	0
ENSG00000252018	0	0	0
ENSG00000206627	1	1	0
ENSG00000283414	0	0	0
ENSG00000207508	0	0	0
ENSG00000200171	0	0	0
ENSG00000207194	2	0	2
ENSG00000283477	0	0	0
ENSG00000264834	0	0	0
ENSG00000263675	7	5	2
ENSG00000266188	0	0	0
ENSG00000206981	0	0	0
ENSG00000200174	0	0	0
ENSG00000265822	0	0	0
ENSG00000265815	0	0	0
ENSG00000238653	0	0	0
ENSG00000212624	0	0	0
ENSG00000200575	0	0	0
ENSG00000212360	0	0	0
ENSG00000242860	2	2	0
ENSG00000263908	0	0	0
ENSG00000283690	0	0	0
ENSG00000199921	0	0	0
ENSG00000251825	0	0	0
ENSG00000201153	0	0	0
ENSG00000222624	0	0	0
ENSG00000223152	0	0	0
ENSG00000212308	0	0	0
ENSG00000279049	0	33	12
ENSG00000276081	0	0	0
ENSG00000239640	0	0	0
ENSG00000252338	0	0	0
ENSG00000251785	0	0	0
ENSG00000239319	0	0	0
ENSG00000222849	0	0	0
ENSG00000283749	0	0	0
ENSG00000251958	0	0	0
ENSG00000251767	0	0	0
ENSG00000243437	0	0	0
ENSG00000202263	0	0	0
ENSG00000199318	0	0	0
ENSG00000199666	0	0	0
ENSG00000200601	0	0	0
ENSG00000242482	0	0	0
ENSG00000212366	0	0	0
ENSG00000201620	0	0	0
ENSG00000206817	0	0	0
ENSG00000284247	0	0	0
ENSG00000200839	0	0	0
ENSG00000264963	0	0	0
ENSG00000264271	0	0	0
ENSG00000239504	2	0	2
ENSG00000284202	0	0	0
ENSG00000251720	3	0	3
ENSG00000274321	0	0	0
ENSG00000198974	1	0	1
ENSG00000212248	0	0	0
ENSG00000207962	0	0	0
ENSG00000276884	0	0	0
ENSG00000207234	0	0	0
ENSG00000202259	0	0	0
ENSG00000212459	2	2	0
ENSG00000278287	0	0	0
ENSG00000277565	0	0	0
ENSG00000263526	1	1	0
ENSG00000211575	0	0	0
ENSG00000275823	0	0	0
ENSG00000277689	0	0	0
ENSG00000274199	0	0	0
ENSG00000202254	0	0	0
ENSG00000244256	15	6	9
ENSG00000201491	0	0	0
ENSG00000199831	0	0	0
ENSG00000275455	0	0	0
ENSG00000252162	0	0	0
ENSG00000272051	0	0	0
ENSG00000283899	0	0	0
ENSG00000200800	0	0	0
ENSG00000207502	0	0	0
ENSG00000252530	0	0	0
ENSG00000200536	0	0	0
ENSG00000211543	1	1	0
ENSG00000252797	0	0	0
ENSG00000212266	0	0	0
ENSG00000222209	0	0	0
ENSG00000277141	0	0	0
ENSG00000215930	0	0	0
ENSG00000238761	0	0	0
ENSG00000201114	0	0	0
ENSG00000206679	0	0	0
ENSG00000264419	0	0	0
ENSG00000222069	0	0	0
ENSG00000274428	1	1	0
ENSG00000199879	7	4	3
ENSG00000274408	0	0	0
ENSG00000283676	2	1	1
ENSG00000252005	0	0	0
ENSG00000252510	0	0	0
ENSG00000207340	2	2	0
ENSG00000252830	0	0	0
ENSG00000274450	0	0	0
ENSG00000252135	0	0	0
ENSG00000278596	0	0	0
ENSG00000238825	0	0	0
ENSG00000201183	8	7	1
ENSG00000202408	0	0	0
ENSG00000252744	0	0	0
ENSG00000273768	4	1	3
ENSG00000242565	0	0	0
ENSG00000239984	0	0	0
ENSG00000283296	1	1	0
ENSG00000252717	0	0	0
ENSG00000194297	0	0	0
ENSG00000199565	0	0	0
ENSG00000277313	0	0	0
ENSG00000274940	0	0	0
ENSG00000207341	0	0	0
ENSG00000207472	0	0	0
ENSG00000206880	0	0	0
ENSG00000252552	0	0	0
ENSG00000199849	0	0	0
ENSG00000252407	0	0	0
ENSG00000212538	0	0	0
ENSG00000251813	0	0	0
ENSG00000207108	0	0	0
ENSG00000201312	0	0	0
ENSG00000207039	0	0	0
ENSG00000202491	0	0	0
ENSG00000201596	0	0	0
ENSG00000276839	0	0	0
ENSG00000207974	0	0	0
ENSG00000273629	0	0	0
ENSG00000201493	0	0	0
ENSG00000215952	0	0	0
ENSG00000200139	0	0	0
ENSG00000283575	0	0	0
ENSG00000238765	0	0	0
ENSG00000264916	0	0	0
ENSG00000212338	1	1	0
ENSG00000206659	0	0	0
ENSG00000253025	0	0	0
ENSG00000201619	0	0	0
ENSG00000201544	0	0	0
ENSG00000202498	0	0	0
ENSG00000221545	0	0	0
ENSG00000252906	2	2	0
ENSG00000206692	0	0	0
ENSG00000202329	0	0	0
ENSG00000242794	0	0	0
ENSG00000212144	0	0	0
ENSG00000283340	0	0	0
ENSG00000252860	1	0	1
ENSG00000252501	0	0	0
ENSG00000263390	0	0	0
ENSG00000207181	2	2	0
ENSG00000265744	0	0	0
ENSG00000264377	0	0	0
ENSG00000207149	0	0	0
ENSG00000283936	0	0	0
ENSG00000284485	0	0	0
ENSG00000201638	0	0	0
ENSG00000275213	1	1	0
ENSG00000239494	1	0	1
ENSG00000212230	0	0	0
ENSG00000252371	0	0	0
ENSG00000199442	0	0	0
ENSG00000200033	0	0	0
ENSG00000239690	0	0	0
ENSG00000202184	1	0	1
ENSG00000241395	0	0	0
ENSG00000200982	0	0	0
ENSG00000275207	0	0	0
ENSG00000202300	0	0	0
ENSG00000222407	0	0	0
ENSG00000222986	0	0	0
ENSG00000265435	0	0	0
ENSG00000272262	0	0	0
ENSG00000200495	1	1	0
ENSG00000202609	0	0	0
ENSG00000252553	0	0	0
ENSG00000206764	0	0	0
ENSG00000222240	0	0	0
ENSG00000212187	0	0	0
ENSG00000206637	0	0	0
ENSG00000253097	0	0	0
ENSG00000200036	1	0	1
ENSG00000201421	0	0	0
ENSG00000212610	0	0	0
ENSG00000252484	0	0	0
ENSG00000201944	1	0	1
ENSG00000200327	0	0	0
ENSG00000206905	0	0	0
ENSG00000200972	0	0	0
ENSG00000243051	2	0	2
ENSG00000252011	0	0	0
ENSG00000207326	0	0	0
ENSG00000212205	0	0	0
ENSG00000253042	0	0	0
ENSG00000274121	0	0	0
ENSG00000264358	0	0	0
ENSG00000206640	0	0	0
ENSG00000212527	0	0	0
ENSG00000252879	0	0	0
ENSG00000252612	1	1	0
ENSG00000202264	0	0	0
ENSG00000285609	0	0	0
ENSG00000206762	8	2	6
ENSG00000252084	0	0	0
ENSG00000200085	0	0	0
ENSG00000264500	0	0	0
ENSG00000202025	0	0	0
ENSG00000225545	0	0	0
ENSG00000206990	0	0	0
ENSG00000230175	1	1	0
ENSG00000225272	0	0	0
ENSG00000215838	3	1	2
ENSG00000273365	2	1	1
ENSG00000224358	11	9	4
ENSG00000230659	0	0	0
ENSG00000162545	9872	4856	5016
ENSG00000090432	1109	517	592
ENSG00000215520	0	0	0
ENSG00000183114	8	4	4
ENSG00000158825	861	411	450
ENSG00000158828	683	1916	2023
ENSG00000284005	0	0	0
ENSG00000117242	218	1801	1673
ENSG00000234473	1	1	0
ENSG00000238754	0	0	0
ENSG00000134371	834	396	438
ENSG00000221680	0	0	0
ENSG00000162630	71	38	33
ENSG00000276735	0	0	0
ENSG00000232077	5	4	1
ENSG00000229639	0	0	0
ENSG00000287453	0	0	0
ENSG00000270615	0	0	0
ENSG00000287283	0	0	0
ENSG00000240692	0	0	0
ENSG00000229359	0	0	0
ENSG00000237919	0	0	0
ENSG00000066557	283	136	147
ENSG00000244389	0	0	0
ENSG00000228988	0	0	0
ENSG00000118454	977	489	488
ENSG00000226088	8	5	3
ENSG00000116761	330	154	176
ENSG00000278636	0	0	0
ENSG00000271992	24	8	16
ENSG00000233020	0	0	0
ENSG00000237033	0	0	0
ENSG00000226208	0	0	0
ENSG00000007968	399	220	179
ENSG00000235052	27	10	17
ENSG00000117318	4691	2424	2267
ENSG00000285802	0	0	0
ENSG00000229239	0	0	0
ENSG00000142676	27882	13707	14175
ENSG00000057757	1564	807	757
ENSG00000011009	2363	1105	1260
ENSG00000117308	2940	1394	1546
ENSG00000273844	0	0	0
ENSG00000235748	0	0	0
ENSG00000237861	2	2	0
ENSG00000221879	0	0	0
ENSG00000230260	0	3	0
ENSG00000199241	0	0	0
ENSG00000226919	0	0	3
ENSG00000223963	0	0	0
ENSG00000215802	0	0	0
ENSG00000233615	0	0	0
ENSG00000238085	0	0	0
ENSG00000265831	0	0	0
ENSG00000224348	0	0	0
ENSG00000286496	1	1	0
ENSG00000287516	2	0	2
ENSG00000287738	0	0	0
ENSG00000132703	0	0	0
ENSG00000276632	0	0	0
ENSG00000223603	0	0	0
ENSG00000132693	0	0	0
ENSG00000235226	0	0	0
ENSG00000158716	762	300	462
ENSG00000181036	21	15	6
ENSG00000158714	19	113	134
ENSG00000212161	0	0	0
ENSG00000243284	7	0	7
ENSG00000272668	134	56	80
ENSG00000213085	7	3	4
ENSG00000266458	0	0	0
ENSG00000287040	0	0	0
ENSG00000279430	0	0	0
ENSG00000162723	0	0	0
ENSG00000273933	1	0	1
ENSG00000256029	3	45	40
ENSG00000188004	0	0	0
ENSG00000266580	0	0	0
ENSG00000254545	1	8	3
ENSG00000203620	0	0	0
ENSG00000269967	15	7	8
ENSG00000228634	2	1	1
ENSG00000284702	0	0	0
ENSG00000221040	0	0	0
ENSG00000287217	14	5	9
ENSG00000163399	11167	20921	20794
ENSG00000212385	0	0	0
ENSG00000233154	10	4	6
ENSG00000230381	0	0	0
ENSG00000200547	0	0	0
ENSG00000224950	51	32	32
ENSG00000286276	1	9	5
ENSG00000177888	448	236	212
ENSG00000243364	755	327	428
ENSG00000251246	0	0	0
ENSG00000143590	185	90	95
ENSG00000202027	0	0	0
ENSG00000169242	6354	3017	3337
ENSG00000169241	1790	845	945
ENSG00000223452	0	0	0
ENSG00000163463	316	173	143
ENSG00000273088	0	0	0
ENSG00000284586	0	0	0
ENSG00000169231	710	587	571
ENSG00000236263	0	23	17
ENSG00000236675	9	8	1
ENSG00000177628	1354	724	630
ENSG00000116521	1331	704	627
ENSG00000176444	2012	982	1030
ENSG00000143630	381	305	297
ENSG00000143627	36	129	128
ENSG00000253074	0	0	0
ENSG00000252116	1	1	0
ENSG00000228523	3	1	2
ENSG00000223263	1	0	1
ENSG00000207504	0	0	0
ENSG00000238139	0	0	0
ENSG00000197721	3	2	1
ENSG00000244703	0	0	0
ENSG00000226289	0	0	0
ENSG00000285239	1	1	0
ENSG00000234219	0	0	0
ENSG00000174059	786	378	408
ENSG00000285719	2	1	1
ENSG00000284237	29	18	11
ENSG00000158731	0	0	0
ENSG00000201746	2	1	1
ENSG00000264881	0	0	0
ENSG00000199562	0	0	0
ENSG00000264501	0	0	0
ENSG00000284735	21	9	12
ENSG00000284642	70	32	38
ENSG00000142657	2065	1036	1029
ENSG00000271989	0	2	3
ENSG00000251503	5	1	4
ENSG00000175279	66	17	49
ENSG00000160049	1272	686	754
ENSG00000203469	0	75	50
ENSG00000236035	0	0	0
ENSG00000221643	0	0	0
ENSG00000122188	190	89	101
ENSG00000288644	0	0	0
ENSG00000227417	0	0	0
ENSG00000223505	4	2	2
ENSG00000182004	1411	706	705
ENSG00000236430	2	2	0
ENSG00000130768	1158	845	854
ENSG00000227050	1	273	274
ENSG00000238231	12	5	7
ENSG00000240750	0	0	0
ENSG00000158156	450	203	252
ENSG00000182118	103	42	61
ENSG00000283799	0	0	0
ENSG00000227934	5	5	0
ENSG00000229595	0	0	0
ENSG00000143633	1025	512	513
ENSG00000281912	42	22	21
ENSG00000288208	0	0	0
ENSG00000132773	423	283	259
ENSG00000070759	590	355	324
ENSG00000236872	0	0	0
ENSG00000280670	101	43	58
ENSG00000132763	540	1837	1184
ENSG00000221953	15	8	7
ENSG00000226164	0	0	0
ENSG00000224014	4	2	2
ENSG00000215795	9	7	2
ENSG00000259865	573	284	289
ENSG00000227671	1216	590	626
ENSG00000283881	0	0	0
ENSG00000252516	2	1	1
ENSG00000232347	0	0	0
ENSG00000214144	0	0	0
ENSG00000235818	0	0	0
ENSG00000197617	0	0	0
ENSG00000202079	4	2	2
ENSG00000286216	8	6	5
ENSG00000203664	0	0	0
ENSG00000169224	16	10	6
ENSG00000236817	0	0	0
ENSG00000177489	0	0	0
ENSG00000177476	0	0	0
ENSG00000283369	0	0	0
ENSG00000230411	1	0	1
ENSG00000251977	0	0	0
ENSG00000252254	0	0	0
ENSG00000227854	0	0	0
ENSG00000287589	0	0	0
ENSG00000259776	0	0	0
ENSG00000233355	64	37	29
ENSG00000234601	1	0	1
ENSG00000231979	0	0	0
ENSG00000215805	0	0	0
ENSG00000287102	0	0	0
ENSG00000217327	0	0	0
ENSG00000228818	3	1	2
ENSG00000202041	0	0	0
ENSG00000223694	1	1	0
ENSG00000233735	1	1	1
ENSG00000133019	141	73	70
ENSG00000162636	1604	814	790
ENSG00000162639	445	239	206
ENSG00000285923	3	1	2
ENSG00000134186	2946	1449	1497
ENSG00000143107	0	0	0
ENSG00000232971	0	0	0
ENSG00000116266	1550	742	808
ENSG00000228076	0	0	0
ENSG00000203897	0	0	1
ENSG00000237349	0	0	0
ENSG00000244716	29	17	12
ENSG00000228665	0	0	0
ENSG00000228054	0	0	0
ENSG00000273382	38	20	52
ENSG00000215717	1865	991	908
ENSG00000278249	0	0	0
ENSG00000270066	0	0	0
ENSG00000251484	0	0	0
ENSG00000132676	2829	1344	1525
ENSG00000227673	0	0	0
ENSG00000203761	98	61	66
ENSG00000234937	7	4	3
ENSG00000132718	491	242	249
ENSG00000283442	0	0	0
ENSG00000143622	920	447	473
ENSG00000132680	3318	1672	1646
ENSG00000207475	2	1	1
ENSG00000280466	0	0	0
ENSG00000281394	0	0	0
ENSG00000277817	3	1	2
ENSG00000273002	81	38	43
ENSG00000224276	28	15	13
ENSG00000285677	4	449	742
ENSG00000163479	4243	2741	2679
ENSG00000160803	1019	528	491
ENSG00000132698	3489	1691	1798
ENSG00000252236	0	0	0
ENSG00000260238	1	1	0
ENSG00000242252	33	15	18
ENSG00000198952	2917	1467	1450
ENSG00000163472	226	387	348
ENSG00000163468	3840	1829	2012
ENSG00000132677	2	2	0
ENSG00000237390	0	0	0
ENSG00000207933	0	0	0
ENSG00000254726	77	31	46
ENSG00000186377	31	17	14
ENSG00000186160	3	0	3
ENSG00000225154	0	0	0
ENSG00000225506	8	2	6
ENSG00000225514	0	0	0
ENSG00000224805	13	8	10
ENSG00000162366	1042	519	523
ENSG00000226252	4	6	6
ENSG00000225762	91	40	51
ENSG00000186790	6	4	2
ENSG00000237424	1032	484	548
ENSG00000189030	0	0	0
ENSG00000162763	0	0	0
ENSG00000143061	1176	590	586
ENSG00000135821	7573	3728	3845
ENSG00000203740	0	0	0
ENSG00000162374	67	30	37
ENSG00000168275	627	331	407
ENSG00000241563	29	21	8
ENSG00000153207	966	441	525
ENSG00000156869	1232	387	845
ENSG00000033122	62	32	30
ENSG00000143278	0	0	0
ENSG00000116678	182	89	93
ENSG00000159352	2916	1376	1540
ENSG00000158710	7957	4029	3928
ENSG00000162734	1798	877	973
ENSG00000049239	3374	1632	1742
ENSG00000186564	907	450	457
ENSG00000244038	4971	2519	2452
ENSG00000158747	9945	4638	5307
ENSG00000116690	28	297	135
ENSG00000126091	60	28	32
ENSG00000162383	52	24	29
ENSG00000171163	1702	825	877
ENSG00000172456	235	116	121
ENSG00000162946	129	68	62
ENSG00000158786	2	2	0
ENSG00000118733	20	11	9
ENSG00000157870	1900	1364	1308
ENSG00000179085	930	498	432
ENSG00000173080	137	56	81
ENSG00000183347	2	1	1
ENSG00000276470	0	0	0
ENSG00000278852	0	0	0
ENSG00000275915	0	0	0
ENSG00000120937	0	0	0
ENSG00000224904	0	0	0
ENSG00000285646	36	20	16
ENSG00000199347	0	0	0
ENSG00000201801	5	4	1
ENSG00000116685	3432	1628	1804
ENSG00000083444	1291	614	677
ENSG00000287384	0	0	0
ENSG00000270914	1	1	0
ENSG00000116691	677	331	346
ENSG00000202461	4	3	1
ENSG00000276869	0	0	0
ENSG00000243539	0	0	0
ENSG00000120949	16	10	6
ENSG00000201135	0	0	0
ENSG00000227875	0	0	0
ENSG00000285604	0	0	0
ENSG00000283789	0	0	0
ENSG00000263676	1	0	1
ENSG00000200591	6	5	1
ENSG00000162521	2120	2079	2010
ENSG00000162520	62	1008	1023
ENSG00000224409	0	0	0
ENSG00000162522	7393	3609	3784
ENSG00000116497	1176	603	579
ENSG00000160097	47	22	25
ENSG00000121905	69	1621	1328
ENSG00000121900	7290	5043	5127
ENSG00000287691	8	5	3
ENSG00000278966	3	2	1
ENSG00000143222	2634	1535	1537
ENSG00000224985	15	118	335
ENSG00000143224	637	351	350
ENSG00000158850	1161	604	619
ENSG00000158859	72	29	43
ENSG00000158869	330	171	159
ENSG00000158874	0	0	0
ENSG00000158882	388	329	326
ENSG00000284035	1	1	0
ENSG00000143257	16	160	123
ENSG00000248485	29	13	16
ENSG00000188931	141	62	84
ENSG00000236484	0	0	0
ENSG00000283696	19	10	9
ENSG00000288093	14	4	10
ENSG00000206921	0	0	0
ENSG00000215840	1	1	0
ENSG00000277882	0	0	0
ENSG00000283317	15	9	6
ENSG00000277762	0	0	0
ENSG00000227139	0	0	0
ENSG00000265107	107	65	85
ENSG00000274415	0	21	22
ENSG00000234190	0	0	0
ENSG00000223728	0	0	0
ENSG00000121634	0	0	0
ENSG00000188092	237	112	125
ENSG00000215859	32	22	21
ENSG00000273059	0	4	7
ENSG00000274372	8	3	5
ENSG00000206791	0	0	0
ENSG00000206585	5	3	2
ENSG00000229828	0	0	0
ENSG00000225080	0	0	0
ENSG00000198658	0	0	0
ENSG00000238382	0	0	0
ENSG00000225919	0	0	0
ENSG00000236497	0	0	0
ENSG00000207190	0	0	0
ENSG00000200508	0	0	0
ENSG00000284928	1	1	0
ENSG00000223949	0	0	0
ENSG00000116688	3366	1707	1659
ENSG00000188800	0	0	0
ENSG00000084073	2048	1053	1000
ENSG00000231296	0	2	3
ENSG00000049089	1006	477	529
ENSG00000227311	3	1	2
ENSG00000213172	1	1	0
ENSG00000284677	1	1	0
ENSG00000187801	30	15	15
ENSG00000260920	27	19	8
ENSG00000158887	626	340	286
ENSG00000255054	0	0	0
ENSG00000228172	19	200	257
ENSG00000117640	1392	918	898
ENSG00000272478	0	0	0
ENSG00000127423	23	18	30
ENSG00000182749	220	132	136
ENSG00000207302	0	0	0
ENSG00000117632	2062	938	1124
ENSG00000229786	4	4	0
ENSG00000223624	0	0	0
ENSG00000283938	0	0	0
ENSG00000199385	0	0	0
ENSG00000187147	1790	1152	1149
ENSG00000263381	0	0	0
ENSG00000126106	447	444	514
ENSG00000198520	84	43	41
ENSG00000199377	6	4	2
ENSG00000200169	20	18	2
ENSG00000142945	175	92	102
ENSG00000142937	31759	16811	16948
ENSG00000264294	0	0	0
ENSG00000200913	26	10	16
ENSG00000202031	7	3	4
ENSG00000207421	0	0	0
ENSG00000281859	0	0	0
ENSG00000234093	91	45	46
ENSG00000142959	7069	3587	3482
ENSG00000173846	331	164	191
ENSG00000117425	99	65	34
ENSG00000202444	0	0	0
ENSG00000226499	3	1	2
ENSG00000070785	577	269	308
ENSG00000253039	0	0	0
ENSG00000229815	0	0	0
ENSG00000232369	1	1	0
ENSG00000268949	1	0	1
ENSG00000126107	3447	1705	1786
ENSG00000126088	1222	572	694
ENSG00000234315	1	1	0
ENSG00000162408	1414	730	684
ENSG00000229519	6	2	4
ENSG00000173662	7	1	6
ENSG00000204859	1481	733	748
ENSG00000288629	0	0	0
ENSG00000230735	0	1	1
ENSG00000171488	274	142	132
ENSG00000226394	0	0	0
ENSG00000237200	5	1	4
ENSG00000070886	1	1	0
ENSG00000276835	0	0	0
ENSG00000265422	0	0	0
ENSG00000223776	3	4	15
ENSG00000273058	29	16	13
ENSG00000230325	1	7	12
ENSG00000119285	522	817	757
ENSG00000226498	0	0	0
ENSG00000237991	1	1	0
ENSG00000244020	2	2	0
ENSG00000288099	0	0	0
ENSG00000225886	4	3	1
ENSG00000206767	0	0	0
ENSG00000226662	0	0	0
ENSG00000207095	0	0	0
ENSG00000287244	1	1	0
ENSG00000231344	2	1	1
ENSG00000230833	1	1	0
ENSG00000117758	2162	1088	1074
ENSG00000269971	9	2	7
ENSG00000270031	4	3	1
ENSG00000223062	1	1	0
ENSG00000286433	2	8	19
ENSG00000117751	1182	578	629
ENSG00000252947	0	0	0
ENSG00000130775	391	194	197
ENSG00000117748	1064	502	562
ENSG00000223643	0	0	0
ENSG00000230239	0	0	0
ENSG00000263811	0	0	0
ENSG00000277234	0	0	0
ENSG00000235241	0	51	79
ENSG00000207005	1	1	0
ENSG00000272426	6	2	4
ENSG00000117122	74	53	36
ENSG00000286898	0	6	9
ENSG00000226526	0	19	18
ENSG00000159363	1070	541	545
ENSG00000117118	3733	1727	2006
ENSG00000117115	13538	6912	6626
ENSG00000204362	0	0	0
ENSG00000282843	0	0	0
ENSG00000142623	26	15	11
ENSG00000142619	8	4	4
ENSG00000266634	0	0	0
ENSG00000199459	0	0	0
ENSG00000273264	2	1	1
ENSG00000282057	0	0	0
ENSG00000272691	4	3	1
ENSG00000199934	0	0	0
ENSG00000230285	0	0	0
ENSG00000142871	2552	1277	1275
ENSG00000226643	0	0	0
ENSG00000234419	0	0	0
ENSG00000276997	2	2	0
ENSG00000222399	0	0	0
ENSG00000267305	1	1	0
ENSG00000143512	4	2	2
ENSG00000143498	91	45	46
ENSG00000225265	18	9	9
ENSG00000154305	1862	1080	1066
ENSG00000229399	0	0	0
ENSG00000272750	51	167	162
ENSG00000186063	259	130	138
ENSG00000162819	1803	874	932
ENSG00000287684	7	11	9
ENSG00000234523	3	1	2
ENSG00000287338	0	0	0
ENSG00000187554	99	42	57
ENSG00000236846	0	0	0
ENSG00000226601	0	0	0
ENSG00000164010	535	407	387
ENSG00000164011	305	159	146
ENSG00000233708	0	0	0
ENSG00000237090	2	0	2
ENSG00000225099	0	0	0
ENSG00000284138	0	0	0
ENSG00000283973	0	0	2
ENSG00000207256	0	0	0
ENSG00000283136	0	0	0
ENSG00000277513	0	0	0
ENSG00000154309	312	163	149
ENSG00000226967	0	0	0
ENSG00000231407	30	14	18
ENSG00000229570	0	0	0
ENSG00000203857	5	4	1
ENSG00000226443	2	1	1
ENSG00000249798	0	0	0
ENSG00000239873	0	0	0
ENSG00000203855	0	0	0
ENSG00000240244	1	1	0
ENSG00000260941	16	11	5
ENSG00000198857	0	0	0
ENSG00000143067	180	98	82
ENSG00000134240	23275	11416	11859
ENSG00000134193	362	185	177
ENSG00000215864	7	3	4
ENSG00000227205	0	0	0
ENSG00000226446	0	0	0
ENSG00000134249	0	0	0
ENSG00000092621	303	138	165
ENSG00000027644	5	6	2
ENSG00000241992	0	0	0
ENSG00000234226	0	0	0
ENSG00000137970	253	20	233
ENSG00000223229	0	0	0
ENSG00000285698	2	2	0
ENSG00000228035	1	0	1
ENSG00000287103	0	0	0
ENSG00000226973	0	0	0
ENSG00000274468	0	0	0
ENSG00000130764	1447	765	782
ENSG00000266075	5	2	3
ENSG00000272153	42	65	77
ENSG00000230026	0	0	0
ENSG00000285177	0	0	0
ENSG00000284770	107	179	194
ENSG00000229795	0	0	0
ENSG00000238236	0	0	0
ENSG00000235638	0	0	0
ENSG00000231199	0	0	0
ENSG00000226663	0	0	0
ENSG00000231582	0	0	0
ENSG00000232714	0	0	0
ENSG00000235761	0	0	0
ENSG00000270710	0	0	0
ENSG00000227236	0	0	0
ENSG00000198837	1509	742	808
ENSG00000160741	1631	852	779
ENSG00000276584	0	0	0
ENSG00000282386	39	16	23
ENSG00000273026	23	8	15
ENSG00000143578	477	319	281
ENSG00000143543	872	235	742
ENSG00000285641	0	8	3
ENSG00000143545	671	289	382
ENSG00000177954	20655	10592	10063
ENSG00000231416	6	6	0
ENSG00000200220	1	1	0
ENSG00000231837	0	0	0
ENSG00000263987	0	0	0
ENSG00000162642	877	381	496
ENSG00000223254	10	3	7
ENSG00000223653	10	12	23
ENSG00000116198	877	421	457
ENSG00000169598	437	220	218
ENSG00000226653	0	0	0
ENSG00000207209	0	0	0
ENSG00000272443	0	0	0
ENSG00000272480	0	0	0
ENSG00000288626	0	0	0
ENSG00000162836	723	375	348
ENSG00000207080	0	0	0
ENSG00000231791	0	0	0
ENSG00000244568	0	0	0
ENSG00000271387	24	12	12
ENSG00000116667	4298	2001	2298
ENSG00000230470	8	2	6
ENSG00000232036	0	0	0
ENSG00000285847	29	17	13
ENSG00000286378	3	2	1
ENSG00000215381	0	0	0
ENSG00000261326	673	360	313
ENSG00000284726	4	2	2
ENSG00000125945	461	239	248
ENSG00000201405	0	0	0
ENSG00000271420	127	61	66
ENSG00000204219	5683	2646	3037
ENSG00000232482	12	7	5
ENSG00000285779	0	0	0
ENSG00000162885	760	803	765
ENSG00000270780	0	0	0
ENSG00000232895	0	0	0
ENSG00000273698	0	0	0
ENSG00000273112	0	0	0
ENSG00000173110	238	100	138
ENSG00000224203	0	0	0
ENSG00000224515	0	0	0
ENSG00000225217	259	140	119
ENSG00000231586	0	0	0
ENSG00000234211	0	11	4
ENSG00000213075	1	1	0
ENSG00000143125	0	0	0
ENSG00000270380	0	0	0
ENSG00000282887	0	0	0
ENSG00000283999	0	0	0
ENSG00000240194	0	0	0
ENSG00000235407	1	0	1
ENSG00000143105	0	0	0
ENSG00000199710	0	0	0
ENSG00000237415	0	0	0
ENSG00000232791	0	0	0
ENSG00000177301	84	43	41
ENSG00000226828	1	1	0
ENSG00000279774	3	2	1
ENSG00000229960	3	3	0
ENSG00000286486	2	1	1
ENSG00000244066	0	0	0
ENSG00000237759	0	0	0
ENSG00000287531	0	0	0
ENSG00000225855	426	1238	1082
ENSG00000283701	1	0	1
ENSG00000207134	0	0	0
ENSG00000227773	0	0	0
ENSG00000207144	2	1	1
ENSG00000237872	4	2	2
ENSG00000271267	11	7	4
ENSG00000225082	1	0	1
ENSG00000223503	0	0	0
ENSG00000232519	1	0	1
ENSG00000160752	1175	1448	1583
ENSG00000121957	358	811	808
ENSG00000235089	0	0	0
ENSG00000285179	0	0	0
ENSG00000223026	0	0	0
ENSG00000225721	2	19	2003
ENSG00000188396	18	27	15
ENSG00000202167	0	0	0
ENSG00000207349	0	0	0
ENSG00000252826	0	0	0
ENSG00000206737	0	0	0
ENSG00000223779	0	0	0
ENSG00000242352	0	0	0
ENSG00000270962	0	0	0
ENSG00000263590	0	0	0
ENSG00000252105	0	0	0
ENSG00000233430	0	0	0
ENSG00000237503	0	0	0
ENSG00000265531	0	0	0
ENSG00000234571	0	0	0
ENSG00000230186	0	0	0
ENSG00000268074	0	0	0
ENSG00000270872	0	0	0
ENSG00000276674	0	0	0
ENSG00000082482	53	21	32
ENSG00000116747	478	416	431
ENSG00000118729	89	42	47
ENSG00000134207	2	0	2
ENSG00000163467	10	3	8
ENSG00000243710	4	5	4
ENSG00000117395	1434	681	766
ENSG00000116874	428	232	253
ENSG00000065600	129	64	65
ENSG00000009780	667	324	343
ENSG00000023572	791	585	573
ENSG00000077254	1886	895	991
ENSG00000134644	2102	1058	1044
ENSG00000215788	2051	1227	1124
ENSG00000117834	83	46	54
ENSG00000117625	1641	848	793
ENSG00000179902	7	2	5
ENSG00000020633	289	133	156
ENSG00000121766	589	382	345
ENSG00000143157	1342	652	690
ENSG00000162614	311	159	158
ENSG00000160781	222	106	118
ENSG00000143344	596	281	315
ENSG00000162613	2864	1420	1444
ENSG00000116882	3	0	3
ENSG00000198758	10749	5234	5516
ENSG00000117569	689	341	348
ENSG00000142856	450	285	333
ENSG00000158022	3	1	2
ENSG00000116396	686	330	356
ENSG00000058668	1443	690	753
ENSG00000163875	1321	635	686
ENSG00000282872	0	0	0
ENSG00000131238	1762	889	873
ENSG00000171680	578	305	273
ENSG00000244457	0	0	0
ENSG00000116977	1394	1259	1297
ENSG00000229372	0	99	84
ENSG00000274975	0	1	0
ENSG00000229348	3	2	1
ENSG00000242485	1931	1145	1176
ENSG00000264293	0	0	0
ENSG00000272455	167	69	98
ENSG00000225905	3	3	0
ENSG00000225285	15	8	7
ENSG00000179403	1049	498	551
ENSG00000215915	34	15	19
ENSG00000236085	0	0	0
ENSG00000234441	0	0	0
ENSG00000227408	0	0	0
ENSG00000223635	1	1	0
ENSG00000135776	771	396	375
ENSG00000199672	2	1	1
ENSG00000201492	0	0	0
ENSG00000229367	1	1	0
ENSG00000135763	181	107	74
ENSG00000213028	2	0	2
ENSG00000225984	0	0	0
ENSG00000178828	799	547	601
ENSG00000235434	8	162	195
ENSG00000169914	703	367	336
ENSG00000188784	0	0	0
ENSG00000242688	0	0	0
ENSG00000177186	0	0	0
ENSG00000177174	0	0	0
ENSG00000269956	15	76	117
ENSG00000162456	0	0	0
ENSG00000079277	1571	851	897
ENSG00000117407	62	33	29
ENSG00000237950	143	65	78
ENSG00000117408	762	386	376
ENSG00000285649	4	27	30
ENSG00000117410	3533	1784	1752
ENSG00000159214	653	353	392
ENSG00000196517	537	342	287
ENSG00000227163	0	0	0
ENSG00000271647	0	0	0
ENSG00000239560	0	0	0
ENSG00000196539	0	0	0
ENSG00000229255	0	0	0
ENSG00000203661	0	0	0
ENSG00000271934	0	0	0
ENSG00000224521	1	0	1
ENSG00000227102	0	0	0
ENSG00000183310	0	0	0
ENSG00000201602	0	0	0
ENSG00000271701	0	0	0
ENSG00000189181	0	0	0
ENSG00000187238	0	0	0
ENSG00000185962	0	0	0
ENSG00000226947	0	0	0
ENSG00000285753	0	0	0
ENSG00000187223	0	0	0
ENSG00000159455	0	0	0
ENSG00000187173	0	0	0
ENSG00000204501	0	0	0
ENSG00000228229	0	0	0
ENSG00000204481	0	0	0
ENSG00000204479	0	0	0
ENSG00000172031	11	7	4
ENSG00000233228	0	0	0
ENSG00000224678	1	1	0
ENSG00000233401	0	0	0
ENSG00000273487	10	3	7
ENSG00000226773	1	0	1
ENSG00000274481	0	0	0
ENSG00000228594	64	37	27
ENSG00000286989	20	13	7
ENSG00000272106	281	150	169
ENSG00000189409	13	5	9
ENSG00000272004	0	115	122
ENSG00000189339	1582	926	893
ENSG00000269737	74	40	34
ENSG00000215914	8	4	4
ENSG00000008128	201	116	85
ENSG00000268575	130	106	97
ENSG00000227775	191	128	158
ENSG00000008130	2322	1221	1101
ENSG00000078369	9291	4576	4715
ENSG00000178821	47	19	28
ENSG00000158477	15	8	7
ENSG00000230942	0	0	0
ENSG00000158481	120	56	64
ENSG00000158485	4	4	0
ENSG00000158488	40	17	23
ENSG00000186306	0	0	0
ENSG00000203758	0	0	0
ENSG00000236257	1	0	1
ENSG00000236656	0	0	0
ENSG00000198703	0	0	0
ENSG00000227445	0	0	0
ENSG00000231434	0	0	0
ENSG00000117505	2004	1044	977
ENSG00000229635	1	0	1
ENSG00000207379	0	0	0
ENSG00000212601	0	0	0
ENSG00000162889	2332	1158	1175
ENSG00000224114	12	2	10
ENSG00000199349	1	0	1
ENSG00000162892	12	55	52
ENSG00000162894	355	242	208
ENSG00000271680	7	3	4
ENSG00000226945	6	2	4
ENSG00000162896	275907	136691	139218
ENSG00000162897	67	30	37
ENSG00000182795	905	426	479
ENSG00000198890	427	223	204
ENSG00000224550	6	2	4
ENSG00000142669	4302	3045	3112
ENSG00000169442	427	367	317
ENSG00000225854	6	5	1
ENSG00000176083	5	2	3
ENSG00000229167	55	30	27
ENSG00000142910	4228	2268	1961
ENSG00000162517	1548	771	868
ENSG00000235790	20	61	64
