N_unmapped	346878	346878	346878
N_multimapping	2457379	2457379	2457379
N_noFeature	6371799	16745155	16302540
N_ambiguous	1906558	495059	477542
ENSG00000160072	1328	649	679
ENSG00000234396	0	1	1
ENSG00000225972	24	3	21
ENSG00000224315	9	4	5
ENSG00000198744	57	13	44
ENSG00000279928	2	0	2
ENSG00000228037	87	40	47
ENSG00000142611	62	34	30
ENSG00000225630	13169	7030	6139
ENSG00000284616	0	0	0
ENSG00000157911	343	736	779
ENSG00000269896	119	70	49
ENSG00000237973	768	379	474
ENSG00000228463	2	2	1
ENSG00000260972	0	0	0
ENSG00000157933	893	446	447
ENSG00000224340	4	3	1
ENSG00000226545	2	2	0
ENSG00000268663	0	0	0
ENSG00000226374	0	0	0
ENSG00000229280	0	0	0
ENSG00000142655	339	212	186
ENSG00000232596	0	0	0
ENSG00000235054	0	0	0
ENSG00000232663	0	0	0
ENSG00000240409	1	0	1
ENSG00000229344	27	23	17
ENSG00000231510	0	0	0
ENSG00000149527	321	169	153
ENSG00000284739	0	0	0
ENSG00000171621	1002	516	486
ENSG00000272235	16	10	6
ENSG00000284694	0	0	0
ENSG00000230021	3	21	17
ENSG00000287356	16	13	8
ENSG00000224387	2	2	0
ENSG00000285629	0	0	0
ENSG00000173673	0	0	0
ENSG00000142583	166	77	89
ENSG00000284674	0	0	0
ENSG00000272161	6	0	6
ENSG00000237094	15	9	6
ENSG00000224338	0	0	0
ENSG00000074800	7521	3672	3851
ENSG00000116786	1202	649	674
ENSG00000287727	22	13	9
ENSG00000228423	2	0	2
ENSG00000286448	0	0	1
ENSG00000131686	1	1	0
ENSG00000229305	0	0	0
ENSG00000284703	0	0	0
ENSG00000226457	7	5	2
ENSG00000173614	679	321	359
ENSG00000248527	15764	7086	8678
ENSG00000215720	12	7	5
ENSG00000241326	0	0	0
ENSG00000233623	4	1	3
ENSG00000162592	1	5	8
ENSG00000116254	4	3	1
ENSG00000233645	0	0	0
ENSG00000204624	9	7	4
ENSG00000142606	44	208	255
ENSG00000235146	0	0	0
ENSG00000225931	56	23	33
ENSG00000171729	402	206	211
ENSG00000279457	102	37	65
ENSG00000162571	32	20	13
ENSG00000229393	4	4	1
ENSG00000037637	598	276	322
ENSG00000287586	0	0	0
ENSG00000159423	144	67	77
ENSG00000142599	4159	1800	2359
ENSG00000227169	0	0	0
ENSG00000283356	0	0	0
ENSG00000011021	537	287	276
ENSG00000142615	1	0	1
ENSG00000215704	7	2	9
ENSG00000157916	2397	1791	1778
ENSG00000157881	551	295	256
ENSG00000238290	7	6	1
ENSG00000225387	0	0	0
ENSG00000048707	1671	802	869
ENSG00000158748	13	9	4
ENSG00000225196	0	0	0
ENSG00000162444	18	8	10
ENSG00000279625	0	0	0
ENSG00000180758	359	192	167
ENSG00000184677	940	485	455
ENSG00000230679	3	4	1
ENSG00000270136	0	0	0
ENSG00000288398	167	77	90
ENSG00000224621	27	9	18
ENSG00000285833	0	1	1
ENSG00000131697	272	138	139
ENSG00000284692	0	0	0
ENSG00000284745	0	0	0
ENSG00000280222	6	4	2
ENSG00000227634	0	0	0
ENSG00000285945	0	0	0
ENSG00000229162	3	1	2
ENSG00000197921	6	3	3
ENSG00000233755	0	0	0
ENSG00000233929	1	0	1
ENSG00000271742	1	0	1
ENSG00000226396	74	31	43
ENSG00000169504	1742	868	874
ENSG00000234166	0	25	22
ENSG00000235282	0	0	0
ENSG00000055070	1601	1071	1148
ENSG00000175087	576	292	284
ENSG00000157191	1451	713	738
ENSG00000284699	0	0	0
ENSG00000230035	0	0	0
ENSG00000235185	1	1	0
ENSG00000225643	4	2	2
ENSG00000284666	0	0	0
ENSG00000228943	0	0	0
ENSG00000234397	0	0	0
ENSG00000284309	0	0	0
ENSG00000162511	1439	1248	1237
ENSG00000158014	6	2	4
ENSG00000204138	1760	845	915
ENSG00000233419	0	0	0
ENSG00000235263	0	0	0
ENSG00000228176	0	0	0
ENSG00000231251	0	0	0
ENSG00000142675	1029	482	547
ENSG00000197245	54	26	28
ENSG00000261025	0	0	0
ENSG00000116237	1466	758	785
ENSG00000130772	478	246	232
ENSG00000215899	1	1	0
ENSG00000271398	8	6	2
ENSG00000225011	0	0	0
ENSG00000235069	0	0	0
ENSG00000284676	0	0	0
ENSG00000237058	1	1	0
ENSG00000233399	7	4	3
ENSG00000090020	1020	508	512
ENSG00000157978	1309	599	710
ENSG00000226944	21	7	18
ENSG00000270282	3	1	2
ENSG00000130770	2286	1787	1838
ENSG00000229044	1	80	58
ENSG00000162512	568	262	306
ENSG00000158006	996	468	528
ENSG00000214812	0	0	0
ENSG00000126698	1386	690	696
ENSG00000229447	9	5	4
ENSG00000229607	0	0	0
ENSG00000130766	559	299	260
ENSG00000168528	2979	1472	1507
ENSG00000196581	7	6	1
ENSG00000169403	234	113	121
ENSG00000084628	0	0	0
ENSG00000060688	578	293	285
ENSG00000171612	272	120	152
ENSG00000270927	0	0	0
ENSG00000188910	217	96	121
ENSG00000230523	0	0	0
ENSG00000116138	937	534	501
ENSG00000158161	707	333	374
ENSG00000142684	0	119	128
ENSG00000234619	2	0	2
ENSG00000121769	59	30	29
ENSG00000142627	494	245	249
ENSG00000284668	0	0	0
ENSG00000233234	0	0	0
ENSG00000142632	209	129	127
ENSG00000234593	30	17	13
ENSG00000158292	606	309	297
ENSG00000270605	266	139	140
ENSG00000189337	180	166	161
ENSG00000232912	24	10	14
ENSG00000235084	5	2	3
ENSG00000235143	0	0	0
ENSG00000225478	0	0	0
ENSG00000225077	7	29	23
ENSG00000028137	686	331	355
ENSG00000238249	0	0	0
ENSG00000204464	17	6	11
ENSG00000233372	0	0	0
ENSG00000283259	2	0	2
ENSG00000284543	64	30	34
ENSG00000130939	1047	518	529
ENSG00000175147	168	166	164
ENSG00000127472	18	9	9
ENSG00000060656	73	34	39
ENSG00000163867	709	353	356
ENSG00000232768	7	3	4
ENSG00000230214	0	0	0
ENSG00000189280	4	4	0
ENSG00000134698	1215	610	605
ENSG00000134690	299	154	145
ENSG00000272420	15	4	11
ENSG00000132881	120	68	52
ENSG00000273274	3	2	1
ENSG00000116251	3503	1718	1861
ENSG00000272510	7	10	18
ENSG00000158286	1562	829	846
ENSG00000236648	0	0	0
ENSG00000232273	8	5	3
ENSG00000009709	0	0	0
ENSG00000287396	0	0	0
ENSG00000223589	0	0	0
ENSG00000158008	2	2	0
ENSG00000130940	904	690	677
ENSG00000116771	690	370	397
ENSG00000237301	13	9	4
ENSG00000162585	619	475	426
ENSG00000163879	242	130	121
ENSG00000227527	9	4	5
ENSG00000116954	333	155	178
ENSG00000228589	40	36	4
ENSG00000163873	29	13	16
ENSG00000117215	112	50	62
ENSG00000196449	290	180	171
ENSG00000230163	0	41	46
ENSG00000227538	0	0	0
ENSG00000232208	2	0	2
ENSG00000236500	0	0	0
ENSG00000044012	425	208	217
ENSG00000179051	1891	1107	1117
ENSG00000215895	3	1	2
ENSG00000231868	11	10	6
ENSG00000284650	0	0	0
ENSG00000237329	2	1	1
ENSG00000236948	0	0	0
ENSG00000126067	1287	592	695
ENSG00000274944	7	2	5
ENSG00000132906	300	140	164
ENSG00000197312	1257	632	625
ENSG00000284748	0	0	0
ENSG00000272078	96	306	253
ENSG00000173660	4500	2169	2331
ENSG00000224592	0	0	0
ENSG00000233728	0	30	32
ENSG00000230451	0	0	0
ENSG00000231606	11	7	4
ENSG00000215900	0	0	0
ENSG00000284632	0	0	0
ENSG00000241014	12	1	11
ENSG00000054118	2634	1305	1329
ENSG00000254553	1	0	1
ENSG00000284653	0	0	0
ENSG00000237749	1	1	0
ENSG00000276747	0	0	0
ENSG00000284705	0	0	0
ENSG00000228776	1	0	1
ENSG00000159339	16	6	10
ENSG00000223814	0	0	0
ENSG00000197982	455	223	293
ENSG00000261781	0	0	0
ENSG00000183317	2749	1316	1433
ENSG00000183386	115	61	54
ENSG00000284743	0	0	0
ENSG00000158315	787	418	461
ENSG00000204084	779	476	471
ENSG00000186973	0	0	0
ENSG00000271806	48	62	70
ENSG00000146463	1011	530	553
ENSG00000279214	3	3	0
ENSG00000183520	511	270	241
ENSG00000271741	0	0	0
ENSG00000214141	2	2	0
ENSG00000142686	111	61	50
ENSG00000224751	2	1	1
ENSG00000279096	1	0	1
ENSG00000117148	1	0	1
ENSG00000230585	11	8	5
ENSG00000117000	653	322	331
ENSG00000284989	0	0	0
ENSG00000231630	0	0	0
ENSG00000092853	109	59	55
ENSG00000255811	0	2	2
ENSG00000134697	1319	676	652
ENSG00000187513	26	13	13
ENSG00000238145	0	0	0
ENSG00000225142	0	0	0
ENSG00000230138	5	1	4
ENSG00000223390	3	25	27
ENSG00000285823	0	0	0
ENSG00000284720	0	0	0
ENSG00000225028	2	2	0
ENSG00000225671	0	0	0
ENSG00000116151	252	131	126
ENSG00000226147	0	0	0
ENSG00000182873	205	98	117
ENSG00000006555	1124	571	553
ENSG00000236111	0	0	0
ENSG00000066056	175	99	76
ENSG00000214114	560	270	290
ENSG00000173436	451	148	314
ENSG00000116544	14	2	12
ENSG00000231900	0	0	0
ENSG00000236723	6	372	367
ENSG00000232467	4	2	2
ENSG00000117016	241	102	139
ENSG00000121310	4131	2024	2107
ENSG00000169213	157	92	65
ENSG00000163866	898	500	485
ENSG00000225779	10	4	6
ENSG00000284601	0	0	0
ENSG00000237130	0	0	0
ENSG00000143001	55	57	69
ENSG00000229716	0	0	0
ENSG00000226133	0	0	0
ENSG00000227416	0	0	0
ENSG00000232335	0	3	2
ENSG00000260971	3	1	2
ENSG00000259832	0	0	0
ENSG00000284696	0	0	0
ENSG00000238242	0	0	0
ENSG00000285839	0	0	0
ENSG00000237290	0	0	0
ENSG00000232762	0	0	0
ENSG00000117419	665	315	350
ENSG00000162384	846	459	454
ENSG00000162391	114	241	236
ENSG00000174348	234	136	140
ENSG00000154198	0	0	0
ENSG00000117859	1719	829	897
ENSG00000228121	0	0	0
ENSG00000253313	881	459	422
ENSG00000162396	194	101	93
ENSG00000203995	12	6	8
ENSG00000227742	70	33	44
ENSG00000284686	4	2	2
ENSG00000162378	1014	493	521
ENSG00000233079	0	0	0
ENSG00000259818	9	4	5
ENSG00000229444	0	0	1
ENSG00000240563	364	166	198
ENSG00000234318	1	0	1
ENSG00000284773	36	17	19
ENSG00000234481	0	0	0
ENSG00000117862	140	92	48
ENSG00000235612	0	0	0
ENSG00000228369	11	2	9
ENSG00000183431	1354	635	719
ENSG00000227485	0	0	0
ENSG00000224609	31	10	23
ENSG00000235545	34	20	14
ENSG00000236646	3	2	1
ENSG00000169174	64	33	31
ENSG00000232198	0	0	0
ENSG00000238063	1	0	1
ENSG00000227104	0	0	0
ENSG00000243725	43	32	11
ENSG00000171872	6	2	5
ENSG00000162407	744	361	383
ENSG00000285079	2	0	2
ENSG00000169218	12	6	6
ENSG00000163877	465	251	214
ENSG00000228929	11	8	3
ENSG00000224570	0	0	0
ENSG00000224980	0	0	0
ENSG00000278967	12	6	6
ENSG00000157184	779	785	794
ENSG00000272491	6	9	3
ENSG00000198815	1305	637	668
ENSG00000134744	966	468	498
ENSG00000233910	0	0	0
ENSG00000287703	15	12	3
ENSG00000283039	0	0	0
ENSG00000229032	0	0	0
ENSG00000229294	0	0	0
ENSG00000232993	0	22	16
ENSG00000234088	0	0	0
ENSG00000236973	0	0	0
ENSG00000227947	9	4	5
ENSG00000277397	0	0	0
ENSG00000271200	6	2	4
ENSG00000235446	0	0	0
ENSG00000261196	0	0	0
ENSG00000162385	589	300	289
ENSG00000231413	0	0	0
ENSG00000234264	0	0	0
ENSG00000242391	0	1	1
ENSG00000223883	0	0	0
ENSG00000284808	0	0	0
ENSG00000242267	2	1	1
ENSG00000237227	7	2	5
ENSG00000275350	0	0	0
ENSG00000116652	25	12	18
ENSG00000123080	172	95	82
ENSG00000285778	0	0	0
ENSG00000077549	4025	1976	2060
ENSG00000233407	0	0	0
ENSG00000225675	0	0	0
ENSG00000237622	0	0	0
ENSG00000162598	0	0	0
ENSG00000280317	0	0	0
ENSG00000162415	379	176	207
ENSG00000162600	492	246	246
ENSG00000116704	2175	1014	1161
ENSG00000227644	0	2	2
ENSG00000157193	71	42	50
ENSG00000116205	530	287	267
ENSG00000198841	69	29	40
ENSG00000116212	361	194	167
ENSG00000234204	0	0	0
ENSG00000233099	0	0	0
ENSG00000233994	3	3	0
ENSG00000237180	0	0	0
ENSG00000213561	6	3	3
ENSG00000233973	0	0	0
ENSG00000237552	0	0	0
ENSG00000132854	60	21	39
ENSG00000227556	0	0	0
ENSG00000162616	419	215	205
ENSG00000162607	1058	516	542
ENSG00000233602	3	2	1
ENSG00000233271	0	45	26
ENSG00000285954	4	1	3
ENSG00000233333	6	2	4
ENSG00000154027	12	6	6
ENSG00000234108	0	0	0
ENSG00000232676	0	0	0
ENSG00000225167	0	0	0
ENSG00000132122	216	130	87
ENSG00000213579	0	0	0
ENSG00000137960	1234	621	613
ENSG00000237852	0	0	0
ENSG00000116745	2	2	0
ENSG00000132855	13	7	8
ENSG00000285407	0	0	0
ENSG00000272855	0	0	0
ENSG00000270549	1	1	0
ENSG00000237163	0	0	0
ENSG00000229636	0	0	0
ENSG00000116675	39	20	19
ENSG00000162433	422	206	216
ENSG00000213625	2135	1032	1103
ENSG00000227207	0	0	0
ENSG00000227016	0	0	0
ENSG00000233664	0	0	0
ENSG00000158966	100	48	52
ENSG00000213703	2	2	0
ENSG00000203965	155	81	75
ENSG00000223479	0	0	0
ENSG00000233674	0	0	0
ENSG00000153898	908	495	413
ENSG00000117069	17	8	9
ENSG00000125703	267	111	156
ENSG00000285041	0	0	0
ENSG00000285808	0	0	0
ENSG00000229440	0	0	0
ENSG00000234144	0	0	0
ENSG00000213540	4	0	4
ENSG00000277670	0	0	0
ENSG00000227466	0	0	0
ENSG00000154007	0	0	0
ENSG00000230498	0	0	0
ENSG00000285782	0	0	0
ENSG00000162618	102	41	61
ENSG00000224493	0	0	0
ENSG00000131233	2	0	2
ENSG00000272371	1	0	1
ENSG00000287647	0	0	0
ENSG00000229225	0	0	0
ENSG00000230863	1	1	0
ENSG00000213560	1	1	0
ENSG00000287224	0	0	0
ENSG00000225598	0	0	0
ENSG00000286455	0	0	0
ENSG00000225087	0	0	0
ENSG00000224986	4	2	2
ENSG00000280378	74	34	40
ENSG00000188786	570	273	297
ENSG00000230053	0	0	0
ENSG00000137941	151	67	84
ENSG00000273338	11	5	6
ENSG00000223720	0	0	0
ENSG00000224326	0	0	0
ENSG00000286548	23	9	14
ENSG00000066135	470	341	332
ENSG00000230027	0	0	0
ENSG00000233061	1	1	0
ENSG00000272094	1	1	0
ENSG00000228853	0	0	0
ENSG00000215874	0	0	0
ENSG00000232453	45	16	29
ENSG00000260386	2	2	0
ENSG00000284895	0	0	0
ENSG00000117174	476	240	236
ENSG00000237413	3	0	3
ENSG00000184313	348	140	208
ENSG00000284645	0	0	0
ENSG00000225605	0	0	0
ENSG00000225446	0	0	0
ENSG00000288543	0	0	0
ENSG00000122420	38	19	19
ENSG00000284240	0	0	0
ENSG00000236290	0	0	0
ENSG00000143013	578	277	301
ENSG00000226084	6	2	4
ENSG00000134748	1607	831	776
ENSG00000142892	594	297	297
ENSG00000219102	0	0	0
ENSG00000184005	43	17	26
ENSG00000230953	39	20	19
ENSG00000287743	18	8	10
ENSG00000229332	0	0	0
ENSG00000227937	0	0	0
ENSG00000229752	0	0	0
ENSG00000237505	4	2	2
ENSG00000285462	0	0	0
ENSG00000233216	3	1	2
ENSG00000197273	2406	1167	1239
ENSG00000226804	0	0	0
ENSG00000285325	0	0	0
ENSG00000230728	12	8	4
ENSG00000162402	1585	791	794
ENSG00000232846	2	0	2
ENSG00000219201	2	1	1
ENSG00000230787	0	0	0
ENSG00000116641	904	440	466
ENSG00000235927	7	5	7
ENSG00000223920	1	0	1
ENSG00000237453	19	8	11
ENSG00000172260	320	167	153
ENSG00000285473	0	0	0
ENSG00000237959	0	0	0
ENSG00000231364	0	0	0
ENSG00000234578	0	0	0
ENSG00000117480	1903	958	945
ENSG00000137944	673	300	373
ENSG00000229505	1	0	1
ENSG00000228187	1	1	0
ENSG00000285201	0	0	0
ENSG00000182183	41	19	22
ENSG00000236407	0	0	0
ENSG00000271949	0	0	0
ENSG00000227062	0	0	0
ENSG00000067334	1107	492	615
ENSG00000235011	0	0	0
ENSG00000235673	3	1	2
ENSG00000226938	0	0	0
ENSG00000213559	0	0	0
ENSG00000287587	0	0	0
ENSG00000142949	8678	4381	4297
ENSG00000116133	1409	782	810
ENSG00000232882	4	3	1
ENSG00000171502	46	26	20
ENSG00000162399	0	0	0
ENSG00000116157	40	17	23
ENSG00000143036	1353	641	712
ENSG00000232672	0	0	0
ENSG00000230817	0	0	0
ENSG00000235613	8	3	5
ENSG00000065243	1678	803	875
ENSG00000226759	0	0	0
ENSG00000226960	0	0	0
ENSG00000234080	0	0	0
ENSG00000237899	0	0	0
ENSG00000225492	10	6	4
ENSG00000223905	0	0	0
ENSG00000227290	0	0	0
ENSG00000229486	0	0	0
ENSG00000282898	0	0	0
ENSG00000285409	0	0	0
ENSG00000231090	0	0	0
ENSG00000117528	2519	1220	1299
ENSG00000271723	9	3	6
ENSG00000172339	359	163	196
ENSG00000036549	939	453	486
ENSG00000287724	5	59	49
ENSG00000058799	586	312	274
ENSG00000225191	0	0	0
ENSG00000287870	0	0	0
ENSG00000235563	2	2	0
ENSG00000232048	0	0	0
ENSG00000232857	3	2	1
ENSG00000273637	0	0	0
ENSG00000203985	8	6	2
ENSG00000228838	1	0	1
ENSG00000283761	36	15	21
ENSG00000189433	4	3	5
ENSG00000230759	0	0	0
ENSG00000231866	0	0	0
ENSG00000179178	733	365	372
ENSG00000142700	0	0	0
ENSG00000285525	0	0	0
ENSG00000236098	0	0	0
ENSG00000233514	0	0	0
ENSG00000127124	74	37	37
ENSG00000266993	30	43	44
ENSG00000223675	0	0	0
ENSG00000162604	741	375	366
ENSG00000229316	0	0	0
ENSG00000116171	5327	2612	2727
ENSG00000287406	15	6	9
ENSG00000225767	2	2	0
ENSG00000234099	0	0	0
ENSG00000137936	597	329	300
ENSG00000235308	4	0	4
ENSG00000232752	3	3	0
ENSG00000235829	4	2	2
ENSG00000143032	0	0	0
ENSG00000226745	0	0	0
ENSG00000178028	1466	726	740
ENSG00000280040	10	8	2
ENSG00000168710	2616	1259	1357
ENSG00000117519	1663	829	834
ENSG00000270507	0	0	0
ENSG00000238037	0	0	0
ENSG00000215869	1	0	1
ENSG00000134215	2804	1401	1403
ENSG00000227935	1	0	1
ENSG00000229887	1	1	0
ENSG00000228502	20	10	10
ENSG00000236268	3	2	1
ENSG00000271277	0	0	0
ENSG00000236888	3	3	0
ENSG00000279778	0	0	0
ENSG00000232015	3	0	3
ENSG00000230955	0	88	80
ENSG00000230828	0	0	0
ENSG00000188641	381	211	187
ENSG00000152078	822	417	405
ENSG00000237279	2	1	1
ENSG00000233359	0	0	0
ENSG00000237954	0	0	0
ENSG00000185668	2	1	1
ENSG00000171492	661	311	350
ENSG00000233129	0	0	0
ENSG00000170989	450	229	221
ENSG00000258634	173	114	130
ENSG00000233557	0	0	0
ENSG00000237897	0	0	0
ENSG00000116299	2818	1338	1481
ENSG00000137962	227	116	111
ENSG00000227832	0	0	0
ENSG00000286692	0	0	0
ENSG00000260464	14	8	10
ENSG00000237435	0	0	0
ENSG00000231996	0	0	0
ENSG00000273204	3	7	3
ENSG00000079739	1642	923	888
ENSG00000117154	12	4	8
ENSG00000162377	673	324	349
ENSG00000224613	0	0	0
ENSG00000215871	0	0	0
ENSG00000287372	0	0	0
ENSG00000232542	0	0	0
ENSG00000231095	0	0	0
ENSG00000116774	241	124	117
ENSG00000287756	2	1	1
ENSG00000269113	31	17	14
ENSG00000284652	4	1	3
ENSG00000023909	335	140	195
ENSG00000069702	544	278	266
ENSG00000232185	0	0	0
ENSG00000230489	9	3	6
ENSG00000228399	5	5	0
ENSG00000236776	0	0	0
ENSG00000285928	10	7	3
ENSG00000224685	0	0	0
ENSG00000287076	0	0	0
ENSG00000237480	0	0	0
ENSG00000271252	0	0	0
ENSG00000230427	2	2	0
ENSG00000235794	0	0	0
ENSG00000286758	0	0	0
ENSG00000237337	0	0	0
ENSG00000233983	0	0	0
ENSG00000198198	2022	1826	1866
ENSG00000225183	0	0	0
ENSG00000230402	0	0	0
ENSG00000116793	172	83	89
ENSG00000134201	106	41	65
ENSG00000238122	0	0	0
ENSG00000260879	0	23	47
ENSG00000213366	850	449	401
ENSG00000230864	0	0	0
ENSG00000283354	0	0	0
ENSG00000232918	4	3	1
ENSG00000236360	0	7	5
ENSG00000183298	0	0	0
ENSG00000234332	3	1	2
ENSG00000117525	1391	720	671
ENSG00000225079	10	5	5
ENSG00000226483	0	0	0
ENSG00000224238	1	1	0
ENSG00000229537	0	0	0
ENSG00000162699	0	0	0
ENSG00000162692	409	212	197
ENSG00000203914	1	0	1
ENSG00000270457	1	0	1
ENSG00000203858	0	0	0
ENSG00000231987	0	0	0
ENSG00000228057	5	3	2
ENSG00000261593	0	0	0
ENSG00000224445	0	0	0
ENSG00000229842	0	0	0
ENSG00000270631	0	0	0
ENSG00000229201	0	0	0
ENSG00000181656	1	0	1
ENSG00000122481	122	67	55
ENSG00000198162	992	493	499
ENSG00000238198	11	7	4
ENSG00000171517	45	18	27
ENSG00000228852	26	12	14
ENSG00000203864	4	1	3
ENSG00000233482	0	0	0
ENSG00000230250	0	0	0
ENSG00000232878	1	10	8
ENSG00000143079	1296	614	682
ENSG00000232450	8	4	4
ENSG00000223575	0	0	0
ENSG00000230768	0	0	0
ENSG00000235202	0	0	0
ENSG00000272715	0	0	0
ENSG00000235038	0	0	0
ENSG00000143093	902	450	452
ENSG00000226415	17	4	13
ENSG00000085491	1685	891	870
ENSG00000173947	8	4	4
ENSG00000241361	0	0	0
ENSG00000230434	0	0	0
ENSG00000230718	0	0	0
ENSG00000134198	157	82	75
ENSG00000235595	0	0	0
ENSG00000226053	0	0	0
ENSG00000226128	0	0	0
ENSG00000198799	1248	740	678
ENSG00000279513	3	2	1
ENSG00000117620	3903	1995	1943
ENSG00000280186	10	6	4
ENSG00000223906	0	0	0
ENSG00000162688	869	437	432
ENSG00000197106	2	0	2
ENSG00000259946	0	0	0
ENSG00000236137	16	22	19
ENSG00000203859	27	16	11
ENSG00000228086	1	7	7
ENSG00000213421	0	0	0
ENSG00000234020	0	0	0
ENSG00000060718	11	5	6
ENSG00000236804	3	1	2
ENSG00000231072	0	0	0
ENSG00000273406	0	0	0
ENSG00000185946	782	394	388
ENSG00000162627	1091	543	548
ENSG00000226715	2	0	2
ENSG00000162695	1030	571	459
ENSG00000134184	3	1	2
ENSG00000265808	1094	531	563
ENSG00000261290	0	0	0
ENSG00000225923	0	0	0
ENSG00000134247	1467	744	723
ENSG00000187481	0	0	0
ENSG00000116752	617	297	320
ENSG00000162664	1406	697	709
ENSG00000236866	0	0	0
ENSG00000134253	158	82	76
ENSG00000277655	0	0	0
ENSG00000223416	1	0	1
ENSG00000213226	2	0	2
ENSG00000179571	3	3	0
ENSG00000227850	1	1	0
ENSG00000243967	0	0	0
ENSG00000235777	1	1	0
ENSG00000260246	0	0	0
ENSG00000173218	494	240	254
ENSG00000285532	0	0	0
ENSG00000226755	0	0	0
ENSG00000232650	0	0	0
ENSG00000183508	3047	1534	1513
ENSG00000277095	0	0	0
ENSG00000236806	6	3	3
ENSG00000234283	0	0	0
ENSG00000237188	11	7	4
ENSG00000232780	0	0	0
ENSG00000274927	0	0	0
ENSG00000264145	0	0	0
ENSG00000238256	1	0	1
ENSG00000198765	0	0	0
ENSG00000224335	0	0	0
ENSG00000277702	1	1	0
ENSG00000143398	907	456	451
ENSG00000196505	498	236	262
ENSG00000225871	20	24	18
ENSG00000223489	0	0	0
ENSG00000230546	0	0	0
ENSG00000213262	4	2	2
ENSG00000287015	0	0	0
ENSG00000241720	2	42	14
ENSG00000235526	0	0	0
ENSG00000228347	0	0	0
ENSG00000276975	26	13	13
ENSG00000236012	0	0	0
ENSG00000270911	0	0	0
ENSG00000272824	16	3	13
ENSG00000134200	0	0	0
ENSG00000234257	0	0	0
ENSG00000065183	724	345	417
ENSG00000227082	6	4	2
ENSG00000228626	0	0	0
ENSG00000226126	0	0	0
ENSG00000163393	77	31	46
ENSG00000163156	331	173	161
ENSG00000143631	3	5	0
ENSG00000156150	0	39	32
ENSG00000228453	0	0	0
ENSG00000274642	0	0	0
ENSG00000177551	1	0	1
ENSG00000197323	1010	499	511
ENSG00000237975	12	5	9
ENSG00000261168	3	1	2
ENSG00000287980	0	0	0
ENSG00000229283	0	0	0
ENSG00000271419	0	0	0
ENSG00000226172	0	0	0
ENSG00000079335	321	172	162
ENSG00000143119	1351	616	735
ENSG00000237278	0	84	86
ENSG00000285062	0	0	0
ENSG00000233432	0	0	0
ENSG00000227700	0	0	0
ENSG00000229911	0	0	0
ENSG00000143520	0	0	0
ENSG00000171943	69	34	36
ENSG00000270719	0	0	0
ENSG00000155761	0	20	18
ENSG00000230806	0	0	0
ENSG00000116830	710	365	345
ENSG00000234422	0	0	0
ENSG00000227056	0	0	0
ENSG00000143614	691	344	347
ENSG00000227091	0	0	0
ENSG00000169418	97	45	53
ENSG00000214204	0	0	0
ENSG00000081026	1029	481	548
ENSG00000225650	2	1	1
ENSG00000227179	0	0	0
ENSG00000224965	5	2	3
ENSG00000228127	1	0	1
ENSG00000226984	6	5	1
ENSG00000186150	0	0	0
ENSG00000143554	480	240	240
ENSG00000143458	1240	584	656
ENSG00000230932	0	0	0
ENSG00000073754	0	0	0
ENSG00000228826	0	0	0
ENSG00000233907	0	0	0
ENSG00000225036	0	0	0
ENSG00000228420	0	0	0
ENSG00000233839	0	0	0
ENSG00000250890	0	0	0
ENSG00000232240	0	0	0
ENSG00000280649	26	19	10
ENSG00000131781	1421	664	774
ENSG00000223599	17	8	9
ENSG00000230921	0	0	0
ENSG00000286151	0	0	0
ENSG00000234388	0	0	0
ENSG00000235015	0	0	0
ENSG00000271736	2	0	2
ENSG00000235988	0	0	0
ENSG00000233717	2	2	0
ENSG00000231551	74	36	38
ENSG00000227295	5	4	1
ENSG00000163155	183	107	77
ENSG00000243613	0	19	17
ENSG00000241975	13	3	10
ENSG00000271143	0	0	0
ENSG00000270976	0	0	0
ENSG00000228217	1	0	1
ENSG00000270342	0	0	0
ENSG00000143552	8	2	6
ENSG00000175984	127	71	56
ENSG00000231100	0	0	0
ENSG00000116824	273	143	130
ENSG00000235887	0	0	0
ENSG00000237460	0	0	0
ENSG00000236327	3	3	0
ENSG00000223804	11	8	3
ENSG00000236887	5	3	2
ENSG00000024526	149	86	84
ENSG00000236480	0	0	0
ENSG00000235756	0	0	0
ENSG00000173810	0	0	0
ENSG00000235005	0	0	0
ENSG00000271890	0	0	0
ENSG00000238107	0	0	0
ENSG00000227425	0	0	0
ENSG00000233222	2	11	11
ENSG00000225279	1	1	0
ENSG00000229101	0	0	0
ENSG00000224927	0	0	0
ENSG00000239216	0	0	0
ENSG00000283360	13	8	5
ENSG00000117262	97	50	47
ENSG00000227907	13	7	8
ENSG00000143624	1888	1026	963
ENSG00000227970	0	0	0
ENSG00000261055	0	0	0
ENSG00000231613	0	0	0
ENSG00000137947	793	353	440
ENSG00000236689	0	0	0
ENSG00000233589	2	13	10
ENSG00000117586	53	22	31
ENSG00000230946	6	4	2
ENSG00000226028	0	0	0
ENSG00000162728	3	2	1
ENSG00000229021	3	3	0
ENSG00000203825	0	0	0
ENSG00000184371	635	323	312
ENSG00000233449	0	0	0
ENSG00000242943	0	0	0
ENSG00000233203	3	1	2
ENSG00000232499	27	14	13
ENSG00000232265	1	0	1
ENSG00000163154	66	29	38
ENSG00000232995	46	20	26
ENSG00000236957	0	0	0
ENSG00000238087	0	0	0
ENSG00000227777	2	0	2
ENSG00000177173	32	20	12
ENSG00000277406	10	3	7
ENSG00000238022	0	0	0
ENSG00000231671	0	0	0
ENSG00000162729	1104	555	549
ENSG00000143158	1658	1197	1482
ENSG00000271092	20	11	9
ENSG00000238118	0	0	0
ENSG00000276118	0	0	0
ENSG00000232148	0	0	0
ENSG00000278811	46	39	40
ENSG00000000460	90	161	171
ENSG00000188859	48	25	26
ENSG00000275075	0	0	0
ENSG00000135862	1348	653	695
ENSG00000232952	1	1	0
ENSG00000158473	269	121	148
ENSG00000227722	0	0	0
ENSG00000285922	0	0	0
ENSG00000275801	1	0	1
ENSG00000143198	3206	1499	1707
ENSG00000143318	9	4	5
ENSG00000232188	0	0	0
ENSG00000232212	0	0	0
ENSG00000143621	2220	1131	1094
ENSG00000241042	0	0	0
ENSG00000143155	1043	511	532
ENSG00000260322	0	0	0
ENSG00000223495	0	0	0
ENSG00000143156	110	463	174
ENSG00000198771	921	463	479
ENSG00000225462	0	0	0
ENSG00000237756	5	4	1
ENSG00000116147	13	7	6
ENSG00000213064	2230	1216	1222
ENSG00000203307	3	1	2
ENSG00000143179	668	394	441
ENSG00000271187	0	0	0
ENSG00000274562	0	0	0
ENSG00000143315	511	240	271
ENSG00000116199	1150	553	597
ENSG00000231175	0	0	0
ENSG00000143185	4	2	2
ENSG00000235145	9	5	4
ENSG00000116260	3926	1973	1953
ENSG00000272931	21	12	9
ENSG00000143190	537	276	343
ENSG00000225475	0	0	0
ENSG00000230898	0	0	0
ENSG00000232223	0	0	0
ENSG00000224698	0	0	0
ENSG00000287697	1	2	8
ENSG00000075945	1138	615	574
ENSG00000235303	0	0	0
ENSG00000234810	0	0	0
ENSG00000232750	1	1	0
ENSG00000224468	5	4	1
ENSG00000235628	0	0	0
ENSG00000232551	0	0	0
ENSG00000092607	0	0	0
ENSG00000238270	0	0	0
ENSG00000285894	0	0	0
ENSG00000236025	0	0	0
ENSG00000230687	0	0	0
ENSG00000230704	0	0	0
ENSG00000283255	0	0	0
ENSG00000227741	17	29	48
ENSG00000237049	1	0	1
ENSG00000286754	0	0	0
ENSG00000232751	0	0	0
ENSG00000236364	41	88	83
ENSG00000117091	207	218	233
ENSG00000235378	0	0	0
ENSG00000143171	12	5	7
ENSG00000275767	0	0	0
ENSG00000224718	0	0	0
ENSG00000047410	2324	1204	1244
ENSG00000231992	10	4	6
ENSG00000018625	120	68	52
ENSG00000171806	169	91	94
ENSG00000287919	1	0	1
ENSG00000229914	1	1	0
ENSG00000233882	0	0	0
ENSG00000198358	0	0	0
ENSG00000229407	2	1	1
ENSG00000134216	0	0	0
ENSG00000230748	0	0	0
ENSG00000254154	27	15	12
ENSG00000162694	268	124	151
ENSG00000238108	0	0	0
ENSG00000214262	0	99	109
ENSG00000183853	214	99	115
ENSG00000215835	1	0	1
ENSG00000118197	344	189	160
ENSG00000135842	485	226	259
ENSG00000229258	0	0	0
ENSG00000287472	0	0	0
ENSG00000241318	0	0	0
ENSG00000228238	4	0	4
ENSG00000232393	2	2	0
ENSG00000121454	134	121	133
ENSG00000184155	0	0	0
ENSG00000058085	805	402	403
ENSG00000260088	1	1	5
ENSG00000287978	16	4	12
ENSG00000116815	531	237	294
ENSG00000232917	0	0	0
ENSG00000233057	4	0	4
ENSG00000237131	0	0	0
ENSG00000233946	0	0	0
ENSG00000143167	7228	3525	3705
ENSG00000143184	10	9	1
ENSG00000231966	1	0	1
ENSG00000176320	3	3	0
ENSG00000260976	0	0	0
ENSG00000235215	1	1	0
ENSG00000223450	1	1	0
ENSG00000224691	0	0	0
ENSG00000286572	2	0	2
ENSG00000235101	0	0	0
ENSG00000228215	0	0	0
ENSG00000177807	16	13	3
ENSG00000233626	2	1	1
ENSG00000233691	0	0	0
ENSG00000283518	1	1	0
ENSG00000271527	0	0	0
ENSG00000143228	155	73	82
ENSG00000235827	0	0	0
ENSG00000231615	5	2	3
ENSG00000231714	0	0	0
ENSG00000174514	1148	638	676
ENSG00000143178	100	49	51
ENSG00000224837	1	0	1
ENSG00000116833	945	489	456
ENSG00000227740	10	7	3
ENSG00000260990	1	0	1
ENSG00000000457	469	353	342
ENSG00000143507	84	47	37
ENSG00000285638	0	0	0
ENSG00000226520	0	0	0
ENSG00000284592	0	0	0
ENSG00000230987	0	0	0
ENSG00000232527	0	0	0
ENSG00000215833	0	0	0
ENSG00000228167	0	0	0
ENSG00000225325	0	0	0
ENSG00000223344	0	0	0
ENSG00000228191	0	0	0
ENSG00000229961	9	6	3
ENSG00000150732	0	0	0
ENSG00000157064	47	22	27
ENSG00000288139	0	0	0
ENSG00000226015	102	45	57
ENSG00000215808	9	4	5
ENSG00000059588	1579	749	830
ENSG00000231512	0	0	0
ENSG00000237379	0	0	0
ENSG00000232959	0	21	30
ENSG00000122224	177	92	86
ENSG00000162782	76	39	37
ENSG00000238051	0	0	0
ENSG00000233196	1	0	1
ENSG00000229220	7	2	5
ENSG00000143653	1247	611	636
ENSG00000135837	1235	643	593
ENSG00000158711	1519	810	882
ENSG00000227747	0	0	0
ENSG00000228081	0	0	0
ENSG00000228020	0	0	0
ENSG00000234975	45	13	32
ENSG00000162851	601	283	318
ENSG00000271427	12	3	9
ENSG00000261817	0	0	0
ENSG00000143353	262	141	157
ENSG00000197965	2697	1356	1341
ENSG00000143493	410	227	183
ENSG00000230777	0	0	0
ENSG00000179397	24	17	7
ENSG00000224540	0	0	0
ENSG00000117592	4394	2216	2178
ENSG00000186197	4	2	2
ENSG00000229067	0	0	0
ENSG00000230231	1	1	0
ENSG00000227711	0	0	0
ENSG00000261182	0	0	0
ENSG00000228879	5	3	2
ENSG00000227925	0	0	0
ENSG00000162670	282	142	155
ENSG00000225712	0	0	0
ENSG00000162761	22	10	14
ENSG00000143199	9	3	6
ENSG00000179930	4	3	1
ENSG00000007908	5	3	2
ENSG00000092978	397	180	217
ENSG00000143499	809	419	390
ENSG00000188404	341	160	181
ENSG00000227735	0	0	0
ENSG00000243062	0	0	0
ENSG00000143196	256	128	128
ENSG00000228504	0	0	0
ENSG00000274702	0	0	0
ENSG00000226211	0	0	0
ENSG00000236942	11	13	5
ENSG00000287205	1	1	0
ENSG00000203697	1595	763	832
ENSG00000116574	1029	518	511
ENSG00000287929	4	1	5
ENSG00000186283	894	437	457
ENSG00000224896	0	0	0
ENSG00000226292	0	0	0
ENSG00000121481	366	186	180
ENSG00000227940	0	0	0
ENSG00000117139	1573	802	771
ENSG00000143248	1712	807	905
ENSG00000278455	2	1	1
ENSG00000224810	2	1	1
ENSG00000162814	14	6	12
ENSG00000225172	0	0	0
ENSG00000261642	0	0	0
ENSG00000228239	0	0	0
ENSG00000237283	0	0	0
ENSG00000116132	78	42	36
ENSG00000238042	0	0	0
ENSG00000271475	0	0	0
ENSG00000231877	0	0	0
ENSG00000116679	5135	2564	2571
ENSG00000228536	3	0	3
ENSG00000230550	0	1	2
ENSG00000229242	0	0	0
ENSG00000253326	9	5	4
ENSG00000228470	0	0	0
ENSG00000152092	2	0	2
ENSG00000234984	0	0	0
ENSG00000231648	0	0	0
ENSG00000229983	0	0	0
ENSG00000215149	0	0	0
ENSG00000225122	0	0	0
ENSG00000225920	10	3	7
ENSG00000143476	124	60	64
ENSG00000121486	515	272	243
ENSG00000228437	0	0	0
ENSG00000214837	16	8	8
ENSG00000057252	925	463	462
ENSG00000225982	6	1	5
ENSG00000285718	0	0	0
ENSG00000234070	0	4	0
ENSG00000233620	0	0	0
ENSG00000237783	0	0	0
ENSG00000272906	11	25	30
ENSG00000233018	0	0	0
ENSG00000123685	47	28	19
ENSG00000224783	0	0	0
ENSG00000162852	1578	737	841
ENSG00000232792	3	1	2
ENSG00000273004	3	1	2
ENSG00000143842	812	405	408
ENSG00000268062	9	4	5
ENSG00000237409	1	1	0
ENSG00000116962	850	413	437
ENSG00000288078	0	0	0
ENSG00000271399	1	0	1
ENSG00000229757	1	1	0
ENSG00000232679	0	0	0
ENSG00000159388	4070	1923	2147
ENSG00000220749	5	2	3
ENSG00000181450	259	118	141
ENSG00000223519	12	13	12
ENSG00000120333	648	333	341
ENSG00000286285	6	3	3
ENSG00000225300	15	7	8
ENSG00000223842	3	1	2
ENSG00000162753	1	0	1
ENSG00000228247	0	0	0
ENSG00000231424	10	8	2
ENSG00000143355	0	0	0
ENSG00000287177	0	0	0
ENSG00000237193	0	0	0
ENSG00000223490	0	0	0
ENSG00000121644	1184	596	588
ENSG00000174502	0	0	0
ENSG00000224286	0	0	0
ENSG00000158715	597	305	292
ENSG00000143195	57	31	26
ENSG00000162849	14	8	6
ENSG00000232824	3	2	1
ENSG00000273416	2	0	2
ENSG00000234142	1	1	0
ENSG00000282111	0	0	0
ENSG00000233410	0	0	0
ENSG00000067533	384	201	183
ENSG00000228955	4	2	2
ENSG00000270443	0	0	0
ENSG00000116209	12613	6283	6330
ENSG00000224702	0	1	1
ENSG00000271811	0	0	0
ENSG00000224278	0	0	0
ENSG00000235492	0	0	0
ENSG00000287808	7	8	34
ENSG00000271588	3	0	3
ENSG00000229840	0	0	0
ENSG00000116161	1023	544	514
ENSG00000226486	0	0	0
ENSG00000227687	0	0	0
ENSG00000231814	0	0	0
ENSG00000286210	0	0	0
ENSG00000287364	19	9	10
ENSG00000225063	0	0	0
ENSG00000260698	21	14	7
ENSG00000277007	43	14	29
ENSG00000229016	1	0	1
ENSG00000077157	2556	1307	1287
ENSG00000152104	199	112	88
ENSG00000236975	0	0	0
ENSG00000215834	0	0	0
ENSG00000286541	0	0	0
ENSG00000117650	174	76	98
ENSG00000235021	3	0	3
ENSG00000203724	28	11	17
ENSG00000225006	0	0	0
ENSG00000287633	0	0	0
ENSG00000158764	14	6	8
ENSG00000223375	0	0	0
ENSG00000230714	0	0	0
ENSG00000261065	0	2	3
ENSG00000260855	41	23	18
ENSG00000188783	263	124	139
ENSG00000236206	0	0	0
ENSG00000168118	1353	697	735
ENSG00000181101	1	1	0
ENSG00000173726	4125	2048	2077
ENSG00000282852	1	1	0
ENSG00000152382	297	135	162
ENSG00000143839	3	0	3
ENSG00000232100	0	0	0
ENSG00000261024	5	4	1
ENSG00000230547	0	0	0
ENSG00000229703	3	0	3
ENSG00000176754	0	0	0
ENSG00000232309	0	0	0
ENSG00000227953	32	20	25
ENSG00000232215	0	0	0
ENSG00000135829	2992	1382	1645
ENSG00000228289	0	0	0
ENSG00000134717	676	344	332
ENSG00000232989	0	0	0
ENSG00000233537	0	0	0
ENSG00000116668	227	110	117
ENSG00000143756	833	422	411
ENSG00000278180	0	0	0
ENSG00000143702	175	91	93
ENSG00000232341	0	0	0
ENSG00000287676	3	0	3
ENSG00000236792	0	0	0
ENSG00000143207	1107	546	561
ENSG00000270859	0	0	0
ENSG00000238224	1	1	0
ENSG00000286775	0	0	0
ENSG00000122176	1515	710	805
ENSG00000229120	1	0	1
ENSG00000237492	0	0	0
ENSG00000230404	0	0	0
ENSG00000213036	1	0	1
ENSG00000227230	2	5	3
ENSG00000236230	3	3	0
ENSG00000026751	1012	445	567
ENSG00000150681	74	39	43
ENSG00000116906	1311	640	671
ENSG00000092969	6	3	4
ENSG00000157181	954	497	457
ENSG00000250762	0	0	0
ENSG00000236720	0	0	0
ENSG00000227421	1	0	1
ENSG00000227240	2	0	2
ENSG00000076258	188	99	89
ENSG00000286073	0	0	0
ENSG00000231084	4	2	2
ENSG00000232085	0	0	3
ENSG00000117697	542	254	288
ENSG00000279333	0	4	7
ENSG00000235083	0	0	0
ENSG00000162669	12	3	9
ENSG00000197067	0	0	0
ENSG00000229652	0	0	0
ENSG00000132681	8	5	3
ENSG00000225904	0	0	0
ENSG00000270920	0	0	0
ENSG00000281664	0	0	0
ENSG00000143641	1004	713	756
ENSG00000227630	7	1	6
ENSG00000228830	0	824	694
ENSG00000010932	9	6	3
ENSG00000282849	0	0	0
ENSG00000276520	0	0	0
ENSG00000226640	0	0	0
ENSG00000010072	223	139	120
ENSG00000135766	166	81	85
ENSG00000232626	8	4	4
ENSG00000232096	0	0	0
ENSG00000279261	0	0	0
ENSG00000213051	3	1	2
ENSG00000238054	0	0	0
ENSG00000163534	170	74	96
ENSG00000168243	145	74	71
ENSG00000281453	0	0	0
ENSG00000237469	0	0	0
ENSG00000224939	2	1	1
ENSG00000227613	0	0	0
ENSG00000116183	17	9	8
ENSG00000270106	0	0	0
ENSG00000232194	2	0	2
ENSG00000235152	0	0	0
ENSG00000231612	1	1	0
ENSG00000237980	3	2	1
ENSG00000271036	0	0	0
ENSG00000230849	1	0	1
ENSG00000170382	433	222	212
ENSG00000228664	0	0	0
ENSG00000226868	0	0	0
ENSG00000279401	3	1	2
ENSG00000272362	0	0	0
ENSG00000287450	0	0	0
ENSG00000237011	0	0	0
ENSG00000233583	2	1	1
ENSG00000066027	1920	933	987
ENSG00000286263	2	0	2
ENSG00000227006	17	11	6
ENSG00000236372	0	0	0
ENSG00000224525	0	0	0
ENSG00000188770	0	0	0
ENSG00000173728	4	1	3
ENSG00000094975	855	390	465
ENSG00000225811	3	9	8
ENSG00000273093	0	0	0
ENSG00000162772	217	110	107
ENSG00000227818	0	0	0
ENSG00000135828	525	257	268
ENSG00000224227	0	0	0
ENSG00000286398	0	0	0
ENSG00000076356	1262	644	618
ENSG00000215819	0	1	0
ENSG00000185523	0	0	0
ENSG00000236108	0	0	0
ENSG00000116711	239	111	128
ENSG00000231684	2	0	2
ENSG00000226750	0	0	0
ENSG00000285665	9	4	5
ENSG00000231022	0	0	0
ENSG00000224436	0	0	0
ENSG00000228208	0	0	0
ENSG00000273384	1	0	1
ENSG00000238061	3	1	2
ENSG00000234915	2	4	0
ENSG00000143845	18	18	8
ENSG00000235862	0	0	0
ENSG00000069812	625	326	299
ENSG00000227585	0	0	0
ENSG00000157060	1	0	1
ENSG00000237213	0	0	0
ENSG00000236439	3	2	1
ENSG00000224260	0	0	0
ENSG00000213045	0	0	0
ENSG00000287220	3	2	1
ENSG00000230063	6	1	7
ENSG00000235467	0	0	0
ENSG00000123684	1111	568	543
ENSG00000117707	228	127	103
ENSG00000228044	1	0	1
ENSG00000225338	7	2	5
ENSG00000224407	0	228	237
ENSG00000232463	0	0	0
ENSG00000237457	25	17	9
ENSG00000225171	9	2	7
ENSG00000226843	0	0	0
ENSG00000235386	0	0	0
ENSG00000123836	3395	1757	1656
ENSG00000213690	0	0	0
ENSG00000223982	0	0	0
ENSG00000229832	6	3	3
ENSG00000117691	412	202	210
ENSG00000225233	0	0	0
ENSG00000274895	17	6	11
ENSG00000237514	0	0	0
ENSG00000287856	0	0	0
ENSG00000228067	0	0	0
ENSG00000284299	0	0	0
ENSG00000226375	0	0	0
ENSG00000203705	288	138	150
ENSG00000224040	0	0	0
ENSG00000228686	12	8	4
ENSG00000279838	29	15	14
ENSG00000174175	49	27	22
ENSG00000236401	0	0	0
ENSG00000241475	1	1	0
ENSG00000215800	0	0	0
ENSG00000286421	0	0	0
ENSG00000270936	0	0	0
ENSG00000008118	1	0	1
ENSG00000171161	696	352	344
ENSG00000241505	0	0	0
ENSG00000224535	0	0	0
ENSG00000282097	4	3	1
ENSG00000261453	5	2	3
ENSG00000231020	0	0	0
ENSG00000270818	0	0	0
ENSG00000196878	1213	598	615
ENSG00000133059	463	249	214
ENSG00000225561	0	0	0
ENSG00000224668	0	0	0
ENSG00000242529	0	0	0
ENSG00000074964	3909	1906	2003
ENSG00000223847	0	0	0
ENSG00000277704	0	0	0
ENSG00000116918	696	326	384
ENSG00000274020	102	57	72
ENSG00000287445	8	5	3
ENSG00000259815	0	0	0
ENSG00000240963	1	0	1
ENSG00000226570	0	0	0
ENSG00000198929	82	45	37
ENSG00000272167	7	5	2
ENSG00000230628	8	3	5
ENSG00000162771	0	0	0
ENSG00000227579	1	1	0
ENSG00000176393	1394	930	986
ENSG00000174606	748	371	377
ENSG00000179914	53491	26785	26707
ENSG00000235750	733	337	396
ENSG00000284376	0	0	0
ENSG00000121446	0	0	0
ENSG00000226758	1	0	1
ENSG00000230199	0	0	0
ENSG00000236905	1	1	0
ENSG00000233304	0	0	0
ENSG00000288007	6	4	5
ENSG00000227887	1	0	1
ENSG00000116903	416	219	233
ENSG00000228255	0	0	0
ENSG00000226196	0	0	0
ENSG00000287354	0	4	4
ENSG00000233827	0	0	0
ENSG00000198797	0	0	0
ENSG00000271746	4	9	2
ENSG00000234233	2	0	2
ENSG00000151414	1238	623	615
ENSG00000177614	57	25	32
ENSG00000223794	0	0	0
ENSG00000235182	0	0	0
ENSG00000213041	3	1	2
ENSG00000287157	0	0	0
ENSG00000233920	0	0	0
ENSG00000183831	0	0	0
ENSG00000225755	1	0	1
ENSG00000143858	76	57	57
ENSG00000197472	3	2	1
ENSG00000230184	5	2	3
ENSG00000234004	0	0	0
ENSG00000232436	0	0	0
ENSG00000231718	0	0	0
ENSG00000283952	0	0	0
ENSG00000230019	0	0	0
ENSG00000136643	285	163	122
ENSG00000232537	0	0	0
ENSG00000226036	0	0	0
ENSG00000285521	0	0	0
ENSG00000236317	1	1	0
ENSG00000176855	0	0	0
ENSG00000227728	0	0	0
ENSG00000133069	26	15	11
ENSG00000162877	5	4	1
ENSG00000233461	32	7	25
ENSG00000225401	2	2	0
ENSG00000228190	0	0	0
ENSG00000135747	2	1	1
ENSG00000227237	1	0	1
ENSG00000069248	808	366	442
ENSG00000232812	0	0	0
ENSG00000231666	1	0	1
ENSG00000226986	0	0	0
ENSG00000242042	1	0	1
ENSG00000234464	0	0	0
ENSG00000253148	0	0	0
ENSG00000227751	0	184	149
ENSG00000090104	1590	786	804
ENSG00000285280	10	12	6
ENSG00000232892	0	0	0
ENSG00000236950	0	0	0
ENSG00000236468	0	0	0
ENSG00000143322	628	312	316
ENSG00000185220	286	145	141
ENSG00000226003	0	0	0
ENSG00000230813	0	0	0
ENSG00000226862	14	4	10
ENSG00000236101	0	0	0
ENSG00000162769	347	163	184
ENSG00000133065	190	102	88
ENSG00000278684	0	0	0
ENSG00000236775	0	0	0
ENSG00000042781	14	4	10
ENSG00000234754	0	0	0
ENSG00000233084	1	1	0
ENSG00000227815	4	1	3
ENSG00000287046	15	7	8
ENSG00000223774	2	47	51
ENSG00000228863	18	147	115
ENSG00000228646	0	0	0
ENSG00000229112	0	0	0
ENSG00000233332	0	0	0
ENSG00000231984	0	0	0
ENSG00000286213	0	0	0
ENSG00000226876	5	4	1
ENSG00000277462	64	31	33
ENSG00000225591	2	2	0
ENSG00000035687	1129	539	590
ENSG00000213080	0	0	0
ENSG00000180287	1	0	1
ENSG00000226693	0	0	0
ENSG00000234678	388	469	523
ENSG00000231272	0	0	0
ENSG00000223828	1	0	1
ENSG00000163431	414	237	273
ENSG00000230124	642	372	390
ENSG00000226723	0	0	0
ENSG00000272672	4	3	1
ENSG00000143473	8	11	8
ENSG00000228982	0	0	0
ENSG00000235096	3	2	1
ENSG00000237250	0	0	0
ENSG00000007341	330	295	299
ENSG00000286747	3	0	3
ENSG00000236069	0	0	0
ENSG00000236244	0	0	0
ENSG00000272865	0	0	0
ENSG00000117222	595	288	307
ENSG00000143324	643	331	312
ENSG00000229871	0	0	0
ENSG00000225222	2	2	0
ENSG00000118193	131	70	61
ENSG00000234116	0	0	0
ENSG00000231940	5	3	2
ENSG00000198842	0	0	0
ENSG00000286619	2	1	1
ENSG00000198756	20	9	11
ENSG00000259823	1138	514	624
ENSG00000271558	0	0	0
ENSG00000227554	0	0	0
ENSG00000178596	0	0	0
ENSG00000135749	263	176	180
ENSG00000143786	24	9	16
ENSG00000224584	0	0	0
ENSG00000054282	462	264	261
ENSG00000183780	8	4	4
ENSG00000229663	0	0	0
ENSG00000162702	293	143	150
ENSG00000251508	0	0	0
ENSG00000238272	1	0	1
ENSG00000228530	0	0	0
ENSG00000235060	1	0	1
ENSG00000143194	5	2	3
ENSG00000229531	5	2	3
ENSG00000271329	0	0	0
ENSG00000054267	1041	484	558
ENSG00000261831	0	0	0
ENSG00000287921	0	0	0
ENSG00000177800	0	0	0
ENSG00000225620	1	1	0
ENSG00000232166	0	0	0
ENSG00000175137	918	455	463
ENSG00000134245	661	472	451
ENSG00000234041	0	0	0
ENSG00000227373	9	6	3
ENSG00000231905	7	5	2
ENSG00000228175	19	12	7
ENSG00000069275	4445	2230	2215
ENSG00000143674	738	376	362
ENSG00000237317	2	1	1
ENSG00000187889	32	25	7
ENSG00000134375	1635	810	825
ENSG00000097046	121	61	60
ENSG00000232113	0	0	0
ENSG00000282718	1	0	1
ENSG00000231378	3	3	0
ENSG00000235605	0	1	0
ENSG00000223525	9	2	7
ENSG00000224857	0	0	0
ENSG00000273367	6	2	4
ENSG00000230604	3	3	0
ENSG00000231605	0	0	0
ENSG00000236358	7	5	3
ENSG00000203737	3	1	2
ENSG00000238003	1	0	1
ENSG00000215873	0	0	0
ENSG00000287008	0	0	0
ENSG00000185420	263	132	131
ENSG00000076321	423	199	224
ENSG00000272175	2	1	4
ENSG00000231564	4	1	3
ENSG00000135778	865	485	473
ENSG00000213070	0	0	0
ENSG00000282265	0	0	0
ENSG00000250536	2	1	1
ENSG00000229747	0	0	0
ENSG00000117280	348	168	180
ENSG00000233985	0	0	0
ENSG00000232175	19	11	8
ENSG00000287423	0	0	0
ENSG00000286774	0	0	0
ENSG00000236719	0	0	0
ENSG00000136636	1798	856	942
ENSG00000225486	0	0	0
ENSG00000227043	0	0	0
ENSG00000163874	600	305	295
ENSG00000285777	1	1	0
ENSG00000237249	10	5	5
ENSG00000286109	0	0	0
ENSG00000213068	1	0	1
ENSG00000054392	167	89	86
ENSG00000227994	0	0	0
ENSG00000286552	1	0	1
ENSG00000225711	7	5	2
ENSG00000122223	38	19	19
ENSG00000235869	8	6	2
ENSG00000188739	43	16	27
ENSG00000286666	0	0	0
ENSG00000135750	657	298	359
ENSG00000273198	1	0	1
ENSG00000203730	16	6	10
ENSG00000225719	0	0	0
ENSG00000273483	7	3	4
ENSG00000287987	0	0	0
ENSG00000203729	3	2	1
ENSG00000232809	0	0	0
ENSG00000284623	0	0	0
ENSG00000285981	0	0	0
ENSG00000261729	12	6	6
ENSG00000223869	0	0	0
ENSG00000229228	8	4	4
ENSG00000215796	0	0	0
ENSG00000185221	0	0	0
ENSG00000233047	0	0	0
ENSG00000143341	112	48	64
ENSG00000228309	2	2	0
ENSG00000229739	34	15	19
ENSG00000116703	0	0	0
ENSG00000273874	4	4	0
ENSG00000278791	0	43	23
ENSG00000278757	0	0	0
ENSG00000264341	0	0	0
ENSG00000264101	0	0	0
ENSG00000265141	0	0	0
ENSG00000221083	0	0	0
ENSG00000252404	0	0	0
ENSG00000222511	1	0	1
ENSG00000265392	1	1	0
ENSG00000243267	3	2	1
ENSG00000201725	0	0	0
ENSG00000274258	0	0	0
ENSG00000239149	3	0	3
ENSG00000252151	0	0	0
ENSG00000252969	0	0	0
ENSG00000252417	0	0	0
ENSG00000200975	0	0	0
ENSG00000201609	0	0	0
ENSG00000238482	0	0	0
ENSG00000252956	0	0	0
ENSG00000265606	0	0	0
ENSG00000284357	0	0	0
ENSG00000278034	0	0	0
ENSG00000207237	0	0	0
ENSG00000222784	0	0	0
ENSG00000266210	0	0	0
ENSG00000265961	0	0	0
ENSG00000251866	0	0	0
ENSG00000252691	0	0	0
ENSG00000264371	0	0	0
ENSG00000253005	1	0	1
ENSG00000238316	0	0	0
ENSG00000207941	0	0	0
ENSG00000264773	0	0	0
ENSG00000252448	7	4	3
ENSG00000200421	2	0	2
ENSG00000222282	4	3	1
ENSG00000199963	2	2	2
ENSG00000264698	0	0	0
ENSG00000207328	0	0	0
ENSG00000207466	0	0	0
ENSG00000252368	0	0	0
ENSG00000206779	4	0	4
ENSG00000265596	0	0	0
ENSG00000212541	1	0	1
ENSG00000200796	0	0	0
ENSG00000252190	0	0	0
ENSG00000264613	0	0	0
ENSG00000199240	0	0	0
ENSG00000277168	0	0	0
ENSG00000283724	0	0	0
ENSG00000284410	0	0	0
ENSG00000252018	0	0	0
ENSG00000206627	7	5	2
ENSG00000283414	0	0	0
ENSG00000207508	2	1	1
ENSG00000200171	0	0	0
ENSG00000207194	0	0	0
ENSG00000283477	0	0	0
ENSG00000264834	1	1	0
ENSG00000263675	10	9	1
ENSG00000266188	0	0	0
ENSG00000206981	0	0	0
ENSG00000200174	0	0	0
ENSG00000265822	0	0	0
ENSG00000265815	1	1	0
ENSG00000238653	0	0	0
ENSG00000212624	4	1	3
ENSG00000200575	1	1	0
ENSG00000212360	4	2	2
ENSG00000242860	0	0	0
ENSG00000263908	0	0	0
ENSG00000283690	0	0	0
ENSG00000199921	0	0	0
ENSG00000251825	0	0	0
ENSG00000201153	0	0	0
ENSG00000222624	0	0	0
ENSG00000223152	0	0	0
ENSG00000212308	0	0	0
ENSG00000279049	0	17	7
ENSG00000276081	1	0	1
ENSG00000239640	0	0	0
ENSG00000252338	0	0	0
ENSG00000251785	1	1	0
ENSG00000239319	0	0	0
ENSG00000222849	0	0	0
ENSG00000283749	0	0	0
ENSG00000251958	0	0	0
ENSG00000251767	0	0	0
ENSG00000243437	1	0	1
ENSG00000202263	1	1	0
ENSG00000199318	0	0	0
ENSG00000199666	0	0	0
ENSG00000200601	0	0	0
ENSG00000242482	0	0	0
ENSG00000212366	0	0	0
ENSG00000201620	0	0	0
ENSG00000206817	0	0	0
ENSG00000284247	0	0	0
ENSG00000200839	0	0	0
ENSG00000264963	0	0	0
ENSG00000264271	0	0	0
ENSG00000239504	0	0	0
ENSG00000284202	0	0	0
ENSG00000251720	0	0	0
ENSG00000274321	0	0	0
ENSG00000198974	0	0	0
ENSG00000212248	2	2	0
ENSG00000207962	0	0	0
ENSG00000276884	0	0	0
ENSG00000207234	3	2	1
ENSG00000202259	4	1	3
ENSG00000212459	0	0	0
ENSG00000278287	0	0	0
ENSG00000277565	0	0	0
ENSG00000263526	4	4	0
ENSG00000211575	0	0	0
ENSG00000275823	0	0	0
ENSG00000277689	0	1	0
ENSG00000274199	0	1	0
ENSG00000202254	0	0	0
ENSG00000244256	19	7	12
ENSG00000201491	0	0	0
ENSG00000199831	0	0	0
ENSG00000275455	0	0	0
ENSG00000252162	0	0	0
ENSG00000272051	0	0	0
ENSG00000283899	0	0	0
ENSG00000200800	0	0	0
ENSG00000207502	0	0	0
ENSG00000252530	0	0	0
ENSG00000200536	0	0	0
ENSG00000211543	0	0	0
ENSG00000252797	3	1	2
ENSG00000212266	0	0	0
ENSG00000222209	0	0	0
ENSG00000277141	0	0	0
ENSG00000215930	0	0	0
ENSG00000238761	0	0	0
ENSG00000201114	1	0	1
ENSG00000206679	4	1	3
ENSG00000264419	0	0	0
ENSG00000222069	1	0	1
ENSG00000274428	0	0	0
ENSG00000199879	0	0	0
ENSG00000274408	0	0	0
ENSG00000283676	0	0	0
ENSG00000252005	0	0	0
ENSG00000252510	0	0	0
ENSG00000207340	7	4	3
ENSG00000252830	0	0	0
ENSG00000274450	0	0	0
ENSG00000252135	0	0	0
ENSG00000278596	0	0	0
ENSG00000238825	0	0	0
ENSG00000201183	5	2	3
ENSG00000202408	0	2	1
ENSG00000252744	0	0	0
ENSG00000273768	0	0	0
ENSG00000242565	0	0	0
ENSG00000239984	0	0	0
ENSG00000283296	0	0	0
ENSG00000252717	0	0	0
ENSG00000194297	0	0	0
ENSG00000199565	0	0	0
ENSG00000277313	0	0	0
ENSG00000274940	0	1	0
ENSG00000207341	0	0	0
ENSG00000207472	0	0	0
ENSG00000206880	1	0	1
ENSG00000252552	1	0	1
ENSG00000199849	0	0	0
ENSG00000252407	0	0	0
ENSG00000212538	0	0	0
ENSG00000251813	0	0	0
ENSG00000207108	0	0	0
ENSG00000201312	0	0	0
ENSG00000207039	0	0	0
ENSG00000202491	0	0	0
ENSG00000201596	0	0	0
ENSG00000276839	2	1	1
ENSG00000207974	0	0	0
ENSG00000273629	0	0	0
ENSG00000201493	0	0	0
ENSG00000215952	2	2	0
ENSG00000200139	0	0	0
ENSG00000283575	1	0	1
ENSG00000238765	0	0	0
ENSG00000264916	3	0	3
ENSG00000212338	3	1	2
ENSG00000206659	0	0	0
ENSG00000253025	0	0	0
ENSG00000201619	0	0	0
ENSG00000201544	6	4	2
ENSG00000202498	0	0	0
ENSG00000221545	0	0	0
ENSG00000252906	5	3	2
ENSG00000206692	1	0	1
ENSG00000202329	0	0	0
ENSG00000242794	0	0	0
ENSG00000212144	0	0	0
ENSG00000283340	0	0	0
ENSG00000252860	8	1	7
ENSG00000252501	0	0	0
ENSG00000263390	0	0	0
ENSG00000207181	5	2	3
ENSG00000265744	0	0	0
ENSG00000264377	0	0	0
ENSG00000207149	0	0	0
ENSG00000283936	0	0	0
ENSG00000284485	0	0	0
ENSG00000201638	0	0	0
ENSG00000275213	0	0	0
ENSG00000239494	6	3	3
ENSG00000212230	0	0	0
ENSG00000252371	0	0	0
ENSG00000199442	0	0	0
ENSG00000200033	0	0	0
ENSG00000239690	0	0	0
ENSG00000202184	0	0	0
ENSG00000241395	1	1	0
ENSG00000200982	0	0	0
ENSG00000275207	0	0	0
ENSG00000202300	0	0	0
ENSG00000222407	0	0	0
ENSG00000222986	0	0	0
ENSG00000265435	0	0	0
ENSG00000272262	0	0	0
ENSG00000200495	0	0	0
ENSG00000202609	0	0	0
ENSG00000252553	0	0	0
ENSG00000206764	0	0	0
ENSG00000222240	0	0	0
ENSG00000212187	0	0	0
ENSG00000206637	1	0	1
ENSG00000253097	0	0	0
ENSG00000200036	0	0	0
ENSG00000201421	0	0	0
ENSG00000212610	0	0	0
ENSG00000252484	0	0	0
ENSG00000201944	5	0	5
ENSG00000200327	0	0	0
ENSG00000206905	0	0	0
ENSG00000200972	0	0	0
ENSG00000243051	1	0	1
ENSG00000252011	0	0	0
ENSG00000207326	0	0	0
ENSG00000212205	3	3	0
ENSG00000253042	3	3	0
ENSG00000274121	0	0	0
ENSG00000264358	0	0	0
ENSG00000206640	1	0	1
ENSG00000212527	0	0	0
ENSG00000252879	0	0	0
ENSG00000252612	0	0	0
ENSG00000202264	0	0	0
ENSG00000285609	0	0	0
ENSG00000206762	10	6	4
ENSG00000252084	0	0	0
ENSG00000200085	0	0	0
ENSG00000264500	3	0	3
ENSG00000202025	0	0	0
ENSG00000225545	0	0	0
ENSG00000206990	0	0	0
ENSG00000230175	2	0	2
ENSG00000225272	1	1	0
ENSG00000215838	1	0	1
ENSG00000273365	1	0	1
ENSG00000224358	9	6	3
ENSG00000230659	0	0	0
ENSG00000162545	3392	1585	1807
ENSG00000090432	751	362	389
ENSG00000215520	0	0	0
ENSG00000183114	4	3	1
ENSG00000158825	85	48	37
ENSG00000158828	558	921	942
ENSG00000284005	0	0	0
ENSG00000117242	105	737	673
ENSG00000234473	6	4	2
ENSG00000238754	2	1	1
ENSG00000134371	733	374	360
ENSG00000221680	0	0	0
ENSG00000162630	32	21	12
ENSG00000276735	2	0	2
ENSG00000232077	0	0	0
ENSG00000229639	0	0	0
ENSG00000287453	0	0	0
ENSG00000270615	0	0	0
ENSG00000287283	0	0	0
ENSG00000240692	0	0	0
ENSG00000229359	0	0	0
ENSG00000237919	0	0	0
ENSG00000066557	333	152	181
ENSG00000244389	1	0	1
ENSG00000228988	2	2	0
ENSG00000118454	668	330	339
ENSG00000226088	8	6	2
ENSG00000116761	207	98	110
ENSG00000278636	0	0	0
ENSG00000271992	13	4	9
ENSG00000233020	0	0	0
ENSG00000237033	0	0	0
ENSG00000226208	0	0	0
ENSG00000007968	368	183	185
ENSG00000235052	10	6	4
ENSG00000117318	1523	739	784
ENSG00000285802	1	1	0
ENSG00000229239	0	0	0
ENSG00000142676	18155	8684	9471
ENSG00000057757	908	442	466
ENSG00000011009	1204	583	621
ENSG00000117308	1487	740	747
ENSG00000273844	0	0	0
ENSG00000235748	0	0	0
ENSG00000237861	0	0	0
ENSG00000221879	0	0	0
ENSG00000230260	0	0	0
ENSG00000199241	0	0	0
ENSG00000226919	0	1	0
ENSG00000223963	0	0	0
ENSG00000215802	0	0	0
ENSG00000233615	0	0	0
ENSG00000238085	0	0	0
ENSG00000265831	0	0	0
ENSG00000224348	0	0	0
ENSG00000286496	0	0	0
ENSG00000287516	0	0	0
ENSG00000287738	0	0	0
ENSG00000132703	0	0	0
ENSG00000276632	0	0	0
ENSG00000223603	1	1	0
ENSG00000132693	1	0	1
ENSG00000235226	0	0	0
ENSG00000158716	675	304	371
ENSG00000181036	21	10	11
ENSG00000158714	57	185	162
ENSG00000212161	0	0	0
ENSG00000243284	3	1	3
ENSG00000272668	355	156	208
ENSG00000213085	6	0	6
ENSG00000266458	0	0	0
ENSG00000287040	2	2	0
ENSG00000279430	0	0	0
ENSG00000162723	1	0	1
ENSG00000273933	7	2	5
ENSG00000256029	11	72	76
ENSG00000188004	2	2	0
ENSG00000266580	0	0	0
ENSG00000254545	0	1	1
ENSG00000203620	0	0	0
ENSG00000269967	21	12	9
ENSG00000228634	19	11	8
ENSG00000284702	0	0	0
ENSG00000221040	0	0	0
ENSG00000287217	31	12	19
ENSG00000163399	9158	12246	12254
ENSG00000212385	0	0	0
ENSG00000233154	8	7	1
ENSG00000230381	0	0	0
ENSG00000200547	0	0	0
ENSG00000224950	37	24	18
ENSG00000286276	4	5	4
ENSG00000177888	463	240	223
ENSG00000243364	264	105	159
ENSG00000251246	0	0	0
ENSG00000143590	43	25	18
ENSG00000202027	0	0	0
ENSG00000169242	1026	494	532
ENSG00000169241	1185	563	622
ENSG00000223452	0	0	0
ENSG00000163463	266	140	126
ENSG00000273088	0	0	0
ENSG00000284586	0	0	0
ENSG00000169231	548	479	520
ENSG00000236263	0	10	19
ENSG00000236675	7	4	3
ENSG00000177628	441	232	209
ENSG00000116521	728	343	385
ENSG00000176444	1454	714	740
ENSG00000143630	428	271	225
ENSG00000143627	13	40	41
ENSG00000253074	0	0	0
ENSG00000252116	0	0	0
ENSG00000228523	0	0	0
ENSG00000223263	10	6	4
ENSG00000207504	0	0	0
ENSG00000238139	0	0	0
ENSG00000197721	3	1	2
ENSG00000244703	0	0	0
ENSG00000226289	0	0	0
ENSG00000285239	0	0	0
ENSG00000234219	2	1	1
ENSG00000174059	320	171	149
ENSG00000285719	3	0	3
ENSG00000284237	62	30	32
ENSG00000158731	0	0	0
ENSG00000201746	5	2	3
ENSG00000264881	0	0	0
ENSG00000199562	1	1	0
ENSG00000264501	0	0	0
ENSG00000284735	46	26	20
ENSG00000284642	39	18	21
ENSG00000142657	1052	524	528
ENSG00000271989	0	2	3
ENSG00000251503	1	0	1
ENSG00000175279	18	3	15
ENSG00000160049	1103	622	652
ENSG00000203469	0	55	57
ENSG00000236035	1	0	1
ENSG00000221643	2	2	0
ENSG00000122188	209	111	98
ENSG00000288644	0	0	0
ENSG00000227417	22	14	8
ENSG00000223505	6	3	3
ENSG00000182004	838	426	412
ENSG00000236430	3	1	2
ENSG00000130768	387	264	292
ENSG00000227050	2	100	73
ENSG00000238231	12	7	5
ENSG00000240750	8	4	4
ENSG00000158156	328	166	164
ENSG00000182118	58	35	23
ENSG00000283799	0	0	0
ENSG00000227934	3	2	1
ENSG00000229595	0	0	0
ENSG00000143633	604	287	317
ENSG00000281912	26	18	12
ENSG00000288208	0	0	0
ENSG00000132773	265	163	176
ENSG00000070759	203	116	101
ENSG00000236872	1	1	0
ENSG00000280670	17	5	12
ENSG00000132763	331	903	609
ENSG00000221953	14	8	6
ENSG00000226164	0	0	0
ENSG00000224014	3	1	2
ENSG00000215795	10	7	3
ENSG00000259865	442	195	247
ENSG00000227671	1386	668	718
ENSG00000283881	0	0	0
ENSG00000252516	4	2	2
ENSG00000232347	0	0	0
ENSG00000214144	0	0	0
ENSG00000235818	0	0	0
ENSG00000197617	2	2	0
ENSG00000202079	3	3	0
ENSG00000286216	14	15	4
ENSG00000203664	0	0	0
ENSG00000169224	29	14	15
ENSG00000236817	1	1	1
ENSG00000177489	0	0	0
ENSG00000177476	0	0	0
ENSG00000283369	0	0	0
ENSG00000230411	1	1	0
ENSG00000251977	0	0	0
ENSG00000252254	2	0	2
ENSG00000227854	0	0	0
ENSG00000287589	0	0	0
ENSG00000259776	0	0	0
ENSG00000233355	162	82	89
ENSG00000234601	5	1	4
ENSG00000231979	0	0	0
ENSG00000215805	0	0	0
ENSG00000287102	0	0	0
ENSG00000217327	0	0	0
ENSG00000228818	1	1	0
ENSG00000202041	0	0	0
ENSG00000223694	2	0	2
ENSG00000233735	0	1	0
ENSG00000133019	152	60	101
ENSG00000162636	1219	584	635
ENSG00000162639	291	144	147
ENSG00000285923	2	1	1
ENSG00000134186	2632	1340	1292
ENSG00000143107	1	0	1
ENSG00000232971	0	0	0
ENSG00000116266	1391	685	706
ENSG00000228076	7	3	4
ENSG00000203897	0	0	0
ENSG00000237349	2	2	0
ENSG00000244716	18	13	5
ENSG00000228665	0	0	0
ENSG00000228054	0	0	0
ENSG00000273382	29	15	50
ENSG00000215717	1283	656	663
ENSG00000278249	0	0	0
ENSG00000270066	1	1	0
ENSG00000251484	2	1	1
ENSG00000132676	2035	1010	1070
ENSG00000227673	0	0	0
ENSG00000203761	103	65	46
ENSG00000234937	5	3	2
ENSG00000132718	159	77	82
ENSG00000283442	0	0	0
ENSG00000143622	660	293	367
ENSG00000132680	2521	1249	1272
ENSG00000207475	5	2	3
ENSG00000280466	0	0	0
ENSG00000281394	0	0	0
ENSG00000277817	5	4	1
ENSG00000273002	60	31	31
ENSG00000224276	56	29	27
ENSG00000285677	6	313	487
ENSG00000163479	2057	1376	1426
ENSG00000160803	766	376	390
ENSG00000132698	2125	1050	1075
ENSG00000252236	0	0	0
ENSG00000260238	0	0	0
ENSG00000242252	22	8	14
ENSG00000198952	2398	1195	1203
ENSG00000163472	149	164	144
ENSG00000163468	3335	1634	1704
ENSG00000132677	1	0	1
ENSG00000237390	0	0	0
ENSG00000207933	0	0	0
ENSG00000254726	66	34	32
ENSG00000186377	37	12	25
ENSG00000186160	2	2	0
ENSG00000225154	0	0	0
ENSG00000225506	10	6	4
ENSG00000225514	0	0	0
ENSG00000224805	10	5	6
ENSG00000162366	1372	666	706
ENSG00000226252	13	5	17
ENSG00000225762	39	21	18
ENSG00000186790	4	2	2
ENSG00000237424	712	323	389
ENSG00000189030	2	2	0
ENSG00000162763	0	0	0
ENSG00000143061	509	265	244
ENSG00000135821	14403	6960	7443
ENSG00000203740	1	1	0
ENSG00000162374	7	4	3
ENSG00000168275	369	270	267
ENSG00000241563	8	6	2
ENSG00000153207	879	391	488
ENSG00000156869	589	239	350
ENSG00000033122	81	41	40
ENSG00000143278	2	2	0
ENSG00000116678	205	97	108
ENSG00000159352	1658	794	864
ENSG00000158710	5049	2526	2523
ENSG00000162734	974	480	554
ENSG00000049239	2446	1159	1287
ENSG00000186564	454	211	243
ENSG00000244038	3311	1669	1642
ENSG00000158747	4923	2271	2652
ENSG00000116690	12	98	38
ENSG00000126091	84	46	39
ENSG00000162383	38	18	20
ENSG00000171163	1049	529	520
ENSG00000172456	271	139	133
ENSG00000162946	89	44	49
ENSG00000158786	0	0	0
ENSG00000118733	0	0	0
ENSG00000157870	1359	918	860
ENSG00000179085	409	202	207
ENSG00000173080	120	64	56
ENSG00000183347	2	2	0
ENSG00000276470	0	0	0
ENSG00000278852	0	0	0
ENSG00000275915	0	0	0
ENSG00000120937	0	0	0
ENSG00000224904	0	0	0
ENSG00000285646	12	6	6
ENSG00000199347	0	0	0
ENSG00000201801	0	0	0
ENSG00000116685	1614	806	808
ENSG00000083444	571	271	300
ENSG00000287384	0	0	0
ENSG00000270914	0	0	0
ENSG00000116691	421	208	213
ENSG00000202461	5	1	4
ENSG00000276869	0	0	0
ENSG00000243539	0	0	0
ENSG00000120949	10	5	5
ENSG00000201135	0	0	0
ENSG00000227875	0	0	0
ENSG00000285604	0	0	0
ENSG00000283789	0	0	0
ENSG00000263676	1	0	1
ENSG00000200591	14	5	9
ENSG00000162521	1891	1463	1582
ENSG00000162520	104	614	644
ENSG00000224409	0	0	0
ENSG00000162522	5009	2519	2490
ENSG00000116497	1098	545	568
ENSG00000160097	22	9	13
ENSG00000121905	57	868	901
ENSG00000121900	3229	2492	2449
ENSG00000287691	15	5	10
ENSG00000278966	2	2	0
ENSG00000143222	1519	903	922
ENSG00000224985	14	63	257
ENSG00000143224	537	298	329
ENSG00000158850	857	472	475
ENSG00000158859	151	71	80
ENSG00000158869	281	135	146
ENSG00000158874	0	0	0
ENSG00000158882	398	305	266
ENSG00000284035	1	1	0
ENSG00000143257	17	101	89
ENSG00000248485	16	12	4
ENSG00000188931	128	63	79
ENSG00000236484	1	0	1
ENSG00000283696	25	8	17
ENSG00000288093	19	10	9
ENSG00000206921	0	0	0
ENSG00000215840	5	3	2
ENSG00000277882	3	1	2
ENSG00000283317	5	3	2
ENSG00000277762	0	0	0
ENSG00000227139	0	0	0
ENSG00000265107	21	16	13
ENSG00000274415	0	5	3
ENSG00000234190	0	0	0
ENSG00000223728	0	0	0
ENSG00000121634	0	0	0
ENSG00000188092	141	70	71
ENSG00000215859	23	12	12
ENSG00000273059	1	0	2
ENSG00000274372	17	6	11
ENSG00000206791	0	0	0
ENSG00000206585	0	0	0
ENSG00000229828	0	0	0
ENSG00000225080	6	4	2
ENSG00000198658	4	2	2
ENSG00000238382	0	0	0
ENSG00000225919	0	0	0
ENSG00000236497	0	0	0
ENSG00000207190	0	0	0
ENSG00000200508	0	0	0
ENSG00000284928	0	0	0
ENSG00000223949	2	0	2
ENSG00000116688	2592	1293	1299
ENSG00000188800	1	0	1
ENSG00000084073	1478	735	745
ENSG00000231296	1	1	2
ENSG00000049089	1654	805	849
ENSG00000227311	2	2	0
ENSG00000213172	1	1	0
ENSG00000284677	4	3	1
ENSG00000187801	36	19	17
ENSG00000260920	41	18	23
ENSG00000158887	110	61	49
ENSG00000255054	0	0	0
ENSG00000228172	15	115	162
ENSG00000117640	970	629	671
ENSG00000272478	0	0	0
ENSG00000127423	13	10	11
ENSG00000182749	71	46	55
ENSG00000207302	0	0	0
ENSG00000117632	1408	662	746
ENSG00000229786	0	0	0
ENSG00000223624	0	0	0
ENSG00000283938	0	0	0
ENSG00000199385	0	0	0
ENSG00000187147	1027	680	704
ENSG00000263381	0	0	0
ENSG00000126106	240	290	307
ENSG00000198520	118	54	64
ENSG00000199377	2	2	0
ENSG00000200169	3	3	0
ENSG00000142945	252	140	142
ENSG00000142937	25639	13563	13346
ENSG00000264294	0	0	0
ENSG00000200913	10	6	4
ENSG00000202031	4	3	1
ENSG00000207421	0	0	0
ENSG00000281859	0	0	0
ENSG00000234093	10	6	4
ENSG00000142959	821	391	430
ENSG00000173846	297	160	144
ENSG00000117425	62	32	30
ENSG00000202444	0	0	0
ENSG00000226499	2	1	1
ENSG00000070785	378	177	202
ENSG00000253039	3	1	2
ENSG00000229815	1	1	1
ENSG00000232369	0	0	0
ENSG00000268949	0	0	0
ENSG00000126107	1867	960	998
ENSG00000126088	717	400	408
ENSG00000234315	1	0	1
ENSG00000162408	1038	515	523
ENSG00000229519	17	10	7
ENSG00000173662	1	0	1
ENSG00000204859	1009	502	507
ENSG00000288629	0	0	0
ENSG00000230735	2	1	1
ENSG00000171488	240	125	115
ENSG00000226394	4	0	4
ENSG00000237200	12	3	9
ENSG00000070886	1	0	1
ENSG00000276835	0	0	0
ENSG00000265422	1	1	0
ENSG00000223776	2	6	20
ENSG00000273058	18	4	14
ENSG00000230325	4	7	10
ENSG00000119285	634	665	637
ENSG00000226498	0	0	0
ENSG00000237991	0	0	0
ENSG00000244020	0	0	0
ENSG00000288099	0	0	0
ENSG00000225886	0	0	0
ENSG00000206767	0	0	0
ENSG00000226662	0	0	0
ENSG00000207095	0	0	0
ENSG00000287244	0	0	0
ENSG00000231344	4	3	1
ENSG00000230833	0	0	0
ENSG00000117758	1423	707	716
ENSG00000269971	2	0	2
ENSG00000270031	8	4	4
ENSG00000223062	0	0	0
ENSG00000286433	1	2	10
ENSG00000117751	815	405	421
ENSG00000252947	0	0	0
ENSG00000130775	841	403	438
ENSG00000117748	667	317	350
ENSG00000223643	0	0	0
ENSG00000230239	0	0	0
ENSG00000263811	0	0	0
ENSG00000277234	0	0	0
ENSG00000235241	0	19	48
ENSG00000207005	0	0	0
ENSG00000272426	2	2	0
ENSG00000117122	40	22	31
ENSG00000286898	0	3	10
ENSG00000226526	0	24	7
ENSG00000159363	632	329	327
ENSG00000117118	2435	1174	1261
ENSG00000117115	5258	2630	2628
ENSG00000204362	0	0	0
ENSG00000282843	0	0	0
ENSG00000142623	30	13	17
ENSG00000142619	1	0	1
ENSG00000266634	0	0	0
ENSG00000199459	2	1	1
ENSG00000273264	1	0	1
ENSG00000282057	5	1	4
ENSG00000272691	1	0	1
ENSG00000199934	0	0	0
ENSG00000230285	0	0	0
ENSG00000142871	1811	885	926
ENSG00000226643	0	0	0
ENSG00000234419	0	0	0
ENSG00000276997	7	2	5
ENSG00000222399	0	0	0
ENSG00000267305	0	0	0
ENSG00000143512	19	5	14
ENSG00000143498	104	55	53
ENSG00000225265	21	13	12
ENSG00000154305	1657	932	941
ENSG00000229399	0	0	0
ENSG00000272750	43	126	131
ENSG00000186063	347	193	163
ENSG00000162819	1335	658	684
ENSG00000287684	36	24	32
ENSG00000234523	1	1	0
ENSG00000287338	5	1	4
ENSG00000187554	100	41	59
ENSG00000236846	1	1	0
ENSG00000226601	0	0	0
ENSG00000164010	428	306	308
ENSG00000164011	153	70	83
ENSG00000233708	0	0	0
ENSG00000237090	0	0	0
ENSG00000225099	0	0	0
ENSG00000284138	1	1	0
ENSG00000283973	1	3	5
ENSG00000207256	0	0	0
ENSG00000283136	0	0	0
ENSG00000277513	0	0	0
ENSG00000154309	201	89	112
ENSG00000226967	0	0	0
ENSG00000231407	16	7	14
ENSG00000229570	0	0	0
ENSG00000203857	9	3	6
ENSG00000226443	0	0	0
ENSG00000249798	0	0	0
ENSG00000239873	0	0	0
ENSG00000203855	0	0	0
ENSG00000240244	0	0	0
ENSG00000260941	11	5	6
ENSG00000198857	6	1	5
ENSG00000143067	91	55	36
ENSG00000134240	21406	10565	10841
ENSG00000134193	197	90	107
ENSG00000215864	4	2	2
ENSG00000227205	2	1	1
ENSG00000226446	0	0	0
ENSG00000134249	0	0	0
ENSG00000092621	61	35	26
ENSG00000027644	7	2	5
ENSG00000241992	0	0	0
ENSG00000234226	0	0	0
ENSG00000137970	80	12	68
ENSG00000223229	0	0	0
ENSG00000285698	0	0	0
ENSG00000228035	0	0	0
ENSG00000287103	0	0	0
ENSG00000226973	0	0	0
ENSG00000274468	0	0	0
ENSG00000130764	996	527	573
ENSG00000266075	2	2	3
ENSG00000272153	41	85	57
ENSG00000230026	1	0	1
ENSG00000285177	0	0	1
ENSG00000284770	190	233	284
ENSG00000229795	0	0	0
ENSG00000238236	0	0	0
ENSG00000235638	0	0	0
ENSG00000231199	0	0	0
ENSG00000226663	0	0	0
ENSG00000231582	0	0	0
ENSG00000232714	0	0	0
ENSG00000235761	0	0	0
ENSG00000270710	1	0	1
ENSG00000227236	3	2	1
ENSG00000198837	1452	744	795
ENSG00000160741	1029	500	529
ENSG00000276584	0	0	0
ENSG00000282386	13	4	9
ENSG00000273026	11	7	4
ENSG00000143578	562	304	316
ENSG00000143543	321	77	278
ENSG00000285641	0	9	11
ENSG00000143545	221	84	137
ENSG00000177954	15493	7738	7755
ENSG00000231416	4	3	1
ENSG00000200220	0	0	0
ENSG00000231837	0	0	0
ENSG00000263987	0	0	0
ENSG00000162642	527	228	299
ENSG00000223254	2	0	2
ENSG00000223653	13	18	47
ENSG00000116198	936	431	507
ENSG00000169598	333	184	151
ENSG00000226653	0	0	0
ENSG00000207209	0	0	0
ENSG00000272443	2	0	2
ENSG00000272480	0	0	0
ENSG00000288626	0	0	0
ENSG00000162836	580	292	288
ENSG00000207080	0	0	0
ENSG00000231791	0	0	0
ENSG00000244568	0	0	0
ENSG00000271387	8	6	2
ENSG00000116667	2504	1214	1290
ENSG00000230470	9	4	5
ENSG00000232036	4	1	3
ENSG00000285847	49	18	32
ENSG00000286378	4	3	2
ENSG00000215381	0	0	0
ENSG00000261326	659	329	330
ENSG00000284726	15	5	10
ENSG00000125945	336	189	172
ENSG00000201405	0	0	0
ENSG00000271420	48	25	23
ENSG00000204219	3262	1609	1653
ENSG00000232482	20	8	12
ENSG00000285779	0	0	0
ENSG00000162885	636	658	569
ENSG00000270780	0	0	0
ENSG00000232895	0	0	0
ENSG00000273698	0	0	0
ENSG00000273112	0	0	0
ENSG00000173110	34	19	15
ENSG00000224203	1	0	1
ENSG00000224515	0	0	0
ENSG00000225217	10	3	7
ENSG00000231586	0	0	0
ENSG00000234211	3	6	14
ENSG00000213075	1	1	0
ENSG00000143125	0	0	0
ENSG00000270380	0	0	0
ENSG00000282887	0	0	0
ENSG00000283999	0	0	0
ENSG00000240194	0	0	0
ENSG00000235407	0	0	0
ENSG00000143105	0	0	0
ENSG00000199710	0	0	0
ENSG00000237415	0	0	0
ENSG00000232791	0	0	0
ENSG00000177301	33	15	18
ENSG00000226828	0	0	1
ENSG00000279774	1	1	0
ENSG00000229960	2	1	1
ENSG00000286486	2	1	1
ENSG00000244066	0	0	0
ENSG00000237759	0	0	0
ENSG00000287531	0	0	0
ENSG00000225855	343	754	658
ENSG00000283701	2	0	2
ENSG00000207134	4	4	0
ENSG00000227773	5	1	4
ENSG00000207144	3	3	0
ENSG00000237872	18	12	6
ENSG00000271267	40	19	21
ENSG00000225082	4	1	3
ENSG00000223503	5	2	3
ENSG00000232519	2	0	2
ENSG00000160752	878	966	960
ENSG00000121957	516	740	788
ENSG00000235089	0	0	0
ENSG00000285179	0	0	0
ENSG00000223026	0	0	0
ENSG00000225721	6	24	1289
ENSG00000188396	25	20	12
ENSG00000202167	0	0	0
ENSG00000207349	0	0	0
ENSG00000252826	0	0	0
ENSG00000206737	0	0	0
ENSG00000223779	0	0	0
ENSG00000242352	1	0	1
ENSG00000270962	0	0	0
ENSG00000263590	0	0	0
ENSG00000252105	0	0	0
ENSG00000233430	0	0	0
ENSG00000237503	0	0	0
ENSG00000265531	0	0	0
ENSG00000234571	0	0	0
ENSG00000230186	0	0	0
ENSG00000268074	0	0	0
ENSG00000270872	0	0	0
ENSG00000276674	0	0	0
ENSG00000082482	5	4	1
ENSG00000116747	683	458	435
ENSG00000118729	37	17	20
ENSG00000134207	0	0	0
ENSG00000163467	15	13	5
ENSG00000243710	9	4	6
ENSG00000117395	784	387	402
ENSG00000116874	222	136	135
ENSG00000065600	81	40	41
ENSG00000009780	380	196	184
ENSG00000023572	480	350	321
ENSG00000077254	1836	931	905
ENSG00000134644	1837	887	950
ENSG00000215788	1172	645	625
ENSG00000117834	49	30	25
ENSG00000117625	1096	544	552
ENSG00000179902	5	1	5
ENSG00000020633	259	138	121
ENSG00000121766	424	282	279
ENSG00000143157	1192	586	606
ENSG00000162614	279	120	164
ENSG00000160781	61	30	31
ENSG00000143344	371	195	176
ENSG00000162613	2789	1410	1380
ENSG00000116882	3	0	3
ENSG00000198758	5711	2805	2906
ENSG00000117569	572	296	276
ENSG00000142856	412	271	311
ENSG00000158022	2	2	0
ENSG00000116396	647	294	353
ENSG00000058668	882	422	460
ENSG00000163875	1034	508	526
ENSG00000282872	0	0	0
ENSG00000131238	1169	586	584
ENSG00000171680	905	506	399
ENSG00000244457	0	0	0
ENSG00000116977	1096	940	916
ENSG00000229372	1	82	100
ENSG00000274975	0	1	0
ENSG00000229348	7	1	6
ENSG00000242485	1241	690	703
ENSG00000264293	0	0	0
ENSG00000272455	146	55	91
ENSG00000225905	3	2	1
ENSG00000225285	15	10	5
ENSG00000179403	366	178	188
ENSG00000215915	19	8	11
ENSG00000236085	0	0	0
ENSG00000234441	0	0	0
ENSG00000227408	0	0	0
ENSG00000223635	0	0	0
ENSG00000135776	693	344	349
ENSG00000199672	3	1	2
ENSG00000201492	5	3	2
ENSG00000229367	0	0	0
ENSG00000135763	214	113	101
ENSG00000213028	0	0	0
ENSG00000225984	0	0	0
ENSG00000178828	459	298	319
ENSG00000235434	1	93	67
ENSG00000169914	591	300	291
ENSG00000188784	0	0	0
ENSG00000242688	0	0	0
ENSG00000177186	0	0	0
ENSG00000177174	0	0	0
ENSG00000269956	27	63	80
ENSG00000162456	2	0	2
ENSG00000079277	1003	553	566
ENSG00000117407	30	17	13
ENSG00000237950	86	32	55
ENSG00000117408	554	275	279
ENSG00000285649	3	24	37
ENSG00000117410	2151	1111	1043
ENSG00000159214	426	251	241
ENSG00000196517	210	145	131
ENSG00000227163	2	2	0
ENSG00000271647	0	0	1
ENSG00000239560	0	0	0
ENSG00000196539	0	0	0
ENSG00000229255	0	0	0
ENSG00000203661	0	0	0
ENSG00000271934	0	0	0
ENSG00000224521	0	0	1
ENSG00000227102	0	0	0
ENSG00000183310	0	0	0
ENSG00000201602	0	0	0
ENSG00000271701	0	0	0
ENSG00000189181	0	0	0
ENSG00000187238	0	0	0
ENSG00000185962	0	0	0
ENSG00000226947	0	0	0
ENSG00000285753	0	0	0
ENSG00000187223	0	0	0
ENSG00000159455	0	0	0
ENSG00000187173	0	0	0
ENSG00000204501	0	0	0
ENSG00000228229	0	0	0
ENSG00000204481	0	0	0
ENSG00000204479	0	0	0
ENSG00000172031	3	1	2
ENSG00000233228	0	0	0
ENSG00000224678	0	0	0
ENSG00000233401	1	1	0
ENSG00000273487	14	6	8
ENSG00000226773	0	0	0
ENSG00000274481	0	0	0
ENSG00000228594	34	26	8
ENSG00000286989	15	10	5
ENSG00000272106	200	114	117
ENSG00000189409	12	7	5
ENSG00000272004	0	66	65
ENSG00000189339	1998	1043	1086
ENSG00000269737	149	85	64
ENSG00000215914	2	1	1
ENSG00000008128	233	131	102
ENSG00000268575	121	114	91
ENSG00000227775	276	189	208
ENSG00000008130	2424	1221	1203
ENSG00000078369	4889	2366	2523
ENSG00000178821	25	12	13
ENSG00000158477	14	6	8
ENSG00000230942	0	0	0
ENSG00000158481	113	49	64
ENSG00000158485	2	1	1
ENSG00000158488	45	33	12
ENSG00000186306	0	0	0
ENSG00000203758	0	0	0
ENSG00000236257	0	0	0
ENSG00000236656	0	0	0
ENSG00000198703	0	0	0
ENSG00000227445	0	0	0
ENSG00000231434	0	0	0
ENSG00000117505	1512	744	799
ENSG00000229635	2	0	2
ENSG00000207379	0	0	0
ENSG00000212601	2	0	2
ENSG00000162889	1638	776	862
ENSG00000224114	19	7	12
ENSG00000199349	0	0	0
ENSG00000162892	5	32	30
ENSG00000162894	372	223	206
ENSG00000271680	7	5	2
ENSG00000226945	4	3	1
ENSG00000162896	165587	81375	84212
ENSG00000162897	71	41	30
ENSG00000182795	502	245	257
ENSG00000198890	503	240	263
ENSG00000224550	2	2	0
ENSG00000142669	1749	1047	1238
ENSG00000169442	311	229	301
ENSG00000225854	5	5	0
ENSG00000176083	19	10	9
ENSG00000229167	101	48	55
ENSG00000142910	2970	1548	1424
ENSG00000162517	933	546	522
ENSG00000235790	18	50	66
ENSG00000264078	0	0	0
ENSG00000241745	2	2	0
ENSG00000228407	4	0	4
ENSG00000223429	2	0	2
ENSG00000224255	4	1	3
ENSG00000236004	1	1	0
ENSG00000237663	0	0	0
ENSG00000213735	1	0	1
ENSG00000272100	3	35	65
ENSG00000287078	0	0	0
ENSG00000224680	3	2	1
ENSG00000085840	85	36	49
ENSG00000283445	9	4	5
ENSG00000272226	9	1	8
ENSG00000231740	0	0	0
ENSG00000143751	535	262	273
ENSG000002