N_unmapped	389312	389312	389312
N_multimapping	4189032	4189032	4189032
N_noFeature	8450005	23916079	23580962
N_ambiguous	2686607	698994	666063
ENSG00000160072	1104	510	594
ENSG00000234396	1	5	2
ENSG00000225972	16	4	12
ENSG00000224315	1	1	0
ENSG00000198744	73	46	27
ENSG00000279928	6	4	2
ENSG00000228037	20	5	15
ENSG00000142611	302	143	161
ENSG00000225630	24600	13961	10639
ENSG00000284616	0	0	0
ENSG00000157911	192	349	372
ENSG00000269896	54	28	26
ENSG00000237973	817	355	538
ENSG00000228463	5	3	3
ENSG00000260972	0	0	0
ENSG00000157933	3087	1544	1543
ENSG00000224340	1	0	1
ENSG00000226545	0	0	0
ENSG00000268663	0	0	0
ENSG00000226374	0	1	0
ENSG00000229280	0	0	0
ENSG00000142655	303	182	193
ENSG00000232596	0	0	0
ENSG00000235054	0	0	0
ENSG00000232663	0	0	0
ENSG00000240409	2	0	2
ENSG00000229344	33	21	18
ENSG00000231510	0	0	0
ENSG00000149527	257	114	143
ENSG00000284739	0	0	0
ENSG00000171621	1400	698	702
ENSG00000272235	15	7	8
ENSG00000284694	0	0	0
ENSG00000230021	2	21	48
ENSG00000287356	78	54	31
ENSG00000224387	1	0	1
ENSG00000285629	0	0	0
ENSG00000173673	0	0	0
ENSG00000142583	285	125	160
ENSG00000284674	0	0	0
ENSG00000272161	10	7	3
ENSG00000237094	100	53	47
ENSG00000224338	0	0	0
ENSG00000074800	11622	5801	5822
ENSG00000116786	2890	1659	1476
ENSG00000287727	13	4	9
ENSG00000228423	3	1	2
ENSG00000286448	0	0	1
ENSG00000131686	5	7	3
ENSG00000229305	0	0	0
ENSG00000284703	0	0	0
ENSG00000226457	5	2	3
ENSG00000173614	179	82	97
ENSG00000248527	26020	13191	12829
ENSG00000215720	6	1	5
ENSG00000241326	0	0	0
ENSG00000233623	5	2	3
ENSG00000162592	7	28	21
ENSG00000116254	140	60	80
ENSG00000233645	0	0	0
ENSG00000204624	6	4	8
ENSG00000142606	10	52	56
ENSG00000235146	0	1	0
ENSG00000225931	39	20	19
ENSG00000171729	237	117	127
ENSG00000279457	34	12	22
ENSG00000162571	48	21	27
ENSG00000229393	1	1	0
ENSG00000037637	860	443	417
ENSG00000287586	3	1	2
ENSG00000159423	262	147	115
ENSG00000142599	4786	1961	2828
ENSG00000227169	0	0	0
ENSG00000283356	0	0	0
ENSG00000011021	1235	637	665
ENSG00000142615	14	7	7
ENSG00000215704	8	9	10
ENSG00000157916	1672	1090	1111
ENSG00000157881	558	251	307
ENSG00000238290	6	2	4
ENSG00000225387	0	0	0
ENSG00000048707	3273	1568	1705
ENSG00000158748	18	7	11
ENSG00000225196	3	1	2
ENSG00000162444	104	47	57
ENSG00000279625	0	0	0
ENSG00000180758	288	126	162
ENSG00000184677	1900	923	977
ENSG00000230679	5	1	5
ENSG00000270136	0	0	0
ENSG00000288398	61	30	31
ENSG00000224621	4	3	1
ENSG00000285833	0	4	2
ENSG00000131697	381	188	195
ENSG00000284692	0	0	0
ENSG00000284745	0	0	0
ENSG00000280222	3	0	3
ENSG00000227634	1	1	0
ENSG00000285945	0	0	0
ENSG00000229162	12	7	5
ENSG00000197921	10	4	6
ENSG00000233755	0	0	0
ENSG00000233929	3	0	3
ENSG00000271742	5	1	4
ENSG00000226396	55	21	34
ENSG00000169504	11079	5599	5480
ENSG00000234166	0	21	9
ENSG00000235282	0	0	0
ENSG00000055070	2698	2036	1832
ENSG00000175087	244	105	139
ENSG00000157191	1714	873	842
ENSG00000284699	1	1	0
ENSG00000230035	0	0	0
ENSG00000235185	8	7	1
ENSG00000225643	9	2	7
ENSG00000284666	0	0	0
ENSG00000228943	1	1	0
ENSG00000234397	0	0	0
ENSG00000284309	0	0	0
ENSG00000162511	7097	5971	5946
ENSG00000158014	9	5	4
ENSG00000204138	1531	760	771
ENSG00000233419	0	0	0
ENSG00000235263	0	0	0
ENSG00000228176	0	0	0
ENSG00000231251	0	0	0
ENSG00000142675	200	105	95
ENSG00000197245	425	191	234
ENSG00000261025	2	0	2
ENSG00000116237	1579	790	874
ENSG00000130772	249	134	116
ENSG00000215899	0	0	0
ENSG00000271398	7	4	3
ENSG00000225011	0	0	0
ENSG00000235069	0	0	0
ENSG00000284676	0	0	0
ENSG00000237058	6	5	1
ENSG00000233399	4	2	2
ENSG00000090020	1450	741	709
ENSG00000157978	671	290	381
ENSG00000226944	3	5	3
ENSG00000270282	6	1	5
ENSG00000130770	970	570	792
ENSG00000229044	0	92	85
ENSG00000162512	2195	1075	1120
ENSG00000158006	324	159	165
ENSG00000214812	0	0	0
ENSG00000126698	2017	999	1018
ENSG00000229447	24	8	16
ENSG00000229607	0	0	0
ENSG00000130766	1090	584	506
ENSG00000168528	223	128	95
ENSG00000196581	17	11	6
ENSG00000169403	875	467	409
ENSG00000084628	3	0	3
ENSG00000060688	827	402	425
ENSG00000171612	465	220	245
ENSG00000270927	0	0	0
ENSG00000188910	76	34	42
ENSG00000230523	1	0	1
ENSG00000116138	563	288	309
ENSG00000158161	582	331	251
ENSG00000142684	0	147	169
ENSG00000234619	2	1	1
ENSG00000121769	96	46	53
ENSG00000142627	1101	529	572
ENSG00000284668	0	0	0
ENSG00000233234	0	0	0
ENSG00000142632	187	108	109
ENSG00000234593	1	0	1
ENSG00000158292	323	167	156
ENSG00000270605	71	28	43
ENSG00000189337	540	439	435
ENSG00000232912	23	12	14
ENSG00000235084	5	3	2
ENSG00000235143	0	0	0
ENSG00000225478	0	0	0
ENSG00000225077	7	37	25
ENSG00000028137	2847	1388	1459
ENSG00000238249	2	1	1
ENSG00000204464	8	3	5
ENSG00000233372	0	0	0
ENSG00000283259	0	0	0
ENSG00000284543	4	3	1
ENSG00000130939	1395	703	692
ENSG00000175147	44	186	199
ENSG00000127472	102	50	52
ENSG00000060656	402	212	190
ENSG00000163867	582	290	292
ENSG00000232768	2	0	2
ENSG00000230214	0	0	0
ENSG00000189280	3	3	0
ENSG00000134698	1211	620	591
ENSG00000134690	162	94	68
ENSG00000272420	12	3	9
ENSG00000132881	46	18	28
ENSG00000273274	0	0	0
ENSG00000116251	2612	1201	1424
ENSG00000272510	0	2	6
ENSG00000158286	334	188	194
ENSG00000236648	0	0	0
ENSG00000232273	43	18	25
ENSG00000009709	1	0	1
ENSG00000287396	0	0	0
ENSG00000223589	0	0	0
ENSG00000158008	32	13	19
ENSG00000130940	618	592	466
ENSG00000116771	141	84	83
ENSG00000237301	8	5	3
ENSG00000162585	585	401	358
ENSG00000163879	255	148	129
ENSG00000227527	8	3	5
ENSG00000116954	872	405	467
ENSG00000228589	51	49	2
ENSG00000163873	790	421	369
ENSG00000117215	136	80	56
ENSG00000196449	488	288	273
ENSG00000230163	0	14	29
ENSG00000227538	0	0	0
ENSG00000232208	2	0	2
ENSG00000236500	0	0	0
ENSG00000044012	5	4	1
ENSG00000179051	1945	1168	1132
ENSG00000215895	8	3	5
ENSG00000231868	1	1	0
ENSG00000284650	9	8	1
ENSG00000237329	8	5	3
ENSG00000236948	0	0	0
ENSG00000126067	1975	975	1000
ENSG00000274944	0	0	0
ENSG00000132906	536	263	284
ENSG00000197312	1326	660	666
ENSG00000284748	1	0	1
ENSG00000272078	151	275	316
ENSG00000173660	2573	1215	1358
ENSG00000224592	3	0	3
ENSG00000233728	0	16	29
ENSG00000230451	0	0	0
ENSG00000231606	7	5	2
ENSG00000215900	1	1	0
ENSG00000284632	0	0	0
ENSG00000241014	15	7	8
ENSG00000054118	3703	1835	1868
ENSG00000254553	0	0	0
ENSG00000284653	0	0	0
ENSG00000237749	2	2	0
ENSG00000276747	4	1	3
ENSG00000284705	0	0	0
ENSG00000228776	0	0	0
ENSG00000159339	34	20	14
ENSG00000223814	0	0	0
ENSG00000197982	402	161	314
ENSG00000261781	0	0	0
ENSG00000183317	51	25	26
ENSG00000183386	375	197	178
ENSG00000284743	0	0	0
ENSG00000158315	56	34	26
ENSG00000204084	1313	755	750
ENSG00000186973	0	0	0
ENSG00000271806	13	29	21
ENSG00000146463	1785	912	1021
ENSG00000279214	2	1	1
ENSG00000183520	937	453	484
ENSG00000271741	0	0	0
ENSG00000214141	1	0	1
ENSG00000142686	451	230	221
ENSG00000224751	3	1	2
ENSG00000279096	2	2	0
ENSG00000117148	0	0	0
ENSG00000230585	10	6	5
ENSG00000117000	4369	2114	2255
ENSG00000284989	0	0	0
ENSG00000231630	0	0	0
ENSG00000092853	219	113	127
ENSG00000255811	0	1	0
ENSG00000134697	1732	813	941
ENSG00000187513	743	337	406
ENSG00000238145	0	0	0
ENSG00000225142	0	0	0
ENSG00000230138	6	2	4
ENSG00000223390	4	35	48
ENSG00000285823	0	0	0
ENSG00000284720	0	0	0
ENSG00000225028	7	2	5
ENSG00000225671	0	0	0
ENSG00000116151	110	58	59
ENSG00000226147	0	0	0
ENSG00000182873	57	30	37
ENSG00000006555	106	49	57
ENSG00000236111	1	0	1
ENSG00000066056	1492	755	737
ENSG00000214114	392	180	212
ENSG00000173436	456	159	315
ENSG00000116544	27	13	14
ENSG00000231900	1	1	0
ENSG00000236723	2	64	89
ENSG00000232467	2	1	1
ENSG00000117016	237	113	124
ENSG00000121310	1900	918	983
ENSG00000169213	535	261	274
ENSG00000163866	1024	506	561
ENSG00000225779	0	0	0
ENSG00000284601	0	0	0
ENSG00000237130	0	0	0
ENSG00000143001	2	1	2
ENSG00000229716	0	0	0
ENSG00000226133	4	0	4
ENSG00000227416	0	0	0
ENSG00000232335	2	8	15
ENSG00000260971	15	10	6
ENSG00000259832	0	0	0
ENSG00000284696	0	0	0
ENSG00000238242	0	0	0
ENSG00000285839	0	0	0
ENSG00000237290	0	0	0
ENSG00000232762	6	2	4
ENSG00000117419	546	293	253
ENSG00000162384	1043	543	545
ENSG00000162391	14	23	22
ENSG00000174348	1643	1078	952
ENSG00000154198	1	1	0
ENSG00000117859	2209	1099	1130
ENSG00000228121	0	0	0
ENSG00000253313	20	13	7
ENSG00000162396	28	11	17
ENSG00000203995	91	31	63
ENSG00000227742	6	5	1
ENSG00000284686	16	10	6
ENSG00000162378	1126	580	546
ENSG00000233079	1	1	0
ENSG00000259818	11	4	7
ENSG00000229444	0	0	1
ENSG00000240563	73	39	34
ENSG00000234318	0	0	0
ENSG00000284773	21	13	8
ENSG00000234481	0	0	0
ENSG00000117862	160	111	50
ENSG00000235612	0	0	1
ENSG00000228369	6	3	3
ENSG00000183431	1798	816	982
ENSG00000227485	0	0	0
ENSG00000224609	30	17	13
ENSG00000235545	4	0	4
ENSG00000236646	0	0	0
ENSG00000169174	76	36	40
ENSG00000232198	1	1	0
ENSG00000238063	6	2	4
ENSG00000227104	0	0	0
ENSG00000243725	40	35	5
ENSG00000171872	3	1	2
ENSG00000162407	6487	3208	3279
ENSG00000285079	1	1	0
ENSG00000169218	65	22	43
ENSG00000163877	1003	479	524
ENSG00000228929	10	4	6
ENSG00000224570	5	4	1
ENSG00000224980	0	0	0
ENSG00000278967	3	2	1
ENSG00000157184	155	206	145
ENSG00000272491	13	27	16
ENSG00000198815	2638	1317	1321
ENSG00000134744	2240	1103	1137
ENSG00000233910	0	0	0
ENSG00000287703	0	0	0
ENSG00000283039	0	0	0
ENSG00000229032	0	0	0
ENSG00000229294	0	0	0
ENSG00000232993	0	212	162
ENSG00000234088	0	0	0
ENSG00000236973	1	1	0
ENSG00000227947	0	0	0
ENSG00000277397	0	0	0
ENSG00000271200	5	3	3
ENSG00000235446	0	0	0
ENSG00000261196	0	0	0
ENSG00000162385	771	312	459
ENSG00000231413	1	0	1
ENSG00000234264	1	1	0
ENSG00000242391	3	4	1
ENSG00000223883	0	0	0
ENSG00000284808	2	1	1
ENSG00000242267	15	13	2
ENSG00000237227	0	0	0
ENSG00000275350	0	0	0
ENSG00000116652	18	11	13
ENSG00000123080	303	142	166
ENSG00000285778	0	0	0
ENSG00000077549	7300	3738	3581
ENSG00000233407	0	0	0
ENSG00000225675	2	0	2
ENSG00000237622	0	0	0
ENSG00000162598	0	0	0
ENSG00000280317	0	0	0
ENSG00000162415	103	60	44
ENSG00000162600	354	147	207
ENSG00000116704	995	488	507
ENSG00000227644	0	1	10
ENSG00000157193	406	248	267
ENSG00000116205	356	185	183
ENSG00000198841	134	68	66
ENSG00000116212	367	183	184
ENSG00000234204	0	0	0
ENSG00000233099	0	0	0
ENSG00000233994	5	2	3
ENSG00000237180	0	0	0
ENSG00000213561	17	4	13
ENSG00000233973	0	0	0
ENSG00000237552	0	0	0
ENSG00000132854	7	5	2
ENSG00000227556	0	0	0
ENSG00000162616	2100	1124	976
ENSG00000162607	1350	636	714
ENSG00000233602	5	3	2
ENSG00000233271	0	1	0
ENSG00000285954	1	0	1
ENSG00000233333	0	0	0
ENSG00000154027	72	32	40
ENSG00000234108	0	0	0
ENSG00000232676	0	0	0
ENSG00000225167	0	0	0
ENSG00000132122	307	141	166
ENSG00000213579	1	0	1
ENSG00000137960	293	145	148
ENSG00000237852	0	0	0
ENSG00000116745	12	6	6
ENSG00000132855	7	3	4
ENSG00000285407	0	0	0
ENSG00000272855	2	2	0
ENSG00000270549	1	1	0
ENSG00000237163	0	0	0
ENSG00000229636	0	0	0
ENSG00000116675	205	92	113
ENSG00000162433	301	136	165
ENSG00000213625	3441	1650	1791
ENSG00000227207	0	0	0
ENSG00000227016	0	0	0
ENSG00000233664	0	0	0
ENSG00000158966	676	345	331
ENSG00000213703	0	0	0
ENSG00000203965	191	86	111
ENSG00000223479	0	0	0
ENSG00000233674	0	0	0
ENSG00000153898	797	411	386
ENSG00000117069	372	176	196
ENSG00000125703	354	156	198
ENSG00000285041	1	0	1
ENSG00000285808	0	0	0
ENSG00000229440	0	0	0
ENSG00000234144	0	0	0
ENSG00000213540	1	0	1
ENSG00000277670	0	0	0
ENSG00000227466	0	0	0
ENSG00000154007	0	0	0
ENSG00000230498	11	4	7
ENSG00000285782	2	2	0
ENSG00000162618	2508	1245	1263
ENSG00000224493	0	0	0
ENSG00000131233	4	1	3
ENSG00000272371	4	4	0
ENSG00000287647	2	0	2
ENSG00000229225	0	0	0
ENSG00000230863	0	0	0
ENSG00000213560	4	1	3
ENSG00000287224	0	0	0
ENSG00000225598	0	0	0
ENSG00000286455	0	0	0
ENSG00000225087	3	3	0
ENSG00000224986	1	1	0
ENSG00000280378	22	15	7
ENSG00000188786	896	442	454
ENSG00000230053	0	0	0
ENSG00000137941	727	349	378
ENSG00000273338	57	27	30
ENSG00000223720	6	1	5
ENSG00000224326	0	0	0
ENSG00000286548	36	17	19
ENSG00000066135	448	270	350
ENSG00000230027	0	0	0
ENSG00000233061	22	14	8
ENSG00000272094	4	0	4
ENSG00000228853	0	0	0
ENSG00000215874	1	0	1
ENSG00000232453	25	15	10
ENSG00000260386	0	0	0
ENSG00000284895	0	0	0
ENSG00000117174	757	325	432
ENSG00000237413	7	5	2
ENSG00000184313	32	12	20
ENSG00000284645	0	0	0
ENSG00000225605	0	0	0
ENSG00000225446	7	1	6
ENSG00000288543	9	2	7
ENSG00000122420	511	262	249
ENSG00000284240	5	3	2
ENSG00000236290	0	0	0
ENSG00000143013	1335	687	648
ENSG00000226084	5	0	5
ENSG00000134748	1249	627	622
ENSG00000142892	1105	559	546
ENSG00000219102	5	3	2
ENSG00000184005	342	168	174
ENSG00000230953	37	15	22
ENSG00000287743	1	0	1
ENSG00000229332	0	0	0
ENSG00000227937	0	0	0
ENSG00000229752	0	0	0
ENSG00000237505	10	5	5
ENSG00000285462	0	0	0
ENSG00000233216	1	0	1
ENSG00000197273	14	2	12
ENSG00000226804	0	0	0
ENSG00000285325	0	0	0
ENSG00000230728	2	2	0
ENSG00000162402	3940	1999	1941
ENSG00000232846	2	2	0
ENSG00000219201	2	1	1
ENSG00000230787	1	1	0
ENSG00000116641	1302	652	650
ENSG00000235927	23	37	59
ENSG00000223920	0	0	0
ENSG00000237453	2	1	1
ENSG00000172260	1775	867	917
ENSG00000285473	0	0	0
ENSG00000237959	0	0	0
ENSG00000231364	3	0	3
ENSG00000234578	0	2	2
ENSG00000117480	220	102	118
ENSG00000137944	771	381	390
ENSG00000229505	0	0	0
ENSG00000228187	0	0	0
ENSG00000285201	0	0	0
ENSG00000182183	73	26	47
ENSG00000236407	0	0	0
ENSG00000271949	0	0	0
ENSG00000227062	0	0	0
ENSG00000067334	3750	1868	1882
ENSG00000235011	0	0	0
ENSG00000235673	6	3	3
ENSG00000226938	0	0	0
ENSG00000213559	0	0	0
ENSG00000287587	0	0	0
ENSG00000142949	982	513	469
ENSG00000116133	1212	671	712
ENSG00000232882	15	9	6
ENSG00000171502	50	16	34
ENSG00000162399	1	0	1
ENSG00000116157	212	112	100
ENSG00000143036	225	102	123
ENSG00000232672	0	0	0
ENSG00000230817	1	1	0
ENSG00000235613	8	4	4
ENSG00000065243	1830	909	921
ENSG00000226759	0	0	0
ENSG00000226960	0	0	0
ENSG00000234080	1	1	0
ENSG00000237899	3	0	3
ENSG00000225492	637	310	327
ENSG00000223905	0	0	0
ENSG00000227290	2	2	0
ENSG00000229486	0	0	0
ENSG00000282898	0	0	0
ENSG00000285409	0	0	0
ENSG00000231090	4	3	1
ENSG00000117528	923	463	460
ENSG00000271723	0	0	0
ENSG00000172339	255	96	159
ENSG00000036549	1212	603	609
ENSG00000287724	1	40	38
ENSG00000058799	578	273	305
ENSG00000225191	0	0	0
ENSG00000287870	0	0	0
ENSG00000235563	3	3	1
ENSG00000232048	0	0	0
ENSG00000232857	0	0	0
ENSG00000273637	0	0	0
ENSG00000203985	0	0	0
ENSG00000228838	4	3	8
ENSG00000283761	60	38	22
ENSG00000189433	2	2	1
ENSG00000230759	0	0	0
ENSG00000231866	0	0	0
ENSG00000179178	54	23	34
ENSG00000142700	0	0	0
ENSG00000285525	0	0	0
ENSG00000236098	1	0	1
ENSG00000233514	0	0	0
ENSG00000127124	578	258	320
ENSG00000266993	51	53	47
ENSG00000223675	1	0	1
ENSG00000162604	567	265	302
ENSG00000229316	0	0	0
ENSG00000116171	2675	1304	1377
ENSG00000287406	0	0	0
ENSG00000225767	18	6	12
ENSG00000234099	2	1	1
ENSG00000137936	409	194	241
ENSG00000235308	1	0	1
ENSG00000232752	0	0	0
ENSG00000235829	6	5	1
ENSG00000143032	0	0	0
ENSG00000226745	1	0	1
ENSG00000178028	1233	655	578
ENSG00000280040	0	0	0
ENSG00000168710	2574	1267	1307
ENSG00000117519	6487	3193	3294
ENSG00000270507	0	0	0
ENSG00000238037	0	0	0
ENSG00000215869	0	0	0
ENSG00000134215	629	290	339
ENSG00000227935	0	0	0
ENSG00000229887	0	0	0
ENSG00000228502	19	10	9
ENSG00000236268	1	0	1
ENSG00000271277	0	0	0
ENSG00000236888	0	0	0
ENSG00000279778	4	1	3
ENSG00000232015	3	1	2
ENSG00000230955	0	103	89
ENSG00000230828	0	0	0
ENSG00000188641	1570	808	841
ENSG00000152078	166	89	77
ENSG00000237279	2	2	0
ENSG00000233359	1	0	1
ENSG00000237954	0	0	0
ENSG00000185668	27	14	13
ENSG00000171492	568	263	305
ENSG00000233129	0	0	0
ENSG00000170989	3728	1876	1852
ENSG00000258634	161	102	125
ENSG00000233557	0	0	0
ENSG00000237897	0	0	0
ENSG00000116299	255	121	134
ENSG00000137962	2931	1427	1504
ENSG00000227832	0	0	0
ENSG00000286692	0	0	0
ENSG00000260464	16	13	4
ENSG00000237435	0	0	0
ENSG00000231996	1	0	1
ENSG00000273204	8	27	28
ENSG00000079739	719	397	382
ENSG00000117154	8	3	5
ENSG00000162377	304	149	155
ENSG00000224613	1	0	1
ENSG00000215871	0	0	0
ENSG00000287372	0	0	0
ENSG00000232542	1	0	1
ENSG00000231095	1	1	0
ENSG00000116774	1750	867	883
ENSG00000287756	12	6	6
ENSG00000269113	362	182	180
ENSG00000284652	7	0	7
ENSG00000023909	956	502	454
ENSG00000069702	3423	1795	1628
ENSG00000232185	0	0	0
ENSG00000230489	2	2	0
ENSG00000228399	7	7	0
ENSG00000236776	27	13	14
ENSG00000285928	61	21	40
ENSG00000224685	0	0	0
ENSG00000287076	0	0	0
ENSG00000237480	0	0	0
ENSG00000271252	0	0	0
ENSG00000230427	0	0	0
ENSG00000235794	0	0	0
ENSG00000286758	2	2	0
ENSG00000237337	0	0	0
ENSG00000233983	0	0	0
ENSG00000198198	2540	1748	1757
ENSG00000225183	1	0	1
ENSG00000230402	0	0	0
ENSG00000116793	925	456	469
ENSG00000134201	190	95	95
ENSG00000238122	0	0	0
ENSG00000260879	0	25	49
ENSG00000213366	1210	641	569
ENSG00000230864	0	0	0
ENSG00000283354	0	0	0
ENSG00000232918	0	0	0
ENSG00000236360	0	3	3
ENSG00000183298	0	1	1
ENSG00000234332	35	7	28
ENSG00000117525	2788	1382	1406
ENSG00000225079	23	10	13
ENSG00000226483	0	0	0
ENSG00000224238	10	7	3
ENSG00000229537	0	0	0
ENSG00000162699	3	0	3
ENSG00000162692	3864	1916	1948
ENSG00000203914	6	1	5
ENSG00000270457	2	1	1
ENSG00000203858	0	0	0
ENSG00000231987	0	0	0
ENSG00000228057	7	7	0
ENSG00000261593	0	0	0
ENSG00000224445	0	0	0
ENSG00000229842	0	0	0
ENSG00000270631	0	0	0
ENSG00000229201	0	0	0
ENSG00000181656	22	7	15
ENSG00000122481	73	48	25
ENSG00000198162	2221	1079	1142
ENSG00000238198	25	14	11
ENSG00000171517	38	17	21
ENSG00000228852	10	4	6
ENSG00000203864	0	0	0
ENSG00000233482	0	0	0
ENSG00000230250	0	0	0
ENSG00000232878	1	38	42
ENSG00000143079	1446	730	716
ENSG00000232450	11	7	4
ENSG00000223575	1	0	1
ENSG00000230768	0	0	0
ENSG00000235202	0	0	0
ENSG00000272715	1	0	1
ENSG00000235038	0	0	0
ENSG00000143093	1165	612	553
ENSG00000226415	14	3	11
ENSG00000085491	834	470	451
ENSG00000173947	78	39	39
ENSG00000241361	1	1	0
ENSG00000230434	0	0	0
ENSG00000230718	0	0	0
ENSG00000134198	986	485	501
ENSG00000235595	0	0	0
ENSG00000226053	1	0	1
ENSG00000226128	0	0	0
ENSG00000198799	814	430	463
ENSG00000279513	4	3	1
ENSG00000117620	1015	501	524
ENSG00000280186	4	1	3
ENSG00000223906	0	0	0
ENSG00000162688	1105	582	523
ENSG00000197106	17	10	7
ENSG00000259946	0	0	0
ENSG00000236137	10	13	21
ENSG00000203859	1	0	1
ENSG00000228086	2	66	58
ENSG00000213421	0	0	0
ENSG00000234020	0	0	0
ENSG00000060718	30	15	15
ENSG00000236804	5	3	2
ENSG00000231072	0	0	0
ENSG00000273406	0	0	0
ENSG00000185946	699	345	354
ENSG00000162627	403	175	228
ENSG00000226715	10	7	5
ENSG00000162695	1359	716	643
ENSG00000134184	2	2	4
ENSG00000265808	1366	666	700
ENSG00000261290	0	0	0
ENSG00000225923	0	0	0
ENSG00000134247	1842	911	931
ENSG00000187481	0	0	0
ENSG00000116752	1395	581	814
ENSG00000162664	1676	866	810
ENSG00000236866	2	0	2
ENSG00000134253	96	48	48
ENSG00000277655	0	0	0
ENSG00000223416	0	0	0
ENSG00000213226	0	0	0
ENSG00000179571	10	1	9
ENSG00000227850	0	0	0
ENSG00000243967	0	0	0
ENSG00000235777	1	1	0
ENSG00000260246	0	2	2
ENSG00000173218	482	239	243
ENSG00000285532	5	1	4
ENSG00000226755	0	0	0
ENSG00000232650	0	0	0
ENSG00000183508	8036	3979	4060
ENSG00000277095	0	0	0
ENSG00000236806	1	1	0
ENSG00000234283	1	1	0
ENSG00000237188	5	3	2
ENSG00000232780	0	0	0
ENSG00000274927	0	0	0
ENSG00000264145	0	0	0
ENSG00000238256	0	0	0
ENSG00000198765	0	0	0
ENSG00000224335	0	0	0
ENSG00000277702	9	4	5
ENSG00000143398	1527	810	717
ENSG00000196505	473	221	255
ENSG00000225871	12	16	10
ENSG00000223489	1	0	1
ENSG00000230546	0	0	0
ENSG00000213262	17	10	7
ENSG00000287015	2	1	1
ENSG00000241720	2	42	27
ENSG00000235526	0	0	0
ENSG00000228347	0	0	0
ENSG00000276975	46	25	21
ENSG00000236012	0	0	0
ENSG00000270911	15	5	10
ENSG00000272824	0	0	0
ENSG00000134200	1	1	0
ENSG00000234257	0	0	0
ENSG00000065183	639	352	347
ENSG00000227082	13	10	6
ENSG00000228626	0	0	0
ENSG00000226126	0	0	0
ENSG00000163393	182	90	92
ENSG00000163156	522	240	284
ENSG00000143631	41	33	23
ENSG00000156150	0	45	21
ENSG00000228453	0	0	0
ENSG00000274642	6	0	6
ENSG00000177551	0	0	0
ENSG00000197323	2045	994	1051
ENSG00000237975	44	24	37
ENSG00000261168	14	4	10
ENSG00000287980	0	0	0
ENSG00000229283	0	0	0
ENSG00000271419	0	0	0
ENSG00000226172	0	0	0
ENSG00000079335	1533	779	876
ENSG00000143119	4590	2131	2459
ENSG00000237278	0	44	35
ENSG00000285062	0	0	0
ENSG00000233432	0	0	0
ENSG00000227700	0	0	0
ENSG00000229911	0	0	0
ENSG00000143520	2	2	0
ENSG00000171943	262	135	134
ENSG00000270719	0	0	0
ENSG00000155761	13	38	35
ENSG00000230806	2	1	4
ENSG00000116830	614	316	298
ENSG00000234422	0	0	0
ENSG00000227056	2	2	0
ENSG00000143614	1342	665	677
ENSG00000227091	0	0	0
ENSG00000169418	656	338	318
ENSG00000214204	0	0	0
ENSG00000081026	476	220	256
ENSG00000225650	2	2	0
ENSG00000227179	0	0	0
ENSG00000224965	4	1	3
ENSG00000228127	0	0	0
ENSG00000226984	4	3	1
ENSG00000186150	4	2	2
ENSG00000143554	532	250	282
ENSG00000143458	934	429	505
ENSG00000230932	0	0	0
ENSG00000073754	4	2	2
ENSG00000228826	0	0	0
ENSG00000233907	0	0	0
ENSG00000225036	0	0	0
ENSG00000228420	0	0	0
ENSG00000233839	0	0	0
ENSG00000250890	0	0	0
ENSG00000232240	0	0	0
ENSG00000280649	49	31	24
ENSG00000131781	133	84	66
ENSG00000223599	14	10	4
ENSG00000230921	0	0	0
ENSG00000286151	4	4	0
ENSG00000234388	0	0	0
ENSG00000235015	0	0	0
ENSG00000271736	0	0	0
ENSG00000235988	0	0	0
ENSG00000233717	0	0	0
ENSG00000231551	82	50	32
ENSG00000227295	17	11	6
ENSG00000163155	111	48	64
ENSG00000243613	0	32	45
ENSG00000241975	44	23	21
ENSG00000271143	0	0	0
ENSG00000270976	0	0	0
ENSG00000228217	2	0	2
ENSG00000270342	0	0	0
ENSG00000143552	61	27	34
ENSG00000175984	226	94	132
ENSG00000231100	0	0	0
ENSG00000116824	2258	1162	1096
ENSG00000235887	0	0	0
ENSG00000237460	0	0	0
ENSG00000236327	4	2	2
ENSG00000223804	37	19	18
ENSG00000236887	0	0	0
ENSG00000024526	72	43	34
ENSG00000236480	3	2	1
ENSG00000235756	0	0	0
ENSG00000173810	1	0	1
ENSG00000235005	0	0	0
ENSG00000271890	0	0	0
ENSG00000238107	0	0	0
ENSG00000227425	0	0	0
ENSG00000233222	0	20	24
ENSG00000225279	4	1	3
ENSG00000229101	0	0	0
ENSG00000224927	0	0	0
ENSG00000239216	0	0	0
ENSG00000283360	9	5	4
ENSG00000117262	143	60	83
ENSG00000227907	0	0	0
ENSG00000143624	2703	1498	1388
ENSG00000227970	0	0	0
ENSG00000261055	6	2	4
ENSG00000231613	2	0	2
ENSG00000137947	1556	751	805
ENSG00000236689	0	0	0
ENSG00000233589	0	1	4
ENSG00000117586	104	43	61
ENSG00000230946	18	2	16
ENSG00000226028	0	0	0
ENSG00000162728	10	6	4
ENSG00000229021	11	3	8
ENSG00000203825	0	0	0
ENSG00000184371	6864	3521	3343
ENSG00000233449	0	0	0
ENSG00000242943	0	0	0
ENSG00000233203	0	0	0
ENSG00000232499	9	0	9
ENSG00000232265	3	3	2
ENSG00000163154	105	50	55
ENSG00000232995	18	8	10
ENSG00000236957	0	0	0
ENSG00000238087	0	0	0
ENSG00000227777	4	1	5
ENSG00000177173	106	54	52
ENSG00000277406	43	25	18
ENSG00000238022	0	0	0
ENSG00000231671	0	0	0
ENSG00000162729	538	284	254
ENSG00000143158	762	461	625
ENSG00000271092	1	1	0
ENSG00000238118	0	0	0
ENSG00000276118	0	0	0
ENSG00000232148	0	0	0
ENSG00000278811	39	45	46
ENSG00000000460	191	195	212
ENSG00000188859	93	47	52
ENSG00000275075	0	0	0
ENSG00000135862	12380	6252	6128
ENSG00000232952	2	1	1
ENSG00000158473	401	179	222
ENSG00000227722	0	0	0
ENSG00000285922	0	0	0
ENSG00000275801	5	1	4
ENSG00000143198	1427	703	724
ENSG00000143318	34	18	16
ENSG00000232188	0	0	0
ENSG00000232212	0	0	0
ENSG00000143621	3902	1983	1922
ENSG00000241042	0	0	0
ENSG00000143155	959	415	544
ENSG00000260322	0	0	0
ENSG00000223495	0	0	0
ENSG00000143156	206	182	124
ENSG00000198771	2099	1104	1057
ENSG00000225462	1	1	0
ENSG00000237756	1	1	0
ENSG00000116147	64	36	28
ENSG00000213064	3329	1887	1884
ENSG00000203307	4	3	1
ENSG00000143179	410	266	265
ENSG00000271187	0	0	0
ENSG00000274562	1	1	0
ENSG00000143315	340	167	173
ENSG00000116199	1645	774	872
ENSG00000231175	0	0	0
ENSG00000143185	20	14	8
ENSG00000235145	12	9	3
ENSG00000116260	4480	2240	2240
ENSG00000272931	6	2	4
ENSG00000143190	1330	715	740
ENSG00000225475	1	0	1
ENSG00000230898	0	0	0
ENSG00000232223	0	0	0
ENSG00000224698	0	0	0
ENSG00000287697	27	17	30
ENSG00000075945	755	378	421
ENSG00000235303	1	0	1
ENSG00000234810	16	5	11
ENSG00000232750	4	1	3
ENSG00000224468	41	23	18
ENSG00000235628	0	0	0
ENSG00000232551	0	0	0
ENSG00000092607	4	0	4
ENSG00000238270	0	0	0
ENSG00000285894	0	0	0
ENSG00000236025	0	0	0
ENSG00000230687	0	0	0
ENSG00000230704	0	0	0
ENSG00000283255	0	0	0
ENSG00000227741	88	239	261
ENSG00000237049	1	1	0
ENSG00000286754	0	0	0
ENSG00000232751	0	0	0
ENSG00000236364	29	65	68
ENSG00000117091	1469	1290	1354
ENSG00000235378	0	0	0
ENSG00000143171	137	56	81
ENSG00000275767	0	0	0
ENSG00000224718	0	0	0
ENSG00000047410	5219	2692	2798
ENSG00000231992	2	0	2
ENSG00000018625	810	410	400
ENSG00000171806	94	48	56
ENSG00000287919	0	0	0
ENSG00000229914	0	0	0
ENSG00000233882	0	0	0
ENSG00000198358	0	1	1
ENSG00000229407	10	6	5
ENSG00000134216	0	0	0
ENSG00000230748	0	0	0
ENSG00000254154	20	9	11
ENSG00000162694	483	257	273
ENSG00000238108	0	0	0
ENSG00000214262	0	243	199
ENSG00000183853	2950	1493	1457
ENSG00000215835	8	4	4
ENSG00000118197	670	313	359
ENSG00000135842	2806	1398	1408
ENSG00000229258	2	1	6
ENSG00000287472	0	0	0
ENSG00000241318	2	1	1
ENSG00000228238	3	2	1
ENSG00000232393	0	0	0
ENSG00000121454	72	64	66
ENSG00000184155	0	0	0
ENSG00000058085	526	282	244
ENSG00000260088	0	1	1
ENSG00000287978	294	157	137
ENSG00000116815	576	275	301
ENSG00000232917	0	0	0
ENSG00000233057	11	4	7
ENSG00000237131	0	0	0
ENSG00000233946	0	0	0
ENSG00000143167	239	112	127
ENSG00000143184	34	22	12
ENSG00000231966	3	0	3
ENSG00000176320	1	0	1
ENSG00000260976	0	0	0
ENSG00000235215	2	1	1
ENSG00000223450	4	3	1
ENSG00000224691	2	1	1
ENSG00000286572	4	3	1
ENSG00000235101	12	8	4
ENSG00000228215	0	0	0
ENSG00000177807	36	20	16
ENSG00000233626	0	0	0
ENSG00000233691	0	0	0
ENSG00000283518	0	0	0
ENSG00000271527	0	0	0
ENSG00000143228	164	83	81
ENSG00000235827	0	0	0
ENSG00000231615	5	2	3
ENSG00000231714	0	0	0
ENSG00000174514	130	75	80
ENSG00000143178	141	61	80
ENSG00000224837	0	0	0
ENSG00000116833	410	197	213
ENSG00000227740	27	20	9
ENSG00000260990	5	1	4
ENSG00000000457	403	311	298
ENSG00000143507	1076	508	568
ENSG00000285638	0	0	0
ENSG00000226520	5	3	2
ENSG00000284592	0	0	0
ENSG00000230987	0	0	0
ENSG00000232527	0	0	0
ENSG00000215833	0	0	0
ENSG00000228167	0	0	0
ENSG00000225325	0	0	0
ENSG00000223344	2	2	0
ENSG00000228191	0	0	0
ENSG00000229961	5	1	4
ENSG00000150732	0	0	0
ENSG00000157064	122	67	65
ENSG00000288139	3	3	0
ENSG00000226015	25	13	12
ENSG00000215808	3	1	2
ENSG00000059588	2120	1101	1019
ENSG00000231512	0	0	0
ENSG00000237379	1	1	0
ENSG00000232959	0	29	15
ENSG00000122224	1280	614	666
ENSG00000162782	3	3	0
ENSG00000238051	0	0	0
ENSG00000233196	2	2	0
ENSG00000229220	2	1	1
ENSG00000143653	868	407	461
ENSG00000135837	2925	1402	1524
ENSG00000158711	2754	1395	1391
ENSG00000227747	0	0	0
ENSG00000228081	1	1	0
ENSG00000228020	0	0	0
ENSG00000234975	88	60	28
ENSG00000162851	562	260	302
ENSG00000271427	1	0	1
ENSG00000261817	0	0	0
ENSG00000143353	260	147	142
ENSG00000197965	2910	1379	1531
ENSG00000143493	395	200	195
ENSG00000230777	2	0	4
ENSG00000179397	63	31	32
ENSG00000224540	0	0	0
ENSG00000117592	3023	1492	1531
ENSG00000186197	27	10	17
ENSG00000229067	0	0	0
ENSG00000230231	1	0	1
ENSG00000227711	0	0	0
ENSG00000261182	0	0	0
ENSG00000228879	2	1	1
ENSG00000227925	0	0	0
ENSG00000162670	21	11	12
ENSG00000225712	0	0	0
ENSG00000162761	2	0	2
ENSG00000143199	12	9	3
ENSG00000179930	0	0	0
ENSG00000007908	4905	2485	2420
ENSG00000092978	473	231	242
ENSG00000143499	581	270	311
ENSG00000188404	2445	1184	1261
ENSG00000227735	0	0	0
ENSG00000243062	0	0	0
ENSG00000143196	140	86	54
ENSG00000228504	0	0	0
ENSG00000274702	0	0	0
ENSG00000226211	0	0	0
ENSG00000236942	16	12	11
ENSG00000287205	3	0	3
ENSG00000203697	149	65	84
ENSG00000116574	938	468	470
ENSG00000287929	2	4	8
ENSG00000186283	2796	1410	1386
ENSG00000224896	0	0	0
ENSG00000226292	0	0	0
ENSG00000121481	467	234	233
ENSG00000227940	0	0	0
ENSG00000117139	2609	1241	1369
ENSG00000143248	26762	13641	13122
ENSG00000278455	0	0	0
ENSG00000224810	0	0	0
ENSG00000162814	6	3	3
ENSG00000225172	4	2	2
ENSG00000261642	0	0	0
ENSG00000228239	0	0	0
ENSG00000237283	0	0	0
ENSG00000116132	1049	500	549
ENSG00000238042	0	0	0
ENSG00000271475	0	0	0
ENSG00000231877	0	0	0
ENSG00000116679	8388	4128	4260
ENSG00000228536	8	2	6
ENSG00000230550	7	5	10
ENSG00000229242	0	0	0
ENSG00000253326	8	5	3
ENSG00000228470	2	0	2
ENSG00000152092	78	39	39
ENSG00000234984	0	0	0
ENSG00000231648	0	0	0
ENSG00000229983	1	0	1
ENSG00000215149	0	0	0
ENSG00000225122	0	0	0
ENSG00000225920	14	7	7
ENSG00000143476	241	111	130
ENSG00000121486	492	240	252
ENSG00000228437	0	0	0
ENSG00000214837	17	12	5
ENSG00000057252	1608	812	796
ENSG00000225982	0	0	0
ENSG00000285718	0	0	0
ENSG00000234070	0	0	0
ENSG00000233620	0	0	0
ENSG00000237783	0	0	0
ENSG00000272906	11	69	56
ENSG00000233018	1	1	0
ENSG00000123685	377	161	216
ENSG00000224783	0	0	0
ENSG00000162852	1780	898	882
ENSG00000232792	2	1	1
ENSG00000273004	9	3	6
ENSG00000143842	971	507	464
ENSG00000268062	0	0	0
ENSG00000237409	0	0	0
ENSG00000116962	6843	3303	3540
ENSG00000288078	0	0	0
ENSG00000271399	0	0	0
ENSG00000229757	0	0	0
ENSG00000232679	0	0	0
ENSG00000159388	20541	10151	10390
ENSG00000220749	7	3	4
ENSG00000181450	198	98	100
ENSG00000223519	22	19	23
ENSG00000120333	530	286	273
ENSG00000286285	29	7	22
ENSG00000225300	14	12	2
ENSG00000223842	2	0	2
ENSG00000162753	5	0	5
ENSG00000228247	0	0	0
ENSG00000231424	9	6	3
ENSG00000143355	0	0	0
ENSG00000287177	0	0	0
ENSG00000237193	0	0	0
ENSG00000223490	0	0	0
ENSG00000121644	1611	798	813
ENSG00000174502	3	2	1
ENSG00000224286	0	0	0
ENSG00000158715	261	137	124
ENSG00000143195	78	41	37
ENSG00000162849	123	71	52
ENSG00000232824	7	2	5
ENSG00000273416	9	7	2
ENSG00000234142	6	1	5
ENSG00000282111	0	0	0
ENSG00000233410	1	0	1
ENSG00000067533	719	357	362
ENSG00000228955	28	16	12
ENSG00000270443	0	0	0
ENSG00000116209	5439	2824	2615
ENSG00000224702	0	0	0
ENSG00000271811	16	4	12
ENSG00000224278	0	0	0
ENSG00000235492	0	0	0
ENSG00000287808	18	24	187
ENSG00000271588	0	0	0
ENSG00000229840	0	0	0
ENSG00000116161	1727	860	916
ENSG00000226486	0	0	0
ENSG00000227687	0	0	0
ENSG00000231814	0	0	0
ENSG00000286210	0	0	0
ENSG00000287364	4	1	3
ENSG00000225063	4	1	3
ENSG00000260698	30	15	15
ENSG00000277007	11	8	3
ENSG00000229016	2	1	1
ENSG00000077157	7542	3717	3898
ENSG00000152104	1045	468	581
ENSG00000236975	0	0	0
ENSG00000215834	0	0	0
ENSG00000286541	0	0	0
ENSG00000117650	88	44	44
ENSG00000235021	2	1	1
ENSG00000203724	6	1	5
ENSG00000225006	0	0	0
ENSG00000287633	0	0	0
ENSG00000158764	2	2	2
ENSG00000223375	0	0	0
ENSG00000230714	0	0	0
ENSG00000261065	0	12	22
ENSG00000260855	64	37	27
ENSG00000188783	1335	662	675
ENSG00000236206	2	1	1
ENSG00000168118	742	357	404
ENSG00000181101	1	1	0
ENSG00000173726	4453	2238	2215
ENSG00000282852	0	0	0
ENSG00000152382	335	170	165
ENSG00000143839	7	3	4
ENSG00000232100	0	0	0
ENSG00000261024	2	2	0
ENSG00000230547	0	0	0
ENSG00000229703	0	0	0
ENSG00000176754	1	1	0
ENSG00000232309	0	0	0
ENSG00000227953	25	23	22
ENSG00000232215	0	0	0
ENSG00000135829	6893	3452	3634
ENSG00000228289	3	1	2
ENSG00000134717	896	398	498
ENSG00000232989	0	0	0
ENSG00000233537	0	0	0
ENSG00000116668	408	214	195
ENSG00000143756	928	474	454
ENSG00000278180	0	0	0
ENSG00000143702	1012	548	540
ENSG00000232341	1	0	1
ENSG00000287676	1	1	0
ENSG00000236792	0	0	0
ENSG00000143207	893	463	430
ENSG00000270859	0	0	0
ENSG00000238224	0	0	0
ENSG00000286775	0	0	0
ENSG00000122176	2214	1081	1133
ENSG00000229120	3	1	2
ENSG00000237492	1	0	1
ENSG00000230404	0	0	0
ENSG00000213036	3	3	0
ENSG00000227230	5	20	38
ENSG00000236230	0	0	0
ENSG00000026751	3147	1481	1666
ENSG00000150681	54	41	24
ENSG00000116906	1192	611	581
ENSG00000092969	139	84	77
ENSG00000157181	1529	765	764
ENSG00000250762	0	0	0
ENSG00000236720	0	0	0
ENSG00000227421	4	3	1
ENSG00000227240	11	3	8
ENSG00000076258	85	48	37
ENSG00000286073	2	2	0
ENSG00000231084	9	5	4
ENSG00000232085	1	13	11
ENSG00000117697	599	264	335
ENSG00000279333	0	23	32
ENSG00000235083	0	0	0
ENSG00000162669	48	19	29
ENSG00000197067	0	0	0
ENSG00000229652	1	0	1
ENSG00000132681	5	4	1
ENSG00000225904	0	0	0
ENSG00000270920	0	0	0
ENSG00000281664	0	0	0
ENSG00000143641	1885	1138	1282
ENSG00000227630	21	8	13
ENSG00000228830	0	1396	1145
ENSG00000010932	48	24	24
ENSG00000282849	5	4	2
ENSG00000276520	0	0	0
ENSG00000226640	0	0	0
ENSG00000010072	444	245	267
ENSG00000135766	211	109	102
ENSG00000232626	12	5	7
ENSG00000232096	0	0	0
ENSG00000279261	11	7	4
ENSG00000213051	2	0	2
ENSG00000238054	0	0	0
ENSG00000163534	887	459	428
ENSG00000168243	164	67	97
ENSG00000281453	0	0	0
ENSG00000237469	0	0	0
ENSG00000224939	2	1	1
ENSG00000227613	0	0	0
ENSG00000116183	44	27	17
ENSG00000270106	0	0	0
ENSG00000232194	4	0	4
ENSG00000235152	0	0	0
ENSG00000231612	2	0	2
ENSG00000237980	19	10	9
ENSG00000271036	0	0	0
ENSG00000230849	1	0	1
ENSG00000170382	455	226	233
ENSG00000228664	0	0	0
ENSG00000226868	0	0	0
ENSG00000279401	0	0	0
ENSG00000272362	0	0	0
ENSG00000287450	4	4	0
ENSG00000237011	0	0	0
ENSG00000233583	7	3	5
ENSG00000066027	2139	1040	1099
ENSG00000286263	0	0	0
ENSG00000227006	25	11	14
ENSG00000236372	0	0	0
ENSG00000224525	0	0	0
ENSG00000188770	0	0	0
ENSG00000173728	23	12	11
ENSG00000094975	2492	1258	1234
ENSG00000225811	1	3	0
ENSG00000273093	0	0	0
ENSG00000162772	12698	6154	6545
ENSG00000227818	0	0	0
ENSG00000135828	435	210	225
ENSG00000224227	5	4	1
ENSG00000286398	0	0	0
ENSG00000076356	1908	975	933
ENSG00000215819	0	4	0
ENSG00000185523	6	0	6
ENSG00000236108	2	0	2
ENSG00000116711	403	192	211
ENSG00000231684	1	1	0
ENSG00000226750	0	0	0
ENSG00000285665	15	7	8
ENSG00000231022	0	0	0
ENSG00000224436	0	0	0
ENSG00000228208	0	0	0
ENSG00000273384	1	0	1
ENSG00000238061	23	12	11
ENSG00000234915	2	1	5
ENSG00000143845	75	74	43
ENSG00000235862	6	57	49
ENSG00000069812	15	10	5
ENSG00000227585	0	0	0
ENSG00000157060	1	0	1
ENSG00000237213	3	3	0
ENSG00000236439	1	1	0
ENSG00000224260	0	0	0
ENSG00000213045	0	0	0
ENSG00000287220	4	1	3
ENSG00000230063	1	3	2
ENSG00000235467	0	0	0
ENSG00000123684	2150	1105	1050
ENSG00000117707	196	115	86
ENSG00000228044	0	0	0
ENSG00000225338	1	0	1
ENSG00000224407	0	269	266
ENSG00000232463	0	0	0
ENSG00000237457	0	0	0
ENSG00000225171	12	6	6
ENSG00000226843	0	0	0
ENSG00000235386	0	0	0
ENSG00000123836	800	452	439
ENSG00000213690	0	0	0
ENSG00000223982	0	0	0
ENSG00000229832	11	7	4
ENSG00000117691	653	293	360
ENSG00000225233	0	0	0
ENSG00000274895	3	0	3
ENSG00000237514	0	0	0
ENSG00000287856	0	0	0
ENSG00000228067	0	0	0
ENSG00000284299	1	1	0
ENSG00000226375	0	0	0
ENSG00000203705	320	168	152
ENSG00000224040	1	1	0
ENSG00000228686	5	0	5
ENSG00000279838	318	149	169
ENSG00000174175	2514	1220	1294
ENSG00000236401	0	0	0
ENSG00000241475	0	0	0
ENSG00000215800	0	0	0
ENSG00000286421	0	0	0
ENSG00000270936	1	0	1
ENSG00000008118	32	19	13
ENSG00000171161	627	316	311
ENSG00000241505	0	0	0
ENSG00000224535	0	0	0
ENSG00000282097	1	1	0
ENSG00000261453	1	1	0
ENSG00000231020	0	0	0
ENSG00000270818	0	0	0
ENSG00000196878	611	296	315
ENSG00000133059	1063	494	569
ENSG00000225561	0	0	0
ENSG00000224668	3	0	3
ENSG00000242529	0	0	0
ENSG00000074964	775	402	373
ENSG00000223847	0	0	0
ENSG00000277704	0	0	0
ENSG00000116918	567	280	293
ENSG00000274020	71	39	49
ENSG00000287445	3	1	2
ENSG00000259815	2	1	1
ENSG00000240963	1	0	1
ENSG00000226570	0	0	0
ENSG00000198929	52	23	29
ENSG00000272167	0	0	0
ENSG00000230628	3	1	2
ENSG00000162771	2	48	54
ENSG00000227579	0	0	0
ENSG00000176393	843	540	602
ENSG00000174606	1259	654	605
ENSG00000179914	67	25	42
ENSG00000235750	2476	1139	1337
ENSG00000284376	0	0	0
ENSG00000121446	0	0	0
ENSG00000226758	0	0	0
ENSG00000230199	0	0	0
ENSG00000236905	0	0	0
ENSG00000233304	0	0	1
ENSG00000288007	5	5	3
ENSG00000227887	0	0	0
ENSG00000116903	816	438	446
ENSG00000228255	0	0	0
ENSG00000226196	0	0	0
ENSG00000287354	0	3	2
ENSG00000233827	0	0	0
ENSG00000198797	4	3	1
ENSG00000271746	7	10	4
ENSG00000234233	0	0	0
ENSG00000151414	1862	950	912
ENSG00000177614	60	27	33
ENSG00000223794	0	0	0
ENSG00000235182	0	1	0
ENSG00000213041	14	7	7
ENSG00000287157	0	0	0
ENSG00000233920	0	0	0
ENSG00000183831	1	1	0
ENSG00000225755	0	0	0
ENSG00000143858	141	117	96
ENSG00000197472	4	1	3
ENSG00000230184	0	0	0
ENSG00000234004	0	0	0
ENSG00000232436	0	0	0
ENSG00000231718	0	0	0
ENSG00000283952	0	0	0
ENSG00000230019	0	0	0
ENSG00000136643	834	416	418
ENSG00000232537	0	0	0
ENSG00000226036	0	0	0
ENSG00000285521	26	12	14
ENSG00000236317	0	0	0
ENSG00000176855	2	0	2
ENSG00000227728	0	0	0
ENSG00000133069	142	66	76
ENSG00000162877	18	9	9
ENSG00000233461	41	15	26
ENSG00000225401	9	5	4
ENSG00000228190	0	0	0
ENSG00000135747	0	0	0
ENSG00000227237	0	0	0
ENSG00000069248	1108	559	549
ENSG00000232812	0	0	0
ENSG00000231666	8	6	2
ENSG00000226986	0	0	0
ENSG00000242042	0	0	0
ENSG00000234464	0	0	0
ENSG00000253148	0	0	0
ENSG00000227751	0	205	150
ENSG00000090104	16131	7811	8320
ENSG00000285280	32	24	22
ENSG00000232892	4	2	3
ENSG00000236950	0	0	0
ENSG00000236468	0	0	0
ENSG00000143322	9067	4483	4585
ENSG00000185220	137	78	59
ENSG00000226003	2	2	0
ENSG00000230813	0	0	0
ENSG00000226862	10	2	8
ENSG00000236101	0	0	0
ENSG00000162769	386	182	204
ENSG00000133065	3093	1457	1636
ENSG00000278684	0	0	0
ENSG00000236775	0	0	0
ENSG00000042781	4	2	2
ENSG00000234754	0	0	0
ENSG00000233084	1	1	0
ENSG00000227815	1	1	0
ENSG00000287046	6	3	3
ENSG00000223774	4	262	305
ENSG00000228863	54	719	510
ENSG00000228646	0	0	0
ENSG00000229112	3	3	0
ENSG00000233332	0	0	0
ENSG00000231984	0	0	0
ENSG00000286213	0	0	0
ENSG00000226876	7	3	4
ENSG00000277462	62	19	43
ENSG00000225591	2	1	1
ENSG00000035687	1302	631	671
ENSG00000213080	6	5	1
ENSG00000180287	8	3	5
ENSG00000226693	0	0	0
ENSG00000234678	134	212	228
ENSG00000231272	0	0	0
ENSG00000223828	3	1	2
ENSG00000163431	2450	1523	1490
ENSG00000230124	731	394	395
ENSG00000226723	0	0	0
ENSG00000272672	1	0	1
ENSG00000143473	40	54	41
ENSG00000228982	0	0	0
ENSG00000235096	2	1	1
ENSG00000237250	0	0	0
ENSG00000007341	413	403	456
ENSG00000286747	4	1	3
ENSG00000236069	1	2	2
ENSG00000236244	0	0	0
ENSG00000272865	0	0	0
ENSG00000117222	837	413	424
ENSG00000143324	1114	523	591
ENSG00000229871	6	3	3
ENSG00000225222	2	2	0
ENSG00000118193	141	76	65
ENSG00000234116	0	0	0
ENSG00000231940	11	2	9
ENSG00000198842	19	7	12
ENSG00000286619	10	7	3
ENSG00000198756	69	30	39
ENSG00000259823	6	1	5
ENSG00000271558	0	0	0
ENSG00000227554	0	0	0
ENSG00000178596	0	0	0
ENSG00000135749	989	518	566
ENSG00000143786	44	24	26
ENSG00000224584	0	0	0
ENSG00000054282	598	341	365
ENSG00000183780	13	5	8
ENSG00000229663	0	0	0
ENSG00000162702	1157	580	577
ENSG00000251508	0	0	0
ENSG00000238272	0	0	0
ENSG00000228530	0	0	0
ENSG00000235060	3	0	3
ENSG00000143194	5	1	4
ENSG00000229531	8	1	7
ENSG00000271329	0	0	0
ENSG00000054267	5407	2736	2681
ENSG00000261831	8	6	2
ENSG00000287921	0	0	0
ENSG00000177800	1	1	0
ENSG00000225620	6	4	2
ENSG00000232166	0	0	0
ENSG00000175137	541	260	281
ENSG00000134245	1180	775	844
ENSG00000234041	14	11	3
ENSG00000227373	14	9	5
ENSG00000231905	5	4	1
ENSG00000228175	10	5	5
ENSG00000069275	6087	2994	3093
ENSG00000143674	118	44	74
ENSG00000237317	3	2	1
ENSG00000187889	2	1	1
ENSG00000134375	1719	814	905
ENSG00000097046	391	195	196
ENSG00000232113	0	0	0
ENSG00000282718	0	0	0
ENSG00000231378	0	0	0
ENSG00000235605	1	3	2
ENSG00000223525	2	2	0
ENSG00000224857	0	0	0
ENSG00000273367	2	0	2
ENSG00000230604	1	1	0
ENSG00000231605	0	0	0
ENSG00000236358	0	1	3
ENSG00000203737	11	7	4
ENSG00000238003	0	0	0
ENSG00000215873	0	0	0
ENSG00000287008	0	0	0
ENSG00000185420	376	189	187
ENSG00000076321	629	303	326
ENSG00000272175	4	8	9
ENSG00000231564	0	0	0
ENSG00000135778	674	405	364
ENSG00000213070	1	1	0
ENSG00000282265	0	0	0
ENSG00000250536	1	1	0
ENSG00000229747	0	0	0
ENSG00000117280	987	518	469
ENSG00000233985	0	0	0
ENSG00000232175	1	0	1
ENSG00000287423	1	0	1
ENSG00000286774	0	0	0
ENSG00000236719	1	1	0
ENSG00000136636	1470	714	756
ENSG00000225486	1	1	0
ENSG00000227043	0	0	0
ENSG00000163874	3320	1513	1807
ENSG00000285777	3	3	0
ENSG00000237249	4	2	2
ENSG00000286109	0	0	0
ENSG00000213068	0	0	0
ENSG00000054392	177	90	92
ENSG00000227994	0	0	0
ENSG00000286552	0	0	0
ENSG00000225711	6	4	2
ENSG00000122223	148	81	67
ENSG00000235869	0	0	0
ENSG00000188739	103	56	47
ENSG00000286666	0	0	0
ENSG00000135750	101	49	52
ENSG00000273198	0	0	0
ENSG00000203730	1	1	0
ENSG00000225719	0	0	0
ENSG00000273483	11	8	4
ENSG00000287987	0	0	0
ENSG00000203729	0	0	0
ENSG00000232809	0	0	0
ENSG00000284623	0	0	0
ENSG00000285981	0	0	0
ENSG00000261729	0	0	0
ENSG00000223869	0	0	0
ENSG00000229228	20	7	13
ENSG00000215796	2	1	1
ENSG00000185221	0	0	0
ENSG00000233047	0	0	0
ENSG00000143341	677	334	343
ENSG00000228309	1	0	1
ENSG00000229739	35	19	16
ENSG00000116703	5	3	2
ENSG00000273874	0	0	0
ENSG00000278791	0	27	18
ENSG00000278757	2	1	1
ENSG00000264341	0	0	0
ENSG00000264101	0	0	0
ENSG00000265141	0	0	0
ENSG00000221083	0	0	0
ENSG00000252404	0	0	0
ENSG00000222511	0	0	0
ENSG00000265392	0	0	0
ENSG00000243267	2	1	1
ENSG00000201725	0	0	0
ENSG00000274258	2	2	0
ENSG00000239149	1	0	1
ENSG00000252151	0	0	0
ENSG00000252969	1	0	1
ENSG00000252417	0	0	0
ENSG00000200975	0	0	0
ENSG00000201609	0	0	0
ENSG00000238482	3	2	1
ENSG00000252956	0	0	0
ENSG00000265606	0	0	0
ENSG00000284357	0	0	0
ENSG00000278034	4	3	1
ENSG00000207237	1	1	0
ENSG00000222784	0	0	0
ENSG00000266210	0	0	0
ENSG00000265961	0	0	0
ENSG00000251866	0	0	0
ENSG00000252691	0	0	0
ENSG00000264371	0	0	0
ENSG00000253005	0	0	0
ENSG00000238316	0	0	0
ENSG00000207941	0	0	0
ENSG00000264773	31	19	12
ENSG00000252448	2	1	1
ENSG00000200421	0	0	0
ENSG00000222282	0	0	0
ENSG00000199963	0	0	0
ENSG00000264698	0	0	0
ENSG00000207328	0	0	0
ENSG00000207466	0	0	0
ENSG00000252368	0	0	0
ENSG00000206779	0	0	0
ENSG00000265596	0	0	0
ENSG00000212541	2	2	0
ENSG00000200796	0	0	0
ENSG00000252190	0	0	0
ENSG00000264613	0	0	0
ENSG00000199240	0	0	0
ENSG00000277168	0	0	0
ENSG00000283724	0	0	0
ENSG00000284410	0	0	0
ENSG00000252018	0	0	0
ENSG00000206627	1	0	1
ENSG00000283414	0	0	0
ENSG00000207508	3	0	3
ENSG00000200171	0	0	0
ENSG00000207194	0	0	0
ENSG00000283477	0	0	0
ENSG00000264834	0	0	0
ENSG00000263675	1	0	1
ENSG00000266188	0	0	0
ENSG00000206981	0	0	0
ENSG00000200174	0	0	0
ENSG00000265822	0	0	0
ENSG00000265815	1	1	0
ENSG00000238653	0	0	0
ENSG00000212624	2	2	0
ENSG00000200575	0	0	0
ENSG00000212360	0	0	0
ENSG00000242860	0	0	0
ENSG00000263908	0	0	0
ENSG00000283690	0	0	0
ENSG00000199921	0	0	0
ENSG00000251825	0	0	0
ENSG00000201153	0	0	0
ENSG00000222624	0	0	0
ENSG00000223152	0	0	0
ENSG00000212308	0	0	0
ENSG00000279049	0	11	1
ENSG00000276081	0	0	0
ENSG00000239640	0	0	0
ENSG00000252338	0	0	0
ENSG00000251785	1	0	1
ENSG00000239319	0	0	0
ENSG00000222849	0	0	0
ENSG00000283749	0	0	0
ENSG00000251958	0	0	0
ENSG00000251767	0	0	0
ENSG00000243437	0	0	0
ENSG00000202263	1	0	1
ENSG00000199318	0	0	0
ENSG00000199666	0	0	0
ENSG00000200601	0	0	0
ENSG00000242482	0	0	0
ENSG00000212366	0	0	0
ENSG00000201620	0	0	0
ENSG00000206817	2	2	0
ENSG00000284247	0	0	0
ENSG00000200839	1	1	0
ENSG00000264963	0	0	0
ENSG00000264271	1	0	1
ENSG00000239504	0	0	0
ENSG00000284202	0	0	0
ENSG00000251720	0	0	0
ENSG00000274321	0	0	0
ENSG00000198974	0	0	0
ENSG00000212248	3	1	2
ENSG00000207962	0	0	0
ENSG00000276884	0	0	0
ENSG00000207234	6	3	3
ENSG00000202259	0	0	0
ENSG00000212459	0	0	0
ENSG00000278287	0	0	0
ENSG00000277565	0	0	0
ENSG00000263526	0	0	0
ENSG00000211575	2	1	1
ENSG00000275823	0	0	0
ENSG00000277689	0	0	0
ENSG00000274199	0	0	1
ENSG00000202254	0	0	0
ENSG00000244256	1	0	1
ENSG00000201491	0	0	0
ENSG00000199831	2	0	2
ENSG00000275455	0	0	0
ENSG00000252162	0	0	0
ENSG00000272051	0	0	0
ENSG00000283899	0	0	0
ENSG00000200800	0	0	0
ENSG00000207502	0	0	0
ENSG00000252530	0	0	0
ENSG00000200536	0	0	0
ENSG00000211543	0	0	0
ENSG00000252797	2	1	1
ENSG00000212266	0	0	0
ENSG00000222209	0	0	0
ENSG00000277141	0	0	0
ENSG00000215930	0	0	0
ENSG00000238761	0	0	0
ENSG00000201114	0	0	0
ENSG00000206679	0	0	0
ENSG00000264419	1	0	1
ENSG00000222069	5	3	2
ENSG00000274428	18	15	3
ENSG00000199879	15	12	3
ENSG00000274408	0	0	0
ENSG00000283676	5	4	1
ENSG00000252005	0	0	0
ENSG00000252510	0	0	0
ENSG00000207340	1	1	0
ENSG00000252830	0	0	0
ENSG00000274450	0	0	0
ENSG00000252135	1	0	1
ENSG00000278596	3	3	0
ENSG00000238825	9	5	4
ENSG00000201183	15	9	6
ENSG00000202408	0	1	0
ENSG00000252744	0	0	0
ENSG00000273768	21	4	17
ENSG00000242565	0	0	0
ENSG00000239984	0	0	0
ENSG00000283296	2	1	1
ENSG00000252717	0	0	0
ENSG00000194297	0	0	0
ENSG00000199565	0	0	0
ENSG00000277313	0	0	0
ENSG00000274940	1	0	1
ENSG00000207341	0	0	0
ENSG00000207472	0	0	0
ENSG00000206880	0	0	0
ENSG00000252552	1	1	0
ENSG00000199849	0	0	0
ENSG00000252407	0	0	0
ENSG00000212538	0	0	0
ENSG00000251813	0	0	0
ENSG00000207108	0	0	0
ENSG00000201312	0	0	0
ENSG00000207039	0	0	0
ENSG00000202491	0	0	0
ENSG00000201596	0	0	0
ENSG00000276839	0	0	0
ENSG00000207974	0	0	0
ENSG00000273629	0	0	0
ENSG00000201493	0	0	0
ENSG00000215952	0	0	0
ENSG00000200139	0	0	0
ENSG00000283575	1	0	1
ENSG00000238765	0	0	0
ENSG00000264916	2	1	1
ENSG00000212338	0	0	0
ENSG00000206659	3	0	3
ENSG00000253025	0	0	0
ENSG00000201619	1	1	0
ENSG00000201544	9	2	7
ENSG00000202498	0	0	0
ENSG00000221545	0	0	0
ENSG00000252906	2	0	2
ENSG00000206692	0	0	0
ENSG00000202329	0	0	0
ENSG00000242794	0	0	0
ENSG00000212144	1	1	0
ENSG00000283340	0	0	0
ENSG00000252860	1	1	0
ENSG00000252501	0	0	0
ENSG00000263390	0	0	0
ENSG00000207181	10	4	6
ENSG00000265744	0	0	0
ENSG00000264377	0	0	0
ENSG00000207149	0	0	0
ENSG00000283936	0	0	0
ENSG00000284485	0	0	0
ENSG00000201638	0	0	0
ENSG00000275213	0	0	0
ENSG00000239494	4	2	2
ENSG00000212230	0	0	0
ENSG00000252371	0	0	0
ENSG00000199442	0	0	0
ENSG00000200033	0	0	0
ENSG00000239690	0	0	0
ENSG00000202184	1	0	1
ENSG00000241395	2	0	2
ENSG00000200982	0	0	0
ENSG00000275207	3	0	3
ENSG00000202300	2	0	2
ENSG00000222407	0	0	0
ENSG00000222986	0	0	0
ENSG00000265435	2	2	0
ENSG00000272262	0	0	0
ENSG00000200495	0	0	0
ENSG00000202609	0	0	0
ENSG00000252553	0	0	0
ENSG00000206764	0	0	0
ENSG00000222240	0	0	0
ENSG00000212187	0	0	0
ENSG00000206637	0	0	0
ENSG00000253097	0	0	0
ENSG00000200036	0	0	0
ENSG00000201421	0	0	0
ENSG00000212610	0	0	0
ENSG00000252484	0	0	0
ENSG00000201944	3	3	0
ENSG00000200327	0	0	0
ENSG00000206905	0	0	0
ENSG00000200972	7	7	0
ENSG00000243051	1	1	0
ENSG00000252011	0	0	0
ENSG00000207326	1	0	1
ENSG00000212205	5	1	4
ENSG00000253042	5	2	3
ENSG00000274121	0	0	0
ENSG00000264358	1	1	0
ENSG00000206640	0	0	0
ENSG00000212527	0	0	0
ENSG00000252879	0	0	0
ENSG00000252612	2	0	2
ENSG00000202264	0	0	0
ENSG00000285609	0	0	0
ENSG00000206762	5	0	5
ENSG00000252084	0	0	0
ENSG00000200085	0	0	0
ENSG00000264500	3	0	3
ENSG00000202025	0	0	0
ENSG00000225545	0	0	0
ENSG00000206990	0	0	0
ENSG00000230175	4	2	2
ENSG00000225272	3	0	3
ENSG00000215838	2	2	0
ENSG00000273365	0	0	0
ENSG00000224358	10	6	5
ENSG00000230659	0	0	0
ENSG00000162545	457	193	264
ENSG00000090432	783	393	390
ENSG00000215520	0	0	0
ENSG00000183114	28	16	12
ENSG00000158825	175	85	90
ENSG00000158828	383	678	780
ENSG00000284005	0	0	0
ENSG00000117242	134	652	557
ENSG00000234473	3	0	3
ENSG00000238754	2	2	0
ENSG00000134371	1299	625	679
ENSG00000221680	1	0	1
ENSG00000162630	62	29	36
ENSG00000276735	1	2	1
ENSG00000232077	12	6	6
ENSG00000229639	0	0	0
ENSG00000287453	0	0	0
ENSG00000270615	0	0	0
ENSG00000287283	1	0	1
ENSG00000240692	0	0	0
ENSG00000229359	0	0	0
ENSG00000237919	0	5	0
ENSG00000066557	526	252	274
ENSG00000244389	1	0	1
ENSG00000228988	4	2	2
ENSG00000118454	1012	478	534
ENSG00000226088	2	2	0
ENSG00000116761	202	116	86
ENSG00000278636	0	0	0
ENSG00000271992	0	0	0
ENSG00000233020	0	0	0
ENSG00000237033	0	0	0
ENSG00000226208	0	0	0
ENSG00000007968	182	95	87
ENSG00000235052	7	3	4
ENSG00000117318	2872	1490	1382
ENSG00000285802	4	2	2
ENSG00000229239	1	0	1
ENSG00000142676	23440	11670	11770
ENSG00000057757	1067	500	567
ENSG00000011009	744	347	397
ENSG00000117308	314	167	147
ENSG00000273844	0	0	0
ENSG00000235748	2	2	0
ENSG00000237861	0	0	0
ENSG00000221879	0	0	0
ENSG00000230260	0	0	0
ENSG00000199241	0	0	0
ENSG00000226919	0	0	0
ENSG00000223963	0	0	0
ENSG00000215802	0	0	0
ENSG00000233615	0	0	0
ENSG00000238085	1	0	1
ENSG00000265831	0	0	0
ENSG00000224348	0	0	0
ENSG00000286496	0	0	0
ENSG00000287516	3	0	3
ENSG00000287738	3	1	2
ENSG00000132703	0	0	0
ENSG00000276632	0	0	0
ENSG00000223603	0	0	0
ENSG00000132693	2	0	2
ENSG00000235226	0	0	0
ENSG00000158716	405	182	223
ENSG00000181036	43	17	26
ENSG00000158714	136	302	299
ENSG00000212161	0	0	0
ENSG00000243284	0	5	0
ENSG00000272668	119	62	66
ENSG00000213085	98	38	60
ENSG00000266458	1	0	1
ENSG00000287040	9	1	8
ENSG00000279430	59	26	33
ENSG00000162723	2	0	2
ENSG00000273933	1	1	0
ENSG00000256029	11	106	129
ENSG00000188004	1	1	0
ENSG00000266580	0	0	0
ENSG00000254545	0	10	5
ENSG00000203620	0	0	0
ENSG00000269967	27	12	15
ENSG00000228634	31	14	17
ENSG00000284702	0	0	0
ENSG00000221040	0	0	0
ENSG00000287217	0	0	0
ENSG00000163399	4929	5649	5646
ENSG00000212385	0	0	0
ENSG00000233154	3	2	1
ENSG00000230381	0	0	0
ENSG00000200547	0	0	0
ENSG00000224950	30	14	19
ENSG00000286276	4	3	4
ENSG00000177888	481	221	260
ENSG00000243364	42	19	23
ENSG00000251246	0	0	0
ENSG00000143590	21	11	10
ENSG00000202027	0	0	0
ENSG00000169242	620	291	329
ENSG00000169241	950	438	512
ENSG00000223452	0	0	0
ENSG00000163463	101	54	47
ENSG00000273088	0	0	0
ENSG00000284586	0	0	0
ENSG00000169231	617	589	588
ENSG00000236263	0	40	32
ENSG00000236675	23	9	14
ENSG00000177628	603	308	295
ENSG00000116521	766	361	405
ENSG00000176444	1205	576	629
ENSG00000143630	89	48	63
ENSG00000143627	4	21	5
ENSG00000253074	0	0	0
ENSG00000252116	0	0	0
ENSG00000228523	0	0	0
ENSG00000223263	9	5	4
ENSG00000207504	0	0	0
ENSG00000238139	0	0	0
ENSG00000197721	23	11	12
ENSG00000244703	0	0	0
ENSG00000226289	0	0	0
ENSG00000285239	0	0	0
ENSG00000234219	11	6	5
ENSG00000174059	2862	1392	1470
ENSG00000285719	2	1	1
ENSG00000284237	19	11	8
ENSG00000158731	0	0	0
ENSG00000201746	2	0	2
ENSG00000264881	0	0	0
ENSG00000199562	11	3	8
ENSG00000264501	0	0	0
ENSG00000284735	43	20	23
ENSG00000284642	58	30	28
ENSG00000142657	1844	900	944
ENSG00000271989	3	5	4
ENSG00000251503	0	0	0
ENSG00000175279	33	5	28
ENSG00000160049	911	516	561
ENSG00000203469	0	46	48
ENSG00000236035	7	3	4
ENSG00000221643	11	9	2
ENSG00000122188	852	400	452
ENSG00000288644	0	0	0
ENSG00000227417	23	12	11
ENSG00000223505	25	13	12
ENSG00000182004	971	531	440
ENSG00000236430	6	1	5
ENSG00000130768	90	66	53
ENSG00000227050	1	12	24
ENSG00000238231	2	0	2
ENSG00000240750	5	4	1
ENSG00000158156	298	134	170
ENSG00000182118	308	152	156
ENSG00000283799	0	0	0
ENSG00000227934	4	2	2
ENSG00000229595	0	0	0
ENSG00000143633	397	196	201
ENSG00000281912	13	6	8
ENSG00000288208	0	0	0
ENSG00000132773	465	290	314
ENSG00000070759	236	138	128
ENSG00000236872	3	0	3
ENSG00000280670	399	177	222
ENSG00000132763	251	755	524
ENSG00000221953	8	7	1
ENSG00000226164	0	0	0
ENSG00000224014	1	1	0
ENSG00000215795	7	1	6
ENSG00000259865	276	135	141
ENSG00000227671	2721	1383	1338
ENSG00000283881	0	0	0
ENSG00000252516	8	4	4
ENSG00000232347	3	0	3
ENSG00000214144	0	0	0
ENSG00000235818	0	0	0
ENSG00000197617	1	0	1
ENSG00000202079	6	5	1
ENSG00000286216	3	2	2
ENSG00000203664	0	0	0
ENSG00000169224	92	44	56
ENSG00000236817	0	11	1
ENSG00000177489	0	0	0
ENSG00000177476	0	0	0
ENSG00000283369	0	0	0
ENSG00000230411	0	0	0
ENSG00000251977	0	0	0
ENSG00000252254	1	0	1
ENSG00000227854	0	0	0
ENSG00000287589	0	0	0
ENSG00000259776	0	0	0
ENSG00000233355	911	443	471
ENSG00000234601	0	0	0
ENSG00000231979	0	0	0
ENSG00000215805	0	0	0
ENSG00000287102	0	0	0
ENSG00000217327	0	0	0
ENSG00000228818	0	0	0
ENSG00000202041	0	0	0
ENSG00000223694	0	0	0
ENSG00000233735	0	1	0
ENSG00000133019	122	71	54
ENSG00000162636	1782	888	894
ENSG00000162639	198	106	93
ENSG00000285923	6	0	7
ENSG00000134186	4821	2460	2361
ENSG00000143107	26	13	13
ENSG00000232971	1	0	1
ENSG00000116266	1268	598	671
ENSG00000228076	4	4	1
ENSG00000203897	0	0	0
ENSG00000237349	4	1	3
ENSG00000244716	25	15	10
ENSG00000228665	10	1	9
ENSG00000228054	0	0	0
ENSG00000273382	37	19	100
ENSG00000215717	1545	808	819
ENSG00000278249	0	0	0
ENSG00000270066	0	0	0
ENSG00000251484	3	2	1
ENSG00000132676	2255	1040	1311
ENSG00000227673	0	0	0
ENSG00000203761	168	80	104
ENSG00000234937	7	2	5
ENSG00000132718	1824	932	892
ENSG00000283442	6	2	4
ENSG00000143622	1781	879	902
ENSG00000132680	972	436	536
ENSG00000207475	4	1	3
ENSG00000280466	0	0	0
ENSG00000281394	0	0	0
ENSG00000277817	0	0	0
ENSG00000273002	49	23	26
ENSG00000224276	2	1	1
ENSG00000285677	10	485	798
ENSG00000163479	3086	2218	2139
ENSG00000160803	665	345	320
ENSG00000132698	103	57	46
ENSG00000252236	44	25	19
ENSG00000260238	0	0	0
ENSG00000242252	13	13	0
ENSG00000198952	1917	939	978
ENSG00000163472	101	169	185
ENSG00000163468	3248	1555	1694
ENSG00000132677	4	2	2
ENSG00000237390	1	1	1
ENSG00000207933	0	0	0
ENSG00000254726	53	24	29
ENSG00000186377	70	31	39
ENSG00000186160	3	3	0
ENSG00000225154	0	0	0
ENSG00000225506	9	3	6
ENSG00000225514	0	0	0
ENSG00000224805	0	0	3
ENSG00000162366	153	92	61
ENSG00000226252	29	28	31
ENSG00000225762	6	3	3
ENSG00000186790	0	0	0
ENSG00000237424	48	12	36
ENSG00000189030	3	2	1
ENSG00000162763	1	1	0
ENSG00000143061	163	101	62
ENSG00000135821	16198	8014	8184
ENSG00000203740	0	0	0
ENSG00000162374	256	119	137
ENSG00000168275	168	81	154
ENSG00000241563	24	13	11
ENSG00000153207	2797	1382	1415
ENSG00000156869	229	83	146
ENSG00000033122	342	171	176
ENSG00000143278	0	0	0
ENSG00000116678	1360	625	735
ENSG00000159352	1807	874	933
ENSG00000158710	11591	5893	5698
ENSG00000162734	5006	2555	2864
ENSG00000049239	3093	1562	1531
ENSG00000186564	12	6	6
ENSG00000244038	3899	1894	2005
ENSG00000158747	3615	1713	1902
ENSG00000116690	27	213	85
ENSG00000126091	136	79	60
ENSG00000162383	34	21	16
ENSG00000171163	661	282	379
ENSG00000172456	173	87	86
ENSG00000162946	479	241	238
ENSG00000158786	0	0	0
ENSG00000118733	111	48	63
ENSG00000157870	440	269	269
ENSG00000179085	330	216	114
ENSG00000173080	47	19	28
ENSG00000183347	9	2	7
ENSG00000276470	0	0	0
ENSG00000278852	0	0	0
ENSG00000275915	0	0	0
ENSG00000120937	1	1	0
ENSG00000224904	1	0	1
ENSG00000285646	89	29	60
ENSG00000199347	0	0	0
ENSG00000201801	45	41	4
ENSG00000116685	768	360	408
ENSG00000083444	1762	881	881
ENSG00000287384	3	2	1
ENSG00000270914	0	0	0
ENSG00000116691	637	299	338
ENSG00000202461	7	4	3
ENSG00000276869	0	0	0
ENSG00000243539	0	0	0
ENSG00000120949	77	42	35
ENSG00000201135	1	0	1
ENSG00000227875	0	0	0
ENSG00000285604	2	1	1
ENSG00000283789	0	0	0
ENSG00000263676	7	0	7
ENSG00000200591	2	0	2
ENSG00000162521	1996	1569	1585
ENSG00000162520	165	654	669
ENSG00000224409	0	0	0
ENSG00000162522	575	289	286
ENSG00000116497	1144	590	572
ENSG00000160097	29	19	10
ENSG00000121905	7	84	66
ENSG00000121900	253	190	206
ENSG00000287691	71	37	45
ENSG00000278966	3	1	2
ENSG00000143222	1663	1120	992
ENSG00000224985	19	97	371
ENSG00000143224	364	209	296
ENSG00000158850	1195	620	714
ENSG00000158859	7782	3752	4030
ENSG00000158869	1346	634	712
ENSG00000158874	8	4	4
ENSG00000158882	245	188	188
ENSG00000284035	0	0	0
ENSG00000143257	23	82	72
ENSG00000248485	43	22	21
ENSG00000188931	82	47	48
ENSG00000236484	0	0	0
ENSG00000283696	28	19	9
ENSG00000288093	27	18	9
ENSG00000206921	0	0	0
ENSG00000215840	5	1	4
ENSG00000277882	0	0	0
ENSG00000283317	11	7	4
ENSG00000277762	0	0	0
ENSG00000227139	0	0	0
ENSG00000265107	920	597	659
ENSG00000274415	0	194	142
ENSG00000234190	0	0	0
ENSG00000223728	0	0	0
ENSG00000121634	0	0	0
ENSG00000188092	141	71	70
ENSG00000215859	20	13	10
ENSG00000273059	1	2	2
ENSG00000274372	7	6	1
ENSG00000206791	1	0	1
ENSG00000206585	17	3	14
ENSG00000229828	2	1	1
ENSG00000225080	0	0	0
ENSG00000198658	2	1	1
ENSG00000238382	0	0	0
ENSG00000225919	0	0	0
ENSG00000236497	0	0	0
ENSG00000207190	0	0	0
ENSG00000200508	1	1	0
ENSG00000284928	0	0	0
ENSG00000223949	19	12	7
ENSG00000116688	2384	1217	1167
ENSG00000188800	3	1	2
ENSG00000084073	1283	665	628
ENSG00000231296	0	4	5
ENSG00000049089	304	147	157
ENSG00000227311	1	0	1
ENSG00000213172	1	0	1
ENSG00000284677	8	5	3
ENSG00000187801	160	79	81
ENSG00000260920	91	57	34
ENSG00000158887	547	254	293
ENSG00000255054	0	0	0
ENSG00000228172	19	249	291
ENSG00000117640	705	513	510
ENSG00000272478	0	0	0
ENSG00000127423	16	7	18
ENSG00000182749	240	170	147
ENSG00000207302	0	0	0
ENSG00000117632	2087	956	1131
ENSG00000229786	0	0	0
ENSG00000223624	2	0	2
ENSG00000283938	0	0	0
ENSG00000199385	0	0	0
ENSG00000187147	1257	862	864
ENSG00000263381	0	0	0
ENSG00000126106	112	307	274
ENSG00000198520	283	130	153
ENSG00000199377	47	33	14
ENSG00000200169	36	28	8
ENSG00000142945	181	92	117
ENSG00000142937	24951	13816	13964
ENSG00000264294	0	0	0
ENSG00000200913	24	11	13
ENSG00000202031	7	2	5
ENSG00000207421	0	0	0
ENSG00000281859	0	0	0
ENSG00000234093	15	9	6
ENSG00000142959	54	27	27
ENSG00000173846	4834	2478	2599
ENSG00000117425	335	167	168
ENSG00000202444	0	0	0
ENSG00000226499	3	3	0
ENSG00000070785	459	218	245
ENSG00000253039	0	0	0
ENSG00000229815	0	3	1
ENSG00000232369	0	0	0
ENSG00000268949	0	0	0
ENSG00000126107	861	430	465
ENSG00000126088	824	414	444
ENSG00000234315	0	0	0
ENSG00000162408	1143	595	548
ENSG00000229519	13	8	5
ENSG00000173662	68	30	38
ENSG00000204859	796	451	345
ENSG00000288629	0	0	0
ENSG00000230735	19	16	13
ENSG00000171488	2690	1363	1328
ENSG00000226394	15	7	8
ENSG00000237200	10	7	3
ENSG00000070886	1	1	0
ENSG00000276835	0	0	0
ENSG00000265422	0	0	0
ENSG00000223776	14	22	106
ENSG00000273058	42	16	26
ENSG00000230325	41	49	46
ENSG00000119285	1431	1575	1417
ENSG00000226498	2	2	0
ENSG00000237991	1	1	0
ENSG00000244020	0	0	0
ENSG00000288099	0	0	0
ENSG00000225886	86	39	54
ENSG00000206767	0	0	0
ENSG00000226662	0	0	0
ENSG00000207095	0	0	0
ENSG00000287244	8	6	2
ENSG00000231344	0	0	0
ENSG00000230833	4	4	0
ENSG00000117758	1926	940	986
ENSG00000269971	19	4	15
ENSG00000270031	9	5	4
ENSG00000223062	0	0	0
ENSG00000286433	0	15	51
ENSG00000117751	895	472	489
ENSG00000252947	2	1	1
ENSG00000130775	2103	1020	1084
ENSG00000117748	1182	553	630
ENSG00000223643	0	0	0
ENSG00000230239	2	1	1
ENSG00000263811	0	0	0
ENSG00000277234	0	0	0
ENSG00000235241	0	18	57
ENSG00000207005	5	2	3
ENSG00000272426	5	3	2
ENSG00000117122	129	117	58
ENSG00000286898	0	19	27
ENSG00000226526	2	28	14
ENSG00000159363	647	353	319
ENSG00000117118	1154	507	647
ENSG00000117115	179	86	93
ENSG00000204362	0	0	0
ENSG00000282843	0	0	0
ENSG00000142623	0	0	0
ENSG00000142619	1	0	1
ENSG00000266634	0	0	0
ENSG00000199459	1	1	0
ENSG00000273264	10	4	6
ENSG00000282057	45	20	25
ENSG00000272691	3	1	2
ENSG00000199934	1	1	0
ENSG00000230285	1	0	1
ENSG00000142871	32339	15880	16459
ENSG00000226643	0	0	0
ENSG00000234419	0	0	0
ENSG00000276997	11	4	7
ENSG00000222399	0	0	0
ENSG00000267305	1	0	1
ENSG00000143512	10	5	5
ENSG00000143498	150	85	70
ENSG00000225265	18	7	16
ENSG00000154305	2359	1316	1372
ENSG00000229399	8	5	3
ENSG00000272750	74	200	198
ENSG00000186063	752	357	410
ENSG00000162819	952	477	485
ENSG00000287684	6	7	8
ENSG00000234523	0	0	0
ENSG00000287338	15	5	10
ENSG00000187554	107	45	62
ENSG00000236846	0	0	0
ENSG00000226601	0	0	0
ENSG00000164010	266	197	219
ENSG00000164011	105	45	60
ENSG00000233708	0	0	0
ENSG00000237090	4	3	1
ENSG00000225099	1	0	1
ENSG00000284138	9	2	7
ENSG00000283973	1	2	1
ENSG00000207256	0	0	0
ENSG00000283136	0	0	0
ENSG00000277513	0	0	0
ENSG00000154309	239	109	130
ENSG00000226967	0	0	0
ENSG00000231407	15	16	14
ENSG00000229570	0	0	0
ENSG00000203857	0	0	0
ENSG00000226443	0	0	0
ENSG00000249798	0	0	0
ENSG00000239873	1	1	0
ENSG00000203855	1	1	0
ENSG00000240244	6	1	5
ENSG00000260941	10	7	3
ENSG00000198857	13	5	8
ENSG00000143067	341	201	140
ENSG00000134240	25	14	11
ENSG00000134193	802	421	381
ENSG00000215864	0	0	0
ENSG00000227205	0	0	0
ENSG00000226446	0	0	0
ENSG00000134249	1	0	1
ENSG00000092621	612	320	292
ENSG00000027644	15	6	11
ENSG00000241992	0	0	0
ENSG00000234226	0	0	0
ENSG00000137970	125	17	108
ENSG00000223229	0	0	0
ENSG00000285698	1	0	1
ENSG00000228035	2	1	1
ENSG00000287103	0	0	0
ENSG00000226973	0	0	0
ENSG00000274468	0	0	0
ENSG00000130764	950	499	538
ENSG00000266075	2	1	1
ENSG00000272153	45	68	64
ENSG00000230026	0	0	0
ENSG00000285177	0	2	0
ENSG00000284770	81	190	193
ENSG00000229795	0	0	0
ENSG00000238236	0	0	0
ENSG00000235638	0	1	0
ENSG00000231199	0	0	1
ENSG00000226663	0	0	0
ENSG00000231582	0	0	0
ENSG00000232714	0	0	0
ENSG00000235761	0	0	0
ENSG00000270710	0	0	0
ENSG00000227236	0	0	0
ENSG00000198837	2268	1192	1189
ENSG00000160741	1591	821	770
ENSG00000276584	0	0	0
ENSG00000282386	25	13	12
ENSG00000273026	10	1	9
ENSG00000143578	108	72	76
ENSG00000143543	282	69	236
ENSG00000285641	0	7	12
ENSG00000143545	518	221	297
ENSG00000177954	26950	14607	12344
ENSG00000231416	22	17	5
ENSG00000200220	1	0	1
ENSG00000231837	0	0	0
ENSG00000263987	0	0	0
ENSG00000162642	746	386	360
ENSG00000223254	38	25	13
ENSG00000223653	49	47	88
ENSG00000116198	832	406	432
ENSG00000169598	209	119	96
ENSG00000226653	0	0	0
ENSG00000207209	0	0	0
ENSG00000272443	0	0	0
ENSG00000272480	0	0	0
ENSG00000288626	0	0	0
ENSG00000162836	281	130	151
ENSG00000207080	0	0	0
ENSG00000231791	0	0	0
ENSG00000244568	0	0	0
ENSG00000271387	10	7	3
ENSG00000116667	1838	904	935
ENSG00000230470	4	4	0
ENSG00000232036	7	3	4
ENSG00000285847	51	29	25
ENSG00000286378	7	6	4
ENSG00000215381	0	0	0
ENSG00000261326	127	65	62
ENSG00000284726	11	8	3
ENSG00000125945	752	391	408
ENSG00000201405	0	0	0
ENSG00000271420	3	3	0
ENSG00000204219	262	142	120
ENSG00000232482	1	1	0
ENSG00000285779	0	0	0
ENSG00000162885	593	526	596
ENSG00000270780	1	1	0
ENSG00000232895	0	0	0
ENSG00000273698	0	0	0
ENSG00000273112	0	0	0
ENSG00000173110	2340	1061	1279
ENSG00000224203	0	0	0
ENSG00000224515	0	0	0
ENSG00000225217	618	289	329
ENSG00000231586	0	0	0
ENSG00000234211	1	21	34
ENSG00000213075	1	0	1
ENSG00000143125	2	2	1
ENSG00000270380	0	1	0
ENSG00000282887	0	0	0
ENSG00000283999	0	0	0
ENSG00000240194	0	0	0
ENSG00000235407	1	0	1
ENSG00000143105	0	0	0
ENSG00000199710	0	0	0
ENSG00000237415	0	0	0
ENSG00000232791	0	0	0
ENSG00000177301	219	122	97
ENSG00000226828	2	0	2
ENSG00000279774	2	2	0
ENSG00000229960	0	0	0
ENSG00000286486	0	0	0
ENSG00000244066	0	0	0
ENSG00000237759	0	0	0
ENSG00000287531	0	0	0
ENSG00000225855	175	640	564
ENSG00000283701	0	0	0
ENSG00000207134	1	0	1
ENSG00000227773	6	3	3
ENSG00000207144	0	0	0
ENSG00000237872	13	7	6
ENSG00000271267	5	2	3
ENSG00000225082	3	0	3
ENSG00000223503	3	1	2
ENSG00000232519	3	2	2
ENSG00000160752	910	930	968
ENSG00000121957	209	411	397
ENSG00000235089	0	0	0
ENSG00000285179	0	0	0
ENSG00000223026	0	0	0
ENSG00000225721	3	50	2814
ENSG00000188396	477	433	287
ENSG00000202167	0	0	0
ENSG00000207349	0	0	0
ENSG00000252826	0	0	0
ENSG00000206737	1	0	1
ENSG00000223779	0	0	0
ENSG00000242352	0	0	0
ENSG00000270962	0	0	0
ENSG00000263590	0	0	0
ENSG00000252105	0	0	0
ENSG00000233430	0	0	0
ENSG00000237503	0	0	0
ENSG00000265531	41	25	16
ENSG00000234571	7	2	5
ENSG00000230186	0	0	4
ENSG00000268074	0	0	0
ENSG00000270872	2	2	0
ENSG00000276674	0	0	0
ENSG00000082482	151	79	72
ENSG00000116747	1042	584	598
ENSG00000118729	335	165	170
ENSG00000134207	4	1	3
ENSG00000163467	14	11	4
ENSG00000243710	29	21	15
ENSG00000117395	871	444	437
ENSG00000116874	276	154	160
ENSG00000065600	251	121	130
ENSG00000009780	466	218	248
ENSG00000023572	376	223	236
ENSG00000077254	2147	1071	1076
ENSG00000134644	3189	1575	1614
ENSG00000215788	756	379	431
ENSG00000117834	181	116	95
ENSG00000117625	1322	689	633
ENSG00000179902	13	5	8
ENSG00000020633	2461	1213	1248
ENSG00000121766	515	347	348
ENSG00000143157	1342	679	663
ENSG00000162614	1712	872	913
ENSG00000160781	218	105	115
ENSG00000143344	1519	721	798
ENSG00000162613	3405	1737	1668
ENSG00000116882	3	2	1
ENSG00000198758	258	124	134
ENSG00000117569	1265	637	628
ENSG00000142856	299	200	165
ENSG00000158022	46	30	16
ENSG00000116396	479	230	249
ENSG00000058668	5876	2806	3070
ENSG00000163875	1197	575	622
ENSG00000282872	0	0	0
ENSG00000131238	3431	1687	1744
ENSG00000171680	719	509	210
ENSG00000244457	0	0	0
ENSG00000116977	2897	2376	2411
ENSG00000229372	0	82	91
ENSG00000274975	0	0	0
ENSG00000229348	3	0	3
ENSG00000242485	1068	624	615
ENSG00000264293	0	0	0
ENSG00000272455	21	13	8
ENSG00000225905	13	12	4
ENSG00000225285	28	13	15
ENSG00000179403	2141	1088	1053
ENSG00000215915	163	80	83
ENSG00000236085	0	0	0
ENSG00000234441	0	0	0
ENSG00000227408	0	0	0
ENSG00000223635	1	1	0
ENSG00000135776	574	272	302
ENSG00000199672	1	1	0
ENSG00000201492	3	0	3
ENSG00000229367	0	0	0
ENSG00000135763	378	206	172
ENSG00000213028	6	3	3
ENSG00000225984	0	0	0
ENSG00000178828	33	24	20
ENSG00000235434	0	6	5
ENSG00000169914	739	381	358
ENSG00000188784	1	1	0
ENSG00000242688	0	0	0
ENSG00000177186	0	0	0
ENSG00000177174	0	0	0
ENSG00000269956	26	63	96
ENSG00000162456	3	1	2
ENSG00000079277	1296	731	698
ENSG00000117407	52	20	32
ENSG00000237950	19	5	14
ENSG00000117408	651	344	307
ENSG00000285649	2	31	38
ENSG00000117410	1905	922	983
ENSG00000159214	63	41	31
ENSG00000196517	197	92	114
ENSG00000227163	0	0	0
ENSG00000271647	0	0	2
ENSG00000239560	0	0	0
ENSG00000196539	0	0	0
ENSG00000229255	2	1	1
ENSG00000203661	0	0	0
ENSG00000271934	1	1	0
ENSG00000224521	2	3	0
ENSG00000227102	0	0	0
ENSG00000183310	0	0	0
ENSG00000201602	0	0	0
ENSG00000271701	0	0	0
ENSG00000189181	0	0	0
ENSG00000187238	0	0	0
ENSG00000185962	0	0	0
ENSG00000226947	0	0	0
ENSG00000285753	0	0	0
ENSG00000187223	0	0	0
ENSG00000159455	0	0	0
ENSG00000187173	0	0	0
ENSG00000204501	0	0	0
ENSG00000228229	0	0	0
ENSG00000204481	0	0	0
ENSG00000204479	0	0	0
ENSG00000172031	31	13	18
ENSG00000233228	0	0	0
ENSG00000224678	0	0	0
ENSG00000233401	0	0	0
ENSG00000273487	3	1	2
ENSG00000226773	0	0	0
ENSG00000274481	0	0	0
ENSG00000228594	48	19	29
ENSG00000286989	14	6	8
ENSG00000272106	143	79	86
ENSG00000189409	45	28	17
ENSG00000272004	0	1	4
ENSG00000189339	959	463	501
ENSG00000269737	136	60	76
ENSG00000215914	0	0	0
ENSG00000008128	155	88	67
ENSG00000268575	53	48	51
ENSG00000227775	256	169	143
ENSG00000008130	1624	858	766
ENSG00000078369	7761	3772	3989
ENSG00000178821	16	7	9
ENSG00000158477	29	14	15
ENSG00000230942	0	0	0
ENSG00000158481	211	98	113
ENSG00000158485	36	15	21
ENSG00000158488	16	12	4
ENSG00000186306	0	0	0
ENSG00000203758	0	0	0
ENSG00000236257	0	0	0
ENSG00000236656	0	0	0
ENSG00000198703	0	0	0
ENSG00000227445	0	0	0
ENSG00000231434	2	0	2
ENSG00000117505	1702	876	890
ENSG00000229635	0	0	0
ENSG00000207379	0	0	0
ENSG00000212601	2	2	0
ENSG00000162889	5454	2774	2680
ENSG00000224114	71	30	41
ENSG00000199349	26	8	18
ENSG00000162892	190	244	256
ENSG00000162894	1420	893	837
ENSG00000271680	9	4	5
ENSG00000226945	7	3	4
ENSG00000162896	3297	1678	1619
ENSG00000162897	6	3	3
ENSG00000182795	38	15	23
ENSG00000198890	344	163	181
ENSG00000224550	3	0	3
ENSG00000142669	2537	1633	1663
ENSG00000169442	1153	1105	876
ENSG00000225854	2	1	1
ENSG00000176083	6	3	3
ENSG00000229167	11	5	6
ENSG00000142910	2101	1069	1032
ENSG000001625