N_unmapped	376741	376741	376741
N_multimapping	2612404	2612404	2612404
N_noFeature	3694671	15908276	15427241
N_ambiguous	2302388	611758	585045
ENSG00000160072	1817	836	981
ENSG00000234396	4	1	3
ENSG00000225972	10218	1965	8253
ENSG00000224315	3	1	2
ENSG00000198744	265	201	65
ENSG00000279928	6	5	1
ENSG00000228037	167	80	87
ENSG00000142611	23	16	7
ENSG00000225630	3506	1815	1691
ENSG00000284616	0	0	0
ENSG00000157911	357	848	900
ENSG00000269896	105	64	41
ENSG00000237973	1072	487	767
ENSG00000228463	7	7	1
ENSG00000260972	0	0	0
ENSG00000157933	781	364	417
ENSG00000224340	0	0	0
ENSG00000226545	4	4	0
ENSG00000268663	0	0	0
ENSG00000226374	0	0	0
ENSG00000229280	0	0	0
ENSG00000142655	473	244	277
ENSG00000232596	0	0	0
ENSG00000235054	0	0	0
ENSG00000232663	0	0	0
ENSG00000240409	33	30	3
ENSG00000229344	105	82	44
ENSG00000231510	0	0	0
ENSG00000149527	248	114	134
ENSG00000284739	0	0	0
ENSG00000171621	520	268	252
ENSG00000272235	9	6	3
ENSG00000284694	0	0	0
ENSG00000230021	5	18	35
ENSG00000287356	6	7	3
ENSG00000224387	3	2	1
ENSG00000285629	0	0	0
ENSG00000173673	1	1	0
ENSG00000142583	215	88	127
ENSG00000284674	0	0	0
ENSG00000272161	3	2	1
ENSG00000237094	5	2	4
ENSG00000224338	0	0	0
ENSG00000074800	15406	7637	7774
ENSG00000116786	1306	726	695
ENSG00000287727	6	4	2
ENSG00000228423	0	0	0
ENSG00000286448	0	0	1
ENSG00000131686	0	0	0
ENSG00000229305	0	0	0
ENSG00000284703	0	0	0
ENSG00000226457	1	1	0
ENSG00000173614	778	361	418
ENSG00000248527	31471	15800	15672
ENSG00000215720	5	2	3
ENSG00000241326	0	0	0
ENSG00000233623	6	5	1
ENSG00000162592	1	3	10
ENSG00000116254	9	3	6
ENSG00000233645	1	0	1
ENSG00000204624	4	0	4
ENSG00000142606	90	391	429
ENSG00000235146	0	0	0
ENSG00000225931	67	26	42
ENSG00000171729	615	307	337
ENSG00000279457	113	43	70
ENSG00000162571	37	26	24
ENSG00000229393	1	0	1
ENSG00000037637	583	299	284
ENSG00000287586	3	1	2
ENSG00000159423	331	158	173
ENSG00000142599	2593	1107	1486
ENSG00000227169	0	0	0
ENSG00000283356	0	0	0
ENSG00000011021	540	280	288
ENSG00000142615	2	0	2
ENSG00000215704	4	7	11
ENSG00000157916	2704	2084	2011
ENSG00000157881	764	384	380
ENSG00000238290	2	1	1
ENSG00000225387	0	0	0
ENSG00000048707	1409	707	702
ENSG00000158748	8	4	4
ENSG00000225196	0	0	0
ENSG00000162444	42	24	18
ENSG00000279625	0	0	0
ENSG00000180758	394	202	192
ENSG00000184677	935	469	466
ENSG00000230679	5	4	6
ENSG00000270136	0	0	0
ENSG00000288398	143	71	72
ENSG00000224621	14	5	9
ENSG00000285833	0	0	0
ENSG00000131697	427	207	223
ENSG00000284692	0	0	0
ENSG00000284745	0	0	0
ENSG00000280222	1	1	0
ENSG00000227634	0	0	0
ENSG00000285945	0	0	0
ENSG00000229162	1	0	1
ENSG00000197921	43	24	20
ENSG00000233755	0	0	0
ENSG00000233929	7	3	4
ENSG00000271742	1	1	0
ENSG00000226396	97	34	63
ENSG00000169504	934	425	509
ENSG00000234166	0	59	38
ENSG00000235282	0	0	0
ENSG00000055070	1950	1253	1376
ENSG00000175087	292	143	149
ENSG00000157191	1275	605	672
ENSG00000284699	0	0	0
ENSG00000230035	0	0	0
ENSG00000235185	18	4	14
ENSG00000225643	5	2	3
ENSG00000284666	0	0	0
ENSG00000228943	0	0	0
ENSG00000234397	0	0	0
ENSG00000284309	0	0	0
ENSG00000162511	1571	1389	1435
ENSG00000158014	14	8	6
ENSG00000204138	1704	841	863
ENSG00000233419	0	0	0
ENSG00000235263	0	0	0
ENSG00000228176	0	0	0
ENSG00000231251	0	0	0
ENSG00000142675	1575	749	826
ENSG00000197245	35	16	19
ENSG00000261025	0	0	0
ENSG00000116237	1666	863	872
ENSG00000130772	647	309	338
ENSG00000215899	0	0	0
ENSG00000271398	0	0	0
ENSG00000225011	0	0	0
ENSG00000235069	0	0	0
ENSG00000284676	0	0	0
ENSG00000237058	2	1	1
ENSG00000233399	0	0	0
ENSG00000090020	1955	957	998
ENSG00000157978	1409	666	743
ENSG00000226944	18	11	13
ENSG00000270282	7	2	5
ENSG00000130770	3121	2407	3159
ENSG00000229044	1	82	62
ENSG00000162512	934	429	505
ENSG00000158006	963	494	469
ENSG00000214812	0	0	0
ENSG00000126698	1495	738	757
ENSG00000229447	8	5	3
ENSG00000229607	0	0	0
ENSG00000130766	1294	659	635
ENSG00000168528	6795	3403	3392
ENSG00000196581	37	14	23
ENSG00000169403	239	129	110
ENSG00000084628	1	1	0
ENSG00000060688	615	305	310
ENSG00000171612	399	177	222
ENSG00000270927	0	0	0
ENSG00000188910	89	48	41
ENSG00000230523	0	0	0
ENSG00000116138	819	503	483
ENSG00000158161	796	414	382
ENSG00000142684	0	353	333
ENSG00000234619	0	0	0
ENSG00000121769	122	63	59
ENSG00000142627	1220	609	613
ENSG00000284668	0	0	0
ENSG00000233234	0	0	0
ENSG00000142632	366	212	251
ENSG00000234593	3	2	1
ENSG00000158292	330	178	152
ENSG00000270605	101	44	62
ENSG00000189337	163	222	228
ENSG00000232912	19	5	14
ENSG00000235084	6	4	2
ENSG00000235143	0	0	0
ENSG00000225478	0	0	0
ENSG00000225077	7	23	15
ENSG00000028137	713	351	362
ENSG00000238249	0	0	0
ENSG00000204464	15	7	8
ENSG00000233372	0	0	0
ENSG00000283259	0	0	0
ENSG00000284543	72	29	43
ENSG00000130939	961	467	494
ENSG00000175147	285	288	313
ENSG00000127472	26	11	15
ENSG00000060656	57	17	40
ENSG00000163867	451	216	235
ENSG00000232768	3	1	2
ENSG00000230214	0	0	0
ENSG00000189280	0	0	0
ENSG00000134698	421	187	234
ENSG00000134690	488	212	276
ENSG00000272420	16	9	7
ENSG00000132881	118	65	53
ENSG00000273274	0	0	0
ENSG00000116251	2907	1431	1490
ENSG00000272510	4	15	17
ENSG00000158286	475	283	252
ENSG00000236648	0	0	0
ENSG00000232273	2	2	0
ENSG00000009709	0	0	0
ENSG00000287396	0	0	0
ENSG00000223589	0	0	0
ENSG00000158008	14	8	6
ENSG00000130940	549	480	454
ENSG00000116771	1133	623	649
ENSG00000237301	11	5	6
ENSG00000162585	786	670	612
ENSG00000163879	84	46	47
ENSG00000227527	7	2	5
ENSG00000116954	343	154	189
ENSG00000228589	25	24	1
ENSG00000163873	129	58	71
ENSG00000117215	6	2	4
ENSG00000196449	411	263	304
ENSG00000230163	0	27	36
ENSG00000227538	0	0	0
ENSG00000232208	0	0	0
ENSG00000236500	0	0	0
ENSG00000044012	63	34	29
ENSG00000179051	1964	1298	1329
ENSG00000215895	2	1	1
ENSG00000231868	5	5	3
ENSG00000284650	0	0	0
ENSG00000237329	0	0	0
ENSG00000236948	0	0	0
ENSG00000126067	1816	887	929
ENSG00000274944	1	1	0
ENSG00000132906	597	303	308
ENSG00000197312	830	385	445
ENSG00000284748	0	0	0
ENSG00000272078	44	205	224
ENSG00000173660	4638	2249	2389
ENSG00000224592	0	0	0
ENSG00000233728	0	57	69
ENSG00000230451	0	0	0
ENSG00000231606	7	4	3
ENSG00000215900	1	1	0
ENSG00000284632	0	0	0
ENSG00000241014	5	2	3
ENSG00000054118	2269	1098	1171
ENSG00000254553	0	0	0
ENSG00000284653	0	0	0
ENSG00000237749	0	0	0
ENSG00000276747	0	0	0
ENSG00000284705	0	0	0
ENSG00000228776	1	0	1
ENSG00000159339	0	0	0
ENSG00000223814	0	0	0
ENSG00000197982	787	400	543
ENSG00000261781	0	0	0
ENSG00000183317	2625	1299	1326
ENSG00000183386	121	61	60
ENSG00000284743	0	0	0
ENSG00000158315	568	341	317
ENSG00000204084	725	458	467
ENSG00000186973	13	5	8
ENSG00000271806	24	67	67
ENSG00000146463	713	355	386
ENSG00000279214	4	3	1
ENSG00000183520	533	259	274
ENSG00000271741	0	0	0
ENSG00000214141	0	0	0
ENSG00000142686	122	67	55
ENSG00000224751	0	0	0
ENSG00000279096	0	0	0
ENSG00000117148	14	8	6
ENSG00000230585	8	3	5
ENSG00000117000	443	232	211
ENSG00000284989	0	0	0
ENSG00000231630	0	0	0
ENSG00000092853	200	99	116
ENSG00000255811	0	0	0
ENSG00000134697	1255	643	621
ENSG00000187513	71	38	33
ENSG00000238145	0	0	0
ENSG00000225142	0	0	0
ENSG00000230138	1	1	0
ENSG00000223390	5	31	40
ENSG00000285823	0	0	0
ENSG00000284720	0	0	0
ENSG00000225028	5	1	4
ENSG00000225671	0	0	0
ENSG00000116151	255	120	139
ENSG00000226147	1	1	0
ENSG00000182873	141	77	75
ENSG00000006555	1050	548	502
ENSG00000236111	1	1	0
ENSG00000066056	201	113	88
ENSG00000214114	690	344	346
ENSG00000173436	431	113	330
ENSG00000116544	26	9	17
ENSG00000231900	0	0	0
ENSG00000236723	1	433	447
ENSG00000232467	0	0	0
ENSG00000117016	166	79	87
ENSG00000121310	3991	1974	2017
ENSG00000169213	56	32	24
ENSG00000163866	1142	629	576
ENSG00000225779	4	4	0
ENSG00000284601	0	0	0
ENSG00000237130	0	0	0
ENSG00000143001	51	58	72
ENSG00000229716	1	1	0
ENSG00000226133	1	1	0
ENSG00000227416	0	0	0
ENSG00000232335	0	8	7
ENSG00000260971	4	3	2
ENSG00000259832	0	0	0
ENSG00000284696	0	0	0
ENSG00000238242	0	0	0
ENSG00000285839	0	0	0
ENSG00000237290	0	0	0
ENSG00000232762	0	0	0
ENSG00000117419	839	420	419
ENSG00000162384	989	578	522
ENSG00000162391	111	440	431
ENSG00000174348	177	112	120
ENSG00000154198	0	0	0
ENSG00000117859	1105	537	578
ENSG00000228121	0	0	0
ENSG00000253313	978	455	523
ENSG00000162396	112	53	59
ENSG00000203995	9	6	3
ENSG00000227742	26	17	11
ENSG00000284686	1	1	0
ENSG00000162378	485	241	244
ENSG00000233079	1	0	1
ENSG00000259818	2	2	1
ENSG00000229444	0	0	0
ENSG00000240563	1080	544	536
ENSG00000234318	0	0	0
ENSG00000284773	25	7	18
ENSG00000234481	0	0	0
ENSG00000117862	97	67	30
ENSG00000235612	0	1	0
ENSG00000228369	2	0	2
ENSG00000183431	1218	585	633
ENSG00000227485	0	0	0
ENSG00000224609	32	15	19
ENSG00000235545	20	15	5
ENSG00000236646	2	1	1
ENSG00000169174	121	60	61
ENSG00000232198	0	0	0
ENSG00000238063	0	0	0
ENSG00000227104	0	0	0
ENSG00000243725	59	40	19
ENSG00000171872	0	0	0
ENSG00000162407	1306	631	675
ENSG00000285079	0	0	0
ENSG00000169218	19	6	13
ENSG00000163877	394	206	188
ENSG00000228929	12	7	5
ENSG00000224570	1	1	0
ENSG00000224980	0	0	0
ENSG00000278967	3	0	3
ENSG00000157184	839	883	945
ENSG00000272491	13	13	11
ENSG00000198815	1118	509	609
ENSG00000134744	472	212	262
ENSG00000233910	0	0	0
ENSG00000287703	0	0	0
ENSG00000283039	0	0	0
ENSG00000229032	0	0	0
ENSG00000229294	0	0	0
ENSG00000232993	0	35	19
ENSG00000234088	1	1	0
ENSG00000236973	0	0	0
ENSG00000227947	7	2	5
ENSG00000277397	0	0	0
ENSG00000271200	6	2	7
ENSG00000235446	0	0	0
ENSG00000261196	0	0	0
ENSG00000162385	696	315	381
ENSG00000231413	0	0	0
ENSG00000234264	0	0	0
ENSG00000242391	0	0	0
ENSG00000223883	0	0	0
ENSG00000284808	0	0	0
ENSG00000242267	14	11	3
ENSG00000237227	10	6	4
ENSG00000275350	0	0	0
ENSG00000116652	10	9	2
ENSG00000123080	329	175	170
ENSG00000285778	0	0	0
ENSG00000077549	6580	3203	3389
ENSG00000233407	0	0	0
ENSG00000225675	1	1	0
ENSG00000237622	0	0	0
ENSG00000162598	0	0	0
ENSG00000280317	0	0	0
ENSG00000162415	323	160	171
ENSG00000162600	371	171	200
ENSG00000116704	1485	709	776
ENSG00000227644	0	1	0
ENSG00000157193	44	34	26
ENSG00000116205	400	224	194
ENSG00000198841	137	67	70
ENSG00000116212	344	168	176
ENSG00000234204	0	0	0
ENSG00000233099	0	0	0
ENSG00000233994	9	8	1
ENSG00000237180	0	0	0
ENSG00000213561	11	4	7
ENSG00000233973	0	0	0
ENSG00000237552	0	0	0
ENSG00000132854	90	48	42
ENSG00000227556	0	0	0
ENSG00000162616	884	443	441
ENSG00000162607	669	336	333
ENSG00000233602	2	1	1
ENSG00000233271	0	46	33
ENSG00000285954	1	1	0
ENSG00000233333	1	1	0
ENSG00000154027	19	12	7
ENSG00000234108	1	0	1
ENSG00000232676	0	0	0
ENSG00000225167	0	0	0
ENSG00000132122	176	85	91
ENSG00000213579	0	0	0
ENSG00000137960	990	486	504
ENSG00000237852	1	0	1
ENSG00000116745	4	1	3
ENSG00000132855	6	1	5
ENSG00000285407	0	0	0
ENSG00000272855	0	0	0
ENSG00000270549	0	0	0
ENSG00000237163	0	0	0
ENSG00000229636	0	0	0
ENSG00000116675	29	11	18
ENSG00000162433	471	231	240
ENSG00000213625	1422	695	727
ENSG00000227207	0	0	0
ENSG00000227016	0	0	0
ENSG00000233664	0	0	0
ENSG00000158966	127	69	58
ENSG00000213703	0	0	0
ENSG00000203965	110	48	64
ENSG00000223479	0	0	0
ENSG00000233674	2	1	1
ENSG00000153898	619	298	321
ENSG00000117069	19	11	8
ENSG00000125703	221	112	109
ENSG00000285041	0	0	0
ENSG00000285808	0	0	0
ENSG00000229440	0	0	0
ENSG00000234144	0	0	0
ENSG00000213540	0	0	0
ENSG00000277670	0	0	0
ENSG00000227466	0	0	0
ENSG00000154007	0	0	0
ENSG00000230498	0	0	0
ENSG00000285782	0	0	0
ENSG00000162618	140	72	68
ENSG00000224493	0	0	0
ENSG00000131233	0	0	0
ENSG00000272371	2	2	0
ENSG00000287647	0	0	0
ENSG00000229225	0	0	0
ENSG00000230863	1	0	1
ENSG00000213560	3	3	0
ENSG00000287224	0	0	0
ENSG00000225598	0	0	0
ENSG00000286455	0	0	0
ENSG00000225087	0	0	0
ENSG00000224986	6	2	4
ENSG00000280378	18	9	9
ENSG00000188786	397	196	201
ENSG00000230053	0	0	0
ENSG00000137941	131	61	70
ENSG00000273338	30	16	14
ENSG00000223720	1	0	1
ENSG00000224326	0	0	0
ENSG00000286548	16	10	6
ENSG00000066135	617	497	512
ENSG00000230027	0	0	0
ENSG00000233061	2	1	1
ENSG00000272094	0	0	0
ENSG00000228853	0	0	0
ENSG00000215874	0	0	0
ENSG00000232453	24	12	12
ENSG00000260386	0	0	0
ENSG00000284895	0	0	0
ENSG00000117174	323	158	165
ENSG00000237413	1	1	0
ENSG00000184313	185	81	104
ENSG00000284645	0	0	0
ENSG00000225605	1	0	1
ENSG00000225446	1	0	1
ENSG00000288543	0	0	0
ENSG00000122420	29	12	17
ENSG00000284240	0	0	0
ENSG00000236290	0	0	0
ENSG00000143013	793	398	395
ENSG00000226084	5	3	2
ENSG00000134748	1652	831	823
ENSG00000142892	412	216	196
ENSG00000219102	2	0	2
ENSG00000184005	51	31	20
ENSG00000230953	20	7	13
ENSG00000287743	10	4	6
ENSG00000229332	0	0	0
ENSG00000227937	0	0	0
ENSG00000229752	0	0	0
ENSG00000237505	7	4	3
ENSG00000285462	0	0	0
ENSG00000233216	0	0	0
ENSG00000197273	355	182	173
ENSG00000226804	0	0	0
ENSG00000285325	0	0	0
ENSG00000230728	7	1	6
ENSG00000162402	1255	656	599
ENSG00000232846	0	0	0
ENSG00000219201	0	0	0
ENSG00000230787	0	0	0
ENSG00000116641	940	436	504
ENSG00000235927	3	5	4
ENSG00000223920	0	0	0
ENSG00000237453	7	1	6
ENSG00000172260	179	88	92
ENSG00000285473	0	0	0
ENSG00000237959	0	0	0
ENSG00000231364	0	0	0
ENSG00000234578	0	0	0
ENSG00000117480	3371	1655	1716
ENSG00000137944	476	231	245
ENSG00000229505	0	0	0
ENSG00000228187	0	0	0
ENSG00000285201	0	0	0
ENSG00000182183	16	7	9
ENSG00000236407	0	0	0
ENSG00000271949	0	0	0
ENSG00000227062	0	0	0
ENSG00000067334	1122	505	617
ENSG00000235011	0	0	0
ENSG00000235673	1	0	1
ENSG00000226938	0	0	0
ENSG00000213559	0	0	0
ENSG00000287587	1	1	0
ENSG00000142949	10189	5028	5161
ENSG00000116133	2406	1332	1274
ENSG00000232882	0	0	0
ENSG00000171502	90	49	41
ENSG00000162399	7	3	4
ENSG00000116157	89	40	49
ENSG00000143036	1870	933	937
ENSG00000232672	0	0	0
ENSG00000230817	0	0	0
ENSG00000235613	7	5	2
ENSG00000065243	933	469	464
ENSG00000226759	0	0	0
ENSG00000226960	4	2	2
ENSG00000234080	1	1	0
ENSG00000237899	0	0	0
ENSG00000225492	14	5	9
ENSG00000223905	0	0	0
ENSG00000227290	1	0	1
ENSG00000229486	0	0	0
ENSG00000282898	0	0	0
ENSG00000285409	0	0	0
ENSG00000231090	1	0	1
ENSG00000117528	1960	966	994
ENSG00000271723	6	1	5
ENSG00000172339	453	220	233
ENSG00000036549	624	265	359
ENSG00000287724	0	61	59
ENSG00000058799	556	265	291
ENSG00000225191	0	0	0
ENSG00000287870	1	1	0
ENSG00000235563	2	1	1
ENSG00000232048	0	0	0
ENSG00000232857	2	0	2
ENSG00000273637	0	0	0
ENSG00000203985	0	0	0
ENSG00000228838	0	0	0
ENSG00000283761	14	8	6
ENSG00000189433	0	0	0
ENSG00000230759	0	0	0
ENSG00000231866	0	0	0
ENSG00000179178	1340	659	689
ENSG00000142700	3	2	1
ENSG00000285525	0	0	0
ENSG00000236098	0	0	0
ENSG00000233514	1	1	0
ENSG00000127124	74	33	41
ENSG00000266993	27	32	30
ENSG00000223675	0	0	0
ENSG00000162604	410	211	199
ENSG00000229316	0	0	0
ENSG00000116171	4130	2054	2082
ENSG00000287406	17	9	8
ENSG00000225767	4	3	1
ENSG00000234099	1	0	1
ENSG00000137936	849	458	434
ENSG00000235308	1	0	1
ENSG00000232752	0	0	0
ENSG00000235829	0	0	0
ENSG00000143032	0	0	0
ENSG00000226745	0	0	0
ENSG00000178028	1807	890	917
ENSG00000280040	19	3	16
ENSG00000168710	2192	1087	1105
ENSG00000117519	1634	754	880
ENSG00000270507	0	0	0
ENSG00000238037	0	0	0
ENSG00000215869	0	0	0
ENSG00000134215	1765	840	925
ENSG00000227935	0	0	0
ENSG00000229887	1	1	0
ENSG00000228502	23	8	15
ENSG00000236268	0	0	0
ENSG00000271277	0	0	0
ENSG00000236888	0	0	0
ENSG00000279778	1	0	1
ENSG00000232015	0	0	0
ENSG00000230955	0	106	94
ENSG00000230828	0	0	0
ENSG00000188641	189	104	95
ENSG00000152078	514	242	272
ENSG00000237279	2	2	0
ENSG00000233359	0	0	0
ENSG00000237954	0	0	0
ENSG00000185668	3	1	2
ENSG00000171492	585	283	302
ENSG00000233129	0	0	0
ENSG00000170989	157	76	81
ENSG00000258634	148	114	114
ENSG00000233557	0	0	0
ENSG00000237897	0	0	0
ENSG00000116299	1196	577	621
ENSG00000137962	182	83	99
ENSG00000227832	0	0	0
ENSG00000286692	4	3	1
ENSG00000260464	8	4	5
ENSG00000237435	0	0	0
ENSG00000231996	0	0	0
ENSG00000273204	11	17	24
ENSG00000079739	2577	1423	1405
ENSG00000117154	6	3	3
ENSG00000162377	571	260	311
ENSG00000224613	0	0	0
ENSG00000215871	0	0	0
ENSG00000287372	0	0	0
ENSG00000232542	2	0	2
ENSG00000231095	0	0	0
ENSG00000116774	430	226	204
ENSG00000287756	4	3	1
ENSG00000269113	81	41	40
ENSG00000284652	2	1	1
ENSG00000023909	559	280	279
ENSG00000069702	327	152	175
ENSG00000232185	0	0	0
ENSG00000230489	0	0	0
ENSG00000228399	2	2	0
ENSG00000236776	1	1	0
ENSG00000285928	22	10	12
ENSG00000224685	0	0	0
ENSG00000287076	0	0	0
ENSG00000237480	0	0	0
ENSG00000271252	0	0	0
ENSG00000230427	1	0	1
ENSG00000235794	0	0	0
ENSG00000286758	0	0	0
ENSG00000237337	0	0	0
ENSG00000233983	0	0	0
ENSG00000198198	1408	1741	1793
ENSG00000225183	0	0	0
ENSG00000230402	0	0	0
ENSG00000116793	177	94	83
ENSG00000134201	79	43	36
ENSG00000238122	0	0	0
ENSG00000260879	0	27	43
ENSG00000213366	1013	537	476
ENSG00000230864	0	0	0
ENSG00000283354	0	0	0
ENSG00000232918	1	0	1
ENSG00000236360	1	4	3
ENSG00000183298	1	2	1
ENSG00000234332	4	2	2
ENSG00000117525	1780	845	936
ENSG00000225079	4	3	1
ENSG00000226483	0	0	0
ENSG00000224238	5	2	3
ENSG00000229537	0	0	0
ENSG00000162699	0	0	0
ENSG00000162692	199	109	90
ENSG00000203914	8	3	5
ENSG00000270457	1	1	0
ENSG00000203858	0	0	0
ENSG00000231987	0	0	0
ENSG00000228057	2	1	1
ENSG00000261593	0	0	0
ENSG00000224445	0	0	0
ENSG00000229842	0	0	0
ENSG00000270631	0	0	0
ENSG00000229201	0	0	0
ENSG00000181656	1	1	0
ENSG00000122481	85	68	17
ENSG00000198162	651	324	327
ENSG00000238198	12	10	2
ENSG00000171517	55	22	33
ENSG00000228852	10	7	3
ENSG00000203864	0	0	0
ENSG00000233482	0	0	0
ENSG00000230250	0	0	0
ENSG00000232878	0	6	4
ENSG00000143079	874	446	428
ENSG00000232450	5	3	2
ENSG00000223575	1	0	1
ENSG00000230768	0	0	0
ENSG00000235202	0	0	0
ENSG00000272715	3	0	3
ENSG00000235038	0	0	0
ENSG00000143093	813	404	409
ENSG00000226415	25	7	18
ENSG00000085491	1233	637	682
ENSG00000173947	16	10	6
ENSG00000241361	2	0	2
ENSG00000230434	0	0	0
ENSG00000230718	0	0	0
ENSG00000134198	208	103	105
ENSG00000235595	1	0	1
ENSG00000226053	0	0	0
ENSG00000226128	0	0	0
ENSG00000198799	899	446	527
ENSG00000279513	2	2	0
ENSG00000117620	2323	1119	1243
ENSG00000280186	4	1	3
ENSG00000223906	0	0	0
ENSG00000162688	607	300	307
ENSG00000197106	0	0	0
ENSG00000259946	0	0	0
ENSG00000236137	22	29	32
ENSG00000203859	50	23	27
ENSG00000228086	0	2	5
ENSG00000213421	0	0	0
ENSG00000234020	0	0	0
ENSG00000060718	3	1	2
ENSG00000236804	0	0	0
ENSG00000231072	0	0	0
ENSG00000273406	0	0	0
ENSG00000185946	350	168	182
ENSG00000162627	1154	546	608
ENSG00000226715	0	1	1
ENSG00000162695	454	206	248
ENSG00000134184	0	0	1
ENSG00000265808	730	356	374
ENSG00000261290	0	0	0
ENSG00000225923	0	0	0
ENSG00000134247	1880	926	954
ENSG00000187481	0	0	0
ENSG00000116752	819	385	434
ENSG00000162664	903	480	423
ENSG00000236866	3	2	1
ENSG00000134253	209	131	78
ENSG00000277655	0	0	0
ENSG00000223416	1	0	1
ENSG00000213226	0	0	0
ENSG00000179571	0	0	0
ENSG00000227850	0	0	0
ENSG00000243967	0	0	0
ENSG00000235777	0	0	0
ENSG00000260246	0	1	0
ENSG00000173218	392	205	187
ENSG00000285532	1	1	0
ENSG00000226755	0	0	0
ENSG00000232650	0	0	0
ENSG00000183508	2274	1121	1153
ENSG00000277095	0	0	0
ENSG00000236806	2	1	1
ENSG00000234283	0	0	0
ENSG00000237188	3	2	1
ENSG00000232780	2	2	0
ENSG00000274927	0	0	0
ENSG00000264145	0	0	0
ENSG00000238256	1	1	0
ENSG00000198765	1	0	1
ENSG00000224335	0	0	0
ENSG00000277702	5	4	1
ENSG00000143398	772	358	414
ENSG00000196505	333	165	168
ENSG00000225871	3	5	1
ENSG00000223489	2	0	2
ENSG00000230546	0	0	0
ENSG00000213262	4	4	0
ENSG00000287015	0	0	0
ENSG00000241720	1	85	33
ENSG00000235526	0	0	0
ENSG00000228347	0	0	0
ENSG00000276975	8	6	2
ENSG00000236012	0	0	0
ENSG00000270911	0	0	0
ENSG00000272824	2	0	2
ENSG00000134200	1	0	1
ENSG00000234257	0	0	0
ENSG00000065183	404	207	235
ENSG00000227082	1	0	1
ENSG00000228626	0	0	0
ENSG00000226126	0	0	0
ENSG00000163393	76	31	45
ENSG00000163156	560	287	277
ENSG00000143631	5	2	5
ENSG00000156150	0	38	42
ENSG00000228453	0	0	0
ENSG00000274642	0	0	0
ENSG00000177551	4	2	2
ENSG00000197323	638	287	351
ENSG00000237975	8	8	2
ENSG00000261168	1	0	1
ENSG00000287980	0	0	0
ENSG00000229283	0	0	0
ENSG00000271419	0	0	0
ENSG00000226172	0	0	0
ENSG00000079335	238	115	130
ENSG00000143119	752	351	401
ENSG00000237278	0	44	30
ENSG00000285062	0	0	0
ENSG00000233432	0	0	0
ENSG00000227700	0	0	0
ENSG00000229911	0	0	0
ENSG00000143520	0	0	0
ENSG00000171943	45	15	30
ENSG00000270719	0	0	0
ENSG00000155761	2	22	18
ENSG00000230806	0	0	0
ENSG00000116830	659	314	345
ENSG00000234422	0	0	0
ENSG00000227056	0	0	0
ENSG00000143614	579	285	294
ENSG00000227091	0	0	0
ENSG00000169418	80	42	38
ENSG00000214204	0	0	0
ENSG00000081026	827	410	417
ENSG00000225650	2	0	2
ENSG00000227179	0	0	0
ENSG00000224965	3	1	2
ENSG00000228127	0	0	0
ENSG00000226984	1	0	1
ENSG00000186150	0	0	0
ENSG00000143554	587	284	303
ENSG00000143458	1223	589	634
ENSG00000230932	0	0	0
ENSG00000073754	0	0	0
ENSG00000228826	0	0	0
ENSG00000233907	0	0	0
ENSG00000225036	0	0	0
ENSG00000228420	0	0	0
ENSG00000233839	0	0	0
ENSG00000250890	0	0	0
ENSG00000232240	0	0	0
ENSG00000280649	31	19	19
ENSG00000131781	490	241	264
ENSG00000223599	5	3	2
ENSG00000230921	0	0	0
ENSG00000286151	2	1	1
ENSG00000234388	0	0	0
ENSG00000235015	0	0	0
ENSG00000271736	0	0	0
ENSG00000235988	0	0	0
ENSG00000233717	1	1	0
ENSG00000231551	40	20	20
ENSG00000227295	8	4	4
ENSG00000163155	202	98	105
ENSG00000243613	0	22	14
ENSG00000241975	5	3	2
ENSG00000271143	0	0	0
ENSG00000270976	0	0	0
ENSG00000228217	0	0	0
ENSG00000270342	0	0	0
ENSG00000143552	13	6	7
ENSG00000175984	57	30	27
ENSG00000231100	0	0	0
ENSG00000116824	248	120	128
ENSG00000235887	0	0	0
ENSG00000237460	0	0	0
ENSG00000236327	0	0	0
ENSG00000223804	13	9	4
ENSG00000236887	0	0	0
ENSG00000024526	173	86	103
ENSG00000236480	4	2	2
ENSG00000235756	0	0	0
ENSG00000173810	0	0	0
ENSG00000235005	0	0	0
ENSG00000271890	0	0	0
ENSG00000238107	0	0	0
ENSG00000227425	0	0	0
ENSG00000233222	0	9	7
ENSG00000225279	0	0	0
ENSG00000229101	0	0	0
ENSG00000224927	0	0	0
ENSG00000239216	0	0	0
ENSG00000283360	3	2	1
ENSG00000117262	125	66	59
ENSG00000227907	5	2	4
ENSG00000143624	2492	1251	1324
ENSG00000227970	0	0	0
ENSG00000261055	3	1	2
ENSG00000231613	2	0	2
ENSG00000137947	587	309	278
ENSG00000236689	2	2	0
ENSG00000233589	1	10	7
ENSG00000117586	17	9	8
ENSG00000230946	2	1	1
ENSG00000226028	0	0	0
ENSG00000162728	14	7	7
ENSG00000229021	2	1	1
ENSG00000203825	0	0	0
ENSG00000184371	1146	569	577
ENSG00000233449	0	0	0
ENSG00000242943	0	0	0
ENSG00000233203	3	3	0
ENSG00000232499	14	6	8
ENSG00000232265	5	4	1
ENSG00000163154	90	46	45
ENSG00000232995	9	5	4
ENSG00000236957	0	0	0
ENSG00000238087	0	0	0
ENSG00000227777	0	0	0
ENSG00000177173	16	2	14
ENSG00000277406	26	13	13
ENSG00000238022	0	0	0
ENSG00000231671	0	0	0
ENSG00000162729	2338	1141	1197
ENSG00000143158	2047	1380	1680
ENSG00000271092	3	2	1
ENSG00000238118	0	0	0
ENSG00000276118	0	0	0
ENSG00000232148	0	0	0
ENSG00000278811	13	15	17
ENSG00000000460	137	190	200
ENSG00000188859	58	35	30
ENSG00000275075	0	0	0
ENSG00000135862	1451	735	716
ENSG00000232952	1	0	1
ENSG00000158473	421	216	205
ENSG00000227722	0	0	0
ENSG00000285922	0	0	0
ENSG00000275801	0	0	0
ENSG00000143198	3927	1857	2070
ENSG00000143318	12	7	5
ENSG00000232188	0	0	0
ENSG00000232212	0	0	0
ENSG00000143621	2148	1089	1065
ENSG00000241042	0	0	0
ENSG00000143155	772	375	397
ENSG00000260322	0	0	0
ENSG00000223495	0	0	0
ENSG00000143156	100	403	211
ENSG00000198771	575	286	298
ENSG00000225462	0	0	0
ENSG00000237756	3	2	1
ENSG00000116147	0	0	0
ENSG00000213064	1350	676	715
ENSG00000203307	2	1	1
ENSG00000143179	637	456	398
ENSG00000271187	0	0	0
ENSG00000274562	0	0	0
ENSG00000143315	379	204	175
ENSG00000116199	1065	516	549
ENSG00000231175	0	0	0
ENSG00000143185	17	8	9
ENSG00000235145	14	8	6
ENSG00000116260	3550	1759	1791
ENSG00000272931	29	15	14
ENSG00000143190	329	192	191
ENSG00000225475	0	0	0
ENSG00000230898	2	0	2
ENSG00000232223	0	0	0
ENSG00000224698	0	0	0
ENSG00000287697	12	8	19
ENSG00000075945	1235	615	669
ENSG00000235303	0	0	0
ENSG00000234810	2	1	1
ENSG00000232750	0	0	0
ENSG00000224468	14	7	7
ENSG00000235628	0	0	0
ENSG00000232551	0	0	0
ENSG00000092607	3	1	2
ENSG00000238270	0	0	0
ENSG00000285894	0	0	0
ENSG00000236025	0	0	0
ENSG00000230687	0	0	0
ENSG00000230704	0	0	0
ENSG00000283255	0	0	0
ENSG00000227741	20	29	78
ENSG00000237049	0	0	0
ENSG00000286754	2	0	2
ENSG00000232751	0	0	0
ENSG00000236364	23	100	95
ENSG00000117091	278	284	298
ENSG00000235378	0	0	0
ENSG00000143171	70	27	43
ENSG00000275767	0	0	0
ENSG00000224718	1	1	0
ENSG00000047410	2138	1091	1192
ENSG00000231992	3	2	1
ENSG00000018625	234	111	123
ENSG00000171806	127	60	73
ENSG00000287919	2	1	1
ENSG00000229914	2	2	0
ENSG00000233882	0	0	0
ENSG00000198358	2	2	0
ENSG00000229407	5	5	1
ENSG00000134216	0	0	0
ENSG00000230748	0	0	0
ENSG00000254154	35	17	18
ENSG00000162694	247	129	148
ENSG00000238108	0	0	0
ENSG00000214262	0	16	25
ENSG00000183853	329	163	166
ENSG00000215835	2	2	0
ENSG00000118197	395	197	199
ENSG00000135842	421	219	202
ENSG00000229258	1	1	1
ENSG00000287472	0	0	0
ENSG00000241318	0	0	0
ENSG00000228238	1	1	0
ENSG00000232393	0	0	0
ENSG00000121454	49	64	74
ENSG00000184155	0	0	0
ENSG00000058085	576	286	290
ENSG00000260088	3	1	3
ENSG00000287978	77	36	41
ENSG00000116815	396	185	211
ENSG00000232917	0	0	0
ENSG00000233057	2	0	2
ENSG00000237131	0	0	0
ENSG00000233946	0	0	0
ENSG00000143167	8178	4078	4101
ENSG00000143184	31	14	17
ENSG00000231966	2	1	1
ENSG00000176320	0	0	0
ENSG00000260976	0	0	0
ENSG00000235215	0	0	0
ENSG00000223450	0	0	0
ENSG00000224691	2	1	1
ENSG00000286572	0	0	0
ENSG00000235101	0	0	0
ENSG00000228215	0	0	0
ENSG00000177807	8	4	4
ENSG00000233626	4	1	3
ENSG00000233691	0	0	0
ENSG00000283518	0	0	0
ENSG00000271527	0	0	0
ENSG00000143228	221	114	107
ENSG00000235827	0	0	0
ENSG00000231615	0	0	0
ENSG00000231714	0	0	0
ENSG00000174514	206	123	116
ENSG00000143178	73	35	38
ENSG00000224837	0	0	0
ENSG00000116833	875	430	445
ENSG00000227740	10	4	6
ENSG00000260990	0	0	0
ENSG00000000457	331	307	271
ENSG00000143507	184	86	98
ENSG00000285638	0	0	0
ENSG00000226520	0	0	0
ENSG00000284592	0	0	0
ENSG00000230987	0	0	0
ENSG00000232527	0	0	0
ENSG00000215833	0	0	0
ENSG00000228167	0	0	0
ENSG00000225325	0	0	0
ENSG00000223344	0	0	0
ENSG00000228191	0	0	0
ENSG00000229961	3	2	1
ENSG00000150732	0	0	0
ENSG00000157064	12	8	7
ENSG00000288139	0	0	0
ENSG00000226015	54	27	27
ENSG00000215808	0	0	0
ENSG00000059588	1692	872	820
ENSG00000231512	0	0	0
ENSG00000237379	0	0	0
ENSG00000232959	1	20	30
ENSG00000122224	193	86	107
ENSG00000162782	43	17	26
ENSG00000238051	0	0	0
ENSG00000233196	0	0	0
ENSG00000229220	4	1	3
ENSG00000143653	871	430	441
ENSG00000135837	674	338	336
ENSG00000158711	715	387	364
ENSG00000227747	0	0	0
ENSG00000228081	0	0	0
ENSG00000228020	0	0	0
ENSG00000234975	51	29	22
ENSG00000162851	427	195	232
ENSG00000271427	2	1	1
ENSG00000261817	0	0	0
ENSG00000143353	248	132	141
ENSG00000197965	2826	1403	1423
ENSG00000143493	537	251	286
ENSG00000230777	2	1	1
ENSG00000179397	8	7	1
ENSG00000224540	0	0	0
ENSG00000117592	4799	2384	2415
ENSG00000186197	10	3	7
ENSG00000229067	0	0	0
ENSG00000230231	0	0	0
ENSG00000227711	0	0	0
ENSG00000261182	0	0	0
ENSG00000228879	0	0	0
ENSG00000227925	0	0	0
ENSG00000162670	325	161	196
ENSG00000225712	0	0	0
ENSG00000162761	2	0	2
ENSG00000143199	29	21	8
ENSG00000179930	4	2	2
ENSG00000007908	37	18	19
ENSG00000092978	310	134	176
ENSG00000143499	778	377	401
ENSG00000188404	31	17	14
ENSG00000227735	0	0	0
ENSG00000243062	0	0	0
ENSG00000143196	179	85	94
ENSG00000228504	0	0	0
ENSG00000274702	0	0	0
ENSG00000226211	0	0	0
ENSG00000236942	10	9	4
ENSG00000287205	0	0	0
ENSG00000203697	2869	1426	1443
ENSG00000116574	827	412	415
ENSG00000287929	4	3	4
ENSG00000186283	1347	679	668
ENSG00000224896	0	0	0
ENSG00000226292	0	0	0
ENSG00000121481	250	122	128
ENSG00000227940	0	0	0
ENSG00000117139	1502	719	783
ENSG00000143248	1513	736	777
ENSG00000278455	0	0	0
ENSG00000224810	2	1	1
ENSG00000162814	36	17	24
ENSG00000225172	1	0	1
ENSG00000261642	0	0	0
ENSG00000228239	0	0	0
ENSG00000237283	0	0	0
ENSG00000116132	30	14	16
ENSG00000238042	0	0	0
ENSG00000271475	0	0	0
ENSG00000231877	0	0	0
ENSG00000116679	3117	1589	1528
ENSG00000228536	1	1	0
ENSG00000230550	0	1	0
ENSG00000229242	0	0	0
ENSG00000253326	3	2	1
ENSG00000228470	1	0	1
ENSG00000152092	9	5	4
ENSG00000234984	0	0	0
ENSG00000231648	0	0	0
ENSG00000229983	1	1	0
ENSG00000215149	0	0	0
ENSG00000225122	0	0	0
ENSG00000225920	5	2	3
ENSG00000143476	271	134	137
ENSG00000121486	316	141	175
ENSG00000228437	0	0	0
ENSG00000214837	5	3	2
ENSG00000057252	481	229	252
ENSG00000225982	0	0	0
ENSG00000285718	0	0	0
ENSG00000234070	0	2	3
ENSG00000233620	0	0	0
ENSG00000237783	0	0	0
ENSG00000272906	2	18	24
ENSG00000233018	0	0	0
ENSG00000123685	35	22	13
ENSG00000224783	0	0	0
ENSG00000162852	834	391	443
ENSG00000232792	3	3	0
ENSG00000273004	6	1	5
ENSG00000143842	538	282	256
ENSG00000268062	9	3	6
ENSG00000237409	0	0	0
ENSG00000116962	970	449	521
ENSG00000288078	0	0	0
ENSG00000271399	0	0	0
ENSG00000229757	0	0	0
ENSG00000232679	0	0	0
ENSG00000159388	17115	8380	8735
ENSG00000220749	3	0	5
ENSG00000181450	144	68	76
ENSG00000223519	19	54	36
ENSG00000120333	521	263	269
ENSG00000286285	3	3	0
ENSG00000225300	4	2	2
ENSG00000223842	2	1	1
ENSG00000162753	0	1	0
ENSG00000228247	0	0	0
ENSG00000231424	5	3	2
ENSG00000143355	2	2	0
ENSG00000287177	0	0	0
ENSG00000237193	0	0	0
ENSG00000223490	0	0	0
ENSG00000121644	706	335	371
ENSG00000174502	0	0	0
ENSG00000224286	0	0	0
ENSG00000158715	820	384	436
ENSG00000143195	22	6	16
ENSG00000162849	11	7	4
ENSG00000232824	1	0	1
ENSG00000273416	3	1	2
ENSG00000234142	0	0	0
ENSG00000282111	0	0	0
ENSG00000233410	0	0	0
ENSG00000067533	358	169	189
ENSG00000228955	5	1	4
ENSG00000270443	0	0	0
ENSG00000116209	6432	3221	3211
ENSG00000224702	0	0	0
ENSG00000271811	1	1	0
ENSG00000224278	0	0	0
ENSG00000235492	0	0	0
ENSG00000287808	12	7	23
ENSG00000271588	2	1	1
ENSG00000229840	0	0	0
ENSG00000116161	1716	881	861
ENSG00000226486	0	0	0
ENSG00000227687	0	0	0
ENSG00000231814	0	0	0
ENSG00000286210	2	0	2
ENSG00000287364	14	4	10
ENSG00000225063	0	0	0
ENSG00000260698	18	14	4
ENSG00000277007	8	3	5
ENSG00000229016	0	0	0
ENSG00000077157	1316	658	676
ENSG00000152104	133	53	82
ENSG00000236975	1	0	1
ENSG00000215834	0	0	0
ENSG00000286541	0	0	0
ENSG00000117650	187	93	94
ENSG00000235021	1	1	0
ENSG00000203724	83	41	42
ENSG00000225006	0	0	0
ENSG00000287633	0	0	0
ENSG00000158764	0	0	0
ENSG00000223375	0	0	0
ENSG00000230714	0	0	0
ENSG00000261065	0	12	8
ENSG00000260855	34	18	16
ENSG00000188783	305	139	166
ENSG00000236206	2	1	1
ENSG00000168118	949	478	522
ENSG00000181101	1	0	1
ENSG00000173726	2373	1165	1208
ENSG00000282852	1	1	0
ENSG00000152382	249	119	130
ENSG00000143839	1	0	1
ENSG00000232100	0	0	0
ENSG00000261024	0	0	0
ENSG00000230547	0	0	0
ENSG00000229703	0	0	0
ENSG00000176754	0	0	0
ENSG00000232309	0	0	0
ENSG00000227953	91	77	85
ENSG00000232215	0	0	0
ENSG00000135829	2603	1290	1331
ENSG00000228289	0	0	0
ENSG00000134717	362	188	174
ENSG00000232989	0	0	0
ENSG00000233537	0	0	0
ENSG00000116668	134	68	66
ENSG00000143756	572	282	290
ENSG00000278180	0	0	0
ENSG00000143702	100	48	59
ENSG00000232341	1	0	1
ENSG00000287676	1	0	1
ENSG00000236792	0	0	0
ENSG00000143207	1236	669	567
ENSG00000270859	0	0	0
ENSG00000238224	0	0	0
ENSG00000286775	0	0	0
ENSG00000122176	453	220	233
ENSG00000229120	0	0	0
ENSG00000237492	0	0	0
ENSG00000230404	0	0	0
ENSG00000213036	0	0	0
ENSG00000227230	1	0	4
ENSG00000236230	0	0	0
ENSG00000026751	1469	716	753
ENSG00000150681	21	16	12
ENSG00000116906	1156	576	580
ENSG00000092969	10	5	10
ENSG00000157181	695	351	344
ENSG00000250762	0	0	0
ENSG00000236720	0	0	0
ENSG00000227421	0	0	0
ENSG00000227240	0	0	0
ENSG00000076258	193	105	88
ENSG00000286073	0	0	0
ENSG00000231084	11	5	6
ENSG00000232085	0	1	3
ENSG00000117697	369	173	196
ENSG00000279333	0	16	14
ENSG00000235083	0	0	0
ENSG00000162669	4	3	1
ENSG00000197067	3	0	3
ENSG00000229652	0	0	0
ENSG00000132681	1	1	0
ENSG00000225904	0	0	0
ENSG00000270920	0	0	0
ENSG00000281664	0	0	0
ENSG00000143641	960	673	722
ENSG00000227630	15	5	10
ENSG00000228830	0	897	713
ENSG00000010932	4	4	0
ENSG00000282849	0	0	0
ENSG00000276520	4	2	2
ENSG00000226640	0	0	0
ENSG00000010072	129	81	78
ENSG00000135766	169	91	78
ENSG00000232626	4	2	2
ENSG00000232096	0	0	0
ENSG00000279261	1	0	1
ENSG00000213051	0	0	0
ENSG00000238054	0	0	0
ENSG00000163534	33	15	18
ENSG00000168243	57	32	25
ENSG00000281453	0	0	0
ENSG00000237469	0	0	0
ENSG00000224939	1	0	1
ENSG00000227613	0	0	0
ENSG00000116183	18	7	11
ENSG00000270106	0	0	0
ENSG00000232194	0	0	0
ENSG00000235152	0	0	0
ENSG00000231612	0	0	0
ENSG00000237980	4	4	0
ENSG00000271036	0	0	0
ENSG00000230849	0	0	0
ENSG00000170382	150	70	83
ENSG00000228664	0	0	0
ENSG00000226868	0	0	0
ENSG00000279401	1	1	0
ENSG00000272362	0	0	0
ENSG00000287450	0	0	0
ENSG00000237011	0	0	0
ENSG00000233583	0	0	0
ENSG00000066027	1788	848	940
ENSG00000286263	1	1	0
ENSG00000227006	7	2	5
ENSG00000236372	0	0	0
ENSG00000224525	0	0	0
ENSG00000188770	0	0	0
ENSG00000173728	1	1	0
ENSG00000094975	544	258	286
ENSG00000225811	1	12	21
ENSG00000273093	0	0	0
ENSG00000162772	8165	3898	4269
ENSG00000227818	0	0	0
ENSG00000135828	475	229	246
ENSG00000224227	0	0	0
ENSG00000286398	0	0	0
ENSG00000076356	1888	960	928
ENSG00000215819	0	0	2
ENSG00000185523	0	0	0
ENSG00000236108	0	0	0
ENSG00000116711	206	95	111
ENSG00000231684	3	1	2
ENSG00000226750	0	0	0
ENSG00000285665	7	3	4
ENSG00000231022	0	0	0
ENSG00000224436	0	0	0
ENSG00000228208	0	0	0
ENSG00000273384	1	1	0
ENSG00000238061	6	5	1
ENSG00000234915	0	0	1
ENSG00000143845	19	20	20
ENSG00000235862	1	41	23
ENSG00000069812	986	484	503
ENSG00000227585	0	0	0
ENSG00000157060	0	0	0
ENSG00000237213	0	0	0
ENSG00000236439	2	0	2
ENSG00000224260	0	0	0
ENSG00000213045	0	0	0
ENSG00000287220	1	0	1
ENSG00000230063	4	3	2
ENSG00000235467	0	0	0
ENSG00000123684	899	435	465
ENSG00000117707	58	26	32
ENSG00000228044	0	0	0
ENSG00000225338	1	0	1
ENSG00000224407	0	218	217
ENSG00000232463	0	0	0
ENSG00000237457	6	3	3
ENSG00000225171	14	7	7
ENSG00000226843	0	0	0
ENSG00000235386	0	0	0
ENSG00000123836	2911	1394	1536
ENSG00000213690	1	1	0
ENSG00000223982	0	0	0
ENSG00000229832	0	0	0
ENSG00000117691	965	448	517
ENSG00000225233	0	0	0
ENSG00000274895	2	0	2
ENSG00000237514	0	0	0
ENSG00000287856	0	0	0
ENSG00000228067	0	0	0
ENSG00000284299	0	0	0
ENSG00000226375	0	0	0
ENSG00000203705	209	109	100
ENSG00000224040	0	0	0
ENSG00000228686	6	5	1
ENSG00000279838	25	11	14
ENSG00000174175	33	20	13
ENSG00000236401	0	0	0
ENSG00000241475	0	0	0
ENSG00000215800	0	0	0
ENSG00000286421	0	0	0
ENSG00000270936	0	0	0
ENSG00000008118	3	2	1
ENSG00000171161	860	448	412
ENSG00000241505	0	0	0
ENSG00000224535	0	0	0
ENSG00000282097	1	0	1
ENSG00000261453	2	2	0
ENSG00000231020	0	0	0
ENSG00000270818	0	0	0
ENSG00000196878	1710	850	860
ENSG00000133059	322	147	175
ENSG00000225561	0	0	0
ENSG00000224668	0	0	0
ENSG00000242529	0	0	0
ENSG00000074964	4006	1961	2045
ENSG00000223847	0	0	0
ENSG00000277704	0	0	0
ENSG00000116918	409	191	235
ENSG00000274020	39	18	29
ENSG00000287445	14	7	7
ENSG00000259815	0	0	0
ENSG00000240963	0	0	0
ENSG00000226570	0	0	0
ENSG00000198929	66	30	36
ENSG00000272167	1	0	1
ENSG00000230628	2	1	1
ENSG00000162771	1	23	41
ENSG00000227579	1	0	1
ENSG00000176393	3037	1954	1962
ENSG00000174606	610	302	308
ENSG00000179914	1155	552	603
ENSG00000235750	718	357	361
ENSG00000284376	0	0	0
ENSG00000121446	3	3	0
ENSG00000226758	0	0	0
ENSG00000230199	0	0	0
ENSG00000236905	3	2	1
ENSG00000233304	1	1	0
ENSG00000288007	8	7	5
ENSG00000227887	1	0	1
ENSG00000116903	255	137	148
ENSG00000228255	0	0	0
ENSG00000226196	0	0	0
ENSG00000287354	0	2	0
ENSG00000233827	0	0	0
ENSG00000198797	7	3	4
ENSG00000271746	9	13	12
ENSG00000234233	0	0	0
ENSG00000151414	551	260	291
ENSG00000177614	97	50	47
ENSG00000223794	0	0	0
ENSG00000235182	0	0	0
ENSG00000213041	0	0	0
ENSG00000287157	0	0	0
ENSG00000233920	0	0	0
ENSG00000183831	1	1	0
ENSG00000225755	0	0	0
ENSG00000143858	30	20	28
ENSG00000197472	15	10	5
ENSG00000230184	0	0	0
ENSG00000234004	0	0	0
ENSG00000232436	0	0	0
ENSG00000231718	0	0	0
ENSG00000283952	0	0	0
ENSG00000230019	0	0	0
ENSG00000136643	272	141	131
ENSG00000232537	0	0	0
ENSG00000226036	0	0	0
ENSG00000285521	0	0	0
ENSG00000236317	0	0	0
ENSG00000176855	1	1	0
ENSG00000227728	0	0	0
ENSG00000133069	22	10	12
ENSG00000162877	9	6	3
ENSG00000233461	54	21	33
ENSG00000225401	0	0	0
ENSG00000228190	0	0	0
ENSG00000135747	9	4	5
ENSG00000227237	1	0	1
ENSG00000069248	629	302	327
ENSG00000232812	0	0	0
ENSG00000231666	0	0	0
ENSG00000226986	1	0	1
ENSG00000242042	0	0	0
ENSG00000234464	0	0	0
ENSG00000253148	0	0	0
ENSG00000227751	0	363	300
ENSG00000090104	6271	2957	3314
ENSG00000285280	6	5	9
ENSG00000232892	1	0	1
ENSG00000236950	0	0	0
ENSG00000236468	0	0	0
ENSG00000143322	527	236	291
ENSG00000185220	314	147	167
ENSG00000226003	0	0	0
ENSG00000230813	0	0	0
ENSG00000226862	3	1	2
ENSG00000236101	0	0	0
ENSG00000162769	271	113	158
ENSG00000133065	174	80	94
ENSG00000278684	0	0	0
ENSG00000236775	0	0	0
ENSG00000042781	6	3	3
ENSG00000234754	1	1	0
ENSG00000233084	0	0	0
ENSG00000227815	0	0	0
ENSG00000287046	6	3	3
ENSG00000223774	1	74	81
ENSG00000228863	13	176	141
ENSG00000228646	0	0	0
ENSG00000229112	0	0	0
ENSG00000233332	0	0	0
ENSG00000231984	0	0	0
ENSG00000286213	0	0	0
ENSG00000226876	1	0	1
ENSG00000277462	48	22	26
ENSG00000225591	2	1	1
ENSG00000035687	827	379	448
ENSG00000213080	8	1	7
ENSG00000180287	0	0	0
ENSG00000226693	0	0	0
ENSG00000234678	292	599	673
ENSG00000231272	0	0	0
ENSG00000223828	0	0	0
ENSG00000163431	895	525	525
ENSG00000230124	731	403	417
ENSG00000226723	0	0	0
ENSG00000272672	0	0	0
ENSG00000143473	5	17	18
ENSG00000228982	0	0	0
ENSG00000235096	1	1	0
ENSG00000237250	0	0	0
ENSG00000007341	283	231	264
ENSG00000286747	1	0	1
ENSG00000236069	0	1	0
ENSG00000236244	0	0	0
ENSG00000272865	0	0	0
ENSG00000117222	465	242	223
ENSG00000143324	456	210	246
ENSG00000229871	1	0	1
ENSG00000225222	0	0	0
ENSG00000118193	130	66	64
ENSG00000234116	0	0	0
ENSG00000231940	7	4	3
ENSG00000198842	1	0	1
ENSG00000286619	0	0	0
ENSG00000198756	19	7	12
ENSG00000259823	375	182	193
ENSG00000271558	0	0	0
ENSG00000227554	0	0	0
ENSG00000178596	0	0	0
ENSG00000135749	355	201	237
ENSG00000143786	22	17	8
ENSG00000224584	0	0	0
ENSG00000054282	403	246	237
ENSG00000183780	3	2	1
ENSG00000229663	0	0	0
ENSG00000162702	165	75	90
ENSG00000251508	0	0	0
ENSG00000238272	0	0	1
ENSG00000228530	0	0	0
ENSG00000235060	3	3	0
ENSG00000143194	0	0	0
ENSG00000229531	3	2	1
ENSG00000271329	0	0	0
ENSG00000054267	539	266	277
ENSG00000261831	1	1	0
ENSG00000287921	0	0	0
ENSG00000177800	0	0	0
ENSG00000225620	0	0	0
ENSG00000232166	1	0	1
ENSG00000175137	929	457	472
ENSG00000134245	384	301	291
ENSG00000234041	0	0	0
ENSG00000227373	8	2	6
ENSG00000231905	4	2	2
ENSG00000228175	28	16	12
ENSG00000069275	2917	1492	1425
ENSG00000143674	702	339	363
ENSG00000237317	1	0	1
ENSG00000187889	12	7	5
ENSG00000134375	1387	681	706
ENSG00000097046	186	92	94
ENSG00000232113	0	0	0
ENSG00000282718	0	0	0
ENSG00000231378	1	0	1
ENSG00000235605	0	5	2
ENSG00000223525	2	1	1
ENSG00000224857	0	0	0
ENSG00000273367	4	3	1
ENSG00000230604	0	0	0
ENSG00000231605	0	0	0
ENSG00000236358	1	0	6
ENSG00000203737	4	3	1
ENSG00000238003	0	0	0
ENSG00000215873	0	0	0
ENSG00000287008	0	0	0
ENSG00000185420	271	127	144
ENSG00000076321	262	119	143
ENSG00000272175	0	0	0
ENSG00000231564	1	0	1
ENSG00000135778	1266	683	666
ENSG00000213070	0	0	0
ENSG00000282265	0	0	0
ENSG00000250536	0	0	0
ENSG00000229747	0	0	0
ENSG00000117280	288	157	131
ENSG00000233985	0	0	0
ENSG00000232175	8	5	3
ENSG00000287423	0	0	0
ENSG00000286774	0	0	0
ENSG00000236719	0	0	0
ENSG00000136636	1050	485	565
ENSG00000225486	0	0	0
ENSG00000227043	0	0	0
ENSG00000163874	2128	1006	1122
ENSG00000285777	0	0	0
ENSG00000237249	4	2	2
ENSG00000286109	0	0	0
ENSG00000213068	1	0	1
ENSG00000054392	150	74	78
ENSG00000227994	0	0	0
ENSG00000286552	0	0	0
ENSG00000225711	4	2	2
ENSG00000122223	74	33	41
ENSG00000235869	3	3	0
ENSG00000188739	25	11	14
ENSG00000286666	0	0	0
ENSG00000135750	372	165	207
ENSG00000273198	0	0	0
ENSG00000203730	5	4	1
ENSG00000225719	0	0	0
ENSG00000273483	5	1	4
ENSG00000287987	0	0	0
ENSG00000203729	0	0	0
ENSG00000232809	0	0	0
ENSG00000284623	0	0	0
ENSG00000285981	0	0	0
ENSG00000261729	1	1	0
ENSG00000223869	0	0	0
ENSG00000229228	28	11	17
ENSG00000215796	0	0	0
ENSG00000185221	0	0	0
ENSG00000233047	0	0	0
ENSG00000143341	77	28	49
ENSG00000228309	0	0	0
ENSG00000229739	19	6	13
ENSG00000116703	0	0	0
ENSG00000273874	0	0	0
ENSG00000278791	0	72	98
ENSG00000278757	0	0	0
ENSG00000264341	0	0	0
ENSG00000264101	0	0	0
ENSG00000265141	0	0	0
ENSG00000221083	2	1	1
ENSG00000252404	0	0	0
ENSG00000222511	0	0	0
ENSG00000265392	0	0	0
ENSG00000243267	3	2	1
ENSG00000201725	0	0	0
ENSG00000274258	0	0	0
ENSG00000239149	2	0	2
ENSG00000252151	0	0	0
ENSG00000252969	0	0	0
ENSG00000252417	0	0	0
ENSG00000200975	0	0	0
ENSG00000201609	0	0	0
ENSG00000238482	0	0	0
ENSG00000252956	0	0	0
ENSG00000265606	0	0	0
ENSG00000284357	0	0	0
ENSG00000278034	1	1	0
ENSG00000207237	0	0	0
ENSG00000222784	0	0	0
ENSG00000266210	1	1	0
ENSG00000265961	0	0	0
ENSG00000251866	1	1	0
ENSG00000252691	0	0	0
ENSG00000264371	0	0	0
ENSG00000253005	0	0	0
ENSG00000238316	0	0	0
ENSG00000207941	0	0	0
ENSG00000264773	2	0	2
ENSG00000252448	1	0	1
ENSG00000200421	0	0	0
ENSG00000222282	1	0	1
ENSG00000199963	0	0	0
ENSG00000264698	0	0	0
ENSG00000207328	0	0	0
ENSG00000207466	0	0	0
ENSG00000252368	0	0	0
ENSG00000206779	4	3	1
ENSG00000265596	0	0	0
ENSG00000212541	2	1	1
ENSG00000200796	0	0	0
ENSG00000252190	0	0	0
ENSG00000264613	0	0	0
ENSG00000199240	0	0	0
ENSG00000277168	0	0	0
ENSG00000283724	0	0	0
ENSG00000284410	0	0	0
ENSG00000252018	2	2	0
ENSG00000206627	1	0	1
ENSG00000283414	0	0	0
ENSG00000207508	2	1	1
ENSG00000200171	0	0	0
ENSG00000207194	0	0	0
ENSG00000283477	0	0	0
ENSG00000264834	1	1	0
ENSG00000263675	2	2	0
ENSG00000266188	0	0	0
ENSG00000206981	0	0	0
ENSG00000200174	0	0	0
ENSG00000265822	0	0	0
ENSG00000265815	0	0	0
ENSG00000238653	0	0	0
ENSG00000212624	1	0	1
ENSG00000200575	0	0	0
ENSG00000212360	0	0	0
ENSG00000242860	1	0	1
ENSG00000263908	0	0	0
ENSG00000283690	0	0	0
ENSG00000199921	0	0	0
ENSG00000251825	0	0	0
ENSG00000201153	0	0	0
ENSG00000222624	0	0	0
ENSG00000223152	0	0	0
ENSG00000212308	0	0	0
ENSG00000279049	0	8	10
ENSG00000276081	0	0	0
ENSG00000239640	0	0	0
ENSG00000252338	0	0	0
ENSG00000251785	0	0	0
ENSG00000239319	0	0	0
ENSG00000222849	0	0	0
ENSG00000283749	0	0	0
ENSG00000251958	0	0	0
ENSG00000251767	0	0	0
ENSG00000243437	0	0	0
ENSG00000202263	0	0	0
ENSG00000199318	1	0	1
ENSG00000199666	0	0	0
ENSG00000200601	0	0	0
ENSG00000242482	0	0	0
ENSG00000212366	0	0	0
ENSG00000201620	0	0	0
ENSG00000206817	0	0	0
ENSG00000284247	0	0	0
ENSG00000200839	0	0	0
ENSG00000264963	0	0	0
ENSG00000264271	0	0	0
ENSG00000239504	0	0	0
ENSG00000284202	0	0	0
ENSG00000251720	1	0	1
ENSG00000274321	0	0	0
ENSG00000198974	0	0	0
ENSG00000212248	1	0	1
ENSG00000207962	0	0	0
ENSG00000276884	0	0	0
ENSG00000207234	2	2	0
ENSG00000202259	3	2	1
ENSG00000212459	0	0	0
ENSG00000278287	0	0	0
ENSG00000277565	0	0	0
ENSG00000263526	1	1	0
ENSG00000211575	1	0	1
ENSG00000275823	0	0	0
ENSG00000277689	0	0	0
ENSG00000274199	0	0	0
ENSG00000202254	0	0	0
ENSG00000244256	8	4	4
ENSG00000201491	0	0	0
ENSG00000199831	0	0	0
ENSG00000275455	0	0	0
ENSG00000252162	0	0	0
ENSG00000272051	0	0	0
ENSG00000283899	0	0	0
ENSG00000200800	0	0	0
ENSG00000207502	0	0	0
ENSG00000252530	0	0	0
ENSG00000200536	0	0	0
ENSG00000211543	0	0	0
ENSG00000252797	0	0	0
ENSG00000212266	0	0	0
ENSG00000222209	0	0	0
ENSG00000277141	0	0	0
ENSG00000215930	2	0	2
ENSG00000238761	0	0	0
ENSG00000201114	0	0	0
ENSG00000206679	1	1	0
ENSG00000264419	0	0	0
ENSG00000222069	0	0	0
ENSG00000274428	6	4	2
ENSG00000199879	4	3	1
ENSG00000274408	0	0	0
ENSG00000283676	2	2	0
ENSG00000252005	0	0	0
ENSG00000252510	0	0	0
ENSG00000207340	6	5	1
ENSG00000252830	0	0	0
ENSG00000274450	0	0	0
ENSG00000252135	0	0	0
ENSG00000278596	1	1	0
ENSG00000238825	1	1	0
ENSG00000201183	6	5	1
ENSG00000202408	0	2	0
ENSG00000252744	0	0	0
ENSG00000273768	5	2	3
ENSG00000242565	0	0	0
ENSG00000239984	0	0	0
ENSG00000283296	2	1	1
ENSG00000252717	0	0	0
ENSG00000194297	0	0	0
ENSG00000199565	0	0	0
ENSG00000277313	0	0	0
ENSG00000274940	0	0	0
ENSG00000207341	0	0	0
ENSG00000207472	0	0	0
ENSG00000206880	0	0	0
ENSG00000252552	0	0	0
ENSG00000199849	0	0	0
ENSG00000252407	0	0	0
ENSG00000212538	0	0	0
ENSG00000251813	0	0	0
ENSG00000207108	0	0	0
ENSG00000201312	0	0	0
ENSG00000207039	0	0	0
ENSG00000202491	0	0	0
ENSG00000201596	0	0	0
ENSG00000276839	1	1	0
ENSG00000207974	0	0	0
ENSG00000273629	0	0	0
ENSG00000201493	0	0	0
ENSG00000215952	0	0	0
ENSG00000200139	0	0	0
ENSG00000283575	0	0	0
ENSG00000238765	0	0	0
ENSG00000264916	1	1	0
ENSG00000212338	0	0	0
ENSG00000206659	0	0	0
ENSG00000253025	0	0	0
ENSG00000201619	0	0	0
ENSG00000201544	3	2	1
ENSG00000202498	0	0	0
ENSG00000221545	0	0	0
ENSG00000252906	2	1	1
ENSG00000206692	0	0	0
ENSG00000202329	0	0	0
ENSG00000242794	0	0	0
ENSG00000212144	0	0	0
ENSG00000283340	0	0	0
ENSG00000252860	6	5	1
ENSG00000252501	0	0	0
ENSG00000263390	0	0	0
ENSG00000207181	2	0	2
ENSG00000265744	0	0	0
ENSG00000264377	0	0	0
ENSG00000207149	0	0	0
ENSG00000283936	0	0	0
ENSG00000284485	0	0	0
ENSG00000201638	0	0	0
ENSG00000275213	1	1	0
ENSG00000239494	3	2	1
ENSG00000212230	0	0	0
ENSG00000252371	0	0	0
ENSG00000199442	0	0	0
ENSG00000200033	0	0	0
ENSG00000239690	0	0	0
ENSG00000202184	0	0	0
ENSG00000241395	1	1	0
ENSG00000200982	0	0	0
ENSG00000275207	2	1	1
ENSG00000202300	1	1	0
ENSG00000222407	0	0	0
ENSG00000222986	0	0	0
ENSG00000265435	0	0	0
ENSG00000272262	0	0	0
ENSG00000200495	0	0	0
ENSG00000202609	0	0	0
ENSG00000252553	0	0	0
ENSG00000206764	0	0	0
ENSG00000222240	0	0	0
ENSG00000212187	0	0	0
ENSG00000206637	0	0	0
ENSG00000253097	0	0	0
ENSG00000200036	0	0	0
ENSG00000201421	0	0	0
ENSG00000212610	0	0	0
ENSG00000252484	0	0	0
ENSG00000201944	2	1	1
ENSG00000200327	0	0	0
ENSG00000206905	0	0	0
ENSG00000200972	0	0	0
ENSG00000243051	0	0	0
ENSG00000252011	0	0	0
ENSG00000207326	2	0	2
ENSG00000212205	0	0	0
ENSG00000253042	0	0	0
ENSG00000274121	0	0	0
ENSG00000264358	0	0	0
ENSG00000206640	0	0	0
ENSG00000212527	0	0	0
ENSG00000252879	0	0	0
ENSG00000252612	0	0	0
ENSG00000202264	0	0	0
ENSG00000285609	0	0	0
ENSG00000206762	3	3	0
ENSG00000252084	1	0	1
ENSG00000200085	0	0	0
ENSG00000264500	3	2	1
ENSG00000202025	0	0	0
ENSG00000225545	0	0	0
ENSG00000206990	0	0	0
ENSG00000230175	1	0	1
ENSG00000225272	0	0	0
ENSG00000215838	1	0	1
ENSG00000273365	0	0	0
ENSG00000224358	2	2	0
ENSG00000230659	0	0	0
ENSG00000162545	3759	1756	2003
ENSG00000090432	693	345	348
ENSG00000215520	0	0	0
ENSG00000183114	5	2	3
ENSG00000158825	24	13	11
ENSG00000158828	551	1092	1103
ENSG00000284005	0	0	0
ENSG00000117242	141	904	880
ENSG00000234473	4	2	2
ENSG00000238754	0	0	0
ENSG00000134371	580	293	287
ENSG00000221680	0	0	0
ENSG00000162630	20	8	12
ENSG00000276735	2	2	0
ENSG00000232077	1	0	1
ENSG00000229639	0	0	0
ENSG00000287453	0	0	0
ENSG00000270615	0	0	0
ENSG00000287283	0	0	0
ENSG00000240692	0	0	0
ENSG00000229359	1	0	1
ENSG00000237919	0	0	0
ENSG00000066557	259	112	147
ENSG00000244389	0	0	0
ENSG00000228988	0	0	0
ENSG00000118454	505	258	247
ENSG00000226088	1	0	1
ENSG00000116761	215	117	98
ENSG00000278636	0	0	0
ENSG00000271992	18	6	12
ENSG00000233020	0	0	0
ENSG00000237033	0	0	0
ENSG00000226208	0	0	0
ENSG00000007968	871	426	445
ENSG00000235052	21	17	4
ENSG00000117318	10494	5167	5327
ENSG00000285802	0	0	0
ENSG00000229239	0	0	0
ENSG00000142676	18566	9206	9360
ENSG00000057757	1131	615	516
ENSG00000011009	1955	1017	938
ENSG00000117308	2593	1253	1340
ENSG00000273844	0	0	0
ENSG00000235748	2	1	1
ENSG00000237861	0	0	0
ENSG00000221879	0	0	0
ENSG00000230260	0	0	0
ENSG00000199241	0	0	0
ENSG00000226919	0	0	0
ENSG00000223963	0	0	0
ENSG00000215802	0	0	0
ENSG00000233615	0	0	0
ENSG00000238085	0	0	0
ENSG00000265831	0	0	0
ENSG00000224348	0	0	0
ENSG00000286496	0	0	0
ENSG00000287516	0	0	0
ENSG00000287738	1	1	0
ENSG00000132703	0	0	0
ENSG00000276632	0	0	0
ENSG00000223603	0	0	0
ENSG00000132693	0	0	0
ENSG00000235226	0	0	0
ENSG00000158716	1085	486	599
ENSG00000181036	22	11	11
ENSG00000158714	31	125	126
ENSG00000212161	0	0	0
ENSG00000243284	5	4	3
ENSG00000272668	54	29	27
ENSG00000213085	12	8	4
ENSG00000266458	1	1	0
ENSG00000287040	1	0	1
ENSG00000279430	3	2	1
ENSG00000162723	1	0	1
ENSG00000273933	3	2	1
ENSG00000256029	3	43	59
ENSG00000188004	0	0	0
ENSG00000266580	0	0	0
ENSG00000254545	3	1	4
ENSG00000203620	0	0	0
ENSG00000269967	17	4	13
ENSG00000228634	14	10	4
ENSG00000284702	0	0	0
ENSG00000221040	1	0	1
ENSG00000287217	20	11	9
ENSG00000163399	9841	16797	16502
ENSG00000212385	0	0	0
ENSG00000233154	1	0	1
ENSG00000230381	0	0	0
ENSG00000200547	0	0	0
ENSG00000224950	40	26	22
ENSG00000286276	4	5	7
ENSG00000177888	225	122	103
ENSG00000243364	374	168	206
ENSG00000251246	0	0	0
ENSG00000143590	87	44	43
ENSG00000202027	0	0	0
ENSG00000169242	2193	1047	1146
ENSG00000169241	1467	660	807
ENSG00000223452	0	0	0
ENSG00000163463	186	100	86
ENSG00000273088	0	0	0
ENSG00000284586	0	0	0
ENSG00000169231	474	465	424
ENSG00000236263	0	9	21
ENSG00000236675	15	7	8
ENSG00000177628	807	448	359
ENSG00000116521	1112	543	569
ENSG00000176444	1743	844	899
ENSG00000143630	338	209	203
ENSG00000143627	31	61	44
ENSG00000253074	0	0	0
ENSG00000252116	0	0	0
ENSG00000228523	0	0	0
ENSG00000223263	4	3	1
ENSG00000207504	0	0	0
ENSG00000238139	0	0	0
ENSG00000197721	1	0	1
ENSG00000244703	0	0	0
ENSG00000226289	0	0	0
ENSG00000285239	0	0	0
ENSG00000234219	5	1	4
ENSG00000174059	344	177	167
ENSG00000285719	0	0	0
ENSG00000284237	30	11	19
ENSG00000158731	0	0	0
ENSG00000201746	0	0	0
ENSG00000264881	3	0	3
ENSG00000199562	0	0	0
ENSG00000264501	0	0	0
ENSG00000284735	37	16	21
ENSG00000284642	46	23	23
ENSG00000142657	2063	972	1091
ENSG00000271989	0	1	6
ENSG00000251503	0	1	0
ENSG00000175279	40	14	26
ENSG00000160049	837	477	465
ENSG00000203469	0	22	35
ENSG00000236035	1	1	0
ENSG00000221643	2	1	1
ENSG00000122188	164	85	79
ENSG00000288644	0	0	0
ENSG00000227417	18	10	8
ENSG00000223505	3	2	1
ENSG00000182004	812	410	402
ENSG00000236430	0	0	0
ENSG00000130768	605	478	496
ENSG00000227050	4	189	192
ENSG00000238231	7	5	2
ENSG00000240750	2	1	1
ENSG00000158156	341	159	190
ENSG00000182118	56	30	26
ENSG00000283799	0	0	0
ENSG00000227934	0	0	0
ENSG00000229595	0	0	0
ENSG00000143633	484	239	245
ENSG00000281912	37	19	26
ENSG00000288208	0	0	0
ENSG00000132773	347	192	214
ENSG00000070759	186	97	102
ENSG00000236872	0	0	0
ENSG00000280670	50	24	26
ENSG00000132763	433	1501	986
ENSG00000221953	8	4	4
ENSG00000226164	0	0	0
ENSG00000224014	5	2	3
ENSG00000215795	11	5	6
ENSG00000259865	172	82	90
ENSG00000227671	1333	614	719
ENSG00000283881	0	0	0
ENSG00000252516	4	1	3
ENSG00000232347	0	0	0
ENSG00000214144	2	0	2
ENSG00000235818	0	0	0
ENSG00000197617	0	0	0
ENSG00000202079	0	0	0
ENSG00000286216	7	3	7
ENSG00000203664	0	0	0
ENSG00000169224	16	9	7
ENSG00000236817	0	0	0
ENSG00000177489	0	0	0
ENSG00000177476	0	0	0
ENSG00000283369	0	0	0
ENSG00000230411	0	0	0
ENSG00000251977	0	0	0
ENSG00000252254	0	0	0
ENSG00000227854	0	0	0
ENSG00000287589	0	0	0
ENSG00000259776	0	0	0
ENSG00000233355	45	28	17
ENSG00000234601	0	0	0
ENSG00000231979	0	0	0
ENSG00000215805	0	0	0
ENSG00000287102	0	0	0
ENSG00000217327	0	0	0
ENSG00000228818	1	0	1
ENSG00000202041	0	0	0
ENSG00000223694	0	0	0
ENSG00000233735	0	1	0
ENSG00000133019	86	44	42
ENSG00000162636	790	401	389
ENSG00000162639	244	110	134
ENSG00000285923	2	1	1
ENSG00000134186	1963	909	1054
ENSG00000143107	1	0	1
ENSG00000232971	0	0	0
ENSG00000116266	952	479	473
ENSG00000228076	2	1	1
ENSG00000203897	0	0	0
ENSG00000237349	0	0	0
ENSG00000244716	9	2	7
ENSG00000228665	1	1	0
ENSG00000228054	0	0	0
ENSG00000273382	26	15	43
ENSG00000215717	905	470	467
ENSG00000278249	0	0	0
ENSG00000270066	0	0	0
ENSG00000251484	8	6	2
ENSG00000132676	2382	1155	1259
ENSG00000227673	1	1	0
ENSG00000203761	112	62	58
ENSG00000234937	8	2	6
ENSG00000132718	204	103	101
ENSG00000283442	0	0	0
ENSG00000143622	463	210	253
ENSG00000132680	1316	646	670
ENSG00000207475	8	2	6
ENSG00000280466	0	0	0
ENSG00000281394	0	0	0
ENSG00000277817	2	2	0
ENSG00000273002	27	10	17
ENSG00000224276	37	17	20
ENSG00000285677	4	386	539
ENSG00000163479	3006	1911	1996
ENSG00000160803	772	381	391
ENSG00000132698	3189	1620	1569
ENSG00000252236	0	0	0
ENSG00000260238	0	0	0
ENSG00000242252	18	11	7
ENSG00000198952	2695	1339	1356
ENSG00000163472	193	245	225
ENSG00000163468	4126	2035	2092
ENSG00000132677	0	0	0
ENSG00000237390	0	0	0
ENSG00000207933	0	0	0
ENSG00000254726	45	19	26
ENSG00000186377	8	4	4
ENSG00000186160	2	1	1
ENSG00000225154	0	0	0
ENSG00000225506	4	0	4
ENSG00000225514	0	0	0
ENSG00000224805	4	1	5
ENSG00000162366	471	234	237
ENSG00000226252	0	2	3
ENSG00000225762	33	21	12
ENSG00000186790	9	6	3
ENSG00000237424	796	380	416
ENSG00000189030	2	0	2
ENSG00000162763	0	0	0
ENSG00000143061	446	217	229
ENSG00000135821	5938	2925	3013
ENSG00000203740	0	0	0
ENSG00000162374	27	15	12
ENSG00000168275	396	273	320
ENSG00000241563	10	7	3
ENSG00000153207	653	326	327
ENSG00000156869	595	264	331
ENSG00000033122	68	36	32
ENSG00000143278	0	0	0
ENSG00000116678	84	37	47
ENSG00000159352	2280	1127	1153
ENSG00000158710	9541	4918	4623
ENSG00000162734	1191	619	659
ENSG00000049239	2931	1407	1524
ENSG00000186564	752	390	362
ENSG00000244038	4984	2498	2486
ENSG00000158747	8786	4275	4511
ENSG00000116690	4	111	38
ENSG00000126091	73	42	36
ENSG00000162383	21	10	11
ENSG00000171163	1614	744	870
ENSG00000172456	308	152	157
ENSG00000162946	101	51	52
ENSG00000158786	0	0	0
ENSG00000118733	8	4	4
ENSG00000157870	1755	1250	1234
ENSG00000179085	512	265	247
ENSG00000173080	153	78	75
ENSG00000183347	1	1	0
ENSG00000276470	0	0	0
ENSG00000278852	0	0	0
ENSG00000275915	0	0	0
ENSG00000120937	0	0	0
ENSG00000224904	0	0	0
ENSG00000285646	64	39	25
ENSG00000199347	0	0	0
ENSG00000201801	5	4	1
ENSG00000116685	2393	1146	1247
ENSG00000083444	1628	826	802
ENSG00000287384	1	1	0
ENSG00000270914	0	0	0
ENSG00000116691	806	385	421
ENSG00000202461	3	1	2
ENSG00000276869	0	0	0
ENSG00000243539	0	0	0
ENSG00000120949	8	5	3
ENSG00000201135	0	0	0
ENSG00000227875	0	0	0
ENSG00000285604	0	0	0
ENSG00000283789	0	0	0
ENSG00000263676	0	0	0
ENSG00000200591	2	2	0
ENSG00000162521	1257	1032	1100
ENSG00000162520	58	493	440
ENSG00000224409	0	0	0
ENSG00000162522	5221	2645	2576
ENSG00000116497	682	339	351
ENSG00000160097	23	12	11
ENSG00000121905	42	1643	1472
ENSG00000121900	6229	4633	4669
ENSG00000287691	19	4	15
ENSG00000278966	2	1	1
ENSG00000143222	1905	1146	1125
ENSG00000224985	14	94	286
ENSG00000143224	426	232	282
ENSG00000158850	1232	654	663
ENSG00000158859	544	264	280
ENSG00000158869	607	298	309
ENSG00000158874	1	0	1
ENSG00000158882	299	233	250
ENSG00000284035	1	1	0
ENSG00000143257	15	104	95
ENSG00000248485	11	4	7
ENSG00000188931	83	40	56
ENSG00000236484	1	1	0
ENSG00000283696	14	7	7
ENSG00000288093	14	7	7
ENSG00000206921	0	0	0
ENSG00000215840	3	1	2
ENSG00000277882	1	1	0
ENSG00000283317	3	1	2
ENSG00000277762	0	0	0
ENSG00000227139	0	0	0
ENSG00000265107	60	42	39
ENSG00000274415	0	7	14
ENSG00000234190	0	0	0
ENSG00000223728	0	0	0
ENSG00000121634	0	0	0
ENSG00000188092	122	72	50
ENSG00000215859	20	18	12
ENSG00000273059	0	3	7
ENSG00000274372	15	8	7
ENSG00000206791	1	1	0
ENSG00000206585	8	5	3
ENSG00000229828	0	0	0
ENSG00000225080	1	0	1
ENSG00000198658	2	0	2
ENSG00000238382	0	0	0
ENSG00000225919	0	0	0
ENSG00000236497	0	0	0
ENSG00000207190	0	0	0
ENSG00000200508	0	0	0
ENSG00000284928	0	0	0
ENSG00000223949	2	0	2
ENSG00000116688	3165	1574	1591
ENSG00000188800	0	0	0
ENSG00000084073	942	467	477
ENSG00000231296	0	1	1
ENSG00000049089	455	223	232
ENSG00000227311	0	0	0
ENSG00000213172	0	0	0
ENSG00000284677	2	0	2
ENSG00000187801	22	10	12
ENSG00000260920	29	17	12
ENSG00000158887	197	96	101
ENSG00000255054	0	0	0
ENSG00000228172	18	97	170
ENSG00000117640	834	495	566
ENSG00000272478	0	0	0
ENSG00000127423	34	22	18
ENSG00000182749	209	124	155
ENSG00000207302	0	0	0
ENSG00000117632	1817	871	946
ENSG00000229786	0	0	0
ENSG00000223624	0	0	0
ENSG00000283938	0	0	0
ENSG00000199385	0	0	0
ENSG00000187147	1247	780	942
ENSG00000263381	0	0	0
ENSG00000126106	325	433	367
ENSG00000198520	49	31	18
ENSG00000199377	4	2	2
ENSG00000200169	17	16	1
ENSG00000142945	360	192	220
ENSG00000142937	24025	12864	12750
ENSG00000264294	0	0	0
ENSG00000200913	26	13	13
ENSG00000202031	5	4	1
ENSG00000207421	0	0	0
ENSG00000281859	0	0	0
ENSG00000234093	16	5	11
ENSG00000142959	574	296	278
ENSG00000173846	2089	1096	1078
ENSG00000117425	139	65	74
ENSG00000202444	0	0	0
ENSG00000226499	2	0	2
ENSG00000070785	491	259	232
ENSG00000253039	1	0	1
ENSG00000229815	0	0	0
ENSG00000232369	0	0	0
ENSG00000268949	0	0	0
ENSG00000126107	2479	1255	1299
ENSG00000126088	759	409	425
ENSG00000234315	0	0	0
ENSG00000162408	974	478	496
ENSG00000229519	4	1	3
ENSG00000173662	4	3	1
ENSG00000204859	1144	549	595
ENSG00000288629	0	0	0
ENSG00000230735	0	0	0
ENSG00000171488	172	83	89
ENSG00000226394	0	0	0
ENSG00000237200	3	2	1
ENSG00000070886	0	0	0
ENSG00000276835	0	0	0
ENSG00000265422	0	0	0
ENSG00000223776	6	8	30
ENSG00000273058	16	8	8
ENSG00000230325	0	2	6
ENSG00000119285	462	456	478
ENSG00000226498	2	1	1
ENSG00000237991	2	1	1
ENSG00000244020	1	1	0
ENSG00000288099	0	0	0
ENSG00000225886	1	0	1
ENSG00000206767	0	0	0
ENSG00000226662	0	0	0
ENSG00000207095	0	0	0
ENSG00000287244	3	2	1
ENSG00000231344	9	5	4
ENSG00000230833	6	4	2
ENSG00000117758	1006	538	468
ENSG00000269971	4	0	4
ENSG00000270031	2	1	1
ENSG00000223062	1	0	1
ENSG00000286433	1	3	13
ENSG00000117751	746	366	395
ENSG00000252947	0	0	0
ENSG00000130775	455	226	229
ENSG00000117748	640	295	345
ENSG00000223643	0	0	0
ENSG00000230239	0	0	0
ENSG00000263811	0	0	0
ENSG00000277234	0	0	0
ENSG00000235241	0	38	62
ENSG00000207005	0	0	0
ENSG00000272426	28	13	15
ENSG00000117122	65	52	31
ENSG00000286898	0	9	9
ENSG00000226526	1	25	20
ENSG00000159363	1223	612	643
ENSG00000117118	2812	1300	1512
ENSG00000117115	7872	4044	3828
ENSG00000204362	0	0	0
ENSG00000282843	0	0	0
ENSG00000142623	44	18	26
ENSG00000142619	2	1	1
ENSG00000266634	0	0	0
ENSG00000199459	0	0	0
ENSG00000273264	4	4	0
ENSG00000282057	7	2	5
ENSG00000272691	1	1	0
ENSG00000199934	0	0	0
ENSG00000230285	0	0	0
ENSG00000142871	5518	2648	2870
ENSG00000226643	0	0	0
ENSG00000234419	0	0	0
ENSG00000276997	1	1	0
ENSG00000222399	0	0	0
ENSG00000267305	0	0	0
ENSG00000143512	8	3	5
ENSG00000143498	96	47	50
ENSG00000225265	18	9	10
ENSG00000154305	1059	628	651
ENSG00000229399	0	0	0
ENSG00000272750	22	123	119
ENSG00000186063	181	101	83
ENSG00000162819	610	288	325
ENSG00000287684	2	3	1
ENSG00000234523	0	0	0
ENSG00000287338	0	0	0
ENSG00000187554	66	33	33
ENSG00000236846	0	0	0
ENSG00000226601	0	0	0
ENSG00000164010	409	314	312
ENSG00000164011	162	87	75
ENSG00000233708	0	0	0
ENSG00000237090	0	0	0
ENSG00000225099	0	0	0
ENSG00000284138	6	2	4
ENSG00000283973	0	0	1
ENSG00000207256	0	0	0
ENSG00000283136	0	0	0
ENSG00000277513	0	0	0
ENSG00000154309	148	58	90
ENSG00000226967	0	0	0
ENSG00000231407	23	22	10
ENSG00000229570	0	0	0
ENSG00000203857	1	1	0
ENSG00000226443	3	2	1
ENSG00000249798	0	0	0
ENSG00000239873	0	0	0
ENSG00000203855	0	0	0
ENSG00000240244	2	2	0
ENSG00000260941	5	4	1
ENSG00000198857	2	1	1
ENSG00000143067	74	42	32
ENSG00000134240	32279	15627	16653
ENSG00000134193	487	250	237
ENSG00000215864	13	8	5
ENSG00000227205	0	0	0
ENSG00000226446	0	0	0
ENSG00000134249	0	0	0
ENSG00000092621	333	189	145
ENSG00000027644	1	1	0
ENSG00000241992	0	0	0
ENSG00000234226	0	0	0
ENSG00000137970	64	14	50
ENSG00000223229	0	0	0
ENSG00000285698	0	0	0
ENSG00000228035	0	0	0
ENSG00000287103	0	0	0
ENSG00000226973	0	0	0
ENSG00000274468	0	0	0
ENSG00000130764	1279	658	727
ENSG00000266075	3	2	1
ENSG00000272153	46	86	66
ENSG00000230026	0	0	0
ENSG00000285177	1	0	1
ENSG00000284770	93	132	139
ENSG00000229795	0	0	0
ENSG00000238236	0	0	0
ENSG00000235638	0	0	0
ENSG00000231199	0	0	0
ENSG00000226663	0	0	0
ENSG00000231582	0	0	0
ENSG00000232714	0	0	0
ENSG00000235761	0	0	0
ENSG00000270710	0	0	0
ENSG00000227236	0	0	0
ENSG00000198837	1656	849	880
ENSG00000160741	1051	513	538
ENSG00000276584	0	0	0
ENSG00000282386	17	6	11
ENSG00000273026	13	8	5
ENSG00000143578	372	226	207
ENSG00000143543	479	114	410
ENSG00000285641	0	3	2
ENSG00000143545	310	129	181
ENSG00000177954	11958	6113	5845
ENSG00000231416	3	1	2
ENSG00000200220	0	0	0
ENSG00000231837	0	0	0
ENSG00000263987	0	0	0
ENSG00000162642	499	247	252
ENSG00000223254	29	11	18
ENSG00000223653	20	28	62
ENSG00000116198	848	403	447
ENSG00000169598	322	162	162
ENSG00000226653	0	0	0
ENSG00000207209	0	0	0
ENSG00000272443	0	0	0
ENSG00000272480	0	0	0
ENSG00000288626	0	0	0
ENSG00000162836	602	298	304
ENSG00000207080	0	0	0
ENSG00000231791	0	0	0
ENSG00000244568	0	0	0
ENSG00000271387	15	7	8
ENSG00000116667	1595	724	871
ENSG00000230470	1	0	1
ENSG00000232036	4	2	2
ENSG00000285847	16	8	9
ENSG00000286378	1	1	1
ENSG00000215381	0	0	0
ENSG00000261326	126	70	56
ENSG00000284726	5	4	1
ENSG00000125945	339	170	180
ENSG00000201405	0	0	0
ENSG00000271420	56	28	28
ENSG00000204219	4748	2227	2521
ENSG00000232482	13	6	7
ENSG00000285779	0	0	0
ENSG00000162885	446	455	460
ENSG00000270780	0	0	0
ENSG00000232895	0	0	0
ENSG00000273698	0	0	0
ENSG00000273112	1	0	1
ENSG00000173110	11871	5654	6217
ENSG00000224203	0	0	0
ENSG00000224515	0	0	0
ENSG00000225217	374	181	193
ENSG00000231586	1	1	0
ENSG00000234211	0	13	8
ENSG00000213075	0	0	0
ENSG00000143125	7	4	5
ENSG00000270380	0	2	0
ENSG00000282887	0	0	0
ENSG00000283999	0	0	0
ENSG00000240194	0	0	0
ENSG00000235407	0	0	0
ENSG00000143105	0	0	0
ENSG00000199710	0	0	0
ENSG00000237415	0	0	0
ENSG00000232791	0	0	0
ENSG00000177301	31	18	13
ENSG00000226828	2	1	1
ENSG00000279774	0	0	0
ENSG00000229960	1	0	1
ENSG00000286486	9	6	3
ENSG00000244066	0	0	0
ENSG00000237759	0	0	0
ENSG00000287531	0	0	0
ENSG00000225855	257	898	816
ENSG00000283701	1	1	0
ENSG00000207134	0	0	0
ENSG00000227773	2	2	0
ENSG00000207144	1	1	0
ENSG00000237872	11	7	4
ENSG00000271267	3	1	2
ENSG00000225082	0	0	0
ENSG00000223503	1	1	0
ENSG00000232519	4	2	4
ENSG00000160752	955	1170	1218
ENSG00000121957	394	558	541
ENSG00000235089	0	0	0
ENSG00000285179	0	0	0
ENSG00000223026	0	0	0
ENSG00000225721	8	39	1613
ENSG00000188396	123	127	81
ENSG00000202167	0	0	0
ENSG00000207349	0	0	0
ENSG00000252826	0	0	0
ENSG00000206737	0	0	0
ENSG00000223779	0	0	0
ENSG00000242352	0	0	0
ENSG00000270962	0	0	0
ENSG00000263590	0	0	0
ENSG00000252105	0	0	0
ENSG00000233430	0	0	0
ENSG00000237503	0	0	0
ENSG00000265531	0	0	0
ENSG00000234571	0	0	0
ENSG00000230186	0	0	0
ENSG00000268074	0	0	0
ENSG00000270872	1	1	0
ENSG00000276674	0	0	0
ENSG00000082482	6	2	4
ENSG00000116747	194	151	140
ENSG00000118729	82	43	39
ENSG00000134207	7	5	2
ENSG00000163467	15	10	6
ENSG00000243710	2	3	3
ENSG00000117395	1183	575	620
ENSG00000116874	463	229	281
ENSG00000065600	118	55	63
ENSG00000009780	326	160	166
ENSG00000023572	432	254	260
ENSG00000077254	961	466	495
ENSG00000134644	1396	657	739
ENSG00000215788	614	372	347
ENSG00000117834	59	27	43
ENSG00000117625	920	439	481
ENSG00000179902	8	6	4
ENSG00000020633	334	167	167
ENSG00000121766	502	322	323
ENSG00000143157	882	425	457
ENSG00000162614	169	66	109
ENSG00000160781	166	73	93
ENSG00000143344	264	135	129
ENSG00000162613	1430	702	728
ENSG00000116882	1	0	1
ENSG00000198758	8366	4087	4279
ENSG00000117569	379	190	189
ENSG00000142856	247	236	263
ENSG00000158022	30	16	14
ENSG00000116396	504	247	257
ENSG00000058668	662	338	324
ENSG00000163875	792	405	387
ENSG00000282872	0	0	0
ENSG00000131238	1241	619	622
ENSG00000171680	344	177	167
ENSG00000244457	0	0	0
ENSG00000116977	724	638	640
ENSG00000229372	0	83	76
ENSG00000274975	0	0	1
ENSG00000229348	7	4	3
ENSG00000242485	1696	951	983
ENSG00000264293	0	0	0
ENSG00000272455	45	24	21
ENSG00000225905	0	1	1
ENSG00000225285	12	7	5
ENSG00000179403	1132	559	573
ENSG00000215915	41	18	23
ENSG00000236085	0	0	0
ENSG00000234441	0	0	0
ENSG00000227408	0	0	0
ENSG00000223635	1	0	1
ENSG00000135776	489	253	236
ENSG00000199672	1	0	1
ENSG00000201492	1	0	1
ENSG00000229367	2	1	1
ENSG00000135763	208	102	106
ENSG00000213028	3	0	3
ENSG00000225984	0	0	0
ENSG00000178828	953	614	720
ENSG00000235434	2	191	192
ENSG00000169914	660	320	340
ENSG00000188784	0	0	0
ENSG00000242688	0	0	0
ENSG00000177186	0	0	0
ENSG00000177174	0	0	0
ENSG00000269956	18	88	74
ENSG00000162456	0	0	0
ENSG00000079277	1169	609	704
ENSG00000117407	64	31	33
ENSG00000237950	59	28	31
ENSG00000117408	815	434	381
ENSG00000285649	10	30	46
ENSG00000117410	2554	1271	1288
ENSG00000159214	383	232	214
ENSG00000196517	481	286	258
ENSG00000227163	0	0	0
ENSG00000271647	0	0	0
ENSG00000239560	0	0	0
ENSG00000196539	0	0	0
ENSG00000229255	0	0	0
ENSG00000203661	0	0	0
ENSG00000271934	0	0	0
ENSG00000224521	0	0	0
ENSG00000227102	0	0	0
ENSG00000183310	0	0	0
ENSG00000201602	0	0	0
ENSG00000271701	0	0	0
ENSG00000189181	0	0	0
ENSG00000187238	0	0	0
ENSG00000185962	0	0	0
ENSG00000226947	0	0	0
ENSG00000285753	0	0	0
ENSG00000187223	0	0	0
ENSG00000159455	0	0	0
ENSG00000187173	0	0	0
ENSG00000204501	0	0	0
ENSG00000228229	0	0	0
ENSG00000204481	0	0	0
ENSG00000204479	0	0	0
ENSG00000172031	4	2	2
ENSG00000233228	0	0	0
ENSG00000224678	0	0	0
ENSG00000233401	0	0	0
ENSG00000273487	3	1	2
ENSG00000226773	0	0	0
ENSG00000274481	0	0	0
ENSG00000228594	121	52	69
ENSG00000286989	24	6	18
ENSG00000272106	233	131	146
ENSG00000189409	16	7	9
ENSG00000272004	2	73	69
ENSG00000189339	1490	804	826
ENSG00000269737	89	47	42
ENSG00000215914	6	3	3
ENSG00000008128	193	103	90
ENSG00000268575	37	25	35
ENSG00000227775	131	92	71
ENSG00000008130	2908	1477	1431
ENSG00000078369	5745	2765	2980
ENSG00000178821	113	61	52
ENSG00000158477	0	0	0
ENSG00000230942	0	0	0
ENSG00000158481	28	16	12
ENSG00000158485	5	3	2
ENSG00000158488	21	9	12
ENSG00000186306	0	0	0
ENSG00000203758	0	0	0
ENSG00000236257	5	4	1
ENSG00000236656	0	0	0
ENSG00000198703	0	0	0
ENSG00000227445	0	0	0
ENSG00000231434	1	0	1
ENSG00000117505	902	471	453
ENSG00000229635	5	3	2
ENSG00000207379	0	0	0
ENSG00000212601	0	0	0
ENSG00000162889	2315	1124	1194
ENSG00000224114	238	64	174
ENSG00000199349	1	1	0
ENSG00000162892	6	19	12
ENSG00000162894	233	131	127
ENSG00000271680	0	0	0
ENSG00000226945	1	1	0
ENSG00000162896	160102	77627	82480
ENSG00000162897	50	21	29
ENSG00000182795	463	228	235
ENSG00000198890	322	158	164
ENSG00000224550	2	1	1
ENSG00000142669	3595	2338	2355
ENSG00000169442	151	132	132
ENSG00000225854	1	0	1
ENSG00000176083	11	5	6
ENSG00000229167	70	39	33
ENSG00000142910	3618	1798	1822
ENSG00000162517	1088	603	605
ENSG00000235790	28	66	43
ENSG00000264078	4	3	1
ENSG00000241745	2	0	2
ENSG00000228407	3	2	1
ENSG00000223429	0	0	0
ENSG00000224255	4	3	1
ENSG00000236004	0	0	0
ENSG00000237663	1	0	1
ENSG00000213735	5	3	2
ENSG00000272100	2	50	51
ENSG00000287078	1	1	0
ENSG00000224680	3	1	2
ENSG00000085840	170	88	82
ENSG00000283445	2	0	2
ENSG00000272226	2	0	2
ENSG00000231740	0	0	0
ENSG00000143751	364	158	206
ENSG00000272562	3	5	4
ENSG00000163041	500	328	178
ENSG00000225518	8	2	6
ENSG00000270598	0	0	0
