N_unmapped	342834	342834	342834
N_multimapping	2562095	2562095	2562095
N_noFeature	5248004	20572537	19927711
N_ambiguous	2620570	668789	671564
ENSG00000160072	1690	842	848
ENSG00000234396	1	0	1
ENSG00000225972	22	2	20
ENSG00000224315	3	1	2
ENSG00000198744	119	27	92
ENSG00000279928	3	3	0
ENSG00000228037	86	43	43
ENSG00000142611	209	106	103
ENSG00000225630	5913	2749	3164
ENSG00000284616	0	0	0
ENSG00000157911	410	772	718
ENSG00000269896	100	41	59
ENSG00000237973	1094	448	706
ENSG00000228463	7	3	6
ENSG00000260972	0	0	0
ENSG00000157933	2114	1061	1053
ENSG00000224340	8	3	5
ENSG00000226545	2	0	2
ENSG00000268663	0	0	0
ENSG00000226374	0	3	1
ENSG00000229280	0	0	0
ENSG00000142655	567	314	362
ENSG00000232596	0	0	0
ENSG00000235054	0	0	0
ENSG00000232663	0	0	0
ENSG00000240409	3	2	1
ENSG00000229344	62	58	17
ENSG00000231510	0	0	0
ENSG00000149527	169	75	94
ENSG00000284739	0	0	0
ENSG00000171621	695	327	368
ENSG00000272235	9	2	7
ENSG00000284694	0	0	0
ENSG00000230021	4	23	59
ENSG00000287356	5	2	4
ENSG00000224387	1	0	1
ENSG00000285629	0	0	0
ENSG00000173673	1	1	0
ENSG00000142583	169	87	82
ENSG00000284674	0	0	0
ENSG00000272161	4	1	3
ENSG00000237094	15	5	10
ENSG00000224338	0	0	0
ENSG00000074800	26781	13353	13438
ENSG00000116786	1397	786	753
ENSG00000287727	17	10	7
ENSG00000228423	1	1	0
ENSG00000286448	0	1	1
ENSG00000131686	0	0	0
ENSG00000229305	0	0	0
ENSG00000284703	0	0	0
ENSG00000226457	2	1	1
ENSG00000173614	771	377	394
ENSG00000248527	29136	13241	15898
ENSG00000215720	3	2	1
ENSG00000241326	0	0	0
ENSG00000233623	5	1	4
ENSG00000162592	0	6	15
ENSG00000116254	48	24	24
ENSG00000233645	0	0	0
ENSG00000204624	5	4	2
ENSG00000142606	80	383	375
ENSG00000235146	0	0	0
ENSG00000225931	38	21	18
ENSG00000171729	621	333	332
ENSG00000279457	68	24	44
ENSG00000162571	66	48	51
ENSG00000229393	0	0	0
ENSG00000037637	773	381	392
ENSG00000287586	0	0	0
ENSG00000159423	500	255	245
ENSG00000142599	5651	2304	3347
ENSG00000227169	0	0	0
ENSG00000283356	0	0	0
ENSG00000011021	1130	588	592
ENSG00000142615	0	0	0
ENSG00000215704	5	4	6
ENSG00000157916	3363	2232	2211
ENSG00000157881	856	433	423
ENSG00000238290	3	2	1
ENSG00000225387	0	0	0
ENSG00000048707	4920	2392	2528
ENSG00000158748	5	2	3
ENSG00000225196	0	0	0
ENSG00000162444	23	13	10
ENSG00000279625	0	0	0
ENSG00000180758	483	221	262
ENSG00000184677	1341	657	684
ENSG00000230679	2	6	6
ENSG00000270136	0	0	0
ENSG00000288398	164	79	85
ENSG00000224621	18	9	9
ENSG00000285833	0	0	1
ENSG00000131697	563	269	303
ENSG00000284692	0	0	0
ENSG00000284745	0	0	0
ENSG00000280222	1	1	0
ENSG00000227634	0	0	0
ENSG00000285945	0	0	0
ENSG00000229162	2	2	0
ENSG00000197921	158	83	80
ENSG00000233755	1	1	0
ENSG00000233929	3	1	2
ENSG00000271742	0	0	0
ENSG00000226396	34	13	21
ENSG00000169504	3768	1827	1941
ENSG00000234166	0	22	17
ENSG00000235282	0	0	0
ENSG00000055070	2939	1994	2121
ENSG00000175087	801	400	401
ENSG00000157191	1265	629	637
ENSG00000284699	0	0	0
ENSG00000230035	0	0	0
ENSG00000235185	0	0	0
ENSG00000225643	1	0	1
ENSG00000284666	0	0	0
ENSG00000228943	0	0	0
ENSG00000234397	0	0	0
ENSG00000284309	0	0	0
ENSG00000162511	905	732	683
ENSG00000158014	2	0	2
ENSG00000204138	2824	1421	1403
ENSG00000233419	0	0	0
ENSG00000235263	0	0	0
ENSG00000228176	0	0	0
ENSG00000231251	0	0	0
ENSG00000142675	1235	615	621
ENSG00000197245	124	60	64
ENSG00000261025	0	0	0
ENSG00000116237	3663	1943	1943
ENSG00000130772	593	290	303
ENSG00000215899	0	0	0
ENSG00000271398	1	1	0
ENSG00000225011	0	0	0
ENSG00000235069	0	0	0
ENSG00000284676	0	0	0
ENSG00000237058	0	0	0
ENSG00000233399	14	6	8
ENSG00000090020	2975	1475	1500
ENSG00000157978	1972	991	981
ENSG00000226944	8	4	7
ENSG00000270282	0	0	0
ENSG00000130770	1953	1626	1909
ENSG00000229044	2	113	77
ENSG00000162512	1913	939	974
ENSG00000158006	1411	695	716
ENSG00000214812	1	0	1
ENSG00000126698	1757	840	917
ENSG00000229447	21	7	14
ENSG00000229607	0	0	0
ENSG00000130766	1479	756	723
ENSG00000168528	4462	2223	2239
ENSG00000196581	27	13	14
ENSG00000169403	205	103	102
ENSG00000084628	6	3	3
ENSG00000060688	1036	523	513
ENSG00000171612	354	182	172
ENSG00000270927	0	0	0
ENSG00000188910	490	224	266
ENSG00000230523	0	0	0
ENSG00000116138	1326	788	766
ENSG00000158161	1125	560	565
ENSG00000142684	0	210	207
ENSG00000234619	1	1	0
ENSG00000121769	56	28	28
ENSG00000142627	2471	1257	1214
ENSG00000284668	0	0	0
ENSG00000233234	0	0	0
ENSG00000142632	312	181	170
ENSG00000234593	13	7	6
ENSG00000158292	1365	725	640
ENSG00000270605	22	10	12
ENSG00000189337	374	245	310
ENSG00000232912	11	7	4
ENSG00000235084	7	2	5
ENSG00000235143	1	1	0
ENSG00000225478	0	0	0
ENSG00000225077	6	91	94
ENSG00000028137	1162	571	591
ENSG00000238249	0	0	0
ENSG00000204464	6	6	0
ENSG00000233372	0	0	0
ENSG00000283259	0	0	0
ENSG00000284543	13	5	8
ENSG00000130939	2064	1030	1034
ENSG00000175147	211	219	217
ENSG00000127472	68	29	39
ENSG00000060656	171	78	93
ENSG00000163867	391	181	210
ENSG00000232768	2	1	1
ENSG00000230214	0	0	0
ENSG00000189280	0	0	0
ENSG00000134698	781	386	395
ENSG00000134690	948	436	512
ENSG00000272420	12	5	7
ENSG00000132881	148	77	71
ENSG00000273274	0	0	0
ENSG00000116251	3199	1589	1640
ENSG00000272510	7	19	38
ENSG00000158286	521	293	305
ENSG00000236648	0	0	0
ENSG00000232273	4	2	2
ENSG00000009709	0	0	0
ENSG00000287396	0	0	0
ENSG00000223589	0	0	0
ENSG00000158008	26	13	13
ENSG00000130940	1341	1073	1129
ENSG00000116771	1390	763	805
ENSG00000237301	6	3	3
ENSG00000162585	728	540	463
ENSG00000163879	152	84	76
ENSG00000227527	4	1	3
ENSG00000116954	321	138	183
ENSG00000228589	96	96	0
ENSG00000163873	347	166	181
ENSG00000117215	31	14	17
ENSG00000196449	476	333	323
ENSG00000230163	0	31	26
ENSG00000227538	0	0	0
ENSG00000232208	0	0	0
ENSG00000236500	0	0	0
ENSG00000044012	96	49	47
ENSG00000179051	4134	2316	2306
ENSG00000215895	6	2	4
ENSG00000231868	6	6	3
ENSG00000284650	2	2	0
ENSG00000237329	4	0	4
ENSG00000236948	0	0	0
ENSG00000126067	3147	1550	1597
ENSG00000274944	4	2	2
ENSG00000132906	398	184	219
ENSG00000197312	2073	1084	989
ENSG00000284748	0	0	0
ENSG00000272078	139	515	485
ENSG00000173660	3958	1837	2121
ENSG00000224592	0	0	0
ENSG00000233728	0	89	85
ENSG00000230451	0	0	0
ENSG00000231606	16	7	9
ENSG00000215900	0	0	0
ENSG00000284632	0	0	0
ENSG00000241014	6	3	3
ENSG00000054118	4262	1990	2272
ENSG00000254553	0	0	0
ENSG00000284653	0	0	0
ENSG00000237749	2	0	2
ENSG00000276747	0	0	0
ENSG00000284705	0	0	0
ENSG00000228776	2	2	0
ENSG00000159339	2	1	1
ENSG00000223814	0	0	0
ENSG00000197982	667	331	516
ENSG00000261781	0	0	0
ENSG00000183317	1999	984	1015
ENSG00000183386	150	84	66
ENSG00000284743	0	1	0
ENSG00000158315	745	433	462
ENSG00000204084	795	459	444
ENSG00000186973	1	0	1
ENSG00000271806	34	79	60
ENSG00000146463	1430	743	819
ENSG00000279214	0	0	0
ENSG00000183520	785	378	407
ENSG00000271741	0	0	0
ENSG00000214141	0	0	0
ENSG00000142686	214	103	111
ENSG00000224751	5	4	1
ENSG00000279096	1	0	1
ENSG00000117148	16	8	8
ENSG00000230585	18	9	9
ENSG00000117000	822	395	427
ENSG00000284989	0	0	0
ENSG00000231630	0	0	0
ENSG00000092853	673	354	380
ENSG00000255811	0	0	1
ENSG00000134697	1479	726	761
ENSG00000187513	146	68	78
ENSG00000238145	0	0	0
ENSG00000225142	0	0	0
ENSG00000230138	0	0	0
ENSG00000223390	4	32	38
ENSG00000285823	0	0	0
ENSG00000284720	0	0	0
ENSG00000225028	2	0	2
ENSG00000225671	0	0	0
ENSG00000116151	376	173	204
ENSG00000226147	0	0	0
ENSG00000182873	138	61	85
ENSG00000006555	1391	661	730
ENSG00000236111	0	0	0
ENSG00000066056	849	398	451
ENSG00000214114	690	326	365
ENSG00000173436	402	130	288
ENSG00000116544	14	4	10
ENSG00000231900	0	0	0
ENSG00000236723	2	562	518
ENSG00000232467	0	0	0
ENSG00000117016	319	154	165
ENSG00000121310	2148	1036	1112
ENSG00000169213	332	171	161
ENSG00000163866	1377	675	759
ENSG00000225779	0	0	0
ENSG00000284601	2	1	1
ENSG00000237130	1	1	0
ENSG00000143001	123	111	119
ENSG00000229716	0	0	0
ENSG00000226133	3	2	1
ENSG00000227416	0	0	0
ENSG00000232335	0	33	28
ENSG00000260971	4	2	2
ENSG00000259832	0	0	0
ENSG00000284696	0	0	0
ENSG00000238242	0	0	0
ENSG00000285839	0	0	0
ENSG00000237290	0	0	0
ENSG00000232762	2	0	2
ENSG00000117419	834	415	419
ENSG00000162384	917	509	469
ENSG00000162391	84	336	338
ENSG00000174348	407	239	243
ENSG00000154198	1	0	1
ENSG00000117859	1729	820	916
ENSG00000228121	1	1	0
ENSG00000253313	999	493	506
ENSG00000162396	270	143	127
ENSG00000203995	2	1	1
ENSG00000227742	31	15	20
ENSG00000284686	4	3	1
ENSG00000162378	1465	733	732
ENSG00000233079	0	0	0
ENSG00000259818	4	2	2
ENSG00000229444	3	1	2
ENSG00000240563	837	402	435
ENSG00000234318	0	0	0
ENSG00000284773	12	8	4
ENSG00000234481	0	0	0
ENSG00000117862	222	143	80
ENSG00000235612	0	0	0
ENSG00000228369	4	3	1
ENSG00000183431	1586	767	819
ENSG00000227485	0	0	0
ENSG00000224609	13	9	7
ENSG00000235545	15	6	9
ENSG00000236646	2	1	1
ENSG00000169174	5406	2757	2649
ENSG00000232198	0	0	0
ENSG00000238063	0	0	0
ENSG00000227104	0	0	0
ENSG00000243725	49	38	11
ENSG00000171872	0	0	0
ENSG00000162407	1390	688	702
ENSG00000285079	1	0	1
ENSG00000169218	40	20	20
ENSG00000163877	527	235	292
ENSG00000228929	8	1	7
ENSG00000224570	4	2	2
ENSG00000224980	0	0	0
ENSG00000278967	11	4	7
ENSG00000157184	1032	1057	1114
ENSG00000272491	7	17	8
ENSG00000198815	2014	962	1052
ENSG00000134744	858	391	467
ENSG00000233910	0	0	0
ENSG00000287703	4	3	1
ENSG00000283039	0	0	0
ENSG00000229032	0	0	0
ENSG00000229294	1	0	1
ENSG00000232993	0	41	32
ENSG00000234088	0	0	0
ENSG00000236973	0	0	0
ENSG00000227947	13	6	7
ENSG00000277397	0	0	0
ENSG00000271200	2	0	4
ENSG00000235446	0	0	0
ENSG00000261196	0	0	0
ENSG00000162385	692	323	370
ENSG00000231413	0	0	0
ENSG00000234264	0	0	0
ENSG00000242391	0	0	0
ENSG00000223883	0	0	0
ENSG00000284808	0	0	0
ENSG00000242267	1	0	1
ENSG00000237227	0	0	0
ENSG00000275350	0	0	0
ENSG00000116652	13	9	9
ENSG00000123080	681	324	361
ENSG00000285778	0	0	0
ENSG00000077549	7480	3545	3951
ENSG00000233407	0	0	0
ENSG00000225675	1	1	0
ENSG00000237622	0	0	0
ENSG00000162598	0	0	0
ENSG00000280317	0	0	0
ENSG00000162415	706	361	349
ENSG00000162600	509	226	283
ENSG00000116704	3549	1760	1789
ENSG00000227644	0	2	0
ENSG00000157193	630	357	414
ENSG00000116205	501	251	269
ENSG00000198841	65	30	35
ENSG00000116212	529	268	261
ENSG00000234204	0	0	0
ENSG00000233099	0	0	0
ENSG00000233994	11	9	2
ENSG00000237180	0	0	0
ENSG00000213561	9	5	4
ENSG00000233973	0	0	0
ENSG00000237552	0	0	0
ENSG00000132854	133	71	62
ENSG00000227556	0	0	0
ENSG00000162616	609	290	320
ENSG00000162607	1948	932	1016
ENSG00000233602	16	7	9
ENSG00000233271	0	59	48
ENSG00000285954	1	1	0
ENSG00000233333	6	2	4
ENSG00000154027	36	17	19
ENSG00000234108	0	0	0
ENSG00000232676	0	0	0
ENSG00000225167	0	0	0
ENSG00000132122	373	190	185
ENSG00000213579	0	0	0
ENSG00000137960	1558	789	769
ENSG00000237852	4	1	3
ENSG00000116745	6	4	2
ENSG00000132855	17	10	7
ENSG00000285407	0	0	0
ENSG00000272855	0	0	0
ENSG00000270549	1	1	0
ENSG00000237163	0	0	0
ENSG00000229636	0	0	0
ENSG00000116675	145	63	82
ENSG00000162433	713	348	365
ENSG00000213625	2515	1183	1332
ENSG00000227207	0	0	0
ENSG00000227016	0	0	0
ENSG00000233664	0	0	0
ENSG00000158966	212	118	94
ENSG00000213703	1	1	0
ENSG00000203965	150	78	74
ENSG00000223479	0	0	0
ENSG00000233674	1	0	1
ENSG00000153898	75	36	39
ENSG00000117069	96	55	41
ENSG00000125703	329	166	163
ENSG00000285041	0	0	0
ENSG00000285808	0	0	0
ENSG00000229440	0	0	0
ENSG00000234144	0	0	0
ENSG00000213540	3	2	1
ENSG00000277670	0	0	0
ENSG00000227466	0	0	0
ENSG00000154007	1	1	0
ENSG00000230498	2	0	2
ENSG00000285782	0	0	0
ENSG00000162618	752	368	384
ENSG00000224493	0	0	0
ENSG00000131233	2	1	1
ENSG00000272371	0	0	0
ENSG00000287647	1	1	0
ENSG00000229225	0	0	0
ENSG00000230863	0	0	0
ENSG00000213560	4	2	2
ENSG00000287224	1	0	1
ENSG00000225598	0	0	0
ENSG00000286455	0	0	0
ENSG00000225087	0	0	0
ENSG00000224986	4	2	2
ENSG00000280378	13	12	1
ENSG00000188786	1128	569	559
ENSG00000230053	0	0	0
ENSG00000137941	337	173	164
ENSG00000273338	23	14	9
ENSG00000223720	3	1	2
ENSG00000224326	0	0	0
ENSG00000286548	26	5	22
ENSG00000066135	827	565	577
ENSG00000230027	0	0	0
ENSG00000233061	3	2	1
ENSG00000272094	0	0	0
ENSG00000228853	1	0	1
ENSG00000215874	0	0	0
ENSG00000232453	28	15	13
ENSG00000260386	1	1	0
ENSG00000284895	0	0	0
ENSG00000117174	655	293	362
ENSG00000237413	2	0	2
ENSG00000184313	69	34	35
ENSG00000284645	1	1	0
ENSG00000225605	0	0	0
ENSG00000225446	2	2	0
ENSG00000288543	1	1	0
ENSG00000122420	169	82	87
ENSG00000284240	0	0	0
ENSG00000236290	0	0	0
ENSG00000143013	797	374	423
ENSG00000226084	7	1	6
ENSG00000134748	2096	1045	1051
ENSG00000142892	844	423	421
ENSG00000219102	8	4	4
ENSG00000184005	191	102	89
ENSG00000230953	33	11	22
ENSG00000287743	6	3	3
ENSG00000229332	0	0	0
ENSG00000227937	0	0	0
ENSG00000229752	0	0	0
ENSG00000237505	5	2	3
ENSG00000285462	0	0	0
ENSG00000233216	0	0	0
ENSG00000197273	1306	662	644
ENSG00000226804	0	0	0
ENSG00000285325	0	0	0
ENSG00000230728	4	2	2
ENSG00000162402	3265	1599	1666
ENSG00000232846	2	2	0
ENSG00000219201	4	1	3
ENSG00000230787	1	1	0
ENSG00000116641	1785	879	906
ENSG00000235927	2	12	13
ENSG00000223920	0	0	0
ENSG00000237453	9	4	5
ENSG00000172260	406	206	203
ENSG00000285473	0	0	0
ENSG00000237959	0	0	0
ENSG00000231364	0	0	0
ENSG00000234578	0	5	4
ENSG00000117480	2185	1053	1132
ENSG00000137944	662	320	342
ENSG00000229505	0	0	0
ENSG00000228187	1	1	0
ENSG00000285201	0	0	0
ENSG00000182183	19	6	13
ENSG00000236407	0	0	0
ENSG00000271949	0	0	0
ENSG00000227062	0	0	0
ENSG00000067334	1379	628	751
ENSG00000235011	0	0	0
ENSG00000235673	2	2	0
ENSG00000226938	0	0	0
ENSG00000213559	0	0	0
ENSG00000287587	0	0	0
ENSG00000142949	16988	8364	8624
ENSG00000116133	11630	6922	6980
ENSG00000232882	1	1	0
ENSG00000171502	30	16	14
ENSG00000162399	0	0	0
ENSG00000116157	55	29	26
ENSG00000143036	910	484	426
ENSG00000232672	0	0	0
ENSG00000230817	1	0	1
ENSG00000235613	5	4	1
ENSG00000065243	2454	1208	1246
ENSG00000226759	1	0	1
ENSG00000226960	0	0	0
ENSG00000234080	0	0	0
ENSG00000237899	3	3	0
ENSG00000225492	24	7	17
ENSG00000223905	1	1	0
ENSG00000227290	0	0	0
ENSG00000229486	0	0	0
ENSG00000282898	0	0	0
ENSG00000285409	0	0	0
ENSG00000231090	0	0	0
ENSG00000117528	4039	1978	2061
ENSG00000271723	6	3	3
ENSG00000172339	491	242	250
ENSG00000036549	1104	536	568
ENSG00000287724	3	566	563
ENSG00000058799	826	409	417
ENSG00000225191	0	0	0
ENSG00000287870	0	0	0
ENSG00000235563	0	0	0
ENSG00000232048	0	0	0
ENSG00000232857	2	2	0
ENSG00000273637	0	0	0
ENSG00000203985	1	1	0
ENSG00000228838	2	8	9
ENSG00000283761	26	14	12
ENSG00000189433	4	1	4
ENSG00000230759	0	0	0
ENSG00000231866	0	0	0
ENSG00000179178	1519	737	802
ENSG00000142700	0	0	0
ENSG00000285525	0	0	0
ENSG00000236098	0	0	0
ENSG00000233514	2	2	0
ENSG00000127124	169	86	83
ENSG00000266993	40	30	46
ENSG00000223675	1	1	0
ENSG00000162604	608	289	319
ENSG00000229316	0	0	0
ENSG00000116171	5917	2842	3081
ENSG00000287406	15	9	6
ENSG00000225767	6	2	4
ENSG00000234099	0	0	0
ENSG00000137936	1350	729	728
ENSG00000235308	2	1	1
ENSG00000232752	0	0	0
ENSG00000235829	0	0	0
ENSG00000143032	0	0	0
ENSG00000226745	0	0	0
ENSG00000178028	1459	702	757
ENSG00000280040	22	9	13
ENSG00000168710	4582	2276	2306
ENSG00000117519	3821	1835	1986
ENSG00000270507	0	0	0
ENSG00000238037	0	0	0
ENSG00000215869	0	0	0
ENSG00000134215	2216	1065	1151
ENSG00000227935	0	0	0
ENSG00000229887	0	0	0
ENSG00000228502	7	2	5
ENSG00000236268	0	0	0
ENSG00000271277	0	0	0
ENSG00000236888	0	0	0
ENSG00000279778	0	0	0
ENSG00000232015	0	0	0
ENSG00000230955	0	62	46
ENSG00000230828	0	0	0
ENSG00000188641	616	316	334
ENSG00000152078	853	433	420
ENSG00000237279	0	0	0
ENSG00000233359	0	0	0
ENSG00000237954	0	0	0
ENSG00000185668	10	2	8
ENSG00000171492	857	395	462
ENSG00000233129	0	0	0
ENSG00000170989	676	332	344
ENSG00000258634	127	93	101
ENSG00000233557	0	0	0
ENSG00000237897	0	0	0
ENSG00000116299	4450	2202	2248
ENSG00000137962	803	391	412
ENSG00000227832	0	0	0
ENSG00000286692	2	0	2
ENSG00000260464	11	4	9
ENSG00000237435	0	0	0
ENSG00000231996	0	0	0
ENSG00000273204	9	24	21
ENSG00000079739	3299	1894	1897
ENSG00000117154	23	14	9
ENSG00000162377	898	434	464
ENSG00000224613	0	0	0
ENSG00000215871	0	0	0
ENSG00000287372	0	0	0
ENSG00000232542	2	1	1
ENSG00000231095	0	0	0
ENSG00000116774	519	267	252
ENSG00000287756	10	4	6
ENSG00000269113	148	73	75
ENSG00000284652	1	0	1
ENSG00000023909	894	448	446
ENSG00000069702	990	476	514
ENSG00000232185	0	0	0
ENSG00000230489	0	0	0
ENSG00000228399	1	1	0
ENSG00000236776	1	0	1
ENSG00000285928	7	5	2
ENSG00000224685	0	0	0
ENSG00000287076	0	0	0
ENSG00000237480	0	0	0
ENSG00000271252	0	0	0
ENSG00000230427	2	1	1
ENSG00000235794	0	0	0
ENSG00000286758	1	1	0
ENSG00000237337	0	0	0
ENSG00000233983	0	0	0
ENSG00000198198	2577	2036	1939
ENSG00000225183	0	0	0
ENSG00000230402	1	1	0
ENSG00000116793	451	236	215
ENSG00000134201	96	47	49
ENSG00000238122	0	0	0
ENSG00000260879	0	108	171
ENSG00000213366	383	191	192
ENSG00000230864	0	0	0
ENSG00000283354	0	0	0
ENSG00000232918	1	1	0
ENSG00000236360	3	5	4
ENSG00000183298	1	0	1
ENSG00000234332	2	2	0
ENSG00000117525	1012	499	513
ENSG00000225079	2	1	1
ENSG00000226483	0	0	0
ENSG00000224238	8	4	4
ENSG00000229537	0	0	0
ENSG00000162699	0	0	0
ENSG00000162692	749	387	362
ENSG00000203914	0	0	0
ENSG00000270457	1	0	1
ENSG00000203858	0	0	0
ENSG00000231987	0	0	0
ENSG00000228057	2	2	0
ENSG00000261593	0	0	0
ENSG00000224445	0	0	0
ENSG00000229842	0	0	0
ENSG00000270631	0	0	0
ENSG00000229201	0	0	0
ENSG00000181656	10	3	7
ENSG00000122481	36	25	11
ENSG00000198162	2589	1281	1308
ENSG00000238198	10	5	5
ENSG00000171517	68	29	39
ENSG00000228852	12	8	4
ENSG00000203864	0	0	0
ENSG00000233482	0	0	0
ENSG00000230250	0	0	0
ENSG00000232878	1	15	20
ENSG00000143079	1912	881	1031
ENSG00000232450	11	7	4
ENSG00000223575	2	0	2
ENSG00000230768	0	0	0
ENSG00000235202	0	0	0
ENSG00000272715	2	0	2
ENSG00000235038	0	0	0
ENSG00000143093	1057	510	547
ENSG00000226415	43	6	37
ENSG00000085491	2684	1455	1516
ENSG00000173947	5	4	1
ENSG00000241361	0	0	0
ENSG00000230434	0	0	0
ENSG00000230718	0	0	0
ENSG00000134198	409	196	213
ENSG00000235595	1	0	1
ENSG00000226053	0	0	0
ENSG00000226128	0	0	0
ENSG00000198799	934	558	488
ENSG00000279513	4	2	2
ENSG00000117620	4095	1991	2204
ENSG00000280186	5	4	1
ENSG00000223906	0	0	0
ENSG00000162688	1747	854	893
ENSG00000197106	9	6	4
ENSG00000259946	0	0	0
ENSG00000236137	31	24	17
ENSG00000203859	7	4	3
ENSG00000228086	0	19	17
ENSG00000213421	0	0	0
ENSG00000234020	0	0	0
ENSG00000060718	31	15	16
ENSG00000236804	1	0	1
ENSG00000231072	0	0	0
ENSG00000273406	1	1	0
ENSG00000185946	504	261	243
ENSG00000162627	1221	614	607
ENSG00000226715	0	0	0
ENSG00000162695	1501	750	751
ENSG00000134184	3	1	3
ENSG00000265808	1666	825	841
ENSG00000261290	0	0	0
ENSG00000225923	0	0	0
ENSG00000134247	3900	1935	1965
ENSG00000187481	0	0	0
ENSG00000116752	909	434	475
ENSG00000162664	1658	836	822
ENSG00000236866	1	0	1
ENSG00000134253	124	64	60
ENSG00000277655	0	0	0
ENSG00000223416	1	1	0
ENSG00000213226	0	0	0
ENSG00000179571	2	2	0
ENSG00000227850	0	0	0
ENSG00000243967	0	0	0
ENSG00000235777	5	2	3
ENSG00000260246	0	1	0
ENSG00000173218	1512	779	733
ENSG00000285532	2	0	2
ENSG00000226755	0	0	0
ENSG00000232650	0	0	0
ENSG00000183508	3311	1617	1694
ENSG00000277095	0	0	0
ENSG00000236806	4	2	2
ENSG00000234283	1	0	1
ENSG00000237188	7	3	4
ENSG00000232780	0	0	0
ENSG00000274927	0	0	0
ENSG00000264145	0	0	0
ENSG00000238256	0	0	0
ENSG00000198765	0	0	0
ENSG00000224335	0	0	0
ENSG00000277702	4	3	1
ENSG00000143398	1646	814	832
ENSG00000196505	786	353	433
ENSG00000225871	2	4	2
ENSG00000223489	0	0	0
ENSG00000230546	0	0	0
ENSG00000213262	4	3	1
ENSG00000287015	0	0	0
ENSG00000241720	0	26	19
ENSG00000235526	0	0	0
ENSG00000228347	0	0	0
ENSG00000276975	21	12	9
ENSG00000236012	0	0	0
ENSG00000270911	0	0	0
ENSG00000272824	3	3	0
ENSG00000134200	3	2	1
ENSG00000234257	0	0	0
ENSG00000065183	838	433	461
ENSG00000227082	5	3	2
ENSG00000228626	0	0	0
ENSG00000226126	0	0	0
ENSG00000163393	92	54	38
ENSG00000163156	380	183	198
ENSG00000143631	11	4	10
ENSG00000156150	0	29	38
ENSG00000228453	0	0	0
ENSG00000274642	3	2	1
ENSG00000177551	3	2	1
ENSG00000197323	1647	803	844
ENSG00000237975	11	8	6
ENSG00000261168	1	0	1
ENSG00000287980	0	0	0
ENSG00000229283	0	0	0
ENSG00000271419	0	0	0
ENSG00000226172	0	0	0
ENSG00000079335	342	198	180
ENSG00000143119	590	282	308
ENSG00000237278	0	57	55
ENSG00000285062	0	0	0
ENSG00000233432	0	0	0
ENSG00000227700	0	0	0
ENSG00000229911	0	0	0
ENSG00000143520	6	3	3
ENSG00000171943	93	43	51
ENSG00000270719	0	0	0
ENSG00000155761	9	31	34
ENSG00000230806	0	0	0
ENSG00000116830	1499	715	784
ENSG00000234422	0	0	0
ENSG00000227056	1	0	1
ENSG00000143614	1024	516	509
ENSG00000227091	0	1	0
ENSG00000169418	351	184	167
ENSG00000214204	0	0	0
ENSG00000081026	2235	1106	1129
ENSG00000225650	4	3	1
ENSG00000227179	1	0	1
ENSG00000224965	9	2	7
ENSG00000228127	0	0	0
ENSG00000226984	2	0	2
ENSG00000186150	0	0	0
ENSG00000143554	892	450	442
ENSG00000143458	1382	659	723
ENSG00000230932	0	0	0
ENSG00000073754	0	0	0
ENSG00000228826	0	0	0
ENSG00000233907	0	0	0
ENSG00000225036	0	0	0
ENSG00000228420	1	0	1
ENSG00000233839	0	0	0
ENSG00000250890	0	0	0
ENSG00000232240	0	0	0
ENSG00000280649	18	15	4
ENSG00000131781	1059	496	615
ENSG00000223599	9	4	5
ENSG00000230921	0	0	0
ENSG00000286151	0	0	0
ENSG00000234388	0	0	0
ENSG00000235015	0	0	0
ENSG00000271736	0	0	0
ENSG00000235988	0	0	0
ENSG00000233717	1	1	0
ENSG00000231551	39	17	22
ENSG00000227295	3	1	2
ENSG00000163155	185	87	98
ENSG00000243613	0	47	52
ENSG00000241975	31	9	22
ENSG00000271143	0	0	0
ENSG00000270976	0	0	0
ENSG00000228217	0	0	0
ENSG00000270342	0	0	0
ENSG00000143552	16	7	9
ENSG00000175984	53	22	31
ENSG00000231100	0	0	0
ENSG00000116824	243	116	127
ENSG00000235887	0	0	0
ENSG00000237460	0	0	0
ENSG00000236327	3	1	2
ENSG00000223804	7	4	3
ENSG00000236887	0	0	0
ENSG00000024526	744	425	445
ENSG00000236480	1	1	0
ENSG00000235756	0	0	0
ENSG00000173810	0	0	0
ENSG00000235005	0	0	0
ENSG00000271890	0	0	0
ENSG00000238107	0	0	2
ENSG00000227425	0	0	0
ENSG00000233222	3	21	17
ENSG00000225279	3	2	1
ENSG00000229101	0	0	0
ENSG00000224927	0	0	0
ENSG00000239216	0	0	0
ENSG00000283360	5	4	1
ENSG00000117262	134	66	68
ENSG00000227907	27	12	17
ENSG00000143624	2543	1361	1398
ENSG00000227970	0	0	0
ENSG00000261055	0	0	0
ENSG00000231613	0	0	0
ENSG00000137947	572	282	290
ENSG00000236689	0	0	0
ENSG00000233589	8	65	69
ENSG00000117586	31	10	21
ENSG00000230946	8	6	2
ENSG00000226028	0	0	0
ENSG00000162728	11	7	4
ENSG00000229021	4	3	1
ENSG00000203825	0	0	0
ENSG00000184371	1624	811	814
ENSG00000233449	0	0	0
ENSG00000242943	0	0	0
ENSG00000233203	2	2	0
ENSG00000232499	8	4	4
ENSG00000232265	5	2	3
ENSG00000163154	32	13	19
ENSG00000232995	24	16	8
ENSG00000236957	0	0	0
ENSG00000238087	0	0	0
ENSG00000227777	1	1	1
ENSG00000177173	35	15	20
ENSG00000277406	24	10	14
ENSG00000238022	0	0	0
ENSG00000231671	0	0	0
ENSG00000162729	2151	1041	1110
ENSG00000143158	2246	1811	2199
ENSG00000271092	6	2	4
ENSG00000238118	0	0	0
ENSG00000276118	0	0	0
ENSG00000232148	0	0	0
ENSG00000278811	61	71	76
ENSG00000000460	358	349	269
ENSG00000188859	67	39	36
ENSG00000275075	0	0	0
ENSG00000135862	4537	2248	2290
ENSG00000232952	1	0	1
ENSG00000158473	143	60	83
ENSG00000227722	1	0	1
ENSG00000285922	0	0	0
ENSG00000275801	1	1	0
ENSG00000143198	3589	1751	1838
ENSG00000143318	7	3	4
ENSG00000232188	0	0	0
ENSG00000232212	0	0	0
ENSG00000143621	3921	1910	2018
ENSG00000241042	0	0	0
ENSG00000143155	1658	796	862
ENSG00000260322	0	0	0
ENSG00000223495	0	0	0
ENSG00000143156	137	320	192
ENSG00000198771	538	267	292
ENSG00000225462	2	0	2
ENSG00000237756	1	0	1
ENSG00000116147	9	4	5
ENSG00000213064	3832	2216	2147
ENSG00000203307	4	3	1
ENSG00000143179	1045	728	742
ENSG00000271187	0	0	0
ENSG00000274562	0	0	0
ENSG00000143315	644	334	310
ENSG00000116199	2311	1097	1214
ENSG00000231175	0	0	0
ENSG00000143185	3	3	1
ENSG00000235145	7	3	4
ENSG00000116260	9788	4923	4866
ENSG00000272931	18	7	11
ENSG00000143190	1300	680	746
ENSG00000225475	0	0	0
ENSG00000230898	1	1	0
ENSG00000232223	0	0	0
ENSG00000224698	0	0	0
ENSG00000287697	1	7	14
ENSG00000075945	1249	641	681
ENSG00000235303	0	0	0
ENSG00000234810	1	0	1
ENSG00000232750	3	0	3
ENSG00000224468	11	4	8
ENSG00000235628	0	0	0
ENSG00000232551	0	0	0
ENSG00000092607	1	1	0
ENSG00000238270	0	0	0
ENSG00000285894	0	0	0
ENSG00000236025	0	0	0
ENSG00000230687	0	0	0
ENSG00000230704	0	0	0
ENSG00000283255	0	0	0
ENSG00000227741	13	84	197
ENSG00000237049	0	0	0
ENSG00000286754	0	0	0
ENSG00000232751	0	0	0
ENSG00000236364	45	200	174
ENSG00000117091	147	117	134
ENSG00000235378	0	0	0
ENSG00000143171	57	24	33
ENSG00000275767	0	0	0
ENSG00000224718	0	0	0
ENSG00000047410	4146	2018	2250
ENSG00000231992	6	5	1
ENSG00000018625	425	222	203
ENSG00000171806	153	78	94
ENSG00000287919	0	0	0
ENSG00000229914	0	0	0
ENSG00000233882	0	0	0
ENSG00000198358	0	1	0
ENSG00000229407	1	1	0
ENSG00000134216	0	0	0
ENSG00000230748	2	2	0
ENSG00000254154	52	23	29
ENSG00000162694	309	158	187
ENSG00000238108	0	0	0
ENSG00000214262	0	246	285
ENSG00000183853	938	449	489
ENSG00000215835	2	1	1
ENSG00000118197	545	260	289
ENSG00000135842	1134	528	606
ENSG00000229258	0	2	2
ENSG00000287472	0	0	0
ENSG00000241318	1	0	1
ENSG00000228238	0	0	0
ENSG00000232393	1	0	1
ENSG00000121454	111	104	103
ENSG00000184155	0	0	0
ENSG00000058085	984	489	495
ENSG00000260088	0	2	2
ENSG00000287978	103	50	53
ENSG00000116815	499	235	264
ENSG00000232917	0	0	0
ENSG00000233057	1	1	0
ENSG00000237131	0	0	0
ENSG00000233946	0	0	0
ENSG00000143167	10556	5198	5360
ENSG00000143184	12	8	5
ENSG00000231966	1	1	0
ENSG00000176320	0	0	0
ENSG00000260976	0	0	0
ENSG00000235215	0	0	0
ENSG00000223450	5	2	3
ENSG00000224691	0	0	0
ENSG00000286572	1	1	0
ENSG00000235101	1	1	0
ENSG00000228215	0	0	0
ENSG00000177807	12	8	4
ENSG00000233626	3	1	2
ENSG00000233691	0	0	0
ENSG00000283518	0	0	0
ENSG00000271527	0	0	0
ENSG00000143228	404	179	225
ENSG00000235827	0	0	0
ENSG00000231615	2	1	1
ENSG00000231714	0	0	0
ENSG00000174514	1628	917	931
ENSG00000143178	54	31	23
ENSG00000224837	1	0	1
ENSG00000116833	1712	856	856
ENSG00000227740	8	3	5
ENSG00000260990	1	1	0
ENSG00000000457	521	350	412
ENSG00000143507	218	111	107
ENSG00000285638	0	0	0
ENSG00000226520	1	1	0
ENSG00000284592	0	0	0
ENSG00000230987	0	0	0
ENSG00000232527	0	0	1
ENSG00000215833	1	1	0
ENSG00000228167	0	0	0
ENSG00000225325	0	0	0
ENSG00000223344	0	0	0
ENSG00000228191	0	0	0
ENSG00000229961	2	1	1
ENSG00000150732	0	0	0
ENSG00000157064	67	36	38
ENSG00000288139	0	0	0
ENSG00000226015	75	39	36
ENSG00000215808	0	0	0
ENSG00000059588	1706	828	881
ENSG00000231512	0	0	0
ENSG00000237379	1	0	1
ENSG00000232959	0	29	44
ENSG00000122224	88	45	43
ENSG00000162782	62	31	31
ENSG00000238051	0	0	0
ENSG00000233196	1	0	1
ENSG00000229220	4	3	1
ENSG00000143653	1439	709	730
ENSG00000135837	2712	1296	1416
ENSG00000158711	1949	1114	1057
ENSG00000227747	0	0	0
ENSG00000228081	0	0	0
ENSG00000228020	0	0	0
ENSG00000234975	28	14	14
ENSG00000162851	611	292	319
ENSG00000271427	2	2	0
ENSG00000261817	0	0	0
ENSG00000143353	226	129	144
ENSG00000197965	5210	2567	2643
ENSG00000143493	786	419	368
ENSG00000230777	1	1	0
ENSG00000179397	11	4	7
ENSG00000224540	0	0	0
ENSG00000117592	4923	2404	2519
ENSG00000186197	5	4	1
ENSG00000229067	0	0	0
ENSG00000230231	0	0	0
ENSG00000227711	0	0	0
ENSG00000261182	0	0	0
ENSG00000228879	0	0	0
ENSG00000227925	3	0	3
ENSG00000162670	325	171	182
ENSG00000225712	0	0	0
ENSG00000162761	16	7	10
ENSG00000143199	15	11	4
ENSG00000179930	3	0	4
ENSG00000007908	128	62	66
ENSG00000092978	514	255	259
ENSG00000143499	794	400	394
ENSG00000188404	162	77	85
ENSG00000227735	0	0	0
ENSG00000243062	0	0	0
ENSG00000143196	337	165	172
ENSG00000228504	0	0	0
ENSG00000274702	0	0	0
ENSG00000226211	0	0	0
ENSG00000236942	4	6	0
ENSG00000287205	1	1	0
ENSG00000203697	3565	1784	1781
ENSG00000116574	657	333	324
ENSG00000287929	6	6	7
ENSG00000186283	1521	807	714
ENSG00000224896	0	0	0
ENSG00000226292	0	0	0
ENSG00000121481	434	224	210
ENSG00000227940	0	0	0
ENSG00000117139	2528	1261	1267
ENSG00000143248	3335	1619	1716
ENSG00000278455	0	0	0
ENSG00000224810	4	3	1
ENSG00000162814	17	13	8
ENSG00000225172	0	0	0
ENSG00000261642	0	0	0
ENSG00000228239	0	0	0
ENSG00000237283	0	0	0
ENSG00000116132	310	154	156
ENSG00000238042	1	1	0
ENSG00000271475	0	0	0
ENSG00000231877	0	0	0
ENSG00000116679	4853	2385	2468
ENSG00000228536	3	2	1
ENSG00000230550	0	1	0
ENSG00000229242	0	0	0
ENSG00000253326	4	3	1
ENSG00000228470	2	2	0
ENSG00000152092	32	14	18
ENSG00000234984	0	0	0
ENSG00000231648	0	0	0
ENSG00000229983	1	0	1
ENSG00000215149	0	0	0
ENSG00000225122	0	0	0
ENSG00000225920	16	7	9
ENSG00000143476	585	277	309
ENSG00000121486	808	421	387
ENSG00000228437	0	0	0
ENSG00000214837	25	17	8
ENSG00000057252	1294	656	638
ENSG00000225982	0	1	0
ENSG00000285718	0	0	0
ENSG00000234070	0	2	2
ENSG00000233620	0	0	0
ENSG00000237783	0	0	0
ENSG00000272906	12	32	44
ENSG00000233018	0	0	0
ENSG00000123685	24	7	17
ENSG00000224783	0	0	0
ENSG00000162852	1230	573	657
ENSG00000232792	1	1	0
ENSG00000273004	4	1	3
ENSG00000143842	1176	574	602
ENSG00000268062	3	1	2
ENSG00000237409	3	2	1
ENSG00000116962	1754	911	843
ENSG00000288078	0	0	0
ENSG00000271399	0	0	0
ENSG00000229757	1	1	1
ENSG00000232679	0	0	0
ENSG00000159388	14591	7232	7359
ENSG00000220749	0	0	0
ENSG00000181450	465	223	242
ENSG00000223519	14	18	19
ENSG00000120333	623	309	336
ENSG00000286285	3	2	1
ENSG00000225300	6	4	2
ENSG00000223842	1	0	1
ENSG00000162753	0	1	0
ENSG00000228247	0	0	0
ENSG00000231424	5	3	2
ENSG00000143355	3	1	2
ENSG00000287177	0	0	0
ENSG00000237193	0	0	0
ENSG00000223490	0	0	0
ENSG00000121644	1709	842	867
ENSG00000174502	1	0	1
ENSG00000224286	0	0	0
ENSG00000158715	1643	808	835
ENSG00000143195	44	28	16
ENSG00000162849	21	12	9
ENSG00000232824	1	0	1
ENSG00000273416	1	0	1
ENSG00000234142	0	0	0
ENSG00000282111	0	0	0
ENSG00000233410	0	0	0
ENSG00000067533	632	318	314
ENSG00000228955	1	0	1
ENSG00000270443	0	0	0
ENSG00000116209	5816	2943	2873
ENSG00000224702	0	0	1
ENSG00000271811	4	1	3
ENSG00000224278	0	0	0
ENSG00000235492	0	0	0
ENSG00000287808	4	18	132
ENSG00000271588	3	2	1
ENSG00000229840	0	0	0
ENSG00000116161	1920	975	987
ENSG00000226486	0	0	0
ENSG00000227687	0	0	0
ENSG00000231814	0	0	0
ENSG00000286210	1	0	1
ENSG00000287364	34	17	17
ENSG00000225063	0	0	0
ENSG00000260698	17	7	10
ENSG00000277007	19	6	13
ENSG00000229016	0	0	0
ENSG00000077157	5447	2773	2718
ENSG00000152104	739	367	379
ENSG00000236975	0	0	0
ENSG00000215834	0	0	0
ENSG00000286541	0	0	0
ENSG00000117650	617	301	316
ENSG00000235021	2	1	1
ENSG00000203724	37	16	21
ENSG00000225006	0	0	0
ENSG00000287633	0	0	0
ENSG00000158764	4	2	3
ENSG00000223375	0	0	0
ENSG00000230714	0	0	0
ENSG00000261065	0	15	9
ENSG00000260855	25	11	14
ENSG00000188783	338	177	161
ENSG00000236206	0	0	0
ENSG00000168118	1161	603	645
ENSG00000181101	1	0	1
ENSG00000173726	3635	1890	1745
ENSG00000282852	1	0	1
ENSG00000152382	450	230	220
ENSG00000143839	5	2	3
ENSG00000232100	0	0	0
ENSG00000261024	0	0	0
ENSG00000230547	0	0	0
ENSG00000229703	0	0	0
ENSG00000176754	3	2	1
ENSG00000232309	1	1	0
ENSG00000227953	33	31	25
ENSG00000232215	0	0	0
ENSG00000135829	5851	3047	2950
ENSG00000228289	1	0	1
ENSG00000134717	542	268	274
ENSG00000232989	0	0	0
ENSG00000233537	0	0	0
ENSG00000116668	184	90	95
ENSG00000143756	1323	667	656
ENSG00000278180	0	0	0
ENSG00000143702	297	164	154
ENSG00000232341	0	0	0
ENSG00000287676	5	3	2
ENSG00000236792	0	0	0
ENSG00000143207	1489	689	800
ENSG00000270859	0	0	0
ENSG00000238224	0	0	0
ENSG00000286775	0	0	0
ENSG00000122176	2982	1409	1573
ENSG00000229120	2	0	2
ENSG00000237492	0	0	0
ENSG00000230404	0	0	0
ENSG00000213036	1	0	1
ENSG00000227230	2	6	8
ENSG00000236230	0	0	0
ENSG00000026751	451	204	247
ENSG00000150681	26	9	20
ENSG00000116906	1484	728	756
ENSG00000092969	54	36	31
ENSG00000157181	1101	526	575
ENSG00000250762	0	0	0
ENSG00000236720	0	0	0
ENSG00000227421	0	0	0
ENSG00000227240	1	1	0
ENSG00000076258	140	73	67
ENSG00000286073	0	0	0
ENSG00000231084	2	1	1
ENSG00000232085	0	6	3
ENSG00000117697	656	304	352
ENSG00000279333	0	24	13
ENSG00000235083	0	0	0
ENSG00000162669	10	6	4
ENSG00000197067	0	0	0
ENSG00000229652	0	0	0
ENSG00000132681	6	2	4
ENSG00000225904	0	0	0
ENSG00000270920	0	0	0
ENSG00000281664	0	0	0
ENSG00000143641	2884	1784	1974
ENSG00000227630	18	10	8
ENSG00000228830	0	1045	782
ENSG00000010932	6	4	2
ENSG00000282849	0	1	0
ENSG00000276520	0	0	0
ENSG00000226640	0	0	0
ENSG00000010072	277	179	197
ENSG00000135766	608	329	279
ENSG00000232626	10	6	4
ENSG00000232096	0	0	0
ENSG00000279261	0	0	0
ENSG00000213051	0	0	0
ENSG00000238054	0	0	0
ENSG00000163534	68	33	35
ENSG00000168243	216	105	111
ENSG00000281453	0	0	0
ENSG00000237469	0	0	0
ENSG00000224939	0	0	0
ENSG00000227613	0	0	0
ENSG00000116183	118	59	59
ENSG00000270106	0	0	0
ENSG00000232194	1	1	0
ENSG00000235152	0	0	0
ENSG00000231612	0	0	0
ENSG00000237980	1	0	1
ENSG00000271036	0	0	0
ENSG00000230849	0	0	0
ENSG00000170382	167	82	86
ENSG00000228664	0	0	0
ENSG00000226868	0	0	0
ENSG00000279401	0	0	0
ENSG00000272362	0	0	0
ENSG00000287450	0	0	0
ENSG00000237011	2	1	1
ENSG00000233583	0	0	1
ENSG00000066027	3510	1733	1777
ENSG00000286263	0	0	0
ENSG00000227006	16	8	8
ENSG00000236372	0	0	0
ENSG00000224525	1	0	1
ENSG00000188770	0	0	0
ENSG00000173728	4	2	2
ENSG00000094975	1714	842	872
ENSG00000225811	1	14	15
ENSG00000273093	0	0	0
ENSG00000162772	4202	2079	2123
ENSG00000227818	0	0	0
ENSG00000135828	838	397	441
ENSG00000224227	2	2	0
ENSG00000286398	0	0	0
ENSG00000076356	3785	1847	1938
ENSG00000215819	0	4	3
ENSG00000185523	2	1	1
ENSG00000236108	0	0	0
ENSG00000116711	353	167	186
ENSG00000231684	2	0	2
ENSG00000226750	0	0	0
ENSG00000285665	12	3	9
ENSG00000231022	0	0	0
ENSG00000224436	0	0	0
ENSG00000228208	0	0	0
ENSG00000273384	3	0	3
ENSG00000238061	5	3	2
ENSG00000234915	6	5	5
ENSG00000143845	51	39	37
ENSG00000235862	0	17	22
ENSG00000069812	1618	779	839
ENSG00000227585	0	0	0
ENSG00000157060	0	0	0
ENSG00000237213	0	0	0
ENSG00000236439	1	1	1
ENSG00000224260	0	0	0
ENSG00000213045	0	0	0
ENSG00000287220	8	1	7
ENSG00000230063	2	4	2
ENSG00000235467	0	0	0
ENSG00000123684	2336	1167	1173
ENSG00000117707	312	150	172
ENSG00000228044	0	0	0
ENSG00000225338	2	2	0
ENSG00000224407	0	440	434
ENSG00000232463	0	0	0
ENSG00000237457	16	11	5
ENSG00000225171	8	3	5
ENSG00000226843	0	0	0
ENSG00000235386	0	0	0
ENSG00000123836	4854	2467	2450
ENSG00000213690	0	0	0
ENSG00000223982	0	0	0
ENSG00000229832	6	3	3
ENSG00000117691	494	249	245
ENSG00000225233	1	1	0
ENSG00000274895	0	0	0
ENSG00000237514	0	0	0
ENSG00000287856	0	0	0
ENSG00000228067	1	1	0
ENSG00000284299	0	0	0
ENSG00000226375	0	0	0
ENSG00000203705	221	109	112
ENSG00000224040	0	0	0
ENSG00000228686	7	5	2
ENSG00000279838	45	22	23
ENSG00000174175	485	246	239
ENSG00000236401	0	0	0
ENSG00000241475	0	0	0
ENSG00000215800	0	0	0
ENSG00000286421	0	0	0
ENSG00000270936	0	0	0
ENSG00000008118	9	7	2
ENSG00000171161	1181	581	600
ENSG00000241505	0	0	0
ENSG00000224535	0	0	0
ENSG00000282097	1	0	1
ENSG00000261453	3	3	0
ENSG00000231020	0	0	0
ENSG00000270818	0	0	0
ENSG00000196878	2530	1297	1233
ENSG00000133059	561	272	289
ENSG00000225561	0	0	0
ENSG00000224668	1	1	0
ENSG00000242529	0	0	0
ENSG00000074964	4667	2279	2388
ENSG00000223847	0	0	0
ENSG00000277704	0	0	0
ENSG00000116918	613	249	376
ENSG00000274020	24	12	18
ENSG00000287445	14	6	8
ENSG00000259815	0	0	0
ENSG00000240963	0	0	0
ENSG00000226570	0	0	0
ENSG00000198929	259	128	131
ENSG00000272167	2	2	0
ENSG00000230628	0	0	0
ENSG00000162771	3	24	18
ENSG00000227579	3	0	3
ENSG00000176393	3191	2212	2174
ENSG00000174606	842	425	417
ENSG00000179914	7728	3804	3924
ENSG00000235750	999	508	491
ENSG00000284376	0	0	0
ENSG00000121446	1	1	0
ENSG00000226758	2	2	0
ENSG00000230199	0	0	0
ENSG00000236905	0	0	0
ENSG00000233304	0	1	3
ENSG00000288007	3	0	4
ENSG00000227887	0	0	0
ENSG00000116903	548	319	328
ENSG00000228255	0	0	0
ENSG00000226196	0	0	0
ENSG00000287354	0	4	7
ENSG00000233827	0	0	0
ENSG00000198797	1	0	1
ENSG00000271746	3	6	11
ENSG00000234233	1	0	1
ENSG00000151414	1440	744	696
ENSG00000177614	162	80	82
ENSG00000223794	0	0	0
ENSG00000235182	0	1	1
ENSG00000213041	5	0	5
ENSG00000287157	0	0	0
ENSG00000233920	0	0	0
ENSG00000183831	22	6	16
ENSG00000225755	1	0	1
ENSG00000143858	70	49	64
ENSG00000197472	27	13	14
ENSG00000230184	4	4	0
ENSG00000234004	0	0	0
ENSG00000232436	0	0	0
ENSG00000231718	0	0	0
ENSG00000283952	0	0	0
ENSG00000230019	0	0	0
ENSG00000136643	555	270	285
ENSG00000232537	1	0	1
ENSG00000226036	1	0	1
ENSG00000285521	1	0	1
ENSG00000236317	0	0	0
ENSG00000176855	0	0	0
ENSG00000227728	0	0	0
ENSG00000133069	59	31	28
ENSG00000162877	6	1	5
ENSG00000233461	43	21	22
ENSG00000225401	4	1	3
ENSG00000228190	0	0	0
ENSG00000135747	4	0	4
ENSG00000227237	0	0	0
ENSG00000069248	1264	635	629
ENSG00000232812	0	0	0
ENSG00000231666	0	0	0
ENSG00000226986	0	0	0
ENSG00000242042	0	0	0
ENSG00000234464	0	0	0
ENSG00000253148	0	0	0
ENSG00000227751	0	286	202
ENSG00000090104	1647	776	871
ENSG00000285280	14	14	4
ENSG00000232892	0	0	0
ENSG00000236950	0	0	0
ENSG00000236468	0	0	0
ENSG00000143322	1157	575	582
ENSG00000185220	273	129	144
ENSG00000226003	1	1	0
ENSG00000230813	0	0	0
ENSG00000226862	10	4	6
ENSG00000236101	0	0	0
ENSG00000162769	851	424	427
ENSG00000133065	449	224	225
ENSG00000278684	0	0	0
ENSG00000236775	0	0	0
ENSG00000042781	5	4	1
ENSG00000234754	2	1	1
ENSG00000233084	5	1	4
ENSG00000227815	0	0	0
ENSG00000287046	0	0	0
ENSG00000223774	2	108	107
ENSG00000228863	5	68	41
ENSG00000228646	0	0	0
ENSG00000229112	0	0	0
ENSG00000233332	0	0	0
ENSG00000231984	0	0	0
ENSG00000286213	0	0	0
ENSG00000226876	8	3	5
ENSG00000277462	82	32	50
ENSG00000225591	0	0	0
ENSG00000035687	1515	748	767
ENSG00000213080	4	2	2
ENSG00000180287	5	3	2
ENSG00000226693	0	0	0
ENSG00000234678	337	776	873
ENSG00000231272	0	0	0
ENSG00000223828	2	1	1
ENSG00000163431	943	569	587
ENSG00000230124	615	340	372
ENSG00000226723	1	1	0
ENSG00000272672	1	1	0
ENSG00000143473	21	24	34
ENSG00000228982	0	0	0
ENSG00000235096	2	1	1
ENSG00000237250	0	0	0
ENSG00000007341	346	327	311
ENSG00000286747	1	2	0
ENSG00000236069	0	1	0
ENSG00000236244	0	0	0
ENSG00000272865	0	0	0
ENSG00000117222	923	473	450
ENSG00000143324	1183	560	623
ENSG00000229871	0	0	0
ENSG00000225222	0	0	0
ENSG00000118193	543	272	271
ENSG00000234116	0	0	0
ENSG00000231940	2	0	2
ENSG00000198842	0	0	0
ENSG00000286619	104	62	42
ENSG00000198756	8	5	3
ENSG00000259823	418	211	207
ENSG00000271558	0	0	0
ENSG00000227554	1	0	1
ENSG00000178596	0	0	0
ENSG00000135749	377	209	199
ENSG00000143786	18	12	9
ENSG00000224584	0	0	0
ENSG00000054282	434	226	244
ENSG00000183780	2	1	1
ENSG00000229663	0	0	0
ENSG00000162702	364	161	203
ENSG00000251508	0	0	0
ENSG00000238272	0	0	1
ENSG00000228530	0	0	0
ENSG00000235060	1	0	1
ENSG00000143194	9	3	6
ENSG00000229531	5	2	3
ENSG00000271329	0	0	0
ENSG00000054267	1461	708	759
ENSG00000261831	0	0	0
ENSG00000287921	0	0	0
ENSG00000177800	2	1	1
ENSG00000225620	1	1	0
ENSG00000232166	0	0	0
ENSG00000175137	1145	563	582
ENSG00000134245	670	486	465
ENSG00000234041	2	1	1
ENSG00000227373	14	9	5
ENSG00000231905	3	2	1
ENSG00000228175	32	20	12
ENSG00000069275	8348	4144	4204
ENSG00000143674	1379	684	695
ENSG00000237317	3	2	1
ENSG00000187889	21	7	14
ENSG00000134375	2044	1022	1022
ENSG00000097046	493	219	274
ENSG00000232113	0	0	0
ENSG00000282718	0	0	0
ENSG00000231378	3	1	2
ENSG00000235605	0	0	0
ENSG00000223525	2	2	0
ENSG00000224857	0	0	0
ENSG00000273367	1	1	0
ENSG00000230604	0	0	0
ENSG00000231605	0	0	0
ENSG00000236358	0	0	0
ENSG00000203737	12	6	6
ENSG00000238003	0	0	0
ENSG00000215873	0	0	0
ENSG00000287008	0	0	0
ENSG00000185420	269	129	140
ENSG00000076321	568	254	314
ENSG00000272175	3	1	6
ENSG00000231564	0	0	0
ENSG00000135778	1164	587	608
ENSG00000213070	0	0	0
ENSG00000282265	0	0	0
ENSG00000250536	5	1	4
ENSG00000229747	0	0	0
ENSG00000117280	429	219	210
ENSG00000233985	0	0	0
ENSG00000232175	23	13	10
ENSG00000287423	0	0	0
ENSG00000286774	0	0	0
ENSG00000236719	1	1	0
ENSG00000136636	2270	1101	1169
ENSG00000225486	1	1	0
ENSG00000227043	0	0	0
ENSG00000163874	3017	1472	1545
ENSG00000285777	0	0	0
ENSG00000237249	2	1	1
ENSG00000286109	0	0	0
ENSG00000213068	0	0	0
ENSG00000054392	155	86	80
ENSG00000227994	0	0	0
ENSG00000286552	0	0	0
ENSG00000225711	1	1	0
ENSG00000122223	28	13	15
ENSG00000235869	2	0	2
ENSG00000188739	23	10	13
ENSG00000286666	0	0	0
ENSG00000135750	899	452	447
ENSG00000273198	1	0	1
ENSG00000203730	4	1	3
ENSG00000225719	0	0	0
ENSG00000273483	6	3	3
ENSG00000287987	0	0	0
ENSG00000203729	0	0	0
ENSG00000232809	0	0	0
ENSG00000284623	0	0	0
ENSG00000285981	0	0	0
ENSG00000261729	8	6	2
ENSG00000223869	0	0	0
ENSG00000229228	3	2	1
ENSG00000215796	2	0	2
ENSG00000185221	0	0	0
ENSG00000233047	0	0	0
ENSG00000143341	400	179	221
ENSG00000228309	0	0	0
ENSG00000229739	24	11	13
ENSG00000116703	1	1	0
ENSG00000273874	1	0	1
ENSG00000278791	0	13	11
ENSG00000278757	0	0	0
ENSG00000264341	0	0	0
ENSG00000264101	0	0	0
ENSG00000265141	0	0	0
ENSG00000221083	1	0	1
ENSG00000252404	0	0	0
ENSG00000222511	0	0	0
ENSG00000265392	1	0	1
ENSG00000243267	1	0	1
ENSG00000201725	0	0	0
ENSG00000274258	2	0	2
ENSG00000239149	2	0	2
ENSG00000252151	0	0	0
ENSG00000252969	0	0	0
ENSG00000252417	0	0	0
ENSG00000200975	0	0	0
ENSG00000201609	0	0	0
ENSG00000238482	1	0	1
ENSG00000252956	0	0	0
ENSG00000265606	0	0	0
ENSG00000284357	0	0	0
ENSG00000278034	0	0	0
ENSG00000207237	2	0	2
ENSG00000222784	0	0	0
ENSG00000266210	0	0	0
ENSG00000265961	0	0	0
ENSG00000251866	0	0	0
ENSG00000252691	0	0	0
ENSG00000264371	0	0	0
ENSG00000253005	0	0	0
ENSG00000238316	0	0	0
ENSG00000207941	0	0	0
ENSG00000264773	4	4	0
ENSG00000252448	1	0	1
ENSG00000200421	0	0	0
ENSG00000222282	0	0	0
ENSG00000199963	0	0	0
ENSG00000264698	0	0	0
ENSG00000207328	0	0	0
ENSG00000207466	0	0	0
ENSG00000252368	0	0	0
ENSG00000206779	5	2	3
ENSG00000265596	0	0	0
ENSG00000212541	1	0	1
ENSG00000200796	0	0	0
ENSG00000252190	0	0	0
ENSG00000264613	0	0	0
ENSG00000199240	0	0	0
ENSG00000277168	1	0	1
ENSG00000283724	0	0	0
ENSG00000284410	0	0	0
ENSG00000252018	3	1	2
ENSG00000206627	2	2	0
ENSG00000283414	0	0	0
ENSG00000207508	2	0	2
ENSG00000200171	0	0	0
ENSG00000207194	0	0	0
ENSG00000283477	0	0	0
ENSG00000264834	0	0	0
ENSG00000263675	7	3	4
ENSG00000266188	0	0	0
ENSG00000206981	0	0	0
ENSG00000200174	0	0	0
ENSG00000265822	0	0	0
ENSG00000265815	1	0	1
ENSG00000238653	0	0	0
ENSG00000212624	2	0	2
ENSG00000200575	3	2	1
ENSG00000212360	2	2	0
ENSG00000242860	2	0	2
ENSG00000263908	0	0	0
ENSG00000283690	0	0	0
ENSG00000199921	0	0	0
ENSG00000251825	0	0	0
ENSG00000201153	0	0	0
ENSG00000222624	0	0	0
ENSG00000223152	0	0	0
ENSG00000212308	0	0	0
ENSG00000279049	0	15	4
ENSG00000276081	0	0	0
ENSG00000239640	0	0	0
ENSG00000252338	0	0	0
ENSG00000251785	0	0	0
ENSG00000239319	0	0	0
ENSG00000222849	0	0	0
ENSG00000283749	0	0	0
ENSG00000251958	4	3	1
ENSG00000251767	0	0	0
ENSG00000243437	0	0	0
ENSG00000202263	0	0	0
ENSG00000199318	0	0	0
ENSG00000199666	0	0	0
ENSG00000200601	0	0	0
ENSG00000242482	0	0	0
ENSG00000212366	0	0	0
ENSG00000201620	0	0	0
ENSG00000206817	0	0	0
ENSG00000284247	0	0	0
ENSG00000200839	0	0	0
ENSG00000264963	0	0	0
ENSG00000264271	0	0	0
ENSG00000239504	0	0	0
ENSG00000284202	0	0	0
ENSG00000251720	0	0	0
ENSG00000274321	0	0	0
ENSG00000198974	0	0	0
ENSG00000212248	3	1	2
ENSG00000207962	0	0	0
ENSG00000276884	0	0	0
ENSG00000207234	7	3	4
ENSG00000202259	5	2	3
ENSG00000212459	0	0	0
ENSG00000278287	0	0	0
ENSG00000277565	0	0	0
ENSG00000263526	1	1	0
ENSG00000211575	0	0	0
ENSG00000275823	0	0	0
ENSG00000277689	0	0	0
ENSG00000274199	0	1	0
ENSG00000202254	0	0	0
ENSG00000244256	15	5	10
ENSG00000201491	0	0	0
ENSG00000199831	0	0	0
ENSG00000275455	0	0	0
ENSG00000252162	0	0	0
ENSG00000272051	0	0	0
ENSG00000283899	0	0	0
ENSG00000200800	0	0	0
ENSG00000207502	0	0	0
ENSG00000252530	0	0	0
ENSG00000200536	0	0	0
ENSG00000211543	0	0	0
ENSG00000252797	0	0	0
ENSG00000212266	0	0	0
ENSG00000222209	0	0	0
ENSG00000277141	0	0	0
ENSG00000215930	2	1	1
ENSG00000238761	0	0	0
ENSG00000201114	0	0	0
ENSG00000206679	1	0	1
ENSG00000264419	2	0	2
ENSG00000222069	0	0	0
ENSG00000274428	6	4	2
ENSG00000199879	16	11	5
ENSG00000274408	0	0	0
ENSG00000283676	2	0	2
ENSG00000252005	0	0	0
ENSG00000252510	0	0	0
ENSG00000207340	1	1	0
ENSG00000252830	0	0	0
ENSG00000274450	0	0	0
ENSG00000252135	0	0	0
ENSG00000278596	3	0	3
ENSG00000238825	3	3	0
ENSG00000201183	18	7	11
ENSG00000202408	0	0	0
ENSG00000252744	0	0	0
ENSG00000273768	7	2	5
ENSG00000242565	0	0	0
ENSG00000239984	0	0	0
ENSG00000283296	1	1	0
ENSG00000252717	0	0	0
ENSG00000194297	0	0	0
ENSG00000199565	0	0	0
ENSG00000277313	0	0	0
ENSG00000274940	1	0	1
ENSG00000207341	0	0	0
ENSG00000207472	0	0	0
ENSG00000206880	0	0	0
ENSG00000252552	0	0	0
ENSG00000199849	0	0	0
ENSG00000252407	0	0	0
ENSG00000212538	0	0	0
ENSG00000251813	0	0	0
ENSG00000207108	0	0	0
ENSG00000201312	0	0	0
ENSG00000207039	0	0	0
ENSG00000202491	0	0	0
ENSG00000201596	0	0	0
ENSG00000276839	2	2	0
ENSG00000207974	0	0	0
ENSG00000273629	0	0	0
ENSG00000201493	0	0	0
ENSG00000215952	1	1	0
ENSG00000200139	0	0	0
ENSG00000283575	0	0	0
ENSG00000238765	0	0	0
ENSG00000264916	1	1	0
ENSG00000212338	0	0	0
ENSG00000206659	0	0	0
ENSG00000253025	0	0	0
ENSG00000201619	0	0	0
ENSG00000201544	12	9	3
ENSG00000202498	0	0	0
ENSG00000221545	1	0	1
ENSG00000252906	3	1	2
ENSG00000206692	0	0	0
ENSG00000202329	0	0	0
ENSG00000242794	0	0	0
ENSG00000212144	0	0	0
ENSG00000283340	0	0	0
ENSG00000252860	6	4	2
ENSG00000252501	0	0	0
ENSG00000263390	0	0	0
ENSG00000207181	3	3	0
ENSG00000265744	0	0	0
ENSG00000264377	0	0	0
ENSG00000207149	0	0	0
ENSG00000283936	0	0	0
ENSG00000284485	0	0	0
ENSG00000201638	0	0	0
ENSG00000275213	0	0	0
ENSG00000239494	7	4	3
ENSG00000212230	0	0	0
ENSG00000252371	0	0	0
ENSG00000199442	0	0	0
ENSG00000200033	0	0	0
ENSG00000239690	0	0	0
ENSG00000202184	6	2	4
ENSG00000241395	1	0	1
ENSG00000200982	0	0	0
ENSG00000275207	4	2	2
ENSG00000202300	4	2	2
ENSG00000222407	0	0	0
ENSG00000222986	0	0	0
ENSG00000265435	0	0	0
ENSG00000272262	1	1	0
ENSG00000200495	2	0	2
ENSG00000202609	0	0	0
ENSG00000252553	0	0	0
ENSG00000206764	0	0	0
ENSG00000222240	0	0	0
ENSG00000212187	0	0	0
ENSG00000206637	0	0	0
ENSG00000253097	0	0	0
ENSG00000200036	0	0	0
ENSG00000201421	0	0	0
ENSG00000212610	0	0	0
ENSG00000252484	0	0	0
ENSG00000201944	3	1	2
ENSG00000200327	0	0	0
ENSG00000206905	0	0	0
ENSG00000200972	1	1	0
ENSG00000243051	1	1	0
ENSG00000252011	0	0	0
ENSG00000207326	1	1	0
ENSG00000212205	2	1	1
ENSG00000253042	5	5	0
ENSG00000274121	0	0	0
ENSG00000264358	0	0	0
ENSG00000206640	0	0	0
ENSG00000212527	0	0	0
ENSG00000252879	0	0	0
ENSG00000252612	0	0	0
ENSG00000202264	0	0	0
ENSG00000285609	0	0	0
ENSG00000206762	3	2	1
ENSG00000252084	0	0	0
ENSG00000200085	0	0	0
ENSG00000264500	5	2	3
ENSG00000202025	0	0	0
ENSG00000225545	0	0	0
ENSG00000206990	0	0	0
ENSG00000230175	0	0	0
ENSG00000225272	0	0	0
ENSG00000215838	0	0	0
ENSG00000273365	0	0	0
ENSG00000224358	10	7	3
ENSG00000230659	0	1	0
ENSG00000162545	3850	1814	2036
ENSG00000090432	1002	494	508
ENSG00000215520	0	0	0
ENSG00000183114	8	2	6
ENSG00000158825	423	209	214
ENSG00000158828	634	992	1015
ENSG00000284005	0	0	0
ENSG00000117242	165	799	739
ENSG00000234473	2	1	1
ENSG00000238754	2	2	0
ENSG00000134371	1368	636	739
ENSG00000221680	1	1	0
ENSG00000162630	59	37	27
ENSG00000276735	2	3	1
ENSG00000232077	1	1	0
ENSG00000229639	0	0	0
ENSG00000287453	0	0	0
ENSG00000270615	0	0	0
ENSG00000287283	0	0	0
ENSG00000240692	0	0	0
ENSG00000229359	0	0	0
ENSG00000237919	1	1	0
ENSG00000066557	516	280	236
ENSG00000244389	0	0	0
ENSG00000228988	3	2	1
ENSG00000118454	1055	532	523
ENSG00000226088	1	1	0
ENSG00000116761	270	133	137
ENSG00000278636	0	0	0
ENSG00000271992	13	3	10
ENSG00000233020	0	0	0
ENSG00000237033	0	0	0
ENSG00000226208	0	0	0
ENSG00000007968	1870	901	969
ENSG00000235052	68	36	32
ENSG00000117318	9193	4691	4502
ENSG00000285802	0	0	0
ENSG00000229239	0	0	0
ENSG00000142676	13100	6193	6907
ENSG00000057757	1231	593	638
ENSG00000011009	2324	1149	1176
ENSG00000117308	3939	1863	2077
ENSG00000273844	0	0	0
ENSG00000235748	2	0	2
ENSG00000237861	0	0	0
ENSG00000221879	0	0	0
ENSG00000230260	0	0	0
ENSG00000199241	0	0	0
ENSG00000226919	0	0	1
ENSG00000223963	0	0	0
ENSG00000215802	0	0	0
ENSG00000233615	0	0	0
ENSG00000238085	0	0	0
ENSG00000265831	0	0	0
ENSG00000224348	0	0	0
ENSG00000286496	0	0	0
ENSG00000287516	0	0	0
ENSG00000287738	0	0	0
ENSG00000132703	0	0	0
ENSG00000276632	0	0	0
ENSG00000223603	0	0	0
ENSG00000132693	1	1	0
ENSG00000235226	0	0	0
ENSG00000158716	689	314	375
ENSG00000181036	23	14	9
ENSG00000158714	34	51	73
ENSG00000212161	0	0	0
ENSG00000243284	4	4	1
ENSG00000272668	49	23	30
ENSG00000213085	6	2	4
ENSG00000266458	0	0	0
ENSG00000287040	8	4	4
ENSG00000279430	9	6	3
ENSG00000162723	2	1	1
ENSG00000273933	6	2	4
ENSG00000256029	7	31	17
ENSG00000188004	1	1	0
ENSG00000266580	0	0	0
ENSG00000254545	0	6	9
ENSG00000203620	0	0	0
ENSG00000269967	23	13	10
ENSG00000228634	13	6	7
ENSG00000284702	0	0	0
ENSG00000221040	1	1	0
ENSG00000287217	4	0	4
ENSG00000163399	18361	19546	20007
ENSG00000212385	0	0	0
ENSG00000233154	3	1	2
ENSG00000230381	0	0	0
ENSG00000200547	1	1	0
ENSG00000224950	42	20	25
ENSG00000286276	10	5	8
ENSG00000177888	641	311	330
ENSG00000243364	344	148	196
ENSG00000251246	0	0	0
ENSG00000143590	110	46	64
ENSG00000202027	0	0	0
ENSG00000169242	1355	614	741
ENSG00000169241	3406	1536	1870
ENSG00000223452	0	0	0
ENSG00000163463	290	140	150
ENSG00000273088	0	0	0
ENSG00000284586	0	0	0
ENSG00000169231	410	440	352
ENSG00000236263	0	11	14
ENSG00000236675	30	15	15
ENSG00000177628	946	482	464
ENSG00000116521	1327	658	669
ENSG00000176444	1447	698	749
ENSG00000143630	709	418	367
ENSG00000143627	47	58	65
ENSG00000253074	0	0	0
ENSG00000252116	0	0	0
ENSG00000228523	0	0	0
ENSG00000223263	4	2	2
ENSG00000207504	0	0	0
ENSG00000238139	0	0	0
ENSG00000197721	2	2	0
ENSG00000244703	0	0	0
ENSG00000226289	0	0	0
ENSG00000285239	0	0	0
ENSG00000234219	10	3	9
ENSG00000174059	1443	693	750
ENSG00000285719	3	1	2
ENSG00000284237	41	17	24
ENSG00000158731	0	0	0
ENSG00000201746	3	1	2
ENSG00000264881	0	0	0
ENSG00000199562	2	2	0
ENSG00000264501	0	0	0
ENSG00000284735	31	17	14
ENSG00000284642	21	12	9
ENSG00000142657	4276	2128	2148
ENSG00000271989	0	9	33
ENSG00000251503	0	0	0
ENSG00000175279	40	8	32
ENSG00000160049	1289	784	749
ENSG00000203469	0	55	80
ENSG00000236035	1	1	0
ENSG00000221643	2	2	0
ENSG00000122188	123	61	62
ENSG00000288644	0	0	0
ENSG00000227417	7	0	7
ENSG00000223505	5	3	2
ENSG00000182004	1094	582	512
ENSG00000236430	1	1	0
ENSG00000130768	621	409	440
ENSG00000227050	2	124	117
ENSG00000238231	7	5	2
ENSG00000240750	5	4	1
ENSG00000158156	315	153	173
ENSG00000182118	72	33	39
ENSG00000283799	0	0	0
ENSG00000227934	2	0	2
ENSG00000229595	0	0	0
ENSG00000143633	546	242	304
ENSG00000281912	20	8	16
ENSG00000288208	0	0	0
ENSG00000132773	340	178	228
ENSG00000070759	231	132	111
ENSG00000236872	0	0	0
ENSG00000280670	65	32	33
ENSG00000132763	572	1251	898
ENSG00000221953	7	7	1
ENSG00000226164	1	1	0
ENSG00000224014	0	0	0
ENSG00000215795	6	2	4
ENSG00000259865	130	62	68
ENSG00000227671	1479	738	741
ENSG00000283881	0	0	0
ENSG00000252516	14	3	11
ENSG00000232347	0	0	0
ENSG00000214144	0	0	0
ENSG00000235818	0	0	0
ENSG00000197617	0	0	0
ENSG00000202079	0	0	0
ENSG00000286216	3	1	3
ENSG00000203664	0	0	0
ENSG00000169224	36	19	21
ENSG00000236817	0	3	2
ENSG00000177489	0	0	0
ENSG00000177476	0	0	0
ENSG00000283369	0	0	0
ENSG00000230411	1	1	0
ENSG00000251977	0	0	0
ENSG00000252254	0	0	0
ENSG00000227854	0	0	0
ENSG00000287589	0	0	0
ENSG00000259776	0	0	0
ENSG00000233355	75	32	43
ENSG00000234601	2	3	0
ENSG00000231979	0	0	0
ENSG00000215805	0	0	0
ENSG00000287102	0	0	0
ENSG00000217327	0	0	0
ENSG00000228818	0	0	0
ENSG00000202041	0	0	0
ENSG00000223694	0	0	0
ENSG00000233735	0	0	0
ENSG00000133019	491	249	243
ENSG00000162636	2095	1057	1038
ENSG00000162639	125	54	71
ENSG00000285923	2	1	1
ENSG00000134186	3064	1445	1619
ENSG00000143107	1	0	1
ENSG00000232971	0	0	0
ENSG00000116266	1460	681	779
ENSG00000228076	0	0	0
ENSG00000203897	0	0	0
ENSG00000237349	1	0	1
ENSG00000244716	8	4	4
ENSG00000228665	0	0	0
ENSG00000228054	0	0	0
ENSG00000273382	32	31	92
ENSG00000215717	1376	742	725
ENSG00000278249	0	0	0
ENSG00000270066	0	0	0
ENSG00000251484	1	0	1
ENSG00000132676	2401	1141	1362
ENSG00000227673	1	0	1
ENSG00000203761	126	75	58
ENSG00000234937	1	1	0
ENSG00000132718	500	254	246
ENSG00000283442	0	0	0
ENSG00000143622	737	348	389
ENSG00000132680	1594	739	855
ENSG00000207475	1	0	1
ENSG00000280466	0	0	0
ENSG00000281394	0	0	0
ENSG00000277817	0	0	0
ENSG00000273002	30	13	17
ENSG00000224276	36	17	19
ENSG00000285677	6	465	812
ENSG00000163479	2905	2070	2070
ENSG00000160803	1142	541	601
ENSG00000132698	2945	1518	1427
ENSG00000252236	0	0	0
ENSG00000260238	0	0	0
ENSG00000242252	7	6	1
ENSG00000198952	3471	1762	1709
ENSG00000163472	203	229	194
ENSG00000163468	5482	2582	2903
ENSG00000132677	0	0	0
ENSG00000237390	0	0	0
ENSG00000207933	0	0	0
ENSG00000254726	95	43	52
ENSG00000186377	34	10	24
ENSG00000186160	0	0	0
ENSG00000225154	0	0	0
ENSG00000225506	8	4	4
ENSG00000225514	0	0	0
ENSG00000224805	3	2	1
ENSG00000162366	532	249	283
ENSG00000226252	7	8	11
ENSG00000225762	31	14	17
ENSG00000186790	9	4	5
ENSG00000237424	500	237	263
ENSG00000189030	1	1	0
ENSG00000162763	0	0	0
ENSG00000143061	1378	664	714
ENSG00000135821	10006	4897	5109
ENSG00000203740	0	0	0
ENSG00000162374	48	18	30
ENSG00000168275	375	301	309
ENSG00000241563	4	2	2
ENSG00000153207	1408	695	713
ENSG00000156869	872	413	459
ENSG00000033122	70	42	28
ENSG00000143278	0	0	0
ENSG00000116678	542	264	278
ENSG00000159352	2209	1043	1166
ENSG00000158710	13373	6731	6642
ENSG00000162734	2160	1168	1260
ENSG00000049239	2840	1413	1427
ENSG00000186564	864	439	425
ENSG00000244038	8681	4425	4256
ENSG00000158747	6393	3150	3243
ENSG00000116690	8	99	31
ENSG00000126091	89	55	34
ENSG00000162383	17	7	10
ENSG00000171163	956	449	507
ENSG00000172456	218	125	95
ENSG00000162946	148	72	76
ENSG00000158786	0	0	0
ENSG00000118733	20	7	13
ENSG00000157870	2504	1638	1544
ENSG00000179085	572	306	267
ENSG00000173080	211	112	99
ENSG00000183347	2	1	1
ENSG00000276470	0	0	0
ENSG00000278852	0	0	0
ENSG00000275915	0	0	0
ENSG00000120937	0	0	0
ENSG00000224904	0	0	0
ENSG00000285646	32	15	17
ENSG00000199347	0	0	0
ENSG00000201801	4	4	0
ENSG00000116685	2476	1187	1289
ENSG00000083444	2130	1057	1073
ENSG00000287384	1	0	1
ENSG00000270914	0	0	0
ENSG00000116691	679	329	350
ENSG00000202461	6	5	1
ENSG00000276869	0	0	0
ENSG00000243539	0	0	0
ENSG00000120949	12	4	8
ENSG00000201135	0	0	0
ENSG00000227875	0	0	0
ENSG00000285604	0	0	0
ENSG00000283789	0	0	0
ENSG00000263676	1	0	1
ENSG00000200591	1	1	0
ENSG00000162521	2614	1982	1895
ENSG00000162520	170	682	751
ENSG00000224409	0	0	0
ENSG00000162522	8888	4377	4511
ENSG00000116497	717	399	344
ENSG00000160097	28	12	16
ENSG00000121905	34	1852	1827
ENSG00000121900	5809	4801	4653
ENSG00000287691	28	16	14
ENSG00000278966	2	1	1
ENSG00000143222	1552	968	957
ENSG00000224985	28	93	308
ENSG00000143224	243	142	191
ENSG00000158850	969	544	513
ENSG00000158859	346	180	166
ENSG00000158869	193	108	85
ENSG00000158874	3	1	2
ENSG00000158882	538	376	360
ENSG00000284035	1	1	0
ENSG00000143257	18	115	101
ENSG00000248485	17	13	4
ENSG00000188931	159	83	89
ENSG00000236484	3	2	1
ENSG00000283696	33	19	14
ENSG00000288093	18	6	12
ENSG00000206921	0	0	0
ENSG00000215840	4	1	3
ENSG00000277882	0	0	0
ENSG00000283317	3	1	2
ENSG00000277762	0	0	0
ENSG00000227139	0	0	0
ENSG00000265107	298	221	201
ENSG00000274415	0	67	57
ENSG00000234190	0	0	0
ENSG00000223728	0	0	0
ENSG00000121634	0	0	0
ENSG00000188092	117	50	67
ENSG00000215859	13	9	7
ENSG00000273059	0	0	3
ENSG00000274372	1	0	1
ENSG00000206791	0	0	0
ENSG00000206585	5	4	1
ENSG00000229828	0	0	0
ENSG00000225080	4	2	2
ENSG00000198658	8	5	3
ENSG00000238382	0	0	0
ENSG00000225919	0	0	0
ENSG00000236497	0	0	0
ENSG00000207190	1	0	1
ENSG00000200508	0	0	0
ENSG00000284928	0	0	0
ENSG00000223949	5	2	3
ENSG00000116688	5163	2570	2593
ENSG00000188800	1	1	0
ENSG00000084073	2484	1283	1210
ENSG00000231296	0	5	4
ENSG00000049089	193	93	100
ENSG00000227311	0	0	0
ENSG00000213172	0	0	0
ENSG00000284677	1	0	1
ENSG00000187801	31	9	22
ENSG00000260920	35	21	14
ENSG00000158887	348	183	165
ENSG00000255054	0	0	0
ENSG00000228172	24	237	268
ENSG00000117640	801	507	583
ENSG00000272478	0	0	0
ENSG00000127423	88	55	44
ENSG00000182749	102	69	71
ENSG00000207302	0	0	0
ENSG00000117632	1860	856	1004
ENSG00000229786	0	0	0
ENSG00000223624	0	0	0
ENSG00000283938	0	0	0
ENSG00000199385	0	0	0
ENSG00000187147	1366	1006	977
ENSG00000263381	0	0	0
ENSG00000126106	436	554	499
ENSG00000198520	20	4	16
ENSG00000199377	4	3	1
ENSG00000200169	23	19	4
ENSG00000142945	800	429	463
ENSG00000142937	19136	10293	10423
ENSG00000264294	0	0	0
ENSG00000200913	29	17	12
ENSG00000202031	2	0	2
ENSG00000207421	0	0	0
ENSG00000281859	0	0	0
ENSG00000234093	9	3	6
ENSG00000142959	648	339	309
ENSG00000173846	2421	1235	1251
ENSG00000117425	135	64	71
ENSG00000202444	0	0	0
ENSG00000226499	0	0	0
ENSG00000070785	548	272	277
ENSG00000253039	0	0	0
ENSG00000229815	0	0	1
ENSG00000232369	0	0	0
ENSG00000268949	3	2	1
ENSG00000126107	3001	1568	1696
ENSG00000126088	690	476	477
ENSG00000234315	0	0	0
ENSG00000162408	1125	555	570
ENSG00000229519	10	6	4
ENSG00000173662	3	1	2
ENSG00000204859	694	325	369
ENSG00000288629	0	0	0
ENSG00000230735	4	5	1
ENSG00000171488	513	264	249
ENSG00000226394	1	1	0
ENSG00000237200	11	7	4
ENSG00000070886	1	1	0
ENSG00000276835	0	0	0
ENSG00000265422	0	0	0
ENSG00000223776	2	8	48
ENSG00000273058	13	7	6
ENSG00000230325	4	7	12
ENSG00000119285	1326	981	986
ENSG00000226498	5	1	4
ENSG00000237991	0	0	0
ENSG00000244020	0	0	0
ENSG00000288099	0	0	0
ENSG00000225886	12	5	8
ENSG00000206767	0	0	0
ENSG00000226662	0	0	0
ENSG00000207095	0	0	0
ENSG00000287244	1	1	0
ENSG00000231344	1	0	1
ENSG00000230833	0	0	0
ENSG00000117758	1729	852	877
ENSG00000269971	6	3	3
ENSG00000270031	5	3	2
ENSG00000223062	0	0	0
ENSG00000286433	1	13	45
ENSG00000117751	1092	559	590
ENSG00000252947	0	0	0
ENSG00000130775	270	124	146
ENSG00000117748	831	401	430
ENSG00000223643	0	0	0
ENSG00000230239	0	0	0
ENSG00000263811	0	0	0
ENSG00000277234	0	0	0
ENSG00000235241	0	26	47
ENSG00000207005	2	1	1
ENSG00000272426	5	2	3
ENSG00000117122	67	35	42
ENSG00000286898	0	6	4
ENSG00000226526	0	95	74
ENSG00000159363	1999	1084	1031
ENSG00000117118	2888	1393	1495
ENSG00000117115	5749	2885	2865
ENSG00000204362	0	0	0
ENSG00000282843	0	0	0
ENSG00000142623	33	15	19
ENSG00000142619	9	5	4
ENSG00000266634	0	0	0
ENSG00000199459	0	0	0
ENSG00000273264	3	1	2
ENSG00000282057	7	2	5
ENSG00000272691	0	0	0
ENSG00000199934	0	0	0
ENSG00000230285	1	0	1
ENSG00000142871	6186	3086	3100
ENSG00000226643	0	0	0
ENSG00000234419	0	0	0
ENSG00000276997	3	1	2
ENSG00000222399	0	0	0
ENSG00000267305	0	0	0
ENSG00000143512	11	4	7
ENSG00000143498	181	90	97
ENSG00000225265	14	6	14
ENSG00000154305	3181	1755	1813
ENSG00000229399	7	1	6
ENSG00000272750	53	209	227
ENSG00000186063	533	228	327
ENSG00000162819	1596	803	811
ENSG00000287684	38	52	50
ENSG00000234523	2	1	1
ENSG00000287338	0	0	0
ENSG00000187554	58	32	26
ENSG00000236846	1	0	1
ENSG00000226601	0	0	0
ENSG00000164010	348	225	265
ENSG00000164011	132	66	66
ENSG00000233708	1	1	0
ENSG00000237090	0	0	0
ENSG00000225099	1	0	1
ENSG00000284138	13	2	11
ENSG00000283973	0	0	0
ENSG00000207256	0	0	0
ENSG00000283136	0	0	0
ENSG00000277513	0	0	0
ENSG00000154309	224	117	107
ENSG00000226967	0	0	0
ENSG00000231407	27	19	12
ENSG00000229570	0	0	0
ENSG00000203857	0	0	0
ENSG00000226443	1	0	1
ENSG00000249798	0	0	0
ENSG00000239873	0	0	0
ENSG00000203855	0	0	0
ENSG00000240244	1	0	1
ENSG00000260941	5	3	2
ENSG00000198857	13	7	6
ENSG00000143067	197	99	98
ENSG00000134240	11831	5842	5989
ENSG00000134193	5639	2768	2871
ENSG00000215864	22	13	9
ENSG00000227205	0	0	0
ENSG00000226446	0	0	0
ENSG00000134249	0	0	0
ENSG00000092621	375	192	183
ENSG00000027644	2	0	2
ENSG00000241992	0	0	0
ENSG00000234226	0	0	0
ENSG00000137970	50	7	43
ENSG00000223229	0	0	0
ENSG00000285698	0	0	0
ENSG00000228035	1	1	0
ENSG00000287103	0	0	0
ENSG00000226973	0	0	0
ENSG00000274468	0	0	0
ENSG00000130764	1404	746	820
ENSG00000266075	2	0	2
ENSG00000272153	17	110	69
ENSG00000230026	0	0	0
ENSG00000285177	0	0	0
ENSG00000284770	107	257	256
ENSG00000229795	0	0	0
ENSG00000238236	0	0	0
ENSG00000235638	0	0	0
ENSG00000231199	0	0	0
ENSG00000226663	0	0	0
ENSG00000231582	0	0	0
ENSG00000232714	0	0	0
ENSG00000235761	0	0	0
ENSG00000270710	1	0	1
ENSG00000227236	0	0	0
ENSG00000198837	1784	963	907
ENSG00000160741	1036	526	510
ENSG00000276584	0	0	0
ENSG00000282386	32	9	23
ENSG00000273026	15	7	8
ENSG00000143578	946	540	487
ENSG00000143543	282	82	243
ENSG00000285641	0	7	6
ENSG00000143545	238	73	165
ENSG00000177954	8099	4024	4075
ENSG00000231416	3	2	1
ENSG00000200220	0	0	0
ENSG00000231837	0	0	0
ENSG00000263987	0	0	0
ENSG00000162642	449	223	226
ENSG00000223254	13	10	3
ENSG00000223653	23	59	113
ENSG00000116198	1381	668	718
ENSG00000169598	375	178	202
ENSG00000226653	0	0	0
ENSG00000207209	0	0	0
ENSG00000272443	0	0	0
ENSG00000272480	0	0	0
ENSG00000288626	0	0	0
ENSG00000162836	513	252	261
ENSG00000207080	0	0	0
ENSG00000231791	0	0	0
ENSG00000244568	0	0	0
ENSG00000271387	7	5	2
ENSG00000116667	2108	1069	1039
ENSG00000230470	3	3	0
ENSG00000232036	6	4	2
ENSG00000285847	44	27	18
ENSG00000286378	3	0	4
ENSG00000215381	0	0	0
ENSG00000261326	131	73	58
ENSG00000284726	7	3	4
ENSG00000125945	499	231	293
ENSG00000201405	0	0	0
ENSG00000271420	45	25	20
ENSG00000204219	3365	1566	1799
ENSG00000232482	8	1	7
ENSG00000285779	0	0	0
ENSG00000162885	637	650	649
ENSG00000270780	1	1	0
ENSG00000232895	0	0	0
ENSG00000273698	0	0	0
ENSG00000273112	1	0	1
ENSG00000173110	164	85	79
ENSG00000224203	0	0	0
ENSG00000224515	0	0	0
ENSG00000225217	51	25	26
ENSG00000231586	0	0	0
ENSG00000234211	0	3	5
ENSG00000213075	1	0	1
ENSG00000143125	1	3	2
ENSG00000270380	0	2	2
ENSG00000282887	0	0	0
ENSG00000283999	0	0	0
ENSG00000240194	0	0	0
ENSG00000235407	0	0	0
ENSG00000143105	1	0	1
ENSG00000199710	0	0	0
ENSG00000237415	0	0	0
ENSG00000232791	0	0	0
ENSG00000177301	161	87	74
ENSG00000226828	3	0	3
ENSG00000279774	1	0	1
ENSG00000229960	0	0	0
ENSG00000286486	4	2	2
ENSG00000244066	0	0	0
ENSG00000237759	0	0	0
ENSG00000287531	0	0	0
ENSG00000225855	1032	4784	3860
ENSG00000283701	1	1	0
ENSG00000207134	1	0	1
ENSG00000227773	0	0	0
ENSG00000207144	0	0	0
ENSG00000237872	3	0	3
ENSG00000271267	10	6	4
ENSG00000225082	1	0	1
ENSG00000223503	4	4	0
ENSG00000232519	3	1	3
ENSG00000160752	6027	6677	6923
ENSG00000121957	1181	1155	1082
ENSG00000235089	0	0	0
ENSG00000285179	0	0	0
ENSG00000223026	0	0	0
ENSG00000225721	4	55	1624
ENSG00000188396	207	153	119
ENSG00000202167	0	0	0
ENSG00000207349	0	0	0
ENSG00000252826	0	0	0
ENSG00000206737	0	0	0
ENSG00000223779	0	0	0
ENSG00000242352	1	0	1
ENSG00000270962	0	0	0
ENSG00000263590	0	0	0
ENSG00000252105	1	0	1
ENSG00000233430	0	0	0
ENSG00000237503	0	0	0
ENSG00000265531	2	1	1
ENSG00000234571	2	0	2
ENSG00000230186	0	0	2
ENSG00000268074	0	0	0
ENSG00000270872	5	2	3
ENSG00000276674	0	0	0
ENSG00000082482	60	33	27
ENSG00000116747	892	523	501
ENSG00000118729	112	56	56
ENSG00000134207	2	1	1
ENSG00000163467	16	9	10
ENSG00000243710	7	3	6
ENSG00000117395	1504	739	787
ENSG00000116874	535	289	312
ENSG00000065600	113	46	67
ENSG00000009780	378	201	177
ENSG00000023572	641	338	391
ENSG00000077254	1934	958	976
ENSG00000134644	3452	1708	1744
ENSG00000215788	879	493	463
ENSG00000117834	67	33	52
ENSG00000117625	1172	589	583
ENSG00000179902	0	0	0
ENSG00000020633	218	115	103
ENSG00000121766	522	354	356
ENSG00000143157	1777	877	900
ENSG00000162614	322	152	193
ENSG00000160781	69	36	33
ENSG00000143344	643	305	338
ENSG00000162613	3255	1586	1670
ENSG00000116882	1	0	1
ENSG00000198758	7060	3473	3588
ENSG00000117569	571	322	249
ENSG00000142856	402	404	492
ENSG00000158022	8	7	1
ENSG00000116396	922	441	481
ENSG00000058668	2677	1334	1343
ENSG00000163875	907	435	472
ENSG00000282872	0	0	0
ENSG00000131238	1621	816	805
ENSG00000171680	995	523	472
ENSG00000244457	0	0	0
ENSG00000116977	1218	1061	950
ENSG00000229372	5	83	86
ENSG00000274975	0	0	0
ENSG00000229348	1	1	0
ENSG00000242485	1521	831	847
ENSG00000264293	0	0	0
ENSG00000272455	47	21	26
ENSG00000225905	0	3	2
ENSG00000225285	22	15	7
ENSG00000179403	1930	964	966
ENSG00000215915	40	20	20
ENSG00000236085	0	0	0
ENSG00000234441	0	0	0
ENSG00000227408	0	0	0
ENSG00000223635	1	1	0
ENSG00000135776	1252	599	653
ENSG00000199672	2	1	1
ENSG00000201492	4	2	2
ENSG00000229367	0	0	0
ENSG00000135763	599	294	305
ENSG00000213028	0	0	0
ENSG00000225984	0	0	0
ENSG00000178828	797	534	559
ENSG00000235434	2	148	151
ENSG00000169914	1036	524	512
ENSG00000188784	1	0	1
ENSG00000242688	2	1	1
ENSG00000177186	0	0	0
ENSG00000177174	0	0	0
ENSG00000269956	17	73	72
ENSG00000162456	1	1	0
ENSG00000079277	964	512	580
ENSG00000117407	76	32	44
ENSG00000237950	30	12	18
ENSG00000117408	953	459	494
ENSG00000285649	10	58	112
ENSG00000117410	3035	1453	1593
ENSG00000159214	365	194	232
ENSG00000196517	509	282	288
ENSG00000227163	0	0	0
ENSG00000271647	0	1	2
ENSG00000239560	0	0	0
ENSG00000196539	0	0	0
ENSG00000229255	0	0	0
ENSG00000203661	0	0	0
ENSG00000271934	0	0	0
ENSG00000224521	0	0	0
ENSG00000227102	0	0	0
ENSG00000183310	0	0	0
ENSG00000201602	0	0	0
ENSG00000271701	0	0	0
ENSG00000189181	0	0	0
ENSG00000187238	0	0	0
ENSG00000185962	0	0	0
ENSG00000226947	0	0	0
ENSG00000285753	0	0	0
ENSG00000187223	0	0	0
ENSG00000159455	0	0	0
ENSG00000187173	0	0	0
ENSG00000204501	0	0	0
ENSG00000228229	0	0	0
ENSG00000204481	0	0	0
ENSG00000204479	0	0	0
ENSG00000172031	33	12	21
ENSG00000233228	0	0	0
ENSG00000224678	0	0	0
ENSG00000233401	0	0	0
ENSG00000273487	2	2	0
ENSG00000226773	0	0	0
ENSG00000274481	0	0	0
ENSG00000228594	80	46	34
ENSG00000286989	10	3	7
ENSG00000272106	231	127	142
ENSG00000189409	26	17	9
ENSG00000272004	0	27	24
ENSG00000189339	1606	804	854
ENSG00000269737	72	42	31
ENSG00000215914	1	1	0
ENSG00000008128	69	36	33
ENSG00000268575	41	29	25
ENSG00000227775	147	79	83
ENSG00000008130	3705	1817	1888
ENSG00000078369	8672	4277	4395
ENSG00000178821	130	61	69
ENSG00000158477	2	1	1
ENSG00000230942	0	0	0
ENSG00000158481	28	12	16
ENSG00000158485	0	0	0
ENSG00000158488	6	4	2
ENSG00000186306	0	0	0
ENSG00000203758	0	0	0
ENSG00000236257	3	0	3
ENSG00000236656	0	0	0
ENSG00000198703	0	0	0
ENSG00000227445	0	0	0
ENSG00000231434	2	1	1
ENSG00000117505	2009	1007	1079
ENSG00000229635	1	1	0
ENSG00000207379	0	0	0
ENSG00000212601	2	2	0
ENSG00000162889	2243	1122	1121
ENSG00000224114	15	7	8
ENSG00000199349	2	0	2
ENSG00000162892	1	8	5
ENSG00000162894	151	79	84
ENSG00000271680	1	1	0
ENSG00000226945	2	0	2
ENSG00000162896	273488	134348	139141
ENSG00000162897	48	27	21
ENSG00000182795	500	260	240
ENSG00000198890	721	346	375
ENSG00000224550	3	2	1
ENSG00000142669	5239	3334	3259
ENSG00000169442	121	100	111
ENSG00000225854	3	2	1
ENSG00000176083	29	12	17
ENSG00000229167	68	35	38
ENSG00000142910	3592	1772	1825
ENSG00000162517	1300	743	754
ENSG00000235790	26	51	47
ENSG00000264078	1	1	0
ENSG00000241745	0	0	0
ENSG00000228407	0	0	0
ENSG00000223