N_unmapped	270883	270883	270883
N_multimapping	1054241	1054241	1054241
N_noFeature	1318399	5079058	4993652
N_ambiguous	628974	181009	171838
ENSG00000160072	192	84	108
ENSG00000234396	0	0	0
ENSG00000225972	16	3	13
ENSG00000224315	0	0	0
ENSG00000198744	33	8	25
ENSG00000279928	1	1	0
ENSG00000228037	3	1	2
ENSG00000142611	44	16	28
ENSG00000225630	1244	732	512
ENSG00000284616	0	0	0
ENSG00000157911	41	111	94
ENSG00000269896	4	2	2
ENSG00000237973	128	85	76
ENSG00000228463	1	3	0
ENSG00000260972	0	0	0
ENSG00000157933	537	271	266
ENSG00000224340	1	0	1
ENSG00000226545	0	0	0
ENSG00000268663	0	0	0
ENSG00000226374	0	0	0
ENSG00000229280	0	0	0
ENSG00000142655	79	43	44
ENSG00000232596	0	0	0
ENSG00000235054	0	0	0
ENSG00000232663	0	0	0
ENSG00000240409	1	1	0
ENSG00000229344	9	6	13
ENSG00000231510	0	0	0
ENSG00000149527	32	18	14
ENSG00000284739	0	0	0
ENSG00000171621	230	113	117
ENSG00000272235	0	0	0
ENSG00000284694	0	0	0
ENSG00000230021	4	11	13
ENSG00000287356	6	4	2
ENSG00000224387	0	0	0
ENSG00000285629	0	0	0
ENSG00000173673	0	0	0
ENSG00000142583	91	46	45
ENSG00000284674	0	0	0
ENSG00000272161	0	0	0
ENSG00000237094	23	14	9
ENSG00000224338	0	0	0
ENSG00000074800	2199	1071	1129
ENSG00000116786	356	187	212
ENSG00000287727	1	0	1
ENSG00000228423	0	0	0
ENSG00000286448	1	1	2
ENSG00000131686	0	0	0
ENSG00000229305	0	0	0
ENSG00000284703	0	0	0
ENSG00000226457	0	0	0
ENSG00000173614	71	33	38
ENSG00000248527	5556	2303	3253
ENSG00000215720	0	0	0
ENSG00000241326	0	0	0
ENSG00000233623	2	0	2
ENSG00000162592	1	9	8
ENSG00000116254	14	5	9
ENSG00000233645	0	0	0
ENSG00000204624	0	0	0
ENSG00000142606	4	15	11
ENSG00000235146	0	0	0
ENSG00000225931	0	0	0
ENSG00000171729	41	16	26
ENSG00000279457	6	2	4
ENSG00000162571	1	1	1
ENSG00000229393	2	0	2
ENSG00000037637	214	94	120
ENSG00000287586	3	3	0
ENSG00000159423	57	27	30
ENSG00000142599	695	285	410
ENSG00000227169	0	0	0
ENSG00000283356	0	0	0
ENSG00000011021	181	92	98
ENSG00000142615	0	0	0
ENSG00000215704	1	0	1
ENSG00000157916	467	326	306
ENSG00000157881	136	68	68
ENSG00000238290	1	0	1
ENSG00000225387	0	0	0
ENSG00000048707	519	270	249
ENSG00000158748	1	1	0
ENSG00000225196	1	1	0
ENSG00000162444	44	18	26
ENSG00000279625	0	0	0
ENSG00000180758	93	53	40
ENSG00000184677	549	268	281
ENSG00000230679	2	3	0
ENSG00000270136	0	0	0
ENSG00000288398	24	9	15
ENSG00000224621	0	0	0
ENSG00000285833	0	0	0
ENSG00000131697	87	41	49
ENSG00000284692	0	0	0
ENSG00000284745	0	0	0
ENSG00000280222	0	0	0
ENSG00000227634	0	0	0
ENSG00000285945	0	0	0
ENSG00000229162	2	1	1
ENSG00000197921	0	0	0
ENSG00000233755	0	0	0
ENSG00000233929	2	2	0
ENSG00000271742	1	1	0
ENSG00000226396	6	2	4
ENSG00000169504	2866	1485	1381
ENSG00000234166	0	15	6
ENSG00000235282	0	0	0
ENSG00000055070	394	291	284
ENSG00000175087	102	50	52
ENSG00000157191	421	199	222
ENSG00000284699	0	0	0
ENSG00000230035	0	0	0
ENSG00000235185	0	0	0
ENSG00000225643	1	1	0
ENSG00000284666	0	0	0
ENSG00000228943	0	0	0
ENSG00000234397	0	0	0
ENSG00000284309	1	0	1
ENSG00000162511	1222	1162	1115
ENSG00000158014	4	1	3
ENSG00000204138	285	142	143
ENSG00000233419	0	0	0
ENSG00000235263	0	0	0
ENSG00000228176	0	0	0
ENSG00000231251	0	0	0
ENSG00000142675	121	57	64
ENSG00000197245	51	32	19
ENSG00000261025	0	0	0
ENSG00000116237	384	194	207
ENSG00000130772	63	30	33
ENSG00000215899	0	0	0
ENSG00000271398	2	1	1
ENSG00000225011	0	0	0
ENSG00000235069	0	0	0
ENSG00000284676	0	0	0
ENSG00000237058	0	0	0
ENSG00000233399	0	0	0
ENSG00000090020	198	104	94
ENSG00000157978	194	86	108
ENSG00000226944	0	0	0
ENSG00000270282	0	0	0
ENSG00000130770	238	171	205
ENSG00000229044	0	20	11
ENSG00000162512	334	173	161
ENSG00000158006	76	31	45
ENSG00000214812	0	0	0
ENSG00000126698	437	220	217
ENSG00000229447	10	3	7
ENSG00000229607	0	0	0
ENSG00000130766	197	99	98
ENSG00000168528	38	15	23
ENSG00000196581	25	12	13
ENSG00000169403	237	119	118
ENSG00000084628	1	0	1
ENSG00000060688	177	80	97
ENSG00000171612	56	25	31
ENSG00000270927	0	0	0
ENSG00000188910	0	0	0
ENSG00000230523	0	0	0
ENSG00000116138	171	90	91
ENSG00000158161	228	101	128
ENSG00000142684	0	38	39
ENSG00000234619	0	0	0
ENSG00000121769	35	18	17
ENSG00000142627	126	64	62
ENSG00000284668	0	0	0
ENSG00000233234	0	0	0
ENSG00000142632	49	32	38
ENSG00000234593	0	0	0
ENSG00000158292	56	34	22
ENSG00000270605	78	30	50
ENSG00000189337	110	67	56
ENSG00000232912	4	2	2
ENSG00000235084	0	0	0
ENSG00000235143	0	0	0
ENSG00000225478	0	0	0
ENSG00000225077	1	5	5
ENSG00000028137	1115	555	560
ENSG00000238249	1	1	0
ENSG00000204464	0	0	0
ENSG00000233372	0	0	0
ENSG00000283259	0	0	0
ENSG00000284543	1	1	0
ENSG00000130939	324	159	165
ENSG00000175147	2	9	7
ENSG00000127472	7	4	3
ENSG00000060656	76	39	37
ENSG00000163867	157	76	81
ENSG00000232768	0	0	0
ENSG00000230214	0	0	0
ENSG00000189280	0	0	0
ENSG00000134698	374	196	178
ENSG00000134690	18	12	6
ENSG00000272420	1	1	0
ENSG00000132881	15	10	5
ENSG00000273274	0	0	0
ENSG00000116251	509	242	270
ENSG00000272510	0	4	3
ENSG00000158286	151	83	79
ENSG00000236648	0	0	0
ENSG00000232273	2	1	1
ENSG00000009709	0	0	0
ENSG00000287396	0	0	0
ENSG00000223589	0	0	0
ENSG00000158008	3	3	0
ENSG00000130940	16	17	14
ENSG00000116771	21	11	13
ENSG00000237301	0	0	0
ENSG00000162585	154	90	95
ENSG00000163879	33	19	20
ENSG00000227527	2	1	1
ENSG00000116954	74	36	38
ENSG00000228589	22	17	5
ENSG00000163873	35	20	15
ENSG00000117215	16	6	10
ENSG00000196449	101	65	50
ENSG00000230163	0	5	3
ENSG00000227538	0	0	0
ENSG00000232208	0	0	0
ENSG00000236500	0	0	0
ENSG00000044012	0	0	0
ENSG00000179051	482	280	274
ENSG00000215895	0	0	0
ENSG00000231868	0	0	0
ENSG00000284650	0	0	0
ENSG00000237329	0	0	0
ENSG00000236948	0	0	0
ENSG00000126067	487	232	255
ENSG00000274944	0	0	0
ENSG00000132906	100	48	52
ENSG00000197312	304	157	147
ENSG00000284748	0	0	0
ENSG00000272078	9	14	10
ENSG00000173660	446	233	213
ENSG00000224592	0	0	0
ENSG00000233728	0	7	13
ENSG00000230451	0	0	0
ENSG00000231606	0	0	0
ENSG00000215900	0	0	0
ENSG00000284632	0	0	0
ENSG00000241014	7	2	5
ENSG00000054118	780	402	378
ENSG00000254553	0	0	0
ENSG00000284653	0	0	0
ENSG00000237749	0	0	0
ENSG00000276747	0	0	0
ENSG00000284705	0	0	0
ENSG00000228776	0	0	0
ENSG00000159339	203	100	103
ENSG00000223814	0	0	0
ENSG00000197982	137	60	92
ENSG00000261781	0	0	0
ENSG00000183317	4	0	4
ENSG00000183386	117	65	52
ENSG00000284743	0	0	0
ENSG00000158315	10	7	4
ENSG00000204084	296	165	184
ENSG00000186973	0	0	0
ENSG00000271806	2	2	3
ENSG00000146463	322	184	166
ENSG00000279214	0	0	0
ENSG00000183520	170	89	81
ENSG00000271741	0	0	0
ENSG00000214141	1	0	1
ENSG00000142686	86	40	46
ENSG00000224751	1	0	1
ENSG00000279096	0	0	0
ENSG00000117148	0	0	0
ENSG00000230585	1	0	1
ENSG00000117000	314	158	156
ENSG00000284989	0	0	0
ENSG00000231630	0	0	0
ENSG00000092853	29	14	20
ENSG00000255811	0	0	0
ENSG00000134697	284	144	146
ENSG00000187513	229	110	119
ENSG00000238145	0	0	0
ENSG00000225142	0	0	0
ENSG00000230138	2	0	2
ENSG00000223390	0	1	9
ENSG00000285823	0	0	0
ENSG00000284720	0	0	0
ENSG00000225028	0	0	0
ENSG00000225671	0	0	0
ENSG00000116151	23	16	8
ENSG00000226147	0	0	0
ENSG00000182873	13	6	8
ENSG00000006555	26	11	15
ENSG00000236111	0	0	0
ENSG00000066056	329	158	171
ENSG00000214114	77	35	42
ENSG00000173436	65	15	50
ENSG00000116544	10	5	5
ENSG00000231900	0	0	0
ENSG00000236723	2	31	33
ENSG00000232467	0	0	0
ENSG00000117016	41	20	21
ENSG00000121310	376	188	188
ENSG00000169213	117	63	54
ENSG00000163866	203	100	111
ENSG00000225779	2	2	0
ENSG00000284601	0	0	0
ENSG00000237130	0	0	0
ENSG00000143001	0	0	0
ENSG00000229716	0	0	0
ENSG00000226133	1	1	0
ENSG00000227416	0	0	0
ENSG00000232335	0	4	1
ENSG00000260971	3	1	2
ENSG00000259832	0	0	0
ENSG00000284696	0	0	0
ENSG00000238242	0	0	0
ENSG00000285839	0	0	0
ENSG00000237290	0	0	0
ENSG00000232762	0	0	0
ENSG00000117419	111	53	58
ENSG00000162384	185	103	100
ENSG00000162391	0	2	0
ENSG00000174348	390	228	269
ENSG00000154198	0	0	0
ENSG00000117859	673	369	312
ENSG00000228121	0	0	0
ENSG00000253313	2	2	0
ENSG00000162396	15	5	10
ENSG00000203995	10	1	9
ENSG00000227742	0	0	0
ENSG00000284686	1	0	1
ENSG00000162378	302	157	145
ENSG00000233079	0	0	0
ENSG00000259818	0	0	0
ENSG00000229444	1	0	1
ENSG00000240563	8	4	4
ENSG00000234318	0	0	0
ENSG00000284773	7	3	4
ENSG00000234481	0	0	0
ENSG00000117862	30	20	10
ENSG00000235612	0	0	0
ENSG00000228369	0	0	0
ENSG00000183431	312	150	162
ENSG00000227485	0	0	0
ENSG00000224609	3	1	2
ENSG00000235545	0	0	0
ENSG00000236646	0	0	0
ENSG00000169174	12	6	6
ENSG00000232198	0	0	0
ENSG00000238063	1	1	0
ENSG00000227104	0	0	0
ENSG00000243725	5	5	0
ENSG00000171872	0	0	0
ENSG00000162407	511	239	272
ENSG00000285079	1	0	1
ENSG00000169218	9	8	1
ENSG00000163877	124	59	65
ENSG00000228929	3	3	0
ENSG00000224570	1	1	0
ENSG00000224980	0	0	0
ENSG00000278967	1	0	1
ENSG00000157184	47	67	60
ENSG00000272491	4	2	2
ENSG00000198815	441	219	222
ENSG00000134744	477	215	262
ENSG00000233910	0	0	0
ENSG00000287703	0	0	0
ENSG00000283039	0	0	0
ENSG00000229032	0	0	0
ENSG00000229294	0	0	0
ENSG00000232993	0	64	38
ENSG00000234088	0	0	0
ENSG00000236973	0	0	0
ENSG00000227947	0	0	0
ENSG00000277397	0	0	0
ENSG00000271200	1	0	1
ENSG00000235446	0	0	0
ENSG00000261196	0	0	0
ENSG00000162385	157	75	82
ENSG00000231413	0	0	0
ENSG00000234264	0	0	0
ENSG00000242391	0	0	0
ENSG00000223883	0	0	0
ENSG00000284808	0	0	0
ENSG00000242267	1	0	1
ENSG00000237227	0	0	0
ENSG00000275350	0	0	0
ENSG00000116652	13	7	7
ENSG00000123080	93	53	42
ENSG00000285778	0	0	0
ENSG00000077549	1562	748	814
ENSG00000233407	0	0	0
ENSG00000225675	3	1	2
ENSG00000237622	0	0	0
ENSG00000162598	0	0	0
ENSG00000280317	0	0	0
ENSG00000162415	15	5	11
ENSG00000162600	98	48	50
ENSG00000116704	159	89	70
ENSG00000227644	0	5	0
ENSG00000157193	90	64	59
ENSG00000116205	89	36	56
ENSG00000198841	32	12	20
ENSG00000116212	81	39	42
ENSG00000234204	0	0	0
ENSG00000233099	0	0	0
ENSG00000233994	0	0	0
ENSG00000237180	0	0	0
ENSG00000213561	0	0	0
ENSG00000233973	0	0	0
ENSG00000237552	0	0	0
ENSG00000132854	5	3	2
ENSG00000227556	0	0	0
ENSG00000162616	336	159	177
ENSG00000162607	207	96	111
ENSG00000233602	4	1	3
ENSG00000233271	0	0	0
ENSG00000285954	1	0	1
ENSG00000233333	0	0	0
ENSG00000154027	5	3	2
ENSG00000234108	0	0	0
ENSG00000232676	0	0	0
ENSG00000225167	0	0	0
ENSG00000132122	50	26	24
ENSG00000213579	0	0	0
ENSG00000137960	60	35	25
ENSG00000237852	1	0	1
ENSG00000116745	1	0	1
ENSG00000132855	0	0	0
ENSG00000285407	0	0	0
ENSG00000272855	0	0	0
ENSG00000270549	0	0	0
ENSG00000237163	0	0	0
ENSG00000229636	0	0	0
ENSG00000116675	42	20	22
ENSG00000162433	49	26	23
ENSG00000213625	852	410	442
ENSG00000227207	0	0	0
ENSG00000227016	0	0	0
ENSG00000233664	0	0	0
ENSG00000158966	75	33	42
ENSG00000213703	0	0	0
ENSG00000203965	55	29	26
ENSG00000223479	0	0	0
ENSG00000233674	0	0	0
ENSG00000153898	40	15	25
ENSG00000117069	25	10	15
ENSG00000125703	138	69	69
ENSG00000285041	0	0	0
ENSG00000285808	0	0	0
ENSG00000229440	0	0	0
ENSG00000234144	0	0	0
ENSG00000213540	1	0	1
ENSG00000277670	0	0	0
ENSG00000227466	0	0	0
ENSG00000154007	0	0	0
ENSG00000230498	0	0	0
ENSG00000285782	0	0	0
ENSG00000162618	478	237	241
ENSG00000224493	0	0	0
ENSG00000131233	0	0	0
ENSG00000272371	1	0	1
ENSG00000287647	0	0	0
ENSG00000229225	0	0	0
ENSG00000230863	1	0	1
ENSG00000213560	0	0	0
ENSG00000287224	0	0	0
ENSG00000225598	0	0	0
ENSG00000286455	0	0	0
ENSG00000225087	0	0	0
ENSG00000224986	0	0	0
ENSG00000280378	1	1	0
ENSG00000188786	263	129	134
ENSG00000230053	0	0	0
ENSG00000137941	109	61	48
ENSG00000273338	26	11	15
ENSG00000223720	0	0	0
ENSG00000224326	0	0	0
ENSG00000286548	1	1	0
ENSG00000066135	76	56	60
ENSG00000230027	0	0	0
ENSG00000233061	1	0	1
ENSG00000272094	0	0	0
ENSG00000228853	0	0	0
ENSG00000215874	0	0	0
ENSG00000232453	7	4	3
ENSG00000260386	0	0	0
ENSG00000284895	0	0	0
ENSG00000117174	161	81	80
ENSG00000237413	0	0	0
ENSG00000184313	2	1	1
ENSG00000284645	0	0	0
ENSG00000225605	0	0	0
ENSG00000225446	0	0	0
ENSG00000288543	1	1	0
ENSG00000122420	194	121	73
ENSG00000284240	0	0	0
ENSG00000236290	0	0	0
ENSG00000143013	409	194	215
ENSG00000226084	11	10	1
ENSG00000134748	216	110	106
ENSG00000142892	279	140	139
ENSG00000219102	0	0	0
ENSG00000184005	62	35	27
ENSG00000230953	5	3	2
ENSG00000287743	0	0	0
ENSG00000229332	0	0	0
ENSG00000227937	0	0	0
ENSG00000229752	0	0	0
ENSG00000237505	2	2	0
ENSG00000285462	0	0	0
ENSG00000233216	0	0	0
ENSG00000197273	0	0	0
ENSG00000226804	0	0	0
ENSG00000285325	0	0	0
ENSG00000230728	0	0	0
ENSG00000162402	486	245	241
ENSG00000232846	0	0	0
ENSG00000219201	1	1	0
ENSG00000230787	0	0	0
ENSG00000116641	186	84	102
ENSG00000235927	5	8	9
ENSG00000223920	0	0	0
ENSG00000237453	2	1	1
ENSG00000172260	120	65	55
ENSG00000285473	0	0	0
ENSG00000237959	0	0	0
ENSG00000231364	0	0	0
ENSG00000234578	0	0	0
ENSG00000117480	26	12	14
ENSG00000137944	168	81	87
ENSG00000229505	0	0	0
ENSG00000228187	1	0	1
ENSG00000285201	0	0	0
ENSG00000182183	29	10	19
ENSG00000236407	0	0	0
ENSG00000271949	0	0	0
ENSG00000227062	0	0	0
ENSG00000067334	319	160	159
ENSG00000235011	0	0	0
ENSG00000235673	0	0	0
ENSG00000226938	0	0	0
ENSG00000213559	0	0	0
ENSG00000287587	0	0	0
ENSG00000142949	86	40	46
ENSG00000116133	162	89	88
ENSG00000232882	0	0	0
ENSG00000171502	37	17	20
ENSG00000162399	0	0	0
ENSG00000116157	120	60	60
ENSG00000143036	24	14	10
ENSG00000232672	0	0	0
ENSG00000230817	0	0	0
ENSG00000235613	0	0	0
ENSG00000065243	412	200	212
ENSG00000226759	0	0	0
ENSG00000226960	0	0	0
ENSG00000234080	0	0	0
ENSG00000237899	0	0	0
ENSG00000225492	18	10	8
ENSG00000223905	0	0	0
ENSG00000227290	0	0	0
ENSG00000229486	0	0	0
ENSG00000282898	0	0	0
ENSG00000285409	0	0	0
ENSG00000231090	0	0	0
ENSG00000117528	189	103	86
ENSG00000271723	0	0	0
ENSG00000172339	64	29	35
ENSG00000036549	263	142	121
ENSG00000287724	0	3	6
ENSG00000058799	214	112	102
ENSG00000225191	0	0	0
ENSG00000287870	0	0	0
ENSG00000235563	0	0	0
ENSG00000232048	0	0	0
ENSG00000232857	0	0	0
ENSG00000273637	0	0	0
ENSG00000203985	0	0	0
ENSG00000228838	1	0	1
ENSG00000283761	6	2	4
ENSG00000189433	0	0	0
ENSG00000230759	0	0	0
ENSG00000231866	0	0	0
ENSG00000179178	8	4	4
ENSG00000142700	0	0	0
ENSG00000285525	0	0	0
ENSG00000236098	0	0	0
ENSG00000233514	1	0	1
ENSG00000127124	101	52	50
ENSG00000266993	29	26	21
ENSG00000223675	0	0	0
ENSG00000162604	151	68	83
ENSG00000229316	0	0	0
ENSG00000116171	500	239	261
ENSG00000287406	0	0	0
ENSG00000225767	3	1	2
ENSG00000234099	0	0	0
ENSG00000137936	97	47	54
ENSG00000235308	0	0	0
ENSG00000232752	0	0	0
ENSG00000235829	0	0	0
ENSG00000143032	0	0	0
ENSG00000226745	0	0	0
ENSG00000178028	234	108	126
ENSG00000280040	0	0	0
ENSG00000168710	619	324	295
ENSG00000117519	1270	605	665
ENSG00000270507	0	0	0
ENSG00000238037	0	0	0
ENSG00000215869	0	0	0
ENSG00000134215	67	25	42
ENSG00000227935	1	0	1
ENSG00000229887	0	0	0
ENSG00000228502	4	4	0
ENSG00000236268	0	0	0
ENSG00000271277	0	0	0
ENSG00000236888	0	0	0
ENSG00000279778	11	5	6
ENSG00000232015	0	0	0
ENSG00000230955	0	26	27
ENSG00000230828	0	0	0
ENSG00000188641	328	158	177
ENSG00000152078	108	59	49
ENSG00000237279	0	0	0
ENSG00000233359	0	0	0
ENSG00000237954	0	0	0
ENSG00000185668	0	0	0
ENSG00000171492	137	56	81
ENSG00000233129	0	0	0
ENSG00000170989	722	374	348
ENSG00000258634	23	18	21
ENSG00000233557	0	0	0
ENSG00000237897	0	0	0
ENSG00000116299	32	17	15
ENSG00000137962	588	287	301
ENSG00000227832	0	0	0
ENSG00000286692	0	0	0
ENSG00000260464	3	2	1
ENSG00000237435	0	0	0
ENSG00000231996	0	0	0
ENSG00000273204	0	3	0
ENSG00000079739	181	96	94
ENSG00000117154	6	4	2
ENSG00000162377	78	39	39
ENSG00000224613	0	0	0
ENSG00000215871	0	0	0
ENSG00000287372	0	0	0
ENSG00000232542	0	0	0
ENSG00000231095	0	0	0
ENSG00000116774	189	92	97
ENSG00000287756	0	0	0
ENSG00000269113	26	13	13
ENSG00000284652	3	3	0
ENSG00000023909	119	60	59
ENSG00000069702	335	170	165
ENSG00000232185	0	0	0
ENSG00000230489	2	1	1
ENSG00000228399	6	6	0
ENSG00000236776	3	0	3
ENSG00000285928	16	8	8
ENSG00000224685	0	0	0
ENSG00000287076	0	0	0
ENSG00000237480	0	0	0
ENSG00000271252	0	0	0
ENSG00000230427	0	0	0
ENSG00000235794	0	0	0
ENSG00000286758	0	0	0
ENSG00000237337	0	0	0
ENSG00000233983	0	0	0
ENSG00000198198	509	368	386
ENSG00000225183	0	0	0
ENSG00000230402	0	0	0
ENSG00000116793	196	89	107
ENSG00000134201	28	19	9
ENSG00000238122	0	0	0
ENSG00000260879	0	6	4
ENSG00000213366	239	133	106
ENSG00000230864	0	0	0
ENSG00000283354	0	0	0
ENSG00000232918	0	0	0
ENSG00000236360	0	0	0
ENSG00000183298	0	0	0
ENSG00000234332	2	2	0
ENSG00000117525	374	181	193
ENSG00000225079	4	4	0
ENSG00000226483	0	0	0
ENSG00000224238	0	0	0
ENSG00000229537	0	0	0
ENSG00000162699	0	0	0
ENSG00000162692	569	292	277
ENSG00000203914	6	5	1
ENSG00000270457	0	0	0
ENSG00000203858	0	0	0
ENSG00000231987	0	0	0
ENSG00000228057	7	7	0
ENSG00000261593	0	0	0
ENSG00000224445	1	1	0
ENSG00000229842	0	0	0
ENSG00000270631	0	0	0
ENSG00000229201	0	0	0
ENSG00000181656	8	3	5
ENSG00000122481	19	11	8
ENSG00000198162	616	304	312
ENSG00000238198	0	0	0
ENSG00000171517	2	0	2
ENSG00000228852	6	5	1
ENSG00000203864	0	0	0
ENSG00000233482	0	0	0
ENSG00000230250	0	0	0
ENSG00000232878	2	2	7
ENSG00000143079	243	105	138
ENSG00000232450	2	0	2
ENSG00000223575	0	0	0
ENSG00000230768	0	0	0
ENSG00000235202	0	0	0
ENSG00000272715	0	0	0
ENSG00000235038	0	0	0
ENSG00000143093	215	102	113
ENSG00000226415	4	2	2
ENSG00000085491	215	108	119
ENSG00000173947	9	2	7
ENSG00000241361	0	0	0
ENSG00000230434	0	0	0
ENSG00000230718	0	0	0
ENSG00000134198	157	74	83
ENSG00000235595	0	0	0
ENSG00000226053	0	0	0
ENSG00000226128	0	0	0
ENSG00000198799	154	80	86
ENSG00000279513	3	0	3
ENSG00000117620	215	118	102
ENSG00000280186	2	0	2
ENSG00000223906	0	0	0
ENSG00000162688	182	93	89
ENSG00000197106	8	6	2
ENSG00000259946	0	0	0
ENSG00000236137	3	3	2
ENSG00000203859	0	0	0
ENSG00000228086	0	2	1
ENSG00000213421	0	0	0
ENSG00000234020	0	0	0
ENSG00000060718	5	2	3
ENSG00000236804	0	0	0
ENSG00000231072	0	0	0
ENSG00000273406	0	0	0
ENSG00000185946	121	67	54
ENSG00000162627	67	27	40
ENSG00000226715	1	1	0
ENSG00000162695	508	251	257
ENSG00000134184	62	47	37
ENSG00000265808	412	197	215
ENSG00000261290	0	0	0
ENSG00000225923	0	0	0
ENSG00000134247	341	179	162
ENSG00000187481	1	1	0
ENSG00000116752	147	83	64
ENSG00000162664	259	133	126
ENSG00000236866	1	0	1
ENSG00000134253	18	6	12
ENSG00000277655	0	0	0
ENSG00000223416	0	0	0
ENSG00000213226	0	0	0
ENSG00000179571	2	2	0
ENSG00000227850	1	0	1
ENSG00000243967	0	0	0
ENSG00000235777	3	2	1
ENSG00000260246	0	16	7
ENSG00000173218	64	29	35
ENSG00000285532	0	0	0
ENSG00000226755	0	0	0
ENSG00000232650	0	0	0
ENSG00000183508	3981	1979	2002
ENSG00000277095	0	0	0
ENSG00000236806	0	0	0
ENSG00000234283	2	1	1
ENSG00000237188	1	1	0
ENSG00000232780	0	0	0
ENSG00000274927	0	0	0
ENSG00000264145	0	0	0
ENSG00000238256	0	0	0
ENSG00000198765	0	0	0
ENSG00000224335	0	0	0
ENSG00000277702	0	0	0
ENSG00000143398	420	221	199
ENSG00000196505	151	89	62
ENSG00000225871	1	0	3
ENSG00000223489	0	0	0
ENSG00000230546	0	0	0
ENSG00000213262	11	6	5
ENSG00000287015	0	0	0
ENSG00000241720	1	7	7
ENSG00000235526	0	0	0
ENSG00000228347	0	0	0
ENSG00000276975	4	3	1
ENSG00000236012	0	0	0
ENSG00000270911	1	0	1
ENSG00000272824	0	0	0
ENSG00000134200	1	0	1
ENSG00000234257	0	0	0
ENSG00000065183	152	78	83
ENSG00000227082	13	6	7
ENSG00000228626	0	0	0
ENSG00000226126	0	0	0
ENSG00000163393	95	48	47
ENSG00000163156	117	60	57
ENSG00000143631	8	6	5
ENSG00000156150	0	9	7
ENSG00000228453	0	0	0
ENSG00000274642	4	1	3
ENSG00000177551	0	0	0
ENSG00000197323	406	186	220
ENSG00000237975	12	5	10
ENSG00000261168	0	0	0
ENSG00000287980	0	0	0
ENSG00000229283	0	0	3
ENSG00000271419	0	0	0
ENSG00000226172	0	0	0
ENSG00000079335	74	42	35
ENSG00000143119	1271	631	640
ENSG00000237278	0	7	5
ENSG00000285062	0	0	0
ENSG00000233432	0	0	0
ENSG00000227700	0	0	0
ENSG00000229911	0	0	0
ENSG00000143520	0	0	0
ENSG00000171943	63	34	30
ENSG00000270719	0	0	0
ENSG00000155761	4	7	6
ENSG00000230806	0	0	0
ENSG00000116830	118	56	62
ENSG00000234422	0	0	0
ENSG00000227056	0	0	0
ENSG00000143614	338	155	183
ENSG00000227091	0	0	0
ENSG00000169418	158	85	73
ENSG00000214204	0	0	0
ENSG00000081026	90	43	47
ENSG00000225650	1	1	0
ENSG00000227179	0	0	0
ENSG00000224965	0	0	0
ENSG00000228127	0	0	0
ENSG00000226984	0	0	0
ENSG00000186150	2	2	0
ENSG00000143554	138	67	71
ENSG00000143458	211	96	115
ENSG00000230932	0	0	0
ENSG00000073754	2	1	1
ENSG00000228826	1	0	1
ENSG00000233907	0	0	0
ENSG00000225036	0	0	0
ENSG00000228420	0	0	0
ENSG00000233839	0	0	0
ENSG00000250890	0	0	0
ENSG00000232240	0	0	0
ENSG00000280649	7	4	3
ENSG00000131781	26	15	13
ENSG00000223599	5	4	1
ENSG00000230921	0	0	0
ENSG00000286151	0	0	0
ENSG00000234388	0	0	0
ENSG00000235015	0	0	0
ENSG00000271736	0	0	0
ENSG00000235988	0	0	0
ENSG00000233717	0	0	0
ENSG00000231551	15	5	10
ENSG00000227295	13	7	6
ENSG00000163155	31	17	14
ENSG00000243613	0	9	5
ENSG00000241975	6	1	5
ENSG00000271143	0	0	0
ENSG00000270976	0	0	0
ENSG00000228217	0	0	0
ENSG00000270342	0	0	0
ENSG00000143552	6	5	1
ENSG00000175984	52	25	27
ENSG00000231100	0	0	0
ENSG00000116824	257	121	136
ENSG00000235887	0	0	0
ENSG00000237460	0	0	0
ENSG00000236327	0	0	0
ENSG00000223804	8	7	1
ENSG00000236887	0	0	0
ENSG00000024526	10	7	7
ENSG00000236480	1	0	1
ENSG00000235756	0	0	0
ENSG00000173810	0	0	0
ENSG00000235005	0	0	0
ENSG00000271890	0	0	0
ENSG00000238107	0	0	0
ENSG00000227425	0	0	0
ENSG00000233222	0	2	6
ENSG00000225279	0	0	0
ENSG00000229101	0	0	0
ENSG00000224927	0	0	0
ENSG00000239216	0	0	0
ENSG00000283360	1	0	1
ENSG00000117262	34	21	13
ENSG00000227907	0	0	0
ENSG00000143624	546	292	295
ENSG00000227970	0	0	0
ENSG00000261055	0	0	0
ENSG00000231613	1	0	1
ENSG00000137947	175	74	101
ENSG00000236689	0	0	0
ENSG00000233589	0	0	4
ENSG00000117586	13	6	7
ENSG00000230946	3	1	2
ENSG00000226028	0	0	0
ENSG00000162728	1	1	0
ENSG00000229021	0	0	0
ENSG00000203825	0	0	0
ENSG00000184371	333	177	156
ENSG00000233449	0	0	0
ENSG00000242943	0	0	0
ENSG00000233203	0	0	0
ENSG00000232499	1	0	1
ENSG00000232265	1	1	0
ENSG00000163154	26	12	14
ENSG00000232995	7	2	5
ENSG00000236957	0	0	0
ENSG00000238087	0	0	0
ENSG00000227777	0	0	0
ENSG00000177173	14	9	5
ENSG00000277406	10	6	4
ENSG00000238022	0	0	0
ENSG00000231671	1	1	0
ENSG00000162729	175	98	77
ENSG00000143158	175	113	116
ENSG00000271092	1	1	0
ENSG00000238118	0	0	0
ENSG00000276118	0	0	0
ENSG00000232148	0	0	0
ENSG00000278811	17	14	15
ENSG00000000460	33	56	42
ENSG00000188859	22	16	10
ENSG00000275075	0	0	0
ENSG00000135862	2295	1205	1090
ENSG00000232952	0	0	0
ENSG00000158473	173	92	81
ENSG00000227722	0	0	0
ENSG00000285922	0	0	0
ENSG00000275801	0	0	0
ENSG00000143198	359	169	190
ENSG00000143318	8	3	5
ENSG00000232188	0	0	0
ENSG00000232212	0	0	0
ENSG00000143621	546	283	267
ENSG00000241042	0	0	0
ENSG00000143155	271	130	141
ENSG00000260322	0	0	0
ENSG00000223495	0	0	0
ENSG00000143156	39	36	25
ENSG00000198771	408	211	205
ENSG00000225462	1	1	0
ENSG00000237756	1	0	1
ENSG00000116147	5	3	2
ENSG00000213064	458	280	241
ENSG00000203307	0	0	0
ENSG00000143179	159	95	111
ENSG00000271187	0	0	0
ENSG00000274562	0	0	0
ENSG00000143315	102	60	42
ENSG00000116199	263	122	141
ENSG00000231175	0	0	0
ENSG00000143185	6	1	5
ENSG00000235145	0	0	0
ENSG00000116260	1559	802	757
ENSG00000272931	5	2	3
ENSG00000143190	268	149	145
ENSG00000225475	0	0	0
ENSG00000230898	0	0	0
ENSG00000232223	0	0	0
ENSG00000224698	0	0	0
ENSG00000287697	0	3	3
ENSG00000075945	193	103	106
ENSG00000235303	0	0	0
ENSG00000234810	0	0	0
ENSG00000232750	0	0	0
ENSG00000224468	7	3	4
ENSG00000235628	0	0	0
ENSG00000232551	0	0	0
ENSG00000092607	6	1	5
ENSG00000238270	0	0	0
ENSG00000285894	0	0	0
ENSG00000236025	0	0	0
ENSG00000230687	0	0	0
ENSG00000230704	0	0	0
ENSG00000283255	0	0	0
ENSG00000227741	2	8	53
ENSG00000237049	0	0	0
ENSG00000286754	0	0	0
ENSG00000232751	0	0	0
ENSG00000236364	10	22	25
ENSG00000117091	213	195	195
ENSG00000235378	0	0	0
ENSG00000143171	5	4	1
ENSG00000275767	0	0	0
ENSG00000224718	0	0	0
ENSG00000047410	921	467	502
ENSG00000231992	0	0	0
ENSG00000018625	25	16	9
ENSG00000171806	34	22	14
ENSG00000287919	0	0	0
ENSG00000229914	0	0	0
ENSG00000233882	0	0	0
ENSG00000198358	0	1	0
ENSG00000229407	0	0	0
ENSG00000134216	2	5	0
ENSG00000230748	0	0	0
ENSG00000254154	1	1	0
ENSG00000162694	124	65	62
ENSG00000238108	0	0	0
ENSG00000214262	0	30	33
ENSG00000183853	610	322	288
ENSG00000215835	3	2	1
ENSG00000118197	138	56	82
ENSG00000135842	673	336	337
ENSG00000229258	1	1	0
ENSG00000287472	0	0	0
ENSG00000241318	0	0	0
ENSG00000228238	0	0	0
ENSG00000232393	0	0	0
ENSG00000121454	18	14	17
ENSG00000184155	0	0	0
ENSG00000058085	63	34	29
ENSG00000260088	0	0	0
ENSG00000287978	39	15	24
ENSG00000116815	150	69	81
ENSG00000232917	0	0	0
ENSG00000233057	1	1	0
ENSG00000237131	0	0	0
ENSG00000233946	0	0	0
ENSG00000143167	4	2	2
ENSG00000143184	3	1	2
ENSG00000231966	3	0	3
ENSG00000176320	0	0	0
ENSG00000260976	0	0	0
ENSG00000235215	1	1	0
ENSG00000223450	0	0	0
ENSG00000224691	0	0	0
ENSG00000286572	0	0	0
ENSG00000235101	2	2	0
ENSG00000228215	0	0	0
ENSG00000177807	3	1	2
ENSG00000233626	0	0	0
ENSG00000233691	0	0	0
ENSG00000283518	0	0	0
ENSG00000271527	0	0	0
ENSG00000143228	26	11	15
ENSG00000235827	0	0	0
ENSG00000231615	0	0	0
ENSG00000231714	0	0	0
ENSG00000174514	22	14	13
ENSG00000143178	25	12	13
ENSG00000224837	1	0	1
ENSG00000116833	85	37	48
ENSG00000227740	2	2	0
ENSG00000260990	0	0	0
ENSG00000000457	107	80	90
ENSG00000143507	52	28	24
ENSG00000285638	0	0	0
ENSG00000226520	3	3	0
ENSG00000284592	0	0	0
ENSG00000230987	0	0	0
ENSG00000232527	0	0	0
ENSG00000215833	0	0	0
ENSG00000228167	0	0	0
ENSG00000225325	0	0	0
ENSG00000223344	0	0	0
ENSG00000228191	0	0	0
ENSG00000229961	6	3	3
ENSG00000150732	0	0	0
ENSG00000157064	59	28	33
ENSG00000288139	0	0	0
ENSG00000226015	4	1	3
ENSG00000215808	0	0	0
ENSG00000059588	318	154	164
ENSG00000231512	0	0	0
ENSG00000237379	0	0	0
ENSG00000232959	0	7	9
ENSG00000122224	131	58	73
ENSG00000162782	0	0	0
ENSG00000238051	0	0	0
ENSG00000233196	0	0	0
ENSG00000229220	0	0	0
ENSG00000143653	207	102	105
ENSG00000135837	544	264	280
ENSG00000158711	586	283	308
ENSG00000227747	0	0	0
ENSG00000228081	0	0	0
ENSG00000228020	0	0	0
ENSG00000234975	67	45	22
ENSG00000162851	85	32	53
ENSG00000271427	2	2	0
ENSG00000261817	0	0	0
ENSG00000143353	73	30	47
ENSG00000197965	727	364	363
ENSG00000143493	116	61	55
ENSG00000230777	1	0	1
ENSG00000179397	9	3	6
ENSG00000224540	0	0	0
ENSG00000117592	717	335	382
ENSG00000186197	6	3	3
ENSG00000229067	0	0	0
ENSG00000230231	0	0	0
ENSG00000227711	0	0	0
ENSG00000261182	0	0	0
ENSG00000228879	0	0	0
ENSG00000227925	0	0	0
ENSG00000162670	3	2	2
ENSG00000225712	0	0	0
ENSG00000162761	1	1	0
ENSG00000143199	3	1	2
ENSG00000179930	0	0	0
ENSG00000007908	1671	802	869
ENSG00000092978	118	62	56
ENSG00000143499	180	86	94
ENSG00000188404	1524	750	774
ENSG00000227735	0	0	0
ENSG00000243062	0	0	0
ENSG00000143196	34	11	23
ENSG00000228504	0	0	0
ENSG00000274702	0	0	0
ENSG00000226211	0	0	0
ENSG00000236942	2	2	0
ENSG00000287205	0	0	0
ENSG00000203697	3	1	2
ENSG00000116574	130	65	65
ENSG00000287929	0	1	1
ENSG00000186283	895	484	411
ENSG00000224896	0	0	0
ENSG00000226292	0	0	0
ENSG00000121481	126	64	62
ENSG00000227940	0	0	0
ENSG00000117139	329	166	163
ENSG00000143248	2439	1204	1235
ENSG00000278455	0	0	0
ENSG00000224810	0	0	0
ENSG00000162814	3	2	2
ENSG00000225172	0	0	0
ENSG00000261642	0	0	0
ENSG00000228239	0	0	0
ENSG00000237283	0	0	0
ENSG00000116132	857	451	406
ENSG00000238042	0	0	0
ENSG00000271475	0	0	0
ENSG00000231877	0	0	0
ENSG00000116679	2500	1236	1264
ENSG00000228536	1	1	0
ENSG00000230550	0	1	0
ENSG00000229242	0	0	0
ENSG00000253326	1	0	1
ENSG00000228470	0	0	0
ENSG00000152092	8	2	6
ENSG00000234984	0	0	0
ENSG00000231648	0	0	0
ENSG00000229983	0	0	0
ENSG00000215149	0	0	0
ENSG00000225122	0	0	0
ENSG00000225920	8	4	4
ENSG00000143476	28	14	14
ENSG00000121486	178	97	81
ENSG00000228437	0	0	0
ENSG00000214837	8	5	3
ENSG00000057252	340	182	158
ENSG00000225982	0	0	0
ENSG00000285718	0	0	0
ENSG00000234070	0	1	0
ENSG00000233620	0	0	0
ENSG00000237783	0	0	0
ENSG00000272906	2	7	5
ENSG00000233018	0	0	0
ENSG00000123685	80	38	42
ENSG00000224783	0	0	0
ENSG00000162852	272	126	146
ENSG00000232792	0	0	0
ENSG00000273004	0	0	0
ENSG00000143842	112	58	54
ENSG00000268062	0	0	0
ENSG00000237409	1	0	1
ENSG00000116962	1218	603	615
ENSG00000288078	0	0	0
ENSG00000271399	0	0	0
ENSG00000229757	0	0	0
ENSG00000232679	2	1	1
ENSG00000159388	6676	3334	3342
ENSG00000220749	0	0	0
ENSG00000181450	74	35	39
ENSG00000223519	2	3	8
ENSG00000120333	108	43	73
ENSG00000286285	6	3	3
ENSG00000225300	2	2	0
ENSG00000223842	0	0	0
ENSG00000162753	0	0	0
ENSG00000228247	0	0	0
ENSG00000231424	0	0	0
ENSG00000143355	0	0	0
ENSG00000287177	0	0	0
ENSG00000237193	0	0	0
ENSG00000223490	0	0	0
ENSG00000121644	368	172	196
ENSG00000174502	2	1	1
ENSG00000224286	0	0	0
ENSG00000158715	74	33	41
ENSG00000143195	4	3	1
ENSG00000162849	52	29	23
ENSG00000232824	1	0	1
ENSG00000273416	1	0	1
ENSG00000234142	0	0	0
ENSG00000282111	0	0	0
ENSG00000233410	0	0	0
ENSG00000067533	118	72	46
ENSG00000228955	3	1	2
ENSG00000270443	0	0	0
ENSG00000116209	1536	758	778
ENSG00000224702	0	0	0
ENSG00000271811	11	4	7
ENSG00000224278	0	0	0
ENSG00000235492	0	0	0
ENSG00000287808	1	2	8
ENSG00000271588	0	0	0
ENSG00000229840	0	0	0
ENSG00000116161	215	117	112
ENSG00000226486	0	0	0
ENSG00000227687	0	0	0
ENSG00000231814	0	0	0
ENSG00000286210	0	0	0
ENSG00000287364	0	0	0
ENSG00000225063	0	0	0
ENSG00000260698	6	2	4
ENSG00000277007	5	2	3
ENSG00000229016	0	0	0
ENSG00000077157	457	245	220
ENSG00000152104	163	84	79
ENSG00000236975	0	0	0
ENSG00000215834	0	0	0
ENSG00000286541	0	0	0
ENSG00000117650	14	10	4
ENSG00000235021	0	0	0
ENSG00000203724	2	1	1
ENSG00000225006	0	0	0
ENSG00000287633	0	0	0
ENSG00000158764	5	0	6
ENSG00000223375	0	0	0
ENSG00000230714	0	0	0
ENSG00000261065	0	1	1
ENSG00000260855	20	10	10
ENSG00000188783	304	138	166
ENSG00000236206	0	0	0
ENSG00000168118	167	81	91
ENSG00000181101	0	0	0
ENSG00000173726	720	360	360
ENSG00000282852	0	0	0
ENSG00000152382	84	35	49
ENSG00000143839	3	2	1
ENSG00000232100	0	0	0
ENSG00000261024	0	0	0
ENSG00000230547	0	0	0
ENSG00000229703	0	0	0
ENSG00000176754	1	1	0
ENSG00000232309	0	0	0
ENSG00000227953	8	9	8
ENSG00000232215	0	0	0
ENSG00000135829	877	445	441
ENSG00000228289	7	2	5
ENSG00000134717	244	112	132
ENSG00000232989	0	0	0
ENSG00000233537	0	0	0
ENSG00000116668	114	55	59
ENSG00000143756	220	111	109
ENSG00000278180	0	0	0
ENSG00000143702	254	128	146
ENSG00000232341	0	0	0
ENSG00000287676	2	0	2
ENSG00000236792	0	0	0
ENSG00000143207	252	129	123
ENSG00000270859	0	0	0
ENSG00000238224	0	0	0
ENSG00000286775	0	0	0
ENSG00000122176	885	416	469
ENSG00000229120	0	0	0
ENSG00000237492	0	0	0
ENSG00000230404	0	0	0
ENSG00000213036	1	1	0
ENSG00000227230	4	10	8
ENSG00000236230	0	0	0
ENSG00000026751	1571	777	794
ENSG00000150681	54	29	31
ENSG00000116906	261	126	135
ENSG00000092969	29	12	20
ENSG00000157181	275	138	137
ENSG00000250762	1	1	0
ENSG00000236720	0	0	0
ENSG00000227421	0	0	0
ENSG00000227240	0	0	0
ENSG00000076258	29	20	9
ENSG00000286073	0	0	0
ENSG00000231084	4	3	1
ENSG00000232085	0	3	3
ENSG00000117697	151	89	62
ENSG00000279333	0	4	10
ENSG00000235083	0	0	0
ENSG00000162669	11	7	4
ENSG00000197067	0	0	0
ENSG00000229652	0	0	0
ENSG00000132681	12	5	7
ENSG00000225904	0	0	0
ENSG00000270920	0	0	0
ENSG00000281664	0	0	0
ENSG00000143641	483	364	299
ENSG00000227630	1	0	1
ENSG00000228830	0	189	171
ENSG00000010932	18	7	11
ENSG00000282849	2	0	2
ENSG00000276520	0	0	0
ENSG00000226640	0	0	0
ENSG00000010072	68	36	46
ENSG00000135766	42	28	14
ENSG00000232626	0	0	0
ENSG00000232096	0	0	0
ENSG00000279261	0	0	0
ENSG00000213051	0	0	0
ENSG00000238054	0	0	0
ENSG00000163534	155	78	77
ENSG00000168243	27	13	14
ENSG00000281453	0	0	0
ENSG00000237469	0	0	0
ENSG00000224939	0	0	0
ENSG00000227613	0	0	0
ENSG00000116183	3	3	0
ENSG00000270106	1	0	1
ENSG00000232194	0	0	0
ENSG00000235152	0	0	0
ENSG00000231612	1	1	0
ENSG00000237980	2	2	0
ENSG00000271036	0	0	0
ENSG00000230849	0	0	0
ENSG00000170382	68	33	37
ENSG00000228664	0	0	0
ENSG00000226868	0	0	0
ENSG00000279401	0	0	0
ENSG00000272362	0	0	0
ENSG00000287450	0	0	0
ENSG00000237011	0	0	0
ENSG00000233583	0	0	0
ENSG00000066027	405	195	210
ENSG00000286263	0	0	0
ENSG00000227006	8	5	3
ENSG00000236372	0	0	0
ENSG00000224525	0	0	0
ENSG00000188770	0	0	0
ENSG00000173728	1	1	0
ENSG00000094975	361	194	167
ENSG00000225811	0	1	0
ENSG00000273093	0	0	0
ENSG00000162772	1005	514	491
ENSG00000227818	0	0	0
ENSG00000135828	103	46	57
ENSG00000224227	0	0	0
ENSG00000286398	0	0	0
ENSG00000076356	183	92	91
ENSG00000215819	0	0	0
ENSG00000185523	0	0	0
ENSG00000236108	0	0	0
ENSG00000116711	42	18	24
ENSG00000231684	4	4	0
ENSG00000226750	0	0	0
ENSG00000285665	0	0	0
ENSG00000231022	0	0	0
ENSG00000224436	0	0	0
ENSG00000228208	0	0	0
ENSG00000273384	0	0	0
ENSG00000238061	6	3	3
ENSG00000234915	0	0	0
ENSG00000143845	8	4	7
ENSG00000235862	0	0	1
ENSG00000069812	1	0	1
ENSG00000227585	0	0	0
ENSG00000157060	0	0	0
ENSG00000237213	0	0	0
ENSG00000236439	0	0	0
ENSG00000224260	0	0	0
ENSG00000213045	1	0	1
ENSG00000287220	0	0	0
ENSG00000230063	0	0	0
ENSG00000235467	0	0	0
ENSG00000123684	504	264	240
ENSG00000117707	45	26	19
ENSG00000228044	1	1	0
ENSG00000225338	2	0	2
ENSG00000224407	0	76	104
ENSG00000232463	1	1	0
ENSG00000237457	0	0	0
ENSG00000225171	1	0	1
ENSG00000226843	0	0	0
ENSG00000235386	0	0	0
ENSG00000123836	301	167	148
ENSG00000213690	0	0	0
ENSG00000223982	0	0	0
ENSG00000229832	2	0	2
ENSG00000117691	135	64	71
ENSG00000225233	0	0	0
ENSG00000274895	0	0	0
ENSG00000237514	0	0	0
ENSG00000287856	0	0	0
ENSG00000228067	0	0	0
ENSG00000284299	0	0	0
ENSG00000226375	0	0	0
ENSG00000203705	120	67	53
ENSG00000224040	0	0	0
ENSG00000228686	5	1	4
ENSG00000279838	10	5	5
ENSG00000174175	511	252	259
ENSG00000236401	0	0	0
ENSG00000241475	0	0	0
ENSG00000215800	0	0	0
ENSG00000286421	0	0	0
ENSG00000270936	0	0	0
ENSG00000008118	4	2	2
ENSG00000171161	138	71	67
ENSG00000241505	0	0	0
ENSG00000224535	0	0	0
ENSG00000282097	0	0	0
ENSG00000261453	2	0	2
ENSG00000231020	0	0	0
ENSG00000270818	0	0	0
ENSG00000196878	92	51	41
ENSG00000133059	137	66	71
ENSG00000225561	0	0	0
ENSG00000224668	0	0	0
ENSG00000242529	0	0	0
ENSG00000074964	227	106	121
ENSG00000223847	0	0	0
ENSG00000277704	0	0	0
ENSG00000116918	170	77	95
ENSG00000274020	13	12	4
ENSG00000287445	0	0	0
ENSG00000259815	0	0	0
ENSG00000240963	0	0	0
ENSG00000226570	0	0	0
ENSG00000198929	11	6	5
ENSG00000272167	0	0	0
ENSG00000230628	0	0	0
ENSG00000162771	0	1	0
ENSG00000227579	0	0	0
ENSG00000176393	212	121	139
ENSG00000174606	257	138	119
ENSG00000179914	12	2	10
ENSG00000235750	387	175	212
ENSG00000284376	0	0	0
ENSG00000121446	0	0	0
ENSG00000226758	1	0	1
ENSG00000230199	0	0	0
ENSG00000236905	0	0	0
ENSG00000233304	0	0	0
ENSG00000288007	2	0	3
ENSG00000227887	0	0	0
ENSG00000116903	154	87	81
ENSG00000228255	0	0	0
ENSG00000226196	0	0	0
ENSG00000287354	0	0	0
ENSG00000233827	0	0	0
ENSG00000198797	1	1	0
ENSG00000271746	0	1	0
ENSG00000234233	1	0	1
ENSG00000151414	497	258	239
ENSG00000177614	12	8	4
ENSG00000223794	0	0	0
ENSG00000235182	0	0	0
ENSG00000213041	1	1	0
ENSG00000287157	0	0	0
ENSG00000233920	0	0	0
ENSG00000183831	0	0	0
ENSG00000225755	0	0	0
ENSG00000143858	2	6	4
ENSG00000197472	0	0	0
ENSG00000230184	0	0	0
ENSG00000234004	0	0	0
ENSG00000232436	0	0	0
ENSG00000231718	0	0	0
ENSG00000283952	0	0	0
ENSG00000230019	0	0	0
ENSG00000136643	165	96	69
ENSG00000232537	0	0	0
ENSG00000226036	1	1	0
ENSG00000285521	1	0	1
ENSG00000236317	1	0	1
ENSG00000176855	0	0	0
ENSG00000227728	0	0	0
ENSG00000133069	64	35	29
ENSG00000162877	4	1	3
ENSG00000233461	14	4	10
ENSG00000225401	1	1	0
ENSG00000228190	0	0	0
ENSG00000135747	0	0	0
ENSG00000227237	1	1	0
ENSG00000069248	216	100	116
ENSG00000232812	0	0	0
ENSG00000231666	0	0	0
ENSG00000226986	0	0	0
ENSG00000242042	0	0	0
ENSG00000234464	0	0	0
ENSG00000253148	0	0	0
ENSG00000227751	0	44	28
ENSG00000090104	4871	2334	2537
ENSG00000285280	8	9	6
ENSG00000232892	0	0	0
ENSG00000236950	0	0	0
ENSG00000236468	0	0	0
ENSG00000143322	873	425	448
ENSG00000185220	68	35	33
ENSG00000226003	0	0	0
ENSG00000230813	0	0	0
ENSG00000226862	0	0	0
ENSG00000236101	0	0	0
ENSG00000162769	104	60	44
ENSG00000133065	221	109	112
ENSG00000278684	0	0	0
ENSG00000236775	0	0	0
ENSG00000042781	5	4	1
ENSG00000234754	2	1	1
ENSG00000233084	0	0	0
ENSG00000227815	0	0	0
ENSG00000287046	11	7	4
ENSG00000223774	0	15	18
ENSG00000228863	19	100	96
ENSG00000228646	0	0	0
ENSG00000229112	0	0	0
ENSG00000233332	0	0	0
ENSG00000231984	0	0	0
ENSG00000286213	0	0	0
ENSG00000226876	1	1	0
ENSG00000277462	18	12	6
ENSG00000225591	0	0	0
ENSG00000035687	292	133	159
ENSG00000213080	0	0	0
ENSG00000180287	0	0	0
ENSG00000226693	0	0	0
ENSG00000234678	39	54	38
ENSG00000231272	0	0	0
ENSG00000223828	0	0	0
ENSG00000163431	135	85	83
ENSG00000230124	163	91	85
ENSG00000226723	0	0	0
ENSG00000272672	1	1	0
ENSG00000143473	1	11	4
ENSG00000228982	0	0	0
ENSG00000235096	0	0	0
ENSG00000237250	0	0	0
ENSG00000007341	77	57	75
ENSG00000286747	0	0	0
ENSG00000236069	0	0	1
ENSG00000236244	0	0	0
ENSG00000272865	0	0	0
ENSG00000117222	128	72	56
ENSG00000143324	256	122	134
ENSG00000229871	0	0	0
ENSG00000225222	0	0	0
ENSG00000118193	21	10	11
ENSG00000234116	0	0	0
ENSG00000231940	2	2	0
ENSG00000198842	0	0	0
ENSG00000286619	0	0	0
ENSG00000198756	7	4	3
ENSG00000259823	1	0	1
ENSG00000271558	0	0	0
ENSG00000227554	0	0	0
ENSG00000178596	0	0	0
ENSG00000135749	111	63	59
ENSG00000143786	2	1	1
ENSG00000224584	0	0	0
ENSG00000054282	168	106	96
ENSG00000183780	3	1	2
ENSG00000229663	0	0	0
ENSG00000162702	350	163	187
ENSG00000251508	0	0	0
ENSG00000238272	0	0	0
ENSG00000228530	0	0	0
ENSG00000235060	0	0	0
ENSG00000143194	1	1	0
ENSG00000229531	0	0	0
ENSG00000271329	1	1	0
ENSG00000054267	475	215	260
ENSG00000261831	0	0	0
ENSG00000287921	0	0	0
ENSG00000177800	0	0	0
ENSG00000225620	2	2	0
ENSG00000232166	0	0	0
ENSG00000175137	158	94	64
ENSG00000134245	87	76	64
ENSG00000234041	2	1	1
ENSG00000227373	3	1	2
ENSG00000231905	0	0	0
ENSG00000228175	0	0	0
ENSG00000069275	1058	541	517
ENSG00000143674	36	22	14
ENSG00000237317	0	0	0
ENSG00000187889	0	0	0
ENSG00000134375	328	172	156
ENSG00000097046	108	57	51
ENSG00000232113	0	0	0
ENSG00000282718	0	0	0
ENSG00000231378	1	1	0
ENSG00000235605	0	0	0
ENSG00000223525	0	0	0
ENSG00000224857	0	0	0
ENSG00000273367	0	0	0
ENSG00000230604	0	0	0
ENSG00000231605	1	0	1
ENSG00000236358	0	0	0
ENSG00000203737	1	1	0
ENSG00000238003	0	0	0
ENSG00000215873	0	0	0
ENSG00000287008	0	0	0
ENSG00000185420	54	25	29
ENSG00000076321	120	60	60
ENSG00000272175	1	0	1
ENSG00000231564	0	0	0
ENSG00000135778	127	75	63
ENSG00000213070	0	0	0
ENSG00000282265	0	0	0
ENSG00000250536	2	2	0
ENSG00000229747	0	0	0
ENSG00000117280	293	137	156
ENSG00000233985	0	0	0
ENSG00000232175	0	0	0
ENSG00000287423	0	0	0
ENSG00000286774	0	0	0
ENSG00000236719	0	0	0
ENSG00000136636	301	152	149
ENSG00000225486	0	0	0
ENSG00000227043	0	0	0
ENSG00000163874	588	297	291
ENSG00000285777	0	0	0
ENSG00000237249	0	0	0
ENSG00000286109	0	0	0
ENSG00000213068	0	0	0
ENSG00000054392	20	11	9
ENSG00000227994	0	0	0
ENSG00000286552	0	0	0
ENSG00000225711	0	0	0
ENSG00000122223	13	3	10
ENSG00000235869	1	0	1
ENSG00000188739	13	4	9
ENSG00000286666	0	0	0
ENSG00000135750	11	6	5
ENSG00000273198	0	0	0
ENSG00000203730	0	0	0
ENSG00000225719	0	0	0
ENSG00000273483	0	0	0
ENSG00000287987	0	0	0
ENSG00000203729	0	0	0
ENSG00000232809	0	0	0
ENSG00000284623	0	0	0
ENSG00000285981	0	0	0
ENSG00000261729	0	0	0
ENSG00000223869	0	0	0
ENSG00000229228	26	11	15
ENSG00000215796	1	1	0
ENSG00000185221	0	0	0
ENSG00000233047	0	0	0
ENSG00000143341	106	51	55
ENSG00000228309	0	0	0
ENSG00000229739	3	1	2
ENSG00000116703	1	0	1
ENSG00000273874	0	0	0
ENSG00000278791	0	11	15
ENSG00000278757	0	0	0
ENSG00000264341	0	0	0
ENSG00000264101	0	0	0
ENSG00000265141	0	0	0
ENSG00000221083	0	0	0
ENSG00000252404	0	0	0
ENSG00000222511	0	0	0
ENSG00000265392	0	0	0
ENSG00000243267	0	0	0
ENSG00000201725	0	0	0
ENSG00000274258	0	0	0
ENSG00000239149	0	0	0
ENSG00000252151	0	0	0
ENSG00000252969	0	0	0
ENSG00000252417	0	0	0
ENSG00000200975	0	0	0
ENSG00000201609	0	0	0
ENSG00000238482	2	1	1
ENSG00000252956	0	0	0
ENSG00000265606	0	0	0
ENSG00000284357	0	0	0
ENSG00000278034	0	0	0
ENSG00000207237	0	0	0
ENSG00000222784	0	0	0
ENSG00000266210	0	0	0
ENSG00000265961	0	0	0
ENSG00000251866	0	0	0
ENSG00000252691	0	0	0
ENSG00000264371	0	0	0
ENSG00000253005	1	0	1
ENSG00000238316	0	0	0
ENSG00000207941	0	0	0
ENSG00000264773	0	0	0
ENSG00000252448	3	1	2
ENSG00000200421	0	0	0
ENSG00000222282	0	0	0
ENSG00000199963	0	0	0
ENSG00000264698	0	0	0
ENSG00000207328	0	0	0
ENSG00000207466	0	0	0
ENSG00000252368	0	0	0
ENSG00000206779	1	0	1
ENSG00000265596	0	0	0
ENSG00000212541	2	0	2
ENSG00000200796	0	0	0
ENSG00000252190	0	0	0
ENSG00000264613	0	0	0
ENSG00000199240	0	0	0
ENSG00000277168	0	0	0
ENSG00000283724	0	0	0
ENSG00000284410	0	0	0
ENSG00000252018	0	0	0
ENSG00000206627	1	1	0
ENSG00000283414	0	0	0
ENSG00000207508	0	0	0
ENSG00000200171	0	0	0
ENSG00000207194	0	0	0
ENSG00000283477	0	0	0
ENSG00000264834	0	0	0
ENSG00000263675	1	1	0
ENSG00000266188	0	0	0
ENSG00000206981	0	0	0
ENSG00000200174	0	0	0
ENSG00000265822	0	0	0
ENSG00000265815	0	0	0
ENSG00000238653	0	0	0
ENSG00000212624	1	1	0
ENSG00000200575	0	0	0
ENSG00000212360	0	0	0
ENSG00000242860	0	0	0
ENSG00000263908	0	0	0
ENSG00000283690	0	0	0
ENSG00000199921	0	0	0
ENSG00000251825	0	0	0
ENSG00000201153	0	0	0
ENSG00000222624	0	0	0
ENSG00000223152	0	0	0
ENSG00000212308	0	0	0
ENSG00000279049	0	2	1
ENSG00000276081	0	0	0
ENSG00000239640	0	0	0
ENSG00000252338	0	0	0
ENSG00000251785	1	1	0
ENSG00000239319	0	0	0
ENSG00000222849	0	0	0
ENSG00000283749	0	0	0
ENSG00000251958	0	0	0
ENSG00000251767	0	0	0
ENSG00000243437	0	0	0
ENSG00000202263	0	0	0
ENSG00000199318	0	0	0
ENSG00000199666	0	0	0
ENSG00000200601	0	0	0
ENSG00000242482	0	0	0
ENSG00000212366	0	0	0
ENSG00000201620	1	1	0
ENSG00000206817	0	0	0
ENSG00000284247	0	0	0
ENSG00000200839	0	0	0
ENSG00000264963	0	0	0
ENSG00000264271	0	0	0
ENSG00000239504	0	0	0
ENSG00000284202	0	0	0
ENSG00000251720	1	0	1
ENSG00000274321	0	0	0
ENSG00000198974	0	0	0
ENSG00000212248	0	0	0
ENSG00000207962	0	0	0
ENSG00000276884	0	0	0
ENSG00000207234	1	0	1
ENSG00000202259	0	0	0
ENSG00000212459	0	0	0
ENSG00000278287	0	0	0
ENSG00000277565	0	0	0
ENSG00000263526	0	0	0
ENSG00000211575	0	0	0
ENSG00000275823	0	0	0
ENSG00000277689	0	0	0
ENSG00000274199	0	0	0
ENSG00000202254	0	0	0
ENSG00000244256	1	0	1
ENSG00000201491	0	0	0
ENSG00000199831	0	0	0
ENSG00000275455	0	0	0
ENSG00000252162	0	0	0
ENSG00000272051	0	0	0
ENSG00000283899	0	0	0
ENSG00000200800	0	0	0
ENSG00000207502	0	0	0
ENSG00000252530	0	0	0
ENSG00000200536	0	0	0
ENSG00000211543	0	0	0
ENSG00000252797	0	0	0
ENSG00000212266	0	0	0
ENSG00000222209	0	0	0
ENSG00000277141	0	0	0
ENSG00000215930	0	0	0
ENSG00000238761	0	0	0
ENSG00000201114	0	0	0
ENSG00000206679	1	0	1
ENSG00000264419	0	0	0
ENSG00000222069	0	0	0
ENSG00000274428	3	2	1
ENSG00000199879	1	1	0
ENSG00000274408	0	0	0
ENSG00000283676	0	0	0
ENSG00000252005	0	0	0
ENSG00000252510	0	0	0
ENSG00000207340	0	0	0
ENSG00000252830	0	0	0
ENSG00000274450	0	0	0
ENSG00000252135	0	0	0
ENSG00000278596	0	0	0
ENSG00000238825	0	0	0
ENSG00000201183	2	1	1
ENSG00000202408	0	0	0
ENSG00000252744	0	0	0
ENSG00000273768	3	1	2
ENSG00000242565	0	0	0
ENSG00000239984	0	0	0
ENSG00000283296	0	0	0
ENSG00000252717	0	0	0
ENSG00000194297	0	0	0
ENSG00000199565	0	0	0
ENSG00000277313	0	0	0
ENSG00000274940	1	0	1
ENSG00000207341	0	0	0
ENSG00000207472	0	0	0
ENSG00000206880	0	0	0
ENSG00000252552	0	0	0
ENSG00000199849	0	0	0
ENSG00000252407	0	0	0
ENSG00000212538	0	0	0
ENSG00000251813	0	0	0
ENSG00000207108	0	0	0
ENSG00000201312	0	0	0
ENSG00000207039	0	0	0
ENSG00000202491	0	0	0
ENSG00000201596	0	0	0
ENSG00000276839	0	0	0
ENSG00000207974	0	0	0
ENSG00000273629	0	0	0
ENSG00000201493	0	0	0
ENSG00000215952	0	0	0
ENSG00000200139	0	0	0
ENSG00000283575	0	0	0
ENSG00000238765	0	0	0
ENSG00000264916	0	0	0
ENSG00000212338	0	0	0
ENSG00000206659	0	0	0
ENSG00000253025	0	0	0
ENSG00000201619	0	0	0
ENSG00000201544	0	0	0
ENSG00000202498	0	0	0
ENSG00000221545	0	0	0
ENSG00000252906	4	0	4
ENSG00000206692	0	0	0
ENSG00000202329	0	0	0
ENSG00000242794	0	0	0
ENSG00000212144	0	0	0
ENSG00000283340	0	0	0
ENSG00000252860	0	0	0
ENSG00000252501	0	0	0
ENSG00000263390	0	0	0
ENSG00000207181	1	0	1
ENSG00000265744	0	0	0
ENSG00000264377	0	0	0
ENSG00000207149	0	0	0
ENSG00000283936	0	0	0
ENSG00000284485	0	0	0
ENSG00000201638	0	0	0
ENSG00000275213	0	0	0
ENSG00000239494	4	2	2
ENSG00000212230	0	0	0
ENSG00000252371	0	0	0
ENSG00000199442	0	0	0
ENSG00000200033	1	1	0
ENSG00000239690	0	0	0
ENSG00000202184	0	0	0
ENSG00000241395	0	0	0
ENSG00000200982	0	0	0
ENSG00000275207	0	0	0
ENSG00000202300	0	0	0
ENSG00000222407	0	0	0
ENSG00000222986	0	0	0
ENSG00000265435	0	0	0
ENSG00000272262	0	0	0
ENSG00000200495	0	0	0
ENSG00000202609	0	0	0
ENSG00000252553	0	0	0
ENSG00000206764	0	0	0
ENSG00000222240	0	0	0
ENSG00000212187	0	0	0
ENSG00000206637	0	0	0
ENSG00000253097	0	0	0
ENSG00000200036	0	0	0
ENSG00000201421	0	0	0
ENSG00000212610	0	0	0
ENSG00000252484	0	0	0
ENSG00000201944	2	2	0
ENSG00000200327	0	0	0
ENSG00000206905	0	0	0
ENSG00000200972	1	1	0
ENSG00000243051	0	0	0
ENSG00000252011	0	0	0
ENSG00000207326	1	0	1
ENSG00000212205	0	0	0
ENSG00000253042	0	0	0
ENSG00000274121	0	0	0
ENSG00000264358	0	0	0
ENSG00000206640	0	0	0
ENSG00000212527	0	0	0
ENSG00000252879	0	0	0
ENSG00000252612	1	1	0
ENSG00000202264	0	0	0
ENSG00000285609	0	0	0
ENSG00000206762	3	1	2
ENSG00000252084	0	0	0
ENSG00000200085	0	0	0
ENSG00000264500	1	0	1
ENSG00000202025	0	0	0
ENSG00000225545	0	0	0
ENSG00000206990	0	0	0
ENSG00000230175	0	0	0
ENSG00000225272	1	0	1
ENSG00000215838	0	0	0
ENSG00000273365	0	0	0
ENSG00000224358	1	0	1
ENSG00000230659	0	0	0
ENSG00000162545	79	42	37
ENSG00000090432	137	71	66
ENSG00000215520	0	0	0
ENSG00000183114	2	1	1
ENSG00000158825	116	55	61
ENSG00000158828	76	156	152
ENSG00000284005	0	0	0
ENSG00000117242	29	137	124
ENSG00000234473	1	0	1
ENSG00000238754	0	0	0
ENSG00000134371	290	136	154
ENSG00000221680	0	0	0
ENSG00000162630	4	1	3
ENSG00000276735	0	0	0
ENSG00000232077	0	0	0
ENSG00000229639	0	0	0
ENSG00000287453	0	0	0
ENSG00000270615	0	0	0
ENSG00000287283	0	0	0
ENSG00000240692	0	0	0
ENSG00000229359	0	0	0
ENSG00000237919	0	0	0
ENSG00000066557	114	54	60
ENSG00000244389	0	0	0
ENSG00000228988	0	0	0
ENSG00000118454	216	112	104
ENSG00000226088	1	1	0
ENSG00000116761	91	47	44
ENSG00000278636	0	0	0
ENSG00000271992	3	2	1
ENSG00000233020	0	0	0
ENSG00000237033	0	0	0
ENSG00000226208	0	0	0
ENSG00000007968	57	24	33
ENSG00000235052	1	0	1
ENSG00000117318	432	226	206
ENSG00000285802	0	0	0
ENSG00000229239	0	0	0
ENSG00000142676	3423	1684	1739
ENSG00000057757	182	81	101
ENSG00000011009	167	86	81
ENSG00000117308	75	42	33
ENSG00000273844	0	0	0
ENSG00000235748	0	0	0
ENSG00000237861	1	0	1
ENSG00000221879	0	0	0
ENSG00000230260	0	0	0
ENSG00000199241	0	0	0
ENSG00000226919	0	0	0
ENSG00000223963	0	0	0
ENSG00000215802	0	0	0
ENSG00000233615	0	0	0
ENSG00000238085	0	0	0
ENSG00000265831	0	0	0
ENSG00000224348	0	0	0
ENSG00000286496	0	0	0
ENSG00000287516	0	0	0
ENSG00000287738	1	0	1
ENSG00000132703	0	0	0
ENSG00000276632	0	0	0
ENSG00000223603	0	0	0
ENSG00000132693	1	0	1
ENSG00000235226	0	0	0
ENSG00000158716	125	46	79
ENSG00000181036	5	2	3
ENSG00000158714	25	79	72
ENSG00000212161	0	0	0
ENSG00000243284	0	1	0
ENSG00000272668	16	5	12
ENSG00000213085	8	4	4
ENSG00000266458	0	0	0
ENSG00000287040	0	0	0
ENSG00000279430	1	1	0
ENSG00000162723	3	3	0
ENSG00000273933	0	0	0
ENSG00000256029	2	35	26
ENSG00000188004	0	0	0
ENSG00000266580	0	0	0
ENSG00000254545	3	8	6
ENSG00000203620	0	0	0
ENSG00000269967	13	4	9
ENSG00000228634	12	6	6
ENSG00000284702	0	0	0
ENSG00000221040	0	0	0
ENSG00000287217	0	0	0
ENSG00000163399	572	779	827
ENSG00000212385	0	0	0
ENSG00000233154	0	0	0
ENSG00000230381	0	0	0
ENSG00000200547	0	0	0
ENSG00000224950	12	7	6
ENSG00000286276	2	1	2
ENSG00000177888	175	72	103
ENSG00000243364	15	10	5
ENSG00000251246	0	0	0
ENSG00000143590	3	2	1
ENSG00000202027	0	0	0
ENSG00000169242	125	62	63
ENSG00000169241	344	162	182
ENSG00000223452	0	0	0
ENSG00000163463	45	23	22
ENSG00000273088	0	0	0
ENSG00000284586	0	0	0
ENSG00000169231	117	94	106
ENSG00000236263	0	2	8
ENSG00000236675	6	3	3
ENSG00000177628	216	117	99
ENSG00000116521	214	96	118
ENSG00000176444	333	170	164
ENSG00000143630	14	8	13
ENSG00000143627	0	6	0
ENSG00000253074	0	0	0
ENSG00000252116	0	0	0
ENSG00000228523	1	1	0
ENSG00000223263	1	0	1
ENSG00000207504	0	0	0
ENSG00000238139	0	0	0
ENSG00000197721	3	3	0
ENSG00000244703	0	0	0
ENSG00000226289	0	0	0
ENSG00000285239	0	0	0
ENSG00000234219	3	0	3
ENSG00000174059	566	287	279
ENSG00000285719	2	0	2
ENSG00000284237	5	1	4
ENSG00000158731	0	0	0
ENSG00000201746	2	0	2
ENSG00000264881	0	0	0
ENSG00000199562	1	0	1
ENSG00000264501	0	0	0
ENSG00000284735	7	7	0
ENSG00000284642	3	2	1
ENSG00000142657	932	457	475
ENSG00000271989	0	0	0
ENSG00000251503	0	0	0
ENSG00000175279	6	2	4
ENSG00000160049	203	112	120
ENSG00000203469	0	13	8
ENSG00000236035	1	1	0
ENSG00000221643	0	0	0
ENSG00000122188	634	308	326
ENSG00000288644	0	0	0
ENSG00000227417	0	0	0
ENSG00000223505	1	0	1
ENSG00000182004	133	64	69
ENSG00000236430	0	0	0
ENSG00000130768	93	68	58
ENSG00000227050	0	16	18
ENSG00000238231	0	0	0
ENSG00000240750	2	0	2
ENSG00000158156	101	55	48
ENSG00000182118	94	43	51
ENSG00000283799	0	0	0
ENSG00000227934	0	0	0
ENSG00000229595	0	0	0
ENSG00000143633	88	38	50
ENSG00000281912	5	3	3
ENSG00000288208	0	0	0
ENSG00000132773	73	41	51
ENSG00000070759	52	32	27
ENSG00000236872	0	0	0
ENSG00000280670	47	20	27
ENSG00000132763	40	262	164
ENSG00000221953	0	0	0
ENSG00000226164	0	0	0
ENSG00000224014	1	0	1
ENSG00000215795	4	2	2
ENSG00000259865	80	36	44
ENSG00000227671	740	358	382
ENSG00000283881	0	0	0
ENSG00000252516	9	5	4
ENSG00000232347	0	0	0
ENSG00000214144	0	0	0
ENSG00000235818	0	0	0
ENSG00000197617	0	0	0
ENSG00000202079	0	0	0
ENSG00000286216	0	0	1
ENSG00000203664	0	0	0
ENSG00000169224	30	17	13
ENSG00000236817	0	0	0
ENSG00000177489	0	0	0
ENSG00000177476	0	0	0
ENSG00000283369	0	0	0
ENSG00000230411	2	2	0
ENSG00000251977	0	0	0
ENSG00000252254	0	0	0
ENSG00000227854	0	0	0
ENSG00000287589	0	0	0
ENSG00000259776	0	0	0
ENSG00000233355	81	43	38
ENSG00000234601	0	0	0
ENSG00000231979	0	0	0
ENSG00000215805	0	0	0
ENSG00000287102	0	0	0
ENSG00000217327	0	0	0
ENSG00000228818	0	0	0
ENSG00000202041	0	0	0
ENSG00000223694	0	0	0
ENSG00000233735	0	0	0
ENSG00000133019	20	12	8
ENSG00000162636	242	121	121
ENSG00000162639	48	24	24
ENSG00000285923	1	0	1
ENSG00000134186	830	395	435
ENSG00000143107	0	0	0
ENSG00000232971	0	0	0
ENSG00000116266	349	168	181
ENSG00000228076	1	0	1
ENSG00000203897	0	0	0
ENSG00000237349	1	0	1
ENSG00000244716	14	7	7
ENSG00000228665	1	0	1
ENSG00000228054	0	0	0
ENSG00000273382	4	5	13
ENSG00000215717	384	191	207
ENSG00000278249	0	0	0
ENSG00000270066	0	0	0
ENSG00000251484	0	0	0
ENSG00000132676	519	257	274
ENSG00000227673	0	0	0
ENSG00000203761	37	17	27
ENSG00000234937	1	1	0
ENSG00000132718	308	148	160
ENSG00000283442	0	0	0
ENSG00000143622	291	141	150
ENSG00000132680	286	140	146
ENSG00000207475	0	0	0
ENSG00000280466	0	0	0
ENSG00000281394	0	0	0
ENSG00000277817	1	0	1
ENSG00000273002	8	7	1
ENSG00000224276	0	0	0
ENSG00000285677	0	84	156
ENSG00000163479	849	543	546
ENSG00000160803	196	105	91
ENSG00000132698	3	1	2
ENSG00000252236	0	0	0
ENSG00000260238	0	0	0
ENSG00000242252	0	0	0
ENSG00000198952	384	205	179
ENSG00000163472	14	53	53
ENSG00000163468	650	322	329
ENSG00000132677	0	0	0
ENSG00000237390	1	0	1
ENSG00000207933	0	0	0
ENSG00000254726	30	15	15
ENSG00000186377	13	5	8
ENSG00000186160	0	0	0
ENSG00000225154	0	0	0
ENSG00000225506	0	1	0
ENSG00000225514	0	0	0
ENSG00000224805	0	0	1
ENSG00000162366	1	1	0
ENSG00000226252	6	6	5
ENSG00000225762	1	0	1
ENSG00000186790	0	0	0
ENSG00000237424	11	4	7
ENSG00000189030	0	0	0
ENSG00000162763	0	0	0
ENSG00000143061	26	10	16
ENSG00000135821	4908	2451	2457
ENSG00000203740	0	0	0
ENSG00000162374	64	28	36
ENSG00000168275	49	34	30
ENSG00000241563	1	0	1
ENSG00000153207	356	183	173
ENSG00000156869	49	19	30
ENSG00000033122	14	5	9
ENSG00000143278	0	0	0
ENSG00000116678	360	176	184
ENSG00000159352	394	192	202
ENSG00000158710	2368	1208	1160
ENSG00000162734	1031	524	566
ENSG00000049239	840	408	432
ENSG00000186564	2	0	2
ENSG00000244038	981	484	497
ENSG00000158747	563	288	275
ENSG00000116690	31	50	29
ENSG00000126091	26	14	12
ENSG00000162383	10	5	5
ENSG00000171163	238	115	123
ENSG00000172456	47	16	31
ENSG00000162946	83	43	41
ENSG00000158786	0	0	0
ENSG00000118733	20	11	9
ENSG00000157870	75	52	45
ENSG00000179085	90	39	51
ENSG00000173080	1	1	0
ENSG00000183347	2	1	1
ENSG00000276470	0	0	0
ENSG00000278852	0	0	0
ENSG00000275915	0	0	0
ENSG00000120937	0	0	0
ENSG00000224904	0	0	0
ENSG00000285646	15	8	7
ENSG00000199347	0	0	0
ENSG00000201801	4	3	1
ENSG00000116685	233	105	128
ENSG00000083444	621	305	316
ENSG00000287384	1	1	0
ENSG00000270914	0	0	0
ENSG00000116691	160	76	84
ENSG00000202461	1	1	0
ENSG00000276869	0	0	0
ENSG00000243539	0	0	0
ENSG00000120949	21	7	14
ENSG00000201135	0	0	0
ENSG00000227875	0	0	0
ENSG00000285604	0	0	0
ENSG00000283789	0	0	0
ENSG00000263676	0	0	0
ENSG00000200591	1	1	0
ENSG00000162521	462	389	392
ENSG00000162520	13	163	169
ENSG00000224409	0	0	0
ENSG00000162522	74	34	40
ENSG00000116497	371	177	200
ENSG00000160097	2	1	1
ENSG00000121905	0	6	9
ENSG00000121900	37	29	23
ENSG00000287691	8	1	7
ENSG00000278966	0	0	0
ENSG00000143222	306	196	154
ENSG00000224985	1	8	37
ENSG00000143224	112	74	83
ENSG00000158850	454	257	242
ENSG00000158859	3096	1513	1583
ENSG00000158869	992	493	499
ENSG00000158874	1	0	1
ENSG00000158882	63	40	47
ENSG00000284035	1	0	1
ENSG00000143257	7	24	7
ENSG00000248485	2	1	1
ENSG00000188931	13	8	7
ENSG00000236484	0	0	0
ENSG00000283696	6	4	2
ENSG00000288093	5	4	1
ENSG00000206921	0	0	0
ENSG00000215840	0	0	0
ENSG00000277882	1	1	0
ENSG00000283317	0	0	0
ENSG00000277762	0	0	0
ENSG00000227139	0	0	0
ENSG00000265107	256	201	184
ENSG00000274415	0	58	71
ENSG00000234190	0	0	0
ENSG00000223728	0	0	0
ENSG00000121634	0	0	0
ENSG00000188092	50	28	22
ENSG00000215859	9	7	5
ENSG00000273059	0	1	2
ENSG00000274372	6	2	4
ENSG00000206791	1	1	0
ENSG00000206585	3	1	2
ENSG00000229828	0	0	0
ENSG00000225080	0	0	0
ENSG00000198658	0	0	0
ENSG00000238382	0	0	0
ENSG00000225919	0	0	0
ENSG00000236497	0	0	0
ENSG00000207190	0	0	0
ENSG00000200508	0	0	0
ENSG00000284928	0	0	0
ENSG00000223949	7	4	3
ENSG00000116688	514	256	258
ENSG00000188800	0	0	0
ENSG00000084073	399	223	176
ENSG00000231296	2	0	2
ENSG00000049089	69	34	35
ENSG00000227311	0	0	0
ENSG00000213172	2	1	1
ENSG00000284677	0	0	0
ENSG00000187801	27	12	15
ENSG00000260920	24	6	18
ENSG00000158887	35	15	20
ENSG00000255054	0	0	0
ENSG00000228172	4	70	66
ENSG00000117640	172	123	100
ENSG00000272478	0	0	0
ENSG00000127423	2	4	1
ENSG00000182749	52	31	37
ENSG00000207302	0	0	0
ENSG00000117632	333	147	186
ENSG00000229786	0	0	0
ENSG00000223624	0	0	0
ENSG00000283938	0	0	0
ENSG00000199385	0	0	0
ENSG00000187147	235	135	156
ENSG00000263381	0	0	0
ENSG00000126106	20	38	38
ENSG00000198520	22	11	11
ENSG00000199377	3	3	0
ENSG00000200169	14	14	0
ENSG00000142945	32	17	17
ENSG00000142937	4680	2476	2386
ENSG00000264294	0	0	0
ENSG00000200913	3	1	2
ENSG00000202031	0	0	0
ENSG00000207421	0	0	0
ENSG00000281859	0	0	0
ENSG00000234093	1	1	0
ENSG00000142959	2	2	0
ENSG00000173846	394	196	225
ENSG00000117425	27	12	15
ENSG00000202444	0	0	0
ENSG00000226499	2	1	1
ENSG00000070785	140	69	71
ENSG00000253039	0	0	0
ENSG00000229815	0	0	0
ENSG00000232369	0	0	0
ENSG00000268949	0	0	0
ENSG00000126107	201	92	115
ENSG00000126088	205	99	112
ENSG00000234315	0	0	0
ENSG00000162408	223	123	100
ENSG00000229519	1	0	1
ENSG00000173662	2	2	0
ENSG00000204859	151	68	83
ENSG00000288629	0	0	0
ENSG00000230735	1	2	1
ENSG00000171488	301	143	158
ENSG00000226394	0	0	0
ENSG00000237200	5	3	2
ENSG00000070886	0	0	0
ENSG00000276835	0	0	0
ENSG00000265422	0	0	0
ENSG00000223776	1	2	12
ENSG00000273058	5	2	3
ENSG00000230325	1	7	3
ENSG00000119285	276	256	284
ENSG00000226498	0	0	0
ENSG00000237991	2	2	0
ENSG00000244020	0	0	0
ENSG00000288099	0	0	0
ENSG00000225886	1	1	0
ENSG00000206767	0	0	0
ENSG00000226662	0	0	0
ENSG00000207095	0	0	0
ENSG00000287244	1	1	0
ENSG00000231344	3	2	1
ENSG00000230833	0	0	0
ENSG00000117758	615	309	306
ENSG00000269971	3	2	1
ENSG00000270031	0	0	0
ENSG00000223062	0	0	0
ENSG00000286433	0	0	10
ENSG00000117751	192	97	105
ENSG00000252947	1	0	1
ENSG00000130775	719	324	395
ENSG00000117748	210	100	110
ENSG00000223643	0	0	0
ENSG00000230239	0	0	0
ENSG00000263811	0	0	0
ENSG00000277234	0	0	0
ENSG00000235241	0	3	5
ENSG00000207005	1	0	1
ENSG00000272426	3	1	2
ENSG00000117122	96	63	54
ENSG00000286898	0	10	11
ENSG00000226526	0	4	3
ENSG00000159363	134	65	74
ENSG00000117118	260	140	120
ENSG00000117115	172	78	94
ENSG00000204362	1	1	1
ENSG00000282843	0	0	1
ENSG00000142623	0	0	0
ENSG00000142619	0	0	0
ENSG00000266634	0	0	0
ENSG00000199459	2	0	2
ENSG00000273264	3	3	0
ENSG00000282057	13	3	10
ENSG00000272691	2	2	0
ENSG00000199934	0	0	0
ENSG00000230285	0	0	0
ENSG00000142871	5571	2727	2844
ENSG00000226643	0	0	0
ENSG00000234419	0	0	0
ENSG00000276997	3	3	0
ENSG00000222399	0	0	0
ENSG00000267305	0	0	0
ENSG00000143512	1	0	1
ENSG00000143498	37	20	17
ENSG00000225265	5	3	2
ENSG00000154305	617	368	331
ENSG00000229399	1	1	0
ENSG00000272750	25	58	47
ENSG00000186063	127	64	69
ENSG00000162819	268	151	121
ENSG00000287684	7	5	6
ENSG00000234523	0	0	0
ENSG00000287338	2	0	2
ENSG00000187554	51	23	28
ENSG00000236846	0	0	0
ENSG00000226601	0	0	0
ENSG00000164010	43	35	26
ENSG00000164011	36	18	18
ENSG00000233708	1	1	0
ENSG00000237090	0	0	0
ENSG00000225099	0	0	0
ENSG00000284138	1	1	0
ENSG00000283973	0	0	0
ENSG00000207256	0	0	0
ENSG00000283136	0	0	0
ENSG00000277513	0	0	0
ENSG00000154309	70	33	37
ENSG00000226967	0	0	0
ENSG00000231407	11	7	6
ENSG00000229570	0	0	0
ENSG00000203857	0	0	0
ENSG00000226443	2	1	1
ENSG00000249798	0	0	0
ENSG00000239873	0	0	0
ENSG00000203855	0	0	0
ENSG00000240244	0	0	0
ENSG00000260941	2	1	1
ENSG00000198857	5	1	4
ENSG00000143067	96	52	44
ENSG00000134240	5	2	3
ENSG00000134193	11	3	8
ENSG00000215864	0	0	0
ENSG00000227205	0	0	0
ENSG00000226446	0	0	0
ENSG00000134249	0	0	0
ENSG00000092621	334	177	157
ENSG00000027644	4	5	0
ENSG00000241992	0	0	0
ENSG00000234226	0	0	0
ENSG00000137970	66	11	55
ENSG00000223229	0	0	0
ENSG00000285698	0	0	0
ENSG00000228035	0	0	0
ENSG00000287103	0	0	0
ENSG00000226973	0	0	0
ENSG00000274468	0	0	0
ENSG00000130764	207	111	120
ENSG00000266075	0	0	0
ENSG00000272153	14	20	18
ENSG00000230026	0	0	0
ENSG00000285177	0	0	1
ENSG00000284770	26	53	51
ENSG00000229795	0	0	0
ENSG00000238236	0	0	0
ENSG00000235638	0	0	0
ENSG00000231199	0	0	0
ENSG00000226663	0	0	0
ENSG00000231582	0	0	0
ENSG00000232714	0	0	0
ENSG00000235761	0	0	0
ENSG00000270710	0	0	0
ENSG00000227236	0	0	0
ENSG00000198837	510	252	278
ENSG00000160741	292	142	150
ENSG00000276584	0	0	0
ENSG00000282386	7	2	5
ENSG00000273026	5	1	4
ENSG00000143578	35	17	23
ENSG00000143543	104	18	89
ENSG00000285641	0	5	5
ENSG00000143545	185	75	110
ENSG00000177954	3539	1808	1731
ENSG00000231416	0	0	0
ENSG00000200220	0	0	0
ENSG00000231837	0	0	0
ENSG00000263987	0	0	0
ENSG00000162642	181	69	112
ENSG00000223254	5	2	3
ENSG00000223653	11	6	16
ENSG00000116198	239	119	120
ENSG00000169598	87	43	44
ENSG00000226653	0	0	0
ENSG00000207209	0	0	0
ENSG00000272443	0	0	0
ENSG00000272480	0	0	0
ENSG00000288626	0	0	0
ENSG00000162836	84	44	40
ENSG00000207080	0	0	0
ENSG00000231791	0	0	0
ENSG00000244568	0	0	0
ENSG00000271387	0	0	0
ENSG00000116667	160	85	75
ENSG00000230470	1	0	1
ENSG00000232036	0	0	0
ENSG00000285847	5	4	1
ENSG00000286378	0	0	0
ENSG00000215381	0	0	0
ENSG00000261326	27	6	21
ENSG00000284726	0	0	0
ENSG00000125945	92	53	44
ENSG00000201405	0	0	0
ENSG00000271420	0	0	0
ENSG00000204219	32	13	19
ENSG00000232482	0	0	0
ENSG00000285779	0	0	0
ENSG00000162885	161	167	142
ENSG00000270780	0	0	0
ENSG00000232895	0	0	0
ENSG00000273698	0	0	0
ENSG00000273112	3	1	2
ENSG00000173110	255	116	139
ENSG00000224203	0	0	0
ENSG00000224515	0	0	0
ENSG00000225217	99	35	64
ENSG00000231586	0	0	0
ENSG00000234211	0	5	11
ENSG00000213075	1	1	0
ENSG00000143125	1	1	0
ENSG00000270380	0	0	0
ENSG00000282887	0	0	0
ENSG00000283999	0	0	0
ENSG00000240194	0	0	0
ENSG00000235407	0	0	0
ENSG00000143105	0	0	0
ENSG00000199710	0	0	0
ENSG00000237415	0	0	0
ENSG00000232791	0	0	0
ENSG00000177301	58	29	29
ENSG00000226828	1	0	1
ENSG00000279774	0	0	0
ENSG00000229960	0	0	0
ENSG00000286486	0	0	0
ENSG00000244066	0	0	0
ENSG00000237759	0	0	0
ENSG00000287531	0	0	0
ENSG00000225855	73	175	158
ENSG00000283701	0	0	0
ENSG00000207134	0	0	0
ENSG00000227773	1	1	0
ENSG00000207144	1	1	0
ENSG00000237872	0	0	0
ENSG00000271267	2	2	0
ENSG00000225082	0	0	0
ENSG00000223503	0	0	0
ENSG00000232519	3	0	3
ENSG00000160752	244	250	252
ENSG00000121957	36	129	137
ENSG00000235089	1	1	0
ENSG00000285179	0	0	0
ENSG00000223026	0	0	0
ENSG00000225721	0	4	180
ENSG00000188396	18	37	8
ENSG00000202167	0	0	0
ENSG00000207349	0	0	0
ENSG00000252826	0	0	0
ENSG00000206737	0	0	0
ENSG00000223779	0	0	0
ENSG00000242352	0	0	0
ENSG00000270962	0	0	0
ENSG00000263590	0	0	0
ENSG00000252105	0	0	0
ENSG00000233430	0	0	0
ENSG00000237503	0	0	0
ENSG00000265531	15	4	11
ENSG00000234571	3	2	1
ENSG00000230186	0	1	1
ENSG00000268074	0	0	0
ENSG00000270872	1	0	1
ENSG00000276674	0	0	0
ENSG00000082482	21	11	10
ENSG00000116747	228	141	157
ENSG00000118729	25	12	13
ENSG00000134207	0	0	0
ENSG00000163467	1	1	1
ENSG00000243710	3	3	0
ENSG00000117395	170	91	79
ENSG00000116874	49	26	28
ENSG00000065600	76	42	34
ENSG00000009780	94	44	50
ENSG00000023572	134	98	96
ENSG00000077254	458	245	213
ENSG00000134644	584	314	270
ENSG00000215788	134	91	57
ENSG00000117834	9	5	4
ENSG00000117625	322	154	168
ENSG00000179902	0	0	0
ENSG00000020633	178	89	89
ENSG00000121766	122	75	78
ENSG00000143157	281	150	131
ENSG00000162614	235	109	138
ENSG00000160781	26	8	18
ENSG00000143344	298	150	148
ENSG00000162613	658	333	325
ENSG00000116882	1	0	1
ENSG00000198758	6	3	3
ENSG00000117569	322	171	151
ENSG00000142856	75	43	41
ENSG00000158022	4	0	4
ENSG00000116396	90	46	44
ENSG00000058668	1087	518	569
ENSG00000163875	266	118	148
ENSG00000282872	0	0	0
ENSG00000131238	730	359	371
ENSG00000171680	118	74	44
ENSG00000244457	0	0	0
ENSG00000116977	390	377	320
ENSG00000229372	0	17	15
ENSG00000274975	0	0	0
ENSG00000229348	0	0	0
ENSG00000242485	250	144	135
ENSG00000264293	0	0	0
ENSG00000272455	4	2	2
ENSG00000225905	1	1	0
ENSG00000225285	3	3	0
ENSG00000179403	348	176	172
ENSG00000215915	28	15	13
ENSG00000236085	0	0	0
ENSG00000234441	0	0	0
ENSG00000227408	0	0	0
ENSG00000223635	0	0	0
ENSG00000135776	123	56	67
ENSG00000199672	0	0	0
ENSG00000201492	2	2	0
ENSG00000229367	0	0	0
ENSG00000135763	78	42	36
ENSG00000213028	0	0	0
ENSG00000225984	0	0	0
ENSG00000178828	0	0	0
ENSG00000235434	0	0	0
ENSG00000169914	141	72	69
ENSG00000188784	0	0	0
ENSG00000242688	0	0	0
ENSG00000177186	0	0	0
ENSG00000177174	0	0	0
ENSG00000269956	11	48	31
ENSG00000162456	0	0	0
ENSG00000079277	422	239	251
ENSG00000117407	9	7	2
ENSG00000237950	10	5	5
ENSG00000117408	158	89	69
ENSG00000285649	0	1	2
ENSG00000117410	564	292	272
ENSG00000159214	16	14	5
ENSG00000196517	114	67	50
ENSG00000227163	0	0	0
ENSG00000271647	0	1	2
ENSG00000239560	0	0	0
ENSG00000196539	0	0	0
ENSG00000229255	0	0	0
ENSG00000203661	0	0	0
ENSG00000271934	0	0	0
ENSG00000224521	0	0	0
ENSG00000227102	0	0	0
ENSG00000183310	0	0	0
ENSG00000201602	0	0	0
ENSG00000271701	0	0	0
ENSG00000189181	0	0	0
ENSG00000187238	0	0	0
ENSG00000185962	0	0	0
ENSG00000226947	0	0	0
ENSG00000285753	0	0	0
ENSG00000187223	0	0	0
ENSG00000159455	0	0	0
ENSG00000187173	2	2	0
ENSG00000204501	0	0	0
ENSG00000228229	0	0	0
ENSG00000204481	0	0	0
ENSG00000204479	0	0	0
ENSG00000172031	11	7	4
ENSG00000233228	0	0	0
ENSG00000224678	0	0	0
ENSG00000233401	0	0	0
ENSG00000273487	1	0	1
ENSG00000226773	0	0	0
ENSG00000274481	0	0	0
ENSG00000228594	14	7	7
ENSG00000286989	1	0	1
ENSG00000272106	22	11	15
ENSG00000189409	2	1	1
ENSG00000272004	0	15	28
ENSG00000189339	563	311	295
ENSG00000269737	30	11	19
ENSG00000215914	1	1	0
ENSG00000008128	16	9	7
ENSG00000268575	16	18	6
ENSG00000227775	26	11	27
ENSG00000008130	495	259	236
ENSG00000078369	1612	783	829
ENSG00000178821	5	4	1
ENSG00000158477	0	0	0
ENSG00000230942	0	0	0
ENSG00000158481	17	8	9
ENSG00000158485	1	0	1
ENSG00000158488	2	2	0
ENSG00000186306	0	0	0
ENSG00000203758	0	0	0
ENSG00000236257	1	1	0
ENSG00000236656	0	0	0
ENSG00000198703	0	0	0
ENSG00000227445	0	0	0
ENSG00000231434	1	0	1
ENSG00000117505	432	221	215
ENSG00000229635	0	0	0
ENSG00000207379	0	0	0
ENSG00000212601	0	0	0
ENSG00000162889	1957	932	1026
ENSG00000224114	10	7	4
ENSG00000199349	0	0	0
ENSG00000162892	1068	780	767
ENSG00000162894	165	369	275
ENSG00000271680	6	3	3
ENSG00000226945	1	0	1
ENSG00000162896	128	70	58
ENSG00000162897	1	1	0
ENSG00000182795	4	2	2
ENSG00000198890	81	40	41
ENSG00000224550	0	0	0
ENSG00000142669	646	436	462
ENSG00000169442	154	139	126
ENSG00000225854	0	0	0
ENSG00000176083	2	2	0
ENSG00000229167	2	1	1
ENSG00000142910	385	189	196
ENSG00000162517	229	129	118
ENSG00000235790	3	17	17
ENSG00000264078	1	0	1
ENSG00000241745	0	0	0
ENSG00000228407	0	0	0
ENSG00000223429	0	0	0
ENSG00000224255	2	0	2
ENSG00000236004	0	0	0
ENSG00000237663	0	0	0
ENSG00000213735	0	0	0
ENSG00000272100	1	20	12
ENSG00000287078	1	1	0
ENSG00000224680	0	0	0
ENSG00000085840	20	11	9
ENSG00000283445	3	2	1
ENSG00000272226	1	1	0
ENSG00000231740	0	0	0
ENSG00000143751	169	81	88
ENSG00000272562	2	0	2
ENSG00000163041	237	144	93
ENSG00000225518	4	3	1
ENSG00000270598	0	0	0
ENSG00000182827	412	259	209
ENSG00000234478	1	30	27
ENSG00000223570	0	0	0
ENSG00000185155	43	14	29
ENSG00000236773	0	0	0
ENSG00000143753	516	243	273
ENSG00000201898	0	0	0
ENSG00000237101	2	11	6
ENSG00000143748	122	66	71
ENSG00000221406	0	0	0
ENSG00000229742	0	0	0
ENSG00000206887	0	0	0
ENSG00000143771	185	93	92
ENSG00000266618	1	0	1
ENSG00000229991	0	0	0
ENSG00000233384	0	0	0
ENSG00000234247	0	0	0
ENSG00000183682	75	43	46
ENSG00000237624	2	2	0
ENSG00000228060	6	72	94
ENSG00000201457	0	0	0
ENSG00000163909	207	90	117
ENSG00000225903	0	0	0
ENSG00000116983	0	0	0
ENSG00000225333	0	0	0
ENSG00000252413	0	0	0
ENSG00000090621	1178	686	652
ENSG00000236994	0	0	0
ENSG00000275406	0	0	0
ENSG00000270287	0	0	0
ENSG00000229965	0	0	0
ENSG00000223282	0	0	0
ENSG00000177770	0	0	0
ENSG00000287627	0	0	0
ENSG00000283933	0	0	0
ENSG00000143369	229	109	120
ENSG00000228126	0	0	0
ENSG00000237781	17	19	23
ENSG00000264553	3	3	0
ENSG00000277452	10	5	5
ENSG00000274963	8	5	3
ENSG00000253047	3	1	2
ENSG00000143420	623	305	318
ENSG00000276103	0	0	0
ENSG00000143457	164	80	84
ENSG00000143452	2	0	2
ENSG00000206931	0	0	0
ENSG00000236713	1	0	1
ENSG00000224690	0	0	0
ENSG00000203804	0	42	42
ENSG00000143384	13081	6601	6480
ENSG00000154342	0	0	0
ENSG00000276255	0	0	0
ENSG00000284163	0	0	0
ENSG00000143793	47	22	25
ENSG00000162910	119	64	55
ENSG00000224566	1	1	0
ENSG00000287895	0	0	0
ENSG00000280157	0	0	0
ENSG00000227625	0	0	0
ENSG00000198835	10	4	6
ENSG00000203684	2	2	0
ENSG00000181873	82	38	44
ENSG00000162913	4	1	4