N_unmapped	291542	291542	291542
N_multimapping	2146924	2146924	2146924
N_noFeature	2892348	11060229	10924749
N_ambiguous	1475171	386082	370769
ENSG00000160072	782	373	410
ENSG00000234396	0	0	0
ENSG00000225972	7	1	6
ENSG00000224315	2	1	1
ENSG00000198744	70	39	31
ENSG00000279928	0	0	0
ENSG00000228037	46	14	32
ENSG00000142611	92	47	45
ENSG00000225630	1789	928	861
ENSG00000284616	0	0	0
ENSG00000157911	140	290	334
ENSG00000269896	31	12	19
ENSG00000237973	286	117	204
ENSG00000228463	1	1	0
ENSG00000260972	0	0	0
ENSG00000157933	1289	637	652
ENSG00000224340	1	0	1
ENSG00000226545	1	0	1
ENSG00000268663	0	0	0
ENSG00000226374	0	0	0
ENSG00000229280	0	0	0
ENSG00000142655	133	72	110
ENSG00000232596	0	0	0
ENSG00000235054	0	0	0
ENSG00000232663	0	0	0
ENSG00000240409	0	0	0
ENSG00000229344	22	19	13
ENSG00000231510	0	0	0
ENSG00000149527	148	71	77
ENSG00000284739	0	0	0
ENSG00000171621	441	237	204
ENSG00000272235	6	1	5
ENSG00000284694	0	0	0
ENSG00000230021	3	17	26
ENSG00000287356	6	2	5
ENSG00000224387	0	0	0
ENSG00000285629	0	0	0
ENSG00000173673	0	0	0
ENSG00000142583	122	61	61
ENSG00000284674	0	0	0
ENSG00000272161	0	0	0
ENSG00000237094	33	25	8
ENSG00000224338	0	0	0
ENSG00000074800	9026	4529	4498
ENSG00000116786	797	474	419
ENSG00000287727	12	8	4
ENSG00000228423	0	0	0
ENSG00000286448	1	1	0
ENSG00000131686	1	1	1
ENSG00000229305	0	0	0
ENSG00000284703	0	0	0
ENSG00000226457	2	2	0
ENSG00000173614	238	121	117
ENSG00000248527	13475	6919	6556
ENSG00000215720	0	0	0
ENSG00000241326	0	0	0
ENSG00000233623	2	2	0
ENSG00000162592	2	13	11
ENSG00000116254	51	24	27
ENSG00000233645	0	0	0
ENSG00000204624	4	3	1
ENSG00000142606	23	106	98
ENSG00000235146	0	0	0
ENSG00000225931	8	4	4
ENSG00000171729	212	106	110
ENSG00000279457	23	8	15
ENSG00000162571	35	24	24
ENSG00000229393	4	3	1
ENSG00000037637	458	210	248
ENSG00000287586	1	0	1
ENSG00000159423	172	80	92
ENSG00000142599	1744	698	1046
ENSG00000227169	0	0	0
ENSG00000283356	0	0	0
ENSG00000011021	526	267	277
ENSG00000142615	2	1	1
ENSG00000215704	6	7	6
ENSG00000157916	1467	1000	951
ENSG00000157881	339	157	182
ENSG00000238290	3	2	1
ENSG00000225387	0	0	0
ENSG00000048707	1675	829	846
ENSG00000158748	6	2	4
ENSG00000225196	0	0	0
ENSG00000162444	17	8	9
ENSG00000279625	0	0	0
ENSG00000180758	177	78	99
ENSG00000184677	885	449	436
ENSG00000230679	0	1	0
ENSG00000270136	0	0	0
ENSG00000288398	54	29	25
ENSG00000224621	5	2	3
ENSG00000285833	0	0	0
ENSG00000131697	212	95	121
ENSG00000284692	0	0	0
ENSG00000284745	0	0	0
ENSG00000280222	2	2	0
ENSG00000227634	0	0	0
ENSG00000285945	0	0	0
ENSG00000229162	4	2	2
ENSG00000197921	48	20	29
ENSG00000233755	0	0	0
ENSG00000233929	5	0	5
ENSG00000271742	1	1	0
ENSG00000226396	20	10	10
ENSG00000169504	5954	2955	2999
ENSG00000234166	0	9	9
ENSG00000235282	0	0	0
ENSG00000055070	988	724	728
ENSG00000175087	320	171	149
ENSG00000157191	701	333	369
ENSG00000284699	0	0	0
ENSG00000230035	0	0	0
ENSG00000235185	0	0	0
ENSG00000225643	9	2	7
ENSG00000284666	0	0	0
ENSG00000228943	0	0	0
ENSG00000234397	1	0	1
ENSG00000284309	0	0	0
ENSG00000162511	1482	1336	1246
ENSG00000158014	3	1	2
ENSG00000204138	874	449	425
ENSG00000233419	0	0	0
ENSG00000235263	0	0	0
ENSG00000228176	0	0	0
ENSG00000231251	0	0	0
ENSG00000142675	247	124	123
ENSG00000197245	47	26	21
ENSG00000261025	0	0	0
ENSG00000116237	1213	584	696
ENSG00000130772	122	64	58
ENSG00000215899	0	0	0
ENSG00000271398	5	4	1
ENSG00000225011	0	0	0
ENSG00000235069	0	0	0
ENSG00000284676	0	0	0
ENSG00000237058	0	0	0
ENSG00000233399	2	0	2
ENSG00000090020	485	247	238
ENSG00000157978	865	436	429
ENSG00000226944	5	2	4
ENSG00000270282	0	0	0
ENSG00000130770	1064	607	944
ENSG00000229044	0	55	36
ENSG00000162512	946	498	448
ENSG00000158006	406	212	194
ENSG00000214812	0	0	0
ENSG00000126698	1017	524	493
ENSG00000229447	12	3	9
ENSG00000229607	0	0	0
ENSG00000130766	604	318	286
ENSG00000168528	951	481	470
ENSG00000196581	34	11	23
ENSG00000169403	231	120	111
ENSG00000084628	6	3	3
ENSG00000060688	497	251	246
ENSG00000171612	164	72	92
ENSG00000270927	0	0	0
ENSG00000188910	55	19	36
ENSG00000230523	2	0	2
ENSG00000116138	606	315	357
ENSG00000158161	654	340	314
ENSG00000142684	0	64	83
ENSG00000234619	1	0	1
ENSG00000121769	47	21	28
ENSG00000142627	751	366	385
ENSG00000284668	0	0	0
ENSG00000233234	0	0	0
ENSG00000142632	123	81	60
ENSG00000234593	0	0	0
ENSG00000158292	172	94	78
ENSG00000270605	91	45	49
ENSG00000189337	324	236	227
ENSG00000232912	7	3	4
ENSG00000235084	2	0	2
ENSG00000235143	0	0	0
ENSG00000225478	0	0	0
ENSG00000225077	4	28	19
ENSG00000028137	1072	516	556
ENSG00000238249	1	0	1
ENSG00000204464	1	1	0
ENSG00000233372	1	0	1
ENSG00000283259	0	0	0
ENSG00000284543	19	11	8
ENSG00000130939	739	350	389
ENSG00000175147	34	79	98
ENSG00000127472	10	8	2
ENSG00000060656	114	51	63
ENSG00000163867	291	141	150
ENSG00000232768	2	1	1
ENSG00000230214	0	0	0
ENSG00000189280	0	0	0
ENSG00000134698	636	282	354
ENSG00000134690	362	180	182
ENSG00000272420	8	5	3
ENSG00000132881	20	11	9
ENSG00000273274	0	0	0
ENSG00000116251	1767	824	961
ENSG00000272510	2	7	14
ENSG00000158286	315	185	174
ENSG00000236648	0	0	0
ENSG00000232273	4	2	2
ENSG00000009709	0	0	0
ENSG00000287396	0	0	0
ENSG00000223589	0	0	0
ENSG00000158008	6	0	6
ENSG00000130940	386	275	279
ENSG00000116771	377	228	196
ENSG00000237301	2	0	2
ENSG00000162585	277	184	215
ENSG00000163879	71	40	40
ENSG00000227527	3	2	1
ENSG00000116954	244	102	142
ENSG00000228589	20	18	2
ENSG00000163873	164	79	85
ENSG00000117215	44	21	23
ENSG00000196449	251	136	152
ENSG00000230163	0	17	24
ENSG00000227538	0	0	0
ENSG00000232208	0	0	0
ENSG00000236500	0	0	0
ENSG00000044012	8	6	2
ENSG00000179051	1880	1088	1083
ENSG00000215895	5	1	4
ENSG00000231868	1	1	0
ENSG00000284650	0	0	0
ENSG00000237329	2	0	2
ENSG00000236948	0	0	0
ENSG00000126067	1202	573	629
ENSG00000274944	0	0	0
ENSG00000132906	185	78	114
ENSG00000197312	1352	691	661
ENSG00000284748	0	0	0
ENSG00000272078	48	111	105
ENSG00000173660	2312	967	1345
ENSG00000224592	0	0	0
ENSG00000233728	0	29	28
ENSG00000230451	0	0	0
ENSG00000231606	1	0	1
ENSG00000215900	0	0	0
ENSG00000284632	0	0	0
ENSG00000241014	8	3	5
ENSG00000054118	2435	1198	1237
ENSG00000254553	0	0	0
ENSG00000284653	0	0	0
ENSG00000237749	1	0	1
ENSG00000276747	0	0	0
ENSG00000284705	0	0	0
ENSG00000228776	0	0	0
ENSG00000159339	14	10	4
ENSG00000223814	0	0	0
ENSG00000197982	218	72	183
ENSG00000261781	0	0	0
ENSG00000183317	483	234	249
ENSG00000183386	209	105	104
ENSG00000284743	0	0	0
ENSG00000158315	101	52	74
ENSG00000204084	535	313	307
ENSG00000186973	4	1	3
ENSG00000271806	9	14	11
ENSG00000146463	945	499	508
ENSG00000279214	1	0	1
ENSG00000183520	423	196	227
ENSG00000271741	0	0	0
ENSG00000214141	0	0	0
ENSG00000142686	202	85	117
ENSG00000224751	1	0	1
ENSG00000279096	0	0	0
ENSG00000117148	1	1	0
ENSG00000230585	3	3	3
ENSG00000117000	781	402	379
ENSG00000284989	0	0	0
ENSG00000231630	0	0	0
ENSG00000092853	166	91	89
ENSG00000255811	0	0	0
ENSG00000134697	972	466	515
ENSG00000187513	103	44	59
ENSG00000238145	0	0	0
ENSG00000225142	0	0	0
ENSG00000230138	5	4	1
ENSG00000223390	0	23	19
ENSG00000285823	0	0	0
ENSG00000284720	0	0	0
ENSG00000225028	5	1	4
ENSG00000225671	0	0	0
ENSG00000116151	78	34	45
ENSG00000226147	0	0	0
ENSG00000182873	56	34	24
ENSG00000006555	267	130	137
ENSG00000236111	0	0	0
ENSG00000066056	296	140	156
ENSG00000214114	342	166	176
ENSG00000173436	246	58	195
ENSG00000116544	8	4	4
ENSG00000231900	0	0	0
ENSG00000236723	3	174	168
ENSG00000232467	0	0	0
ENSG00000117016	141	75	66
ENSG00000121310	1192	557	635
ENSG00000169213	299	124	175
ENSG00000163866	635	312	364
ENSG00000225779	1	0	1
ENSG00000284601	0	0	0
ENSG00000237130	0	0	0
ENSG00000143001	19	16	23
ENSG00000229716	0	0	0
ENSG00000226133	2	1	1
ENSG00000227416	0	0	0
ENSG00000232335	0	6	8
ENSG00000260971	7	3	4
ENSG00000259832	0	0	0
ENSG00000284696	0	0	0
ENSG00000238242	0	0	0
ENSG00000285839	0	0	0
ENSG00000237290	0	0	0
ENSG00000232762	1	0	1
ENSG00000117419	383	203	180
ENSG00000162384	419	254	205
ENSG00000162391	21	44	48
ENSG00000174348	325	227	169
ENSG00000154198	0	0	0
ENSG00000117859	970	510	469
ENSG00000228121	0	0	0
ENSG00000253313	256	131	125
ENSG00000162396	106	56	50
ENSG00000203995	7	2	6
ENSG00000227742	5	4	1
ENSG00000284686	6	2	4
ENSG00000162378	562	269	293
ENSG00000233079	0	0	0
ENSG00000259818	2	1	1
ENSG00000229444	0	1	0
ENSG00000240563	1525	707	818
ENSG00000234318	1	1	0
ENSG00000284773	17	10	7
ENSG00000234481	0	0	0
ENSG00000117862	108	72	36
ENSG00000235612	0	0	0
ENSG00000228369	4	4	0
ENSG00000183431	1211	592	619
ENSG00000227485	0	0	0
ENSG00000224609	15	7	9
ENSG00000235545	10	5	5
ENSG00000236646	1	1	0
ENSG00000169174	50	25	25
ENSG00000232198	0	0	0
ENSG00000238063	2	1	1
ENSG00000227104	0	0	0
ENSG00000243725	37	28	9
ENSG00000171872	1	1	0
ENSG00000162407	1692	848	844
ENSG00000285079	0	0	0
ENSG00000169218	8	4	4
ENSG00000163877	322	165	157
ENSG00000228929	13	7	6
ENSG00000224570	0	0	0
ENSG00000224980	0	0	0
ENSG00000278967	0	0	0
ENSG00000157184	317	338	358
ENSG00000272491	5	6	3
ENSG00000198815	1493	719	774
ENSG00000134744	992	479	513
ENSG00000233910	0	0	0
ENSG00000287703	0	0	0
ENSG00000283039	0	0	0
ENSG00000229032	0	0	0
ENSG00000229294	0	0	0
ENSG00000232993	0	35	29
ENSG00000234088	0	0	0
ENSG00000236973	0	0	0
ENSG00000227947	3	2	1
ENSG00000277397	0	0	0
ENSG00000271200	1	0	1
ENSG00000235446	0	0	0
ENSG00000261196	0	0	0
ENSG00000162385	456	194	262
ENSG00000231413	0	0	0
ENSG00000234264	2	2	0
ENSG00000242391	0	1	0
ENSG00000223883	0	0	0
ENSG00000284808	0	0	0
ENSG00000242267	2	1	1
ENSG00000237227	1	0	1
ENSG00000275350	0	0	0
ENSG00000116652	7	4	5
ENSG00000123080	204	101	106
ENSG00000285778	0	0	0
ENSG00000077549	3134	1584	1557
ENSG00000233407	0	0	0
ENSG00000225675	0	0	0
ENSG00000237622	0	0	0
ENSG00000162598	0	0	0
ENSG00000280317	0	0	0
ENSG00000162415	117	69	50
ENSG00000162600	260	127	133
ENSG00000116704	770	412	358
ENSG00000227644	0	4	3
ENSG00000157193	338	225	191
ENSG00000116205	323	160	174
ENSG00000198841	64	22	42
ENSG00000116212	284	138	146
ENSG00000234204	0	0	0
ENSG00000233099	0	0	0
ENSG00000233994	5	4	1
ENSG00000237180	0	0	0
ENSG00000213561	4	3	1
ENSG00000233973	0	0	0
ENSG00000237552	0	0	0
ENSG00000132854	24	10	14
ENSG00000227556	0	0	0
ENSG00000162616	767	396	371
ENSG00000162607	986	460	526
ENSG00000233602	6	4	2
ENSG00000233271	0	11	9
ENSG00000285954	2	0	2
ENSG00000233333	5	0	5
ENSG00000154027	46	30	16
ENSG00000234108	0	0	0
ENSG00000232676	0	0	0
ENSG00000225167	0	0	0
ENSG00000132122	164	85	79
ENSG00000213579	0	0	0
ENSG00000137960	500	246	254
ENSG00000237852	1	1	0
ENSG00000116745	2	0	2
ENSG00000132855	4	0	4
ENSG00000285407	0	0	0
ENSG00000272855	0	0	0
ENSG00000270549	0	0	0
ENSG00000237163	0	0	0
ENSG00000229636	0	0	0
ENSG00000116675	94	51	43
ENSG00000162433	417	197	220
ENSG00000213625	1293	587	706
ENSG00000227207	0	0	0
ENSG00000227016	0	0	0
ENSG00000233664	0	0	0
ENSG00000158966	203	99	104
ENSG00000213703	0	0	0
ENSG00000203965	84	39	47
ENSG00000223479	0	0	0
ENSG00000233674	0	0	0
ENSG00000153898	382	199	183
ENSG00000117069	91	47	44
ENSG00000125703	211	92	119
ENSG00000285041	0	0	0
ENSG00000285808	0	0	0
ENSG00000229440	0	0	0
ENSG00000234144	0	0	0
ENSG00000213540	0	0	0
ENSG00000277670	0	0	0
ENSG00000227466	0	0	0
ENSG00000154007	0	0	0
ENSG00000230498	1	0	1
ENSG00000285782	0	0	0
ENSG00000162618	612	288	324
ENSG00000224493	0	0	0
ENSG00000131233	0	0	0
ENSG00000272371	0	0	0
ENSG00000287647	0	0	0
ENSG00000229225	0	0	0
ENSG00000230863	0	0	0
ENSG00000213560	2	1	1
ENSG00000287224	0	0	0
ENSG00000225598	0	0	0
ENSG00000286455	0	0	0
ENSG00000225087	0	0	0
ENSG00000224986	1	0	1
ENSG00000280378	6	3	3
ENSG00000188786	492	256	236
ENSG00000230053	0	0	0
ENSG00000137941	294	148	146
ENSG00000273338	18	9	9
ENSG00000223720	0	0	0
ENSG00000224326	0	0	0
ENSG00000286548	1	0	1
ENSG00000066135	234	184	151
ENSG00000230027	0	0	0
ENSG00000233061	1	1	0
ENSG00000272094	1	0	1
ENSG00000228853	0	0	0
ENSG00000215874	0	0	0
ENSG00000232453	10	5	5
ENSG00000260386	0	0	0
ENSG00000284895	0	0	0
ENSG00000117174	411	195	216
ENSG00000237413	3	1	2
ENSG00000184313	39	23	16
ENSG00000284645	0	0	0
ENSG00000225605	0	0	0
ENSG00000225446	1	1	0
ENSG00000288543	2	1	1
ENSG00000122420	330	153	177
ENSG00000284240	0	0	0
ENSG00000236290	0	0	0
ENSG00000143013	956	454	502
ENSG00000226084	6	1	5
ENSG00000134748	832	384	448
ENSG00000142892	381	174	207
ENSG00000219102	4	3	1
ENSG00000184005	128	59	69
ENSG00000230953	13	9	4
ENSG00000287743	7	2	5
ENSG00000229332	0	0	0
ENSG00000227937	0	0	0
ENSG00000229752	0	0	0
ENSG00000237505	4	3	1
ENSG00000285462	0	0	0
ENSG00000233216	1	0	1
ENSG00000197273	74	46	28
ENSG00000226804	0	0	0
ENSG00000285325	0	0	0
ENSG00000230728	3	1	2
ENSG00000162402	1428	712	716
ENSG00000232846	0	0	0
ENSG00000219201	5	3	2
ENSG00000230787	0	0	0
ENSG00000116641	811	412	399
ENSG00000235927	7	16	10
ENSG00000223920	0	0	0
ENSG00000237453	2	1	1
ENSG00000172260	531	244	288
ENSG00000285473	0	0	0
ENSG00000237959	0	0	0
ENSG00000231364	0	0	0
ENSG00000234578	0	1	1
ENSG00000117480	558	277	281
ENSG00000137944	503	220	283
ENSG00000229505	0	0	0
ENSG00000228187	0	0	0
ENSG00000285201	0	0	0
ENSG00000182183	31	16	15
ENSG00000236407	0	0	0
ENSG00000271949	0	0	0
ENSG00000227062	0	0	0
ENSG00000067334	945	460	485
ENSG00000235011	0	0	0
ENSG00000235673	0	0	0
ENSG00000226938	0	0	0
ENSG00000213559	0	0	0
ENSG00000287587	0	0	0
ENSG00000142949	4072	1992	2080
ENSG00000116133	767	425	440
ENSG00000232882	3	2	1
ENSG00000171502	324	155	169
ENSG00000162399	1	1	0
ENSG00000116157	61	30	31
ENSG00000143036	435	192	243
ENSG00000232672	0	0	0
ENSG00000230817	0	0	0
ENSG00000235613	0	0	0
ENSG00000065243	980	488	492
ENSG00000226759	0	0	0
ENSG00000226960	0	0	0
ENSG00000234080	0	0	0
ENSG00000237899	1	1	0
ENSG00000225492	15	8	7
ENSG00000223905	0	0	0
ENSG00000227290	3	0	3
ENSG00000229486	0	0	0
ENSG00000282898	0	0	0
ENSG00000285409	0	0	0
ENSG00000231090	3	2	1
ENSG00000117528	1339	650	689
ENSG00000271723	1	0	1
ENSG00000172339	164	71	93
ENSG00000036549	600	307	293
ENSG00000287724	0	29	22
ENSG00000058799	401	218	183
ENSG00000225191	0	0	0
ENSG00000287870	0	0	0
ENSG00000235563	0	0	1
ENSG00000232048	0	0	0
ENSG00000232857	0	0	0
ENSG00000273637	0	0	0
ENSG00000203985	1	0	1
ENSG00000228838	2	4	4
ENSG00000283761	11	7	4
ENSG00000189433	0	0	0
ENSG00000230759	0	0	0
ENSG00000231866	0	0	0
ENSG00000179178	213	126	89
ENSG00000142700	0	0	0
ENSG00000285525	0	0	0
ENSG00000236098	0	0	0
ENSG00000233514	0	0	0
ENSG00000127124	203	119	86
ENSG00000266993	27	32	20
ENSG00000223675	3	1	2
ENSG00000162604	295	136	159
ENSG00000229316	0	0	0
ENSG00000116171	2039	974	1067
ENSG00000287406	2	2	0
ENSG00000225767	2	1	1
ENSG00000234099	0	0	0
ENSG00000137936	373	194	201
ENSG00000235308	2	0	2
ENSG00000232752	1	1	0
ENSG00000235829	2	1	1
ENSG00000143032	0	0	0
ENSG00000226745	0	0	0
ENSG00000178028	673	340	333
ENSG00000280040	2	0	2
ENSG00000168710	2433	1278	1155
ENSG00000117519	4443	2163	2280
ENSG00000270507	0	0	0
ENSG00000238037	0	0	0
ENSG00000215869	0	0	0
ENSG00000134215	726	335	391
ENSG00000227935	0	0	0
ENSG00000229887	0	0	0
ENSG00000228502	4	2	2
ENSG00000236268	0	0	0
ENSG00000271277	0	0	0
ENSG00000236888	0	0	0
ENSG00000279778	0	0	0
ENSG00000232015	0	0	0
ENSG00000230955	0	53	32
ENSG00000230828	0	0	0
ENSG00000188641	460	238	241
ENSG00000152078	408	199	209
ENSG00000237279	0	0	0
ENSG00000233359	0	0	0
ENSG00000237954	0	0	0
ENSG00000185668	4	4	0
ENSG00000171492	399	213	186
ENSG00000233129	0	0	0
ENSG00000170989	837	421	416
ENSG00000258634	82	59	65
ENSG00000233557	0	0	0
ENSG00000237897	0	0	0
ENSG00000116299	1634	834	801
ENSG00000137962	588	284	304
ENSG00000227832	0	0	0
ENSG00000286692	0	0	0
ENSG00000260464	6	2	4
ENSG00000237435	0	0	0
ENSG00000231996	0	0	0
ENSG00000273204	3	4	6
ENSG00000079739	912	495	500
ENSG00000117154	4	2	2
ENSG00000162377	447	226	221
ENSG00000224613	1	0	1
ENSG00000215871	0	0	0
ENSG00000287372	0	0	0
ENSG00000232542	0	0	0
ENSG00000231095	0	0	0
ENSG00000116774	323	146	177
ENSG00000287756	2	0	2
ENSG00000269113	120	60	60
ENSG00000284652	3	3	0
ENSG00000023909	541	247	294
ENSG00000069702	880	454	426
ENSG00000232185	1	0	1
ENSG00000230489	3	2	1
ENSG00000228399	2	2	0
ENSG00000236776	3	1	2
ENSG00000285928	19	7	12
ENSG00000224685	0	0	0
ENSG00000287076	0	0	0
ENSG00000237480	0	0	0
ENSG00000271252	0	0	0
ENSG00000230427	1	1	0
ENSG00000235794	0	0	0
ENSG00000286758	0	0	0
ENSG00000237337	0	0	0
ENSG00000233983	0	0	0
ENSG00000198198	1252	1066	1005
ENSG00000225183	0	0	0
ENSG00000230402	0	0	0
ENSG00000116793	377	176	201
ENSG00000134201	53	29	24
ENSG00000238122	0	0	0
ENSG00000260879	0	26	43
ENSG00000213366	906	480	426
ENSG00000230864	0	0	0
ENSG00000283354	0	0	0
ENSG00000232918	0	0	0
ENSG00000236360	0	2	0
ENSG00000183298	0	0	1
ENSG00000234332	3	0	3
ENSG00000117525	3178	1596	1582
ENSG00000225079	6	4	2
ENSG00000226483	0	0	0
ENSG00000224238	1	0	1
ENSG00000229537	0	0	0
ENSG00000162699	0	0	0
ENSG00000162692	621	326	295
ENSG00000203914	1	1	0
ENSG00000270457	3	0	3
ENSG00000203858	0	0	0
ENSG00000231987	0	0	0
ENSG00000228057	9	7	2
ENSG00000261593	0	0	0
ENSG00000224445	0	0	0
ENSG00000229842	0	0	0
ENSG00000270631	0	0	0
ENSG00000229201	0	0	0
ENSG00000181656	4	3	1
ENSG00000122481	44	24	20
ENSG00000198162	969	489	480
ENSG00000238198	16	7	9
ENSG00000171517	26	11	15
ENSG00000228852	3	2	1
ENSG00000203864	0	0	0
ENSG00000233482	0	0	0
ENSG00000230250	0	0	0
ENSG00000232878	1	6	14
ENSG00000143079	1013	495	518
ENSG00000232450	19	8	11
ENSG00000223575	1	1	0
ENSG00000230768	0	0	0
ENSG00000235202	0	0	0
ENSG00000272715	0	0	0
ENSG00000235038	0	0	0
ENSG00000143093	483	248	235
ENSG00000226415	10	3	7
ENSG00000085491	883	460	497
ENSG00000173947	3	1	2
ENSG00000241361	2	0	2
ENSG00000230434	0	0	0
ENSG00000230718	0	0	0
ENSG00000134198	459	240	219
ENSG00000235595	0	0	0
ENSG00000226053	0	0	0
ENSG00000226128	2	2	0
ENSG00000198799	655	359	362
ENSG00000279513	2	1	1
ENSG00000117620	1215	572	655
ENSG00000280186	1	0	1
ENSG00000223906	0	0	0
ENSG00000162688	379	184	195
ENSG00000197106	16	9	8
ENSG00000259946	2	0	2
ENSG00000236137	5	13	15
ENSG00000203859	1	0	1
ENSG00000228086	0	9	9
ENSG00000213421	0	0	0
ENSG00000234020	1	1	0
ENSG00000060718	12	5	7
ENSG00000236804	0	0	0
ENSG00000231072	0	0	0
ENSG00000273406	0	0	0
ENSG00000185946	305	151	154
ENSG00000162627	383	174	209
ENSG00000226715	0	1	0
ENSG00000162695	813	371	442
ENSG00000134184	0	0	4
ENSG00000265808	949	460	489
ENSG00000261290	0	0	0
ENSG00000225923	0	0	0
ENSG00000134247	1251	588	663
ENSG00000187481	0	0	0
ENSG00000116752	421	196	225
ENSG00000162664	689	330	359
ENSG00000236866	5	3	2
ENSG00000134253	60	31	29
ENSG00000277655	0	0	0
ENSG00000223416	0	0	0
ENSG00000213226	0	0	0
ENSG00000179571	3	2	1
ENSG00000227850	1	0	1
ENSG00000243967	0	0	0
ENSG00000235777	0	0	0
ENSG00000260246	0	4	0
ENSG00000173218	456	217	239
ENSG00000285532	0	0	0
ENSG00000226755	0	0	0
ENSG00000232650	0	0	0
ENSG00000183508	6798	3236	3562
ENSG00000277095	0	0	0
ENSG00000236806	1	0	1
ENSG00000234283	1	0	1
ENSG00000237188	2	1	1
ENSG00000232780	0	0	0
ENSG00000274927	0	0	0
ENSG00000264145	0	0	0
ENSG00000238256	1	1	0
ENSG00000198765	0	0	0
ENSG00000224335	0	0	0
ENSG00000277702	0	0	0
ENSG00000143398	1327	661	666
ENSG00000196505	317	167	150
ENSG00000225871	11	5	12
ENSG00000223489	0	0	0
ENSG00000230546	0	0	0
ENSG00000213262	19	6	13
ENSG00000287015	0	0	0
ENSG00000241720	3	25	16
ENSG00000235526	0	0	0
ENSG00000228347	0	0	0
ENSG00000276975	8	5	3
ENSG00000236012	0	0	0
ENSG00000270911	1	0	1
ENSG00000272824	4	0	4
ENSG00000134200	1	1	0
ENSG00000234257	0	0	0
ENSG00000065183	704	349	403
ENSG00000227082	7	2	6
ENSG00000228626	0	0	0
ENSG00000226126	0	0	0
ENSG00000163393	151	70	81
ENSG00000163156	192	101	93
ENSG00000143631	6	1	6
ENSG00000156150	0	22	20
ENSG00000228453	0	0	0
ENSG00000274642	1	1	0
ENSG00000177551	4	1	3
ENSG00000197323	841	416	425
ENSG00000237975	10	5	6
ENSG00000261168	2	0	2
ENSG00000287980	0	0	0
ENSG00000229283	0	0	0
ENSG00000271419	0	0	0
ENSG00000226172	0	0	0
ENSG00000079335	171	94	95
ENSG00000143119	1535	761	774
ENSG00000237278	0	29	37
ENSG00000285062	0	0	0
ENSG00000233432	0	0	0
ENSG00000227700	0	0	0
ENSG00000229911	0	0	0
ENSG00000143520	1	1	0
ENSG00000171943	84	38	46
ENSG00000270719	0	0	0
ENSG00000155761	8	31	25
ENSG00000230806	0	1	0
ENSG00000116830	620	302	318
ENSG00000234422	0	0	0
ENSG00000227056	0	0	0
ENSG00000143614	764	407	357
ENSG00000227091	0	1	0
ENSG00000169418	133	77	56
ENSG00000214204	0	0	0
ENSG00000081026	431	214	217
ENSG00000225650	0	0	0
ENSG00000227179	0	0	0
ENSG00000224965	4	0	4
ENSG00000228127	0	0	0
ENSG00000226984	0	0	0
ENSG00000186150	0	0	0
ENSG00000143554	252	114	138
ENSG00000143458	622	298	324
ENSG00000230932	0	0	0
ENSG00000073754	6	3	3
ENSG00000228826	0	0	0
ENSG00000233907	0	0	0
ENSG00000225036	0	0	0
ENSG00000228420	0	0	0
ENSG00000233839	0	0	0
ENSG00000250890	0	0	0
ENSG00000232240	0	0	0
ENSG00000280649	7	5	5
ENSG00000131781	177	90	96
ENSG00000223599	7	5	2
ENSG00000230921	0	0	0
ENSG00000286151	0	0	0
ENSG00000234388	0	0	0
ENSG00000235015	0	0	0
ENSG00000271736	0	0	0
ENSG00000235988	0	0	0
ENSG00000233717	0	0	0
ENSG00000231551	49	30	19
ENSG00000227295	3	3	0
ENSG00000163155	93	47	47
ENSG00000243613	0	19	17
ENSG00000241975	2	1	1
ENSG00000271143	0	0	0
ENSG00000270976	0	0	0
ENSG00000228217	0	0	0
ENSG00000270342	0	0	0
ENSG00000143552	18	9	9
ENSG00000175984	118	58	60
ENSG00000231100	0	0	0
ENSG00000116824	374	201	173
ENSG00000235887	0	0	0
ENSG00000237460	0	0	0
ENSG00000236327	0	0	0
ENSG00000223804	7	5	2
ENSG00000236887	0	0	0
ENSG00000024526	197	94	127
ENSG00000236480	0	0	0
ENSG00000235756	0	0	0
ENSG00000173810	0	0	0
ENSG00000235005	0	0	0
ENSG00000271890	0	0	0
ENSG00000238107	1	1	0
ENSG00000227425	0	0	0
ENSG00000233222	1	6	11
ENSG00000225279	2	1	1
ENSG00000229101	0	0	0
ENSG00000224927	0	0	0
ENSG00000239216	0	0	0
ENSG00000283360	1	0	1
ENSG00000117262	63	33	30
ENSG00000227907	11	4	7
ENSG00000143624	1312	681	722
ENSG00000227970	0	0	0
ENSG00000261055	0	0	0
ENSG00000231613	5	2	3
ENSG00000137947	430	196	234
ENSG00000236689	0	0	0
ENSG00000233589	0	14	10
ENSG00000117586	74	36	38
ENSG00000230946	2	1	1
ENSG00000226028	0	0	0
ENSG00000162728	10	6	4
ENSG00000229021	1	1	0
ENSG00000203825	0	0	0
ENSG00000184371	2166	1106	1060
ENSG00000233449	0	0	0
ENSG00000242943	0	0	0
ENSG00000233203	1	1	0
ENSG00000232499	4	1	3
ENSG00000232265	1	1	0
ENSG00000163154	49	23	27
ENSG00000232995	7	3	4
ENSG00000236957	0	0	0
ENSG00000238087	0	0	0
ENSG00000227777	2	2	0
ENSG00000177173	6	3	3
ENSG00000277406	26	10	16
ENSG00000238022	0	0	0
ENSG00000231671	0	0	0
ENSG00000162729	601	293	308
ENSG00000143158	759	387	619
ENSG00000271092	4	1	3
ENSG00000238118	0	0	0
ENSG00000276118	0	0	0
ENSG00000232148	0	0	0
ENSG00000278811	23	25	43
ENSG00000000460	130	140	139
ENSG00000188859	30	12	19
ENSG00000275075	0	0	0
ENSG00000135862	5734	2852	2882
ENSG00000232952	1	0	1
ENSG00000158473	254	122	132
ENSG00000227722	1	1	0
ENSG00000285922	0	0	0
ENSG00000275801	1	1	0
ENSG00000143198	1371	641	730
ENSG00000143318	7	4	3
ENSG00000232188	0	0	0
ENSG00000232212	0	0	0
ENSG00000143621	2331	1150	1183
ENSG00000241042	0	0	0
ENSG00000143155	563	299	264
ENSG00000260322	0	0	0
ENSG00000223495	0	0	0
ENSG00000143156	111	256	121
ENSG00000198771	824	438	410
ENSG00000225462	2	0	2
ENSG00000237756	2	2	0
ENSG00000116147	27	16	13
ENSG00000213064	1198	689	649
ENSG00000203307	1	0	1
ENSG00000143179	407	273	290
ENSG00000271187	0	0	0
ENSG00000274562	0	0	0
ENSG00000143315	384	200	185
ENSG00000116199	966	452	514
ENSG00000231175	0	0	0
ENSG00000143185	21	9	12
ENSG00000235145	3	2	1
ENSG00000116260	2684	1368	1316
ENSG00000272931	6	4	2
ENSG00000143190	441	253	246
ENSG00000225475	0	0	0
ENSG00000230898	1	0	1
ENSG00000232223	0	0	0
ENSG00000224698	0	0	0
ENSG00000287697	1	0	5
ENSG00000075945	650	338	338
ENSG00000235303	0	0	0
ENSG00000234810	8	3	5
ENSG00000232750	2	2	0
ENSG00000224468	31	17	14
ENSG00000235628	0	0	0
ENSG00000232551	0	0	0
ENSG00000092607	4	2	2
ENSG00000238270	0	0	0
ENSG00000285894	0	0	0
ENSG00000236025	0	0	0
ENSG00000230687	0	0	0
ENSG00000230704	0	0	0
ENSG00000283255	0	0	0
ENSG00000227741	19	84	71
ENSG00000237049	0	0	0
ENSG00000286754	1	0	1
ENSG00000232751	1	0	1
ENSG00000236364	24	74	84
ENSG00000117091	490	437	453
ENSG00000235378	1	0	1
ENSG00000143171	18	6	12
ENSG00000275767	0	0	0
ENSG00000224718	0	0	0
ENSG00000047410	2279	1189	1201
ENSG00000231992	2	2	0
ENSG00000018625	151	79	72
ENSG00000171806	51	24	30
ENSG00000287919	0	0	0
ENSG00000229914	0	0	0
ENSG00000233882	0	0	0
ENSG00000198358	1	2	0
ENSG00000229407	3	1	3
ENSG00000134216	1	1	0
ENSG00000230748	0	0	0
ENSG00000254154	7	6	1
ENSG00000162694	394	209	192
ENSG00000238108	0	0	0
ENSG00000214262	0	77	63
ENSG00000183853	909	474	435
ENSG00000215835	3	0	3
ENSG00000118197	243	116	130
ENSG00000135842	1290	637	653
ENSG00000229258	0	0	1
ENSG00000287472	0	0	0
ENSG00000241318	0	0	0
ENSG00000228238	0	0	0
ENSG00000232393	0	0	0
ENSG00000121454	37	53	54
ENSG00000184155	0	0	0
ENSG00000058085	333	172	161
ENSG00000260088	1	2	2
ENSG00000287978	66	36	30
ENSG00000116815	263	120	143
ENSG00000232917	0	0	0
ENSG00000233057	4	1	3
ENSG00000237131	1	1	0
ENSG00000233946	0	0	0
ENSG00000143167	2239	1123	1116
ENSG00000143184	24	17	7
ENSG00000231966	2	1	1
ENSG00000176320	5	2	3
ENSG00000260976	0	0	0
ENSG00000235215	0	0	0
ENSG00000223450	0	0	0
ENSG00000224691	1	1	0
ENSG00000286572	0	0	0
ENSG00000235101	4	4	0
ENSG00000228215	0	0	0
ENSG00000177807	22	12	10
ENSG00000233626	1	0	1
ENSG00000233691	0	0	0
ENSG00000283518	0	0	0
ENSG00000271527	0	0	0
ENSG00000143228	142	66	76
ENSG00000235827	0	0	0
ENSG00000231615	0	0	0
ENSG00000231714	0	0	0
ENSG00000174514	129	72	83
ENSG00000143178	50	24	26
ENSG00000224837	2	0	2
ENSG00000116833	452	222	230
ENSG00000227740	10	2	8
ENSG00000260990	3	3	2
ENSG00000000457	345	251	240
ENSG00000143507	174	81	93
ENSG00000285638	0	0	0
ENSG00000226520	1	0	1
ENSG00000284592	0	0	0
ENSG00000230987	0	0	0
ENSG00000232527	0	0	0
ENSG00000215833	0	0	0
ENSG00000228167	0	0	0
ENSG00000225325	0	0	0
ENSG00000223344	0	0	0
ENSG00000228191	0	0	0
ENSG00000229961	22	17	5
ENSG00000150732	0	0	0
ENSG00000157064	47	18	34
ENSG00000288139	0	0	0
ENSG00000226015	12	5	7
ENSG00000215808	1	0	1
ENSG00000059588	859	432	427
ENSG00000231512	0	0	0
ENSG00000237379	0	0	0
ENSG00000232959	0	10	16
ENSG00000122224	398	215	183
ENSG00000162782	14	6	8
ENSG00000238051	0	0	0
ENSG00000233196	0	0	0
ENSG00000229220	0	0	0
ENSG00000143653	671	321	350
ENSG00000135837	854	403	451
ENSG00000158711	1095	580	543
ENSG00000227747	0	0	0
ENSG00000228081	0	0	0
ENSG00000228020	0	0	0
ENSG00000234975	14	6	8
ENSG00000162851	376	191	185
ENSG00000271427	4	2	2
ENSG00000261817	0	0	0
ENSG00000143353	120	51	77
ENSG00000197965	2260	1056	1204
ENSG00000143493	321	158	164
ENSG00000230777	1	1	0
ENSG00000179397	19	12	7
ENSG00000224540	0	0	0
ENSG00000117592	2549	1224	1325
ENSG00000186197	11	5	6
ENSG00000229067	0	0	0
ENSG00000230231	0	0	0
ENSG00000227711	0	0	0
ENSG00000261182	0	0	0
ENSG00000228879	0	0	0
ENSG00000227925	0	0	0
ENSG00000162670	26	16	13
ENSG00000225712	0	0	0
ENSG00000162761	12	5	7
ENSG00000143199	16	6	10
ENSG00000179930	0	0	0
ENSG00000007908	33	16	17
ENSG00000092978	244	116	128
ENSG00000143499	433	210	223
ENSG00000188404	382	197	185
ENSG00000227735	0	0	0
ENSG00000243062	0	0	0
ENSG00000143196	295	154	141
ENSG00000228504	0	0	0
ENSG00000274702	0	0	0
ENSG00000226211	0	0	0
ENSG00000236942	4	2	4
ENSG00000287205	0	0	0
ENSG00000203697	1120	556	564
ENSG00000116574	382	190	192
ENSG00000287929	3	3	5
ENSG00000186283	1470	728	742
ENSG00000224896	0	0	0
ENSG00000226292	0	0	0
ENSG00000121481	227	90	137
ENSG00000227940	0	0	0
ENSG00000117139	1719	908	811
ENSG00000143248	3664	1858	1806
ENSG00000278455	1	1	0
ENSG00000224810	2	0	2
ENSG00000162814	12	9	3
ENSG00000225172	0	0	0
ENSG00000261642	0	0	0
ENSG00000228239	0	0	0
ENSG00000237283	0	0	0
ENSG00000116132	345	188	157
ENSG00000238042	0	0	0
ENSG00000271475	0	0	0
ENSG00000231877	0	0	0
ENSG00000116679	2508	1173	1335
ENSG00000228536	3	1	2
ENSG00000230550	1	3	1
ENSG00000229242	0	0	0
ENSG00000253326	3	3	0
ENSG00000228470	0	0	0
ENSG00000152092	25	12	13
ENSG00000234984	0	0	0
ENSG00000231648	0	0	0
ENSG00000229983	0	0	0
ENSG00000215149	0	0	0
ENSG00000225122	0	0	0
ENSG00000225920	3	0	3
ENSG00000143476	213	111	103
ENSG00000121486	242	109	133
ENSG00000228437	0	0	0
ENSG00000214837	12	7	5
ENSG00000057252	808	409	399
ENSG00000225982	0	0	0
ENSG00000285718	0	0	0
ENSG00000234070	0	0	0
ENSG00000233620	0	0	0
ENSG00000237783	0	0	0
ENSG00000272906	2	9	4
ENSG00000233018	1	0	1
ENSG00000123685	142	56	86
ENSG00000224783	0	0	0
ENSG00000162852	765	395	370
ENSG00000232792	1	1	0
ENSG00000273004	2	0	2
ENSG00000143842	430	231	199
ENSG00000268062	2	1	1
ENSG00000237409	3	3	0
ENSG00000116962	2084	980	1104
ENSG00000288078	0	0	0
ENSG00000271399	0	0	0
ENSG00000229757	1	1	0
ENSG00000232679	0	0	0
ENSG00000159388	14069	6996	7074
ENSG00000220749	2	1	1
ENSG00000181450	91	41	50
ENSG00000223519	6	12	6
ENSG00000120333	345	166	189
ENSG00000286285	7	2	5
ENSG00000225300	3	2	1
ENSG00000223842	2	0	2
ENSG00000162753	0	0	1
ENSG00000228247	0	0	0
ENSG00000231424	5	2	3
ENSG00000143355	0	0	0
ENSG00000287177	0	0	0
ENSG00000237193	0	0	0
ENSG00000223490	0	0	0
ENSG00000121644	773	376	397
ENSG00000174502	0	0	0
ENSG00000224286	0	0	0
ENSG00000158715	263	120	143
ENSG00000143195	42	21	21
ENSG00000162849	15	7	8
ENSG00000232824	1	0	1
ENSG00000273416	1	1	0
ENSG00000234142	0	0	0
ENSG00000282111	0	0	0
ENSG00000233410	0	0	0
ENSG00000067533	422	207	215
ENSG00000228955	2	1	1
ENSG00000270443	0	0	0
ENSG00000116209	3344	1725	1619
ENSG00000224702	1	1	0
ENSG00000271811	0	0	0
ENSG00000224278	0	0	0
ENSG00000235492	0	0	0
ENSG00000287808	6	10	75
ENSG00000271588	0	0	0
ENSG00000229840	0	0	0
ENSG00000116161	1212	563	663
ENSG00000226486	0	0	0
ENSG00000227687	0	0	0
ENSG00000231814	0	0	0
ENSG00000286210	0	0	0
ENSG00000287364	11	5	6
ENSG00000225063	1	0	1
ENSG00000260698	7	4	3
ENSG00000277007	8	3	5
ENSG00000229016	0	0	0
ENSG00000077157	2784	1420	1390
ENSG00000152104	333	179	155
ENSG00000236975	0	0	0
ENSG00000215834	0	0	0
ENSG00000286541	0	0	0
ENSG00000117650	281	148	133
ENSG00000235021	0	0	0
ENSG00000203724	15	6	9
ENSG00000225006	0	0	0
ENSG00000287633	0	0	0
ENSG00000158764	5	1	5
ENSG00000223375	0	0	0
ENSG00000230714	0	0	0
ENSG00000261065	0	11	3
ENSG00000260855	19	9	10
ENSG00000188783	325	170	155
ENSG00000236206	4	3	1
ENSG00000168118	509	262	267
ENSG00000181101	0	0	0
ENSG00000173726	2572	1242	1330
ENSG00000282852	0	0	0
ENSG00000152382	172	74	98
ENSG00000143839	0	0	0
ENSG00000232100	0	0	0
ENSG00000261024	2	1	1
ENSG00000230547	1	1	0
ENSG00000229703	0	0	0
ENSG00000176754	0	0	0
ENSG00000232309	0	0	0
ENSG00000227953	12	7	17
ENSG00000232215	0	0	0
ENSG00000135829	3521	1740	1860
ENSG00000228289	0	0	0
ENSG00000134717	596	294	302
ENSG00000232989	0	0	0
ENSG00000233537	0	0	0
ENSG00000116668	161	76	85
ENSG00000143756	546	261	285
ENSG00000278180	0	0	0
ENSG00000143702	356	197	175
ENSG00000232341	0	0	0
ENSG00000287676	0	0	0
ENSG00000236792	0	0	0
ENSG00000143207	726	342	384
ENSG00000270859	0	0	0
ENSG00000238224	0	0	0
ENSG00000286775	0	0	0
ENSG00000122176	994	482	512
ENSG00000229120	0	0	0
ENSG00000237492	0	0	0
ENSG00000230404	0	0	0
ENSG00000213036	0	0	0
ENSG00000227230	3	5	6
ENSG00000236230	1	0	1
ENSG00000026751	2271	1089	1182
ENSG00000150681	75	41	43
ENSG00000116906	744	379	365
ENSG00000092969	123	71	69
ENSG00000157181	654	315	339
ENSG00000250762	0	0	0
ENSG00000236720	0	0	0
ENSG00000227421	0	0	0
ENSG00000227240	2	1	1
ENSG00000076258	54	29	25
ENSG00000286073	0	0	0
ENSG00000231084	2	1	1
ENSG00000232085	0	5	3
ENSG00000117697	326	134	192
ENSG00000279333	0	19	21
ENSG00000235083	0	0	0
ENSG00000162669	6	0	6
ENSG00000197067	0	0	0
ENSG00000229652	0	0	0
ENSG00000132681	4	2	2
ENSG00000225904	0	0	0
ENSG00000270920	0	0	0
ENSG00000281664	0	0	0
ENSG00000143641	1261	824	836
ENSG00000227630	10	7	3
ENSG00000228830	0	492	408
ENSG00000010932	4	3	1
ENSG00000282849	0	0	0
ENSG00000276520	1	0	1
ENSG00000226640	0	0	0
ENSG00000010072	175	99	107
ENSG00000135766	116	60	56
ENSG00000232626	5	3	2
ENSG00000232096	0	0	0
ENSG00000279261	1	1	0
ENSG00000213051	2	0	2
ENSG00000238054	0	0	0
ENSG00000163534	256	122	134
ENSG00000168243	157	80	77
ENSG00000281453	0	0	0
ENSG00000237469	0	0	0
ENSG00000224939	0	0	0
ENSG00000227613	0	0	0
ENSG00000116183	112	59	53
ENSG00000270106	0	0	0
ENSG00000232194	0	0	0
ENSG00000235152	0	0	0
ENSG00000231612	0	0	0
ENSG00000237980	2	1	1
ENSG00000271036	0	0	0
ENSG00000230849	0	0	0
ENSG00000170382	87	46	42
ENSG00000228664	0	0	0
ENSG00000226868	0	0	0
ENSG00000279401	0	0	0
ENSG00000272362	0	0	0
ENSG00000287450	0	0	0
ENSG00000237011	0	0	0
ENSG00000233583	1	0	1
ENSG00000066027	1120	539	581
ENSG00000286263	0	0	0
ENSG00000227006	21	9	12
ENSG00000236372	0	0	0
ENSG00000224525	0	0	0
ENSG00000188770	0	0	0
ENSG00000173728	7	1	6
ENSG00000094975	704	357	347
ENSG00000225811	0	2	1
ENSG00000273093	0	0	0
ENSG00000162772	3715	1820	1895
ENSG00000227818	0	0	0
ENSG00000135828	217	110	107
ENSG00000224227	0	0	0
ENSG00000286398	0	0	0
ENSG00000076356	1595	820	775
ENSG00000215819	0	0	1
ENSG00000185523	0	0	0
ENSG00000236108	0	0	0
ENSG00000116711	267	120	147
ENSG00000231684	0	0	0
ENSG00000226750	0	0	0
ENSG00000285665	6	3	3
ENSG00000231022	0	0	0
ENSG00000224436	0	0	0
ENSG00000228208	0	0	0
ENSG00000273384	2	1	1
ENSG00000238061	2	0	2
ENSG00000234915	1	1	0
ENSG00000143845	22	11	28
ENSG00000235862	3	49	52
ENSG00000069812	346	165	181
ENSG00000227585	0	0	0
ENSG00000157060	0	0	0
ENSG00000237213	0	0	0
ENSG00000236439	2	1	1
ENSG00000224260	0	0	0
ENSG00000213045	0	0	0
ENSG00000287220	0	0	0
ENSG00000230063	0	0	0
ENSG00000235467	0	0	0
ENSG00000123684	1308	660	649
ENSG00000117707	173	97	81
ENSG00000228044	0	0	0
ENSG00000225338	1	0	1
ENSG00000224407	0	200	199
ENSG00000232463	0	0	0
ENSG00000237457	2	0	2
ENSG00000225171	15	5	10
ENSG00000226843	0	0	0
ENSG00000235386	0	0	0
ENSG00000123836	1625	822	829
ENSG00000213690	0	0	0
ENSG00000223982	0	0	0
ENSG00000229832	3	1	2
ENSG00000117691	253	116	137
ENSG00000225233	1	1	0
ENSG00000274895	4	2	2
ENSG00000237514	0	0	0
ENSG00000287856	0	0	0
ENSG00000228067	0	0	0
ENSG00000284299	0	0	0
ENSG00000226375	0	0	0
ENSG00000203705	158	82	76
ENSG00000224040	0	0	0
ENSG00000228686	4	4	0
ENSG00000279838	34	16	18
ENSG00000174175	170	89	81
ENSG00000236401	0	0	0
ENSG00000241475	0	0	0
ENSG00000215800	0	0	0
ENSG00000286421	0	0	0
ENSG00000270936	0	0	0
ENSG00000008118	15	7	8
ENSG00000171161	369	178	191
ENSG00000241505	0	0	0
ENSG00000224535	0	0	0
ENSG00000282097	2	0	2
ENSG00000261453	16	7	9
ENSG00000231020	0	0	0
ENSG00000270818	0	0	0
ENSG00000196878	395	202	193
ENSG00000133059	363	172	191
ENSG00000225561	0	0	0
ENSG00000224668	0	0	0
ENSG00000242529	0	0	0
ENSG00000074964	1277	624	653
ENSG00000223847	0	0	0
ENSG00000277704	0	0	0
ENSG00000116918	326	137	194
ENSG00000274020	32	16	23
ENSG00000287445	4	3	1
ENSG00000259815	3	2	1
ENSG00000240963	0	0	0
ENSG00000226570	0	0	0
ENSG00000198929	65	30	35
ENSG00000272167	0	0	0
ENSG00000230628	1	1	0
ENSG00000162771	5	53	50
ENSG00000227579	0	0	0
ENSG00000176393	680	423	499
ENSG00000174606	434	213	221
ENSG00000179914	2248	1086	1162
ENSG00000235750	1317	671	646
ENSG00000284376	0	0	0
ENSG00000121446	0	0	0
ENSG00000226758	0	0	0
ENSG00000230199	0	0	0
ENSG00000236905	1	1	0
ENSG00000233304	0	0	0
ENSG00000288007	1	0	1
ENSG00000227887	0	0	0
ENSG00000116903	403	219	215
ENSG00000228255	0	0	0
ENSG00000226196	0	0	0
ENSG00000287354	0	1	4
ENSG00000233827	0	0	0
ENSG00000198797	1	1	0
ENSG00000271746	3	3	2
ENSG00000234233	1	1	0
ENSG00000151414	818	399	419
ENSG00000177614	44	22	22
ENSG00000223794	0	0	0
ENSG00000235182	0	1	0
ENSG00000213041	1	0	1
ENSG00000287157	0	0	0
ENSG00000233920	0	0	0
ENSG00000183831	2	1	1
ENSG00000225755	0	0	0
ENSG00000143858	39	33	32
ENSG00000197472	14	7	7
ENSG00000230184	4	2	2
ENSG00000234004	0	0	0
ENSG00000232436	0	0	0
ENSG00000231718	0	0	0
ENSG00000283952	0	0	0
ENSG00000230019	0	0	0
ENSG00000136643	406	205	201
ENSG00000232537	0	0	0
ENSG00000226036	3	3	0
ENSG00000285521	0	0	0
ENSG00000236317	0	0	0
ENSG00000176855	1	0	1
ENSG00000227728	0	0	0
ENSG00000133069	54	26	28
ENSG00000162877	14	9	5
ENSG00000233461	32	12	20
ENSG00000225401	1	1	0
ENSG00000228190	0	0	0
ENSG00000135747	3	2	1
ENSG00000227237	0	0	0
ENSG00000069248	686	342	344
ENSG00000232812	0	0	0
ENSG00000231666	2	1	1
ENSG00000226986	0	0	0
ENSG00000242042	1	1	0
ENSG00000234464	0	0	0
ENSG00000253148	0	0	0
ENSG00000227751	0	149	142
ENSG00000090104	4628	2232	2396
ENSG00000285280	7	7	9
ENSG00000232892	0	0	0
ENSG00000236950	0	0	0
ENSG00000236468	0	0	0
ENSG00000143322	1587	764	823
ENSG00000185220	110	51	59
ENSG00000226003	0	0	0
ENSG00000230813	0	0	0
ENSG00000226862	3	1	2
ENSG00000236101	0	0	0
ENSG00000162769	447	220	227
ENSG00000133065	508	227	281
ENSG00000278684	0	0	0
ENSG00000236775	0	0	0
ENSG00000042781	5	3	2
ENSG00000234754	1	1	0
ENSG00000233084	3	2	1
ENSG00000227815	2	2	0
ENSG00000287046	10	6	4
ENSG00000223774	2	92	119
ENSG00000228863	37	241	196
ENSG00000228646	0	0	0
ENSG00000229112	0	0	0
ENSG00000233332	0	0	0
ENSG00000231984	0	0	0
ENSG00000286213	0	0	0
ENSG00000226876	4	3	1
ENSG00000277462	74	34	40
ENSG00000225591	0	0	0
ENSG00000035687	1040	487	553
ENSG00000213080	4	3	1
ENSG00000180287	2	1	1
ENSG00000226693	0	0	0
ENSG00000234678	145	211	211
ENSG00000231272	0	0	0
ENSG00000223828	0	0	0
ENSG00000163431	906	569	546
ENSG00000230124	413	239	244
ENSG00000226723	1	0	1
ENSG00000272672	0	0	0
ENSG00000143473	18	28	30
ENSG00000228982	0	0	0
ENSG00000235096	1	1	0
ENSG00000237250	0	0	0
ENSG00000007341	225	362	346
ENSG00000286747	3	1	2
ENSG00000236069	0	0	0
ENSG00000236244	0	0	0
ENSG00000272865	0	0	0
ENSG00000117222	423	218	205
ENSG00000143324	512	250	262
ENSG00000229871	2	0	2
ENSG00000225222	0	0	0
ENSG00000118193	160	76	84
ENSG00000234116	0	0	0
ENSG00000231940	11	8	3
ENSG00000198842	1	1	0
ENSG00000286619	20	9	11
ENSG00000198756	31	14	18
ENSG00000259823	125	68	57
ENSG00000271558	0	0	0
ENSG00000227554	0	0	0
ENSG00000178596	0	0	0
ENSG00000135749	323	174	187
ENSG00000143786	10	3	7
ENSG00000224584	0	0	0
ENSG00000054282	348	188	216
ENSG00000183780	3	2	1
ENSG00000229663	1	1	0
ENSG00000162702	374	167	207
ENSG00000251508	0	0	0
ENSG00000238272	0	1	0
ENSG00000228530	0	0	0
ENSG00000235060	0	0	0
ENSG00000143194	4	2	2
ENSG00000229531	3	1	2
ENSG00000271329	0	0	0
ENSG00000054267	1096	540	556
ENSG00000261831	0	0	0
ENSG00000287921	0	0	0
ENSG00000177800	1	0	1
ENSG00000225620	1	0	1
ENSG00000232166	0	0	0
ENSG00000175137	448	194	254
ENSG00000134245	1193	823	849
ENSG00000234041	0	0	0
ENSG00000227373	3	1	2
ENSG00000231905	0	0	0
ENSG00000228175	9	5	4
ENSG00000069275	3716	1825	1892
ENSG00000143674	522	271	251
ENSG00000237317	1	0	1
ENSG00000187889	13	6	7
ENSG00000134375	932	466	466
ENSG00000097046	241	115	126
ENSG00000232113	0	0	0
ENSG00000282718	0	0	0
ENSG00000231378	0	0	0
ENSG00000235605	0	2	0
ENSG00000223525	0	0	0
ENSG00000224857	0	0	0
ENSG00000273367	0	0	0
ENSG00000230604	0	0	0
ENSG00000231605	0	0	0
ENSG00000236358	3	0	5
ENSG00000203737	4	3	1
ENSG00000238003	0	0	0
ENSG00000215873	0	0	0
ENSG00000287008	0	0	0
ENSG00000185420	153	63	90
ENSG00000076321	289	126	163
ENSG00000272175	0	0	1
ENSG00000231564	0	0	0
ENSG00000135778	497	271	264
ENSG00000213070	0	0	0
ENSG00000282265	0	0	0
ENSG00000250536	0	0	0
ENSG00000229747	0	0	0
ENSG00000117280	452	209	243
ENSG00000233985	0	0	0
ENSG00000232175	1	0	1
ENSG00000287423	0	0	0
ENSG00000286774	0	0	0
ENSG00000236719	0	0	0
ENSG00000136636	1165	566	599
ENSG00000225486	1	1	0
ENSG00000227043	0	0	0
ENSG00000163874	1502	690	812
ENSG00000285777	0	0	0
ENSG00000237249	0	0	0
ENSG00000286109	0	0	0
ENSG00000213068	0	0	0
ENSG00000054392	64	33	36
ENSG00000227994	0	0	0
ENSG00000286552	0	0	0
ENSG00000225711	0	0	0
ENSG00000122223	61	30	31
ENSG00000235869	0	0	0
ENSG00000188739	20	3	17
ENSG00000286666	0	0	0
ENSG00000135750	266	116	150
ENSG00000273198	0	0	0
ENSG00000203730	2	2	0
ENSG00000225719	0	0	0
ENSG00000273483	10	7	3
ENSG00000287987	0	0	0
ENSG00000203729	0	0	0
ENSG00000232809	0	0	0
ENSG00000284623	0	0	0
ENSG00000285981	0	0	0
ENSG00000261729	1	0	1
ENSG00000223869	0	0	0
ENSG00000229228	30	7	23
ENSG00000215796	4	1	3
ENSG00000185221	0	0	0
ENSG00000233047	0	0	0
ENSG00000143341	340	160	180
ENSG00000228309	0	0	0
ENSG00000229739	10	4	6
ENSG00000116703	2	2	0
ENSG00000273874	0	0	0
ENSG00000278791	0	12	7
ENSG00000278757	0	0	0
ENSG00000264341	0	0	0
ENSG00000264101	0	0	0
ENSG00000265141	0	0	0
ENSG00000221083	0	0	0
ENSG00000252404	0	0	0
ENSG00000222511	0	0	0
ENSG00000265392	0	0	0
ENSG00000243267	1	1	0
ENSG00000201725	0	0	0
ENSG00000274258	2	2	0
ENSG00000239149	0	0	0
ENSG00000252151	0	0	0
ENSG00000252969	0	0	0
ENSG00000252417	0	0	0
ENSG00000200975	0	0	0
ENSG00000201609	0	0	0
ENSG00000238482	4	2	2
ENSG00000252956	0	0	0
ENSG00000265606	0	0	0
ENSG00000284357	0	0	0
ENSG00000278034	0	0	0
ENSG00000207237	0	0	0
ENSG00000222784	0	0	0
ENSG00000266210	0	0	0
ENSG00000265961	0	0	0
ENSG00000251866	0	0	0
ENSG00000252691	0	0	0
ENSG00000264371	0	0	0
ENSG00000253005	1	1	0
ENSG00000238316	0	0	0
ENSG00000207941	0	0	0
ENSG00000264773	7	4	3
ENSG00000252448	0	0	0
ENSG00000200421	0	0	0
ENSG00000222282	0	0	0
ENSG00000199963	0	0	0
ENSG00000264698	0	0	0
ENSG00000207328	0	0	0
ENSG00000207466	0	0	0
ENSG00000252368	0	0	0
ENSG00000206779	0	0	0
ENSG00000265596	0	0	0
ENSG00000212541	3	1	2
ENSG00000200796	0	0	0
ENSG00000252190	0	0	0
ENSG00000264613	0	0	0
ENSG00000199240	0	0	0
ENSG00000277168	0	0	0
ENSG00000283724	0	0	0
ENSG00000284410	0	0	0
ENSG00000252018	0	0	0
ENSG00000206627	0	0	0
ENSG00000283414	2	1	1
ENSG00000207508	0	0	0
ENSG00000200171	0	0	0
ENSG00000207194	0	0	0
ENSG00000283477	0	0	0
ENSG00000264834	0	0	0
ENSG00000263675	6	3	3
ENSG00000266188	0	0	0
ENSG00000206981	0	0	0
ENSG00000200174	0	0	0
ENSG00000265822	0	0	0
ENSG00000265815	0	0	0
ENSG00000238653	0	0	0
ENSG00000212624	0	0	0
ENSG00000200575	0	0	0
ENSG00000212360	0	0	0
ENSG00000242860	0	0	0
ENSG00000263908	0	0	0
ENSG00000283690	0	0	0
ENSG00000199921	0	0	0
ENSG00000251825	0	0	0
ENSG00000201153	0	0	0
ENSG00000222624	0	0	0
ENSG00000223152	0	0	0
ENSG00000212308	0	0	0
ENSG00000279049	0	6	5
ENSG00000276081	0	0	0
ENSG00000239640	0	0	0
ENSG00000252338	0	0	0
ENSG00000251785	0	0	0
ENSG00000239319	0	0	0
ENSG00000222849	0	0	0
ENSG00000283749	0	0	0
ENSG00000251958	0	0	0
ENSG00000251767	0	0	0
ENSG00000243437	0	0	0
ENSG00000202263	0	0	0
ENSG00000199318	0	0	0
ENSG00000199666	0	0	0
ENSG00000200601	0	0	0
ENSG00000242482	0	0	0
ENSG00000212366	0	0	0
ENSG00000201620	0	0	0
ENSG00000206817	1	1	0
ENSG00000284247	0	0	0
ENSG00000200839	0	0	0
ENSG00000264963	0	0	0
ENSG00000264271	0	0	0
ENSG00000239504	0	0	0
ENSG00000284202	0	0	0
ENSG00000251720	0	0	0
ENSG00000274321	0	0	0
ENSG00000198974	0	0	0
ENSG00000212248	0	0	0
ENSG00000207962	0	0	0
ENSG00000276884	0	0	0
ENSG00000207234	1	0	1
ENSG00000202259	0	0	0
ENSG00000212459	0	0	0
ENSG00000278287	0	0	0
ENSG00000277565	0	0	0
ENSG00000263526	3	1	2
ENSG00000211575	1	0	1
ENSG00000275823	0	0	0
ENSG00000277689	0	0	0
ENSG00000274199	0	0	0
ENSG00000202254	0	0	0
ENSG00000244256	2	1	1
ENSG00000201491	0	0	0
ENSG00000199831	0	0	0
ENSG00000275455	0	0	0
ENSG00000252162	0	0	0
ENSG00000272051	0	0	0
ENSG00000283899	0	0	0
ENSG00000200800	0	0	0
ENSG00000207502	0	0	0
ENSG00000252530	0	0	0
ENSG00000200536	0	0	0
ENSG00000211543	0	0	0
ENSG00000252797	1	1	0
ENSG00000212266	0	0	0
ENSG00000222209	0	0	0
ENSG00000277141	0	0	0
ENSG00000215930	0	0	0
ENSG00000238761	0	0	0
ENSG00000201114	0	0	0
ENSG00000206679	0	0	0
ENSG00000264419	0	0	0
ENSG00000222069	0	0	0
ENSG00000274428	8	5	3
ENSG00000199879	6	4	2
ENSG00000274408	0	0	0
ENSG00000283676	0	0	0
ENSG00000252005	0	0	0
ENSG00000252510	0	0	0
ENSG00000207340	1	1	0
ENSG00000252830	0	0	0
ENSG00000274450	0	0	0
ENSG00000252135	0	0	0
ENSG00000278596	3	2	1
ENSG00000238825	4	2	2
ENSG00000201183	8	6	2
ENSG00000202408	0	0	0
ENSG00000252744	0	0	0
ENSG00000273768	0	0	0
ENSG00000242565	0	0	0
ENSG00000239984	0	0	0
ENSG00000283296	0	0	0
ENSG00000252717	0	0	0
ENSG00000194297	0	0	0
ENSG00000199565	0	0	0
ENSG00000277313	0	0	0
ENSG00000274940	0	0	0
ENSG00000207341	0	0	0
ENSG00000207472	0	0	0
ENSG00000206880	0	0	0
ENSG00000252552	0	0	0
ENSG00000199849	0	0	0
ENSG00000252407	0	0	0
ENSG00000212538	0	0	0
ENSG00000251813	0	0	0
ENSG00000207108	0	0	0
ENSG00000201312	0	0	0
ENSG00000207039	0	0	0
ENSG00000202491	0	0	0
ENSG00000201596	0	0	0
ENSG00000276839	0	0	0
ENSG00000207974	0	0	0
ENSG00000273629	0	0	0
ENSG00000201493	0	0	0
ENSG00000215952	0	0	0
ENSG00000200139	0	0	0
ENSG00000283575	0	0	0
ENSG00000238765	0	0	0
ENSG00000264916	0	0	0
ENSG00000212338	0	0	0
ENSG00000206659	1	1	0
ENSG00000253025	0	0	0
ENSG00000201619	0	0	0
ENSG00000201544	1	1	0
ENSG00000202498	0	0	0
ENSG00000221545	0	0	0
ENSG00000252906	1	0	1
ENSG00000206692	0	0	0
ENSG00000202329	0	0	0
ENSG00000242794	0	0	0
ENSG00000212144	0	0	0
ENSG00000283340	0	0	0
ENSG00000252860	2	1	1
ENSG00000252501	0	0	0
ENSG00000263390	0	0	0
ENSG00000207181	3	2	1
ENSG00000265744	0	0	0
ENSG00000264377	0	0	0
ENSG00000207149	0	0	0
ENSG00000283936	0	0	0
ENSG00000284485	0	0	0
ENSG00000201638	0	0	0
ENSG00000275213	0	0	0
ENSG00000239494	5	3	2
ENSG00000212230	0	0	0
ENSG00000252371	0	0	0
ENSG00000199442	0	0	0
ENSG00000200033	0	0	0
ENSG00000239690	0	0	0
ENSG00000202184	0	0	0
ENSG00000241395	0	0	0
ENSG00000200982	0	0	0
ENSG00000275207	2	1	1
ENSG00000202300	12	3	9
ENSG00000222407	0	0	0
ENSG00000222986	0	0	0
ENSG00000265435	0	0	0
ENSG00000272262	0	0	0
ENSG00000200495	0	0	0
ENSG00000202609	0	0	0
ENSG00000252553	0	0	0
ENSG00000206764	0	0	0
ENSG00000222240	0	0	0
ENSG00000212187	0	0	0
ENSG00000206637	0	0	0
ENSG00000253097	0	0	0
ENSG00000200036	1	0	1
ENSG00000201421	1	0	1
ENSG00000212610	0	0	0
ENSG00000252484	0	0	0
ENSG00000201944	1	1	0
ENSG00000200327	0	0	0
ENSG00000206905	0	0	0
ENSG00000200972	0	0	0
ENSG00000243051	1	1	0
ENSG00000252011	0	0	0
ENSG00000207326	0	0	0
ENSG00000212205	2	2	0
ENSG00000253042	0	0	0
ENSG00000274121	0	0	0
ENSG00000264358	0	0	0
ENSG00000206640	0	0	0
ENSG00000212527	0	0	0
ENSG00000252879	0	0	0
ENSG00000252612	0	0	0
ENSG00000202264	0	0	0
ENSG00000285609	0	0	0
ENSG00000206762	1	1	0
ENSG00000252084	0	0	0
ENSG00000200085	0	0	0
ENSG00000264500	1	1	0
ENSG00000202025	0	0	0
ENSG00000225545	0	0	0
ENSG00000206990	0	0	0
ENSG00000230175	1	1	0
ENSG00000225272	1	1	0
ENSG00000215838	0	0	0
ENSG00000273365	6	1	5
ENSG00000224358	3	2	1
ENSG00000230659	0	0	0
ENSG00000162545	854	402	452
ENSG00000090432	389	172	217
ENSG00000215520	0	0	0
ENSG00000183114	11	4	7
ENSG00000158825	20	13	7
ENSG00000158828	151	301	359
ENSG00000284005	0	0	0
ENSG00000117242	91	330	270
ENSG00000234473	2	1	1
ENSG00000238754	0	0	0
ENSG00000134371	554	244	312
ENSG00000221680	0	0	0
ENSG00000162630	12	11	3
ENSG00000276735	0	0	0
ENSG00000232077	0	0	0
ENSG00000229639	0	0	0
ENSG00000287453	0	0	0
ENSG00000270615	0	0	0
ENSG00000287283	0	0	0
ENSG00000240692	0	0	0
ENSG00000229359	0	0	0
ENSG00000237919	0	1	1
ENSG00000066557	267	137	130
ENSG00000244389	0	0	0
ENSG00000228988	2	1	1
ENSG00000118454	499	245	254
ENSG00000226088	1	1	0
ENSG00000116761	105	53	52
ENSG00000278636	1	1	0
ENSG00000271992	3	0	3
ENSG00000233020	0	0	0
ENSG00000237033	0	0	0
ENSG00000226208	0	0	0
ENSG00000007968	419	212	207
ENSG00000235052	38	14	24
ENSG00000117318	2463	1288	1175
ENSG00000285802	0	0	0
ENSG00000229239	0	0	0
ENSG00000142676	11695	5719	5976
ENSG00000057757	725	350	375
ENSG00000011009	712	328	384
ENSG00000117308	787	394	393
ENSG00000273844	0	0	0
ENSG00000235748	0	0	0
ENSG00000237861	0	0	0
ENSG00000221879	0	0	0
ENSG00000230260	0	0	0
ENSG00000199241	0	0	0
ENSG00000226919	0	1	0
ENSG00000223963	0	0	0
ENSG00000215802	0	0	0
ENSG00000233615	0	0	0
ENSG00000238085	1	0	1
ENSG00000265831	0	0	0
ENSG00000224348	0	0	0
ENSG00000286496	0	0	0
ENSG00000287516	0	0	0
ENSG00000287738	1	1	0
ENSG00000132703	0	0	0
ENSG00000276632	0	0	0
ENSG00000223603	0	0	0
ENSG00000132693	0	0	0
ENSG00000235226	0	0	0
ENSG00000158716	170	78	92
ENSG00000181036	28	14	15
ENSG00000158714	37	100	93
ENSG00000212161	0	0	0
ENSG00000243284	0	0	0
ENSG00000272668	70	37	36
ENSG00000213085	22	10	12
ENSG00000266458	0	0	0
ENSG00000287040	7	3	4
ENSG00000279430	10	3	7
ENSG00000162723	2	0	2
ENSG00000273933	1	1	0
ENSG00000256029	3	39	32
ENSG00000188004	0	0	0
ENSG00000266580	0	0	0
ENSG00000254545	0	6	5
ENSG00000203620	0	0	0
ENSG00000269967	22	15	7
ENSG00000228634	16	11	5
ENSG00000284702	0	0	0
ENSG00000221040	0	0	0
ENSG00000287217	5	3	2
ENSG00000163399	7234	8302	8349
ENSG00000212385	0	0	0
ENSG00000233154	2	1	1
ENSG00000230381	0	0	0
ENSG00000200547	0	0	0
ENSG00000224950	18	11	8
ENSG00000286276	0	1	0
ENSG00000177888	210	112	98
ENSG00000243364	137	57	80
ENSG00000251246	0	0	0
ENSG00000143590	61	34	27
ENSG00000202027	1	1	0
ENSG00000169242	579	286	293
ENSG00000169241	753	333	420
ENSG00000223452	0	0	0
ENSG00000163463	119	67	52
ENSG00000273088	0	0	0
ENSG00000284586	0	0	0
ENSG00000169231	204	192	198
ENSG00000236263	0	4	8
ENSG00000236675	11	8	3
ENSG00000177628	270	151	119
ENSG00000116521	554	292	262
ENSG00000176444	999	483	516
ENSG00000143630	186	121	98
ENSG00000143627	4	20	17
ENSG00000253074	0	0	0
ENSG00000252116	0	0	0
ENSG00000228523	0	0	0
ENSG00000223263	4	1	3
ENSG00000207504	0	0	0
ENSG00000238139	0	0	0
ENSG00000197721	3	2	1
ENSG00000244703	0	0	0
ENSG00000226289	0	0	0
ENSG00000285239	0	0	0
ENSG00000234219	2	1	1
ENSG00000174059	378	182	196
ENSG00000285719	0	0	0
ENSG00000284237	5	5	0
ENSG00000158731	0	0	0
ENSG00000201746	1	0	1
ENSG00000264881	2	0	2
ENSG00000199562	1	1	0
ENSG00000264501	0	0	0
ENSG00000284735	22	12	10
ENSG00000284642	30	17	13
ENSG00000142657	1213	568	645
ENSG00000271989	0	3	5
ENSG00000251503	0	0	0
ENSG00000175279	13	2	11
ENSG00000160049	677	375	422
ENSG00000203469	0	28	43
ENSG00000236035	3	1	2
ENSG00000221643	3	3	0
ENSG00000122188	479	237	242
ENSG00000288644	0	0	0
ENSG00000227417	0	0	0
ENSG00000223505	11	6	5
ENSG00000182004	644	355	289
ENSG00000236430	1	1	0
ENSG00000130768	152	98	114
ENSG00000227050	0	35	29
ENSG00000238231	6	2	4
ENSG00000240750	2	0	2
ENSG00000158156	108	57	55
ENSG00000182118	105	54	51
ENSG00000283799	0	0	0
ENSG00000227934	1	0	1
ENSG00000229595	0	0	0
ENSG00000143633	281	126	155
ENSG00000281912	4	3	3
ENSG00000288208	0	0	0
ENSG00000132773	107	67	67
ENSG00000070759	92	51	46
ENSG00000236872	1	1	0
ENSG00000280670	63	31	32
ENSG00000132763	234	827	508
ENSG00000221953	2	1	1
ENSG00000226164	0	0	0
ENSG00000224014	0	0	0
ENSG00000215795	1	0	1
ENSG00000259865	137	55	82
ENSG00000227671	1343	602	741
ENSG00000283881	0	0	0
ENSG00000252516	4	1	3
ENSG00000232347	1	0	1
ENSG00000214144	0	0	0
ENSG00000235818	0	0	0
ENSG00000197617	0	0	0
ENSG00000202079	0	0	0
ENSG00000286216	5	6	3
ENSG00000203664	0	0	0
ENSG00000169224	52	31	23
ENSG00000236817	0	2	0
ENSG00000177489	0	0	0
ENSG00000177476	0	0	0
ENSG00000283369	0	0	0
ENSG00000230411	0	0	0
ENSG00000251977	0	0	0
ENSG00000252254	0	0	0
ENSG00000227854	0	0	0
ENSG00000287589	0	0	0
ENSG00000259776	0	0	0
ENSG00000233355	201	101	103
ENSG00000234601	0	0	0
ENSG00000231979	0	0	0
ENSG00000215805	0	0	0
ENSG00000287102	0	0	0
ENSG00000217327	0	0	0
ENSG00000228818	1	1	0
ENSG00000202041	0	0	0
ENSG00000223694	0	0	0
ENSG00000233735	0	0	0
ENSG00000133019	46	24	25
ENSG00000162636	1100	549	551
ENSG00000162639	106	55	51
ENSG00000285923	0	0	0
ENSG00000134186	2110	1029	1081
ENSG00000143107	0	0	0
ENSG00000232971	0	0	0
ENSG00000116266	703	325	378
ENSG00000228076	0	0	0
ENSG00000203897	0	0	0
ENSG00000237349	0	0	0
ENSG00000244716	23	15	8
ENSG00000228665	0	0	0
ENSG00000228054	0	0	0
ENSG00000273382	9	9	27
ENSG00000215717	858	422	463
ENSG00000278249	0	0	0
ENSG00000270066	0	0	0
ENSG00000251484	0	0	0
ENSG00000132676	1678	852	877
ENSG00000227673	0	0	0
ENSG00000203761	85	52	52
ENSG00000234937	1	0	1
ENSG00000132718	502	264	238
ENSG00000283442	0	0	0
ENSG00000143622	623	296	327
ENSG00000132680	1211	554	657
ENSG00000207475	2	1	1
ENSG00000280466	0	0	0
ENSG00000281394	0	0	0
ENSG00000277817	1	0	1
ENSG00000273002	25	16	10
ENSG00000224276	18	7	11
ENSG00000285677	5	307	423
ENSG00000163479	1942	1300	1356
ENSG00000160803	712	369	343
ENSG00000132698	713	363	350
ENSG00000252236	0	0	0
ENSG00000260238	0	0	0
ENSG00000242252	3	2	1
ENSG00000198952	1164	552	612
ENSG00000163472	75	97	82
ENSG00000163468	2719	1327	1392
ENSG00000132677	1	1	0
ENSG00000237390	0	0	0
ENSG00000207933	0	0	0
ENSG00000254726	117	60	57
ENSG00000186377	23	9	14
ENSG00000186160	1	1	0
ENSG00000225154	0	0	0
ENSG00000225506	0	0	0
ENSG00000225514	0	0	0
ENSG00000224805	1	1	0
ENSG00000162366	131	74	57
ENSG00000226252	10	8	13
ENSG00000225762	10	7	3
ENSG00000186790	5	1	4
ENSG00000237424	160	69	91
ENSG00000189030	0	0	0
ENSG00000162763	0	0	0
ENSG00000143061	258	130	128
ENSG00000135821	7985	3849	4136
ENSG00000203740	0	0	0
ENSG00000162374	82	40	42
ENSG00000168275	159	75	115
ENSG00000241563	2	2	0
ENSG00000153207	1025	486	539
ENSG00000156869	338	132	206
ENSG00000033122	43	18	27
ENSG00000143278	0	0	0
ENSG00000116678	263	139	124
ENSG00000159352	1063	496	567
ENSG00000158710	5676	2885	2791
ENSG00000162734	2538	1265	1409
ENSG00000049239	1366	656	710
ENSG00000186564	141	64	77
ENSG00000244038	2821	1418	1403
ENSG00000158747	1700	756	944
ENSG00000116690	29	96	44
ENSG00000126091	71	29	43
ENSG00000162383	20	8	13
ENSG00000171163	526	249	277
ENSG00000172456	98	42	56
ENSG00000162946	161	82	80
ENSG00000158786	1	0	1
ENSG00000118733	18	11	7
ENSG00000157870	720	460	441
ENSG00000179085	197	111	86
ENSG00000173080	70	31	39
ENSG00000183347	0	0	0
ENSG00000276470	0	0	0
ENSG00000278852	0	0	0
ENSG00000275915	0	0	0
ENSG00000120937	0	0	0
ENSG00000224904	0	0	0
ENSG00000285646	31	13	18
ENSG00000199347	0	0	0
ENSG00000201801	6	3	3
ENSG00000116685	703	311	392
ENSG00000083444	648	319	329
ENSG00000287384	1	0	1
ENSG00000270914	0	0	0
ENSG00000116691	278	132	146
ENSG00000202461	6	4	2
ENSG00000276869	0	0	0
ENSG00000243539	0	0	0
ENSG00000120949	12	6	6
ENSG00000201135	0	0	0
ENSG00000227875	0	0	0
ENSG00000285604	0	0	0
ENSG00000283789	0	0	0
ENSG00000263676	0	0	0
ENSG00000200591	1	1	0
ENSG00000162521	1537	1146	1159
ENSG00000162520	21	367	422
ENSG00000224409	0	0	0
ENSG00000162522	1599	804	795
ENSG00000116497	866	466	415
ENSG00000160097	19	6	13
ENSG00000121905	7	239	161
ENSG00000121900	744	530	607
ENSG00000287691	9	5	6
ENSG00000278966	3	1	2
ENSG00000143222	758	490	436
ENSG00000224985	11	39	140
ENSG00000143224	241	147	174
ENSG00000158850	918	498	497
ENSG00000158859	1642	797	845
ENSG00000158869	571	277	294
ENSG00000158874	2	1	1
ENSG00000158882	122	104	94
ENSG00000284035	0	0	0
ENSG00000143257	5	41	40
ENSG00000248485	20	8	12
ENSG00000188931	86	37	54
ENSG00000236484	1	1	0
ENSG00000283696	11	6	5
ENSG00000288093	7	2	5
ENSG00000206921	0	0	0
ENSG00000215840	1	0	1
ENSG00000277882	1	0	1
ENSG00000283317	3	2	1
ENSG00000277762	0	0	0
ENSG00000227139	0	0	0
ENSG00000265107	284	200	196
ENSG00000274415	0	48	64
ENSG00000234190	0	0	0
ENSG00000223728	0	0	0
ENSG00000121634	0	0	0
ENSG00000188092	94	43	51
ENSG00000215859	19	13	9
ENSG00000273059	0	1	2
ENSG00000274372	9	2	7
ENSG00000206791	0	0	0
ENSG00000206585	3	1	2
ENSG00000229828	0	0	0
ENSG00000225080	3	2	1
ENSG00000198658	4	2	2
ENSG00000238382	0	0	0
ENSG00000225919	0	0	0
ENSG00000236497	0	0	0
ENSG00000207190	0	0	0
ENSG00000200508	0	0	0
ENSG00000284928	1	1	0
ENSG00000223949	2	2	0
ENSG00000116688	1469	736	733
ENSG00000188800	0	0	0
ENSG00000084073	1065	551	517
ENSG00000231296	0	1	2
ENSG00000049089	237	103	134
ENSG00000227311	0	0	0
ENSG00000213172	1	0	1
ENSG00000284677	1	1	0
ENSG00000187801	34	20	14
ENSG00000260920	41	26	15
ENSG00000158887	250	129	121
ENSG00000255054	0	0	0
ENSG00000228172	8	106	122
ENSG00000117640	425	315	279
ENSG00000272478	0	0	0
ENSG00000127423	42	23	26
ENSG00000182749	140	95	87
ENSG00000207302	0	0	0
ENSG00000117632	1389	618	771
ENSG00000229786	0	0	0
ENSG00000223624	0	0	0
ENSG00000283938	0	0	0
ENSG00000199385	0	0	0
ENSG00000187147	586	393	416
ENSG00000263381	0	0	0
ENSG00000126106	58	141	140
ENSG00000198520	55	26	29
ENSG00000199377	9	6	3
ENSG00000200169	21	20	1
ENSG00000142945	301	163	170
ENSG00000142937	13192	7259	7197
ENSG00000264294	0	0	0
ENSG00000200913	32	18	14
ENSG00000202031	3	2	1
ENSG00000207421	0	0	0
ENSG00000281859	0	0	0
ENSG00000234093	7	4	3
ENSG00000142959	25	10	15
ENSG00000173846	861	456	453
ENSG00000117425	79	43	36
ENSG00000202444	0	0	0
ENSG00000226499	2	1	1
ENSG00000070785	414	206	208
ENSG00000253039	0	0	0
ENSG00000229815	0	0	0
ENSG00000232369	0	0	0
ENSG00000268949	0	0	0
ENSG00000126107	748	389	399
ENSG00000126088	429	219	250
ENSG00000234315	0	0	0
ENSG00000162408	521	279	242
ENSG00000229519	5	3	2
ENSG00000173662	7	2	5
ENSG00000204859	492	267	225
ENSG00000288629	0	0	0
ENSG00000230735	0	1	0
ENSG00000171488	505	255	250
ENSG00000226394	0	0	0
ENSG00000237200	2	1	1
ENSG00000070886	0	0	0
ENSG00000276835	0	0	0
ENSG00000265422	3	2	1
ENSG00000223776	2	8	52
ENSG00000273058	15	11	4
ENSG00000230325	4	10	9
ENSG00000119285	847	747	711
ENSG00000226498	0	0	0
ENSG00000237991	0	0	0
ENSG00000244020	0	0	0
ENSG00000288099	0	0	0
ENSG00000225886	7	4	4
ENSG00000206767	0	0	0
ENSG00000226662	0	0	0
ENSG00000207095	0	0	0
ENSG00000287244	1	1	0
ENSG00000231344	1	0	1
ENSG00000230833	1	1	0
ENSG00000117758	1288	625	663
ENSG00000269971	5	1	4
ENSG00000270031	1	0	1
ENSG00000223062	0	0	0
ENSG00000286433	4	6	23
ENSG00000117751	492	250	267
ENSG00000252947	0	0	0
ENSG00000130775	866	444	422
ENSG00000117748	450	231	219
ENSG00000223643	0	0	0
ENSG00000230239	0	0	0
ENSG00000263811	0	0	0
ENSG00000277234	0	0	0
ENSG00000235241	0	2	8
ENSG00000207005	2	0	2
ENSG00000272426	0	0	0
ENSG00000117122	24	20	11
ENSG00000286898	0	2	5
ENSG00000226526	1	19	12
ENSG00000159363	362	193	188
ENSG00000117118	1114	516	598
ENSG00000117115	858	419	439
ENSG00000204362	0	0	0
ENSG00000282843	0	0	0
ENSG00000142623	3	3	0
ENSG00000142619	4	3	1
ENSG00000266634	0	0	0
ENSG00000199459	0	0	0
ENSG00000273264	4	1	3
ENSG00000282057	20	10	10
ENSG00000272691	1	0	1
ENSG00000199934	0	0	0
ENSG00000230285	0	0	0
ENSG00000142871	14963	7232	7731
ENSG00000226643	0	0	0
ENSG00000234419	0	0	0
ENSG00000276997	4	1	3
ENSG00000222399	0	0	0
ENSG00000267305	0	0	0
ENSG00000143512	3	2	1
ENSG00000143498	111	59	56
ENSG00000225265	4	2	6
ENSG00000154305	1501	802	901
ENSG00000229399	4	2	2
ENSG00000272750	28	122	105
ENSG00000186063	376	193	189
ENSG00000162819	672	342	333
ENSG00000287684	7	12	9
ENSG00000234523	0	0	0
ENSG00000287338	0	0	0
ENSG00000187554	74	43	31
ENSG00000236846	2	2	0
ENSG00000226601	0	0	0
ENSG00000164010	96	68	73
ENSG00000164011	90	52	38
ENSG00000233708	0	0	0
ENSG00000237090	0	0	0
ENSG00000225099	2	1	1
ENSG00000284138	6	3	3
ENSG00000283973	0	1	2
ENSG00000207256	0	0	0
ENSG00000283136	0	0	0
ENSG00000277513	0	0	0
ENSG00000154309	127	64	63
ENSG00000226967	0	0	0
ENSG00000231407	13	8	6
ENSG00000229570	0	0	0
ENSG00000203857	0	0	0
ENSG00000226443	0	0	0
ENSG00000249798	0	0	0
ENSG00000239873	3	2	1
ENSG00000203855	3	1	2
ENSG00000240244	1	1	0
ENSG00000260941	18	9	9
ENSG00000198857	16	10	6
ENSG00000143067	208	117	91
ENSG00000134240	7593	3707	3886
ENSG00000134193	1251	627	624
ENSG00000215864	8	4	4
ENSG00000227205	0	0	0
ENSG00000226446	0	0	0
ENSG00000134249	0	0	0
ENSG00000092621	448	224	224
ENSG00000027644	3	2	2
ENSG00000241992	0	0	0
ENSG00000234226	0	0	0
ENSG00000137970	73	14	59
ENSG00000223229	0	0	0
ENSG00000285698	0	0	0
ENSG00000228035	1	1	0
ENSG00000287103	0	0	0
ENSG00000226973	0	0	0
ENSG00000274468	0	0	0
ENSG00000130764	615	313	357
ENSG00000266075	1	0	1
ENSG00000272153	18	41	32
ENSG00000230026	2	1	1
ENSG00000285177	1	0	1
ENSG00000284770	60	188	178
ENSG00000229795	0	0	0
ENSG00000238236	0	0	0
ENSG00000235638	0	0	0
ENSG00000231199	0	0	0
ENSG00000226663	0	0	0
ENSG00000231582	0	0	0
ENSG00000232714	0	0	0
ENSG00000235761	0	0	0
ENSG00000270710	0	0	0
ENSG00000227236	1	0	1
ENSG00000198837	1185	618	629
ENSG00000160741	715	362	353
ENSG00000276584	0	0	0
ENSG00000282386	12	0	12
ENSG00000273026	12	8	4
ENSG00000143578	193	109	117
ENSG00000143543	229	49	204
ENSG00000285641	0	3	3
ENSG00000143545	200	94	106
ENSG00000177954	9839	5283	4556
ENSG00000231416	13	11	2
ENSG00000200220	0	0	0
ENSG00000231837	0	0	0
ENSG00000263987	0	0	0
ENSG00000162642	385	163	222
ENSG00000223254	11	4	7
ENSG00000223653	19	15	35
ENSG00000116198	643	317	329
ENSG00000169598	224	121	106
ENSG00000226653	0	0	0
ENSG00000207209	0	0	0
ENSG00000272443	0	0	0
ENSG00000272480	0	0	0
ENSG00000288626	0	0	0
ENSG00000162836	389	175	214
ENSG00000207080	0	0	0
ENSG00000231791	0	0	0
ENSG00000244568	0	0	0
ENSG00000271387	3	0	3
ENSG00000116667	831	414	417
ENSG00000230470	3	1	2
ENSG00000232036	1	0	1
ENSG00000285847	17	4	13
ENSG00000286378	0	0	0
ENSG00000215381	0	0	0
ENSG00000261326	138	63	75
ENSG00000284726	5	3	2
ENSG00000125945	460	237	238
ENSG00000201405	0	0	0
ENSG00000271420	18	9	9
ENSG00000204219	954	487	475
ENSG00000232482	1	1	0
ENSG00000285779	0	0	0
ENSG00000162885	553	515	534
ENSG00000270780	0	0	0
ENSG00000232895	0	0	0
ENSG00000273698	0	0	0
ENSG00000273112	1	0	1
ENSG00000173110	3370	1543	1827
ENSG00000224203	0	0	0
ENSG00000224515	0	0	0
ENSG00000225217	367	203	164
ENSG00000231586	0	0	0
ENSG00000234211	0	12	16
ENSG00000213075	3	1	2
ENSG00000143125	0	0	0
ENSG00000270380	0	0	0
ENSG00000282887	0	0	0
ENSG00000283999	0	0	0
ENSG00000240194	0	0	0
ENSG00000235407	0	0	0
ENSG00000143105	0	0	0
ENSG00000199710	0	0	0
ENSG00000237415	0	0	0
ENSG00000232791	0	0	0
ENSG00000177301	95	42	53
ENSG00000226828	0	0	1
ENSG00000279774	0	0	0
ENSG00000229960	0	0	0
ENSG00000286486	0	0	0
ENSG00000244066	0	0	0
ENSG00000237759	0	0	0
ENSG00000287531	0	0	0
ENSG00000225855	181	484	434
ENSG00000283701	0	0	0
ENSG00000207134	1	1	0
ENSG00000227773	1	0	1
ENSG00000207144	0	0	0
ENSG00000237872	6	3	3
ENSG00000271267	6	1	5
ENSG00000225082	0	0	0
ENSG00000223503	0	0	0
ENSG00000232519	0	0	0
ENSG00000160752	658	708	667
ENSG00000121957	431	507	497
ENSG00000235089	0	0	0
ENSG00000285179	0	0	0
ENSG00000223026	0	0	0
ENSG00000225721	6	26	1276
ENSG00000188396	98	79	67
ENSG00000202167	0	0	0
ENSG00000207349	0	0	0
ENSG00000252826	0	0	0
ENSG00000206737	0	0	0
ENSG00000223779	0	0	0
ENSG00000242352	0	0	0
ENSG00000270962	0	0	0
ENSG00000263590	0	0	0
ENSG00000252105	0	0	0
ENSG00000233430	0	0	0
ENSG00000237503	0	0	0
ENSG00000265531	7	2	5
ENSG00000234571	1	0	1
ENSG00000230186	0	0	2
ENSG00000268074	0	0	0
ENSG00000270872	3	2	1
ENSG00000276674	0	0	0
ENSG00000082482	58	26	32
ENSG00000116747	428	249	256
ENSG00000118729	62	34	28
ENSG00000134207	1	0	1
ENSG00000163467	13	9	4
ENSG00000243710	4	3	5
ENSG00000117395	705	336	375
ENSG00000116874	191	106	116
ENSG00000065600	133	65	68
ENSG00000009780	214	100	114
ENSG00000023572	358	193	230
ENSG00000077254	1143	537	606
ENSG00000134644	1599	818	781
ENSG00000215788	417	223	225
ENSG00000117834	39	20	23
ENSG00000117625	823	408	415
ENSG00000179902	3	1	3
ENSG00000020633	353	181	172
ENSG00000121766	367	224	236
ENSG00000143157	972	501	471
ENSG00000162614	523	239	303
ENSG00000160781	81	43	38
ENSG00000143344	876	448	428
ENSG00000162613	1816	938	878
ENSG00000116882	5	2	3
ENSG00000198758	1312	650	662
ENSG00000117569	484	254	230
ENSG00000142856	293	190	188
ENSG00000158022	6	3	3
ENSG00000116396	303	136	167
ENSG00000058668	2141	1062	1079
ENSG00000163875	668	326	342
ENSG00000282872	1	1	0
ENSG00000131238	1257	621	636
ENSG00000171680	598	368	230
ENSG00000244457	0	0	0
ENSG00000116977	1054	935	874
ENSG00000229372	1	39	48
ENSG00000274975	0	0	0
ENSG00000229348	4	1	3
ENSG00000242485	788	440	474
ENSG00000264293	0	0	0
ENSG00000272455	28	14	14
ENSG00000225905	0	1	0
ENSG00000225285	8	7	1
ENSG00000179403	893	448	445
ENSG00000215915	76	31	45
ENSG00000236085	0	0	0
ENSG00000234441	0	0	0
ENSG00000227408	0	0	0
ENSG00000223635	0	0	0
ENSG00000135776	447	226	221
ENSG00000199672	2	0	2
ENSG00000201492	3	2	1
ENSG00000229367	0	0	0
ENSG00000135763	334	163	171
ENSG00000213028	1	0	1
ENSG00000225984	0	0	0
ENSG00000178828	52	41	33
ENSG00000235434	0	10	12
ENSG00000169914	431	220	211
ENSG00000188784	0	0	0
ENSG00000242688	0	0	0
ENSG00000177186	0	0	0
ENSG00000177174	0	0	0
ENSG00000269956	22	48	63
ENSG00000162456	0	0	0
ENSG00000079277	717	413	393
ENSG00000117407	16	5	11
ENSG00000237950	27	16	11
ENSG00000117408	341	171	170
ENSG00000285649	5	29	45
ENSG00000117410	1638	794	845
ENSG00000159214	130	67	76
ENSG00000196517	150	76	87
ENSG00000227163	0	0	0
ENSG00000271647	0	1	0
ENSG00000239560	0	0	0
ENSG00000196539	0	0	0
ENSG00000229255	0	0	0
ENSG00000203661	0	0	0
ENSG00000271934	0	0	0
ENSG00000224521	0	0	0
ENSG00000227102	0	0	0
ENSG00000183310	0	0	0
ENSG00000201602	0	0	0
ENSG00000271701	0	0	0
ENSG00000189181	0	0	0
ENSG00000187238	0	0	0
ENSG00000185962	0	0	0
ENSG00000226947	0	0	0
ENSG00000285753	0	0	0
ENSG00000187223	0	0	0
ENSG00000159455	0	0	0
ENSG00000187173	0	0	0
ENSG00000204501	0	0	0
ENSG00000228229	0	0	0
ENSG00000204481	0	0	0
ENSG00000204479	0	0	0
ENSG00000172031	6	3	3
ENSG00000233228	0	0	0
ENSG00000224678	0	0	0
ENSG00000233401	1	0	1
ENSG00000273487	2	0	2
ENSG00000226773	0	0	0
ENSG00000274481	0	0	0
ENSG00000228594	18	11	7
ENSG00000286989	8	6	3
ENSG00000272106	45	29	28
ENSG00000189409	15	8	7
ENSG00000272004	1	16	22
ENSG00000189339	728	373	392
ENSG00000269737	66	39	27
ENSG00000215914	0	0	0
ENSG00000008128	60	28	32
ENSG00000268575	32	36	23
ENSG00000227775	90	59	60
ENSG00000008130	1410	738	673
ENSG00000078369	4176	1998	2178
ENSG00000178821	33	14	19
ENSG00000158477	14	3	11
ENSG00000230942	0	0	0
ENSG00000158481	147	71	76
ENSG00000158485	1	1	0
ENSG00000158488	16	7	9
ENSG00000186306	0	0	0
ENSG00000203758	0	0	0
ENSG00000236257	2	2	0
ENSG00000236656	0	0	0
ENSG00000198703	0	0	0
ENSG00000227445	0	0	0
ENSG00000231434	0	0	0
ENSG00000117505	1001	491	536
ENSG00000229635	2	1	1
ENSG00000207379	0	0	0
ENSG00000212601	0	0	0
ENSG00000162889	2824	1348	1476
ENSG00000224114	19	10	9
ENSG00000199349	2	1	1
ENSG00000162892	21	55	53
ENSG00000162894	340	234	193
ENSG00000271680	7	3	4
ENSG00000226945	4	3	1
ENSG00000162896	48075	23948	24127
ENSG00000162897	32	17	15
ENSG00000182795	282	140	142
ENSG00000198890	265	127	138
ENSG00000224550	2	2	0
ENSG00000142669	1171	801	757
ENSG00000169442	312	281	232
ENSG00000225854	8	5	3
ENSG00000176083	2	0	2
ENSG00000229167	51	24	27
ENSG00000142910	1810	895	915
ENSG00000162517	596	326	320
ENSG00000235790	20	51	36
ENSG00000264078	1	1	0
ENSG00000241745	0	0	0
ENSG00000228407	2	2	0
ENSG00000223429	1	1	0
ENSG00000224255	1	1	0
ENSG00000236004	0	0	0
ENSG00000237663	0	0	0
ENSG00000213735	2	0	2
ENSG00000272100	1	17	16
ENSG00000287078	2	0	2
ENSG00000224680	3	2	1
ENSG00000085840	140	78	62
ENSG00000283445	8	4	4
ENSG00000272226	1	1	0
ENSG00000231740	0	0	0
ENSG00000143751	660	315	345
ENSG00000272562	5	3	2
ENSG00000163041	528	296	232
ENSG00000225518	6	3	3
ENSG00000270598	2	1	1
ENSG00000182827	1163	623	653
ENSG00000234478	4	65	52
ENSG00000223570	0	0	0
ENSG00000185155	32	17	15
ENSG00000236773	2	1	1
ENSG00000143753	919	466	453
ENSG00000201898	0	0	0
ENSG00000237101	2	33	13
ENSG00000143748	383	202	225
ENSG00000221406	2	0	2
ENSG00000229742	1	1	0
ENSG00000206887	0	0	0
ENSG00000143771	612	299	313
ENSG00000266