N_unmapped	313071	313071	313071
N_multimapping	2815711	2815711	2815711
N_noFeature	2277192	12898619	12553625
N_ambiguous	2327980	589344	561490
ENSG00000160072	1833	910	923
ENSG00000234396	1	3	1
ENSG00000225972	8988	2390	6598
ENSG00000224315	1	1	0
ENSG00000198744	57	24	33
ENSG00000279928	2	2	0
ENSG00000228037	115	57	58
ENSG00000142611	90	51	39
ENSG00000225630	1208	562	646
ENSG00000284616	0	0	0
ENSG00000157911	332	1094	1060
ENSG00000269896	87	41	46
ENSG00000237973	5612	36153	30879
ENSG00000228463	8	4	5
ENSG00000260972	0	0	0
ENSG00000157933	881	429	452
ENSG00000224340	1	0	1
ENSG00000226545	0	0	0
ENSG00000268663	0	0	0
ENSG00000226374	0	0	0
ENSG00000229280	0	0	0
ENSG00000142655	565	322	289
ENSG00000232596	0	0	0
ENSG00000235054	0	0	0
ENSG00000232663	0	0	0
ENSG00000240409	0	0	0
ENSG00000229344	32	27	16
ENSG00000231510	0	0	0
ENSG00000149527	289	142	147
ENSG00000284739	0	0	0
ENSG00000171621	1254	608	646
ENSG00000272235	21	7	14
ENSG00000284694	0	0	0
ENSG00000230021	1	13	19
ENSG00000287356	23	14	18
ENSG00000224387	3	1	2
ENSG00000285629	0	0	0
ENSG00000173673	1	1	0
ENSG00000142583	149	73	76
ENSG00000284674	0	0	0
ENSG00000272161	3	1	2
ENSG00000237094	4	1	4
ENSG00000224338	0	0	0
ENSG00000074800	17002	8472	8536
ENSG00000116786	1472	804	829
ENSG00000287727	5	4	1
ENSG00000228423	2	2	0
ENSG00000286448	0	0	1
ENSG00000131686	0	1	0
ENSG00000229305	0	0	0
ENSG00000284703	0	0	0
ENSG00000226457	2	2	0
ENSG00000173614	648	309	340
ENSG00000248527	16714	9069	7646
ENSG00000215720	3	2	1
ENSG00000241326	0	0	0
ENSG00000233623	7	2	5
ENSG00000162592	0	5	4
ENSG00000116254	26	14	12
ENSG00000233645	0	0	0
ENSG00000204624	7	3	5
ENSG00000142606	52	414	423
ENSG00000235146	0	0	0
ENSG00000225931	34	20	14
ENSG00000171729	614	315	312
ENSG00000279457	190	85	106
ENSG00000162571	29	13	17
ENSG00000229393	4	3	1
ENSG00000037637	629	324	305
ENSG00000287586	0	0	0
ENSG00000159423	261	134	127
ENSG00000142599	2678	1074	1604
ENSG00000227169	0	0	0
ENSG00000283356	0	0	0
ENSG00000011021	387	195	200
ENSG00000142615	1	1	0
ENSG00000215704	4	2	8
ENSG00000157916	2604	2304	2122
ENSG00000157881	831	399	432
ENSG00000238290	3	3	0
ENSG00000225387	0	0	0
ENSG00000048707	1410	692	718
ENSG00000158748	3	1	2
ENSG00000225196	0	0	0
ENSG00000162444	41	17	24
ENSG00000279625	0	0	0
ENSG00000180758	429	201	228
ENSG00000184677	672	335	337
ENSG00000230679	2	3	5
ENSG00000270136	0	0	0
ENSG00000288398	170	77	93
ENSG00000224621	11	5	6
ENSG00000285833	0	0	1
ENSG00000131697	306	155	152
ENSG00000284692	0	0	0
ENSG00000284745	0	0	0
ENSG00000280222	4	1	3
ENSG00000227634	0	0	0
ENSG00000285945	0	0	0
ENSG00000229162	1	1	0
ENSG00000197921	22	15	7
ENSG00000233755	0	0	0
ENSG00000233929	3	0	3
ENSG00000271742	0	0	0
ENSG00000226396	108	41	67
ENSG00000169504	1269	653	616
ENSG00000234166	0	63	32
ENSG00000235282	0	0	0
ENSG00000055070	1883	1198	1268
ENSG00000175087	323	167	156
ENSG00000157191	1444	661	785
ENSG00000284699	0	0	0
ENSG00000230035	0	0	0
ENSG00000235185	0	0	0
ENSG00000225643	5	1	4
ENSG00000284666	0	0	0
ENSG00000228943	0	0	0
ENSG00000234397	0	0	0
ENSG00000284309	1	1	0
ENSG00000162511	1580	1466	1422
ENSG00000158014	1	0	1
ENSG00000204138	1474	717	757
ENSG00000233419	0	0	0
ENSG00000235263	0	0	0
ENSG00000228176	0	0	0
ENSG00000231251	0	0	0
ENSG00000142675	1278	565	713
ENSG00000197245	83	44	39
ENSG00000261025	0	0	0
ENSG00000116237	1839	965	940
ENSG00000130772	657	315	342
ENSG00000215899	0	0	0
ENSG00000271398	6	5	1
ENSG00000225011	0	0	0
ENSG00000235069	0	0	0
ENSG00000284676	0	0	0
ENSG00000237058	0	0	0
ENSG00000233399	0	0	0
ENSG00000090020	1918	908	1010
ENSG00000157978	1355	669	686
ENSG00000226944	38	18	27
ENSG00000270282	5	4	1
ENSG00000130770	2675	2222	2338
ENSG00000229044	0	66	40
ENSG00000162512	1049	504	545
ENSG00000158006	740	352	388
ENSG00000214812	0	0	0
ENSG00000126698	1448	742	706
ENSG00000229447	8	5	3
ENSG00000229607	0	0	0
ENSG00000130766	993	475	518
ENSG00000168528	7035	3511	3524
ENSG00000196581	26	10	16
ENSG00000169403	230	106	124
ENSG00000084628	4	3	1
ENSG00000060688	805	412	393
ENSG00000171612	265	126	139
ENSG00000270927	0	0	0
ENSG00000188910	617	295	322
ENSG00000230523	0	0	0
ENSG00000116138	568	297	358
ENSG00000158161	589	271	318
ENSG00000142684	0	250	250
ENSG00000234619	1	0	1
ENSG00000121769	48	24	24
ENSG00000142627	283	135	148
ENSG00000284668	0	0	0
ENSG00000233234	0	0	0
ENSG00000142632	375	222	248
ENSG00000234593	3	0	3
ENSG00000158292	862	455	407
ENSG00000270605	172	80	92
ENSG00000189337	331	235	220
ENSG00000232912	13	3	10
ENSG00000235084	7	4	3
ENSG00000235143	0	0	0
ENSG00000225478	0	0	0
ENSG00000225077	7	11	17
ENSG00000028137	1079	524	555
ENSG00000238249	0	0	0
ENSG00000204464	5	3	2
ENSG00000233372	0	0	0
ENSG00000283259	0	0	0
ENSG00000284543	18	7	11
ENSG00000130939	716	336	380
ENSG00000175147	104	117	124
ENSG00000127472	27	11	16
ENSG00000060656	278	136	142
ENSG00000163867	437	208	229
ENSG00000232768	0	0	0
ENSG00000230214	0	0	0
ENSG00000189280	11	5	6
ENSG00000134698	436	207	229
ENSG00000134690	320	162	158
ENSG00000272420	20	9	11
ENSG00000132881	106	61	45
ENSG00000273274	0	0	0
ENSG00000116251	3465	1713	1787
ENSG00000272510	2	15	13
ENSG00000158286	632	354	366
ENSG00000236648	0	0	0
ENSG00000232273	3	2	1
ENSG00000009709	0	0	0
ENSG00000287396	0	0	0
ENSG00000223589	0	0	0
ENSG00000158008	11	5	6
ENSG00000130940	589	468	472
ENSG00000116771	597	327	331
ENSG00000237301	0	0	0
ENSG00000162585	896	692	675
ENSG00000163879	239	129	125
ENSG00000227527	3	2	1
ENSG00000116954	355	161	194
ENSG00000228589	32	32	0
ENSG00000163873	126	71	55
ENSG00000117215	108	58	50
ENSG00000196449	245	147	237
ENSG00000230163	0	29	43
ENSG00000227538	0	0	0
ENSG00000232208	0	0	0
ENSG00000236500	0	0	0
ENSG00000044012	150	79	71
ENSG00000179051	2173	1498	1459
ENSG00000215895	0	0	0
ENSG00000231868	10	11	6
ENSG00000284650	0	0	0
ENSG00000237329	1	1	0
ENSG00000236948	1	0	1
ENSG00000126067	1867	914	953
ENSG00000274944	0	0	0
ENSG00000132906	429	216	219
ENSG00000197312	801	401	400
ENSG00000284748	0	0	0
ENSG00000272078	55	209	197
ENSG00000173660	4664	2251	2413
ENSG00000224592	0	0	0
ENSG00000233728	0	58	96
ENSG00000230451	0	0	0
ENSG00000231606	4	4	0
ENSG00000215900	0	0	0
ENSG00000284632	0	0	0
ENSG00000241014	8	2	6
ENSG00000054118	2077	999	1078
ENSG00000254553	0	0	0
ENSG00000284653	0	0	0
ENSG00000237749	2	1	1
ENSG00000276747	0	0	0
ENSG00000284705	0	0	0
ENSG00000228776	0	0	0
ENSG00000159339	8	1	7
ENSG00000223814	0	0	0
ENSG00000197982	1056	488	707
ENSG00000261781	0	0	0
ENSG00000183317	2250	1084	1166
ENSG00000183386	195	97	98
ENSG00000284743	0	0	0
ENSG00000158315	696	399	392
ENSG00000204084	714	516	491
ENSG00000186973	2	0	2
ENSG00000271806	16	36	46
ENSG00000146463	642	298	362
ENSG00000279214	4	1	3
ENSG00000183520	461	216	245
ENSG00000271741	0	0	0
ENSG00000214141	0	0	0
ENSG00000142686	176	88	88
ENSG00000224751	3	3	0
ENSG00000279096	1	1	0
ENSG00000117148	12	8	4
ENSG00000230585	0	0	2
ENSG00000117000	345	179	166
ENSG00000284989	0	0	0
ENSG00000231630	0	0	0
ENSG00000092853	87	45	46
ENSG00000255811	0	0	1
ENSG00000134697	1193	566	642
ENSG00000187513	94	31	63
ENSG00000238145	0	0	0
ENSG00000225142	0	0	0
ENSG00000230138	3	3	0
ENSG00000223390	3	19	38
ENSG00000285823	0	0	0
ENSG00000284720	0	0	0
ENSG00000225028	1	1	1
ENSG00000225671	0	0	0
ENSG00000116151	203	86	126
ENSG00000226147	0	0	0
ENSG00000182873	130	64	73
ENSG00000006555	1203	608	595
ENSG00000236111	0	0	0
ENSG00000066056	342	155	187
ENSG00000214114	509	243	266
ENSG00000173436	472	123	353
ENSG00000116544	55	29	26
ENSG00000231900	0	0	0
ENSG00000236723	9	463	428
ENSG00000232467	0	0	0
ENSG00000117016	162	80	82
ENSG00000121310	4099	2010	2089
ENSG00000169213	144	70	74
ENSG00000163866	992	519	545
ENSG00000225779	0	0	0
ENSG00000284601	0	0	0
ENSG00000237130	1	0	1
ENSG00000143001	102	109	141
ENSG00000229716	0	0	0
ENSG00000226133	2	2	0
ENSG00000227416	0	0	0
ENSG00000232335	0	3	1
ENSG00000260971	2	0	3
ENSG00000259832	0	0	0
ENSG00000284696	0	0	0
ENSG00000238242	0	0	0
ENSG00000285839	0	0	0
ENSG00000237290	0	0	0
ENSG00000232762	0	0	0
ENSG00000117419	1026	506	520
ENSG00000162384	977	574	537
ENSG00000162391	112	393	393
ENSG00000174348	582	344	420
ENSG00000154198	2	0	2
ENSG00000117859	873	416	465
ENSG00000228121	0	0	0
ENSG00000253313	936	480	456
ENSG00000162396	239	118	121
ENSG00000203995	1	0	1
ENSG00000227742	12	8	7
ENSG00000284686	4	3	1
ENSG00000162378	450	219	231
ENSG00000233079	0	0	0
ENSG00000259818	1	0	1
ENSG00000229444	0	0	0
ENSG00000240563	66	29	37
ENSG00000234318	0	0	0
ENSG00000284773	41	15	26
ENSG00000234481	0	0	0
ENSG00000117862	101	71	30
ENSG00000235612	0	1	0
ENSG00000228369	1	1	0
ENSG00000183431	1540	766	774
ENSG00000227485	0	0	0
ENSG00000224609	16	8	12
ENSG00000235545	10	8	2
ENSG00000236646	0	0	0
ENSG00000169174	44	20	24
ENSG00000232198	0	0	0
ENSG00000238063	1	0	1
ENSG00000227104	0	0	0
ENSG00000243725	37	21	16
ENSG00000171872	0	0	0
ENSG00000162407	987	470	517
ENSG00000285079	0	0	0
ENSG00000169218	34	11	23
ENSG00000163877	356	178	178
ENSG00000228929	15	5	10
ENSG00000224570	1	1	0
ENSG00000224980	3	0	3
ENSG00000278967	1	0	1
ENSG00000157184	883	911	988
ENSG00000272491	17	14	13
ENSG00000198815	829	436	393
ENSG00000134744	339	176	163
ENSG00000233910	0	0	0
ENSG00000287703	4	4	0
ENSG00000283039	0	0	0
ENSG00000229032	0	0	0
ENSG00000229294	0	0	0
ENSG00000232993	0	120	59
ENSG00000234088	0	0	0
ENSG00000236973	1	0	1
ENSG00000227947	13	3	10
ENSG00000277397	0	0	0
ENSG00000271200	15	5	10
ENSG00000235446	0	0	0
ENSG00000261196	0	0	0
ENSG00000162385	648	327	321
ENSG00000231413	0	0	0
ENSG00000234264	1	1	0
ENSG00000242391	0	0	0
ENSG00000223883	0	0	0
ENSG00000284808	0	0	0
ENSG00000242267	3	3	0
ENSG00000237227	0	0	0
ENSG00000275350	0	0	0
ENSG00000116652	4	2	2
ENSG00000123080	284	138	152
ENSG00000285778	0	0	0
ENSG00000077549	6275	3135	3144
ENSG00000233407	0	0	0
ENSG00000225675	0	0	0
ENSG00000237622	0	0	0
ENSG00000162598	0	0	0
ENSG00000280317	0	0	0
ENSG00000162415	255	125	136
ENSG00000162600	388	192	196
ENSG00000116704	1044	532	512
ENSG00000227644	0	1	2
ENSG00000157193	70	59	60
ENSG00000116205	351	180	201
ENSG00000198841	80	34	46
ENSG00000116212	440	221	219
ENSG00000234204	0	0	0
ENSG00000233099	0	0	0
ENSG00000233994	5	4	1
ENSG00000237180	0	0	0
ENSG00000213561	3	3	0
ENSG00000233973	0	0	0
ENSG00000237552	0	0	0
ENSG00000132854	67	37	30
ENSG00000227556	0	0	0
ENSG00000162616	188	102	86
ENSG00000162607	533	253	280
ENSG00000233602	6	2	4
ENSG00000233271	0	85	63
ENSG00000285954	1	0	1
ENSG00000233333	1	0	1
ENSG00000154027	33	19	14
ENSG00000234108	0	0	0
ENSG00000232676	0	0	0
ENSG00000225167	0	0	0
ENSG00000132122	141	62	79
ENSG00000213579	1	0	1
ENSG00000137960	704	362	342
ENSG00000237852	2	2	0
ENSG00000116745	1	1	0
ENSG00000132855	1	1	1
ENSG00000285407	0	0	0
ENSG00000272855	0	0	0
ENSG00000270549	0	0	0
ENSG00000237163	0	0	0
ENSG00000229636	0	0	0
ENSG00000116675	29	16	13
ENSG00000162433	275	141	134
ENSG00000213625	1340	652	688
ENSG00000227207	0	0	0
ENSG00000227016	0	0	0
ENSG00000233664	0	0	0
ENSG00000158966	124	63	61
ENSG00000213703	0	0	0
ENSG00000203965	72	37	37
ENSG00000223479	0	0	0
ENSG00000233674	0	0	0
ENSG00000153898	250	122	128
ENSG00000117069	70	29	41
ENSG00000125703	173	84	89
ENSG00000285041	0	0	0
ENSG00000285808	0	0	0
ENSG00000229440	0	0	0
ENSG00000234144	0	0	0
ENSG00000213540	1	0	1
ENSG00000277670	0	0	0
ENSG00000227466	0	0	0
ENSG00000154007	0	0	0
ENSG00000230498	1	1	0
ENSG00000285782	0	0	0
ENSG00000162618	180	90	90
ENSG00000224493	0	0	0
ENSG00000131233	0	0	0
ENSG00000272371	0	0	0
ENSG00000287647	0	0	0
ENSG00000229225	0	0	0
ENSG00000230863	0	0	0
ENSG00000213560	1	1	0
ENSG00000287224	0	0	0
ENSG00000225598	0	0	0
ENSG00000286455	0	0	0
ENSG00000225087	0	0	0
ENSG00000224986	1	1	0
ENSG00000280378	23	10	13
ENSG00000188786	322	166	156
ENSG00000230053	0	0	0
ENSG00000137941	80	38	42
ENSG00000273338	5	0	5
ENSG00000223720	0	0	0
ENSG00000224326	0	0	0
ENSG00000286548	9	6	3
ENSG00000066135	431	345	342
ENSG00000230027	0	0	0
ENSG00000233061	1	0	1
ENSG00000272094	2	0	2
ENSG00000228853	0	0	0
ENSG00000215874	0	0	0
ENSG00000232453	61	24	37
ENSG00000260386	0	0	0
ENSG00000284895	0	0	0
ENSG00000117174	312	152	160
ENSG00000237413	2	0	2
ENSG00000184313	112	44	68
ENSG00000284645	0	0	0
ENSG00000225605	0	0	0
ENSG00000225446	0	0	0
ENSG00000288543	1	1	0
ENSG00000122420	34	19	15
ENSG00000284240	2	2	0
ENSG00000236290	0	0	0
ENSG00000143013	575	260	315
ENSG00000226084	6	4	2
ENSG00000134748	1184	560	624
ENSG00000142892	362	183	179
ENSG00000219102	0	0	0
ENSG00000184005	77	42	35
ENSG00000230953	14	10	4
ENSG00000287743	10	4	6
ENSG00000229332	0	0	0
ENSG00000227937	0	0	0
ENSG00000229752	0	0	0
ENSG00000237505	4	2	2
ENSG00000285462	0	0	0
ENSG00000233216	0	0	0
ENSG00000197273	1929	960	969
ENSG00000226804	0	0	0
ENSG00000285325	0	0	0
ENSG00000230728	6	1	5
ENSG00000162402	1092	576	516
ENSG00000232846	0	0	0
ENSG00000219201	0	0	0
ENSG00000230787	0	0	0
ENSG00000116641	640	276	365
ENSG00000235927	3	3	7
ENSG00000223920	0	0	0
ENSG00000237453	7	2	5
ENSG00000172260	184	90	96
ENSG00000285473	0	0	0
ENSG00000237959	0	0	0
ENSG00000231364	0	0	0
ENSG00000234578	0	0	0
ENSG00000117480	3338	1633	1705
ENSG00000137944	541	260	281
ENSG00000229505	0	0	0
ENSG00000228187	0	0	0
ENSG00000285201	0	0	0
ENSG00000182183	10	8	2
ENSG00000236407	0	0	0
ENSG00000271949	0	0	0
ENSG00000227062	0	0	0
ENSG00000067334	862	370	492
ENSG00000235011	0	0	0
ENSG00000235673	0	0	0
ENSG00000226938	0	0	0
ENSG00000213559	0	0	0
ENSG00000287587	0	0	0
ENSG00000142949	7605	3689	3916
ENSG00000116133	1248	608	707
ENSG00000232882	0	0	0
ENSG00000171502	26	12	14
ENSG00000162399	2	1	1
ENSG00000116157	76	38	38
ENSG00000143036	1514	744	770
ENSG00000232672	0	0	0
ENSG00000230817	0	0	0
ENSG00000235613	0	0	0
ENSG00000065243	631	318	313
ENSG00000226759	0	0	0
ENSG00000226960	0	0	0
ENSG00000234080	0	0	0
ENSG00000237899	1	0	1
ENSG00000225492	17	10	7
ENSG00000223905	1	0	1
ENSG00000227290	0	0	0
ENSG00000229486	0	0	0
ENSG00000282898	0	0	0
ENSG00000285409	0	0	0
ENSG00000231090	1	1	0
ENSG00000117528	1267	606	661
ENSG00000271723	5	2	3
ENSG00000172339	328	144	184
ENSG00000036549	495	231	264
ENSG00000287724	1	7	26
ENSG00000058799	612	302	310
ENSG00000225191	0	0	0
ENSG00000287870	0	0	0
ENSG00000235563	9	8	1
ENSG00000232048	0	0	0
ENSG00000232857	1	1	0
ENSG00000273637	0	0	0
ENSG00000203985	4	1	3
ENSG00000228838	0	0	0
ENSG00000283761	8	5	3
ENSG00000189433	6	5	2
ENSG00000230759	0	0	0
ENSG00000231866	0	0	0
ENSG00000179178	1113	558	558
ENSG00000142700	1	1	0
ENSG00000285525	0	0	0
ENSG00000236098	2	2	0
ENSG00000233514	2	0	2
ENSG00000127124	44	21	23
ENSG00000266993	8	12	15
ENSG00000223675	0	0	0
ENSG00000162604	387	184	203
ENSG00000229316	0	0	0
ENSG00000116171	2971	1436	1539
ENSG00000287406	9	7	2
ENSG00000225767	2	1	1
ENSG00000234099	0	0	0
ENSG00000137936	626	345	311
ENSG00000235308	1	0	1
ENSG00000232752	0	0	0
ENSG00000235829	1	0	1
ENSG00000143032	0	0	0
ENSG00000226745	0	0	0
ENSG00000178028	1721	862	859
ENSG00000280040	7	4	3
ENSG00000168710	2136	1114	1022
ENSG00000117519	1642	835	807
ENSG00000270507	0	0	0
ENSG00000238037	0	0	0
ENSG00000215869	0	0	0
ENSG00000134215	1338	665	673
ENSG00000227935	0	0	0
ENSG00000229887	1	0	1
ENSG00000228502	225	30	195
ENSG00000236268	0	0	0
ENSG00000271277	0	0	0
ENSG00000236888	0	0	0
ENSG00000279778	0	0	0
ENSG00000232015	0	0	0
ENSG00000230955	0	144	149
ENSG00000230828	0	0	0
ENSG00000188641	203	108	104
ENSG00000152078	275	144	131
ENSG00000237279	1	0	1
ENSG00000233359	0	0	0
ENSG00000237954	0	0	0
ENSG00000185668	5	1	4
ENSG00000171492	576	278	298
ENSG00000233129	0	0	0
ENSG00000170989	468	240	228
ENSG00000258634	122	80	84
ENSG00000233557	0	0	0
ENSG00000237897	0	0	0
ENSG00000116299	3920	1857	2064
ENSG00000137962	135	79	56
ENSG00000227832	0	0	0
ENSG00000286692	1	0	1
ENSG00000260464	5	2	5
ENSG00000237435	0	0	0
ENSG00000231996	0	0	0
ENSG00000273204	2	3	13
ENSG00000079739	2013	1096	1096
ENSG00000117154	58	29	29
ENSG00000162377	454	248	206
ENSG00000224613	1	1	0
ENSG00000215871	0	0	0
ENSG00000287372	0	0	0
ENSG00000232542	0	0	0
ENSG00000231095	0	0	0
ENSG00000116774	678	346	332
ENSG00000287756	5	1	4
ENSG00000269113	213	95	119
ENSG00000284652	3	2	1
ENSG00000023909	139	66	73
ENSG00000069702	535	287	248
ENSG00000232185	0	0	0
ENSG00000230489	0	0	0
ENSG00000228399	1	1	0
ENSG00000236776	0	0	0
ENSG00000285928	5	2	3
ENSG00000224685	0	0	0
ENSG00000287076	0	0	0
ENSG00000237480	0	0	0
ENSG00000271252	0	0	0
ENSG00000230427	0	0	0
ENSG00000235794	0	0	0
ENSG00000286758	0	0	0
ENSG00000237337	0	0	0
ENSG00000233983	0	0	0
ENSG00000198198	1057	1293	1321
ENSG00000225183	0	0	0
ENSG00000230402	0	0	0
ENSG00000116793	178	85	93
ENSG00000134201	217	117	100
ENSG00000238122	0	0	0
ENSG00000260879	0	11	13
ENSG00000213366	950	505	445
ENSG00000230864	0	0	0
ENSG00000283354	0	0	0
ENSG00000232918	0	0	0
ENSG00000236360	0	4	0
ENSG00000183298	1	3	0
ENSG00000234332	1	0	1
ENSG00000117525	1559	748	811
ENSG00000225079	4	1	3
ENSG00000226483	0	0	0
ENSG00000224238	1	0	1
ENSG00000229537	0	0	0
ENSG00000162699	0	0	0
ENSG00000162692	204	107	97
ENSG00000203914	0	0	0
ENSG00000270457	4	1	3
ENSG00000203858	0	0	0
ENSG00000231987	0	0	0
ENSG00000228057	3	2	1
ENSG00000261593	0	0	0
ENSG00000224445	0	0	0
ENSG00000229842	0	0	0
ENSG00000270631	0	0	0
ENSG00000229201	0	0	0
ENSG00000181656	3	2	1
ENSG00000122481	70	50	20
ENSG00000198162	462	237	225
ENSG00000238198	5	2	3
ENSG00000171517	26	15	11
ENSG00000228852	6	4	2
ENSG00000203864	0	0	0
ENSG00000233482	0	0	0
ENSG00000230250	0	0	0
ENSG00000232878	0	3	6
ENSG00000143079	719	370	349
ENSG00000232450	5	3	2
ENSG00000223575	1	0	1
ENSG00000230768	0	0	0
ENSG00000235202	0	0	0
ENSG00000272715	5	3	2
ENSG00000235038	0	0	0
ENSG00000143093	796	400	396
ENSG00000226415	26	7	19
ENSG00000085491	603	305	325
ENSG00000173947	7	3	4
ENSG00000241361	2	1	1
ENSG00000230434	0	0	0
ENSG00000230718	0	0	0
ENSG00000134198	137	62	75
ENSG00000235595	0	0	0
ENSG00000226053	0	0	0
ENSG00000226128	0	0	0
ENSG00000198799	609	323	322
ENSG00000279513	1	0	1
ENSG00000117620	1735	841	913
ENSG00000280186	8	5	3
ENSG00000223906	0	0	0
ENSG00000162688	466	252	214
ENSG00000197106	12	6	6
ENSG00000259946	0	0	0
ENSG00000236137	15	13	23
ENSG00000203859	0	0	0
ENSG00000228086	0	2	3
ENSG00000213421	0	0	0
ENSG00000234020	0	0	0
ENSG00000060718	19	9	10
ENSG00000236804	0	0	0
ENSG00000231072	0	0	0
ENSG00000273406	0	0	0
ENSG00000185946	174	86	88
ENSG00000162627	967	466	501
ENSG00000226715	0	0	2
ENSG00000162695	508	256	252
ENSG00000134184	324	231	214
ENSG00000265808	663	306	357
ENSG00000261290	0	0	0
ENSG00000225923	0	0	0
ENSG00000134247	1747	859	888
ENSG00000187481	0	0	0
ENSG00000116752	537	257	280
ENSG00000162664	678	352	326
ENSG00000236866	1	1	0
ENSG00000134253	113	46	67
ENSG00000277655	0	0	0
ENSG00000223416	2	1	1
ENSG00000213226	2	0	2
ENSG00000179571	3	3	0
ENSG00000227850	0	0	0
ENSG00000243967	0	0	0
ENSG00000235777	0	0	0
ENSG00000260246	0	72	49
ENSG00000173218	295	141	154
ENSG00000285532	0	0	0
ENSG00000226755	0	0	0
ENSG00000232650	1	0	1
ENSG00000183508	1714	859	855
ENSG00000277095	0	0	0
ENSG00000236806	5	2	3
ENSG00000234283	0	0	0
ENSG00000237188	2	1	1
ENSG00000232780	0	0	0
ENSG00000274927	0	0	0
ENSG00000264145	0	0	0
ENSG00000238256	0	0	0
ENSG00000198765	0	0	0
ENSG00000224335	0	0	0
ENSG00000277702	13	8	5
ENSG00000143398	650	297	353
ENSG00000196505	260	140	120
ENSG00000225871	1	5	4
ENSG00000223489	0	0	0
ENSG00000230546	0	0	0
ENSG00000213262	0	0	0
ENSG00000287015	0	0	0
ENSG00000241720	2	73	30
ENSG00000235526	2	0	2
ENSG00000228347	0	0	0
ENSG00000276975	4	4	0
ENSG00000236012	0	0	0
ENSG00000270911	0	0	0
ENSG00000272824	11	7	4
ENSG00000134200	0	0	0
ENSG00000234257	0	0	0
ENSG00000065183	461	250	243
ENSG00000227082	1	1	0
ENSG00000228626	0	0	0
ENSG00000226126	0	0	0
ENSG00000163393	47	23	24
ENSG00000163156	621	316	314
ENSG00000143631	1	1	1
ENSG00000156150	0	18	24
ENSG00000228453	0	0	0
ENSG00000274642	1	1	0
ENSG00000177551	3	0	3
ENSG00000197323	408	207	201
ENSG00000237975	6	3	4
ENSG00000261168	1	1	0
ENSG00000287980	0	0	0
ENSG00000229283	0	0	0
ENSG00000271419	0	0	0
ENSG00000226172	0	0	0
ENSG00000079335	119	63	61
ENSG00000143119	805	379	426
ENSG00000237278	0	17	19
ENSG00000285062	0	0	0
ENSG00000233432	0	0	0
ENSG00000227700	0	0	0
ENSG00000229911	0	0	0
ENSG00000143520	0	0	0
ENSG00000171943	33	19	14
ENSG00000270719	0	0	0
ENSG00000155761	1	9	24
ENSG00000230806	0	0	0
ENSG00000116830	312	143	169
ENSG00000234422	0	0	0
ENSG00000227056	0	0	0
ENSG00000143614	524	258	266
ENSG00000227091	0	0	0
ENSG00000169418	231	122	109
ENSG00000214204	0	0	0
ENSG00000081026	577	278	299
ENSG00000225650	0	0	0
ENSG00000227179	2	0	2
ENSG00000224965	5	3	2
ENSG00000228127	0	0	0
ENSG00000226984	0	0	0
ENSG00000186150	0	0	0
ENSG00000143554	1184	585	599
ENSG00000143458	700	357	343
ENSG00000230932	0	0	0
ENSG00000073754	2	2	0
ENSG00000228826	0	0	0
ENSG00000233907	0	0	0
ENSG00000225036	0	0	0
ENSG00000228420	0	0	0
ENSG00000233839	1	0	1
ENSG00000250890	0	0	0
ENSG00000232240	0	0	0
ENSG00000280649	51	29	26
ENSG00000131781	566	273	300
ENSG00000223599	1	0	1
ENSG00000230921	0	0	0
ENSG00000286151	0	0	0
ENSG00000234388	0	0	0
ENSG00000235015	0	0	0
ENSG00000271736	0	0	0
ENSG00000235988	0	0	0
ENSG00000233717	0	0	0
ENSG00000231551	49	20	29
ENSG00000227295	4	0	4
ENSG00000163155	183	82	102
ENSG00000243613	0	9	9
ENSG00000241975	3	0	3
ENSG00000271143	0	0	0
ENSG00000270976	0	0	0
ENSG00000228217	0	0	0
ENSG00000270342	0	0	0
ENSG00000143552	3	1	2
ENSG00000175984	52	27	25
ENSG00000231100	0	0	0
ENSG00000116824	268	125	143
ENSG00000235887	0	0	0
ENSG00000237460	1	0	1
ENSG00000236327	3	0	3
ENSG00000223804	13	12	1
ENSG00000236887	0	0	0
ENSG00000024526	71	39	36
ENSG00000236480	1	1	0
ENSG00000235756	0	0	0
ENSG00000173810	0	0	0
ENSG00000235005	0	0	0
ENSG00000271890	0	0	0
ENSG00000238107	0	0	0
ENSG00000227425	0	0	0
ENSG00000233222	0	5	5
ENSG00000225279	5	2	3
ENSG00000229101	0	0	0
ENSG00000224927	0	0	0
ENSG00000239216	0	0	0
ENSG00000283360	9	7	2
ENSG00000117262	114	50	64
ENSG00000227907	2	1	1
ENSG00000143624	1993	1036	1004
ENSG00000227970	0	0	0
ENSG00000261055	0	0	0
ENSG00000231613	0	0	0
ENSG00000137947	585	273	312
ENSG00000236689	0	0	0
ENSG00000233589	0	0	4
ENSG00000117586	14	6	8
ENSG00000230946	1	1	0
ENSG00000226028	0	0	0
ENSG00000162728	5	4	1
ENSG00000229021	1	1	0
ENSG00000203825	0	0	0
ENSG00000184371	1605	782	823
ENSG00000233449	0	0	0
ENSG00000242943	0	0	0
ENSG00000233203	4	3	1
ENSG00000232499	9	4	5
ENSG00000232265	3	3	2
ENSG00000163154	80	34	47
ENSG00000232995	17	13	4
ENSG00000236957	0	0	0
ENSG00000238087	0	0	0
ENSG00000227777	0	0	0
ENSG00000177173	4	4	0
ENSG00000277406	11	1	10
ENSG00000238022	0	0	0
ENSG00000231671	0	0	0
ENSG00000162729	2468	1249	1219
ENSG00000143158	1811	1272	1592
ENSG00000271092	3	3	0
ENSG00000238118	0	0	0
ENSG00000276118	0	0	0
ENSG00000232148	0	0	0
ENSG00000278811	6	10	15
ENSG00000000460	64	158	147
ENSG00000188859	67	41	27
ENSG00000275075	0	0	0
ENSG00000135862	1831	896	935
ENSG00000232952	0	0	0
ENSG00000158473	302	136	166
ENSG00000227722	0	0	0
ENSG00000285922	0	0	0
ENSG00000275801	1	0	1
ENSG00000143198	3313	1617	1696
ENSG00000143318	13	7	6
ENSG00000232188	0	0	0
ENSG00000232212	0	0	0
ENSG00000143621	2740	1396	1348
ENSG00000241042	0	0	0
ENSG00000143155	639	302	337
ENSG00000260322	0	0	0
ENSG00000223495	0	0	0
ENSG00000143156	87	505	313
ENSG00000198771	774	408	393
ENSG00000225462	1	0	1
ENSG00000237756	0	0	0
ENSG00000116147	5	4	1
ENSG00000213064	1175	590	605
ENSG00000203307	1	1	0
ENSG00000143179	714	476	465
ENSG00000271187	0	0	0
ENSG00000274562	0	0	0
ENSG00000143315	339	178	161
ENSG00000116199	859	432	427
ENSG00000231175	0	0	0
ENSG00000143185	8	6	2
ENSG00000235145	4	2	2
ENSG00000116260	9782	4854	4928
ENSG00000272931	39	20	19
ENSG00000143190	267	152	157
ENSG00000225475	0	0	0
ENSG00000230898	0	0	0
ENSG00000232223	0	0	0
ENSG00000224698	0	0	0
ENSG00000287697	0	2	1
ENSG00000075945	738	377	376
ENSG00000235303	0	0	0
ENSG00000234810	2	1	1
ENSG00000232750	0	0	0
ENSG00000224468	4	0	4
ENSG00000235628	0	0	0
ENSG00000232551	0	0	0
ENSG00000092607	6	2	4
ENSG00000238270	0	0	0
ENSG00000285894	0	0	0
ENSG00000236025	0	0	0
ENSG00000230687	0	0	0
ENSG00000230704	0	0	0
ENSG00000283255	0	0	0
ENSG00000227741	6	26	55
ENSG00000237049	1	1	0
ENSG00000286754	0	0	0
ENSG00000232751	0	0	0
ENSG00000236364	8	84	99
ENSG00000117091	213	201	196
ENSG00000235378	0	0	0
ENSG00000143171	55	32	23
ENSG00000275767	0	0	0
ENSG00000224718	0	0	0
ENSG00000047410	1401	825	782
ENSG00000231992	2	1	1
ENSG00000018625	266	133	133
ENSG00000171806	159	85	79
ENSG00000287919	1	1	0
ENSG00000229914	0	0	0
ENSG00000233882	0	0	0
ENSG00000198358	1	2	0
ENSG00000229407	15	14	9
ENSG00000134216	1	0	1
ENSG00000230748	0	0	0
ENSG00000254154	10	7	3
ENSG00000162694	162	93	83
ENSG00000238108	0	0	0
ENSG00000214262	0	10	10
ENSG00000183853	218	121	97
ENSG00000215835	3	3	0
ENSG00000118197	203	99	105
ENSG00000135842	569	274	295
ENSG00000229258	0	0	0
ENSG00000287472	0	0	0
ENSG00000241318	0	0	0
ENSG00000228238	1	0	1
ENSG00000232393	0	0	0
ENSG00000121454	27	32	47
ENSG00000184155	0	0	0
ENSG00000058085	708	370	338
ENSG00000260088	1	1	1
ENSG00000287978	45	16	29
ENSG00000116815	405	189	216
ENSG00000232917	0	0	0
ENSG00000233057	1	1	0
ENSG00000237131	0	0	0
ENSG00000233946	0	0	0
ENSG00000143167	8971	4393	4578
ENSG00000143184	5	4	2
ENSG00000231966	3	2	1
ENSG00000176320	0	0	0
ENSG00000260976	0	0	0
ENSG00000235215	0	0	0
ENSG00000223450	0	0	0
ENSG00000224691	0	0	0
ENSG00000286572	5	2	3
ENSG00000235101	2	1	1
ENSG00000228215	0	0	0
ENSG00000177807	8	6	2
ENSG00000233626	2	0	2
ENSG00000233691	0	0	0
ENSG00000283518	0	0	0
ENSG00000271527	1	0	1
ENSG00000143228	72	29	43
ENSG00000235827	0	0	0
ENSG00000231615	2	0	2
ENSG00000231714	0	0	0
ENSG00000174514	1642	901	858
ENSG00000143178	91	45	46
ENSG00000224837	0	0	0
ENSG00000116833	620	307	313
ENSG00000227740	21	13	9
ENSG00000260990	0	0	0
ENSG00000000457	297	269	264
ENSG00000143507	82	45	37
ENSG00000285638	0	0	0
ENSG00000226520	1	0	1
ENSG00000284592	0	0	0
ENSG00000230987	0	0	0
ENSG00000232527	0	0	0
ENSG00000215833	0	0	0
ENSG00000228167	0	0	0
ENSG00000225325	0	0	0
ENSG00000223344	0	0	0
ENSG00000228191	0	0	0
ENSG00000229961	0	0	0
ENSG00000150732	0	0	0
ENSG00000157064	30	15	16
ENSG00000288139	0	0	0
ENSG00000226015	63	24	39
ENSG00000215808	16	8	8
ENSG00000059588	1214	572	642
ENSG00000231512	0	0	0
ENSG00000237379	0	0	0
ENSG00000232959	0	8	7
ENSG00000122224	134	61	73
ENSG00000162782	34	21	13
ENSG00000238051	0	0	0
ENSG00000233196	2	2	0
ENSG00000229220	8	5	3
ENSG00000143653	1021	518	503
ENSG00000135837	512	240	272
ENSG00000158711	629	386	362
ENSG00000227747	0	0	0
ENSG00000228081	0	0	0
ENSG00000228020	0	0	0
ENSG00000234975	79	38	41
ENSG00000162851	496	233	263
ENSG00000271427	4	3	1
ENSG00000261817	0	0	0
ENSG00000143353	213	112	120
ENSG00000197965	2667	1295	1372
ENSG00000143493	303	150	153
ENSG00000230777	2	0	3
ENSG00000179397	14	8	6
ENSG00000224540	0	0	0
ENSG00000117592	6494	3112	3382
ENSG00000186197	8	6	2
ENSG00000229067	0	0	0
ENSG00000230231	1	1	0
ENSG00000227711	0	0	0
ENSG00000261182	0	0	0
ENSG00000228879	0	0	0
ENSG00000227925	0	0	0
ENSG00000162670	102	48	59
ENSG00000225712	0	0	0
ENSG00000162761	36	22	15
ENSG00000143199	7	3	4
ENSG00000179930	1	0	1
ENSG00000007908	7	2	5
ENSG00000092978	210	95	115
ENSG00000143499	554	275	279
ENSG00000188404	71	32	39
ENSG00000227735	0	0	0
ENSG00000243062	0	0	0
ENSG00000143196	624	278	346
ENSG00000228504	0	0	0
ENSG00000274702	0	0	0
ENSG00000226211	0	0	0
ENSG00000236942	2	2	2
ENSG00000287205	1	1	0
ENSG00000203697	1742	901	841
ENSG00000116574	485	254	231
ENSG00000287929	6	3	4
ENSG00000186283	1318	688	630
ENSG00000224896	0	0	0
ENSG00000226292	0	0	0
ENSG00000121481	203	111	92
ENSG00000227940	0	0	0
ENSG00000117139	1053	533	520
ENSG00000143248	1148	576	572
ENSG00000278455	0	0	0
ENSG00000224810	0	0	0
ENSG00000162814	24	13	13
ENSG00000225172	0	0	0
ENSG00000261642	0	0	0
ENSG00000228239	0	0	0
ENSG00000237283	0	0	0
ENSG00000116132	98	39	59
ENSG00000238042	1	0	1
ENSG00000271475	0	0	0
ENSG00000231877	0	0	0
ENSG00000116679	3118	1588	1530
ENSG00000228536	3	2	1
ENSG00000230550	0	2	3
ENSG00000229242	0	0	0
ENSG00000253326	9	5	4
ENSG00000228470	4	1	3
ENSG00000152092	14	7	7
ENSG00000234984	0	0	0
ENSG00000231648	0	0	0
ENSG00000229983	0	0	0
ENSG00000215149	0	0	0
ENSG00000225122	0	0	0
ENSG00000225920	1	0	1
ENSG00000143476	144	68	76
ENSG00000121486	330	157	173
ENSG00000228437	0	0	0
ENSG00000214837	7	3	4
ENSG00000057252	654	326	328
ENSG00000225982	4	3	1
ENSG00000285718	0	0	0
ENSG00000234070	0	0	2
ENSG00000233620	0	0	0
ENSG00000237783	0	0	0
ENSG00000272906	13	15	31
ENSG00000233018	0	0	0
ENSG00000123685	59	22	37
ENSG00000224783	0	0	0
ENSG00000162852	802	407	395
ENSG00000232792	2	1	1
ENSG00000273004	6	2	4
ENSG00000143842	820	412	408
ENSG00000268062	8	6	2
ENSG00000237409	0	0	0
ENSG00000116962	1180	575	605
ENSG00000288078	0	0	0
ENSG00000271399	0	0	0
ENSG00000229757	1	0	2
ENSG00000232679	0	0	0
ENSG00000159388	3065	1463	1602
ENSG00000220749	5	1	4
ENSG00000181450	110	57	53
ENSG00000223519	14	23	12
ENSG00000120333	500	252	279
ENSG00000286285	5	4	1
ENSG00000225300	4	2	2
ENSG00000223842	0	0	0
ENSG00000162753	0	0	0
ENSG00000228247	1	1	0
ENSG00000231424	7	5	2
ENSG00000143355	0	0	0
ENSG00000287177	0	0	0
ENSG00000237193	0	0	0
ENSG00000223490	0	0	0
ENSG00000121644	620	293	327
ENSG00000174502	0	0	0
ENSG00000224286	0	0	0
ENSG00000158715	483	263	220
ENSG00000143195	34	21	13
ENSG00000162849	23	12	11
ENSG00000232824	0	0	0
ENSG00000273416	6	1	5
ENSG00000234142	0	0	0
ENSG00000282111	0	0	0
ENSG00000233410	0	0	0
ENSG00000067533	346	176	170
ENSG00000228955	0	0	0
ENSG00000270443	0	0	0
ENSG00000116209	10208	5229	4979
ENSG00000224702	0	0	1
ENSG00000271811	1	1	0
ENSG00000224278	0	0	0
ENSG00000235492	0	0	0
ENSG00000287808	10	9	7
ENSG00000271588	2	1	1
ENSG00000229840	0	0	0
ENSG00000116161	1128	609	553
ENSG00000226486	0	0	0
ENSG00000227687	0	0	0
ENSG00000231814	0	0	0
ENSG00000286210	1	0	1
ENSG00000287364	6	1	5
ENSG00000225063	0	0	0
ENSG00000260698	38	19	19
ENSG00000277007	21	8	13
ENSG00000229016	0	0	0
ENSG00000077157	1943	1011	980
ENSG00000152104	153	82	73
ENSG00000236975	0	0	0
ENSG00000215834	0	0	0
ENSG00000286541	0	0	0
ENSG00000117650	86	39	47
ENSG00000235021	1	1	0
ENSG00000203724	53	20	33
ENSG00000225006	0	0	0
ENSG00000287633	0	0	0
ENSG00000158764	4	2	3
ENSG00000223375	0	0	0
ENSG00000230714	0	0	0
ENSG00000261065	0	7	8
ENSG00000260855	14	8	6
ENSG00000188783	680	337	343
ENSG00000236206	0	0	0
ENSG00000168118	1177	610	633
ENSG00000181101	1	0	1
ENSG00000173726	3087	1583	1504
ENSG00000282852	0	0	0
ENSG00000152382	180	95	85
ENSG00000143839	1	0	1
ENSG00000232100	0	0	0
ENSG00000261024	0	0	0
ENSG00000230547	1	0	1
ENSG00000229703	0	0	0
ENSG00000176754	1	0	1
ENSG00000232309	0	0	0
ENSG00000227953	44	29	36
ENSG00000232215	0	0	0
ENSG00000135829	2871	1428	1449
ENSG00000228289	2	0	2
ENSG00000134717	471	212	259
ENSG00000232989	0	0	0
ENSG00000233537	0	0	0
ENSG00000116668	117	54	63
ENSG00000143756	486	250	236
ENSG00000278180	0	0	0
ENSG00000143702	79	42	38
ENSG00000232341	0	0	0
ENSG00000287676	0	0	0
ENSG00000236792	0	0	0
ENSG00000143207	1154	595	559
ENSG00000270859	0	0	0
ENSG00000238224	0	0	0
ENSG00000286775	0	0	0
ENSG00000122176	990	461	529
ENSG00000229120	1	0	1
ENSG00000237492	0	0	0
ENSG00000230404	0	0	0
ENSG00000213036	1	0	1
ENSG00000227230	0	1	0
ENSG00000236230	0	0	0
ENSG00000026751	833	387	446
ENSG00000150681	23	13	12
ENSG00000116906	1127	505	622
ENSG00000092969	9	3	6
ENSG00000157181	564	258	306
ENSG00000250762	1	1	0
ENSG00000236720	0	0	0
ENSG00000227421	1	0	1
ENSG00000227240	2	1	1
ENSG00000076258	78	40	38
ENSG00000286073	0	0	0
ENSG00000231084	3	2	1
ENSG00000232085	0	0	0
ENSG00000117697	393	194	199
ENSG00000279333	0	9	18
ENSG00000235083	0	0	0
ENSG00000162669	5	0	5
ENSG00000197067	0	0	0
ENSG00000229652	0	0	0
ENSG00000132681	2	0	2
ENSG00000225904	0	0	0
ENSG00000270920	0	0	0
ENSG00000281664	0	0	0
ENSG00000143641	1287	1054	1088
ENSG00000227630	19	11	8
ENSG00000228830	0	937	782
ENSG00000010932	10	5	5
ENSG00000282849	0	0	0
ENSG00000276520	1	0	1
ENSG00000226640	0	0	0
ENSG00000010072	70	41	36
ENSG00000135766	107	61	46
ENSG00000232626	3	0	3
ENSG00000232096	0	0	0
ENSG00000279261	0	0	0
ENSG00000213051	0	0	0
ENSG00000238054	0	0	0
ENSG00000163534	18	6	12
ENSG00000168243	154	66	88
ENSG00000281453	0	0	0
ENSG00000237469	0	0	0
ENSG00000224939	1	1	0
ENSG00000227613	0	0	0
ENSG00000116183	43	26	17
ENSG00000270106	0	0	0
ENSG00000232194	2	0	2
ENSG00000235152	0	0	0
ENSG00000231612	0	0	0
ENSG00000237980	2	0	2
ENSG00000271036	0	0	0
ENSG00000230849	0	0	0
ENSG00000170382	116	54	62
ENSG00000228664	0	0	0
ENSG00000226868	0	0	0
ENSG00000279401	0	0	0
ENSG00000272362	0	0	0
ENSG00000287450	0	0	0
ENSG00000237011	0	0	0
ENSG00000233583	1	0	1
ENSG00000066027	1431	695	736
ENSG00000286263	1	0	1
ENSG00000227006	3	2	1
ENSG00000236372	0	0	0
ENSG00000224525	0	0	0
ENSG00000188770	0	0	0
ENSG00000173728	4	1	3
ENSG00000094975	332	184	148
ENSG00000225811	0	4	1
ENSG00000273093	0	0	0
ENSG00000162772	162	79	83
ENSG00000227818	0	0	0
ENSG00000135828	305	145	160
ENSG00000224227	0	0	0
ENSG00000286398	0	0	0
ENSG00000076356	1295	665	630
ENSG00000215819	0	0	2
ENSG00000185523	0	0	0
ENSG00000236108	0	0	0
ENSG00000116711	109	52	57
ENSG00000231684	5	3	2
ENSG00000226750	0	0	0
ENSG00000285665	7	4	3
ENSG00000231022	0	0	0
ENSG00000224436	0	0	0
ENSG00000228208	0	0	0
ENSG00000273384	3	1	2
ENSG00000238061	1	1	0
ENSG00000234915	2	1	1
ENSG00000143845	41	34	27
ENSG00000235862	1	2	1
ENSG00000069812	632	312	320
ENSG00000227585	0	0	0
ENSG00000157060	0	0	0
ENSG00000237213	0	0	0
ENSG00000236439	0	0	0
ENSG00000224260	0	0	0
ENSG00000213045	0	0	0
ENSG00000287220	0	0	0
ENSG00000230063	2	1	1
ENSG00000235467	0	0	0
ENSG00000123684	578	267	311
ENSG00000117707	113	55	59
ENSG00000228044	1	1	0
ENSG00000225338	4	2	2
ENSG00000224407	0	408	447
ENSG00000232463	0	0	0
ENSG00000237457	11	6	5
ENSG00000225171	16	7	9
ENSG00000226843	0	0	0
ENSG00000235386	0	0	0
ENSG00000123836	1826	911	919
ENSG00000213690	1	0	1
ENSG00000223982	0	0	0
ENSG00000229832	0	0	0
ENSG00000117691	773	350	423
ENSG00000225233	0	0	0
ENSG00000274895	5	1	4
ENSG00000237514	0	0	0
ENSG00000287856	0	0	0
ENSG00000228067	0	0	0
ENSG00000284299	0	0	0
ENSG00000226375	0	0	0
ENSG00000203705	175	90	85
ENSG00000224040	0	0	0
ENSG00000228686	4	3	1
ENSG00000279838	8	3	5
ENSG00000174175	70	39	31
ENSG00000236401	0	0	0
ENSG00000241475	0	0	0
ENSG00000215800	0	0	0
ENSG00000286421	0	0	0
ENSG00000270936	0	0	0
ENSG00000008118	5	2	3
ENSG00000171161	997	494	503
ENSG00000241505	0	0	0
ENSG00000224535	0	0	0
ENSG00000282097	0	0	0
ENSG00000261453	6	4	2
ENSG00000231020	0	0	0
ENSG00000270818	0	0	0
ENSG00000196878	1690	839	851
ENSG00000133059	246	128	118
ENSG00000225561	0	0	0
ENSG00000224668	0	0	0
ENSG00000242529	0	0	0
ENSG00000074964	4059	1995	2064
ENSG00000223847	0	0	0
ENSG00000277704	0	0	0
ENSG00000116918	385	164	228
ENSG00000274020	43	30	25
ENSG00000287445	8	4	4
ENSG00000259815	0	0	0
ENSG00000240963	0	0	0
ENSG00000226570	0	0	0
ENSG00000198929	61	30	31
ENSG00000272167	0	0	0
ENSG00000230628	2	2	0
ENSG00000162771	0	0	2
ENSG00000227579	1	0	1
ENSG00000176393	2167	1323	1338
ENSG00000174606	414	225	189
ENSG00000179914	22759	11319	11440
ENSG00000235750	646	322	324
ENSG00000284376	0	0	0
ENSG00000121446	1	1	0
ENSG00000226758	0	0	0
ENSG00000230199	0	0	0
ENSG00000236905	0	0	0
ENSG00000233304	0	0	0
ENSG00000288007	2	1	2
ENSG00000227887	0	0	0
ENSG00000116903	160	82	84
ENSG00000228255	0	0	0
ENSG00000226196	0	0	0
ENSG00000287354	0	1	0
ENSG00000233827	0	0	0
ENSG00000198797	3	1	2
ENSG00000271746	4	8	6
ENSG00000234233	3	1	2
ENSG00000151414	282	122	160
ENSG00000177614	100	49	51
ENSG00000223794	0	0	0
ENSG00000235182	0	0	0
ENSG00000213041	0	0	0
ENSG00000287157	0	0	0
ENSG00000233920	0	0	0
ENSG00000183831	1	1	0
ENSG00000225755	0	0	0
ENSG00000143858	48	44	52
ENSG00000197472	3	2	1
ENSG00000230184	2	0	2
ENSG00000234004	0	0	0
ENSG00000232436	0	0	0
ENSG00000231718	0	0	0
ENSG00000283952	0	0	0
ENSG00000230019	0	0	0
ENSG00000136643	230	113	117
ENSG00000232537	0	0	0
ENSG00000226036	0	0	0
ENSG00000285521	0	0	0
ENSG00000236317	0	0	0
ENSG00000176855	0	0	0
ENSG00000227728	0	0	0
ENSG00000133069	18	8	10
ENSG00000162877	3	1	2
ENSG00000233461	30	6	24
ENSG00000225401	1	1	0
ENSG00000228190	0	0	0
ENSG00000135747	4	1	3
ENSG00000227237	0	0	0
ENSG00000069248	559	268	291
ENSG00000232812	0	0	0
ENSG00000231666	2	2	0
ENSG00000226986	0	0	0
ENSG00000242042	0	0	0
ENSG00000234464	0	0	0
ENSG00000253148	0	0	0
ENSG00000227751	0	450	334
ENSG00000090104	752	370	382
ENSG00000285280	15	7	10
ENSG00000232892	0	0	0
ENSG00000236950	0	0	0
ENSG00000236468	0	0	0
ENSG00000143322	474	229	245
ENSG00000185220	206	104	102
ENSG00000226003	0	0	0
ENSG00000230813	0	0	0
ENSG00000226862	26	9	17
ENSG00000236101	0	0	0
ENSG00000162769	169	77	92
ENSG00000133065	225	108	117
ENSG00000278684	0	0	0
ENSG00000236775	0	0	0
ENSG00000042781	10	4	6
ENSG00000234754	1	1	0
ENSG00000233084	3	0	3
ENSG00000227815	6	1	5
ENSG00000287046	5	2	3
ENSG00000223774	2	112	95
ENSG00000228863	5	96	93
ENSG00000228646	0	0	0
ENSG00000229112	1	1	0
ENSG00000233332	1	1	0
ENSG00000231984	0	0	0
ENSG00000286213	0	0	0
ENSG00000226876	2	1	1
ENSG00000277462	53	24	29
ENSG00000225591	0	0	0
ENSG00000035687	583	295	288
ENSG00000213080	2	0	2
ENSG00000180287	5	4	1
ENSG00000226693	0	0	0
ENSG00000234678	222	337	420
ENSG00000231272	0	0	0
ENSG00000223828	0	0	0
ENSG00000163431	1024	625	604
ENSG00000230124	789	394	447
ENSG00000226723	0	0	0
ENSG00000272672	0	0	0
ENSG00000143473	4	19	12
ENSG00000228982	0	0	0
ENSG00000235096	1	0	1
ENSG00000237250	0	0	0
ENSG00000007341	278	235	281
ENSG00000286747	2	0	2
ENSG00000236069	0	0	0
ENSG00000236244	0	0	0
ENSG00000272865	0	0	0
ENSG00000117222	401	205	196
ENSG00000143324	428	217	211
ENSG00000229871	0	0	0
ENSG00000225222	0	0	0
ENSG00000118193	55	27	28
ENSG00000234116	0	0	0
ENSG00000231940	4	1	3
ENSG00000198842	3	2	1
ENSG00000286619	65	32	33
ENSG00000198756	18	10	8
ENSG00000259823	518	233	285
ENSG00000271558	0	0	0
ENSG00000227554	0	0	0
ENSG00000178596	0	0	0
ENSG00000135749	212	160	129
ENSG00000143786	19	9	12
ENSG00000224584	0	0	0
ENSG00000054282	305	203	210
ENSG00000183780	3	3	0
ENSG00000229663	0	0	0
ENSG00000162702	144	75	69
ENSG00000251508	0	0	0
ENSG00000238272	0	0	0
ENSG00000228530	0	0	0
ENSG00000235060	0	0	0
ENSG00000143194	3	0	3
ENSG00000229531	1	1	0
ENSG00000271329	0	0	0
ENSG00000054267	447	217	230
ENSG00000261831	0	0	0
ENSG00000287921	0	0	0
ENSG00000177800	0	0	0
ENSG00000225620	0	0	0
ENSG00000232166	0	0	0
ENSG00000175137	993	504	489
ENSG00000134245	396	321	312
ENSG00000234041	0	0	0
ENSG00000227373	3	3	0
ENSG00000231905	0	0	0
ENSG00000228175	14	3	11
ENSG00000069275	3014	1532	1482
ENSG00000143674	291	147	144
ENSG00000237317	2	1	1
ENSG00000187889	28	16	12
ENSG00000134375	1387	709	678
ENSG00000097046	110	50	60
ENSG00000232113	0	0	0
ENSG00000282718	0	0	0
ENSG00000231378	0	0	0
ENSG00000235605	1	0	3
ENSG00000223525	1	1	0
ENSG00000224857	0	0	0
ENSG00000273367	10	1	9
ENSG00000230604	0	0	0
ENSG00000231605	6	1	5
ENSG00000236358	1	3	0
ENSG00000203737	0	0	0
ENSG00000238003	0	0	0
ENSG00000215873	0	0	0
ENSG00000287008	0	0	0
ENSG00000185420	299	152	147
ENSG00000076321	180	95	85
ENSG00000272175	2	0	2
ENSG00000231564	0	0	0
ENSG00000135778	920	526	471
ENSG00000213070	0	0	0
ENSG00000282265	0	0	0
ENSG00000250536	0	0	0
ENSG00000229747	0	0	0
ENSG00000117280	302	145	157
ENSG00000233985	0	0	0
ENSG00000232175	2	1	1
ENSG00000287423	0	0	0
ENSG00000286774	0	0	0
ENSG00000236719	0	0	0
ENSG00000136636	873	434	439
ENSG00000225486	0	0	0
ENSG00000227043	0	0	0
ENSG00000163874	383	186	197
ENSG00000285777	0	0	0
ENSG00000237249	1	1	0
ENSG00000286109	0	0	0
ENSG00000213068	3	2	1
ENSG00000054392	122	59	64
ENSG00000227994	0	0	0
ENSG00000286552	0	0	0
ENSG00000225711	1	1	0
ENSG00000122223	24	14	10
ENSG00000235869	1	1	0
ENSG00000188739	19	10	9
ENSG00000286666	0	0	0
ENSG00000135750	506	239	267
ENSG00000273198	0	0	0
ENSG00000203730	2	1	1
ENSG00000225719	0	0	0
ENSG00000273483	18	7	11
ENSG00000287987	0	0	0
ENSG00000203729	0	0	0
ENSG00000232809	0	0	0
ENSG00000284623	0	0	0
ENSG00000285981	0	0	0
ENSG00000261729	11	5	6
ENSG00000223869	0	0	0
ENSG00000229228	10	5	5
ENSG00000215796	1	0	1
ENSG00000185221	0	0	0
ENSG00000233047	0	0	0
ENSG00000143341	56	28	28
ENSG00000228309	0	0	0
ENSG00000229739	11	7	4
ENSG00000116703	0	0	0
ENSG00000273874	0	0	0
ENSG00000278791	0	27129	34279
ENSG00000278757	0	0	0
ENSG00000264341	0	0	0
ENSG00000264101	0	0	0
ENSG00000265141	0	0	0
ENSG00000221083	0	0	0
ENSG00000252404	0	0	0
ENSG00000222511	0	0	0
ENSG00000265392	0	0	0
ENSG00000243267	2	2	0
ENSG00000201725	0	0	0
ENSG00000274258	0	0	0
ENSG00000239149	2	0	2
ENSG00000252151	0	0	0
ENSG00000252969	0	0	0
ENSG00000252417	0	0	0
ENSG00000200975	0	0	0
ENSG00000201609	0	0	0
ENSG00000238482	0	0	0
ENSG00000252956	0	0	0
ENSG00000265606	0	0	0
ENSG00000284357	0	0	0
ENSG00000278034	1	0	1
ENSG00000207237	0	0	0
ENSG00000222784	0	0	0
ENSG00000266210	0	0	0
ENSG00000265961	0	0	0
ENSG00000251866	0	0	0
ENSG00000252691	0	0	0
ENSG00000264371	0	0	0
ENSG00000253005	0	0	0
ENSG00000238316	0	0	0
ENSG00000207941	0	0	0
ENSG00000264773	1	0	1
ENSG00000252448	2	1	1
ENSG00000200421	0	0	0
ENSG00000222282	0	0	0
ENSG00000199963	0	0	0
ENSG00000264698	0	0	0
ENSG00000207328	0	0	0
ENSG00000207466	0	0	0
ENSG00000252368	0	0	0
ENSG00000206779	0	0	0
ENSG00000265596	0	0	0
ENSG00000212541	0	0	0
ENSG00000200796	0	0	0
ENSG00000252190	0	0	0
ENSG00000264613	0	0	0
ENSG00000199240	0	0	0
ENSG00000277168	0	0	0
ENSG00000283724	0	0	0
ENSG00000284410	0	0	0
ENSG00000252018	0	0	0
ENSG00000206627	0	0	0
ENSG00000283414	0	0	0
ENSG00000207508	0	0	0
ENSG00000200171	0	0	0
ENSG00000207194	0	0	0
ENSG00000283477	0	0	0
ENSG00000264834	0	0	0
ENSG00000263675	1	1	0
ENSG00000266188	0	0	0
ENSG00000206981	0	0	0
ENSG00000200174	0	0	0
ENSG00000265822	0	0	0
ENSG00000265815	0	0	0
ENSG00000238653	0	0	0
ENSG00000212624	1	1	0
ENSG00000200575	2	0	2
ENSG00000212360	0	0	0
ENSG00000242860	0	0	0
ENSG00000263908	0	0	0
ENSG00000283690	0	0	0
ENSG00000199921	0	0	0
ENSG00000251825	0	0	0
ENSG00000201153	0	0	0
ENSG00000222624	0	0	0
ENSG00000223152	0	0	0
ENSG00000212308	0	0	0
ENSG00000279049	0	15	15
ENSG00000276081	0	0	0
ENSG00000239640	0	0	0
ENSG00000252338	0	0	0
ENSG00000251785	1	0	1
ENSG00000239319	0	0	0
ENSG00000222849	0	0	0
ENSG00000283749	1	0	1
ENSG00000251958	0	0	0
ENSG00000251767	0	0	0
ENSG00000243437	0	0	0
ENSG00000202263	0	0	0
ENSG00000199318	0	0	0
ENSG00000199666	0	0	0
ENSG00000200601	0	0	0
ENSG00000242482	0	0	0
ENSG00000212366	0	0	0
ENSG00000201620	0	0	0
ENSG00000206817	0	0	0
ENSG00000284247	0	0	0
ENSG00000200839	0	0	0
ENSG00000264963	0	0	0
ENSG00000264271	1	0	1
ENSG00000239504	0	0	0
ENSG00000284202	0	0	0
ENSG00000251720	3	2	1
ENSG00000274321	0	0	0
ENSG00000198974	0	0	0
ENSG00000212248	0	0	0
ENSG00000207962	0	0	0
ENSG00000276884	0	0	0
ENSG00000207234	1	0	1
ENSG00000202259	0	0	0
ENSG00000212459	1	0	1
ENSG00000278287	0	0	0
ENSG00000277565	0	0	0
ENSG00000263526	0	0	0
ENSG00000211575	0	0	0
ENSG00000275823	0	0	0
ENSG00000277689	0	0	0
ENSG00000274199	0	0	0
ENSG00000202254	0	0	0
ENSG00000244256	3	2	1
ENSG00000201491	0	0	0
ENSG00000199831	0	0	0
ENSG00000275455	0	0	0
ENSG00000252162	0	0	0
ENSG00000272051	0	0	0
ENSG00000283899	0	0	0
ENSG00000200800	0	0	0
ENSG00000207502	0	0	0
ENSG00000252530	0	0	0
ENSG00000200536	0	0	0
ENSG00000211543	0	0	0
ENSG00000252797	0	0	0
ENSG00000212266	0	0	0
ENSG00000222209	0	0	0
ENSG00000277141	0	0	0
ENSG00000215930	0	0	0
ENSG00000238761	0	0	0
ENSG00000201114	0	0	0
ENSG00000206679	0	0	0
ENSG00000264419	0	0	0
ENSG00000222069	0	0	0
ENSG00000274428	2	0	2
ENSG00000199879	0	0	0
ENSG00000274408	0	0	0
ENSG00000283676	1	1	0
ENSG00000252005	0	0	0
ENSG00000252510	0	0	0
ENSG00000207340	1	1	0
ENSG00000252830	0	0	0
ENSG00000274450	0	0	0
ENSG00000252135	0	0	0
ENSG00000278596	0	0	0
ENSG00000238825	1	1	0
ENSG00000201183	1	0	1
ENSG00000202408	0	1	0
ENSG00000252744	0	0	0
ENSG00000273768	0	0	0
ENSG00000242565	0	0	0
ENSG00000239984	0	0	0
ENSG00000283296	0	0	0
ENSG00000252717	0	0	0
ENSG00000194297	0	0	0
ENSG00000199565	0	0	0
ENSG00000277313	0	0	0
ENSG00000274940	1	0	1
ENSG00000207341	0	0	0
ENSG00000207472	0	0	0
ENSG00000206880	0	0	0
ENSG00000252552	1	0	1
ENSG00000199849	0	0	0
ENSG00000252407	0	0	0
ENSG00000212538	0	0	0
ENSG00000251813	0	0	0
ENSG00000207108	0	0	0
ENSG00000201312	0	0	0
ENSG00000207039	0	0	0
ENSG00000202491	0	0	0
ENSG00000201596	0	0	0
ENSG00000276839	0	0	0
ENSG00000207974	0	0	0
ENSG00000273629	0	0	0
ENSG00000201493	0	0	0
ENSG00000215952	0	0	0
ENSG00000200139	0	0	0
ENSG00000283575	0	0	0
ENSG00000238765	0	0	0
ENSG00000264916	0	0	0
ENSG00000212338	0	0	0
ENSG00000206659	1	0	1
ENSG00000253025	0	0	0
ENSG00000201619	0	0	0
ENSG00000201544	0	0	0
ENSG00000202498	0	0	0
ENSG00000221545	0	0	0
ENSG00000252906	0	0	0
ENSG00000206692	0	0	0
ENSG00000202329	0	0	0
ENSG00000242794	0	0	0
ENSG00000212144	0	0	0
ENSG00000283340	0	0	0
ENSG00000252860	1	1	0
ENSG00000252501	0	0	0
ENSG00000263390	0	0	0
ENSG00000207181	2	1	1
ENSG00000265744	0	0	0
ENSG00000264377	0	0	0
ENSG00000207149	0	0	0
ENSG00000283936	0	0	0
ENSG00000284485	0	0	0
ENSG00000201638	0	0	0
ENSG00000275213	1	0	1
ENSG00000239494	2	0	2
ENSG00000212230	0	0	0
ENSG00000252371	0	0	0
ENSG00000199442	0	0	0
ENSG00000200033	0	0	0
ENSG00000239690	0	0	0
ENSG00000202184	1	1	0
ENSG00000241395	0	0	0
ENSG00000200982	0	0	0
ENSG00000275207	0	0	0
ENSG00000202300	0	0	0
ENSG00000222407	0	0	0
ENSG00000222986	0	0	0
ENSG00000265435	0	0	0
ENSG00000272262	0	0	0
ENSG00000200495	0	0	0
ENSG00000202609	0	0	0
ENSG00000252553	0	0	0
ENSG00000206764	0	0	0
ENSG00000222240	0	0	0
ENSG00000212187	0	0	0
ENSG00000206637	0	0	0
ENSG00000253097	0	0	0
ENSG00000200036	0	0	0
ENSG00000201421	0	0	0
ENSG00000212610	0	0	0
ENSG00000252484	0	0	0
ENSG00000201944	3	1	2
ENSG00000200327	0	0	0
ENSG00000206905	0	0	0
ENSG00000200972	0	0	0
ENSG00000243051	0	0	0
ENSG00000252011	0	0	0
ENSG00000207326	0	0	0
ENSG00000212205	0	0	0
ENSG00000253042	0	0	0
ENSG00000274121	0	0	0
ENSG00000264358	0	0	0
ENSG00000206640	0	0	0
ENSG00000212527	1	0	1
ENSG00000252879	0	0	0
ENSG00000252612	1	0	1
ENSG00000202264	0	0	0
ENSG00000285609	0	0	0
ENSG00000206762	10	3	7
ENSG00000252084	0	0	0
ENSG00000200085	0	0	0
ENSG00000264500	0	0	0
ENSG00000202025	0	0	0
ENSG00000225545	0	0	0
ENSG00000206990	0	0	0
ENSG00000230175	1	1	0
ENSG00000225272	0	0	0
ENSG00000215838	0	0	0
ENSG00000273365	1	1	0
ENSG00000224358	12	9	7
ENSG00000230659	0	0	0
ENSG00000162545	3366	1618	1748
ENSG00000090432	1077	526	551
ENSG00000215520	0	0	0
ENSG00000183114	11	5	6
ENSG00000158825	91	45	46
ENSG00000158828	590	1317	1360
ENSG00000284005	0	0	0
ENSG00000117242	116	1136	1067
ENSG00000234473	3	1	2
ENSG00000238754	0	0	0
ENSG00000134371	395	191	205
ENSG00000221680	0	0	0
ENSG00000162630	29	11	19
ENSG00000276735	0	0	0
ENSG00000232077	1	0	1
ENSG00000229639	0	0	0
ENSG00000287453	0	0	0
ENSG00000270615	0	0	0
ENSG00000287283	0	0	0
ENSG00000240692	0	0	0
ENSG00000229359	0	0	0
ENSG00000237919	0	0	0
ENSG00000066557	97	49	48
ENSG00000244389	0	0	0
ENSG00000228988	2	1	1
ENSG00000118454	337	177	160
ENSG00000226088	1	0	1
ENSG00000116761	107	55	52
ENSG00000278636	0	0	0
ENSG00000271992	20	13	7
ENSG00000233020	0	0	0
ENSG00000237033	0	0	0
ENSG00000226208	0	0	0
ENSG00000007968	265	126	139
ENSG00000235052	14	6	8
ENSG00000117318	3405	1710	1695
ENSG00000285802	0	0	0
ENSG00000229239	0	0	0
ENSG00000142676	23449	11363	12087
ENSG00000057757	1223	608	615
ENSG00000011009	2684	1291	1393
ENSG00000117308	2748	1372	1376
ENSG00000273844	0	0	0
ENSG00000235748	0	0	0
ENSG00000237861	1	0	1
ENSG00000221879	0	0	0
ENSG00000230260	0	0	0
ENSG00000199241	0	0	0
ENSG00000226919	0	0	1
ENSG00000223963	0	0	0
ENSG00000215802	0	0	0
ENSG00000233615	0	0	0
ENSG00000238085	0	0	0
ENSG00000265831	0	0	0
ENSG00000224348	0	0	0
ENSG00000286496	0	0	0
ENSG00000287516	0	0	0
ENSG00000287738	0	0	0
ENSG00000132703	0	0	0
ENSG00000276632	0	0	0
ENSG00000223603	0	0	0
ENSG00000132693	0	0	0
ENSG00000235226	0	0	0
ENSG00000158716	1118	497	621
ENSG00000181036	25	16	9
ENSG00000158714	76	199	219
ENSG00000212161	0	0	0
ENSG00000243284	5	5	3
ENSG00000272668	60	33	34
ENSG00000213085	14	8	6
ENSG00000266458	0	0	0
ENSG00000287040	0	0	0
ENSG00000279430	1	0	1
ENSG00000162723	1	0	1
ENSG00000273933	9	5	4
ENSG00000256029	5	97	66
ENSG00000188004	0	0	0
ENSG00000266580	0	0	0
ENSG00000254545	0	2	2
ENSG00000203620	0	0	0
ENSG00000269967	10	3	7
ENSG00000228634	5	2	3
ENSG00000284702	0	0	0
ENSG00000221040	0	1	0
ENSG00000287217	49	15	35
ENSG00000163399	13874	29588	29665
ENSG00000212385	0	0	0
ENSG00000233154	4	2	2
ENSG00000230381	1	1	0
ENSG00000200547	0	0	0
ENSG00000224950	24	14	19
ENSG00000286276	1	6	4
ENSG00000177888	179	90	89
ENSG00000243364	532	216	316
ENSG00000251246	0	0	0
ENSG00000143590	222	119	103
ENSG00000202027	0	0	0
ENSG00000169242	1500	698	802
ENSG00000169241	1555	779	776
ENSG00000223452	0	0	0
ENSG00000163463	190	97	93
ENSG00000273088	0	0	0
ENSG00000284586	0	0	0
ENSG00000169231	509	440	433
ENSG00000236263	0	8	17
ENSG00000236675	23	11	12
ENSG00000177628	763	394	369
ENSG00000116521	1516	742	774
ENSG00000176444	1343	630	713
ENSG00000143630	250	149	181
ENSG00000143627	8	50	38
ENSG00000253074	0	0	0
ENSG00000252116	0	0	0
ENSG00000228523	0	0	0
ENSG00000223263	0	0	0
ENSG00000207504	0	0	0
ENSG00000238139	0	0	0
ENSG00000197721	3	0	3
ENSG00000244703	0	0	0
ENSG00000226289	0	0	0
ENSG00000285239	0	0	0
ENSG00000234219	1	1	0
ENSG00000174059	590	290	300
ENSG00000285719	0	0	0
ENSG00000284237	27	9	18
ENSG00000158731	0	0	0
ENSG00000201746	1	0	1
ENSG00000264881	0	0	0
ENSG00000199562	2	0	2
ENSG00000264501	0	0	0
ENSG00000284735	19	15	4
ENSG00000284642	25	9	16
ENSG00000142657	2212	1110	1102
ENSG00000271989	0	0	8
ENSG00000251503	3	2	1
ENSG00000175279	39	11	28
ENSG00000160049	1026	561	602
ENSG00000203469	0	47	44
ENSG00000236035	0	0	0
ENSG00000221643	2	0	2
ENSG00000122188	88	50	38
ENSG00000288644	0	0	0
ENSG00000227417	3	1	2
ENSG00000223505	5	4	1
ENSG00000182004	937	476	461
ENSG00000236430	0	0	0
ENSG00000130768	939	731	752
ENSG00000227050	2	266	290
ENSG00000238231	5	0	5
ENSG00000240750	2	2	0
ENSG00000158156	438	222	226
ENSG00000182118	58	36	22
ENSG00000283799	0	0	0
ENSG00000227934	0	0	0
ENSG00000229595	0	0	0
ENSG00000143633	459	233	226
ENSG00000281912	43	27	22
ENSG00000288208	0	0	0
ENSG00000132773	353	192	215
ENSG00000070759	187	109	96
ENSG00000236872	0	0	0
ENSG00000280670	31	19	12
ENSG00000132763	478	1052	823
ENSG00000221953	14	4	10
ENSG00000226164	0	0	0
ENSG00000224014	5	4	1
ENSG00000215795	7	4	3
ENSG00000259865	162	68	94
ENSG00000227671	403	177	226
ENSG00000283881	0	0	0
ENSG00000252516	3	3	0
ENSG00000232347	1	0	1
ENSG00000214144	1	0	1
ENSG00000235818	0	0	0
ENSG00000197617	0	0	0
ENSG00000202079	1	1	0
ENSG00000286216	2	4	0
ENSG00000203664	0	0	0
ENSG00000169224	15	6	9
ENSG00000236817	1	1	1
ENSG00000177489	0	0	0
ENSG00000177476	0	0	0
ENSG00000283369	0	0	0
ENSG00000230411	0	0	0
ENSG00000251977	0	0	0
ENSG00000252254	0	0	0
ENSG00000227854	0	0	0
ENSG00000287589	1	1	0
ENSG00000259776	0	0	0
ENSG00000233355	52	27	29
ENSG00000234601	0	0	0
ENSG00000231979	0	0	0
ENSG00000215805	0	0	0
ENSG00000287102	0	0	0
ENSG00000217327	0	0	0
ENSG00000228818	2	2	0
ENSG00000202041	0	0	0
ENSG00000223694	1	1	0
ENSG00000233735	2	1	1
ENSG00000133019	154	75	83
ENSG00000162636	621	316	305
ENSG00000162639	183	109	74
ENSG00000285923	2	0	2
ENSG00000134186	1472	726	746
ENSG00000143107	1	1	0
ENSG00000232971	0	0	0
ENSG00000116266	552	251	301
ENSG00000228076	1	0	1
ENSG00000203897	0	0	0
ENSG00000237349	0	0	0
ENSG00000244716	14	9	5
ENSG00000228665	0	0	0
ENSG00000228054	0	0	0
ENSG00000273382	28	22	30
ENSG00000215717	898	479	443
ENSG00000278249	0	0	0
ENSG00000270066	0	0	0
ENSG00000251484	0	0	0
ENSG00000132676	2114	995	1154
ENSG00000227673	0	0	0
ENSG00000203761	57	35	43
ENSG00000234937	9	6	3
ENSG00000132718	278	151	127
ENSG00000283442	0	0	0
ENSG00000143622	339	158	181
ENSG00000132680	1499	786	713
ENSG00000207475	2	1	1
ENSG00000280466	0	0	0
ENSG00000281394	0	0	0
ENSG00000277817	0	0	0
ENSG00000273002	34	15	19
ENSG00000224276	14	7	7
ENSG00000285677	2	413	618
ENSG00000163479	3348	2177	2189
ENSG00000160803	822	420	402
ENSG00000132698	3472	1759	1713
ENSG00000252236	0	0	0
ENSG00000260238	0	0	0
ENSG00000242252	37	16	21
ENSG00000198952	2637	1318	1319
ENSG00000163472	211	296	259
ENSG00000163468	4639	2321	2318
ENSG00000132677	0	0	0
ENSG00000237390	0	0	0
ENSG00000207933	0	0	0
ENSG00000254726	56	26	30
ENSG00000186377	35	6	29
ENSG00000186160	0	0	0
ENSG00000225154	0	0	0
ENSG00000225506	5	1	4
ENSG00000225514	1	0	1
ENSG00000224805	8	5	5
ENSG00000162366	1033	524	509
ENSG00000226252	5	5	7
ENSG00000225762	48	18	31
ENSG00000186790	5	3	3
ENSG00000237424	782	382	400
ENSG00000189030	1	1	0
ENSG00000162763	0	0	0
ENSG00000143061	388	193	195
ENSG00000135821	11452	5664	5788
ENSG00000203740	0	0	0
ENSG00000162374	27	11	16
ENSG00000168275	434	272	347
ENSG00000241563	17	12	5
ENSG00000153207	547	278	269
ENSG00000156869	361	129	232
ENSG00000033122	22	9	13
ENSG00000143278	0	0	0
ENSG00000116678	84	38	46
ENSG00000159352	2795	1400	1395
ENSG00000158710	9000	4685	4315
ENSG00000162734	1299	676	698
ENSG00000049239	2760	1397	1363
ENSG00000186564	726	347	379
ENSG00000244038	5459	2795	2664
ENSG00000158747	10218	5003	5215
ENSG00000116690	7	152	61
ENSG00000126091	52	26	26
ENSG00000162383	43	20	23
ENSG00000171163	1443	695	748
ENSG00000172456	214	105	113
ENSG00000162946	85	43	43
ENSG00000158786	1	0	1
ENSG00000118733	2	2	0
ENSG00000157870	1860	1264	1381
ENSG00000179085	767	376	391
ENSG00000173080	176	100	76
ENSG00000183347	2	2	0
ENSG00000276470	0	0	0
ENSG00000278852	0	0	0
ENSG00000275915	0	0	0
ENSG00000120937	0	0	0
ENSG00000224904	0	0	0
ENSG00000285646	26	15	11
ENSG00000199347	0	0	0
ENSG00000201801	3	2	1
ENSG00000116685	2897	1429	1468
ENSG00000083444	1631	804	827
ENSG00000287384	1	0	1
ENSG00000270914	0	0	0
ENSG00000116691	999	495	504
ENSG00000202461	3	2	1
ENSG00000276869	0	0	0
ENSG00000243539	0	0	0
ENSG00000120949	12	5	7
ENSG00000201135	0	0	0
ENSG00000227875	0	0	0
ENSG00000285604	0	0	0
ENSG00000283789	0	0	0
ENSG00000263676	2	0	2
ENSG00000200591	4	4	0
ENSG00000162521	1264	1223	1089
ENSG00000162520	71	534	585
ENSG00000224409	0	0	0
ENSG00000162522	4779	2343	2436
ENSG00000116497	530	255	279
ENSG00000160097	24	11	13
ENSG00000121905	57	1587	1390
ENSG00000121900	6200	4554	4566
ENSG00000287691	7	3	4
ENSG00000278966	3	3	0
ENSG00000143222	1819	1067	1112
ENSG00000224985	9	99	270
ENSG00000143224	477	269	270
ENSG00000158850	1110	595	577
ENSG00000158859	74	38	36
ENSG00000158869	435	210	225
ENSG00000158874	4	1	3
ENSG00000158882	363	279	311
ENSG00000284035	1	0	1
ENSG00000143257	12	130	109
ENSG00000248485	11	7	4
ENSG00000188931	54	31	24
ENSG00000236484	0	0	0
ENSG00000283696	40	25	15
ENSG00000288093	21	11	10
ENSG00000206921	0	0	0
ENSG00000215840	9	7	2
ENSG00000277882	1	1	0
ENSG00000283317	17	6	11
ENSG00000277762	0	0	0
ENSG00000227139	0	0	0
ENSG00000265107	28	22	18
ENSG00000274415	0	4	8
ENSG00000234190	0	0	0
ENSG00000223728	0	0	0
ENSG00000121634	0	0	0
ENSG00000188092	111	59	52
ENSG00000215859	32	21	32
ENSG00000273059	0	12	8
ENSG00000274372	9	6	4
ENSG00000206791	2	2	0
ENSG00000206585	0	0	0
ENSG00000229828	0	0	0
ENSG00000225080	1	1	0
ENSG00000198658	3	3	0
ENSG00000238382	0	0	0
ENSG00000225919	0	0	0
ENSG00000236497	0	0	0
ENSG00000207190	0	0	0
ENSG00000200508	0	0	0
ENSG00000284928	0	0	0
ENSG00000223949	1	0	1
ENSG00000116688	2499	1250	1249
ENSG00000188800	0	0	0
ENSG00000084073	1004	526	478
ENSG00000231296	0	0	0
ENSG00000049089	849	438	411
ENSG00000227311	0	0	0
ENSG00000213172	0	0	0
ENSG00000284677	1	1	0
ENSG00000187801	15	10	5
ENSG00000260920	32	18	14
ENSG00000158887	313	154	159
ENSG00000255054	0	0	0
ENSG00000228172	9	158	246
ENSG00000117640	847	547	542
ENSG00000272478	0	0	0
ENSG00000127423	24	12	16
ENSG00000182749	210	143	130
ENSG00000207302	0	0	0
ENSG00000117632	1395	681	714
ENSG00000229786	0	0	0
ENSG00000223624	0	0	0
ENSG00000283938	0	0	0
ENSG00000199385	0	0	0
ENSG00000187147	1445	911	1000
ENSG00000263381	0	0	0
ENSG00000126106	304	403	367
ENSG00000198520	65	25	40
ENSG00000199377	0	0	0
ENSG00000200169	4	4	0
ENSG00000142945	263	131	156
ENSG00000142937	31390	16349	16541
ENSG00000264294	0	0	0
ENSG00000200913	9	3	6
ENSG00000202031	6	4	2
ENSG00000207421	0	0	0
ENSG00000281859	0	0	0
ENSG00000234093	17	8	9
ENSG00000142959	2402	1191	1211
ENSG00000173846	255	129	133
ENSG00000117425	85	39	46
ENSG00000202444	0	0	0
ENSG00000226499	4	4	0
ENSG00000070785	518	255	263
ENSG00000253039	0	0	0
ENSG00000229815	0	0	0
ENSG00000232369	0	0	0
ENSG00000268949	2	0	2
ENSG00000126107	2334	1176	1239
ENSG00000126088	972	517	536
ENSG00000234315	0	0	0
ENSG00000162408	969	500	469
ENSG00000229519	2	2	0
ENSG00000173662	5	2	3
ENSG00000204859	1244	616	628
ENSG00000288629	0	0	0
ENSG00000230735	0	0	0
ENSG00000171488	151	75	76
ENSG00000226394	0	0	0
ENSG00000237200	0	0	0
ENSG00000070886	3	2	1
ENSG00000276835	0	0	0
ENSG00000265422	0	0	0
ENSG00000223776	3	9	7
ENSG00000273058	34	16	18
ENSG00000230325	1	3	4
ENSG00000119285	347	402	420
ENSG00000226498	0	0	0
ENSG00000237991	0	0	0
ENSG00000244020	0	0	0
ENSG00000288099	0	0	0
ENSG00000225886	1	1	1
ENSG00000206767	0	0	0
ENSG00000226662	0	0	0
ENSG00000207095	0	0	0
ENSG00000287244	0	0	0
ENSG00000231344	9	2	7
ENSG00000230833	0	0	0
ENSG00000117758	896	424	472
ENSG00000269971	3	1	2
ENSG00000270031	1	0	1
ENSG00000223062	0	0	0
ENSG00000286433	0	1	18
ENSG00000117751	688	368	339
ENSG00000252947	0	0	0
ENSG00000130775	559	275	284
ENSG00000117748	776	357	419
ENSG00000223643	0	0	0
ENSG00000230239	0	0	0
ENSG00000263811	0	0	0
ENSG00000277234	0	0	0
ENSG00000235241	0	44	64
ENSG00000207005	0	0	0
ENSG00000272426	3	3	0
ENSG00000117122	89	56	56
ENSG00000286898	0	9	14
ENSG00000226526	0	20	16
ENSG00000159363	1310	655	676
ENSG00000117118	2737	1332	1405
ENSG00000117115	6211	3208	3003
ENSG00000204362	0	0	0
ENSG00000282843	0	0	0
ENSG00000142623	58	28	30
ENSG00000142619	5	4	1
ENSG00000266634	0	0	0
ENSG00000199459	0	0	0
ENSG00000273264	3	2	1
ENSG00000282057	2	1	1
ENSG00000272691	0	0	0
ENSG00000199934	0	0	0
ENSG00000230285	0	0	0
ENSG00000142871	1081	493	588
ENSG00000226643	0	0	0
ENSG00000234419	0	0	0
ENSG00000276997	0	0	0
ENSG00000222399	0	0	0
ENSG00000267305	0	0	0
ENSG00000143512	13	6	7
ENSG00000143498	61	25	38
ENSG00000225265	15	3	14
ENSG00000154305	1118	648	657
ENSG00000229399	2	0	2
ENSG00000272750	28	105	108
ENSG00000186063	109	40	71
ENSG00000162819	657	325	334
ENSG00000287684	7	6	6
ENSG00000234523	1	1	0
ENSG00000287338	1	1	0
ENSG00000187554	38	19	19
ENSG00000236846	0	0	0
ENSG00000226601	0	0	0
ENSG00000164010	292	225	229
ENSG00000164011	234	112	122
ENSG00000233708	1	0	1
ENSG00000237090	0	0	0
ENSG00000225099	1	0	1
ENSG00000284138	1	0	1
ENSG00000283973	1	4	2
ENSG00000207256	0	0	0
ENSG00000283136	0	0	0
ENSG00000277513	0	0	0
ENSG00000154309	154	91	63
ENSG00000226967	0	0	0
ENSG00000231407	15	6	9
ENSG00000229570	0	0	0
ENSG00000203857	0	0	0
ENSG00000226443	1	0	1
ENSG00000249798	0	0	0
ENSG00000239873	0	0	0
ENSG00000203855	0	0	0
ENSG00000240244	1	0	1
ENSG00000260941	6	3	3
ENSG00000198857	0	0	0
ENSG00000143067	85	45	40
ENSG00000134240	15986	7659	8327
ENSG00000134193	1345	648	697
ENSG00000215864	10	4	6
ENSG00000227205	0	0	0
ENSG00000226446	0	0	0
ENSG00000134249	0	0	0
ENSG00000092621	250	116	134
ENSG00000027644	2	2	0
ENSG00000241992	0	0	0
ENSG00000234226	0	0	0
ENSG00000137970	70	11	59
ENSG00000223229	0	0	0
ENSG00000285698	0	0	0
ENSG00000228035	1	1	0
ENSG00000287103	0	0	0
ENSG00000226973	0	0	0
ENSG00000274468	0	0	0
ENSG00000130764	1562	834	843
ENSG00000266075	4	2	2
ENSG00000272153	29	69	75
ENSG00000230026	0	0	0
ENSG00000285177	1	0	1
ENSG00000284770	57	68	64
ENSG00000229795	0	0	0
ENSG00000238236	0	0	0
ENSG00000235638	0	0	0
ENSG00000231199	0	0	0
ENSG00000226663	0	0	0
ENSG00000231582	0	0	0
ENSG00000232714	0	0	0
ENSG00000235761	0	0	0
ENSG00000270710	0	0	0
ENSG00000227236	0	0	0
ENSG00000198837	1166	603	617
ENSG00000160741	1288	591	697
ENSG00000276584	0	0	0
ENSG00000282386	15	5	10
ENSG00000273026	12	7	5
ENSG00000143578	626	360	352
ENSG00000143543	572	156	478
ENSG00000285641	0	7	6
ENSG00000143545	324	148	176
ENSG00000177954	17145	8298	8847
ENSG00000231416	3	2	1
ENSG00000200220	0	0	0
ENSG00000231837	0	0	0
ENSG00000263987	0	0	0
ENSG00000162642	379	176	203
ENSG00000223254	1	1	0
ENSG00000223653	7	8	23
ENSG00000116198	624	325	301
ENSG00000169598	352	173	181
ENSG00000226653	0	0	0
ENSG00000207209	0	0	0
ENSG00000272443	2	1	1
ENSG00000272480	0	0	0
ENSG00000288626	0	0	0
ENSG00000162836	674	335	339
ENSG00000207080	0	0	0
ENSG00000231791	0	0	0
ENSG00000244568	0	0	0
ENSG00000271387	4	4	0
ENSG00000116667	2405	1173	1232
ENSG00000230470	0	0	0
ENSG00000232036	2	2	0
ENSG00000285847	11	10	6
ENSG00000286378	2	3	4
ENSG00000215381	0	0	0
ENSG00000261326	277	141	136
ENSG00000284726	4	4	0
ENSG00000125945	190	108	92
ENSG00000201405	0	0	0
ENSG00000271420	73	28	45
ENSG00000204219	4367	2074	2294
ENSG00000232482	8	3	5
ENSG00000285779	0	0	0
ENSG00000162885	480	439	406
ENSG00000270780	0	0	0
ENSG00000232895	0	0	0
ENSG00000273698	0	0	0
ENSG00000273112	0	0	0
ENSG00000173110	281	144	137
ENSG00000224203	0	0	0
ENSG00000224515	0	0	0
ENSG00000225217	189	98	91
ENSG00000231586	0	0	0
ENSG00000234211	0	5	12
ENSG00000213075	1	0	1
ENSG00000143125	0	1	2
ENSG00000270380	0	2	1
ENSG00000282887	0	0	0
ENSG00000283999	0	0	0
ENSG00000240194	0	0	0
ENSG00000235407	2	2	0
ENSG00000143105	0	0	0
ENSG00000199710	0	0	0
ENSG00000237415	0	0	0
ENSG00000232791	0	0	0
ENSG00000177301	27	14	13
ENSG00000226828	4	2	2
ENSG00000279774	3	0	3
ENSG00000229960	1	0	1
ENSG00000286486	2	2	0
ENSG00000244066	0	0	0
ENSG00000237759	0	0	0
ENSG00000287531	0	0	0
ENSG00000225855	209	1046	934
ENSG00000283701	0	0	0
ENSG00000207134	0	0	0
ENSG00000227773	2	1	1
ENSG00000207144	0	0	0
ENSG00000237872	3	1	2
ENSG00000271267	3	2	1
ENSG00000225082	2	0	2
ENSG00000223503	3	2	1
ENSG00000232519	0	0	1
ENSG00000160752	984	1289	1435
ENSG00000121957	189	437	386
ENSG00000235089	0	0	0
ENSG00000285179	0	0	0
ENSG00000223026	0	0	0
ENSG00000225721	2	29	1503
ENSG00000188396	25	20	12
ENSG00000202167	0	0	0
ENSG00000207349	0	0	0
ENSG00000252826	0	0	0
ENSG00000206737	0	0	0
ENSG00000223779	0	0	0
ENSG00000242352	0	0	0
ENSG00000270962	0	0	0
ENSG00000263590	0	0	0
ENSG00000252105	0	0	0
ENSG00000233430	0	0	0
ENSG00000237503	0	0	0
ENSG00000265531	3	2	1
ENSG00000234571	0	0	0
ENSG00000230186	0	0	0
ENSG00000268074	0	0	0
ENSG00000270872	0	0	0
ENSG00000276674	0	0	0
ENSG00000082482	18	6	12
ENSG00000116747	222	182	191
ENSG00000118729	53	21	32
ENSG00000134207	0	0	0
ENSG00000163467	6	2	4
ENSG00000243710	1	1	1
ENSG00000117395	1488	768	724
ENSG00000116874	281	166	161
ENSG00000065600	74	28	46
ENSG00000009780	317	156	161
ENSG00000023572	499	323	321
ENSG00000077254	849	410	439
ENSG00000134644	1136	578	558
ENSG00000215788	757	456	448
ENSG00000117834	40	27	23
ENSG00000117625	621	297	324
ENSG00000179902	3	0	4
ENSG00000020633	210	96	114
ENSG00000121766	459	255	310
ENSG00000143157	844	384	460
ENSG00000162614	250	118	139
ENSG00000160781	210	108	102
ENSG00000143344	227	126	101
ENSG00000162613	1389	687	702
ENSG00000116882	2	1	1
ENSG00000198758	7500	3663	3838
ENSG00000117569	266	114	152
ENSG00000142856	153	166	168
ENSG00000158022	19	8	11
ENSG00000116396	468	225	243
ENSG00000058668	630	326	304
ENSG00000163875	800	387	413
ENSG00000282872	0	0	0
ENSG00000131238	1493	727	766
ENSG00000171680	442	239	203
ENSG00000244457	0	0	0
ENSG00000116977	630	590	588
ENSG00000229372	0	70	86
ENSG00000274975	0	0	2
ENSG00000229348	0	0	0
ENSG00000242485	2138	1156	1252
ENSG00000264293	0	0	0
ENSG00000272455	97	42	55
ENSG00000225905	1	1	0
ENSG00000225285	18	10	8
ENSG00000179403	1469	717	752
ENSG00000215915	29	11	18
ENSG00000236085	0	0	0
ENSG00000234441	0	0	0
ENSG00000227408	0	0	0
ENSG00000223635	0	0	0
ENSG00000135776	350	173	177
ENSG00000199672	0	0	0
ENSG00000201492	2	1	1
ENSG00000229367	0	0	0
ENSG00000135763	130	63	67
ENSG00000213028	3	2	1
ENSG00000225984	0	0	0
ENSG00000178828	638	427	494
ENSG00000235434	4	138	149
ENSG00000169914	486	236	250
ENSG00000188784	0	0	0
ENSG00000242688	0	0	0
ENSG00000177186	0	0	0
ENSG00000177174	0	0	0
ENSG00000269956	10	53	52
ENSG00000162456	0	0	0
ENSG00000079277	807	487	415
ENSG00000117407	60	32	28
ENSG00000237950	103	45	58
ENSG00000117408	873	437	436
ENSG00000285649	2	27	35
ENSG00000117410	3377	1682	1700
ENSG00000159214	591	323	321
ENSG00000196517	264	148	169
ENSG00000227163	1	1	0
ENSG00000271647	0	1	0
ENSG00000239560	0	0	0
ENSG00000196539	0	0	0
ENSG00000229255	0	0	0
ENSG00000203661	0	0	0
ENSG00000271934	0	0	0
ENSG00000224521	0	0	0
ENSG00000227102	0	0	0
ENSG00000183310	0	0	0
ENSG00000201602	0	0	0
ENSG00000271701	0	0	0
ENSG00000189181	0	0	0
ENSG00000187238	0	0	0
ENSG00000185962	0	0	0
ENSG00000226947	0	0	0
ENSG00000285753	0	0	0
ENSG00000187223	0	0	0
ENSG00000159455	0	0	0
ENSG00000187173	0	0	0
ENSG00000204501	0	0	0
ENSG00000228229	0	0	0
ENSG00000204481	0	0	0
ENSG00000204479	0	0	0
ENSG00000172031	3	1	2
ENSG00000233228	0	0	0
ENSG00000224678	0	0	0
ENSG00000233401	0	0	0
ENSG00000273487	5	2	3
ENSG00000226773	0	0	0
ENSG00000274481	0	0	0
ENSG00000228594	177	100	77
ENSG00000286989	16	6	10
ENSG00000272106	221	124	131
ENSG00000189409	36	18	18
ENSG00000272004	1	2	15
ENSG00000189339	789	377	428
ENSG00000269737	53	24	29
ENSG00000215914	22	12	10
ENSG00000008128	189	120	69
ENSG00000268575	46	35	48
ENSG00000227775	182	112	118
ENSG00000008130	2167	1097	1070
ENSG00000078369	5438	2549	2889
ENSG00000178821	72	39	33
ENSG00000158477	4	2	2
ENSG00000230942	0	0	0
ENSG00000158481	55	33	22
ENSG00000158485	8	4	4
ENSG00000158488	23	13	10
ENSG00000186306	0	0	0
ENSG00000203758	0	0	0
ENSG00000236257	1	1	0
ENSG00000236656	0	0	0
ENSG00000198703	0	0	0
ENSG00000227445	0	0	0
ENSG00000231434	0	0	0
ENSG00000117505	942	447	512
ENSG00000229635	2	0	2
ENSG00000207379	0	0	0
ENSG00000212601	0	0	0
ENSG00000162889	2094	1029	1065
ENSG00000224114	268	59	209
ENSG00000199349	0	0	0
ENSG00000162892	6	23	23
ENSG00000162894	239	151	128
ENSG00000271680	0	0	0
ENSG00000226945	1	0	1
ENSG00000162896	156377	76653	79725
ENSG00000162897	54	30	24
ENSG00000182795	404	201	203
ENSG00000198890	337	164	173
ENSG00000224550	0	0	0
ENSG00000142669	4180	2751	2980
ENSG00000169442	132	119	107
ENSG00000225854	0	0	0
ENSG00000176083	7	3	4
ENSG00000229167	24	15	9
ENSG00000142910	3202	1667	1535
ENSG00000162517	1464	821	789
ENSG00000235790	11	82	89
ENSG00000264078	0	0	2
ENSG00000241745	1	0	1
ENSG00000228407	2	2	0
ENSG00000223429	0	0	0
ENSG00000224255	0	0	0
ENSG00000236004	0	0	0
ENSG00000237663	2	1	1
ENSG00000213735	1	0	1
ENSG00000272100	15	56	78
ENSG00000287078	1	0	1
ENSG00000224680	2	1	1
ENSG00000085840	161	77	84
ENSG00000283445	2	1	1
ENSG00000272226	1	0	1
ENSG00000231740	0	0	0
ENSG00000143751	187	96	91
ENSG00000272562	6	3	5
ENSG00000163041	285	187	100
ENSG00000225518	20	12	8
ENSG00000270598	0	0	0
ENSG00000182827	720	367	385
ENSG00000234478	6	19	19
ENSG00000223570	1	0	1
ENSG00