N_unmapped	387090	387090	387090
N_multimapping	4571888	4571888	4571888
N_noFeature	5219660	23224089	22770620
N_ambiguous	3318630	865198	821926
ENSG00000160072	1509	733	776
ENSG00000234396	3	1	2
ENSG00000225972	34	9	25
ENSG00000224315	5	2	3
ENSG00000198744	96	26	70
ENSG00000279928	0	0	0
ENSG00000228037	91	38	53
ENSG00000142611	37	20	17
ENSG00000225630	5751	2790	2962
ENSG00000284616	0	0	0
ENSG00000157911	577	1259	1267
ENSG00000269896	124	53	71
ENSG00000237973	1262	544	756
ENSG00000228463	2	2	1
ENSG00000260972	0	0	0
ENSG00000157933	1660	842	818
ENSG00000224340	2	2	0
ENSG00000226545	0	0	0
ENSG00000268663	0	0	0
ENSG00000226374	1	0	2
ENSG00000229280	0	0	0
ENSG00000142655	854	432	521
ENSG00000232596	0	0	0
ENSG00000235054	0	0	0
ENSG00000232663	0	0	0
ENSG00000240409	0	0	0
ENSG00000229344	101	90	24
ENSG00000231510	0	0	0
ENSG00000149527	400	185	215
ENSG00000284739	0	0	0
ENSG00000171621	2158	1083	1075
ENSG00000272235	12	5	7
ENSG00000284694	0	0	0
ENSG00000230021	2	15	30
ENSG00000287356	27	22	12
ENSG00000224387	2	2	0
ENSG00000285629	0	0	0
ENSG00000173673	3	3	0
ENSG00000142583	296	143	153
ENSG00000284674	0	0	0
ENSG00000272161	5	2	3
ENSG00000237094	30	15	15
ENSG00000224338	0	0	0
ENSG00000074800	22047	11076	10993
ENSG00000116786	2074	1129	1192
ENSG00000287727	1	0	1
ENSG00000228423	0	0	0
ENSG00000286448	0	1	0
ENSG00000131686	0	0	0
ENSG00000229305	0	0	0
ENSG00000284703	0	0	0
ENSG00000226457	3	0	3
ENSG00000173614	878	403	476
ENSG00000248527	36708	17548	19160
ENSG00000215720	3	1	2
ENSG00000241326	0	0	0
ENSG00000233623	3	1	2
ENSG00000162592	1	9	9
ENSG00000116254	10	5	5
ENSG00000233645	0	0	0
ENSG00000204624	17	12	7
ENSG00000142606	108	446	452
ENSG00000235146	0	0	0
ENSG00000225931	53	32	21
ENSG00000171729	788	402	424
ENSG00000279457	46	22	24
ENSG00000162571	38	14	28
ENSG00000229393	0	0	0
ENSG00000037637	843	429	414
ENSG00000287586	2	1	1
ENSG00000159423	352	180	172
ENSG00000142599	5434	2337	3097
ENSG00000227169	0	0	0
ENSG00000283356	0	0	0
ENSG00000011021	577	308	282
ENSG00000142615	9	7	2
ENSG00000215704	7	6	11
ENSG00000157916	3554	2768	2735
ENSG00000157881	789	409	380
ENSG00000238290	6	4	2
ENSG00000225387	0	0	0
ENSG00000048707	2738	1342	1396
ENSG00000158748	13	9	4
ENSG00000225196	0	0	0
ENSG00000162444	28	12	16
ENSG00000279625	0	0	0
ENSG00000180758	478	241	237
ENSG00000184677	1078	520	558
ENSG00000230679	6	17	11
ENSG00000270136	0	0	0
ENSG00000288398	141	78	63
ENSG00000224621	97	51	46
ENSG00000285833	0	2	0
ENSG00000131697	382	203	190
ENSG00000284692	0	0	0
ENSG00000284745	0	0	0
ENSG00000280222	1	1	0
ENSG00000227634	1	1	0
ENSG00000285945	0	0	0
ENSG00000229162	3	1	2
ENSG00000197921	165	79	89
ENSG00000233755	1	1	0
ENSG00000233929	6	2	4
ENSG00000271742	1	1	0
ENSG00000226396	79	28	51
ENSG00000169504	1783	941	842
ENSG00000234166	0	63	46
ENSG00000235282	0	0	0
ENSG00000055070	3467	2338	2485
ENSG00000175087	542	270	272
ENSG00000157191	1626	772	855
ENSG00000284699	0	0	0
ENSG00000230035	0	0	0
ENSG00000235185	8	5	3
ENSG00000225643	4	2	2
ENSG00000284666	0	0	0
ENSG00000228943	0	0	0
ENSG00000234397	0	0	0
ENSG00000284309	0	0	0
ENSG00000162511	1878	1624	1543
ENSG00000158014	3	2	1
ENSG00000204138	2695	1295	1401
ENSG00000233419	0	0	0
ENSG00000235263	0	0	0
ENSG00000228176	0	0	0
ENSG00000231251	0	0	0
ENSG00000142675	1964	986	978
ENSG00000197245	223	98	125
ENSG00000261025	0	0	0
ENSG00000116237	2885	1464	1529
ENSG00000130772	543	265	278
ENSG00000215899	0	0	0
ENSG00000271398	6	1	5
ENSG00000225011	0	0	0
ENSG00000235069	0	0	0
ENSG00000284676	0	0	0
ENSG00000237058	2	1	1
ENSG00000233399	2	0	2
ENSG00000090020	5143	2522	2621
ENSG00000157978	1796	813	983
ENSG00000226944	23	18	16
ENSG00000270282	1	1	0
ENSG00000130770	3600	3012	3374
ENSG00000229044	2	96	74
ENSG00000162512	876	414	462
ENSG00000158006	1877	980	897
ENSG00000214812	0	0	0
ENSG00000126698	1890	957	934
ENSG00000229447	12	9	3
ENSG00000229607	0	0	0
ENSG00000130766	1532	762	770
ENSG00000168528	12402	6143	6259
ENSG00000196581	46	14	32
ENSG00000169403	221	96	125
ENSG00000084628	19	13	6
ENSG00000060688	808	356	452
ENSG00000171612	1007	454	553
ENSG00000270927	0	0	0
ENSG00000188910	1332	673	659
ENSG00000230523	0	0	0
ENSG00000116138	1052	604	638
ENSG00000158161	637	313	324
ENSG00000142684	0	372	395
ENSG00000234619	6	6	0
ENSG00000121769	146	53	93
ENSG00000142627	22817	11551	11266
ENSG00000284668	0	0	0
ENSG00000233234	0	0	0
ENSG00000142632	504	321	292
ENSG00000234593	17	7	10
ENSG00000158292	873	477	396
ENSG00000270605	82	38	48
ENSG00000189337	229	201	237
ENSG00000232912	16	8	8
ENSG00000235084	7	2	5
ENSG00000235143	0	0	0
ENSG00000225478	0	0	0
ENSG00000225077	12	41	48
ENSG00000028137	743	345	398
ENSG00000238249	2	0	2
ENSG00000204464	21	14	7
ENSG00000233372	0	0	0
ENSG00000283259	0	0	0
ENSG00000284543	144	59	85
ENSG00000130939	1621	810	811
ENSG00000175147	186	206	227
ENSG00000127472	11	7	4
ENSG00000060656	48	23	25
ENSG00000163867	523	248	275
ENSG00000232768	2	2	0
ENSG00000230214	0	0	0
ENSG00000189280	0	0	0
ENSG00000134698	665	342	323
ENSG00000134690	575	272	303
ENSG00000272420	20	7	13
ENSG00000132881	140	76	64
ENSG00000273274	2	0	2
ENSG00000116251	4822	2336	2524
ENSG00000272510	4	14	27
ENSG00000158286	823	479	428
ENSG00000236648	0	0	0
ENSG00000232273	17	9	8
ENSG00000009709	2	2	0
ENSG00000287396	0	0	0
ENSG00000223589	0	0	0
ENSG00000158008	10	6	4
ENSG00000130940	1389	1214	1200
ENSG00000116771	1566	839	880
ENSG00000237301	6	2	4
ENSG00000162585	922	794	693
ENSG00000163879	203	128	92
ENSG00000227527	10	7	3
ENSG00000116954	669	314	355
ENSG00000228589	32	32	0
ENSG00000163873	57	27	30
ENSG00000117215	12	6	6
ENSG00000196449	739	422	483
ENSG00000230163	0	33	39
ENSG00000227538	0	0	0
ENSG00000232208	0	0	0
ENSG00000236500	0	0	0
ENSG00000044012	1179	577	602
ENSG00000179051	3046	1813	1812
ENSG00000215895	4	2	2
ENSG00000231868	5	21	4
ENSG00000284650	0	0	0
ENSG00000237329	1	0	1
ENSG00000236948	0	0	0
ENSG00000126067	2510	1283	1227
ENSG00000274944	2	2	0
ENSG00000132906	642	294	358
ENSG00000197312	1161	543	618
ENSG00000284748	0	0	0
ENSG00000272078	115	579	561
ENSG00000173660	5449	2605	2844
ENSG00000224592	1	0	1
ENSG00000233728	0	60	72
ENSG00000230451	0	0	0
ENSG00000231606	8	7	1
ENSG00000215900	0	0	0
ENSG00000284632	0	0	0
ENSG00000241014	7	5	2
ENSG00000054118	3461	1704	1757
ENSG00000254553	0	0	0
ENSG00000284653	0	0	0
ENSG00000237749	3	1	2
ENSG00000276747	0	0	0
ENSG00000284705	0	0	0
ENSG00000228776	2	1	1
ENSG00000159339	8	2	6
ENSG00000223814	0	0	0
ENSG00000197982	924	445	645
ENSG00000261781	0	0	0
ENSG00000183317	2717	1358	1359
ENSG00000183386	103	48	55
ENSG00000284743	0	0	0
ENSG00000158315	1009	608	564
ENSG00000204084	1003	621	613
ENSG00000186973	9	3	6
ENSG00000271806	14	89	65
ENSG00000146463	1060	549	590
ENSG00000279214	1	1	0
ENSG00000183520	663	318	345
ENSG00000271741	0	0	0
ENSG00000214141	0	0	0
ENSG00000142686	92	38	54
ENSG00000224751	5	0	5
ENSG00000279096	0	0	0
ENSG00000117148	13	8	5
ENSG00000230585	13	10	3
ENSG00000117000	1136	545	591
ENSG00000284989	0	0	0
ENSG00000231630	0	0	0
ENSG00000092853	156	89	81
ENSG00000255811	0	1	0
ENSG00000134697	1882	934	965
ENSG00000187513	54	27	27
ENSG00000238145	0	0	0
ENSG00000225142	0	0	0
ENSG00000230138	0	0	0
ENSG00000223390	2	27	49
ENSG00000285823	0	0	0
ENSG00000284720	0	0	0
ENSG00000225028	1	0	1
ENSG00000225671	1	1	0
ENSG00000116151	281	148	140
ENSG00000226147	1	0	1
ENSG00000182873	124	63	68
ENSG00000006555	2258	1142	1116
ENSG00000236111	0	0	0
ENSG00000066056	251	125	126
ENSG00000214114	741	373	368
ENSG00000173436	657	210	474
ENSG00000116544	47	17	30
ENSG00000231900	0	0	0
ENSG00000236723	2	950	913
ENSG00000232467	2	1	1
ENSG00000117016	237	121	116
ENSG00000121310	3822	1873	1949
ENSG00000169213	137	62	75
ENSG00000163866	1290	653	709
ENSG00000225779	5	5	0
ENSG00000284601	1	1	0
ENSG00000237130	1	0	1
ENSG00000143001	74	71	81
ENSG00000229716	0	0	0
ENSG00000226133	0	0	0
ENSG00000227416	0	0	0
ENSG00000232335	0	8	6
ENSG00000260971	10	6	5
ENSG00000259832	0	0	0
ENSG00000284696	0	0	0
ENSG00000238242	0	0	0
ENSG00000285839	0	0	0
ENSG00000237290	0	0	0
ENSG00000232762	1	0	1
ENSG00000117419	1220	591	629
ENSG00000162384	1089	692	594
ENSG00000162391	255	623	627
ENSG00000174348	144	83	106
ENSG00000154198	0	0	0
ENSG00000117859	1782	909	887
ENSG00000228121	1	0	1
ENSG00000253313	1972	970	1002
ENSG00000162396	201	98	103
ENSG00000203995	1	1	0
ENSG00000227742	40	21	27
ENSG00000284686	7	3	4
ENSG00000162378	873	442	431
ENSG00000233079	0	0	0
ENSG00000259818	9	6	4
ENSG00000229444	0	0	0
ENSG00000240563	473	223	250
ENSG00000234318	0	0	0
ENSG00000284773	21	17	4
ENSG00000234481	0	0	0
ENSG00000117862	202	129	73
ENSG00000235612	0	0	1
ENSG00000228369	5	3	2
ENSG00000183431	1641	814	827
ENSG00000227485	0	0	0
ENSG00000224609	32	21	16
ENSG00000235545	33	18	15
ENSG00000236646	2	1	1
ENSG00000169174	347	191	156
ENSG00000232198	0	0	0
ENSG00000238063	0	0	0
ENSG00000227104	0	0	0
ENSG00000243725	39	29	10
ENSG00000171872	0	0	0
ENSG00000162407	1248	640	608
ENSG00000285079	0	0	0
ENSG00000169218	17	5	12
ENSG00000163877	841	413	428
ENSG00000228929	8	3	5
ENSG00000224570	0	0	0
ENSG00000224980	1	0	1
ENSG00000278967	12	5	7
ENSG00000157184	1951	1957	2051
ENSG00000272491	4	8	4
ENSG00000198815	2070	1047	1023
ENSG00000134744	646	306	340
ENSG00000233910	0	0	0
ENSG00000287703	2	2	0
ENSG00000283039	0	0	0
ENSG00000229032	2	2	0
ENSG00000229294	0	0	0
ENSG00000232993	0	31	11
ENSG00000234088	0	0	0
ENSG00000236973	1	1	0
ENSG00000227947	9	2	7
ENSG00000277397	0	0	0
ENSG00000271200	2	0	2
ENSG00000235446	0	0	0
ENSG00000261196	0	0	0
ENSG00000162385	808	375	435
ENSG00000231413	0	0	0
ENSG00000234264	1	1	0
ENSG00000242391	0	0	0
ENSG00000223883	0	0	0
ENSG00000284808	0	0	0
ENSG00000242267	1	0	1
ENSG00000237227	2	2	0
ENSG00000275350	0	0	0
ENSG00000116652	8	7	3
ENSG00000123080	369	198	186
ENSG00000285778	0	0	0
ENSG00000077549	8822	4369	4480
ENSG00000233407	0	0	0
ENSG00000225675	0	0	0
ENSG00000237622	0	0	0
ENSG00000162598	0	0	0
ENSG00000280317	0	0	0
ENSG00000162415	771	381	400
ENSG00000162600	493	231	262
ENSG00000116704	3239	1646	1593
ENSG00000227644	0	1	2
ENSG00000157193	76	44	48
ENSG00000116205	448	245	224
ENSG00000198841	86	34	52
ENSG00000116212	550	269	281
ENSG00000234204	0	0	0
ENSG00000233099	0	0	0
ENSG00000233994	7	2	5
ENSG00000237180	0	0	0
ENSG00000213561	14	11	3
ENSG00000233973	0	0	0
ENSG00000237552	0	0	0
ENSG00000132854	207	99	108
ENSG00000227556	0	0	0
ENSG00000162616	518	248	270
ENSG00000162607	1296	637	659
ENSG00000233602	3	3	0
ENSG00000233271	0	47	31
ENSG00000285954	0	0	0
ENSG00000233333	2	2	0
ENSG00000154027	15	6	9
ENSG00000234108	0	0	0
ENSG00000232676	0	0	0
ENSG00000225167	0	0	0
ENSG00000132122	292	134	158
ENSG00000213579	0	0	0
ENSG00000137960	2045	1023	1022
ENSG00000237852	2	0	2
ENSG00000116745	4	1	3
ENSG00000132855	7	5	2
ENSG00000285407	0	0	0
ENSG00000272855	0	0	0
ENSG00000270549	3	1	2
ENSG00000237163	0	0	0
ENSG00000229636	0	0	0
ENSG00000116675	47	23	24
ENSG00000162433	1210	577	633
ENSG00000213625	2657	1279	1378
ENSG00000227207	0	0	0
ENSG00000227016	0	0	0
ENSG00000233664	0	0	0
ENSG00000158966	162	73	89
ENSG00000213703	0	0	0
ENSG00000203965	108	56	52
ENSG00000223479	0	0	0
ENSG00000233674	1	0	1
ENSG00000153898	1711	878	833
ENSG00000117069	40	17	23
ENSG00000125703	330	142	188
ENSG00000285041	2	2	0
ENSG00000285808	0	0	0
ENSG00000229440	0	0	0
ENSG00000234144	1	1	0
ENSG00000213540	0	0	0
ENSG00000277670	0	0	0
ENSG00000227466	0	0	0
ENSG00000154007	0	0	0
ENSG00000230498	0	0	0
ENSG00000285782	1	0	1
ENSG00000162618	148	75	73
ENSG00000224493	0	0	0
ENSG00000131233	1	0	1
ENSG00000272371	0	0	0
ENSG00000287647	0	0	0
ENSG00000229225	0	0	0
ENSG00000230863	0	0	0
ENSG00000213560	2	2	0
ENSG00000287224	0	0	0
ENSG00000225598	0	0	0
ENSG00000286455	0	0	0
ENSG00000225087	1	0	1
ENSG00000224986	1	0	1
ENSG00000280378	4	1	3
ENSG00000188786	702	379	323
ENSG00000230053	0	0	0
ENSG00000137941	142	75	67
ENSG00000273338	40	24	16
ENSG00000223720	0	0	0
ENSG00000224326	0	0	0
ENSG00000286548	24	11	13
ENSG00000066135	763	590	620
ENSG00000230027	0	0	0
ENSG00000233061	2	1	1
ENSG00000272094	0	0	0
ENSG00000228853	0	0	0
ENSG00000215874	0	0	0
ENSG00000232453	42	28	14
ENSG00000260386	3	2	1
ENSG00000284895	0	0	0
ENSG00000117174	378	172	206
ENSG00000237413	2	2	0
ENSG00000184313	190	85	105
ENSG00000284645	0	0	0
ENSG00000225605	0	0	0
ENSG00000225446	2	2	0
ENSG00000288543	2	2	0
ENSG00000122420	26	17	9
ENSG00000284240	3	3	0
ENSG00000236290	0	0	0
ENSG00000143013	726	350	376
ENSG00000226084	6	4	2
ENSG00000134748	2415	1164	1251
ENSG00000142892	667	327	340
ENSG00000219102	1	1	0
ENSG00000184005	73	32	41
ENSG00000230953	22	12	10
ENSG00000287743	11	2	9
ENSG00000229332	0	0	0
ENSG00000227937	0	0	0
ENSG00000229752	0	0	0
ENSG00000237505	6	3	3
ENSG00000285462	0	0	0
ENSG00000233216	1	0	1
ENSG00000197273	7511	3815	3696
ENSG00000226804	0	0	0
ENSG00000285325	0	0	0
ENSG00000230728	12	8	4
ENSG00000162402	1989	1007	982
ENSG00000232846	0	0	0
ENSG00000219201	1	0	1
ENSG00000230787	0	0	0
ENSG00000116641	1299	679	620
ENSG00000235927	6	8	7
ENSG00000223920	0	0	0
ENSG00000237453	19	6	13
ENSG00000172260	350	163	189
ENSG00000285473	0	0	0
ENSG00000237959	0	0	0
ENSG00000231364	0	0	0
ENSG00000234578	0	0	0
ENSG00000117480	3829	1904	1925
ENSG00000137944	914	448	466
ENSG00000229505	0	0	0
ENSG00000228187	0	0	0
ENSG00000285201	0	0	0
ENSG00000182183	5	3	2
ENSG00000236407	0	0	0
ENSG00000271949	0	0	0
ENSG00000227062	0	0	0
ENSG00000067334	2075	1018	1057
ENSG00000235011	0	0	0
ENSG00000235673	0	0	0
ENSG00000226938	0	0	0
ENSG00000213559	0	0	0
ENSG00000287587	0	0	0
ENSG00000142949	21313	10572	10741
ENSG00000116133	4293	2436	2469
ENSG00000232882	6	3	3
ENSG00000171502	31	19	12
ENSG00000162399	0	0	0
ENSG00000116157	95	43	52
ENSG00000143036	2731	1349	1383
ENSG00000232672	1	1	0
ENSG00000230817	1	0	1
ENSG00000235613	5	1	4
ENSG00000065243	1727	876	851
ENSG00000226759	0	0	0
ENSG00000226960	1	0	1
ENSG00000234080	0	0	0
ENSG00000237899	3	0	3
ENSG00000225492	23	14	9
ENSG00000223905	0	0	0
ENSG00000227290	1	0	1
ENSG00000229486	0	0	0
ENSG00000282898	0	0	0
ENSG00000285409	0	0	0
ENSG00000231090	0	0	0
ENSG00000117528	3646	1844	1802
ENSG00000271723	7	5	2
ENSG00000172339	643	304	339
ENSG00000036549	859	434	425
ENSG00000287724	2	168	161
ENSG00000058799	785	376	409
ENSG00000225191	0	0	0
ENSG00000287870	0	0	0
ENSG00000235563	0	0	1
ENSG00000232048	0	0	0
ENSG00000232857	2	0	2
ENSG00000273637	0	0	0
ENSG00000203985	3	3	0
ENSG00000228838	0	0	1
ENSG00000283761	18	6	12
ENSG00000189433	2	2	1
ENSG00000230759	0	0	0
ENSG00000231866	0	0	0
ENSG00000179178	1845	912	943
ENSG00000142700	1	1	0
ENSG00000285525	0	0	0
ENSG00000236098	0	0	0
ENSG00000233514	0	0	0
ENSG00000127124	180	109	71
ENSG00000266993	24	21	33
ENSG00000223675	0	0	0
ENSG00000162604	771	378	393
ENSG00000229316	0	0	0
ENSG00000116171	8809	4468	4345
ENSG00000287406	31	11	20
ENSG00000225767	5	2	3
ENSG00000234099	1	1	0
ENSG00000137936	1366	684	754
ENSG00000235308	2	0	2
ENSG00000232752	0	0	0
ENSG00000235829	4	4	0
ENSG00000143032	0	0	0
ENSG00000226745	0	0	0
ENSG00000178028	1854	879	975
ENSG00000280040	29	11	18
ENSG00000168710	4333	2180	2153
ENSG00000117519	2961	1439	1522
ENSG00000270507	0	0	0
ENSG00000238037	0	0	0
ENSG00000215869	1	0	1
ENSG00000134215	3509	1715	1794
ENSG00000227935	0	0	0
ENSG00000229887	0	0	0
ENSG00000228502	12	5	7
ENSG00000236268	2	2	0
ENSG00000271277	0	0	0
ENSG00000236888	0	0	0
ENSG00000279778	1	0	1
ENSG00000232015	1	1	0
ENSG00000230955	0	130	101
ENSG00000230828	0	0	0
ENSG00000188641	416	199	235
ENSG00000152078	916	441	475
ENSG00000237279	0	0	0
ENSG00000233359	0	0	0
ENSG00000237954	0	0	0
ENSG00000185668	7	5	2
ENSG00000171492	888	430	458
ENSG00000233129	0	0	0
ENSG00000170989	379	196	183
ENSG00000258634	138	108	100
ENSG00000233557	0	0	0
ENSG00000237897	0	0	0
ENSG00000116299	4485	2214	2274
ENSG00000137962	231	106	125
ENSG00000227832	0	0	0
ENSG00000286692	2	0	2
ENSG00000260464	4	3	2
ENSG00000237435	0	0	0
ENSG00000231996	0	0	0
ENSG00000273204	6	28	30
ENSG00000079739	5360	2969	3028
ENSG00000117154	1	0	1
ENSG00000162377	927	445	482
ENSG00000224613	1	1	0
ENSG00000215871	0	0	0
ENSG00000287372	0	0	0
ENSG00000232542	2	0	2
ENSG00000231095	0	0	0
ENSG00000116774	696	396	300
ENSG00000287756	5	5	0
ENSG00000269113	58	32	26
ENSG00000284652	6	4	2
ENSG00000023909	834	450	384
ENSG00000069702	802	414	388
ENSG00000232185	1	1	0
ENSG00000230489	0	0	0
ENSG00000228399	1	1	0
ENSG00000236776	2	0	2
ENSG00000285928	13	5	8
ENSG00000224685	0	0	0
ENSG00000287076	0	0	0
ENSG00000237480	0	0	0
ENSG00000271252	0	0	0
ENSG00000230427	3	2	1
ENSG00000235794	0	0	0
ENSG00000286758	0	0	0
ENSG00000237337	0	0	0
ENSG00000233983	0	0	0
ENSG00000198198	1790	2192	1956
ENSG00000225183	0	0	0
ENSG00000230402	0	0	0
ENSG00000116793	298	153	145
ENSG00000134201	92	34	58
ENSG00000238122	0	0	0
ENSG00000260879	0	78	161
ENSG00000213366	719	374	345
ENSG00000230864	0	0	0
ENSG00000283354	0	0	0
ENSG00000232918	0	0	0
ENSG00000236360	1	4	1
ENSG00000183298	0	1	2
ENSG00000234332	5	2	3
ENSG00000117525	3162	1511	1651
ENSG00000225079	5	4	1
ENSG00000226483	0	0	0
ENSG00000224238	5	2	3
ENSG00000229537	0	0	0
ENSG00000162699	0	0	0
ENSG00000162692	378	181	197
ENSG00000203914	2	1	1
ENSG00000270457	1	0	1
ENSG00000203858	1	0	1
ENSG00000231987	0	0	0
ENSG00000228057	5	1	4
ENSG00000261593	0	0	0
ENSG00000224445	0	0	0
ENSG00000229842	0	0	0
ENSG00000270631	0	0	0
ENSG00000229201	0	0	0
ENSG00000181656	3	3	0
ENSG00000122481	78	51	27
ENSG00000198162	1120	533	587
ENSG00000238198	11	5	6
ENSG00000171517	50	22	28
ENSG00000228852	7	3	4
ENSG00000203864	0	0	0
ENSG00000233482	0	0	0
ENSG00000230250	0	0	0
ENSG00000232878	0	10	8
ENSG00000143079	1334	628	706
ENSG00000232450	11	3	8
ENSG00000223575	2	1	1
ENSG00000230768	0	0	0
ENSG00000235202	0	0	0
ENSG00000272715	3	2	1
ENSG00000235038	0	0	0
ENSG00000143093	956	465	491
ENSG00000226415	24	3	21
ENSG00000085491	2796	1513	1550
ENSG00000173947	13	8	5
ENSG00000241361	0	0	0
ENSG00000230434	0	0	0
ENSG00000230718	1	1	0
ENSG00000134198	178	98	80
ENSG00000235595	0	0	0
ENSG00000226053	0	0	0
ENSG00000226128	0	0	0
ENSG00000198799	840	433	466
ENSG00000279513	4	3	1
ENSG00000117620	4513	2279	2332
ENSG00000280186	9	3	6
ENSG00000223906	0	0	0
ENSG00000162688	1304	597	707
ENSG00000197106	0	0	0
ENSG00000259946	0	0	0
ENSG00000236137	36	32	32
ENSG00000203859	58	32	26
ENSG00000228086	0	14	17
ENSG00000213421	0	0	0
ENSG00000234020	0	0	0
ENSG00000060718	9	3	6
ENSG00000236804	10	3	7
ENSG00000231072	0	0	0
ENSG00000273406	0	0	0
ENSG00000185946	392	182	210
ENSG00000162627	2015	972	1043
ENSG00000226715	0	2	1
ENSG00000162695	742	358	384
ENSG00000134184	2	2	2
ENSG00000265808	1019	533	486
ENSG00000261290	0	0	0
ENSG00000225923	0	0	0
ENSG00000134247	3530	1742	1788
ENSG00000187481	1	1	0
ENSG00000116752	1145	551	594
ENSG00000162664	1698	862	836
ENSG00000236866	1	0	1
ENSG00000134253	178	90	88
ENSG00000277655	0	0	0
ENSG00000223416	0	0	0
ENSG00000213226	1	0	1
ENSG00000179571	10	3	7
ENSG00000227850	0	0	0
ENSG00000243967	0	0	0
ENSG00000235777	0	0	0
ENSG00000260246	0	2	0
ENSG00000173218	849	443	406
ENSG00000285532	0	0	0
ENSG00000226755	0	0	0
ENSG00000232650	0	0	0
ENSG00000183508	2686	1342	1344
ENSG00000277095	0	0	0
ENSG00000236806	2	2	0
ENSG00000234283	0	0	0
ENSG00000237188	3	1	2
ENSG00000232780	0	0	0
ENSG00000274927	0	0	0
ENSG00000264145	0	0	0
ENSG00000238256	0	0	0
ENSG00000198765	0	0	0
ENSG00000224335	0	0	0
ENSG00000277702	2	2	0
ENSG00000143398	1204	591	613
ENSG00000196505	533	288	245
ENSG00000225871	1	3	5
ENSG00000223489	0	0	0
ENSG00000230546	0	0	0
ENSG00000213262	4	4	0
ENSG00000287015	0	0	0
ENSG00000241720	2	61	17
ENSG00000235526	0	0	0
ENSG00000228347	0	0	0
ENSG00000276975	9	7	2
ENSG00000236012	0	0	0
ENSG00000270911	0	0	0
ENSG00000272824	7	1	6
ENSG00000134200	0	0	0
ENSG00000234257	0	0	0
ENSG00000065183	616	345	316
ENSG00000227082	0	0	0
ENSG00000228626	0	0	0
ENSG00000226126	0	0	0
ENSG00000163393	52	19	33
ENSG00000163156	523	263	262
ENSG00000143631	5	0	6
ENSG00000156150	0	35	35
ENSG00000228453	0	0	0
ENSG00000274642	0	0	0
ENSG00000177551	3	2	1
ENSG00000197323	1164	560	604
ENSG00000237975	6	4	3
ENSG00000261168	5	5	0
ENSG00000287980	0	0	0
ENSG00000229283	0	0	0
ENSG00000271419	0	0	0
ENSG00000226172	0	0	0
ENSG00000079335	556	272	315
ENSG00000143119	529	252	277
ENSG00000237278	0	33	26
ENSG00000285062	0	0	0
ENSG00000233432	0	0	0
ENSG00000227700	0	0	0
ENSG00000229911	0	0	0
ENSG00000143520	0	0	0
ENSG00000171943	63	35	32
ENSG00000270719	0	0	0
ENSG00000155761	4	20	29
ENSG00000230806	0	0	0
ENSG00000116830	824	408	416
ENSG00000234422	0	0	0
ENSG00000227056	2	0	2
ENSG00000143614	773	414	359
ENSG00000227091	0	0	0
ENSG00000169418	138	69	69
ENSG00000214204	0	0	0
ENSG00000081026	1786	914	872
ENSG00000225650	0	0	0
ENSG00000227179	0	0	0
ENSG00000224965	8	1	7
ENSG00000228127	1	0	1
ENSG00000226984	0	0	0
ENSG00000186150	3	0	3
ENSG00000143554	613	311	302
ENSG00000143458	1208	593	615
ENSG00000230932	0	0	0
ENSG00000073754	2	0	2
ENSG00000228826	0	0	0
ENSG00000233907	0	0	0
ENSG00000225036	0	0	0
ENSG00000228420	0	0	0
ENSG00000233839	0	0	0
ENSG00000250890	0	0	0
ENSG00000232240	0	0	0
ENSG00000280649	41	24	23
ENSG00000131781	1691	843	868
ENSG00000223599	12	5	7
ENSG00000230921	0	0	0
ENSG00000286151	0	0	0
ENSG00000234388	0	0	0
ENSG00000235015	0	0	0
ENSG00000271736	0	0	0
ENSG00000235988	0	0	0
ENSG00000233717	0	0	0
ENSG00000231551	43	19	24
ENSG00000227295	7	2	5
ENSG00000163155	163	81	82
ENSG00000243613	0	25	19
ENSG00000241975	13	6	7
ENSG00000271143	0	0	0
ENSG00000270976	0	0	0
ENSG00000228217	1	0	1
ENSG00000270342	0	0	0
ENSG00000143552	8	4	4
ENSG00000175984	135	67	68
ENSG00000231100	0	0	0
ENSG00000116824	135	65	70
ENSG00000235887	0	0	0
ENSG00000237460	0	0	0
ENSG00000236327	3	0	3
ENSG00000223804	14	4	10
ENSG00000236887	0	0	0
ENSG00000024526	212	120	109
ENSG00000236480	0	0	0
ENSG00000235756	0	0	0
ENSG00000173810	0	0	0
ENSG00000235005	0	0	0
ENSG00000271890	0	0	0
ENSG00000238107	0	0	0
ENSG00000227425	0	0	0
ENSG00000233222	0	9	8
ENSG00000225279	8	2	6
ENSG00000229101	0	0	0
ENSG00000224927	0	0	0
ENSG00000239216	0	0	0
ENSG00000283360	5	1	4
ENSG00000117262	105	55	50
ENSG00000227907	12	9	3
ENSG00000143624	2128	1111	1112
ENSG00000227970	0	0	0
ENSG00000261055	0	0	0
ENSG00000231613	4	3	1
ENSG00000137947	1207	598	609
ENSG00000236689	0	0	0
ENSG00000233589	0	5	12
ENSG00000117586	43	20	23
ENSG00000230946	10	1	9
ENSG00000226028	0	0	0
ENSG00000162728	13	5	8
ENSG00000229021	9	4	5
ENSG00000203825	0	0	0
ENSG00000184371	1868	918	950
ENSG00000233449	0	0	0
ENSG00000242943	0	0	0
ENSG00000233203	3	0	3
ENSG00000232499	20	15	5
ENSG00000232265	1	0	1
ENSG00000163154	34	15	19
ENSG00000232995	6	3	3
ENSG00000236957	0	0	0
ENSG00000238087	0	0	0
ENSG00000227777	0	0	0
ENSG00000177173	36	22	14
ENSG00000277406	14	3	11
ENSG00000238022	0	0	0
ENSG00000231671	0	0	0
ENSG00000162729	3374	1672	1702
ENSG00000143158	3353	2534	3073
ENSG00000271092	5	2	3
ENSG00000238118	0	0	0
ENSG00000276118	0	0	0
ENSG00000232148	0	0	0
ENSG00000278811	11	33	39
ENSG00000000460	104	145	172
ENSG00000188859	47	27	24
ENSG00000275075	0	0	0
ENSG00000135862	2376	1187	1189
ENSG00000232952	0	0	0
ENSG00000158473	366	187	179
ENSG00000227722	2	2	0
ENSG00000285922	0	0	0
ENSG00000275801	0	0	0
ENSG00000143198	6738	3127	3611
ENSG00000143318	4	1	3
ENSG00000232188	0	0	0
ENSG00000232212	1	0	1
ENSG00000143621	3688	1788	1903
ENSG00000241042	0	0	0
ENSG00000143155	1371	675	696
ENSG00000260322	0	0	0
ENSG00000223495	0	0	0
ENSG00000143156	114	653	254
ENSG00000198771	955	446	539
ENSG00000225462	0	0	0
ENSG00000237756	0	0	0
ENSG00000116147	2	1	1
ENSG00000213064	2724	1472	1441
ENSG00000203307	0	0	0
ENSG00000143179	1050	764	730
ENSG00000271187	0	0	0
ENSG00000274562	0	0	0
ENSG00000143315	548	263	285
ENSG00000116199	1861	855	1006
ENSG00000231175	0	0	0
ENSG00000143185	9	2	7
ENSG00000235145	6	2	4
ENSG00000116260	8102	4035	4067
ENSG00000272931	36	21	15
ENSG00000143190	478	272	288
ENSG00000225475	1	0	1
ENSG00000230898	0	0	0
ENSG00000232223	0	0	0
ENSG00000224698	0	0	0
ENSG00000287697	4	3	17
ENSG00000075945	1978	996	1055
ENSG00000235303	0	0	0
ENSG00000234810	2	1	1
ENSG00000232750	5	3	2
ENSG00000224468	11	5	6
ENSG00000235628	0	0	0
ENSG00000232551	0	0	0
ENSG00000092607	3	1	2
ENSG00000238270	0	0	0
ENSG00000285894	0	0	0
ENSG00000236025	0	0	0
ENSG00000230687	0	0	0
ENSG00000230704	4	4	0
ENSG00000283255	0	0	0
ENSG00000227741	21	41	90
ENSG00000237049	0	0	0
ENSG00000286754	0	0	0
ENSG00000232751	1	0	1
ENSG00000236364	20	167	179
ENSG00000117091	167	166	171
ENSG00000235378	0	0	0
ENSG00000143171	65	32	33
ENSG00000275767	0	0	0
ENSG00000224718	0	0	0
ENSG00000047410	2852	1475	1566
ENSG00000231992	7	2	5
ENSG00000018625	238	112	126
ENSG00000171806	122	76	64
ENSG00000287919	0	0	0
ENSG00000229914	0	0	0
ENSG00000233882	0	0	0
ENSG00000198358	2	2	2
ENSG00000229407	1	1	1
ENSG00000134216	0	0	0
ENSG00000230748	0	0	0
ENSG00000254154	31	17	14
ENSG00000162694	270	163	159
ENSG00000238108	0	0	0
ENSG00000214262	0	71	118
ENSG00000183853	425	211	214
ENSG00000215835	2	0	2
ENSG00000118197	766	382	388
ENSG00000135842	455	217	238
ENSG00000229258	0	2	1
ENSG00000287472	0	0	0
ENSG00000241318	2	1	1
ENSG00000228238	0	0	0
ENSG00000232393	0	0	0
ENSG00000121454	94	82	85
ENSG00000184155	0	0	0
ENSG00000058085	2294	1183	1111
ENSG00000260088	2	2	4
ENSG00000287978	138	73	65
ENSG00000116815	552	264	288
ENSG00000232917	1	1	0
ENSG00000233057	2	1	1
ENSG00000237131	0	0	0
ENSG00000233946	0	0	0
ENSG00000143167	14864	7213	7651
ENSG00000143184	3	3	0
ENSG00000231966	0	0	0
ENSG00000176320	0	0	0
ENSG00000260976	0	0	0
ENSG00000235215	0	0	0
ENSG00000223450	2	1	1
ENSG00000224691	0	0	0
ENSG00000286572	0	0	0
ENSG00000235101	0	0	0
ENSG00000228215	0	0	0
ENSG00000177807	16	10	6
ENSG00000233626	6	4	2
ENSG00000233691	0	0	0
ENSG00000283518	0	0	0
ENSG00000271527	0	0	0
ENSG00000143228	216	110	106
ENSG00000235827	0	0	0
ENSG00000231615	0	0	0
ENSG00000231714	0	0	0
ENSG00000174514	735	424	427
ENSG00000143178	63	29	34
ENSG00000224837	0	0	0
ENSG00000116833	1688	860	828
ENSG00000227740	18	10	8
ENSG00000260990	0	0	0
ENSG00000000457	364	289	270
ENSG00000143507	243	135	108
ENSG00000285638	0	0	0
ENSG00000226520	2	2	0
ENSG00000284592	0	0	0
ENSG00000230987	1	0	1
ENSG00000232527	0	0	0
ENSG00000215833	2	1	1
ENSG00000228167	0	0	0
ENSG00000225325	0	0	0
ENSG00000223344	0	0	0
ENSG00000228191	0	0	0
ENSG00000229961	1	0	1
ENSG00000150732	0	0	0
ENSG00000157064	95	61	58
ENSG00000288139	0	0	0
ENSG00000226015	97	51	46
ENSG00000215808	4	2	2
ENSG00000059588	1746	865	881
ENSG00000231512	0	0	0
ENSG00000237379	0	0	0
ENSG00000232959	0	30	43
ENSG00000122224	91	36	55
ENSG00000162782	92	38	54
ENSG00000238051	0	0	0
ENSG00000233196	0	0	0
ENSG00000229220	11	3	8
ENSG00000143653	1562	808	754
ENSG00000135837	1422	679	743
ENSG00000158711	1082	608	590
ENSG00000227747	0	0	0
ENSG00000228081	0	0	0
ENSG00000228020	0	0	0
ENSG00000234975	105	58	47
ENSG00000162851	842	380	462
ENSG00000271427	3	3	0
ENSG00000261817	0	0	0
ENSG00000143353	248	149	146
ENSG00000197965	4891	2450	2441
ENSG00000143493	488	253	235
ENSG00000230777	1	0	1
ENSG00000179397	18	12	6
ENSG00000224540	0	0	0
ENSG00000117592	11597	5896	5701
ENSG00000186197	2	1	1
ENSG00000229067	0	0	0
ENSG00000230231	0	0	0
ENSG00000227711	0	0	0
ENSG00000261182	0	0	0
ENSG00000228879	0	0	0
ENSG00000227925	0	0	0
ENSG00000162670	488	284	261
ENSG00000225712	0	0	0
ENSG00000162761	12	6	6
ENSG00000143199	10	4	6
ENSG00000179930	6	0	6
ENSG00000007908	159	81	78
ENSG00000092978	367	169	198
ENSG00000143499	987	475	512
ENSG00000188404	47	19	28
ENSG00000227735	0	0	0
ENSG00000243062	0	0	0
ENSG00000143196	136	53	83
ENSG00000228504	0	0	0
ENSG00000274702	0	0	0
ENSG00000226211	0	0	0
ENSG00000236942	8	6	2
ENSG00000287205	0	0	0
ENSG00000203697	1063	492	571
ENSG00000116574	2241	1041	1200
ENSG00000287929	36	21	39
ENSG00000186283	1633	830	803
ENSG00000224896	0	0	0
ENSG00000226292	0	0	0
ENSG00000121481	359	178	181
ENSG00000227940	0	0	0
ENSG00000117139	3034	1488	1546
ENSG00000143248	1190	557	633
ENSG00000278455	0	0	0
ENSG00000224810	3	0	3
ENSG00000162814	17	8	10
ENSG00000225172	3	1	2
ENSG00000261642	0	0	0
ENSG00000228239	0	0	0
ENSG00000237283	0	0	0
ENSG00000116132	36	13	23
ENSG00000238042	0	0	0
ENSG00000271475	0	0	0
ENSG00000231877	0	0	0
ENSG00000116679	6513	3235	3278
ENSG00000228536	2	1	1
ENSG00000230550	1	1	3
ENSG00000229242	0	0	0
ENSG00000253326	2	2	0
ENSG00000228470	2	1	1
ENSG00000152092	12	4	8
ENSG00000234984	0	0	0
ENSG00000231648	0	0	0
ENSG00000229983	3	1	2
ENSG00000215149	0	0	0
ENSG00000225122	0	0	0
ENSG00000225920	7	4	3
ENSG00000143476	276	151	125
ENSG00000121486	568	293	275
ENSG00000228437	0	0	0
ENSG00000214837	5	0	5
ENSG00000057252	1004	473	531
ENSG00000225982	8	2	6
ENSG00000285718	0	0	0
ENSG00000234070	0	1	0
ENSG00000233620	0	0	0
ENSG00000237783	0	0	0
ENSG00000272906	10	52	37
ENSG00000233018	1	0	1
ENSG00000123685	61	29	32
ENSG00000224783	0	0	0
ENSG00000162852	1966	1005	961
ENSG00000232792	0	0	0
ENSG00000273004	9	6	3
ENSG00000143842	918	484	434
ENSG00000268062	10	5	5
ENSG00000237409	0	0	0
ENSG00000116962	1519	740	779
ENSG00000288078	0	0	0
ENSG00000271399	0	0	0
ENSG00000229757	0	0	0
ENSG00000232679	0	0	0
ENSG00000159388	20864	10321	10543
ENSG00000220749	1	0	1
ENSG00000181450	257	134	123
ENSG00000223519	7	11	8
ENSG00000120333	678	351	341
ENSG00000286285	0	0	0
ENSG00000225300	22	14	8
ENSG00000223842	0	0	0
ENSG00000162753	1	0	1
ENSG00000228247	0	0	0
ENSG00000231424	1	0	1
ENSG00000143355	1	1	0
ENSG00000287177	0	0	0
ENSG00000237193	0	0	0
ENSG00000223490	0	0	0
ENSG00000121644	1180	564	616
ENSG00000174502	0	0	0
ENSG00000224286	0	0	0
ENSG00000158715	1032	520	512
ENSG00000143195	49	30	19
ENSG00000162849	11	4	7
ENSG00000232824	2	0	2
ENSG00000273416	2	1	1
ENSG00000234142	2	2	0
ENSG00000282111	0	0	0
ENSG00000233410	0	0	0
ENSG00000067533	522	255	267
ENSG00000228955	12	4	8
ENSG00000270443	0	0	0
ENSG00000116209	14618	7590	7028
ENSG00000224702	0	0	0
ENSG00000271811	2	2	0
ENSG00000224278	0	0	0
ENSG00000235492	0	0	0
ENSG00000287808	13	9	51
ENSG00000271588	0	0	0
ENSG00000229840	0	0	0
ENSG00000116161	1433	726	737
ENSG00000226486	0	0	0
ENSG00000227687	0	0	0
ENSG00000231814	0	0	0
ENSG00000286210	0	0	0
ENSG00000287364	21	12	9
ENSG00000225063	0	0	0
ENSG00000260698	25	9	16
ENSG00000277007	10	5	5
ENSG00000229016	0	0	0
ENSG00000077157	2475	1187	1347
ENSG00000152104	173	76	100
ENSG00000236975	0	0	0
ENSG00000215834	0	0	0
ENSG00000286541	0	0	0
ENSG00000117650	245	115	130
ENSG00000235021	15	9	6
ENSG00000203724	76	32	44
ENSG00000225006	0	0	0
ENSG00000287633	0	0	0
ENSG00000158764	3	0	5
ENSG00000223375	0	0	0
ENSG00000230714	0	0	0
ENSG00000261065	0	13	9
ENSG00000260855	9	5	4
ENSG00000188783	238	135	103
ENSG00000236206	1	0	1
ENSG00000168118	1688	911	921
ENSG00000181101	1	0	1
ENSG00000173726	5711	2921	2790
ENSG00000282852	0	0	0
ENSG00000152382	406	203	203
ENSG00000143839	3	1	2
ENSG00000232100	0	0	0
ENSG00000261024	1	1	0
ENSG00000230547	0	0	0
ENSG00000229703	5	5	2
ENSG00000176754	0	0	0
ENSG00000232309	0	0	0
ENSG00000227953	14	12	14
ENSG00000232215	0	0	0
ENSG00000135829	4859	2465	2441
ENSG00000228289	3	2	1
ENSG00000134717	582	271	311
ENSG00000232989	0	0	0
ENSG00000233537	0	0	0
ENSG00000116668	258	131	127
ENSG00000143756	877	413	464
ENSG00000278180	0	0	0
ENSG00000143702	107	61	56
ENSG00000232341	0	0	0
ENSG00000287676	0	0	0
ENSG00000236792	0	0	0
ENSG00000143207	1730	863	867
ENSG00000270859	0	0	0
ENSG00000238224	0	0	0
ENSG00000286775	0	0	0
ENSG00000122176	1031	536	495
ENSG00000229120	0	0	0
ENSG00000237492	0	0	0
ENSG00000230404	0	0	0
ENSG00000213036	1	0	1
ENSG00000227230	1	3	5
ENSG00000236230	0	0	0
ENSG00000026751	872	428	444
ENSG00000150681	31	12	24
ENSG00000116906	1609	794	815
ENSG00000092969	19	6	14
ENSG00000157181	1143	566	577
ENSG00000250762	4	3	1
ENSG00000236720	0	0	0
ENSG00000227421	0	0	0
ENSG00000227240	0	0	0
ENSG00000076258	274	130	144
ENSG00000286073	0	0	0
ENSG00000231084	12	6	6
ENSG00000232085	1	1	3
ENSG00000117697	488	255	233
ENSG00000279333	0	8	7
ENSG00000235083	0	0	0
ENSG00000162669	2	1	1
ENSG00000197067	0	0	0
ENSG00000229652	0	0	0
ENSG00000132681	2	0	2
ENSG00000225904	0	0	0
ENSG00000270920	0	0	0
ENSG00000281664	0	0	0
ENSG00000143641	1720	1235	1290
ENSG00000227630	15	6	9
ENSG00000228830	0	1872	1572
ENSG00000010932	3	0	3
ENSG00000282849	0	0	0
ENSG00000276520	1	1	0
ENSG00000226640	0	0	0
ENSG00000010072	270	140	188
ENSG00000135766	521	270	251
ENSG00000232626	8	6	2
ENSG00000232096	0	0	0
ENSG00000279261	0	0	0
ENSG00000213051	1	0	1
ENSG00000238054	0	0	0
ENSG00000163534	2	0	2
ENSG00000168243	260	120	140
ENSG00000281453	0	0	0
ENSG00000237469	0	0	0
ENSG00000224939	1	1	0
ENSG00000227613	0	0	0
ENSG00000116183	20	13	7
ENSG00000270106	1	1	0
ENSG00000232194	0	0	0
ENSG00000235152	0	0	0
ENSG00000231612	1	0	1
ENSG00000237980	4	2	2
ENSG00000271036	0	0	0
ENSG00000230849	2	1	1
ENSG00000170382	359	209	151
ENSG00000228664	0	0	0
ENSG00000226868	0	0	0
ENSG00000279401	0	0	0
ENSG00000272362	0	0	0
ENSG00000287450	0	0	0
ENSG00000237011	2	0	2
ENSG00000233583	7	7	0
ENSG00000066027	3090	1527	1563
ENSG00000286263	2	1	1
ENSG00000227006	7	2	5
ENSG00000236372	0	0	0
ENSG00000224525	0	0	0
ENSG00000188770	0	0	0
ENSG00000173728	0	0	0
ENSG00000094975	1180	588	592
ENSG00000225811	1	26	31
ENSG00000273093	0	0	0
ENSG00000162772	11985	5804	6181
ENSG00000227818	0	0	0
ENSG00000135828	453	201	252
ENSG00000224227	0	0	0
ENSG00000286398	0	0	0
ENSG00000076356	3928	1958	1970
ENSG00000215819	0	0	3
ENSG00000185523	0	0	0
ENSG00000236108	0	0	0
ENSG00000116711	299	145	154
ENSG00000231684	1	1	0
ENSG00000226750	0	0	0
ENSG00000285665	24	8	16
ENSG00000231022	0	0	0
ENSG00000224436	0	0	0
ENSG00000228208	0	0	0
ENSG00000273384	1	0	1
ENSG00000238061	2	1	1
ENSG00000234915	2	0	2
ENSG00000143845	29	25	29
ENSG00000235862	1	45	65
ENSG00000069812	1352	620	732
ENSG00000227585	0	0	0
ENSG00000157060	0	0	0
ENSG00000237213	0	0	0
ENSG00000236439	0	0	0
ENSG00000224260	0	0	0
ENSG00000213045	0	0	0
ENSG00000287220	3	0	3
ENSG00000230063	2	0	2
ENSG00000235467	0	0	0
ENSG00000123684	1098	546	555
ENSG00000117707	216	110	106
ENSG00000228044	0	0	0
ENSG00000225338	5	3	2
ENSG00000224407	0	410	395
ENSG00000232463	0	0	0
ENSG00000237457	18	5	14
ENSG00000225171	12	5	7
ENSG00000226843	0	0	0
ENSG00000235386	0	0	0
ENSG00000123836	4773	2631	2384
ENSG00000213690	0	0	0
ENSG00000223982	0	0	0
ENSG00000229832	8	6	2
ENSG00000117691	915	428	487
ENSG00000225233	0	0	0
ENSG00000274895	6	5	1
ENSG00000237514	0	0	0
ENSG00000287856	2	0	2
ENSG00000228067	0	0	0
ENSG00000284299	1	1	0
ENSG00000226375	0	0	0
ENSG00000203705	361	179	182
ENSG00000224040	0	0	0
ENSG00000228686	6	3	3
ENSG00000279838	134	71	63
ENSG00000174175	68	29	39
ENSG00000236401	0	0	0
ENSG00000241475	0	0	0
ENSG00000215800	0	0	0
ENSG00000286421	0	0	0
ENSG00000270936	0	0	0
ENSG00000008118	115	61	54
ENSG00000171161	1309	655	654
ENSG00000241505	0	0	0
ENSG00000224535	0	0	0
ENSG00000282097	1	0	1
ENSG00000261453	5	2	3
ENSG00000231020	0	0	0
ENSG00000270818	0	0	0
ENSG00000196878	11583	5676	5907
ENSG00000133059	340	174	166
ENSG00000225561	0	0	0
ENSG00000224668	1	0	1
ENSG00000242529	0	0	0
ENSG00000074964	7013	3482	3531
ENSG00000223847	0	0	0
ENSG00000277704	0	0	0
ENSG00000116918	625	288	360
ENSG00000274020	42	26	29
ENSG00000287445	10	9	1
ENSG00000259815	0	0	0
ENSG00000240963	0	0	0
ENSG00000226570	0	0	0
ENSG00000198929	137	75	62
ENSG00000272167	0	0	0
ENSG00000230628	3	0	3
ENSG00000162771	9	69	49
ENSG00000227579	0	0	0
ENSG00000176393	4166	2724	2731
ENSG00000174606	713	339	374
ENSG00000179914	4778	2286	2492
ENSG00000235750	3875	1944	1931
ENSG00000284376	0	0	0
ENSG00000121446	0	0	0
ENSG00000226758	1	0	1
ENSG00000230199	0	0	0
ENSG00000236905	1	1	0
ENSG00000233304	0	1	0
ENSG00000288007	4	4	3
ENSG00000227887	0	0	0
ENSG00000116903	490	247	301
ENSG00000228255	0	0	0
ENSG00000226196	0	0	0
ENSG00000287354	0	3	0
ENSG00000233827	0	0	0
ENSG00000198797	1	1	0
ENSG00000271746	12	25	33
ENSG00000234233	1	0	1
ENSG00000151414	1116	530	586
ENSG00000177614	120	67	53
ENSG00000223794	0	0	0
ENSG00000235182	0	0	0
ENSG00000213041	0	0	0
ENSG00000287157	0	0	0
ENSG00000233920	1	1	0
ENSG00000183831	6	0	6
ENSG00000225755	0	0	0
ENSG00000143858	74	74	59
ENSG00000197472	13	10	3
ENSG00000230184	4	2	2
ENSG00000234004	0	0	0
ENSG00000232436	0	0	0
ENSG00000231718	0	0	0
ENSG00000283952	0	0	0
ENSG00000230019	0	0	0
ENSG00000136643	452	227	225
ENSG00000232537	0	0	0
ENSG00000226036	1	0	1
ENSG00000285521	7	3	4
ENSG00000236317	1	0	1
ENSG00000176855	2	0	2
ENSG00000227728	0	0	0
ENSG00000133069	27	14	13
ENSG00000162877	8	2	6
ENSG00000233461	55	22	33
ENSG00000225401	0	0	0
ENSG00000228190	0	0	0
ENSG00000135747	1	1	0
ENSG00000227237	2	1	1
ENSG00000069248	909	430	479
ENSG00000232812	0	0	0
ENSG00000231666	0	0	0
ENSG00000226986	1	1	0
ENSG00000242042	1	0	1
ENSG00000234464	0	0	0
ENSG00000253148	0	0	0
ENSG00000227751	0	323	256
ENSG00000090104	5127	2501	2626
ENSG00000285280	6	10	1
ENSG00000232892	0	0	0
ENSG00000236950	0	0	0
ENSG00000236468	0	0	0
ENSG00000143322	905	453	452
ENSG00000185220	240	105	135
ENSG00000226003	0	0	0
ENSG00000230813	0	0	0
ENSG00000226862	6	1	5
ENSG00000236101	0	0	0
ENSG00000162769	425	202	223
ENSG00000133065	460	229	231
ENSG00000278684	0	0	0
ENSG00000236775	0	0	0
ENSG00000042781	6	5	1
ENSG00000234754	1	1	0
ENSG00000233084	4	2	2
ENSG00000227815	0	0	0
ENSG00000287046	6	1	5
ENSG00000223774	0	79	73
ENSG00000228863	7	103	74
ENSG00000228646	0	0	0
ENSG00000229112	0	0	0
ENSG00000233332	0	0	0
ENSG00000231984	0	0	0
ENSG00000286213	0	0	0
ENSG00000226876	5	3	2
ENSG00000277462	61	23	38
ENSG00000225591	0	0	0
ENSG00000035687	1561	796	765
ENSG00000213080	5	0	5
ENSG00000180287	1	0	1
ENSG00000226693	0	0	0
ENSG00000234678	412	855	945
ENSG00000231272	0	0	0
ENSG00000223828	0	0	0
ENSG00000163431	734	438	448
ENSG00000230124	886	421	538
ENSG00000226723	0	0	0
ENSG00000272672	0	0	0
ENSG00000143473	9	10	14
ENSG00000228982	1	1	0
ENSG00000235096	6	4	2
ENSG00000237250	0	0	0
ENSG00000007341	353	296	251
ENSG00000286747	2	0	2
ENSG00000236069	1	1	0
ENSG00000236244	0	0	0
ENSG00000272865	0	0	0
ENSG00000117222	569	287	282
ENSG00000143324	1170	543	627
ENSG00000229871	0	0	0
ENSG00000225222	3	3	0
ENSG00000118193	152	73	79
ENSG00000234116	0	0	0
ENSG00000231940	1	1	0
ENSG00000198842	2	0	2
ENSG00000286619	6	6	0
ENSG00000198756	18	8	10
ENSG00000259823	1319	658	661
ENSG00000271558	0	0	0
ENSG00000227554	0	0	0
ENSG00000178596	0	0	0
ENSG00000135749	270	157	170
ENSG00000143786	23	11	14
ENSG00000224584	1	0	1
ENSG00000054282	546	305	318
ENSG00000183780	6	4	3
ENSG00000229663	0	0	0
ENSG00000162702	241	112	129
ENSG00000251508	0	0	0
ENSG00000238272	0	0	0
ENSG00000228530	0	0	0
ENSG00000235060	1	1	0
ENSG00000143194	9	7	2
ENSG00000229531	1	1	0
ENSG00000271329	0	0	0
ENSG00000054267	956	468	495
ENSG00000261831	0	0	0
ENSG00000287921	0	0	1
ENSG00000177800	0	0	0
ENSG00000225620	0	0	0
ENSG00000232166	0	0	0
ENSG00000175137	939	463	476
ENSG00000134245	440	301	321
ENSG00000234041	2	0	2
ENSG00000227373	6	0	6
ENSG00000231905	3	3	0
ENSG00000228175	38	16	22
ENSG00000069275	5503	2665	2838
ENSG00000143674	1120	530	590
ENSG00000237317	0	0	0
ENSG00000187889	21	13	8
ENSG00000134375	1882	915	967
ENSG00000097046	233	108	125
ENSG00000232113	0	0	0
ENSG00000282718	0	0	0
ENSG00000231378	0	0	0
ENSG00000235605	0	0	0
ENSG00000223525	3	3	0
ENSG00000224857	0	0	0
ENSG00000273367	0	0	0
ENSG00000230604	2	2	0
ENSG00000231605	5	4	1
ENSG00000236358	1	1	0
ENSG00000203737	4	4	0
ENSG00000238003	3	3	0
ENSG00000215873	0	0	0
ENSG00000287008	0	0	0
ENSG00000185420	394	182	212
ENSG00000076321	445	238	207
ENSG00000272175	3	10	5
ENSG00000231564	1	1	0
ENSG00000135778	1623	861	819
ENSG00000213070	0	0	0
ENSG00000282265	0	0	0
ENSG00000250536	0	0	0
ENSG00000229747	0	0	0
ENSG00000117280	236	116	120
ENSG00000233985	0	0	0
ENSG00000232175	16	11	5
ENSG00000287423	0	0	0
ENSG00000286774	0	0	0
ENSG00000236719	0	0	0
ENSG00000136636	2222	1076	1146
ENSG00000225486	0	0	0
ENSG00000227043	0	0	0
ENSG00000163874	8518	4147	4371
ENSG00000285777	0	0	0
ENSG00000237249	0	0	0
ENSG00000286109	3	1	2
ENSG00000213068	0	0	0
ENSG00000054392	247	101	149
ENSG00000227994	0	0	0
ENSG00000286552	0	0	0
ENSG00000225711	7	3	4
ENSG00000122223	22	4	18
ENSG00000235869	3	3	0
ENSG00000188739	56	25	31
ENSG00000286666	0	0	0
ENSG00000135750	979	484	495
ENSG00000273198	0	0	0
ENSG00000203730	10	1	9
ENSG00000225719	0	0	0
ENSG00000273483	2	0	2
ENSG00000287987	0	0	0
ENSG00000203729	2	2	0
ENSG00000232809	0	0	0
ENSG00000284623	2	0	2
ENSG00000285981	0	0	0
ENSG00000261729	9	5	4
ENSG00000223869	0	0	0
ENSG00000229228	4	2	2
ENSG00000215796	1	1	0
ENSG00000185221	0	0	0
ENSG00000233047	0	0	0
ENSG00000143341	136	66	70
ENSG00000228309	1	0	1
ENSG00000229739	9	6	3
ENSG00000116703	3	2	1
ENSG00000273874	0	0	0
ENSG00000278791	0	15	12
ENSG00000278757	0	0	0
ENSG00000264341	0	0	0
ENSG00000264101	0	0	0
ENSG00000265141	0	0	0
ENSG00000221083	1	1	0
ENSG00000252404	0	0	0
ENSG00000222511	0	0	0
ENSG00000265392	0	0	0
ENSG00000243267	0	0	0
ENSG00000201725	0	0	0
ENSG00000274258	0	0	0
ENSG00000239149	2	1	1
ENSG00000252151	0	0	0
ENSG00000252969	0	0	0
ENSG00000252417	0	0	1
ENSG00000200975	0	0	0
ENSG00000201609	0	0	0
ENSG00000238482	5	0	5
ENSG00000252956	0	0	0
ENSG00000265606	0	0	0
ENSG00000284357	0	0	0
ENSG00000278034	0	0	0
ENSG00000207237	0	0	0
ENSG00000222784	0	0	0
ENSG00000266210	0	0	0
ENSG00000265961	0	0	0
ENSG00000251866	2	1	1
ENSG00000252691	0	0	0
ENSG00000264371	0	0	0
ENSG00000253005	0	0	0
ENSG00000238316	0	0	0
ENSG00000207941	0	0	0
ENSG00000264773	3	0	3
ENSG00000252448	0	0	0
ENSG00000200421	0	0	0
ENSG00000222282	0	0	0
ENSG00000199963	2	3	2
ENSG00000264698	0	0	0
ENSG00000207328	0	0	0
ENSG00000207466	0	0	0
ENSG00000252368	0	0	0
ENSG00000206779	1	0	1
ENSG00000265596	0	0	0
ENSG00000212541	0	0	0
ENSG00000200796	0	0	0
ENSG00000252190	0	0	0
ENSG00000264613	0	0	0
ENSG00000199240	0	0	0
ENSG00000277168	0	0	0
ENSG00000283724	0	0	0
ENSG00000284410	0	0	0
ENSG00000252018	0	0	0
ENSG00000206627	3	1	2
ENSG00000283414	0	0	0
ENSG00000207508	5	1	4
ENSG00000200171	0	0	0
ENSG00000207194	0	0	0
ENSG00000283477	0	0	0
ENSG00000264834	0	0	0
ENSG00000263675	2	2	0
ENSG00000266188	0	0	0
ENSG00000206981	0	0	0
ENSG00000200174	0	0	0
ENSG00000265822	0	0	0
ENSG00000265815	0	0	0
ENSG00000238653	0	0	0
ENSG00000212624	5	5	0
ENSG00000200575	5	2	3
ENSG00000212360	0	0	0
ENSG00000242860	0	0	0
ENSG00000263908	0	0	0
ENSG00000283690	0	0	0
ENSG00000199921	0	0	0
ENSG00000251825	0	0	0
ENSG00000201153	0	0	0
ENSG00000222624	0	0	0
ENSG00000223152	0	0	0
ENSG00000212308	0	0	0
ENSG00000279049	0	17	4
ENSG00000276081	0	0	0
ENSG00000239640	0	0	0
ENSG00000252338	0	0	0
ENSG00000251785	3	3	0
ENSG00000239319	0	0	0
ENSG00000222849	0	0	0
ENSG00000283749	0	0	0
ENSG00000251958	0	0	0
ENSG00000251767	0	0	0
ENSG00000243437	4	1	3
ENSG00000202263	0	0	0
ENSG00000199318	0	0	0
ENSG00000199666	0	0	0
ENSG00000200601	0	0	0
ENSG00000242482	0	0	0
ENSG00000212366	0	0	0
ENSG00000201620	0	0	0
ENSG00000206817	0	0	0
ENSG00000284247	0	0	0
ENSG00000200839	0	0	0
ENSG00000264963	0	0	0
ENSG00000264271	0	0	0
ENSG00000239504	0	0	0
ENSG00000284202	0	0	0
ENSG00000251720	0	0	0
ENSG00000274321	0	0	0
ENSG00000198974	0	0	0
ENSG00000212248	1	0	1
ENSG00000207962	0	0	0
ENSG00000276884	0	0	0
ENSG00000207234	8	5	3
ENSG00000202259	7	3	4
ENSG00000212459	3	1	2
ENSG00000278287	0	0	0
ENSG00000277565	0	0	0
ENSG00000263526	4	1	3
ENSG00000211575	0	0	0
ENSG00000275823	0	0	0
ENSG00000277689	0	0	0
ENSG00000274199	0	0	1
ENSG00000202254	0	0	0
ENSG00000244256	5	2	3
ENSG00000201491	0	0	0
ENSG00000199831	0	0	0
ENSG00000275455	0	0	0
ENSG00000252162	0	0	0
ENSG00000272051	0	0	0
ENSG00000283899	0	0	0
ENSG00000200800	0	0	0
ENSG00000207502	0	0	0
ENSG00000252530	0	0	0
ENSG00000200536	0	0	0
ENSG00000211543	0	0	0
ENSG00000252797	2	1	1
ENSG00000212266	0	0	0
ENSG00000222209	0	0	0
ENSG00000277141	0	0	0
ENSG00000215930	0	0	0
ENSG00000238761	0	0	0
ENSG00000201114	0	0	0
ENSG00000206679	3	3	0
ENSG00000264419	0	0	0
ENSG00000222069	0	0	0
ENSG00000274428	8	4	4
ENSG00000199879	1	1	0
ENSG00000274408	0	0	0
ENSG00000283676	0	0	0
ENSG00000252005	0	0	0
ENSG00000252510	0	0	0
ENSG00000207340	3	3	0
ENSG00000252830	0	0	0
ENSG00000274450	0	0	0
ENSG00000252135	0	0	0
ENSG00000278596	2	0	2
ENSG00000238825	6	2	4
ENSG00000201183	3	1	2
ENSG00000202408	0	3	1
ENSG00000252744	0	0	0
ENSG00000273768	3	2	1
ENSG00000242565	0	1	0
ENSG00000239984	0	0	0
ENSG00000283296	0	0	0
ENSG00000252717	0	0	0
ENSG00000194297	0	0	0
ENSG00000199565	0	0	0
ENSG00000277313	0	0	0
ENSG00000274940	0	0	0
ENSG00000207341	0	0	0
ENSG00000207472	0	0	0
ENSG00000206880	0	0	0
ENSG00000252552	3	3	0
ENSG00000199849	0	0	0
ENSG00000252407	0	0	0
ENSG00000212538	0	0	0
ENSG00000251813	0	0	0
ENSG00000207108	0	0	0
ENSG00000201312	0	0	0
ENSG00000207039	0	0	0
ENSG00000202491	0	0	0
ENSG00000201596	0	0	0
ENSG00000276839	0	0	0
ENSG00000207974	0	0	0
ENSG00000273629	0	0	0
ENSG00000201493	0	0	0
ENSG00000215952	0	0	0
ENSG00000200139	0	0	0
ENSG00000283575	0	0	0
ENSG00000238765	0	0	0
ENSG00000264916	0	0	0
ENSG00000212338	0	0	0
ENSG00000206659	0	0	0
ENSG00000253025	0	0	0
ENSG00000201619	0	0	0
ENSG00000201544	3	3	0
ENSG00000202498	0	0	0
ENSG00000221545	0	0	0
ENSG00000252906	8	2	6
ENSG00000206692	0	0	0
ENSG00000202329	0	0	0
ENSG00000242794	0	0	0
ENSG00000212144	0	0	0
ENSG00000283340	0	0	0
ENSG00000252860	5	1	4
ENSG00000252501	0	0	0
ENSG00000263390	0	0	0
ENSG00000207181	10	6	4
ENSG00000265744	7	6	1
ENSG00000264377	0	0	0
ENSG00000207149	0	0	0
ENSG00000283936	0	0	0
ENSG00000284485	0	0	0
ENSG00000201638	0	0	0
ENSG00000275213	0	0	0
ENSG00000239494	8	7	1
ENSG00000212230	0	0	0
ENSG00000252371	0	0	0
ENSG00000199442	0	0	0
ENSG00000200033	0	0	0
ENSG00000239690	0	0	0
ENSG00000202184	3	0	3
ENSG00000241395	1	1	0
ENSG00000200982	0	0	0
ENSG00000275207	1	1	0
ENSG00000202300	0	0	0
ENSG00000222407	0	0	0
ENSG00000222986	0	0	0
ENSG00000265435	0	0	0
ENSG00000272262	0	0	0
ENSG00000200495	1	1	0
ENSG00000202609	0	0	0
ENSG00000252553	0	0	0
ENSG00000206764	0	0	0
ENSG00000222240	0	0	0
ENSG00000212187	1	1	0
ENSG00000206637	8	3	5
ENSG00000253097	0	0	0
ENSG00000200036	0	0	0
ENSG00000201421	0	0	0
ENSG00000212610	0	0	0
ENSG00000252484	0	0	0
ENSG00000201944	1	0	1
ENSG00000200327	0	0	0
ENSG00000206905	0	0	0
ENSG00000200972	2	2	0
ENSG00000243051	4	2	2
ENSG00000252011	0	0	0
ENSG00000207326	0	0	0
ENSG00000212205	0	0	0
ENSG00000253042	1	1	0
ENSG00000274121	0	0	0
ENSG00000264358	0	0	0
ENSG00000206640	0	0	0
ENSG00000212527	0	0	0
ENSG00000252879	0	0	0
ENSG00000252612	0	0	0
ENSG00000202264	0	0	0
ENSG00000285609	0	0	0
ENSG00000206762	6	3	3
ENSG00000252084	0	0	0
ENSG00000200085	0	0	0
ENSG00000264500	6	4	2
ENSG00000202025	0	0	0
ENSG00000225545	0	0	0
ENSG00000206990	0	0	0
ENSG00000230175	0	0	0
ENSG00000225272	1	0	1
ENSG00000215838	0	0	0
ENSG00000273365	1	0	1
ENSG00000224358	7	5	5
ENSG00000230659	0	0	0
ENSG00000162545	8439	4169	4270
ENSG00000090432	1730	825	905
ENSG00000215520	0	0	0
ENSG00000183114	1	1	0
ENSG00000158825	1055	482	573
ENSG00000158828	1092	1801	2003
ENSG00000284005	0	0	0
ENSG00000117242	157	1566	1303
ENSG00000234473	2	0	2
ENSG00000238754	0	0	0
ENSG00000134371	935	455	483
ENSG00000221680	0	0	0
ENSG00000162630	33	22	12
ENSG00000276735	4	3	3
ENSG00000232077	0	0	0
ENSG00000229639	0	0	0
ENSG00000287453	0	0	0
ENSG00000270615	0	0	0
ENSG00000287283	2	2	0
ENSG00000240692	0	0	0
ENSG00000229359	0	0	0
ENSG00000237919	0	0	1
ENSG00000066557	419	234	185
ENSG00000244389	0	0	0
ENSG00000228988	2	1	1
ENSG00000118454	900	472	428
ENSG00000226088	1	0	1
ENSG00000116761	439	221	218
ENSG00000278636	2	1	1
ENSG00000271992	17	9	8
ENSG00000233020	0	0	0
ENSG00000237033	0	0	0
ENSG00000226208	0	0	0
ENSG00000007968	1049	528	521
ENSG00000235052	6	2	4
ENSG00000117318	17552	8832	8720
ENSG00000285802	0	0	0
ENSG00000229239	0	0	0
ENSG00000142676	25592	12436	13156
ENSG00000057757	1333	714	620
ENSG00000011009	2890	1408	1483
ENSG00000117308	2700	1334	1367
ENSG00000273844	0	0	0
ENSG00000235748	0	0	0
ENSG00000237861	0	0	0
ENSG00000221879	0	0	0
ENSG00000230260	0	0	0
ENSG00000199241	0	0	0
ENSG00000226919	0	1	0
ENSG00000223963	0	0	0
ENSG00000215802	0	0	0
ENSG00000233615	0	0	0
ENSG00000238085	0	0	0
ENSG00000265831	0	0	0
ENSG00000224348	0	0	0
ENSG00000286496	0	0	0
ENSG00000287516	0	1	0
ENSG00000287738	4	1	4
ENSG00000132703	0	0	0
ENSG00000276632	0	0	0
ENSG00000223603	0	0	0
ENSG00000132693	0	0	0
ENSG00000235226	0	0	0
ENSG00000158716	1564	755	809
ENSG00000181036	6	3	3
ENSG00000158714	106	200	193
ENSG00000212161	0	0	0
ENSG00000243284	5	2	3
ENSG00000272668	123	70	60
ENSG00000213085	25	17	8
ENSG00000266458	1	1	0
ENSG00000287040	9	5	4
ENSG00000279430	44	21	23
ENSG00000162723	1	0	1
ENSG00000273933	1	1	0
ENSG00000256029	4	49	58
ENSG00000188004	1	0	1
ENSG00000266580	0	0	0
ENSG00000254545	0	2	0
ENSG00000203620	0	0	0
ENSG00000269967	23	8	15
ENSG00000228634	23	14	9
ENSG00000284702	0	0	0
ENSG00000221040	0	0	0
ENSG00000287217	15	4	11
ENSG00000163399	23069	30555	30888
ENSG00000212385	0	0	0
ENSG00000233154	6	2	5
ENSG00000230381	0	0	0
ENSG00000200547	0	0	1
ENSG00000224950	18	11	8
ENSG00000286276	3	1	3
ENSG00000177888	328	148	180
ENSG00000243364	473	206	267
ENSG00000251246	0	0	0
ENSG00000143590	131	67	64
ENSG00000202027	0	0	0
ENSG00000169242	6931	3424	3507
ENSG00000169241	2217	1101	1116
ENSG00000223452	0	0	0
ENSG00000163463	237	126	111
ENSG00000273088	0	0	0
ENSG00000284586	0	0	0
ENSG00000169231	556	564	541
ENSG00000236263	0	19	21
ENSG00000236675	21	10	11
ENSG00000177628	1236	654	582
ENSG00000116521	1601	793	808
ENSG00000176444	1065	527	538
ENSG00000143630	512	295	291
ENSG00000143627	54	67	61
ENSG00000253074	0	0	0
ENSG00000252116	0	0	0
ENSG00000228523	1	0	1
ENSG00000223263	3	1	2
ENSG00000207504	0	0	0
ENSG00000238139	0	0	0
ENSG00000197721	3	2	1
ENSG00000244703	0	0	0
ENSG00000226289	0	0	0
ENSG00000285239	0	0	0
ENSG00000234219	8	3	5
ENSG00000174059	576	281	295
ENSG00000285719	0	0	0
ENSG00000284237	38	14	24
ENSG00000158731	0	0	0
ENSG00000201746	0	0	0
ENSG00000264881	0	0	0
ENSG00000199562	4	3	1
ENSG00000264501	0	0	0
ENSG00000284735	51	28	23
ENSG00000284642	67	28	39
ENSG00000142657	3159	1602	1557
ENSG00000271989	1	7	6
ENSG00000251503	4	1	7
ENSG00000175279	47	15	32
ENSG00000160049	1533	876	899
ENSG00000203469	0	60	83
ENSG00000236035	2	2	0
ENSG00000221643	1	1	0
ENSG00000122188	82	41	41
ENSG00000288644	0	0	0
ENSG00000227417	23	13	10
ENSG00000223505	25	9	16
ENSG00000182004	1118	610	508
ENSG00000236430	0	0	0
ENSG00000130768	1124	829	856
ENSG00000227050	3	317	263
ENSG00000238231	5	3	2
ENSG00000240750	3	1	2
ENSG00000158156	310	166	160
ENSG00000182118	78	47	31
ENSG00000283799	0	0	0
ENSG00000227934	4	3	1
ENSG00000229595	0	0	0
ENSG00000143633	591	294	297
ENSG00000281912	49	34	25
ENSG00000288208	0	0	0
ENSG00000132773	453	238	305
ENSG00000070759	353	181	192
ENSG00000236872	0	0	0
ENSG00000280670	28	17	11
ENSG00000132763	392	1523	972
ENSG00000221953	12	10	2
ENSG00000226164	0	0	0
ENSG00000224014	2	0	2
ENSG00000215795	13	2	11
ENSG00000259865	124	48	76
ENSG00000227671	1186	555	631
ENSG00000283881	0	0	0
ENSG00000252516	7	3	4
ENSG00000232347	0	0	0
ENSG00000214144	1	0	1
ENSG00000235818	0	0	0
ENSG00000197617	1	1	0
ENSG00000202079	2	0	2
ENSG00000286216	2	0	2
ENSG00000203664	0	0	0
ENSG00000169224	9	5	4
ENSG00000236817	0	1	0
ENSG00000177489	0	0	0
ENSG00000177476	0	0	0
ENSG00000283369	0	0	0
ENSG00000230411	1	0	1
ENSG00000251977	0	0	0
ENSG00000252254	0	0	0
ENSG00000227854	2	0	2
ENSG00000287589	0	0	0
ENSG00000259776	0	0	0
ENSG00000233355	57	21	36
ENSG00000234601	1	1	0
ENSG00000231979	0	0	0
ENSG00000215805	0	0	0
ENSG00000287102	0	0	0
ENSG00000217327	0	0	0
ENSG00000228818	2	2	0
ENSG00000202041	0	0	0
ENSG00000223694	0	0	0
ENSG00000233735	0	0	0
ENSG00000133019	346	165	181
ENSG00000162636	1498	690	808
ENSG00000162639	248	129	119
ENSG00000285923	1	0	1
ENSG00000134186	2118	1010	1108
ENSG00000143107	1	1	0
ENSG00000232971	0	0	0
ENSG00000116266	1410	659	751
ENSG00000228076	10	6	4
ENSG00000203897	2	2	0
ENSG00000237349	0	0	0
ENSG00000244716	13	8	5
ENSG00000228665	1	0	1
ENSG00000228054	0	0	0
ENSG00000273382	26	27	75
ENSG00000215717	1515	749	842
ENSG00000278249	0	0	0
ENSG00000270066	0	0	0
ENSG00000251484	2	2	0
ENSG00000132676	3055	1538	1620
ENSG00000227673	0	0	0
ENSG00000203761	64	51	31
ENSG00000234937	3	0	3
ENSG00000132718	252	114	138
ENSG00000283442	0	0	0
ENSG00000143622	765	403	362
ENSG00000132680	1172	565	607
ENSG00000207475	10	3	7
ENSG00000280466	0	0	0
ENSG00000281394	0	0	0
ENSG00000277817	0	0	0
ENSG00000273002	24	11	13
ENSG00000224276	40	15	25
ENSG00000285677	2	524	814
ENSG00000163479	3775	2464	2617
ENSG00000160803	1060	531	529
ENSG00000132698	4625	2274	2351
ENSG00000252236	14	7	7
ENSG00000260238	0	0	0
ENSG00000242252	8	3	5
ENSG00000198952	3262	1637	1626
ENSG00000163472	163	292	216
ENSG00000163468	4894	2376	2518
ENSG00000132677	1	1	0
ENSG00000237390	0	0	0
ENSG00000207933	0	0	0
ENSG00000254726	67	38	29
ENSG00000186377	39	16	23
ENSG00000186160	2	2	0
ENSG00000225154	0	0	0
ENSG00000225506	2	1	1
ENSG00000225514	0	0	0
ENSG00000224805	7	5	2
ENSG00000162366	1387	705	682
ENSG00000226252	0	0	0
ENSG00000225762	87	33	54
ENSG00000186790	8	2	6
ENSG00000237424	562	252	310
ENSG00000189030	0	0	0
ENSG00000162763	0	0	0
ENSG00000143061	1141	559	582
ENSG00000135821	14373	7194	7179
ENSG00000203740	2	0	2
ENSG00000162374	12	4	8
ENSG00000168275	425	320	326
ENSG00000241563	7	5	2
ENSG00000153207	1266	662	604
ENSG00000156869	997	395	602
ENSG00000033122	68	36	33
ENSG00000143278	0	0	0
ENSG00000116678	213	102	111
ENSG00000159352	2720	1331	1389
ENSG00000158710	17009	8677	8332
ENSG00000162734	1376	720	766
ENSG00000049239	5797	2872	2925
ENSG00000186564	1143	558	585
ENSG00000244038	7683	3802	3881
ENSG00000158747	15470	7326	8144
ENSG00000116690	5	135	59
ENSG00000126091	82	34	50
ENSG00000162383	53	16	38
ENSG00000171163	1131	537	594
ENSG00000172456	403	210	198
ENSG00000162946	93	43	51
ENSG00000158786	0	0	0
ENSG00000118733	4	0	4
ENSG00000157870	2551	1627	1714
ENSG00000179085	822	401	421
ENSG00000173080	222	117	105
ENSG00000183347	1	0	1
ENSG00000276470	0	0	0
ENSG00000278852	0	0	0
ENSG00000275915	0	0	0
ENSG00000120937	0	0	0
ENSG00000224904	0	0	0
ENSG00000285646	31	15	16
ENSG00000199347	0	0	0
ENSG00000201801	4	4	0
ENSG00000116685	3891	1943	1948
ENSG00000083444	1794	927	867
ENSG00000287384	1	0	1
ENSG00000270914	1	1	0
ENSG00000116691	667	327	340
ENSG00000202461	1	1	0
ENSG00000276869	0	0	0
ENSG00000243539	0	0	0
ENSG00000120949	3	0	3
ENSG00000201135	0	0	0
ENSG00000227875	0	0	0
ENSG00000285604	0	0	0
ENSG00000283789	0	0	0
ENSG00000263676	0	0	0
ENSG00000200591	1	1	0
ENSG00000162521	2227	1775	1746
ENSG00000162520	177	734	737
ENSG00000224409	0	0	0
ENSG00000162522	11676	5789	5888
ENSG00000116497	679	340	351
ENSG00000160097	22	11	11
ENSG00000121905	64	2849	2820
ENSG00000121900	9795	7686	7714
ENSG00000287691	31	21	12
ENSG00000278966	4	1	3
ENSG00000143222	2773	1759	1680
ENSG00000224985	35	148	553
ENSG00000143224	542	302	366
ENSG00000158850	1474	785	808
ENSG00000158859	498	240	258
ENSG00000158869	426	195	231
ENSG00000158874	7	4	3
ENSG00000158882	501	364	340
ENSG00000284035	0	0	0
ENSG00000143257	26	115	114
ENSG00000248485	12	6	6
ENSG00000188931	121	51	78
ENSG00000236484	0	0	0
ENSG00000283696	23	12	11
ENSG00000288093	13	5	8
ENSG00000206921	0	0	0
ENSG00000215840	8	3	5
ENSG00000277882	0	0	0
ENSG00000283317	8	3	5
ENSG00000277762	0	0	0
ENSG00000227139	0	0	0
ENSG00000265107	45	34	29
ENSG00000274415	0	5	13
ENSG00000234190	0	0	0
ENSG00000223728	0	0	0
ENSG00000121634	0	0	0
ENSG00000188092	111	57	54
ENSG00000215859	16	12	10
ENSG00000273059	1	3	4
ENSG00000274372	5	1	4
ENSG00000206791	0	0	0
ENSG00000206585	1	1	0
ENSG00000229828	0	0	0
ENSG00000225080	3	1	2
ENSG00000198658	1	1	0
ENSG00000238382	0	0	0
ENSG00000225919	0	0	0
ENSG00000236497	0	0	0
ENSG00000207190	0	0	0
ENSG00000200508	0	0	0
ENSG00000284928	0	0	0
ENSG00000223949	5	5	0
ENSG00000116688	4716	2341	2375
ENSG00000188800	0	0	0
ENSG00000084073	1896	974	923
ENSG00000231296	0	1	0
ENSG00000049089	1004	550	454
ENSG00000227311	0	0	0
ENSG00000213172	0	0	0
ENSG00000284677	0	0	0
ENSG00000187801	46	25	21
ENSG00000260920	48	27	21
ENSG00000158887	145	70	75
ENSG00000255054	0	0	0
ENSG00000228172	16	175	252
ENSG00000117640	899	597	609
ENSG00000272478	0	0	0
ENSG00000127423	30	16	21
ENSG00000182749	108	73	80
ENSG00000207302	0	0	0
ENSG00000117632	1900	905	995
ENSG00000229786	0	0	0
ENSG00000223624	1	1	0
ENSG00000283938	0	0	0
ENSG00000199385	0	0	0
ENSG00000187147	1546	1163	1116
ENSG00000263381	0	0	0
ENSG00000126106	542	594	681
ENSG00000198520	32	17	15
ENSG00000199377	2	1	1
ENSG00000200169	11	9	2
ENSG00000142945	367	198	231
ENSG00000142937	35583	18842	18766
ENSG00000264294	0	0	0
ENSG00000200913	22	14	8
ENSG00000202031	7	6	1
ENSG00000207421	0	0	0
ENSG00000281859	0	0	0
ENSG00000234093	26	14	12
ENSG00000142959	3279	1677	1602
ENSG00000173846	6517	3340	3394
ENSG00000117425	112	67	45
ENSG00000202444	0	0	0
ENSG00000226499	0	0	0
ENSG00000070785	515	250	265
ENSG00000253039	0	0	0
ENSG00000229815	2	2	0
ENSG00000232369	0	0	0
ENSG00000268949	0	0	0
ENSG00000126107	3590	1878	1925
ENSG00000126088	928	578	563
ENSG00000234315	1	0	1
ENSG00000162408	1045	526	519
ENSG00000229519	14	3	11
ENSG00000173662	61	26	35
ENSG00000204859	1275	629	646
ENSG00000288629	0	0	0
ENSG00000230735	0	0	0
ENSG00000171488	257	135	122
ENSG00000226394	3	2	1
ENSG00000237200	3	1	2
ENSG00000070886	0	0	0
ENSG00000276835	0	0	0
ENSG00000265422	1	1	0
ENSG00000223776	10	17	38
ENSG00000273058	41	23	18
ENSG00000230325	7	10	8
ENSG00000119285	678	692	766
ENSG00000226498	1	1	0
ENSG00000237991	0	0	0
ENSG00000244020	0	0	0
ENSG00000288099	0	0	0
ENSG00000225886	4	2	2
ENSG00000206767	0	0	0
ENSG00000226662	0	0	0
ENSG00000207095	0	0	0
ENSG00000287244	3	1	2
ENSG00000231344	6	2	4
ENSG00000230833	2	1	1
ENSG00000117758	1820	856	964
ENSG00000269971	4	1	3
ENSG00000270031	4	3	1
ENSG00000223062	0	0	0
ENSG00000286433	0	6	34
ENSG00000117751	1017	538	519
ENSG00000252947	3	1	2
ENSG00000130775	709	325	384
ENSG00000117748	628	319	309
ENSG00000223643	0	0	0
ENSG00000230239	0	0	0
ENSG00000263811	0	0	0
ENSG00000277234	0	0	0
ENSG00000235241	0	46	102
ENSG00000207005	3	3	0
ENSG00000272426	10	4	6
ENSG00000117122	80	68	34
ENSG00000286898	0	7	15
ENSG00000226526	0	50	49
ENSG00000159363	1759	945	884
ENSG00000117118	4900	2309	2591
ENSG00000117115	14589	7464	7126
ENSG00000204362	0	0	0
ENSG00000282843	0	0	0
ENSG00000142623	28	10	19
ENSG00000142619	9	6	3
ENSG00000266634	0	0	0
ENSG00000199459	0	0	0
ENSG00000273264	4	2	2
ENSG00000282057	5	1	4
ENSG00000272691	0	0	0
ENSG00000199934	0	0	0
ENSG00000230285	0	0	0
ENSG00000142871	4186	2051	2135
ENSG00000226643	0	0	0
ENSG00000234419	0	0	0
ENSG00000276997	6	1	5
ENSG00000222399	0	0	0
ENSG00000267305	0	0	0
ENSG00000143512	10	6	4
ENSG00000143498	71	31	40
ENSG00000225265	19	8	11
ENSG00000154305	2025	1137	1270
ENSG00000229399	2	2	0
ENSG00000272750	37	230	189
ENSG00000186063	330	168	172
ENSG00000162819	1431	756	685
ENSG00000287684	10	8	13
ENSG00000234523	3	3	0
ENSG00000287338	0	0	0
ENSG00000187554	81	35	46
ENSG00000236846	0	0	0
ENSG00000226601	0	0	0
ENSG00000164010	501	351	414
ENSG00000164011	109	59	50
ENSG00000233708	0	0	0
ENSG00000237090	0	0	0
ENSG00000225099	0	0	0
ENSG00000284138	18	6	12
ENSG00000283973	0	3	0
ENSG00000207256	0	0	0
ENSG00000283136	0	0	0
ENSG00000277513	0	0	0
ENSG00000154309	199	74	125
ENSG00000226967	0	0	0
ENSG00000231407	22	14	10
ENSG00000229570	0	0	0
ENSG00000203857	11	7	4
ENSG00000226443	0	0	0
ENSG00000249798	0	0	0
ENSG00000239873	0	0	0
ENSG00000203855	0	0	0
ENSG00000240244	0	0	0
ENSG00000260941	7	4	3
ENSG00000198857	3	1	2
ENSG00000143067	140	81	59
ENSG00000134240	37096	18027	19069
ENSG00000134193	438	224	214
ENSG00000215864	5	4	1
ENSG00000227205	0	0	0
ENSG00000226446	0	0	0
ENSG00000134249	0	0	0
ENSG00000092621	181	89	92
ENSG00000027644	1	1	0
ENSG00000241992	0	0	0
ENSG00000234226	0	0	0
ENSG00000137970	113	15	98
ENSG00000223229	0	0	0
ENSG00000285698	0	0	0
ENSG00000228035	0	0	0
ENSG00000287103	0	0	0
ENSG00000226973	0	0	0
ENSG00000274468	0	0	0
ENSG00000130764	1676	896	965
ENSG00000266075	3	1	3
ENSG00000272153	22	126	80
ENSG00000230026	0	0	0
ENSG00000285177	1	0	1
ENSG00000284770	68	178	140
ENSG00000229795	0	0	0
ENSG00000238236	0	0	0
ENSG00000235638	0	0	0
ENSG00000231199	0	0	0
ENSG00000226663	0	0	0
ENSG00000231582	0	0	0
ENSG00000232714	0	0	0
ENSG00000235761	0	0	0
ENSG00000270710	0	0	0
ENSG00000227236	0	0	0
ENSG00000198837	1532	766	835
ENSG00000160741	1551	759	792
ENSG00000276584	0	0	0
ENSG00000282386	26	14	12
ENSG00000273026	8	4	4
ENSG00000143578	516	276	300
ENSG00000143543	458	83	404
ENSG00000285641	0	5	3
ENSG00000143545	337	150	187
ENSG00000177954	16352	8278	8074
ENSG00000231416	5	2	3
ENSG00000200220	0	0	0
ENSG00000231837	0	0	0
ENSG00000263987	0	0	0
ENSG00000162642	578	285	293
ENSG00000223254	119	72	47
ENSG00000223653	27	72	224
ENSG00000116198	1287	649	638
ENSG00000169598	365	161	204
ENSG00000226653	0	0	0
ENSG00000207209	0	0	0
ENSG00000272443	0	0	0
ENSG00000272480	0	0	0
ENSG00000288626	0	0	0
ENSG00000162836	748	378	370
ENSG00000207080	0	0	0
ENSG00000231791	0	0	0
ENSG00000244568	0	0	0
ENSG00000271387	6	4	2
ENSG00000116667	3474	1683	1791
ENSG00000230470	5	3	2
ENSG00000232036	10	1	9
ENSG00000285847	86	43	44
ENSG00000286378	5	5	1
ENSG00000215381	0	0	0
ENSG00000261326	80	41	39
ENSG00000284726	5	2	3
ENSG00000125945	319	150	177
ENSG00000201405	0	0	0
ENSG00000271420	59	30	29
ENSG00000204219	6680	3171	3509
ENSG00000232482	10	6	4
ENSG00000285779	0	0	0
ENSG00000162885	579	563	534
ENSG00000270780	0	0	0
ENSG00000232895	1	1	0
ENSG00000273698	0	0	0
ENSG00000273112	1	1	0
ENSG00000173110	162	75	87
ENSG00000224203	0	0	0
ENSG00000224515	0	0	0
ENSG00000225217	200	109	91
ENSG00000231586	0	0	0
ENSG00000234211	0	11	19
ENSG00000213075	1	1	0
ENSG00000143125	0	0	0
ENSG00000270380	0	0	0
ENSG00000282887	0	0	0
ENSG00000283999	0	0	0
ENSG00000240194	0	2	0
ENSG00000235407	0	0	2
ENSG00000143105	1	0	1
ENSG00000199710	0	0	0
ENSG00000237415	0	0	0
ENSG00000232791	0	0	0
ENSG00000177301	15	8	7
ENSG00000226828	1	1	0
ENSG00000279774	0	0	0
ENSG00000229960	4	4	0
ENSG00000286486	3	0	3
ENSG00000244066	0	0	0
ENSG00000237759	0	0	0
ENSG00000287531	0	0	0
ENSG00000225855	209	1164	1056
ENSG00000283701	0	0	0
ENSG00000207134	0	0	0
ENSG00000227773	1	1	0
ENSG00000207144	0	0	0
ENSG00000237872	6	2	4
ENSG00000271267	7	3	4
ENSG00000225082	2	1	1
ENSG00000223503	1	0	1
ENSG00000232519	1	1	0
ENSG00000160752	1335	1658	1652
ENSG00000121957	604	689	666
ENSG00000235089	0	0	0
ENSG00000285179	0	0	0
ENSG00000223026	0	0	0
ENSG00000225721	2	53	2043
ENSG00000188396	215	300	132
ENSG00000202167	0	0	0
ENSG00000207349	0	0	0
ENSG00000252826	0	0	0
ENSG00000206737	0	0	0
ENSG00000223779	0	0	0
ENSG00000242352	0	0	0
ENSG00000270962	0	0	0
ENSG00000263590	0	0	0
ENSG00000252105	0	0	0
ENSG00000233430	0	0	0
ENSG00000237503	0	0	0
ENSG00000265531	0	0	0
ENSG00000234571	1	0	1
ENSG00000230186	0	0	0
ENSG00000268074	0	0	0
ENSG00000270872	3	0	3
ENSG00000276674	0	0	0
ENSG00000082482	3	2	1
ENSG00000116747	467	294	286
ENSG00000118729	45	22	23
ENSG00000134207	3	2	1
ENSG00000163467	11	7	4
ENSG00000243710	5	4	7
ENSG00000117395	1472	742	746
ENSG00000116874	569	326	301
ENSG00000065600	131	70	61
ENSG00000009780	406	196	210
ENSG00000023572	628	331	389
ENSG00000077254	1833	872	961
ENSG00000134644	2702	1273	1429
ENSG00000215788	1259	768	698
ENSG00000117834	44	16	36
ENSG00000117625	1034	516	518
ENSG00000179902	8	2	9
ENSG00000020633	390	205	185
ENSG00000121766	554	346	376
ENSG00000143157	1603	816	787
ENSG00000162614	194	99	104
ENSG00000160781	163	85	80
ENSG00000143344	410	207	203
ENSG00000162613	1961	951	1010
ENSG00000116882	0	0	0
ENSG00000198758	10237	5213	5024
ENSG00000117569	407	183	224
ENSG00000142856	384	467	554
ENSG00000158022	12	3	9
ENSG00000116396	730	334	396
ENSG00000058668	1173	575	598
ENSG00000163875	1053	519	534
ENSG00000282872	0	0	0
ENSG00000131238	1572	788	784
ENSG00000171680	844	438	406
ENSG00000244457	0	0	0
ENSG00000116977	1438	1205	1139
ENSG00000229372	3	75	129
ENSG00000274975	0	0	0
ENSG00000229348	7	1	6
ENSG00000242485	1942	1076	1101
ENSG00000264293	0	0	0
ENSG00000272455	39	15	24
ENSG00000225905	2	1	1
ENSG00000225285	28	8	20
ENSG00000179403	1074	512	562
ENSG00000215915	19	6	13
ENSG00000236085	0	0	0
ENSG00000234441	0	0	0
ENSG00000227408	0	0	0
ENSG00000223635	4	3	1
ENSG00000135776	937	458	479
ENSG00000199672	0	0	0
ENSG00000201492	5	0	5
ENSG00000229367	1	1	0
ENSG00000135763	328	155	173
ENSG00000213028	4	1	3
ENSG00000225984	0	0	0
ENSG00000178828	1535	1045	1086
ENSG00000235434	4	300	301
ENSG00000169914	908	461	447
ENSG00000188784	0	0	0
ENSG00000242688	0	0	0
ENSG00000177186	0	0	0
ENSG00000177174	0	0	0
ENSG00000269956	15	83	105
ENSG00000162456	3	1	2
ENSG00000079277	1255	717	711
ENSG00000117407	65	30	35
ENSG00000237950	66	30	36
ENSG00000117408	900	450	450
ENSG00000285649	13	42	71
ENSG00000117410	3917	1898	2021
ENSG00000159214	807	490	451
ENSG00000196517	1008	543	599
ENSG00000227163	0	0	0
ENSG00000271647	0	0	0
ENSG00000239560	0	0	0
ENSG00000196539	0	0	0
ENSG00000229255	0	0	0
ENSG00000203661	0	0	0
ENSG00000271934	0	0	0
ENSG00000224521	0	0	0
ENSG00000227102	0	0	0
ENSG00000183310	0	0	0
ENSG00000201602	0	0	0
ENSG00000271701	0	0	0
ENSG00000189181	0	0	0
ENSG00000187238	0	0	0
ENSG00000185962	0	0	0
ENSG00000226947	0	0	0
ENSG00000285753	0	0	0
ENSG00000187223	0	0	0
ENSG00000159455	0	0	0
ENSG00000187173	0	0	0
ENSG00000204501	0	0	0
ENSG00000228229	0	0	0
ENSG00000204481	0	0	0
ENSG00000204479	0	0	0
ENSG00000172031	4	1	3
ENSG00000233228	0	0	0
ENSG00000224678	2	2	0
ENSG00000233401	0	0	0
ENSG00000273487	0	0	0
ENSG00000226773	0	0	0
ENSG00000274481	0	0	0
ENSG00000228594	167	93	74
ENSG00000286989	13	8	5
ENSG00000272106	422	230	302
ENSG00000189409	18	17	1
ENSG00000272004	0	58	99
ENSG00000189339	1949	1040	1067
ENSG00000269737	87	54	33
ENSG00000215914	6	2	4
ENSG00000008128	176	111	65
ENSG00000268575	79	78	69
ENSG00000227775	144	102	123
ENSG00000008130	4024	2092	1932
ENSG00000078369	9865	4827	5040
ENSG00000178821	166	71	95
ENSG00000158477	3	1	2
ENSG00000230942	0	0	0
ENSG00000158481	22	3	19
ENSG00000158485	1	1	0
ENSG00000158488	21	11	10
ENSG00000186306	0	0	0
ENSG00000203758	0	0	0
ENSG00000236257	0	0	0
ENSG00000236656	0	0	0
ENSG00000198703	0	0	0
ENSG00000227445	0	0	0
ENSG00000231434	0	0	0
ENSG00000117505	1562	770	829
ENSG00000229635	3	3	0
ENSG00000207379	1	1	0
ENSG00000212601	0	0	0
ENSG00000162889	4753	2334	2419
ENSG00000224114	18	8	10
ENSG00000199349	4	0	4
ENSG00000162892	7	4	14
ENSG00000162894	89	49	51
ENSG00000271680	1	0	1
ENSG00000226945	2	0	2
ENSG00000162896	368259	182802	185464
ENSG00000162897	66	35	32
ENSG00000182795	701	355	346
ENSG00000198890	909	469	440
ENSG00000224550	2	2	0
ENSG00000142669	5006	3271	3189
ENSG00000169442	118	95	95
ENSG00000225854	8	5	3
ENSG00000176083	2	1	1
ENSG00000229167	49	23	26
ENSG00000142910	5674	2881	2793
ENSG00000162517	1426	846	743
ENSG00000235790	18	46	56
ENSG00000264078	0	0	0
ENSG00000241745	1	1	0
ENSG00000228407	3	1	2
ENSG00000223429	0	0	0
ENSG00