N_unmapped	280359	280359	280359
N_multimapping	4529156	4529156	4529156
N_noFeature	2999383	19390729	19204525
N_ambiguous	3435493	901523	845990
ENSG00000160072	1422	718	704
ENSG00000234396	1	0	5
ENSG00000225972	55	28	27
ENSG00000224315	1	1	0
ENSG00000198744	115	66	50
ENSG00000279928	0	0	0
ENSG00000228037	223	98	125
ENSG00000142611	28	9	19
ENSG00000225630	2819	1758	1061
ENSG00000284616	0	0	0
ENSG00000157911	251	1268	1418
ENSG00000269896	82	46	36
ENSG00000237973	765	471	426
ENSG00000228463	0	1	0
ENSG00000260972	0	0	0
ENSG00000157933	608	321	287
ENSG00000224340	0	0	0
ENSG00000226545	3	3	0
ENSG00000268663	0	0	0
ENSG00000226374	0	0	0
ENSG00000229280	0	0	0
ENSG00000142655	618	307	353
ENSG00000232596	0	0	0
ENSG00000235054	1	0	1
ENSG00000232663	0	0	0
ENSG00000240409	0	0	0
ENSG00000229344	92	77	53
ENSG00000231510	0	0	0
ENSG00000149527	220	127	93
ENSG00000284739	0	0	0
ENSG00000171621	1165	571	594
ENSG00000272235	6	5	1
ENSG00000284694	0	0	0
ENSG00000230021	0	37	23
ENSG00000287356	14	7	12
ENSG00000224387	3	1	2
ENSG00000285629	1	0	1
ENSG00000173673	0	0	0
ENSG00000142583	241	117	124
ENSG00000284674	0	0	0
ENSG00000272161	2	2	0
ENSG00000237094	11	9	4
ENSG00000224338	0	0	0
ENSG00000074800	18699	9282	9421
ENSG00000116786	1225	712	644
ENSG00000287727	4	3	1
ENSG00000228423	1	0	1
ENSG00000286448	1	0	2
ENSG00000131686	0	0	0
ENSG00000229305	0	0	0
ENSG00000284703	0	0	0
ENSG00000226457	0	0	0
ENSG00000173614	1237	627	611
ENSG00000248527	63474	39552	23922
ENSG00000215720	4	1	3
ENSG00000241326	0	0	0
ENSG00000233623	3	1	2
ENSG00000162592	1	0	3
ENSG00000116254	7	4	3
ENSG00000233645	1	1	0
ENSG00000204624	10	6	4
ENSG00000142606	134	542	558
ENSG00000235146	0	0	0
ENSG00000225931	19	10	9
ENSG00000171729	763	373	403
ENSG00000279457	95	48	47
ENSG00000162571	16	13	9
ENSG00000229393	0	0	0
ENSG00000037637	678	328	350
ENSG00000287586	2	1	1
ENSG00000159423	302	157	145
ENSG00000142599	3779	1321	2458
ENSG00000227169	0	0	0
ENSG00000283356	0	0	0
ENSG00000011021	505	287	254
ENSG00000142615	0	0	0
ENSG00000215704	7	4	10
ENSG00000157916	4267	3390	3312
ENSG00000157881	739	364	375
ENSG00000238290	2	1	1
ENSG00000225387	1	1	0
ENSG00000048707	1662	793	869
ENSG00000158748	3	3	0
ENSG00000225196	0	0	0
ENSG00000162444	69	29	40
ENSG00000279625	0	0	0
ENSG00000180758	486	254	232
ENSG00000184677	823	383	440
ENSG00000230679	8	4	8
ENSG00000270136	0	0	0
ENSG00000288398	247	130	117
ENSG00000224621	14	2	12
ENSG00000285833	0	0	0
ENSG00000131697	227	112	117
ENSG00000284692	0	0	0
ENSG00000284745	0	0	0
ENSG00000280222	0	0	0
ENSG00000227634	0	0	0
ENSG00000285945	0	0	0
ENSG00000229162	4	1	3
ENSG00000197921	46	26	20
ENSG00000233755	1	1	0
ENSG00000233929	5	2	3
ENSG00000271742	0	0	0
ENSG00000226396	124	52	72
ENSG00000169504	896	474	422
ENSG00000234166	0	46	31
ENSG00000235282	0	0	0
ENSG00000055070	2200	1412	1492
ENSG00000175087	424	212	212
ENSG00000157191	1967	926	1043
ENSG00000284699	0	0	0
ENSG00000230035	0	0	0
ENSG00000235185	0	0	0
ENSG00000225643	2	1	1
ENSG00000284666	0	0	0
ENSG00000228943	0	0	0
ENSG00000234397	0	0	0
ENSG00000284309	0	0	0
ENSG00000162511	930	1043	1019
ENSG00000158014	10	7	3
ENSG00000204138	1724	848	876
ENSG00000233419	0	0	0
ENSG00000235263	0	0	0
ENSG00000228176	0	0	0
ENSG00000231251	0	0	0
ENSG00000142675	1608	735	873
ENSG00000197245	55	26	29
ENSG00000261025	0	0	0
ENSG00000116237	2110	1154	1076
ENSG00000130772	1446	735	711
ENSG00000215899	0	0	0
ENSG00000271398	10	1	9
ENSG00000225011	0	0	0
ENSG00000235069	0	0	0
ENSG00000284676	0	0	0
ENSG00000237058	4	0	4
ENSG00000233399	3	1	2
ENSG00000090020	2531	1307	1224
ENSG00000157978	2167	979	1188
ENSG00000226944	44	23	34
ENSG00000270282	1	1	0
ENSG00000130770	5282	3241	4521
ENSG00000229044	0	48	57
ENSG00000162512	881	420	461
ENSG00000158006	1295	639	656
ENSG00000214812	0	0	0
ENSG00000126698	2101	1079	1022
ENSG00000229447	2	1	1
ENSG00000229607	0	0	0
ENSG00000130766	1061	561	500
ENSG00000168528	8687	4400	4287
ENSG00000196581	39	20	19
ENSG00000169403	200	111	89
ENSG00000084628	5	1	4
ENSG00000060688	877	433	444
ENSG00000171612	422	178	244
ENSG00000270927	0	0	0
ENSG00000188910	388	187	201
ENSG00000230523	0	0	0
ENSG00000116138	879	558	509
ENSG00000158161	639	317	322
ENSG00000142684	0	307	373
ENSG00000234619	2	0	2
ENSG00000121769	78	39	40
ENSG00000142627	622	306	316
ENSG00000284668	0	0	0
ENSG00000233234	0	0	0
ENSG00000142632	202	136	143
ENSG00000234593	9	3	6
ENSG00000158292	1382	702	680
ENSG00000270605	219	83	138
ENSG00000189337	148	139	143
ENSG00000232912	28	6	22
ENSG00000235084	18	13	5
ENSG00000235143	0	0	0
ENSG00000225478	0	0	0
ENSG00000225077	8	8	5
ENSG00000028137	808	414	394
ENSG00000238249	0	0	0
ENSG00000204464	3	3	0
ENSG00000233372	2	1	1
ENSG00000283259	0	0	0
ENSG00000284543	63	36	28
ENSG00000130939	1058	518	540
ENSG00000175147	145	143	149
ENSG00000127472	42	23	19
ENSG00000060656	118	65	53
ENSG00000163867	636	310	326
ENSG00000232768	1	0	1
ENSG00000230214	0	0	0
ENSG00000189280	5	3	2
ENSG00000134698	615	313	302
ENSG00000134690	460	248	212
ENSG00000272420	45	20	25
ENSG00000132881	131	70	61
ENSG00000273274	1	1	0
ENSG00000116251	5008	2413	2611
ENSG00000272510	5	14	25
ENSG00000158286	1090	637	598
ENSG00000236648	0	0	0
ENSG00000232273	3	0	3
ENSG00000009709	1	1	0
ENSG00000287396	0	0	0
ENSG00000223589	0	0	0
ENSG00000158008	8	4	4
ENSG00000130940	664	523	528
ENSG00000116771	1209	691	672
ENSG00000237301	2	1	1
ENSG00000162585	1074	1028	1070
ENSG00000163879	213	137	127
ENSG00000227527	18	13	5
ENSG00000116954	661	320	341
ENSG00000228589	24	21	3
ENSG00000163873	33	15	18
ENSG00000117215	16	10	6
ENSG00000196449	380	180	268
ENSG00000230163	0	35	41
ENSG00000227538	0	0	0
ENSG00000232208	0	0	0
ENSG00000236500	0	0	0
ENSG00000044012	2491	1249	1242
ENSG00000179051	1540	1309	1343
ENSG00000215895	3	0	3
ENSG00000231868	7	2	7
ENSG00000284650	0	0	0
ENSG00000237329	2	0	2
ENSG00000236948	2	1	1
ENSG00000126067	2919	1392	1527
ENSG00000274944	3	0	3
ENSG00000132906	560	256	311
ENSG00000197312	943	462	481
ENSG00000284748	0	0	0
ENSG00000272078	57	220	224
ENSG00000173660	10348	4633	5715
ENSG00000224592	0	0	0
ENSG00000233728	0	78	97
ENSG00000230451	0	0	0
ENSG00000231606	7	3	4
ENSG00000215900	0	0	0
ENSG00000284632	0	0	0
ENSG00000241014	5	2	3
ENSG00000054118	2611	1353	1258
ENSG00000254553	0	0	0
ENSG00000284653	0	0	0
ENSG00000237749	6	2	4
ENSG00000276747	0	0	0
ENSG00000284705	0	0	0
ENSG00000228776	1	0	1
ENSG00000159339	16	4	12
ENSG00000223814	0	0	0
ENSG00000197982	1214	427	855
ENSG00000261781	0	0	0
ENSG00000183317	3184	1555	1629
ENSG00000183386	142	75	67
ENSG00000284743	1	1	2
ENSG00000158315	1411	713	795
ENSG00000204084	925	668	694
ENSG00000186973	51	15	36
ENSG00000271806	12	43	61
ENSG00000146463	623	307	323
ENSG00000279214	6	3	3
ENSG00000183520	622	277	345
ENSG00000271741	0	0	0
ENSG00000214141	0	0	0
ENSG00000142686	145	60	85
ENSG00000224751	0	0	0
ENSG00000279096	2	0	2
ENSG00000117148	10	6	4
ENSG00000230585	1	0	1
ENSG00000117000	323	160	163
ENSG00000284989	0	0	0
ENSG00000231630	0	0	0
ENSG00000092853	68	34	38
ENSG00000255811	0	0	1
ENSG00000134697	1584	794	841
ENSG00000187513	88	42	46
ENSG00000238145	0	0	0
ENSG00000225142	0	0	0
ENSG00000230138	0	0	0
ENSG00000223390	1	4	10
ENSG00000285823	1	1	0
ENSG00000284720	0	0	0
ENSG00000225028	5	4	1
ENSG00000225671	0	0	0
ENSG00000116151	229	110	124
ENSG00000226147	1	1	0
ENSG00000182873	163	64	103
ENSG00000006555	1884	962	922
ENSG00000236111	1	1	0
ENSG00000066056	192	90	102
ENSG00000214114	1103	576	527
ENSG00000173436	1003	135	873
ENSG00000116544	35	14	21
ENSG00000231900	0	0	0
ENSG00000236723	7	588	686
ENSG00000232467	0	0	0
ENSG00000117016	147	71	76
ENSG00000121310	5667	2666	3001
ENSG00000169213	301	153	148
ENSG00000163866	1483	716	843
ENSG00000225779	2	1	1
ENSG00000284601	3	0	3
ENSG00000237130	2	2	0
ENSG00000143001	116	154	196
ENSG00000229716	0	0	0
ENSG00000226133	0	0	0
ENSG00000227416	0	0	0
ENSG00000232335	0	1	3
ENSG00000260971	6	3	4
ENSG00000259832	0	0	0
ENSG00000284696	0	0	0
ENSG00000238242	0	0	0
ENSG00000285839	0	0	0
ENSG00000237290	0	0	0
ENSG00000232762	0	0	0
ENSG00000117419	1518	742	776
ENSG00000162384	1432	999	835
ENSG00000162391	136	607	667
ENSG00000174348	249	213	179
ENSG00000154198	0	0	0
ENSG00000117859	1110	592	554
ENSG00000228121	0	0	0
ENSG00000253313	1844	937	907
ENSG00000162396	267	134	133
ENSG00000203995	18	7	11
ENSG00000227742	42	19	25
ENSG00000284686	3	2	1
ENSG00000162378	650	326	324
ENSG00000233079	0	0	0
ENSG00000259818	1	0	1
ENSG00000229444	0	0	0
ENSG00000240563	463	223	240
ENSG00000234318	0	0	0
ENSG00000284773	45	19	26
ENSG00000234481	0	0	0
ENSG00000117862	117	80	37
ENSG00000235612	0	0	1
ENSG00000228369	3	1	2
ENSG00000183431	1758	833	925
ENSG00000227485	0	0	0
ENSG00000224609	17	8	15
ENSG00000235545	16	8	8
ENSG00000236646	0	0	0
ENSG00000169174	294	132	162
ENSG00000232198	0	0	0
ENSG00000238063	0	0	0
ENSG00000227104	0	0	0
ENSG00000243725	46	20	26
ENSG00000171872	1	1	0
ENSG00000162407	551	250	301
ENSG00000285079	1	0	1
ENSG00000169218	39	21	18
ENSG00000163877	467	243	224
ENSG00000228929	24	18	6
ENSG00000224570	0	0	0
ENSG00000224980	0	0	0
ENSG00000278967	4	4	0
ENSG00000157184	1243	1472	1440
ENSG00000272491	21	8	20
ENSG00000198815	1099	541	558
ENSG00000134744	250	114	136
ENSG00000233910	0	0	0
ENSG00000287703	5	3	2
ENSG00000283039	0	0	0
ENSG00000229032	0	0	0
ENSG00000229294	0	0	0
ENSG00000232993	0	83	57
ENSG00000234088	0	0	0
ENSG00000236973	0	0	0
ENSG00000227947	21	10	11
ENSG00000277397	0	0	0
ENSG00000271200	8	4	4
ENSG00000235446	0	0	0
ENSG00000261196	0	0	0
ENSG00000162385	1175	531	644
ENSG00000231413	0	0	0
ENSG00000234264	1	0	1
ENSG00000242391	0	0	0
ENSG00000223883	0	0	0
ENSG00000284808	0	0	0
ENSG00000242267	9	5	4
ENSG00000237227	4	2	2
ENSG00000275350	1	1	0
ENSG00000116652	1	1	1
ENSG00000123080	305	165	146
ENSG00000285778	0	0	0
ENSG00000077549	9103	4560	4548
ENSG00000233407	0	0	0
ENSG00000225675	0	1	0
ENSG00000237622	0	0	0
ENSG00000162598	0	0	0
ENSG00000280317	0	0	0
ENSG00000162415	368	178	194
ENSG00000162600	443	175	268
ENSG00000116704	1655	795	860
ENSG00000227644	0	1	2
ENSG00000157193	22	28	31
ENSG00000116205	486	250	303
ENSG00000198841	136	56	80
ENSG00000116212	634	314	320
ENSG00000234204	0	0	0
ENSG00000233099	0	0	0
ENSG00000233994	7	4	3
ENSG00000237180	0	0	0
ENSG00000213561	9	6	3
ENSG00000233973	0	0	0
ENSG00000237552	0	0	0
ENSG00000132854	53	24	29
ENSG00000227556	0	0	0
ENSG00000162616	216	106	110
ENSG00000162607	621	292	329
ENSG00000233602	11	7	4
ENSG00000233271	0	146	88
ENSG00000285954	0	0	0
ENSG00000233333	0	0	0
ENSG00000154027	26	15	11
ENSG00000234108	1	1	0
ENSG00000232676	0	0	0
ENSG00000225167	0	0	0
ENSG00000132122	266	122	144
ENSG00000213579	3	0	3
ENSG00000137960	1137	591	546
ENSG00000237852	5	2	3
ENSG00000116745	4	1	3
ENSG00000132855	3	3	1
ENSG00000285407	1	0	1
ENSG00000272855	1	1	0
ENSG00000270549	0	0	0
ENSG00000237163	0	0	0
ENSG00000229636	0	0	0
ENSG00000116675	11	6	5
ENSG00000162433	584	303	281
ENSG00000213625	1820	849	971
ENSG00000227207	0	0	0
ENSG00000227016	0	0	0
ENSG00000233664	0	0	0
ENSG00000158966	124	62	62
ENSG00000213703	1	1	0
ENSG00000203965	101	47	54
ENSG00000223479	0	0	0
ENSG00000233674	0	0	0
ENSG00000153898	1257	614	643
ENSG00000117069	27	15	12
ENSG00000125703	244	107	137
ENSG00000285041	0	0	0
ENSG00000285808	0	0	0
ENSG00000229440	0	0	0
ENSG00000234144	2	2	0
ENSG00000213540	0	0	0
ENSG00000277670	0	0	0
ENSG00000227466	0	0	0
ENSG00000154007	0	0	0
ENSG00000230498	1	1	0
ENSG00000285782	0	0	0
ENSG00000162618	145	76	69
ENSG00000224493	0	0	0
ENSG00000131233	3	2	2
ENSG00000272371	1	1	0
ENSG00000287647	0	0	0
ENSG00000229225	0	0	0
ENSG00000230863	0	0	0
ENSG00000213560	4	2	2
ENSG00000287224	1	1	0
ENSG00000225598	0	0	0
ENSG00000286455	0	0	0
ENSG00000225087	0	0	0
ENSG00000224986	1	1	0
ENSG00000280378	24	14	10
ENSG00000188786	447	231	216
ENSG00000230053	0	0	0
ENSG00000137941	135	73	62
ENSG00000273338	26	16	10
ENSG00000223720	3	0	3
ENSG00000224326	0	0	0
ENSG00000286548	8	4	4
ENSG00000066135	877	592	616
ENSG00000230027	1	1	0
ENSG00000233061	1	1	0
ENSG00000272094	0	0	0
ENSG00000228853	0	0	0
ENSG00000215874	0	0	0
ENSG00000232453	63	30	33
ENSG00000260386	0	0	0
ENSG00000284895	0	0	0
ENSG00000117174	409	207	202
ENSG00000237413	1	1	0
ENSG00000184313	154	44	110
ENSG00000284645	0	0	0
ENSG00000225605	0	0	0
ENSG00000225446	0	0	0
ENSG00000288543	0	0	0
ENSG00000122420	19	9	10
ENSG00000284240	0	0	0
ENSG00000236290	0	0	0
ENSG00000143013	900	431	469
ENSG00000226084	17	11	6
ENSG00000134748	2079	1048	1031
ENSG00000142892	404	197	207
ENSG00000219102	1	0	1
ENSG00000184005	217	116	101
ENSG00000230953	6	2	4
ENSG00000287743	8	2	6
ENSG00000229332	0	0	0
ENSG00000227937	0	0	0
ENSG00000229752	0	0	0
ENSG00000237505	6	4	2
ENSG00000285462	0	0	0
ENSG00000233216	0	0	0
ENSG00000197273	18772	10142	8630
ENSG00000226804	0	0	0
ENSG00000285325	0	0	0
ENSG00000230728	4	2	2
ENSG00000162402	1319	691	628
ENSG00000232846	0	0	0
ENSG00000219201	0	0	0
ENSG00000230787	0	0	0
ENSG00000116641	748	404	345
ENSG00000235927	2	1	4
ENSG00000223920	0	0	0
ENSG00000237453	7	2	5
ENSG00000172260	228	114	115
ENSG00000285473	0	0	0
ENSG00000237959	0	0	0
ENSG00000231364	0	0	0
ENSG00000234578	0	0	0
ENSG00000117480	3984	1966	2018
ENSG00000137944	703	329	374
ENSG00000229505	0	0	0
ENSG00000228187	0	0	0
ENSG00000285201	0	0	0
ENSG00000182183	19	10	9
ENSG00000236407	0	0	0
ENSG00000271949	0	0	0
ENSG00000227062	0	0	0
ENSG00000067334	1437	671	766
ENSG00000235011	0	0	0
ENSG00000235673	0	0	0
ENSG00000226938	0	0	0
ENSG00000213559	0	0	0
ENSG00000287587	2	2	0
ENSG00000142949	9651	4697	4954
ENSG00000116133	5137	2584	2634
ENSG00000232882	0	0	0
ENSG00000171502	32	14	18
ENSG00000162399	3	1	2
ENSG00000116157	37	21	16
ENSG00000143036	1910	854	1056
ENSG00000232672	0	0	0
ENSG00000230817	1	1	0
ENSG00000235613	1	0	1
ENSG00000065243	627	289	338
ENSG00000226759	1	0	1
ENSG00000226960	0	0	0
ENSG00000234080	0	0	0
ENSG00000237899	7	3	4
ENSG00000225492	14	6	8
ENSG00000223905	0	0	0
ENSG00000227290	0	0	0
ENSG00000229486	0	0	0
ENSG00000282898	0	0	0
ENSG00000285409	0	0	0
ENSG00000231090	0	0	0
ENSG00000117528	1625	817	808
ENSG00000271723	7	4	3
ENSG00000172339	690	340	350
ENSG00000036549	535	250	285
ENSG00000287724	1	26	16
ENSG00000058799	1412	733	679
ENSG00000225191	0	0	0
ENSG00000287870	0	0	0
ENSG00000235563	2	1	1
ENSG00000232048	0	0	0
ENSG00000232857	0	0	0
ENSG00000273637	0	0	0
ENSG00000203985	18	7	11
ENSG00000228838	0	0	0
ENSG00000283761	6	2	4
ENSG00000189433	1	2	0
ENSG00000230759	0	0	0
ENSG00000231866	0	0	0
ENSG00000179178	1832	916	920
ENSG00000142700	2	1	1
ENSG00000285525	0	0	0
ENSG00000236098	0	0	0
ENSG00000233514	1	1	0
ENSG00000127124	94	38	56
ENSG00000266993	5	7	12
ENSG00000223675	1	1	0
ENSG00000162604	616	298	318
ENSG00000229316	0	0	0
ENSG00000116171	4804	2335	2474
ENSG00000287406	22	6	16
ENSG00000225767	0	0	0
ENSG00000234099	0	0	0
ENSG00000137936	1118	551	605
ENSG00000235308	1	1	0
ENSG00000232752	1	0	1
ENSG00000235829	1	0	1
ENSG00000143032	0	0	0
ENSG00000226745	0	0	0
ENSG00000178028	2306	1200	1106
ENSG00000280040	19	7	12
ENSG00000168710	3058	1563	1495
ENSG00000117519	1739	818	921
ENSG00000270507	0	0	0
ENSG00000238037	0	0	0
ENSG00000215869	0	0	0
ENSG00000134215	2852	1357	1495
ENSG00000227935	0	0	0
ENSG00000229887	1	0	1
ENSG00000228502	21	12	9
ENSG00000236268	0	0	0
ENSG00000271277	0	0	0
ENSG00000236888	0	0	0
ENSG00000279778	0	0	0
ENSG00000232015	0	0	0
ENSG00000230955	0	239	198
ENSG00000230828	0	0	0
ENSG00000188641	86	46	41
ENSG00000152078	553	293	260
ENSG00000237279	0	0	0
ENSG00000233359	0	0	0
ENSG00000237954	0	0	0
ENSG00000185668	0	0	0
ENSG00000171492	692	337	355
ENSG00000233129	0	0	0
ENSG00000170989	131	65	66
ENSG00000258634	146	91	94
ENSG00000233557	0	0	0
ENSG00000237897	0	0	0
ENSG00000116299	5543	2786	2757
ENSG00000137962	79	34	45
ENSG00000227832	0	0	0
ENSG00000286692	2	2	0
ENSG00000260464	5	3	3
ENSG00000237435	0	0	0
ENSG00000231996	0	0	0
ENSG00000273204	6	15	25
ENSG00000079739	3875	1972	1987
ENSG00000117154	37	16	21
ENSG00000162377	525	256	269
ENSG00000224613	2	2	0
ENSG00000215871	0	0	0
ENSG00000287372	0	0	0
ENSG00000232542	0	0	0
ENSG00000231095	0	0	0
ENSG00000116774	757	392	365
ENSG00000287756	2	0	2
ENSG00000269113	49	21	28
ENSG00000284652	4	3	1
ENSG00000023909	145	73	72
ENSG00000069702	346	188	158
ENSG00000232185	0	0	0
ENSG00000230489	0	0	0
ENSG00000228399	16	13	3
ENSG00000236776	1	1	0
ENSG00000285928	20	7	13
ENSG00000224685	0	0	0
ENSG00000287076	0	0	0
ENSG00000237480	0	0	1
ENSG00000271252	0	0	0
ENSG00000230427	3	0	3
ENSG00000235794	0	0	0
ENSG00000286758	0	0	0
ENSG00000237337	0	0	0
ENSG00000233983	0	0	0
ENSG00000198198	1058	2126	2039
ENSG00000225183	0	0	0
ENSG00000230402	0	0	0
ENSG00000116793	260	106	154
ENSG00000134201	177	93	84
ENSG00000238122	0	0	0
ENSG00000260879	0	7	8
ENSG00000213366	943	522	421
ENSG00000230864	0	0	0
ENSG00000283354	0	0	0
ENSG00000232918	0	0	0
ENSG00000236360	0	3	2
ENSG00000183298	2	2	0
ENSG00000234332	0	0	0
ENSG00000117525	1254	599	655
ENSG00000225079	2	1	1
ENSG00000226483	0	0	0
ENSG00000224238	0	0	0
ENSG00000229537	0	0	0
ENSG00000162699	0	0	0
ENSG00000162692	282	124	158
ENSG00000203914	2	1	1
ENSG00000270457	1	0	1
ENSG00000203858	0	0	0
ENSG00000231987	0	0	0
ENSG00000228057	4	4	0
ENSG00000261593	0	0	0
ENSG00000224445	0	0	0
ENSG00000229842	0	0	0
ENSG00000270631	0	0	0
ENSG00000229201	0	0	0
ENSG00000181656	2	1	1
ENSG00000122481	105	63	42
ENSG00000198162	703	368	335
ENSG00000238198	5	1	4
ENSG00000171517	38	12	26
ENSG00000228852	12	6	10
ENSG00000203864	0	0	0
ENSG00000233482	0	0	0
ENSG00000230250	0	0	0
ENSG00000232878	1	2	0
ENSG00000143079	1079	518	561
ENSG00000232450	6	4	2
ENSG00000223575	0	0	0
ENSG00000230768	0	0	0
ENSG00000235202	0	0	0
ENSG00000272715	10	4	6
ENSG00000235038	0	0	0
ENSG00000143093	771	397	374
ENSG00000226415	45	15	30
ENSG00000085491	606	317	313
ENSG00000173947	19	11	8
ENSG00000241361	0	0	0
ENSG00000230434	0	0	0
ENSG00000230718	0	0	0
ENSG00000134198	202	101	101
ENSG00000235595	0	0	0
ENSG00000226053	0	0	0
ENSG00000226128	0	0	0
ENSG00000198799	1030	533	537
ENSG00000279513	1	1	0
ENSG00000117620	2985	1503	1510
ENSG00000280186	21	8	13
ENSG00000223906	0	0	0
ENSG00000162688	505	239	266
ENSG00000197106	4	3	1
ENSG00000259946	0	0	0
ENSG00000236137	28	37	36
ENSG00000203859	40	19	21
ENSG00000228086	3	6	2
ENSG00000213421	0	0	0
ENSG00000234020	1	1	0
ENSG00000060718	15	9	6
ENSG00000236804	0	0	0
ENSG00000231072	0	0	0
ENSG00000273406	0	0	0
ENSG00000185946	213	120	93
ENSG00000162627	1566	756	810
ENSG00000226715	0	0	0
ENSG00000162695	617	321	296
ENSG00000134184	2	4	5
ENSG00000265808	911	481	430
ENSG00000261290	0	0	0
ENSG00000225923	0	0	0
ENSG00000134247	2068	1037	1031
ENSG00000187481	0	0	0
ENSG00000116752	766	377	389
ENSG00000162664	1137	616	521
ENSG00000236866	1	0	1
ENSG00000134253	139	61	78
ENSG00000277655	0	0	0
ENSG00000223416	2	0	2
ENSG00000213226	0	0	0
ENSG00000179571	6	2	4
ENSG00000227850	1	1	0
ENSG00000243967	0	0	0
ENSG00000235777	0	0	0
ENSG00000260246	0	4	3
ENSG00000173218	504	238	266
ENSG00000285532	0	0	0
ENSG00000226755	0	0	0
ENSG00000232650	0	0	0
ENSG00000183508	2688	1318	1370
ENSG00000277095	0	0	0
ENSG00000236806	2	1	1
ENSG00000234283	1	0	1
ENSG00000237188	5	1	4
ENSG00000232780	0	0	0
ENSG00000274927	0	0	0
ENSG00000264145	0	0	0
ENSG00000238256	0	0	0
ENSG00000198765	0	0	0
ENSG00000224335	0	0	0
ENSG00000277702	11	6	5
ENSG00000143398	763	415	348
ENSG00000196505	336	183	153
ENSG00000225871	3	6	3
ENSG00000223489	0	0	0
ENSG00000230546	0	0	0
ENSG00000213262	2	1	1
ENSG00000287015	0	0	0
ENSG00000241720	2	66	35
ENSG00000235526	0	0	0
ENSG00000228347	0	0	0
ENSG00000276975	18	12	6
ENSG00000236012	0	0	0
ENSG00000270911	0	0	0
ENSG00000272824	32	12	20
ENSG00000134200	0	0	0
ENSG00000234257	0	0	0
ENSG00000065183	351	183	192
ENSG00000227082	1	1	0
ENSG00000228626	0	0	0
ENSG00000226126	0	0	0
ENSG00000163393	67	31	36
ENSG00000163156	920	461	465
ENSG00000143631	2	2	1
ENSG00000156150	1	20	20
ENSG00000228453	0	0	0
ENSG00000274642	1	1	0
ENSG00000177551	4	3	1
ENSG00000197323	490	282	208
ENSG00000237975	9	2	8
ENSG00000261168	3	1	2
ENSG00000287980	0	0	0
ENSG00000229283	0	0	0
ENSG00000271419	0	0	0
ENSG00000226172	0	0	0
ENSG00000079335	181	101	85
ENSG00000143119	511	244	267
ENSG00000237278	0	15	25
ENSG00000285062	0	0	0
ENSG00000233432	1	1	0
ENSG00000227700	0	0	0
ENSG00000229911	0	0	0
ENSG00000143520	4	4	0
ENSG00000171943	40	19	21
ENSG00000270719	0	0	0
ENSG00000155761	1	11	14
ENSG00000230806	0	0	0
ENSG00000116830	369	168	201
ENSG00000234422	0	0	0
ENSG00000227056	1	0	1
ENSG00000143614	645	310	335
ENSG00000227091	0	0	0
ENSG00000169418	137	68	69
ENSG00000214204	0	0	0
ENSG00000081026	637	336	301
ENSG00000225650	0	0	0
ENSG00000227179	0	0	0
ENSG00000224965	11	5	6
ENSG00000228127	1	1	0
ENSG00000226984	0	0	0
ENSG00000186150	0	0	0
ENSG00000143554	929	456	473
ENSG00000143458	1034	493	541
ENSG00000230932	0	1	0
ENSG00000073754	3	2	1
ENSG00000228826	0	0	0
ENSG00000233907	0	0	0
ENSG00000225036	0	0	0
ENSG00000228420	0	0	0
ENSG00000233839	1	0	1
ENSG00000250890	0	0	0
ENSG00000232240	0	0	0
ENSG00000280649	46	26	30
ENSG00000131781	1553	655	899
ENSG00000223599	3	1	2
ENSG00000230921	0	0	0
ENSG00000286151	0	0	0
ENSG00000234388	0	0	0
ENSG00000235015	0	0	0
ENSG00000271736	1	1	0
ENSG00000235988	0	0	0
ENSG00000233717	1	1	0
ENSG00000231551	98	49	49
ENSG00000227295	2	2	0
ENSG00000163155	229	124	106
ENSG00000243613	0	7	12
ENSG00000241975	16	11	5
ENSG00000271143	0	0	0
ENSG00000270976	0	0	0
ENSG00000228217	0	0	0
ENSG00000270342	0	0	0
ENSG00000143552	12	7	5
ENSG00000175984	63	31	32
ENSG00000231100	0	0	0
ENSG00000116824	314	156	158
ENSG00000235887	0	0	0
ENSG00000237460	0	0	0
ENSG00000236327	1	1	0
ENSG00000223804	19	8	11
ENSG00000236887	1	0	1
ENSG00000024526	161	81	85
ENSG00000236480	0	0	0
ENSG00000235756	0	0	0
ENSG00000173810	0	0	0
ENSG00000235005	0	0	0
ENSG00000271890	0	0	0
ENSG00000238107	0	0	2
ENSG00000227425	0	0	0
ENSG00000233222	0	3	2
ENSG00000225279	9	3	6
ENSG00000229101	0	0	0
ENSG00000224927	0	0	0
ENSG00000239216	0	0	0
ENSG00000283360	3	1	2
ENSG00000117262	206	81	125
ENSG00000227907	5	4	1
ENSG00000143624	2235	1136	1137
ENSG00000227970	0	0	0
ENSG00000261055	0	0	0
ENSG00000231613	3	1	2
ENSG00000137947	872	420	452
ENSG00000236689	0	0	0
ENSG00000233589	1	5	1
ENSG00000117586	46	22	24
ENSG00000230946	0	0	0
ENSG00000226028	0	0	0
ENSG00000162728	2	2	0
ENSG00000229021	2	0	2
ENSG00000203825	0	0	0
ENSG00000184371	957	464	493
ENSG00000233449	0	0	0
ENSG00000242943	0	0	0
ENSG00000233203	5	1	4
ENSG00000232499	11	4	7
ENSG00000232265	1	0	1
ENSG00000163154	126	65	62
ENSG00000232995	46	17	29
ENSG00000236957	0	0	0
ENSG00000238087	0	0	0
ENSG00000227777	0	0	0
ENSG00000177173	4	1	3
ENSG00000277406	21	7	14
ENSG00000238022	0	0	0
ENSG00000231671	0	0	0
ENSG00000162729	2512	1220	1292
ENSG00000143158	3039	1596	2139
ENSG00000271092	3	2	1
ENSG00000238118	2	2	0
ENSG00000276118	0	0	0
ENSG00000232148	0	0	0
ENSG00000278811	6	12	10
ENSG00000000460	97	314	310
ENSG00000188859	63	29	37
ENSG00000275075	0	0	0
ENSG00000135862	1535	769	766
ENSG00000232952	2	1	1
ENSG00000158473	642	317	325
ENSG00000227722	0	0	0
ENSG00000285922	0	0	0
ENSG00000275801	0	0	0
ENSG00000143198	9567	4478	5089
ENSG00000143318	13	7	6
ENSG00000232188	1	1	0
ENSG00000232212	1	0	1
ENSG00000143621	3887	1919	1988
ENSG00000241042	0	0	0
ENSG00000143155	1116	548	568
ENSG00000260322	0	0	0
ENSG00000223495	0	0	0
ENSG00000143156	103	1081	611
ENSG00000198771	423	215	211
ENSG00000225462	1	0	1
ENSG00000237756	1	0	1
ENSG00000116147	7	2	5
ENSG00000213064	1545	829	722
ENSG00000203307	2	2	0
ENSG00000143179	1072	665	627
ENSG00000271187	0	0	0
ENSG00000274562	0	0	0
ENSG00000143315	509	239	270
ENSG00000116199	1132	556	576
ENSG00000231175	0	0	0
ENSG00000143185	6	2	4
ENSG00000235145	4	3	1
ENSG00000116260	10784	5434	5350
ENSG00000272931	42	20	22
ENSG00000143190	478	258	251
ENSG00000225475	2	0	2
ENSG00000230898	1	1	0
ENSG00000232223	0	0	0
ENSG00000224698	0	0	0
ENSG00000287697	5	5	10
ENSG00000075945	943	505	453
ENSG00000235303	0	0	0
ENSG00000234810	2	2	0
ENSG00000232750	0	0	0
ENSG00000224468	4	1	3
ENSG00000235628	0	0	0
ENSG00000232551	0	0	0
ENSG00000092607	0	0	0
ENSG00000238270	0	0	0
ENSG00000285894	0	0	0
ENSG00000236025	0	0	0
ENSG00000230687	0	0	0
ENSG00000230704	0	0	0
ENSG00000283255	0	0	0
ENSG00000227741	16	26	22
ENSG00000237049	1	0	1
ENSG00000286754	0	0	0
ENSG00000232751	1	0	1
ENSG00000236364	6	87	104
ENSG00000117091	281	262	354
ENSG00000235378	0	0	0
ENSG00000143171	89	43	46
ENSG00000275767	0	0	0
ENSG00000224718	0	0	0
ENSG00000047410	1459	921	991
ENSG00000231992	2	2	0
ENSG00000018625	147	76	71
ENSG00000171806	230	110	125
ENSG00000287919	0	0	0
ENSG00000229914	0	0	0
ENSG00000233882	0	0	0
ENSG00000198358	3	7	5
ENSG00000229407	4	1	4
ENSG00000134216	0	0	0
ENSG00000230748	0	0	0
ENSG00000254154	1	0	1
ENSG00000162694	156	104	86
ENSG00000238108	0	0	0
ENSG00000214262	0	2	4
ENSG00000183853	237	118	119
ENSG00000215835	5	1	4
ENSG00000118197	394	185	209
ENSG00000135842	389	203	186
ENSG00000229258	0	0	0
ENSG00000287472	0	0	0
ENSG00000241318	1	0	1
ENSG00000228238	0	0	0
ENSG00000232393	0	0	0
ENSG00000121454	35	36	38
ENSG00000184155	0	0	0
ENSG00000058085	1195	587	608
ENSG00000260088	0	0	0
ENSG00000287978	132	62	70
ENSG00000116815	664	313	351
ENSG00000232917	1	0	1
ENSG00000233057	2	1	1
ENSG00000237131	0	0	0
ENSG00000233946	0	0	0
ENSG00000143167	14592	7229	7364
ENSG00000143184	25	13	15
ENSG00000231966	0	0	0
ENSG00000176320	0	0	0
ENSG00000260976	0	0	0
ENSG00000235215	0	0	0
ENSG00000223450	3	0	3
ENSG00000224691	0	0	0
ENSG00000286572	0	0	0
ENSG00000235101	2	2	0
ENSG00000228215	0	0	0
ENSG00000177807	10	7	3
ENSG00000233626	2	2	0
ENSG00000233691	0	0	0
ENSG00000283518	0	0	0
ENSG00000271527	0	0	0
ENSG00000143228	180	103	77
ENSG00000235827	0	0	0
ENSG00000231615	3	0	3
ENSG00000231714	0	0	0
ENSG00000174514	1810	955	969
ENSG00000143178	149	78	71
ENSG00000224837	1	0	1
ENSG00000116833	1127	517	610
ENSG00000227740	15	6	9
ENSG00000260990	0	0	0
ENSG00000000457	525	526	521
ENSG00000143507	142	72	70
ENSG00000285638	0	0	0
ENSG00000226520	2	1	1
ENSG00000284592	0	0	0
ENSG00000230987	0	0	0
ENSG00000232527	0	0	0
ENSG00000215833	0	0	0
ENSG00000228167	0	0	0
ENSG00000225325	0	0	0
ENSG00000223344	0	0	0
ENSG00000228191	0	0	0
ENSG00000229961	2	2	0
ENSG00000150732	0	0	0
ENSG00000157064	14	6	9
ENSG00000288139	0	0	0
ENSG00000226015	124	63	61
ENSG00000215808	0	0	0
ENSG00000059588	1640	866	774
ENSG00000231512	0	0	0
ENSG00000237379	0	0	0
ENSG00000232959	0	4	11
ENSG00000122224	132	66	66
ENSG00000162782	109	50	59
ENSG00000238051	0	0	0
ENSG00000233196	3	1	2
ENSG00000229220	7	5	2
ENSG00000143653	1635	771	864
ENSG00000135837	626	309	317
ENSG00000158711	694	385	425
ENSG00000227747	0	0	0
ENSG00000228081	0	0	0
ENSG00000228020	0	0	0
ENSG00000234975	154	77	77
ENSG00000162851	557	259	298
ENSG00000271427	11	6	5
ENSG00000261817	2	2	0
ENSG00000143353	416	198	240
ENSG00000197965	3116	1570	1546
ENSG00000143493	471	241	230
ENSG00000230777	5	3	2
ENSG00000179397	16	6	10
ENSG00000224540	0	0	0
ENSG00000117592	16064	7933	8131
ENSG00000186197	3	0	3
ENSG00000229067	0	0	0
ENSG00000230231	0	0	0
ENSG00000227711	0	0	0
ENSG00000261182	0	0	0
ENSG00000228879	0	0	0
ENSG00000227925	0	0	0
ENSG00000162670	25	9	16
ENSG00000225712	1	0	1
ENSG00000162761	22	10	13
ENSG00000143199	15	5	10
ENSG00000179930	1	1	0
ENSG00000007908	12	6	6
ENSG00000092978	285	148	137
ENSG00000143499	684	321	363
ENSG00000188404	55	25	30
ENSG00000227735	0	0	0
ENSG00000243062	0	0	0
ENSG00000143196	280	119	161
ENSG00000228504	0	0	0
ENSG00000274702	0	0	0
ENSG00000226211	0	0	0
ENSG00000236942	3	3	2
ENSG00000287205	0	0	0
ENSG00000203697	3298	1575	1723
ENSG00000116574	1127	572	555
ENSG00000287929	28	8	21
ENSG00000186283	1600	817	783
ENSG00000224896	0	0	0
ENSG00000226292	0	0	0
ENSG00000121481	192	86	106
ENSG00000227940	0	0	0
ENSG00000117139	1389	702	687
ENSG00000143248	1414	722	692
ENSG00000278455	0	0	0
ENSG00000224810	2	2	0
ENSG00000162814	35	19	24
ENSG00000225172	0	0	0
ENSG00000261642	0	0	0
ENSG00000228239	0	0	0
ENSG00000237283	0	0	0
ENSG00000116132	56	29	27
ENSG00000238042	0	0	0
ENSG00000271475	0	0	0
ENSG00000231877	0	0	0
ENSG00000116679	7588	3667	3921
ENSG00000228536	1	1	0
ENSG00000230550	0	0	2
ENSG00000229242	0	0	0
ENSG00000253326	3	1	2
ENSG00000228470	0	0	0
ENSG00000152092	14	6	8
ENSG00000234984	0	0	0
ENSG00000231648	0	0	0
ENSG00000229983	1	0	1
ENSG00000215149	0	0	0
ENSG00000225122	0	0	0
ENSG00000225920	4	1	3
ENSG00000143476	175	94	81
ENSG00000121486	357	178	179
ENSG00000228437	0	0	0
ENSG00000214837	7	1	6
ENSG00000057252	1010	512	498
ENSG00000225982	10	7	3
ENSG00000285718	0	0	0
ENSG00000234070	1	3	6
ENSG00000233620	0	0	0
ENSG00000237783	0	0	0
ENSG00000272906	10	12	13
ENSG00000233018	0	0	0
ENSG00000123685	58	22	36
ENSG00000224783	0	0	0
ENSG00000162852	1065	530	535
ENSG00000232792	0	0	0
ENSG00000273004	5	5	0
ENSG00000143842	604	310	294
ENSG00000268062	28	17	11
ENSG00000237409	1	0	1
ENSG00000116962	694	329	365
ENSG00000288078	0	0	0
ENSG00000271399	0	0	0
ENSG00000229757	0	0	3
ENSG00000232679	0	0	0
ENSG00000159388	6385	3154	3231
ENSG00000220749	13	5	8
ENSG00000181450	242	119	123
ENSG00000223519	11	17	18
ENSG00000120333	929	507	447
ENSG00000286285	3	0	3
ENSG00000225300	5	2	3
ENSG00000223842	0	0	0
ENSG00000162753	0	0	0
ENSG00000228247	1	1	0
ENSG00000231424	0	0	0
ENSG00000143355	0	0	0
ENSG00000287177	0	0	0
ENSG00000237193	0	0	0
ENSG00000223490	0	0	0
ENSG00000121644	769	407	362
ENSG00000174502	0	0	0
ENSG00000224286	0	0	0
ENSG00000158715	734	354	380
ENSG00000143195	16	7	9
ENSG00000162849	9	2	7
ENSG00000232824	1	0	1
ENSG00000273416	6	6	0
ENSG00000234142	0	0	0
ENSG00000282111	0	0	0
ENSG00000233410	0	0	0
ENSG00000067533	278	127	151
ENSG00000228955	2	1	1
ENSG00000270443	0	0	0
ENSG00000116209	18192	9243	8949
ENSG00000224702	0	0	1
ENSG00000271811	1	1	0
ENSG00000224278	0	0	0
ENSG00000235492	0	0	0
ENSG00000287808	15	5	11
ENSG00000271588	5	2	3
ENSG00000229840	0	0	0
ENSG00000116161	1596	836	795
ENSG00000226486	0	0	0
ENSG00000227687	0	0	0
ENSG00000231814	0	0	0
ENSG00000286210	0	0	0
ENSG00000287364	7	0	7
ENSG00000225063	0	0	0
ENSG00000260698	26	14	12
ENSG00000277007	40	15	25
ENSG00000229016	0	0	0
ENSG00000077157	2731	1359	1433
ENSG00000152104	141	56	87
ENSG00000236975	0	0	0
ENSG00000215834	0	0	0
ENSG00000286541	0	0	0
ENSG00000117650	184	103	81
ENSG00000235021	13	7	6
ENSG00000203724	90	39	51
ENSG00000225006	0	0	0
ENSG00000287633	0	0	0
ENSG00000158764	51	21	39
ENSG00000223375	0	0	0
ENSG00000230714	0	0	0
ENSG00000261065	0	8	9
ENSG00000260855	20	8	12
ENSG00000188783	215	108	107
ENSG00000236206	2	0	2
ENSG00000168118	1586	801	809
ENSG00000181101	0	0	0
ENSG00000173726	4118	2109	2009
ENSG00000282852	1	1	0
ENSG00000152382	179	77	102
ENSG00000143839	6	4	2
ENSG00000232100	0	0	0
ENSG00000261024	0	0	0
ENSG00000230547	0	0	0
ENSG00000229703	2	1	1
ENSG00000176754	0	0	0
ENSG00000232309	0	0	0
ENSG00000227953	38	27	35
ENSG00000232215	0	0	0
ENSG00000135829	2651	1208	1444
ENSG00000228289	10	5	5
ENSG00000134717	523	233	290
ENSG00000232989	0	0	0
ENSG00000233537	0	0	0
ENSG00000116668	179	81	98
ENSG00000143756	534	280	254
ENSG00000278180	0	0	0
ENSG00000143702	83	37	46
ENSG00000232341	0	0	0
ENSG00000287676	0	0	0
ENSG00000236792	0	0	0
ENSG00000143207	1793	892	901
ENSG00000270859	0	0	0
ENSG00000238224	0	0	0
ENSG00000286775	0	0	0
ENSG00000122176	2578	1238	1340
ENSG00000229120	1	0	1
ENSG00000237492	0	0	0
ENSG00000230404	0	0	0
ENSG00000213036	0	0	0
ENSG00000227230	0	0	0
ENSG00000236230	0	0	0
ENSG00000026751	1235	569	666
ENSG00000150681	25	12	15
ENSG00000116906	1709	876	833
ENSG00000092969	8	2	6
ENSG00000157181	882	428	454
ENSG00000250762	3	3	0
ENSG00000236720	0	0	0
ENSG00000227421	0	0	0
ENSG00000227240	3	0	3
ENSG00000076258	216	106	110
ENSG00000286073	1	0	1
ENSG00000231084	7	4	3
ENSG00000232085	0	0	0
ENSG00000117697	456	206	252
ENSG00000279333	0	11	15
ENSG00000235083	0	0	0
ENSG00000162669	0	0	0
ENSG00000197067	0	0	0
ENSG00000229652	0	0	0
ENSG00000132681	3	2	1
ENSG00000225904	0	0	0
ENSG00000270920	0	0	0
ENSG00000281664	0	0	0
ENSG00000143641	808	723	753
ENSG00000227630	17	11	6
ENSG00000228830	0	1053	969
ENSG00000010932	5	4	1
ENSG00000282849	0	0	0
ENSG00000276520	3	2	2
ENSG00000226640	0	0	0
ENSG00000010072	97	55	44
ENSG00000135766	42	28	14
ENSG00000232626	4	3	1
ENSG00000232096	0	0	0
ENSG00000279261	0	0	0
ENSG00000213051	5	2	3
ENSG00000238054	0	0	0
ENSG00000163534	9	6	3
ENSG00000168243	201	105	96
ENSG00000281453	0	0	0
ENSG00000237469	0	0	0
ENSG00000224939	3	1	2
ENSG00000227613	0	0	0
ENSG00000116183	116	46	70
ENSG00000270106	0	0	0
ENSG00000232194	1	1	0
ENSG00000235152	0	0	0
ENSG00000231612	0	0	0
ENSG00000237980	3	2	1
ENSG00000271036	0	0	0
ENSG00000230849	0	0	0
ENSG00000170382	1156	568	588
ENSG00000228664	0	0	0
ENSG00000226868	0	0	0
ENSG00000279401	0	0	0
ENSG00000272362	0	0	0
ENSG00000287450	0	0	0
ENSG00000237011	1	1	0
ENSG00000233583	0	0	0
ENSG00000066027	2382	1198	1184
ENSG00000286263	1	0	1
ENSG00000227006	8	3	5
ENSG00000236372	1	1	0
ENSG00000224525	0	0	0
ENSG00000188770	0	0	0
ENSG00000173728	3	0	3
ENSG00000094975	573	290	283
ENSG00000225811	0	0	0
ENSG00000273093	0	0	0
ENSG00000162772	3008	1427	1581
ENSG00000227818	0	0	0
ENSG00000135828	618	299	319
ENSG00000224227	0	0	0
ENSG00000286398	0	0	0
ENSG00000076356	1703	836	867
ENSG00000215819	0	1	1
ENSG00000185523	2	1	1
ENSG00000236108	0	0	0
ENSG00000116711	161	83	78
ENSG00000231684	0	0	0
ENSG00000226750	0	0	0
ENSG00000285665	11	5	6
ENSG00000231022	0	0	0
ENSG00000224436	0	0	0
ENSG00000228208	0	0	0
ENSG00000273384	1	0	1
ENSG00000238061	4	2	2
ENSG00000234915	0	2	0
ENSG00000143845	33	25	27
ENSG00000235862	2	10	5
ENSG00000069812	1044	510	534
ENSG00000227585	0	0	0
ENSG00000157060	0	0	0
ENSG00000237213	2	0	2
ENSG00000236439	3	2	1
ENSG00000224260	2	0	2
ENSG00000213045	1	0	1
ENSG00000287220	1	1	0
ENSG00000230063	3	0	5
ENSG00000235467	0	0	0
ENSG00000123684	808	381	427
ENSG00000117707	107	57	51
ENSG00000228044	0	0	0
ENSG00000225338	3	0	3
ENSG00000224407	0	312	356
ENSG00000232463	0	0	0
ENSG00000237457	3	3	0
ENSG00000225171	53	20	33
ENSG00000226843	0	0	0
ENSG00000235386	0	0	0
ENSG00000123836	2334	1188	1148
ENSG00000213690	0	0	0
ENSG00000223982	0	0	0
ENSG00000229832	0	0	0
ENSG00000117691	1628	807	821
ENSG00000225233	1	1	0
ENSG00000274895	7	3	4
ENSG00000237514	0	0	0
ENSG00000287856	0	0	0
ENSG00000228067	0	0	0
ENSG00000284299	0	0	0
ENSG00000226375	0	0	0
ENSG00000203705	330	146	186
ENSG00000224040	1	0	1
ENSG00000228686	11	4	7
ENSG00000279838	32	18	14
ENSG00000174175	96	43	53
ENSG00000236401	0	0	0
ENSG00000241475	0	0	0
ENSG00000215800	0	0	0
ENSG00000286421	0	0	0
ENSG00000270936	0	0	0
ENSG00000008118	3	2	1
ENSG00000171161	971	493	478
ENSG00000241505	0	0	0
ENSG00000224535	0	0	0
ENSG00000282097	1	0	1
ENSG00000261453	7	4	3
ENSG00000231020	0	0	0
ENSG00000270818	0	0	0
ENSG00000196878	3692	1827	1865
ENSG00000133059	290	147	143
ENSG00000225561	0	0	0
ENSG00000224668	0	0	0
ENSG00000242529	0	0	0
ENSG00000074964	3894	1915	1979
ENSG00000223847	0	0	0
ENSG00000277704	0	0	0
ENSG00000116918	451	216	260
ENSG00000274020	139	79	76
ENSG00000287445	17	8	9
ENSG00000259815	0	0	0
ENSG00000240963	1	1	0
ENSG00000226570	0	0	0
ENSG00000198929	31	20	11
ENSG00000272167	0	0	0
ENSG00000230628	3	1	2
ENSG00000162771	0	4	9
ENSG00000227579	0	0	0
ENSG00000176393	3136	1872	1868
ENSG00000174606	512	254	258
ENSG00000179914	31028	15376	15652
ENSG00000235750	666	344	322
ENSG00000284376	0	0	0
ENSG00000121446	0	0	0
ENSG00000226758	0	0	0
ENSG00000230199	0	0	0
ENSG00000236905	0	0	0
ENSG00000233304	0	0	0
ENSG00000288007	5	4	1
ENSG00000227887	1	0	1
ENSG00000116903	203	95	110
ENSG00000228255	0	0	0
ENSG00000226196	0	0	0
ENSG00000287354	0	2	0
ENSG00000233827	0	0	0
ENSG00000198797	2	0	2
ENSG00000271746	13	6	12
ENSG00000234233	3	2	1
ENSG00000151414	368	193	175
ENSG00000177614	91	48	43
ENSG00000223794	0	0	0
ENSG00000235182	0	1	1
ENSG00000213041	3	3	0
ENSG00000287157	0	0	0
ENSG00000233920	0	0	0
ENSG00000183831	2	1	1
ENSG00000225755	0	0	0
ENSG00000143858	51	56	56
ENSG00000197472	7	6	1
ENSG00000230184	0	0	0
ENSG00000234004	0	0	0
ENSG00000232436	0	0	0
ENSG00000231718	0	0	0
ENSG00000283952	0	0	0
ENSG00000230019	0	0	0
ENSG00000136643	300	149	151
ENSG00000232537	0	0	0
ENSG00000226036	0	0	0
ENSG00000285521	0	0	0
ENSG00000236317	2	1	1
ENSG00000176855	1	0	1
ENSG00000227728	0	0	0
ENSG00000133069	27	18	9
ENSG00000162877	18	9	9
ENSG00000233461	82	32	50
ENSG00000225401	0	0	0
ENSG00000228190	0	0	0
ENSG00000135747	3	0	3
ENSG00000227237	6	3	3
ENSG00000069248	853	416	437
ENSG00000232812	0	0	0
ENSG00000231666	1	1	0
ENSG00000226986	1	0	1
ENSG00000242042	0	0	0
ENSG00000234464	0	0	0
ENSG00000253148	0	0	0
ENSG00000227751	0	605	507
ENSG00000090104	3047	1420	1627
ENSG00000285280	28	11	20
ENSG00000232892	0	0	0
ENSG00000236950	0	0	0
ENSG00000236468	0	0	0
ENSG00000143322	436	204	232
ENSG00000185220	220	121	99
ENSG00000226003	0	0	0
ENSG00000230813	0	0	0
ENSG00000226862	26	10	16
ENSG00000236101	0	0	0
ENSG00000162769	241	132	109
ENSG00000133065	155	72	83
ENSG00000278684	0	0	0
ENSG00000236775	0	0	0
ENSG00000042781	0	0	0
ENSG00000234754	2	2	0
ENSG00000233084	7	7	0
ENSG00000227815	8	5	3
ENSG00000287046	4	0	4
ENSG00000223774	1	78	88
ENSG00000228863	11	205	141
ENSG00000228646	0	0	0
ENSG00000229112	0	0	0
ENSG00000233332	0	0	0
ENSG00000231984	0	0	0
ENSG00000286213	0	0	0
ENSG00000226876	0	0	0
ENSG00000277462	57	25	32
ENSG00000225591	0	0	0
ENSG00000035687	797	407	390
ENSG00000213080	13	3	10
ENSG00000180287	1	0	1
ENSG00000226693	0	0	0
ENSG00000234678	407	465	632
ENSG00000231272	0	0	0
ENSG00000223828	0	0	0
ENSG00000163431	1132	587	710
ENSG00000230124	1030	505	564
ENSG00000226723	1	0	1
ENSG00000272672	0	0	0
ENSG00000143473	3	16	13
ENSG00000228982	0	0	0
ENSG00000235096	0	0	0
ENSG00000237250	0	0	0
ENSG00000007341	376	318	366
ENSG00000286747	5	0	5
ENSG00000236069	0	0	1
ENSG00000236244	0	0	0
ENSG00000272865	0	0	0
ENSG00000117222	533	266	267
ENSG00000143324	542	260	282
ENSG00000229871	2	2	0
ENSG00000225222	0	0	0
ENSG00000118193	57	26	31
ENSG00000234116	0	0	0
ENSG00000231940	12	8	4
ENSG00000198842	15	8	8
ENSG00000286619	1	0	1
ENSG00000198756	21	11	10
ENSG00000259823	3116	1530	1586
ENSG00000271558	0	0	0
ENSG00000227554	0	0	0
ENSG00000178596	0	0	0
ENSG00000135749	138	149	147
ENSG00000143786	67	34	36
ENSG00000224584	0	0	0
ENSG00000054282	403	284	297
ENSG00000183780	9	5	4
ENSG00000229663	0	0	0
ENSG00000162702	127	59	68
ENSG00000251508	0	0	0
ENSG00000238272	0	0	0
ENSG00000228530	0	0	0
ENSG00000235060	0	0	0
ENSG00000143194	3	1	2
ENSG00000229531	2	1	1
ENSG00000271329	1	1	0
ENSG00000054267	447	214	233
ENSG00000261831	0	0	0
ENSG00000287921	0	0	0
ENSG00000177800	1	1	0
ENSG00000225620	0	0	0
ENSG00000232166	0	0	0
ENSG00000175137	1108	573	535
ENSG00000134245	537	428	417
ENSG00000234041	0	0	0
ENSG00000227373	9	7	2
ENSG00000231905	1	1	0
ENSG00000228175	54	36	18
ENSG00000069275	4302	2126	2176
ENSG00000143674	333	169	164
ENSG00000237317	0	0	0
ENSG00000187889	30	12	18
ENSG00000134375	1895	960	935
ENSG00000097046	111	49	62
ENSG00000232113	0	0	0
ENSG00000282718	0	0	0
ENSG00000231378	0	0	0
ENSG00000235605	0	5	2
ENSG00000223525	3	1	2
ENSG00000224857	0	0	0
ENSG00000273367	25	8	17
ENSG00000230604	0	0	0
ENSG00000231605	1	0	1
ENSG00000236358	5	3	7
ENSG00000203737	0	0	0
ENSG00000238003	0	0	0
ENSG00000215873	0	0	0
ENSG00000287008	0	0	0
ENSG00000185420	426	194	232
ENSG00000076321	241	118	123
ENSG00000272175	4	1	6
ENSG00000231564	1	0	1
ENSG00000135778	1736	931	963
ENSG00000213070	0	0	0
ENSG00000282265	0	0	0
ENSG00000250536	0	0	0
ENSG00000229747	0	0	0
ENSG00000117280	252	124	128
ENSG00000233985	0	0	0
ENSG00000232175	4	3	1
ENSG00000287423	0	0	0
ENSG00000286774	0	0	0
ENSG00000236719	0	0	0
ENSG00000136636	1057	514	543
ENSG00000225486	0	0	0
ENSG00000227043	0	0	0
ENSG00000163874	627	295	332
ENSG00000285777	0	0	0
ENSG00000237249	0	0	0
ENSG00000286109	0	0	0
ENSG00000213068	4	2	2
ENSG00000054392	121	64	59
ENSG00000227994	0	0	0
ENSG00000286552	0	0	0
ENSG00000225711	3	1	2
ENSG00000122223	47	21	26
ENSG00000235869	0	0	0
ENSG00000188739	34	19	15
ENSG00000286666	0	0	0
ENSG00000135750	530	247	283
ENSG00000273198	2	2	0
ENSG00000203730	2	1	1
ENSG00000225719	0	0	0
ENSG00000273483	16	8	8
ENSG00000287987	0	0	0
ENSG00000203729	0	0	0
ENSG00000232809	0	0	0
ENSG00000284623	0	0	0
ENSG00000285981	0	0	0
ENSG00000261729	68	29	39
ENSG00000223869	0	0	0
ENSG00000229228	15	5	10
ENSG00000215796	0	0	0
ENSG00000185221	0	0	0
ENSG00000233047	0	0	0
ENSG00000143341	48	24	24
ENSG00000228309	0	0	0
ENSG00000229739	18	6	12
ENSG00000116703	0	0	0
ENSG00000273874	0	0	0
ENSG00000278791	0	54	60
ENSG00000278757	0	0	0
ENSG00000264341	0	0	0
ENSG00000264101	0	0	0
ENSG00000265141	0	0	0
ENSG00000221083	3	2	1
ENSG00000252404	0	0	0
ENSG00000222511	0	0	0
ENSG00000265392	0	0	0
ENSG00000243267	0	0	0
ENSG00000201725	1	0	1
ENSG00000274258	0	0	0
ENSG00000239149	2	1	1
ENSG00000252151	0	0	0
ENSG00000252969	0	0	0
ENSG00000252417	0	0	0
ENSG00000200975	0	0	0
ENSG00000201609	0	0	0
ENSG00000238482	1	0	1
ENSG00000252956	0	0	0
ENSG00000265606	0	0	0
ENSG00000284357	0	0	0
ENSG00000278034	0	0	0
ENSG00000207237	1	0	1
ENSG00000222784	0	0	0
ENSG00000266210	0	0	0
ENSG00000265961	0	0	0
ENSG00000251866	0	0	0
ENSG00000252691	0	0	0
ENSG00000264371	0	0	0
ENSG00000253005	0	0	0
ENSG00000238316	0	0	0
ENSG00000207941	0	0	0
ENSG00000264773	0	0	0
ENSG00000252448	0	0	0
ENSG00000200421	1	1	0
ENSG00000222282	0	0	0
ENSG00000199963	0	0	0
ENSG00000264698	0	0	0
ENSG00000207328	0	0	0
ENSG00000207466	0	0	0
ENSG00000252368	0	0	0
ENSG00000206779	0	0	0
ENSG00000265596	0	0	0
ENSG00000212541	0	0	0
ENSG00000200796	0	0	0
ENSG00000252190	0	0	0
ENSG00000264613	0	0	0
ENSG00000199240	0	0	0
ENSG00000277168	0	0	0
ENSG00000283724	0	0	0
ENSG00000284410	0	0	0
ENSG00000252018	0	0	0
ENSG00000206627	0	0	0
ENSG00000283414	3	0	3
ENSG00000207508	1	0	1
ENSG00000200171	0	0	0
ENSG00000207194	0	0	0
ENSG00000283477	0	0	0
ENSG00000264834	1	0	1
ENSG00000263675	2	2	0
ENSG00000266188	0	0	0
ENSG00000206981	0	0	0
ENSG00000200174	0	0	0
ENSG00000265822	0	0	0
ENSG00000265815	0	0	0
ENSG00000238653	0	0	0
ENSG00000212624	0	0	0
ENSG00000200575	0	0	0
ENSG00000212360	0	0	0
ENSG00000242860	7	7	0
ENSG00000263908	0	0	0
ENSG00000283690	0	0	0
ENSG00000199921	0	0	0
ENSG00000251825	0	0	0
ENSG00000201153	0	0	0
ENSG00000222624	0	0	0
ENSG00000223152	0	0	0
ENSG00000212308	0	0	0
ENSG00000279049	0	45	22
ENSG00000276081	0	0	0
ENSG00000239640	0	0	0
ENSG00000252338	0	0	0
ENSG00000251785	0	0	0
ENSG00000239319	0	0	0
ENSG00000222849	0	0	0
ENSG00000283749	0	0	0
ENSG00000251958	0	0	0
ENSG00000251767	0	0	0
ENSG00000243437	1	0	1
ENSG00000202263	0	0	0
ENSG00000199318	0	0	0
ENSG00000199666	0	0	0
ENSG00000200601	0	0	0
ENSG00000242482	0	0	0
ENSG00000212366	0	0	0
ENSG00000201620	0	0	0
ENSG00000206817	0	0	0
ENSG00000284247	0	0	0
ENSG00000200839	0	0	0
ENSG00000264963	0	0	0
ENSG00000264271	0	0	0
ENSG00000239504	0	0	0
ENSG00000284202	0	0	0
ENSG00000251720	0	0	0
ENSG00000274321	0	0	0
ENSG00000198974	0	0	0
ENSG00000212248	0	0	0
ENSG00000207962	1	1	0
ENSG00000276884	0	1	0
ENSG00000207234	0	0	0
ENSG00000202259	1	0	1
ENSG00000212459	1	0	1
ENSG00000278287	0	0	0
ENSG00000277565	0	0	0
ENSG00000263526	1	1	0
ENSG00000211575	1	0	1
ENSG00000275823	0	0	0
ENSG00000277689	0	0	0
ENSG00000274199	0	0	0
ENSG00000202254	0	0	0
ENSG00000244256	6	2	4
ENSG00000201491	0	0	0
ENSG00000199831	0	0	0
ENSG00000275455	0	0	0
ENSG00000252162	0	0	0
ENSG00000272051	0	0	0
ENSG00000283899	0	0	0
ENSG00000200800	0	0	0
ENSG00000207502	0	0	0
ENSG00000252530	0	0	0
ENSG00000200536	0	0	0
ENSG00000211543	0	0	0
ENSG00000252797	0	0	0
ENSG00000212266	0	0	0
ENSG00000222209	0	0	0
ENSG00000277141	0	0	0
ENSG00000215930	0	0	0
ENSG00000238761	0	0	0
ENSG00000201114	0	0	0
ENSG00000206679	0	0	0
ENSG00000264419	0	0	0
ENSG00000222069	0	0	0
ENSG00000274428	6	5	1
ENSG00000199879	8	7	1
ENSG00000274408	0	0	0
ENSG00000283676	1	0	1
ENSG00000252005	0	0	0
ENSG00000252510	0	0	0
ENSG00000207340	0	0	0
ENSG00000252830	0	0	0
ENSG00000274450	0	0	0
ENSG00000252135	0	0	0
ENSG00000278596	0	0	0
ENSG00000238825	0	0	0
ENSG00000201183	10	3	7
ENSG00000202408	0	0	1
ENSG00000252744	0	0	0
ENSG00000273768	5	0	5
ENSG00000242565	0	0	0
ENSG00000239984	0	0	0
ENSG00000283296	0	0	0
ENSG00000252717	0	0	0
ENSG00000194297	0	0	0
ENSG00000199565	0	0	0
ENSG00000277313	0	0	0
ENSG00000274940	0	0	0
ENSG00000207341	0	0	0
ENSG00000207472	0	0	0
ENSG00000206880	0	0	0
ENSG00000252552	1	1	0
ENSG00000199849	0	0	0
ENSG00000252407	0	0	0
ENSG00000212538	0	0	0
ENSG00000251813	0	0	0
ENSG00000207108	0	0	0
ENSG00000201312	0	0	0
ENSG00000207039	0	0	0
ENSG00000202491	0	0	0
ENSG00000201596	0	0	0
ENSG00000276839	0	0	0
ENSG00000207974	0	0	0
ENSG00000273629	0	0	0
ENSG00000201493	0	0	0
ENSG00000215952	0	0	0
ENSG00000200139	0	0	0
ENSG00000283575	0	0	0
ENSG00000238765	0	0	0
ENSG00000264916	0	0	0
ENSG00000212338	0	0	0
ENSG00000206659	0	0	0
ENSG00000253025	0	0	0
ENSG00000201619	0	0	0
ENSG00000201544	2	1	1
ENSG00000202498	0	0	0
ENSG00000221545	0	0	0
ENSG00000252906	5	4	1
ENSG00000206692	0	0	0
ENSG00000202329	0	0	0
ENSG00000242794	0	0	0
ENSG00000212144	1	1	0
ENSG00000283340	0	0	0
ENSG00000252860	1	0	1
ENSG00000252501	0	0	0
ENSG00000263390	0	0	0
ENSG00000207181	3	2	1
ENSG00000265744	1	1	0
ENSG00000264377	0	0	0
ENSG00000207149	0	0	0
ENSG00000283936	0	0	0
ENSG00000284485	0	0	0
ENSG00000201638	0	0	0
ENSG00000275213	3	3	0
ENSG00000239494	2	0	2
ENSG00000212230	0	0	0
ENSG00000252371	0	0	0
ENSG00000199442	0	0	0
ENSG00000200033	0	0	0
ENSG00000239690	0	0	0
ENSG00000202184	0	0	0
ENSG00000241395	0	0	0
ENSG00000200982	0	0	0
ENSG00000275207	1	1	0
ENSG00000202300	1	0	1
ENSG00000222407	0	0	0
ENSG00000222986	0	0	0
ENSG00000265435	0	0	0
ENSG00000272262	0	0	0
ENSG00000200495	0	0	0
ENSG00000202609	0	0	0
ENSG00000252553	0	0	0
ENSG00000206764	0	0	0
ENSG00000222240	0	0	0
ENSG00000212187	0	0	0
ENSG00000206637	1	0	1
ENSG00000253097	0	0	0
ENSG00000200036	3	1	2
ENSG00000201421	0	0	0
ENSG00000212610	0	0	0
ENSG00000252484	0	0	0
ENSG00000201944	0	0	0
ENSG00000200327	0	0	0
ENSG00000206905	0	0	0
ENSG00000200972	0	0	0
ENSG00000243051	1	1	0
ENSG00000252011	0	0	0
ENSG00000207326	0	0	0
ENSG00000212205	0	0	0
ENSG00000253042	0	0	0
ENSG00000274121	0	0	0
ENSG00000264358	0	0	0
ENSG00000206640	0	0	0
ENSG00000212527	1	1	0
ENSG00000252879	0	0	0
ENSG00000252612	0	0	0
ENSG00000202264	0	0	0
ENSG00000285609	0	0	0
ENSG00000206762	7	4	3
ENSG00000252084	0	0	0
ENSG00000200085	0	0	0
ENSG00000264500	0	0	0
ENSG00000202025	0	0	0
ENSG00000225545	0	0	0
ENSG00000206990	0	0	0
ENSG00000230175	0	0	0
ENSG00000225272	0	0	0
ENSG00000215838	0	0	0
ENSG00000273365	1	1	0
ENSG00000224358	8	3	5
ENSG00000230659	0	0	0
ENSG00000162545	8242	3983	4259
ENSG00000090432	1057	520	537
ENSG00000215520	0	0	0
ENSG00000183114	0	0	0
ENSG00000158825	624	307	317
ENSG00000158828	543	2046	2048
ENSG00000284005	0	0	0
ENSG00000117242	239	1891	1899
ENSG00000234473	4	2	2
ENSG00000238754	0	0	0
ENSG00000134371	472	250	223
ENSG00000221680	0	0	0
ENSG00000162630	49	28	22
ENSG00000276735	0	0	0
ENSG00000232077	0	0	0
ENSG00000229639	0	0	0
ENSG00000287453	0	0	0
ENSG00000270615	0	0	0
ENSG00000287283	0	0	0
ENSG00000240692	0	0	0
ENSG00000229359	0	0	0
ENSG00000237919	0	0	0
ENSG00000066557	69	41	28
ENSG00000244389	0	0	0
ENSG00000228988	1	0	1
ENSG00000118454	532	260	272
ENSG00000226088	2	1	1
ENSG00000116761	260	123	137
ENSG00000278636	0	0	0
ENSG00000271992	23	4	19
ENSG00000233020	0	0	0
ENSG00000237033	0	0	0
ENSG00000226208	0	0	0
ENSG00000007968	618	296	322
ENSG00000235052	29	9	20
ENSG00000117318	6468	3310	3158
ENSG00000285802	0	0	0
ENSG00000229239	0	0	0
ENSG00000142676	46117	22710	23407
ENSG00000057757	1369	693	676
ENSG00000011009	2928	1468	1462
ENSG00000117308	4491	2173	2319
ENSG00000273844	0	0	0
ENSG00000235748	1	0	1
ENSG00000237861	2	1	1
ENSG00000221879	0	0	0
ENSG00000230260	0	0	0
ENSG00000199241	0	0	0
ENSG00000226919	0	0	0
ENSG00000223963	0	0	0
ENSG00000215802	0	0	0
ENSG00000233615	0	0	0
ENSG00000238085	0	0	0
ENSG00000265831	0	0	0
ENSG00000224348	0	0	0
ENSG00000286496	2	1	1
ENSG00000287516	1	1	0
ENSG00000287738	1	0	1
ENSG00000132703	0	0	0
ENSG00000276632	0	0	0
ENSG00000223603	0	0	0
ENSG00000132693	0	0	0
ENSG00000235226	0	0	0
ENSG00000158716	1252	543	709
ENSG00000181036	11	8	3
ENSG00000158714	16	113	106
ENSG00000212161	0	0	0
ENSG00000243284	7	2	5
ENSG00000272668	91	39	56
ENSG00000213085	6	3	3
ENSG00000266458	0	0	0
ENSG00000287040	2	0	2
ENSG00000279430	4	2	2
ENSG00000162723	0	0	0
ENSG00000273933	0	0	0
ENSG00000256029	6	41	47
ENSG00000188004	0	0	0
ENSG00000266580	0	0	0
ENSG00000254545	0	10	7
ENSG00000203620	0	0	0
ENSG00000269967	5	3	2
ENSG00000228634	6	4	2
ENSG00000284702	0	0	0
ENSG00000221040	1	1	2
ENSG00000287217	29	19	12
ENSG00000163399	6275	20489	20462
ENSG00000212385	0	0	0
ENSG00000233154	3	1	2
ENSG00000230381	0	0	0
ENSG00000200547	0	0	0
ENSG00000224950	38	21	26
ENSG00000286276	3	8	4
ENSG00000177888	181	103	78
ENSG00000243364	859	410	449
ENSG00000251246	0	0	0
ENSG00000143590	284	141	143
ENSG00000202027	0	0	0
ENSG00000169242	2198	1126	1072
ENSG00000169241	3276	1645	1631
ENSG00000223452	0	0	0
ENSG00000163463	237	115	122
ENSG00000273088	0	0	0
ENSG00000284586	0	0	0
ENSG00000169231	613	445	450
ENSG00000236263	0	13	16
ENSG00000236675	7	5	2
ENSG00000177628	1176	668	508
ENSG00000116521	1444	798	646
ENSG00000176444	1504	746	758
ENSG00000143630	219	244	195
ENSG00000143627	21	111	130
ENSG00000253074	0	0	0
ENSG00000252116	0	0	0
ENSG00000228523	0	0	0
ENSG00000223263	2	0	2
ENSG00000207504	0	0	0
ENSG00000238139	0	0	0
ENSG00000197721	0	0	0
ENSG00000244703	0	0	0
ENSG00000226289	0	0	0
ENSG00000285239	0	0	0
ENSG00000234219	0	0	0
ENSG00000174059	606	287	319
ENSG00000285719	1	1	0
ENSG00000284237	66	24	42
ENSG00000158731	0	0	0
ENSG00000201746	2	2	0
ENSG00000264881	1	1	0
ENSG00000199562	4	2	2
ENSG00000264501	0	0	0
ENSG00000284735	38	22	16
ENSG00000284642	78	37	41
ENSG00000142657	2583	1291	1292
ENSG00000271989	0	1	5
ENSG00000251503	0	0	0
ENSG00000175279	105	34	71
ENSG00000160049	1128	594	637
ENSG00000203469	0	28	33
ENSG00000236035	2	0	2
ENSG00000221643	3	2	1
ENSG00000122188	102	53	49
ENSG00000288644	0	0	0
ENSG00000227417	2	0	2
ENSG00000223505	2	0	2
ENSG00000182004	1819	947	872
ENSG00000236430	0	0	0
ENSG00000130768	911	701	727
ENSG00000227050	2	247	279
ENSG00000238231	9	3	6
ENSG00000240750	0	0	0
ENSG00000158156	353	185	175
ENSG00000182118	62	37	25
ENSG00000283799	0	0	0
ENSG00000227934	0	0	0
ENSG00000229595	0	0	0
ENSG00000143633	572	265	307
ENSG00000281912	53	29	28
ENSG00000288208	0	0	0
ENSG00000132773	438	289	239
ENSG00000070759	418	269	219
ENSG00000236872	1	1	0
ENSG00000280670	93	49	44
ENSG00000132763	595	2594	2011
ENSG00000221953	15	10	5
ENSG00000226164	0	0	0
ENSG00000224014	1	0	1
ENSG00000215795	7	5	2
ENSG00000259865	184	86	98
ENSG00000227671	585	269	316
ENSG00000283881	0	0	0
ENSG00000252516	0	0	0
ENSG00000232347	0	0	0
ENSG00000214144	0	0	0
ENSG00000235818	0	0	0
ENSG00000197617	0	0	0
ENSG00000202079	3	2	1
ENSG00000286216	6	4	3
ENSG00000203664	0	0	0
ENSG00000169224	7	6	1
ENSG00000236817	0	0	0
ENSG00000177489	0	0	0
ENSG00000177476	0	0	0
ENSG00000283369	0	0	0
ENSG00000230411	0	0	0
ENSG00000251977	0	0	0
ENSG00000252254	0	0	0
ENSG00000227854	0	0	0
ENSG00000287589	0	0	0
ENSG00000259776	0	0	0
ENSG00000233355	60	32	32
ENSG00000234601	0	0	0
ENSG00000231979	0	2	0
ENSG00000215805	0	0	0
ENSG00000287102	0	0	0
ENSG00000217327	0	0	0
ENSG00000228818	3	2	1
ENSG00000202041	0	0	0
ENSG00000223694	0	0	0
ENSG00000233735	0	0	1
ENSG00000133019	195	108	93
ENSG00000162636	1023	539	484
ENSG00000162639	329	161	168
ENSG00000285923	1	1	0
ENSG00000134186	1946	980	966
ENSG00000143107	1	0	1
ENSG00000232971	0	0	0
ENSG00000116266	655	316	339
ENSG00000228076	0	0	0
ENSG00000203897	0	0	0
ENSG00000237349	0	0	0
ENSG00000244716	42	25	17
ENSG00000228665	2	2	0
ENSG00000228054	0	0	0
ENSG00000273382	34	17	42
ENSG00000215717	1526	775	776
ENSG00000278249	0	0	0
ENSG00000270066	0	0	0
ENSG00000251484	2	0	2
ENSG00000132676	3222	1529	1704
ENSG00000227673	1	0	1
ENSG00000203761	78	74	47
ENSG00000234937	2	0	2
ENSG00000132718	206	113	93
ENSG00000283442	0	0	0
ENSG00000143622	572	286	286
ENSG00000132680	2003	1006	997
ENSG00000207475	3	1	2
ENSG00000280466	0	0	0
ENSG00000281394	0	0	0
ENSG00000277817	0	0	0
ENSG00000273002	52	24	31
ENSG00000224276	12	8	4
ENSG00000285677	1	520	814
ENSG00000163479	6378	3773	3921
ENSG00000160803	930	523	408
ENSG00000132698	5460	2706	2754
ENSG00000252236	0	0	0
ENSG00000260238	0	0	0
ENSG00000242252	16	7	9
ENSG00000198952	2833	1418	1415
ENSG00000163472	218	432	401
ENSG00000163468	5304	2585	2719
ENSG00000132677	0	0	0
ENSG00000237390	0	0	0
ENSG00000207933	0	0	0
ENSG00000254726	81	31	50
ENSG00000186377	19	11	8
ENSG00000186160	0	0	0
ENSG00000225154	0	0	0
ENSG00000225506	3	1	2
ENSG00000225514	0	0	0
ENSG00000224805	29	16	21
ENSG00000162366	1563	753	810
ENSG00000226252	6	6	10
ENSG00000225762	75	36	40
ENSG00000186790	7	4	4
ENSG00000237424	570	261	309
ENSG00000189030	0	0	0
ENSG00000162763	0	0	0
ENSG00000143061	759	382	377
ENSG00000135821	7406	3570	3836
ENSG00000203740	0	0	0
ENSG00000162374	19	8	11
ENSG00000168275	654	317	476
ENSG00000241563	15	10	5
ENSG00000153207	511	255	256
ENSG00000156869	692	238	454
ENSG00000033122	19	13	6
ENSG00000143278	0	0	0
ENSG00000116678	64	32	32
ENSG00000159352	3884	1821	2063
ENSG00000158710	12044	6243	5801
ENSG00000162734	1593	799	826
ENSG00000049239	4066	1999	2067
ENSG00000186564	775	396	379
ENSG00000244038	6278	3155	3123
ENSG00000158747	14028	6523	7505
ENSG00000116690	24	350	127
ENSG00000126091	66	20	46
ENSG00000162383	107	54	53
ENSG00000171163	1673	810	863
ENSG00000172456	403	205	200
ENSG00000162946	57	30	27
ENSG00000158786	4	0	4
ENSG00000118733	0	0	0
ENSG00000157870	1903	1435	1434
ENSG00000179085	1679	901	778
ENSG00000173080	264	117	147
ENSG00000183347	0	0	0
ENSG00000276470	0	0	0
ENSG00000278852	0	0	0
ENSG00000275915	0	0	0
ENSG00000120937	0	0	0
ENSG00000224904	0	0	0
ENSG00000285646	31	12	19
ENSG00000199347	0	0	0
ENSG00000201801	7	3	4
ENSG00000116685	3514	1661	1853
ENSG00000083444	1473	715	758
ENSG00000287384	0	0	0
ENSG00000270914	0	0	0
ENSG00000116691	847	440	407
ENSG00000202461	4	2	2
ENSG00000276869	0	0	0
ENSG00000243539	0	0	0
ENSG00000120949	6	3	3
ENSG00000201135	0	0	0
ENSG00000227875	0	0	0
ENSG00000285604	0	0	0
ENSG00000283789	0	0	0
ENSG00000263676	0	0	0
ENSG00000200591	2	1	1
ENSG00000162521	1224	1405	1363
ENSG00000162520	27	762	810
ENSG00000224409	0	0	0
ENSG00000162522	8697	4379	4319
ENSG00000116497	773	407	372
ENSG00000160097	29	15	14
ENSG00000121905	53	2823	2204
ENSG00000121900	14539	9692	9821
ENSG00000287691	13	4	9
ENSG00000278966	1	0	1
ENSG00000143222	3959	2191	2211
ENSG00000224985	20	107	356
ENSG00000143224	617	300	348
ENSG00000158850	1231	616	644
ENSG00000158859	111	58	53
ENSG00000158869	381	201	180
ENSG00000158874	0	0	0
ENSG00000158882	424	441	383
ENSG00000284035	0	0	0
ENSG00000143257	17	226	191
ENSG00000248485	9	7	2
ENSG00000188931	55	32	29
ENSG00000236484	0	0	0
ENSG00000283696	16	9	7
ENSG00000288093	17	9	8
ENSG00000206921	0	0	0
ENSG00000215840	1	0	1
ENSG00000277882	3	3	0
ENSG00000283317	12	2	10
ENSG00000277762	0	0	0
ENSG00000227139	0	0	0
ENSG00000265107	42	23	32
ENSG00000274415	0	5	8
ENSG00000234190	0	0	0
ENSG00000223728	0	0	0
ENSG00000121634	0	0	0
ENSG00000188092	211	94	117
ENSG00000215859	14	23	5
ENSG00000273059	0	2	12
ENSG00000274372	12	2	10
ENSG00000206791	0	0	0
ENSG00000206585	0	0	0
ENSG00000229828	0	0	0
ENSG00000225080	0	0	0
ENSG00000198658	2	1	1
ENSG00000238382	0	0	0
ENSG00000225919	0	0	0
ENSG00000236497	0	0	0
ENSG00000207190	0	0	0
ENSG00000200508	1	0	1
ENSG00000284928	0	0	0
ENSG00000223949	4	1	3
ENSG00000116688	2542	1281	1261
ENSG00000188800	0	0	0
ENSG00000084073	1340	669	671
ENSG00000231296	0	0	0
ENSG00000049089	684	318	366
ENSG00000227311	1	1	0
ENSG00000213172	0	0	0
ENSG00000284677	0	0	0
ENSG00000187801	17	6	11
ENSG00000260920	33	13	20
ENSG00000158887	136	71	65
ENSG00000255054	0	0	0
ENSG00000228172	27	209	304
ENSG00000117640	1935	1169	1227
ENSG00000272478	0	0	0
ENSG00000127423	31	26	29
ENSG00000182749	242	108	155
ENSG00000207302	0	0	0
ENSG00000117632	2507	1170	1337
ENSG00000229786	0	0	0
ENSG00000223624	0	0	0
ENSG00000283938	0	0	0
ENSG00000199385	0	0	0
ENSG00000187147	1689	1081	1083
ENSG00000263381	0	0	0
ENSG00000126106	675	572	578
ENSG00000198520	56	33	23
ENSG00000199377	3	3	0
ENSG00000200169	12	9	3
ENSG00000142945	404	214	215
ENSG00000142937	50058	26261	26639
ENSG00000264294	0	0	0
ENSG00000200913	8	3	5
ENSG00000202031	8	5	3
ENSG00000207421	0	0	0
ENSG00000281859	0	0	0
ENSG00000234093	57	31	26
ENSG00000142959	4899	2500	2399
ENSG00000173846	628	329	335
ENSG00000117425	106	58	48
ENSG00000202444	0	0	0
ENSG00000226499	5	5	0
ENSG00000070785	635	312	323
ENSG00000253039	0	0	0
ENSG00000229815	0	0	0
ENSG00000232369	0	0	0
ENSG00000268949	2	0	2
ENSG00000126107	3293	1625	1689
ENSG00000126088	1434	675	780
ENSG00000234315	0	0	0
ENSG00000162408	1072	528	545
ENSG00000229519	6	6	1
ENSG00000173662	2	0	2
ENSG00000204859	1800	873	927
ENSG00000288629	0	0	0
ENSG00000230735	0	1	0
ENSG00000171488	122	58	64
ENSG00000226394	0	0	0
ENSG00000237200	0	0	0
ENSG00000070886	1	1	0
ENSG00000276835	0	0	0
ENSG00000265422	1	0	1
ENSG00000223776	5	7	7
ENSG00000273058	33	21	12
ENSG00000230325	2	6	11
ENSG00000119285	201	419	440
ENSG00000226498	2	0	2
ENSG00000237991	1	0	1
ENSG00000244020	2	1	1
ENSG00000288099	0	0	0
ENSG00000225886	1	1	0
ENSG00000206767	0	0	0
ENSG00000226662	0	0	0
ENSG00000207095	0	0	0
ENSG00000287244	1	1	0
ENSG00000231344	11	7	4
ENSG00000230833	1	0	1
ENSG00000117758	1761	851	910
ENSG00000269971	3	1	2
ENSG00000270031	2	1	1
ENSG00000223062	0	0	0
ENSG00000286433	0	0	5
ENSG00000117751	866	439	432
ENSG00000252947	0	0	0
ENSG00000130775	471	227	246
ENSG00000117748	1050	502	550
ENSG00000223643	0	0	0
ENSG00000230239	0	0	0
ENSG00000263811	0	0	0
ENSG00000277234	0	0	0
ENSG00000235241	0	37	56
ENSG00000207005	0	0	0
ENSG00000272426	10	6	4
ENSG00000117122	61	49	27
ENSG00000286898	0	8	7
ENSG00000226526	0	13	8
ENSG00000159363	1366	689	686
ENSG00000117118	4550	2120	2430
ENSG00000117115	9075	4579	4496
ENSG00000204362	0	0	0
ENSG00000282843	0	0	0
ENSG00000142623	87	30	57
ENSG00000142619	3	2	1
ENSG00000266634	0	0	0
ENSG00000199459	0	0	0
ENSG00000273264	9	4	5
ENSG00000282057	6	2	4
ENSG00000272691	1	1	0
ENSG00000199934	0	0	0
ENSG00000230285	0	0	0
ENSG00000142871	4464	2164	2300
ENSG00000226643	0	0	0
ENSG00000234419	0	0	0
ENSG00000276997	3	1	2
ENSG00000222399	0	0	0
ENSG00000267305	0	0	0
ENSG00000143512	12	4	8
ENSG00000143498	32	16	18
ENSG00000225265	43	20	25
ENSG00000154305	1279	744	735
ENSG00000229399	1	1	0
ENSG00000272750	42	108	134
ENSG00000186063	116	60	58
ENSG00000162819	1220	616	606
ENSG00000287684	25	21	32
ENSG00000234523	0	0	0
ENSG00000287338	3	1	2
ENSG00000187554	58	28	30
ENSG00000236846	0	0	0
ENSG00000226601	0	0	0
ENSG00000164010	387	253	290
ENSG00000164011	290	141	149
ENSG00000233708	0	0	0
ENSG00000237090	0	0	0
ENSG00000225099	2	1	1
ENSG00000284138	1	1	0
ENSG00000283973	4	3	7
ENSG00000207256	0	0	0
ENSG00000283136	0	0	0
ENSG00000277513	0	0	0
ENSG00000154309	310	159	151
ENSG00000226967	0	0	0
ENSG00000231407	51	23	30
ENSG00000229570	0	0	0
ENSG00000203857	14	8	6
ENSG00000226443	0	0	0
ENSG00000249798	0	0	0
ENSG00000239873	0	0	0
ENSG00000203855	1	0	1
ENSG00000240244	0	0	0
ENSG00000260941	7	6	1
ENSG00000198857	2	1	1
ENSG00000143067	107	53	54
ENSG00000134240	24413	12023	12390
ENSG00000134193	8505	4358	4147
ENSG00000215864	14	9	5
ENSG00000227205	1	1	0
ENSG00000226446	0	0	0
ENSG00000134249	0	0	0
ENSG00000092621	325	159	166
ENSG00000027644	9	4	5
ENSG00000241992	0	0	0
ENSG00000234226	0	0	0
ENSG00000137970	381	46	335
ENSG00000223229	0	0	0
ENSG00000285698	0	0	0
ENSG00000228035	4	4	0
ENSG00000287103	0	0	0
ENSG00000226973	0	0	0
ENSG00000274468	0	0	0
ENSG00000130764	1423	745	755
ENSG00000266075	7	3	4
ENSG00000272153	14	43	48
ENSG00000230026	0	0	0
ENSG00000285177	1	0	1
ENSG00000284770	54	66	57
ENSG00000229795	0	0	0
ENSG00000238236	0	0	0
ENSG00000235638	0	0	0
ENSG00000231199	0	0	0
ENSG00000226663	0	0	0
ENSG00000231582	0	0	0
ENSG00000232714	0	0	0
ENSG00000235761	0	0	0
ENSG00000270710	0	0	0
ENSG00000227236	0	0	0
ENSG00000198837	989	506	508
ENSG00000160741	1303	642	661
ENSG00000276584	0	0	0
ENSG00000282386	20	9	11
ENSG00000273026	24	10	14
ENSG00000143578	983	606	574
ENSG00000143543	1297	359	1114
ENSG00000285641	0	4	3
ENSG00000143545	906	391	515
ENSG00000177954	37793	19430	18363
ENSG00000231416	26	24	2
ENSG00000200220	0	0	0
ENSG00000231837	0	0	0
ENSG00000263987	0	0	0
ENSG00000162642	541	241	300
ENSG00000223254	7	2	5
ENSG00000223653	8	9	16
ENSG00000116198	612	308	305
ENSG00000169598	294	140	155
ENSG00000226653	0	0	0
ENSG00000207209	0	0	0
ENSG00000272443	3	1	2
ENSG00000272480	0	0	0
ENSG00000288626	0	0	0
ENSG00000162836	617	313	304
ENSG00000207080	0	0	0
ENSG00000231791	0	0	0
ENSG00000244568	0	0	0
ENSG00000271387	23	7	16
ENSG00000116667	3796	1793	2003
ENSG00000230470	3	1	2
ENSG00000232036	1	1	0
ENSG00000285847	10	7	3
ENSG00000286378	4	2	2
ENSG00000215381	0	0	0
ENSG00000261326	320	149	171
ENSG00000284726	8	1	7
ENSG00000125945	221	108	118
ENSG00000201405	0	0	0
ENSG00000271420	185	73	112
ENSG00000204219	8570	4058	4512
ENSG00000232482	12	6	6
ENSG00000285779	0	0	0
ENSG00000162885	626	604	520
ENSG00000270780	0	0	0
ENSG00000232895	0	0	0
ENSG00000273698	0	0	0
ENSG00000273112	0	0	0
ENSG00000173110	116	59	57
ENSG00000224203	0	0	0
ENSG00000224515	0	0	0
ENSG00000225217	118	65	53
ENSG00000231586	0	0	0
ENSG00000234211	0	4	9
ENSG00000213075	0	0	0
ENSG00000143125	3	5	7
ENSG00000270380	0	5	4
ENSG00000282887	0	0	0
ENSG00000283999	0	0	0
ENSG00000240194	1	0	1
ENSG00000235407	3	2	1
ENSG00000143105	0	0	0
ENSG00000199710	0	0	0
ENSG00000237415	0	0	0
ENSG00000232791	0	0	0
ENSG00000177301	34	16	18
ENSG00000226828	1	1	0
ENSG00000279774	2	2	0
ENSG00000229960	1	0	1
ENSG00000286486	10	6	4
ENSG00000244066	0	0	0
ENSG00000237759	0	0	0
ENSG00000287531	0	0	0
ENSG00000225855	258	1822	1507
ENSG00000283701	0	0	0
ENSG00000207134	0	0	0
ENSG00000227773	2	0	2
ENSG00000207144	0	0	0
ENSG00000237872	4	2	2
ENSG00000271267	4	3	1
ENSG00000225082	4	0	4
ENSG00000223503	0	0	0
ENSG00000232519	0	0	0
ENSG00000160752	1558	2223	2394
ENSG00000121957	258	681	673
ENSG00000235089	0	0	0
ENSG00000285179	0	0	0
ENSG00000223026	0	0	0
ENSG00000225721	1	19	2849
ENSG00000188396	55	57	34
ENSG00000202167	0	0	0
ENSG00000207349	0	0	0
ENSG00000252826	2	2	0
ENSG00000206737	0	0	0
ENSG00000223779	0	0	0
ENSG00000242352	0	0	0
ENSG00000270962	0	0	0
ENSG00000263590	0	0	0
ENSG00000252105	0	0	0
ENSG00000233430	0	0	0
ENSG00000237503	0	0	0
ENSG00000265531	1	0	1
ENSG00000234571	0	0	0
ENSG00000230186	0	0	0
ENSG00000268074	0	0	0
ENSG00000270872	0	0	0
ENSG00000276674	0	0	0
ENSG00000082482	9	4	5
ENSG00000116747	177	208	192
ENSG00000118729	64	30	34
ENSG00000134207	2	0	2
ENSG00000163467	5	3	2
ENSG00000243710	5	7	2
ENSG00000117395	1816	845	979
ENSG00000116874	471	250	263
ENSG00000065600	96	51	45
ENSG00000009780	351	184	167
ENSG00000023572	702	439	481
ENSG00000077254	1056	534	522
ENSG00000134644	1241	612	629
ENSG00000215788	2030	1250	1180
ENSG00000117834	104	55	56
ENSG00000117625	900	455	445
ENSG00000179902	4	1	3
ENSG00000020633	167	81	86
ENSG00000121766	717	418	405
ENSG00000143157	793	422	371
ENSG00000162614	200	89	114
ENSG00000160781	172	83	89
ENSG00000143344	274	144	130
ENSG00000162613	1856	973	883
ENSG00000116882	0	0	0
ENSG00000198758	9252	4519	4733
ENSG00000117569	351	159	192
ENSG00000142856	427	251	261
ENSG00000158022	4	3	1
ENSG00000116396	423	209	214
ENSG00000058668	743	355	388
ENSG00000163875	872	438	434
ENSG00000282872	0	0	0
ENSG00000131238	1688	858	830
ENSG00000171680	651	325	326
ENSG00000244457	0	0	0
ENSG00000116977	812	792	750
ENSG00000229372	0	75	78
ENSG00000274975	0	0	1
ENSG00000229348	6	3	3
ENSG00000242485	2812	1632	1831
ENSG00000264293	0	0	0
ENSG00000272455	134	70	64
ENSG00000225905	0	0	0
ENSG00000225285	39	19	20
ENSG00000179403	1300	645	655
ENSG00000215915	17	7	10
ENSG00000236085	0	0	0
ENSG00000234441	0	0	0
ENSG00000227408	0	0	0
ENSG00000223635	2	0	2
ENSG00000135776	376	188	188
ENSG00000199672	1	0	1
ENSG00000201492	0	0	0
ENSG00000229367	0	0	0
ENSG00000135763	103	53	50
ENSG00000213028	1	1	0
ENSG00000225984	0	0	0
ENSG00000178828	743	579	567
ENSG00000235434	13	171	245
ENSG00000169914	470	243	227
ENSG00000188784	0	0	0
ENSG00000242688	0	0	0
ENSG00000177186	0	0	0
ENSG00000177174	0	0	0
ENSG00000269956	9	54	68
ENSG00000162456	0	0	0
ENSG00000079277	1320	701	732
ENSG00000117407	85	50	35
ENSG00000237950	57	30	27
ENSG00000117408	669	328	341
ENSG00000285649	4	14	15
ENSG00000117410	4738	2360	2381
ENSG00000159214	973	507	561
ENSG00000196517	411	288	218
ENSG00000227163	0	0	0
ENSG00000271647	0	1	0
ENSG00000239560	0	0	0
ENSG00000196539	0	0	0
ENSG00000229255	0	0	0
ENSG00000203661	0	0	0
ENSG00000271934	0	0	0
ENSG00000224521	0	0	0
ENSG00000227102	0	0	0
ENSG00000183310	0	0	0
ENSG00000201602	0	0	0
ENSG00000271701	0	0	0
ENSG00000189181	0	0	0
ENSG00000187238	0	0	0
ENSG00000185962	0	0	0
ENSG00000226947	0	0	0
ENSG00000285753	0	0	0
ENSG00000187223	0	0	0
ENSG00000159455	0	0	0
ENSG00000187173	0	0	0
ENSG00000204501	0	0	0
ENSG00000228229	0	0	0
ENSG00000204481	0	0	0
ENSG00000204479	0	0	0
ENSG00000172031	8	4	4
ENSG00000233228	0	0	0
ENSG00000224678	0	0	0
ENSG00000233401	0	0	0
ENSG00000273487	12	8	4
ENSG00000226773	0	0	0
ENSG00000274481	0	0	0
ENSG00000228594	67	36	31
ENSG00000286989	13	6	7
ENSG00000272106	313	166	174
ENSG00000189409	17	10	7
ENSG00000272004	0	37	48
ENSG00000189339	733	378	440
ENSG00000269737	44	27	17
ENSG00000215914	3	2	1
ENSG00000008128	95	55	40
ENSG00000268575	54	61	38
ENSG00000227775	132	96	91
ENSG00000008130	2077	1103	974
ENSG00000078369	7274	3430	3844
ENSG00000178821	93	38	55
ENSG00000158477	5	3	2
ENSG00000230942	0	0	0
ENSG00000158481	54	22	32
ENSG00000158485	3	2	1
ENSG00000158488	22	13	9
ENSG00000186306	0	0	0
ENSG00000203758	0	0	0
ENSG00000236257	3	2	1
ENSG00000236656	0	0	0
ENSG00000198703	0	0	0
ENSG00000227445	0	0	0
ENSG00000231434	1	1	0
ENSG00000117505	1375	702	683
ENSG00000229635	1	1	0
ENSG00000207379	0	0	0
ENSG00000212601	0	0	0
ENSG00000162889	2363	1202	1161
ENSG00000224114	19	6	13
ENSG00000199349	0	0	0
ENSG00000162892	3	11	20
ENSG00000162894	92	71	49
ENSG00000271680	1	1	0
ENSG00000226945	1	1	0
ENSG00000162896	255884	125731	130153
ENSG00000162897	59	31	28
ENSG00000182795	764	384	381
ENSG00000198890	172	66	106
ENSG00000224550	15	4	11
ENSG00000142669	7623	5904	5774
ENSG00000169442	315	246	209
ENSG00000225854	5	4	1
ENSG00000176083	13	4	9
ENSG00000229167	18	13	9
ENSG00000142910	3633	1844	1792
ENSG00000162517	1815	950	965
ENSG00000235790	16	55	63
ENSG00000264078	0	0	0
ENSG00000241745	0	0	0
ENSG00000228407	11	5	6
ENSG00000223429	1	1	0
ENSG00000224255	2	1	1
ENSG00000236004	4	0	4
ENSG00000237663	1	0	1
ENSG00000213735	0	0	0
ENSG00000272100	5	72	42
ENSG00000287078	2	2	0
ENSG00000224680	1	0	1
ENSG00000085840	137	63	74
ENSG0000