N_unmapped	333763	333763	333763
N_multimapping	3485216	3485216	3485216
N_noFeature	3736772	18983295	18800029
N_ambiguous	3136970	833333	763692
ENSG00000160072	1511	724	787
ENSG00000234396	1	2	3
ENSG00000225972	40	13	27
ENSG00000224315	3	1	2
ENSG00000198744	98	55	43
ENSG00000279928	2	0	2
ENSG00000228037	111	54	57
ENSG00000142611	91	49	42
ENSG00000225630	22995	15683	7312
ENSG00000284616	0	0	0
ENSG00000157911	240	762	780
ENSG00000269896	67	41	26
ENSG00000237973	533	315	293
ENSG00000228463	6	4	2
ENSG00000260972	0	0	0
ENSG00000157933	1505	725	780
ENSG00000224340	0	0	0
ENSG00000226545	2	2	0
ENSG00000268663	0	0	0
ENSG00000226374	2	0	2
ENSG00000229280	0	0	0
ENSG00000142655	465	249	275
ENSG00000232596	0	0	0
ENSG00000235054	0	0	0
ENSG00000232663	0	0	0
ENSG00000240409	0	0	0
ENSG00000229344	40	34	27
ENSG00000231510	0	0	0
ENSG00000149527	545	272	274
ENSG00000284739	0	0	0
ENSG00000171621	1180	591	589
ENSG00000272235	13	3	10
ENSG00000284694	0	0	0
ENSG00000230021	6	27	15
ENSG00000287356	34	24	23
ENSG00000224387	6	4	3
ENSG00000285629	0	0	0
ENSG00000173673	0	0	0
ENSG00000142583	2509	1231	1278
ENSG00000284674	0	0	0
ENSG00000272161	0	0	0
ENSG00000237094	12	7	5
ENSG00000224338	0	0	0
ENSG00000074800	19654	9875	9780
ENSG00000116786	2229	1261	1197
ENSG00000287727	1	1	0
ENSG00000228423	1	1	0
ENSG00000286448	0	0	0
ENSG00000131686	10	8	4
ENSG00000229305	0	0	0
ENSG00000284703	30	19	11
ENSG00000226457	4	2	2
ENSG00000173614	587	293	294
ENSG00000248527	30130	17891	12239
ENSG00000215720	2	2	0
ENSG00000241326	0	0	0
ENSG00000233623	2	1	1
ENSG00000162592	1	9	10
ENSG00000116254	31	13	18
ENSG00000233645	0	0	0
ENSG00000204624	4	4	0
ENSG00000142606	40	222	241
ENSG00000235146	0	0	0
ENSG00000225931	41	20	21
ENSG00000171729	357	189	178
ENSG00000279457	100	58	42
ENSG00000162571	61	31	40
ENSG00000229393	5	2	3
ENSG00000037637	857	393	464
ENSG00000287586	1	1	0
ENSG00000159423	328	166	162
ENSG00000142599	4335	1561	2774
ENSG00000227169	0	0	0
ENSG00000283356	0	0	0
ENSG00000011021	790	411	420
ENSG00000142615	4	0	4
ENSG00000215704	11	10	13
ENSG00000157916	2492	1931	1863
ENSG00000157881	772	401	371
ENSG00000238290	5	3	2
ENSG00000225387	0	0	0
ENSG00000048707	1286	608	678
ENSG00000158748	21	8	13
ENSG00000225196	0	0	0
ENSG00000162444	159	89	70
ENSG00000279625	0	0	0
ENSG00000180758	380	209	171
ENSG00000184677	1350	638	712
ENSG00000230679	7	0	8
ENSG00000270136	0	0	0
ENSG00000288398	189	91	98
ENSG00000224621	10	7	3
ENSG00000285833	0	0	0
ENSG00000131697	245	123	124
ENSG00000284692	0	0	0
ENSG00000284745	0	0	0
ENSG00000280222	1	1	0
ENSG00000227634	0	0	0
ENSG00000285945	1	0	1
ENSG00000229162	16	9	7
ENSG00000197921	96	51	46
ENSG00000233755	0	0	0
ENSG00000233929	13	5	8
ENSG00000271742	3	2	1
ENSG00000226396	132	61	71
ENSG00000169504	2281	1210	1071
ENSG00000234166	0	44	37
ENSG00000235282	1	0	1
ENSG00000055070	2768	1888	1964
ENSG00000175087	242	109	133
ENSG00000157191	2505	1169	1338
ENSG00000284699	0	0	0
ENSG00000230035	0	0	0
ENSG00000235185	1	1	0
ENSG00000225643	6	6	0
ENSG00000284666	0	0	0
ENSG00000228943	0	0	0
ENSG00000234397	1	0	1
ENSG00000284309	0	0	0
ENSG00000162511	14179	15362	15169
ENSG00000158014	7	2	5
ENSG00000204138	1519	758	761
ENSG00000233419	0	0	0
ENSG00000235263	0	0	0
ENSG00000228176	0	0	0
ENSG00000231251	0	0	0
ENSG00000142675	697	338	360
ENSG00000197245	94	49	45
ENSG00000261025	0	0	0
ENSG00000116237	1591	842	835
ENSG00000130772	648	336	312
ENSG00000215899	1	0	1
ENSG00000271398	10	6	4
ENSG00000225011	0	0	0
ENSG00000235069	0	0	0
ENSG00000284676	0	0	0
ENSG00000237058	4	0	4
ENSG00000233399	4	4	0
ENSG00000090020	1520	764	758
ENSG00000157978	1452	700	752
ENSG00000226944	12	7	6
ENSG00000270282	0	0	0
ENSG00000130770	3657	2130	3264
ENSG00000229044	3	59	77
ENSG00000162512	1554	751	803
ENSG00000158006	559	290	269
ENSG00000214812	0	0	0
ENSG00000126698	2923	1444	1479
ENSG00000229447	15	5	10
ENSG00000229607	0	0	0
ENSG00000130766	853	447	406
ENSG00000168528	2604	1329	1275
ENSG00000196581	10	5	5
ENSG00000169403	730	341	389
ENSG00000084628	4	1	3
ENSG00000060688	1398	682	716
ENSG00000171612	639	259	380
ENSG00000270927	0	0	0
ENSG00000188910	601	303	298
ENSG00000230523	0	0	0
ENSG00000116138	611	368	357
ENSG00000158161	1047	511	536
ENSG00000142684	0	297	393
ENSG00000234619	0	0	0
ENSG00000121769	162	88	74
ENSG00000142627	4155	2051	2104
ENSG00000284668	0	0	0
ENSG00000233234	0	0	0
ENSG00000142632	268	178	171
ENSG00000234593	1	1	0
ENSG00000158292	319	166	153
ENSG00000270605	284	144	148
ENSG00000189337	174	164	129
ENSG00000232912	39	25	14
ENSG00000235084	14	6	8
ENSG00000235143	0	0	0
ENSG00000225478	0	0	0
ENSG00000225077	13	15	16
ENSG00000028137	2423	1255	1168
ENSG00000238249	2	1	1
ENSG00000204464	3	1	2
ENSG00000233372	0	0	0
ENSG00000283259	0	0	0
ENSG00000284543	79	43	36
ENSG00000130939	1257	623	634
ENSG00000175147	38	78	89
ENSG00000127472	29	12	17
ENSG00000060656	173	92	81
ENSG00000163867	683	358	325
ENSG00000232768	3	1	2
ENSG00000230214	0	0	0
ENSG00000189280	2	2	0
ENSG00000134698	738	371	367
ENSG00000134690	1064	573	491
ENSG00000272420	26	11	15
ENSG00000132881	79	38	41
ENSG00000273274	3	2	1
ENSG00000116251	4771	2262	2524
ENSG00000272510	6	3	20
ENSG00000158286	600	349	336
ENSG00000236648	2	2	0
ENSG00000232273	4	2	2
ENSG00000009709	0	0	0
ENSG00000287396	0	0	0
ENSG00000223589	2	1	1
ENSG00000158008	33	21	12
ENSG00000130940	441	355	367
ENSG00000116771	817	466	448
ENSG00000237301	9	5	4
ENSG00000162585	1004	760	806
ENSG00000163879	127	97	80
ENSG00000227527	7	4	3
ENSG00000116954	676	338	338
ENSG00000228589	25	19	6
ENSG00000163873	188	99	89
ENSG00000117215	1695	873	822
ENSG00000196449	537	313	292
ENSG00000230163	0	19	24
ENSG00000227538	0	0	0
ENSG00000232208	0	0	0
ENSG00000236500	0	0	0
ENSG00000044012	12	12	0
ENSG00000179051	3520	2533	2459
ENSG00000215895	2	1	1
ENSG00000231868	1	3	1
ENSG00000284650	3	0	3
ENSG00000237329	6	2	4
ENSG00000236948	1	0	1
ENSG00000126067	3315	1606	1709
ENSG00000274944	0	0	0
ENSG00000132906	568	275	305
ENSG00000197312	941	477	464
ENSG00000284748	0	0	0
ENSG00000272078	72	193	160
ENSG00000173660	5984	2743	3241
ENSG00000224592	4	2	2
ENSG00000233728	0	38	62
ENSG00000230451	0	0	0
ENSG00000231606	4	2	2
ENSG00000215900	0	0	0
ENSG00000284632	0	0	0
ENSG00000241014	11	4	7
ENSG00000054118	3613	1817	1796
ENSG00000254553	2	1	1
ENSG00000284653	7	3	4
ENSG00000237749	5	3	2
ENSG00000276747	1	1	0
ENSG00000284705	0	0	0
ENSG00000228776	0	0	0
ENSG00000159339	32	15	17
ENSG00000223814	0	0	0
ENSG00000197982	666	241	493
ENSG00000261781	0	0	0
ENSG00000183317	714	368	346
ENSG00000183386	224	104	120
ENSG00000284743	0	0	0
ENSG00000158315	280	157	151
ENSG00000204084	1712	1171	1135
ENSG00000186973	10	3	7
ENSG00000271806	16	49	36
ENSG00000146463	1043	498	581
ENSG00000279214	1	0	1
ENSG00000183520	830	367	463
ENSG00000271741	0	0	0
ENSG00000214141	2	2	0
ENSG00000142686	401	203	198
ENSG00000224751	0	0	0
ENSG00000279096	0	0	0
ENSG00000117148	3	1	2
ENSG00000230585	3	2	1
ENSG00000117000	1260	631	629
ENSG00000284989	0	0	0
ENSG00000231630	0	0	0
ENSG00000092853	453	235	245
ENSG00000255811	0	1	1
ENSG00000134697	1668	861	857
ENSG00000187513	334	144	190
ENSG00000238145	0	0	0
ENSG00000225142	0	0	0
ENSG00000230138	40	30	10
ENSG00000223390	1	22	33
ENSG00000285823	4	0	4
ENSG00000284720	0	0	0
ENSG00000225028	5	2	3
ENSG00000225671	0	0	0
ENSG00000116151	154	89	78
ENSG00000226147	0	0	0
ENSG00000182873	130	73	69
ENSG00000006555	431	198	233
ENSG00000236111	0	0	0
ENSG00000066056	464	238	226
ENSG00000214114	599	295	304
ENSG00000173436	639	126	523
ENSG00000116544	67	33	34
ENSG00000231900	0	0	0
ENSG00000236723	5	306	289
ENSG00000232467	3	1	2
ENSG00000117016	209	106	103
ENSG00000121310	2759	1348	1411
ENSG00000169213	116	66	50
ENSG00000163866	990	495	538
ENSG00000225779	3	2	1
ENSG00000284601	2	1	1
ENSG00000237130	2	0	2
ENSG00000143001	25	34	41
ENSG00000229716	0	0	0
ENSG00000226133	0	0	0
ENSG00000227416	0	0	0
ENSG00000232335	1	11	17
ENSG00000260971	6	3	3
ENSG00000259832	0	0	0
ENSG00000284696	0	0	0
ENSG00000238242	0	0	0
ENSG00000285839	0	0	0
ENSG00000237290	0	0	0
ENSG00000232762	0	0	0
ENSG00000117419	1214	613	601
ENSG00000162384	1422	798	779
ENSG00000162391	62	152	173
ENSG00000174348	493	349	358
ENSG00000154198	1	0	1
ENSG00000117859	1712	911	825
ENSG00000228121	0	0	0
ENSG00000253313	384	207	177
ENSG00000162396	109	60	49
ENSG00000203995	83	36	49
ENSG00000227742	46	26	24
ENSG00000284686	7	3	4
ENSG00000162378	532	251	281
ENSG00000233079	0	0	0
ENSG00000259818	5	3	2
ENSG00000229444	1	0	3
ENSG00000240563	595	289	306
ENSG00000234318	0	0	0
ENSG00000284773	50	21	29
ENSG00000234481	0	0	0
ENSG00000117862	111	72	39
ENSG00000235612	0	0	0
ENSG00000228369	0	0	0
ENSG00000183431	2625	1252	1373
ENSG00000227485	0	0	0
ENSG00000224609	17	11	12
ENSG00000235545	3	2	1
ENSG00000236646	0	0	0
ENSG00000169174	89	43	46
ENSG00000232198	0	0	0
ENSG00000238063	16	8	8
ENSG00000227104	0	0	0
ENSG00000243725	43	28	15
ENSG00000171872	2	1	1
ENSG00000162407	1905	904	1001
ENSG00000285079	0	0	0
ENSG00000169218	45	24	21
ENSG00000163877	584	316	268
ENSG00000228929	48	33	15
ENSG00000224570	1	0	1
ENSG00000224980	1	0	1
ENSG00000278967	0	0	0
ENSG00000157184	623	687	681
ENSG00000272491	21	17	16
ENSG00000198815	1369	691	678
ENSG00000134744	1108	502	608
ENSG00000233910	0	0	0
ENSG00000287703	1	1	0
ENSG00000283039	0	0	0
ENSG00000229032	0	0	0
ENSG00000229294	0	0	0
ENSG00000232993	0	129	77
ENSG00000234088	0	0	0
ENSG00000236973	0	0	0
ENSG00000227947	1	0	1
ENSG00000277397	0	0	0
ENSG00000271200	12	3	9
ENSG00000235446	0	0	0
ENSG00000261196	0	0	0
ENSG00000162385	1595	687	909
ENSG00000231413	0	0	0
ENSG00000234264	2	1	1
ENSG00000242391	0	1	1
ENSG00000223883	0	0	0
ENSG00000284808	1	1	0
ENSG00000242267	5	3	2
ENSG00000237227	4	1	3
ENSG00000275350	0	0	0
ENSG00000116652	1	2	2
ENSG00000123080	619	313	324
ENSG00000285778	0	0	0
ENSG00000077549	9328	4674	4664
ENSG00000233407	0	0	0
ENSG00000225675	2	3	2
ENSG00000237622	0	0	0
ENSG00000162598	0	0	0
ENSG00000280317	0	0	0
ENSG00000162415	173	94	83
ENSG00000162600	452	216	236
ENSG00000116704	676	352	324
ENSG00000227644	0	3	4
ENSG00000157193	199	180	162
ENSG00000116205	512	274	272
ENSG00000198841	187	93	94
ENSG00000116212	613	294	319
ENSG00000234204	0	0	0
ENSG00000233099	0	0	0
ENSG00000233994	3	1	2
ENSG00000237180	0	0	0
ENSG00000213561	5	5	0
ENSG00000233973	0	0	0
ENSG00000237552	0	0	0
ENSG00000132854	74	41	33
ENSG00000227556	0	0	0
ENSG00000162616	566	281	285
ENSG00000162607	1404	690	714
ENSG00000233602	5	1	4
ENSG00000233271	0	28	22
ENSG00000285954	22	8	14
ENSG00000233333	1	1	0
ENSG00000154027	75	42	33
ENSG00000234108	0	0	0
ENSG00000232676	0	0	0
ENSG00000225167	0	0	0
ENSG00000132122	183	90	93
ENSG00000213579	0	0	0
ENSG00000137960	508	225	284
ENSG00000237852	3	2	1
ENSG00000116745	3	3	0
ENSG00000132855	5	3	2
ENSG00000285407	2	2	0
ENSG00000272855	1	0	1
ENSG00000270549	0	0	0
ENSG00000237163	0	0	0
ENSG00000229636	0	0	0
ENSG00000116675	31	15	16
ENSG00000162433	350	174	176
ENSG00000213625	1371	718	653
ENSG00000227207	0	0	0
ENSG00000227016	0	0	0
ENSG00000233664	0	0	0
ENSG00000158966	169	79	90
ENSG00000213703	1	0	1
ENSG00000203965	185	91	94
ENSG00000223479	0	0	0
ENSG00000233674	1	0	1
ENSG00000153898	2121	1025	1096
ENSG00000117069	43	20	23
ENSG00000125703	425	173	252
ENSG00000285041	0	0	0
ENSG00000285808	0	0	0
ENSG00000229440	0	0	0
ENSG00000234144	0	0	0
ENSG00000213540	1	0	1
ENSG00000277670	0	0	0
ENSG00000227466	0	0	0
ENSG00000154007	0	0	0
ENSG00000230498	3	1	2
ENSG00000285782	0	0	0
ENSG00000162618	292	158	134
ENSG00000224493	0	0	0
ENSG00000131233	2	0	2
ENSG00000272371	1	1	0
ENSG00000287647	0	0	0
ENSG00000229225	0	0	0
ENSG00000230863	0	0	0
ENSG00000213560	1	1	0
ENSG00000287224	0	0	0
ENSG00000225598	0	0	0
ENSG00000286455	0	0	0
ENSG00000225087	1	0	1
ENSG00000224986	5	3	2
ENSG00000280378	28	19	9
ENSG00000188786	417	211	206
ENSG00000230053	0	0	0
ENSG00000137941	141	78	63
ENSG00000273338	117	63	54
ENSG00000223720	0	0	0
ENSG00000224326	0	0	0
ENSG00000286548	15	10	5
ENSG00000066135	544	387	401
ENSG00000230027	0	0	0
ENSG00000233061	2	0	2
ENSG00000272094	1	0	1
ENSG00000228853	0	0	0
ENSG00000215874	0	0	0
ENSG00000232453	31	10	21
ENSG00000260386	1	0	1
ENSG00000284895	0	0	0
ENSG00000117174	583	282	301
ENSG00000237413	0	0	0
ENSG00000184313	92	39	53
ENSG00000284645	0	0	0
ENSG00000225605	0	0	0
ENSG00000225446	3	1	2
ENSG00000288543	0	0	0
ENSG00000122420	62	33	29
ENSG00000284240	1	0	1
ENSG00000236290	3	3	0
ENSG00000143013	1448	687	761
ENSG00000226084	17	6	11
ENSG00000134748	1922	951	973
ENSG00000142892	398	176	222
ENSG00000219102	2	1	1
ENSG00000184005	73	39	34
ENSG00000230953	3	0	3
ENSG00000287743	13	4	9
ENSG00000229332	0	0	0
ENSG00000227937	0	0	0
ENSG00000229752	0	0	0
ENSG00000237505	6	3	3
ENSG00000285462	0	0	0
ENSG00000233216	2	2	0
ENSG00000197273	101	56	45
ENSG00000226804	0	0	0
ENSG00000285325	0	0	0
ENSG00000230728	2	2	0
ENSG00000162402	2219	1137	1082
ENSG00000232846	0	0	0
ENSG00000219201	0	0	0
ENSG00000230787	0	0	0
ENSG00000116641	571	282	289
ENSG00000235927	6	4	5
ENSG00000223920	0	0	0
ENSG00000237453	8	2	6
ENSG00000172260	407	205	204
ENSG00000285473	0	0	0
ENSG00000237959	0	0	0
ENSG00000231364	1	1	0
ENSG00000234578	0	0	0
ENSG00000117480	1195	566	629
ENSG00000137944	702	345	357
ENSG00000229505	0	0	0
ENSG00000228187	0	0	0
ENSG00000285201	0	0	0
ENSG00000182183	307	133	174
ENSG00000236407	0	0	0
ENSG00000271949	0	0	0
ENSG00000227062	0	0	0
ENSG00000067334	1982	991	991
ENSG00000235011	0	0	0
ENSG00000235673	0	0	0
ENSG00000226938	0	0	0
ENSG00000213559	0	0	0
ENSG00000287587	1	1	0
ENSG00000142949	4020	1954	2066
ENSG00000116133	906	465	464
ENSG00000232882	5	3	2
ENSG00000171502	27	17	10
ENSG00000162399	3	3	0
ENSG00000116157	219	122	97
ENSG00000143036	1180	576	604
ENSG00000232672	0	0	0
ENSG00000230817	0	0	0
ENSG00000235613	4	1	3
ENSG00000065243	673	313	360
ENSG00000226759	0	0	0
ENSG00000226960	0	0	0
ENSG00000234080	0	0	0
ENSG00000237899	2	0	2
ENSG00000225492	21	14	7
ENSG00000223905	0	0	0
ENSG00000227290	1	0	1
ENSG00000229486	0	0	0
ENSG00000282898	0	0	0
ENSG00000285409	0	0	0
ENSG00000231090	5	1	4
ENSG00000117528	921	443	478
ENSG00000271723	1	0	1
ENSG00000172339	364	162	202
ENSG00000036549	687	328	359
ENSG00000287724	0	3	7
ENSG00000058799	811	372	439
ENSG00000225191	0	0	0
ENSG00000287870	0	0	0
ENSG00000235563	3	3	3
ENSG00000232048	0	0	0
ENSG00000232857	0	0	0
ENSG00000273637	0	0	0
ENSG00000203985	0	0	0
ENSG00000228838	0	0	2
ENSG00000283761	9	6	3
ENSG00000189433	12	7	7
ENSG00000230759	0	0	0
ENSG00000231866	0	0	0
ENSG00000179178	525	239	287
ENSG00000142700	1	0	1
ENSG00000285525	0	0	0
ENSG00000236098	0	0	0
ENSG00000233514	4	1	3
ENSG00000127124	362	185	178
ENSG00000266993	22	35	31
ENSG00000223675	1	1	0
ENSG00000162604	475	217	258
ENSG00000229316	0	0	0
ENSG00000116171	2554	1242	1321
ENSG00000287406	11	3	8
ENSG00000225767	0	0	0
ENSG00000234099	0	0	0
ENSG00000137936	729	377	375
ENSG00000235308	2	2	0
ENSG00000232752	0	0	0
ENSG00000235829	1	0	1
ENSG00000143032	2	0	2
ENSG00000226745	1	1	0
ENSG00000178028	2036	997	1039
ENSG00000280040	14	7	7
ENSG00000168710	2613	1323	1290
ENSG00000117519	2665	1319	1346
ENSG00000270507	0	0	0
ENSG00000238037	0	0	0
ENSG00000215869	0	0	0
ENSG00000134215	1431	699	732
ENSG00000227935	0	0	0
ENSG00000229887	1	0	1
ENSG00000228502	17	7	10
ENSG00000236268	0	0	0
ENSG00000271277	0	0	0
ENSG00000236888	0	0	0
ENSG00000279778	0	0	0
ENSG00000232015	2	0	2
ENSG00000230955	0	311	283
ENSG00000230828	0	0	0
ENSG00000188641	341	176	180
ENSG00000152078	180	97	83
ENSG00000237279	0	0	0
ENSG00000233359	0	0	0
ENSG00000237954	0	0	0
ENSG00000185668	98	54	44
ENSG00000171492	691	355	336
ENSG00000233129	0	0	0
ENSG00000170989	788	398	390
ENSG00000258634	141	115	89
ENSG00000233557	0	0	0
ENSG00000237897	0	0	0
ENSG00000116299	1794	860	934
ENSG00000137962	202	97	105
ENSG00000227832	0	0	0
ENSG00000286692	2	1	1
ENSG00000260464	9	5	6
ENSG00000237435	0	0	0
ENSG00000231996	0	0	0
ENSG00000273204	13	25	23
ENSG00000079739	2036	1073	1035
ENSG00000117154	6	4	2
ENSG00000162377	492	229	263
ENSG00000224613	1	1	0
ENSG00000215871	0	0	0
ENSG00000287372	0	0	0
ENSG00000232542	2	0	2
ENSG00000231095	0	0	0
ENSG00000116774	1040	489	551
ENSG00000287756	2	0	2
ENSG00000269113	94	42	52
ENSG00000284652	6	1	5
ENSG00000023909	257	133	124
ENSG00000069702	574	322	252
ENSG00000232185	0	0	0
ENSG00000230489	17	9	8
ENSG00000228399	16	12	4
ENSG00000236776	2	0	2
ENSG00000285928	26	6	20
ENSG00000224685	0	0	0
ENSG00000287076	0	0	0
ENSG00000237480	1	0	1
ENSG00000271252	0	0	0
ENSG00000230427	0	0	0
ENSG00000235794	0	0	0
ENSG00000286758	0	0	0
ENSG00000237337	0	0	0
ENSG00000233983	0	0	0
ENSG00000198198	1087	1512	1448
ENSG00000225183	1	1	0
ENSG00000230402	0	0	0
ENSG00000116793	518	270	248
ENSG00000134201	417	218	199
ENSG00000238122	0	0	0
ENSG00000260879	0	3	9
ENSG00000213366	1479	828	651
ENSG00000230864	0	0	0
ENSG00000283354	0	0	0
ENSG00000232918	0	0	0
ENSG00000236360	0	3	6
ENSG00000183298	4	3	1
ENSG00000234332	5	2	3
ENSG00000117525	1177	557	620
ENSG00000225079	22	12	10
ENSG00000226483	0	0	0
ENSG00000224238	6	3	3
ENSG00000229537	0	0	0
ENSG00000162699	0	0	0
ENSG00000162692	1327	675	652
ENSG00000203914	2	0	2
ENSG00000270457	3	0	3
ENSG00000203858	0	0	0
ENSG00000231987	0	0	0
ENSG00000228057	4	3	1
ENSG00000261593	0	0	0
ENSG00000224445	0	0	0
ENSG00000229842	0	0	0
ENSG00000270631	0	0	0
ENSG00000229201	0	0	0
ENSG00000181656	8	2	6
ENSG00000122481	78	54	24
ENSG00000198162	781	363	418
ENSG00000238198	20	9	11
ENSG00000171517	19	7	12
ENSG00000228852	2	1	1
ENSG00000203864	0	0	0
ENSG00000233482	0	0	0
ENSG00000230250	0	0	0
ENSG00000232878	1	11	5
ENSG00000143079	554	274	280
ENSG00000232450	5	3	2
ENSG00000223575	0	0	0
ENSG00000230768	0	0	0
ENSG00000235202	0	0	0
ENSG00000272715	3	1	2
ENSG00000235038	0	0	0
ENSG00000143093	1000	480	520
ENSG00000226415	20	2	18
ENSG00000085491	388	201	205
ENSG00000173947	14	8	6
ENSG00000241361	0	0	0
ENSG00000230434	0	0	0
ENSG00000230718	0	0	0
ENSG00000134198	117	57	60
ENSG00000235595	0	0	0
ENSG00000226053	0	0	0
ENSG00000226128	0	0	0
ENSG00000198799	889	472	480
ENSG00000279513	0	0	0
ENSG00000117620	1103	532	588
ENSG00000280186	12	6	6
ENSG00000223906	0	0	0
ENSG00000162688	487	249	238
ENSG00000197106	8	3	5
ENSG00000259946	0	0	0
ENSG00000236137	15	28	22
ENSG00000203859	3	1	2
ENSG00000228086	0	2	5
ENSG00000213421	0	0	0
ENSG00000234020	0	0	0
ENSG00000060718	27	14	13
ENSG00000236804	0	0	0
ENSG00000231072	0	0	0
ENSG00000273406	0	0	0
ENSG00000185946	192	93	99
ENSG00000162627	781	368	413
ENSG00000226715	0	0	0
ENSG00000162695	449	233	216
ENSG00000134184	0	2	3
ENSG00000265808	815	407	408
ENSG00000261290	0	0	0
ENSG00000225923	0	0	0
ENSG00000134247	1032	505	527
ENSG00000187481	0	0	0
ENSG00000116752	1371	636	735
ENSG00000162664	894	474	420
ENSG00000236866	3	3	0
ENSG00000134253	119	53	66
ENSG00000277655	0	0	0
ENSG00000223416	0	0	0
ENSG00000213226	0	0	0
ENSG00000179571	1	0	1
ENSG00000227850	0	0	0
ENSG00000243967	0	0	0
ENSG00000235777	0	0	0
ENSG00000260246	0	3	2
ENSG00000173218	362	183	179
ENSG00000285532	0	0	0
ENSG00000226755	2	0	2
ENSG00000232650	0	0	0
ENSG00000183508	3660	1826	1834
ENSG00000277095	0	0	0
ENSG00000236806	1	1	0
ENSG00000234283	0	0	0
ENSG00000237188	2	0	2
ENSG00000232780	0	0	0
ENSG00000274927	0	0	0
ENSG00000264145	0	0	0
ENSG00000238256	0	0	0
ENSG00000198765	0	0	0
ENSG00000224335	0	0	0
ENSG00000277702	10	5	5
ENSG00000143398	1301	633	668
ENSG00000196505	340	185	155
ENSG00000225871	4	9	13
ENSG00000223489	0	0	0
ENSG00000230546	0	0	0
ENSG00000213262	4	2	2
ENSG00000287015	1	1	0
ENSG00000241720	1	33	23
ENSG00000235526	0	0	0
ENSG00000228347	0	0	0
ENSG00000276975	4	1	3
ENSG00000236012	0	0	0
ENSG00000270911	0	0	0
ENSG00000272824	4	1	3
ENSG00000134200	0	0	0
ENSG00000234257	0	0	0
ENSG00000065183	520	271	298
ENSG00000227082	24	14	10
ENSG00000228626	0	0	0
ENSG00000226126	0	0	0
ENSG00000163393	104	59	45
ENSG00000163156	1098	506	601
ENSG00000143631	4	2	2
ENSG00000156150	1	30	34
ENSG00000228453	0	0	0
ENSG00000274642	3	1	2
ENSG00000177551	5	3	2
ENSG00000197323	844	427	417
ENSG00000237975	9	6	3
ENSG00000261168	10	3	7
ENSG00000287980	0	0	0
ENSG00000229283	0	2	1
ENSG00000271419	0	0	0
ENSG00000226172	0	0	0
ENSG00000079335	205	113	99
ENSG00000143119	8566	4176	4390
ENSG00000237278	0	39	24
ENSG00000285062	0	0	0
ENSG00000233432	0	0	0
ENSG00000227700	1	0	1
ENSG00000229911	0	0	0
ENSG00000143520	0	0	0
ENSG00000171943	137	64	75
ENSG00000270719	0	0	0
ENSG00000155761	3	23	29
ENSG00000230806	0	0	0
ENSG00000116830	768	395	373
ENSG00000234422	0	0	0
ENSG00000227056	0	0	0
ENSG00000143614	1173	598	575
ENSG00000227091	0	0	0
ENSG00000169418	215	88	127
ENSG00000214204	0	0	0
ENSG00000081026	356	183	173
ENSG00000225650	0	0	0
ENSG00000227179	0	0	0
ENSG00000224965	11	4	7
ENSG00000228127	0	0	0
ENSG00000226984	2	2	0
ENSG00000186150	0	0	0
ENSG00000143554	734	357	377
ENSG00000143458	1177	597	580
ENSG00000230932	0	0	0
ENSG00000073754	5	2	3
ENSG00000228826	0	0	0
ENSG00000233907	0	0	0
ENSG00000225036	0	0	0
ENSG00000228420	0	0	0
ENSG00000233839	2	1	1
ENSG00000250890	0	0	0
ENSG00000232240	0	0	0
ENSG00000280649	92	74	45
ENSG00000131781	260	101	165
ENSG00000223599	20	9	11
ENSG00000230921	0	0	0
ENSG00000286151	0	0	0
ENSG00000234388	0	0	0
ENSG00000235015	0	0	0
ENSG00000271736	1	0	1
ENSG00000235988	0	0	0
ENSG00000233717	3	3	0
ENSG00000231551	104	52	52
ENSG00000227295	10	3	7
ENSG00000163155	161	71	91
ENSG00000243613	0	17	21
ENSG00000241975	9	1	8
ENSG00000271143	0	0	0
ENSG00000270976	0	0	0
ENSG00000228217	0	0	0
ENSG00000270342	0	0	0
ENSG00000143552	58	34	24
ENSG00000175984	104	61	43
ENSG00000231100	0	0	0
ENSG00000116824	1338	661	677
ENSG00000235887	0	0	0
ENSG00000237460	0	0	0
ENSG00000236327	1	1	0
ENSG00000223804	55	27	28
ENSG00000236887	0	0	0
ENSG00000024526	374	174	221
ENSG00000236480	0	0	0
ENSG00000235756	0	0	0
ENSG00000173810	1	0	1
ENSG00000235005	0	0	0
ENSG00000271890	0	0	0
ENSG00000238107	0	3	0
ENSG00000227425	0	0	0
ENSG00000233222	0	11	10
ENSG00000225279	10	5	5
ENSG00000229101	0	0	0
ENSG00000224927	0	0	0
ENSG00000239216	0	0	0
ENSG00000283360	2	1	1
ENSG00000117262	145	67	78
ENSG00000227907	0	0	0
ENSG00000143624	2974	1551	1527
ENSG00000227970	0	0	0
ENSG00000261055	1	0	1
ENSG00000231613	0	0	0
ENSG00000137947	1527	723	804
ENSG00000236689	0	0	0
ENSG00000233589	1	14	8
ENSG00000117586	79	39	40
ENSG00000230946	4	3	1
ENSG00000226028	0	0	0
ENSG00000162728	10	3	7
ENSG00000229021	4	1	3
ENSG00000203825	0	0	0
ENSG00000184371	2212	1101	1111
ENSG00000233449	0	0	0
ENSG00000242943	0	0	0
ENSG00000233203	5	0	5
ENSG00000232499	4	3	1
ENSG00000232265	15	12	4
ENSG00000163154	223	98	126
ENSG00000232995	51	23	28
ENSG00000236957	0	0	0
ENSG00000238087	0	0	0
ENSG00000227777	6	0	6
ENSG00000177173	4	1	3
ENSG00000277406	28	13	15
ENSG00000238022	0	0	0
ENSG00000231671	0	0	0
ENSG00000162729	1264	637	627
ENSG00000143158	2035	1060	1516
ENSG00000271092	3	1	2
ENSG00000238118	0	0	0
ENSG00000276118	0	0	0
ENSG00000232148	0	0	0
ENSG00000278811	7	15	19
ENSG00000000460	231	326	356
ENSG00000188859	99	50	54
ENSG00000275075	0	0	0
ENSG00000135862	2195	1074	1121
ENSG00000232952	0	0	0
ENSG00000158473	978	445	533
ENSG00000227722	0	0	0
ENSG00000285922	0	0	0
ENSG00000275801	10	8	2
ENSG00000143198	2635	1289	1346
ENSG00000143318	50	20	30
ENSG00000232188	1	0	1
ENSG00000232212	0	0	0
ENSG00000143621	5373	2725	2670
ENSG00000241042	0	0	0
ENSG00000143155	985	442	543
ENSG00000260322	0	0	0
ENSG00000223495	0	0	0
ENSG00000143156	200	460	289
ENSG00000198771	4015	2001	2079
ENSG00000225462	1	1	0
ENSG00000237756	1	1	0
ENSG00000116147	64	33	31
ENSG00000213064	1713	872	860
ENSG00000203307	1	0	1
ENSG00000143179	565	349	379
ENSG00000271187	0	0	0
ENSG00000274562	0	0	0
ENSG00000143315	359	187	172
ENSG00000116199	1240	626	614
ENSG00000231175	0	0	0
ENSG00000143185	66	37	29
ENSG00000235145	8	6	2
ENSG00000116260	3566	1803	1763
ENSG00000272931	41	16	25
ENSG00000143190	636	388	376
ENSG00000225475	3	0	3
ENSG00000230898	3	3	0
ENSG00000232223	0	0	0
ENSG00000224698	0	0	0
ENSG00000287697	14	19	14
ENSG00000075945	855	465	410
ENSG00000235303	0	0	0
ENSG00000234810	5	2	3
ENSG00000232750	1	0	1
ENSG00000224468	12	5	7
ENSG00000235628	0	0	0
ENSG00000232551	0	0	0
ENSG00000092607	6	3	3
ENSG00000238270	0	0	0
ENSG00000285894	0	0	0
ENSG00000236025	0	0	0
ENSG00000230687	0	0	0
ENSG00000230704	0	0	0
ENSG00000283255	0	0	0
ENSG00000227741	25	51	73
ENSG00000237049	0	0	0
ENSG00000286754	0	0	0
ENSG00000232751	0	0	0
ENSG00000236364	12	80	77
ENSG00000117091	2004	1932	1973
ENSG00000235378	0	0	0
ENSG00000143171	67	36	31
ENSG00000275767	0	0	0
ENSG00000224718	0	0	0
ENSG00000047410	2225	1298	1377
ENSG00000231992	0	0	0
ENSG00000018625	403	182	221
ENSG00000171806	192	86	117
ENSG00000287919	1	0	1
ENSG00000229914	0	0	0
ENSG00000233882	0	0	0
ENSG00000198358	1	5	0
ENSG00000229407	16	10	11
ENSG00000134216	11	8	6
ENSG00000230748	0	0	0
ENSG00000254154	1	0	1
ENSG00000162694	229	146	118
ENSG00000238108	0	0	0
ENSG00000214262	0	10	9
ENSG00000183853	349	177	172
ENSG00000215835	2	0	2
ENSG00000118197	513	265	249
ENSG00000135842	1350	689	661
ENSG00000229258	1	0	2
ENSG00000287472	0	0	0
ENSG00000241318	0	0	0
ENSG00000228238	0	0	0
ENSG00000232393	1	1	0
ENSG00000121454	16	41	24
ENSG00000184155	0	0	0
ENSG00000058085	512	273	239
ENSG00000260088	3	1	3
ENSG00000287978	168	88	80
ENSG00000116815	399	200	199
ENSG00000232917	0	0	0
ENSG00000233057	6	3	3
ENSG00000237131	0	0	0
ENSG00000233946	0	0	0
ENSG00000143167	2318	1125	1193
ENSG00000143184	106	42	64
ENSG00000231966	0	0	0
ENSG00000176320	1	1	0
ENSG00000260976	0	0	0
ENSG00000235215	2	2	0
ENSG00000223450	0	0	0
ENSG00000224691	0	0	0
ENSG00000286572	0	0	0
ENSG00000235101	6	4	2
ENSG00000228215	0	0	0
ENSG00000177807	146	73	73
ENSG00000233626	4	1	3
ENSG00000233691	0	0	0
ENSG00000283518	0	0	0
ENSG00000271527	0	0	0
ENSG00000143228	846	402	444
ENSG00000235827	0	0	0
ENSG00000231615	4	3	1
ENSG00000231714	0	0	0
ENSG00000174514	251	140	175
ENSG00000143178	148	62	86
ENSG00000224837	1	0	1
ENSG00000116833	422	198	224
ENSG00000227740	23	9	14
ENSG00000260990	0	0	0
ENSG00000000457	346	421	365
ENSG00000143507	1178	581	597
ENSG00000285638	0	0	0
ENSG00000226520	3	2	1
ENSG00000284592	0	0	0
ENSG00000230987	0	0	0
ENSG00000232527	0	0	0
ENSG00000215833	0	0	0
ENSG00000228167	0	0	0
ENSG00000225325	0	0	0
ENSG00000223344	0	0	0
ENSG00000228191	0	0	0
ENSG00000229961	29	13	16
ENSG00000150732	0	0	0
ENSG00000157064	51	24	28
ENSG00000288139	0	0	0
ENSG00000226015	41	27	14
ENSG00000215808	6	4	2
ENSG00000059588	1894	987	907
ENSG00000231512	0	0	0
ENSG00000237379	0	0	0
ENSG00000232959	0	5	15
ENSG00000122224	2522	1282	1240
ENSG00000162782	26	10	16
ENSG00000238051	0	0	0
ENSG00000233196	2	0	2
ENSG00000229220	0	0	0
ENSG00000143653	1124	555	569
ENSG00000135837	952	469	483
ENSG00000158711	1386	732	720
ENSG00000227747	0	0	0
ENSG00000228081	0	0	0
ENSG00000228020	0	0	0
ENSG00000234975	73	31	42
ENSG00000162851	668	321	347
ENSG00000271427	7	3	4
ENSG00000261817	0	0	0
ENSG00000143353	642	323	349
ENSG00000197965	2376	1183	1193
ENSG00000143493	599	287	312
ENSG00000230777	2	2	0
ENSG00000179397	32	8	24
ENSG00000224540	0	0	0
ENSG00000117592	6606	3212	3395
ENSG00000186197	13	7	6
ENSG00000229067	0	0	0
ENSG00000230231	1	1	0
ENSG00000227711	0	0	0
ENSG00000261182	0	0	0
ENSG00000228879	2	0	2
ENSG00000227925	0	0	0
ENSG00000162670	117	65	61
ENSG00000225712	5	2	3
ENSG00000162761	6	2	4
ENSG00000143199	4	3	1
ENSG00000179930	0	0	0
ENSG00000007908	391	185	206
ENSG00000092978	329	163	166
ENSG00000143499	710	362	348
ENSG00000188404	1432	725	707
ENSG00000227735	0	0	0
ENSG00000243062	0	0	0
ENSG00000143196	957	449	508
ENSG00000228504	0	0	0
ENSG00000274702	0	0	0
ENSG00000226211	0	0	0
ENSG00000236942	8	4	6
ENSG00000287205	1	1	0
ENSG00000203697	375	188	187
ENSG00000116574	693	322	371
ENSG00000287929	20	7	14
ENSG00000186283	4130	1996	2134
ENSG00000224896	0	0	0
ENSG00000226292	0	0	0
ENSG00000121481	254	123	131
ENSG00000227940	0	0	0
ENSG00000117139	1307	631	676
ENSG00000143248	1977	982	995
ENSG00000278455	0	0	0
ENSG00000224810	0	0	0
ENSG00000162814	20	6	15
ENSG00000225172	4	2	2
ENSG00000261642	0	0	0
ENSG00000228239	0	0	0
ENSG00000237283	0	0	0
ENSG00000116132	302	155	147
ENSG00000238042	0	0	0
ENSG00000271475	0	0	0
ENSG00000231877	0	0	0
ENSG00000116679	4376	2091	2285
ENSG00000228536	5	4	1
ENSG00000230550	1	2	2
ENSG00000229242	0	0	0
ENSG00000253326	8	4	4
ENSG00000228470	1	1	0
ENSG00000152092	25	10	15
ENSG00000234984	0	0	0
ENSG00000231648	0	0	0
ENSG00000229983	1	1	0
ENSG00000215149	0	0	0
ENSG00000225122	0	0	0
ENSG00000225920	8	3	5
ENSG00000143476	487	263	224
ENSG00000121486	438	230	208
ENSG00000228437	0	0	0
ENSG00000214837	5	5	0
ENSG00000057252	895	470	425
ENSG00000225982	0	0	0
ENSG00000285718	0	0	0
ENSG00000234070	0	0	1
ENSG00000233620	0	0	0
ENSG00000237783	0	0	0
ENSG00000272906	19	22	25
ENSG00000233018	0	0	0
ENSG00000123685	136	53	83
ENSG00000224783	0	0	0
ENSG00000162852	1157	599	558
ENSG00000232792	0	0	0
ENSG00000273004	8	3	5
ENSG00000143842	565	291	274
ENSG00000268062	11	6	5
ENSG00000237409	0	0	0
ENSG00000116962	1584	783	801
ENSG00000288078	0	0	0
ENSG00000271399	1	1	0
ENSG00000229757	3	0	3
ENSG00000232679	0	0	0
ENSG00000159388	13352	6699	6653
ENSG00000220749	18	9	9
ENSG00000181450	214	106	108
ENSG00000223519	4	16	12
ENSG00000120333	700	365	362
ENSG00000286285	10	5	5
ENSG00000225300	7	2	5
ENSG00000223842	4	1	3
ENSG00000162753	0	0	0
ENSG00000228247	0	0	0
ENSG00000231424	4	2	3
ENSG00000143355	0	0	0
ENSG00000287177	0	0	0
ENSG00000237193	0	0	0
ENSG00000223490	0	0	0
ENSG00000121644	1114	546	568
ENSG00000174502	5	2	3
ENSG00000224286	0	0	0
ENSG00000158715	431	200	231
ENSG00000143195	36	18	18
ENSG00000162849	38	21	17
ENSG00000232824	0	0	0
ENSG00000273416	5	4	1
ENSG00000234142	1	1	0
ENSG00000282111	0	0	0
ENSG00000233410	2	0	2
ENSG00000067533	465	265	200
ENSG00000228955	3	0	3
ENSG00000270443	0	0	0
ENSG00000116209	6555	3339	3216
ENSG00000224702	0	0	0
ENSG00000271811	14	13	1
ENSG00000224278	0	0	0
ENSG00000235492	0	1	0
ENSG00000287808	28	13	24
ENSG00000271588	0	0	0
ENSG00000229840	0	0	0
ENSG00000116161	2607	1234	1419
ENSG00000226486	0	0	0
ENSG00000227687	0	0	0
ENSG00000231814	0	0	0
ENSG00000286210	1	0	1
ENSG00000287364	6	1	5
ENSG00000225063	1	1	0
ENSG00000260698	33	18	15
ENSG00000277007	47	20	27
ENSG00000229016	0	0	0
ENSG00000077157	1969	999	1005
ENSG00000152104	193	85	110
ENSG00000236975	2	2	0
ENSG00000215834	0	0	0
ENSG00000286541	0	0	1
ENSG00000117650	347	155	192
ENSG00000235021	2	2	0
ENSG00000203724	50	22	28
ENSG00000225006	0	0	0
ENSG00000287633	0	0	0
ENSG00000158764	26	8	22
ENSG00000223375	0	0	0
ENSG00000230714	0	0	0
ENSG00000261065	0	10	10
ENSG00000260855	22	12	10
ENSG00000188783	927	465	462
ENSG00000236206	0	0	0
ENSG00000168118	1023	511	533
ENSG00000181101	0	0	0
ENSG00000173726	4834	2364	2470
ENSG00000282852	0	0	0
ENSG00000152382	228	109	119
ENSG00000143839	3	3	0
ENSG00000232100	0	0	0
ENSG00000261024	2	0	2
ENSG00000230547	0	0	0
ENSG00000229703	1	1	0
ENSG00000176754	0	0	0
ENSG00000232309	0	0	0
ENSG00000227953	51	42	33
ENSG00000232215	0	0	0
ENSG00000135829	4896	2400	2505
ENSG00000228289	1	1	0
ENSG00000134717	774	408	366
ENSG00000232989	0	0	0
ENSG00000233537	0	0	0
ENSG00000116668	138	71	67
ENSG00000143756	576	291	285
ENSG00000278180	0	0	0
ENSG00000143702	416	213	209
ENSG00000232341	0	0	0
ENSG00000287676	1	0	1
ENSG00000236792	0	0	0
ENSG00000143207	1561	758	803
ENSG00000270859	0	0	0
ENSG00000238224	0	0	0
ENSG00000286775	0	0	0
ENSG00000122176	1482	710	772
ENSG00000229120	0	0	0
ENSG00000237492	0	0	0
ENSG00000230404	0	0	0
ENSG00000213036	2	2	0
ENSG00000227230	0	2	3
ENSG00000236230	0	0	0
ENSG00000026751	1726	853	873
ENSG00000150681	72	33	44
ENSG00000116906	1525	775	750
ENSG00000092969	19	6	13
ENSG00000157181	766	383	383
ENSG00000250762	0	0	0
ENSG00000236720	0	0	0
ENSG00000227421	1	0	1
ENSG00000227240	5	2	3
ENSG00000076258	165	84	81
ENSG00000286073	0	0	0
ENSG00000231084	2	1	1
ENSG00000232085	0	1	0
ENSG00000117697	723	334	389
ENSG00000279333	0	21	12
ENSG00000235083	0	0	0
ENSG00000162669	15	8	7
ENSG00000197067	0	0	0
ENSG00000229652	0	0	0
ENSG00000132681	12	5	7
ENSG00000225904	0	0	0
ENSG00000270920	0	0	0
ENSG00000281664	0	0	0
ENSG00000143641	1018	798	830
ENSG00000227630	8	3	5
ENSG00000228830	0	1679	1454
ENSG00000010932	40	19	22
ENSG00000282849	0	0	0
ENSG00000276520	1	0	1
ENSG00000226640	1	0	1
ENSG00000010072	189	104	89
ENSG00000135766	42	17	25
ENSG00000232626	0	0	0
ENSG00000232096	0	0	0
ENSG00000279261	3	0	3
ENSG00000213051	8	6	2
ENSG00000238054	0	0	0
ENSG00000163534	1288	629	659
ENSG00000168243	178	91	87
ENSG00000281453	0	0	0
ENSG00000237469	0	0	0
ENSG00000224939	4	2	2
ENSG00000227613	0	0	0
ENSG00000116183	13	6	7
ENSG00000270106	2	1	1
ENSG00000232194	1	1	0
ENSG00000235152	0	0	0
ENSG00000231612	0	0	0
ENSG00000237980	1	1	0
ENSG00000271036	0	0	0
ENSG00000230849	0	0	0
ENSG00000170382	278	150	132
ENSG00000228664	2	0	2
ENSG00000226868	0	0	0
ENSG00000279401	0	0	0
ENSG00000272362	0	0	0
ENSG00000287450	0	0	0
ENSG00000237011	0	0	0
ENSG00000233583	1	0	1
ENSG00000066027	2157	1030	1127
ENSG00000286263	1	1	0
ENSG00000227006	3	1	2
ENSG00000236372	0	0	0
ENSG00000224525	0	0	0
ENSG00000188770	0	0	0
ENSG00000173728	13	1	12
ENSG00000094975	844	418	426
ENSG00000225811	0	5	4
ENSG00000273093	0	0	0
ENSG00000162772	8791	4188	4603
ENSG00000227818	0	0	0
ENSG00000135828	381	190	191
ENSG00000224227	1	1	0
ENSG00000286398	0	0	0
ENSG00000076356	998	482	516
ENSG00000215819	0	2	0
ENSG00000185523	7	3	4
ENSG00000236108	0	0	0
ENSG00000116711	159	84	75
ENSG00000231684	7	4	3
ENSG00000226750	0	0	0
ENSG00000285665	19	13	6
ENSG00000231022	0	0	0
ENSG00000224436	0	0	0
ENSG00000228208	1	1	0
ENSG00000273384	12	4	8
ENSG00000238061	3	2	1
ENSG00000234915	2	0	2
ENSG00000143845	64	47	40
ENSG00000235862	4	106	123
ENSG00000069812	406	200	206
ENSG00000227585	0	0	0
ENSG00000157060	1	0	1
ENSG00000237213	0	0	0
ENSG00000236439	3	1	2
ENSG00000224260	0	0	0
ENSG00000213045	0	0	0
ENSG00000287220	0	0	0
ENSG00000230063	1	1	0
ENSG00000235467	0	0	0
ENSG00000123684	1007	497	511
ENSG00000117707	66	29	39
ENSG00000228044	0	0	0
ENSG00000225338	2	1	1
ENSG00000224407	0	267	343
ENSG00000232463	0	0	0
ENSG00000237457	4	2	2
ENSG00000225171	21	9	12
ENSG00000226843	0	0	0
ENSG00000235386	0	0	0
ENSG00000123836	1161	568	603
ENSG00000213690	0	0	0
ENSG00000223982	0	0	0
ENSG00000229832	1	1	0
ENSG00000117691	1078	508	570
ENSG00000225233	0	0	0
ENSG00000274895	0	0	0
ENSG00000237514	1	1	0
ENSG00000287856	0	0	0
ENSG00000228067	0	0	0
ENSG00000284299	1	0	1
ENSG00000226375	0	0	0
ENSG00000203705	417	199	218
ENSG00000224040	2	0	2
ENSG00000228686	9	6	3
ENSG00000279838	40	22	18
ENSG00000174175	216	116	100
ENSG00000236401	0	0	0
ENSG00000241475	1	0	1
ENSG00000215800	0	0	0
ENSG00000286421	0	0	0
ENSG00000270936	1	0	1
ENSG00000008118	34	20	14
ENSG00000171161	1135	584	551
ENSG00000241505	0	0	0
ENSG00000224535	0	0	0
ENSG00000282097	1	1	0
ENSG00000261453	10	2	8
ENSG00000231020	0	0	0
ENSG00000270818	0	0	0
ENSG00000196878	2186	1064	1122
ENSG00000133059	408	207	201
ENSG00000225561	0	0	0
ENSG00000224668	0	0	0
ENSG00000242529	0	0	0
ENSG00000074964	2006	970	1036
ENSG00000223847	0	0	0
ENSG00000277704	0	0	0
ENSG00000116918	498	231	280
ENSG00000274020	178	95	111
ENSG00000287445	8	4	4
ENSG00000259815	2	1	1
ENSG00000240963	0	0	0
ENSG00000226570	0	0	0
ENSG00000198929	17	11	6
ENSG00000272167	0	0	0
ENSG00000230628	7	4	3
ENSG00000162771	5	123	107
ENSG00000227579	0	0	0
ENSG00000176393	1884	1142	1207
ENSG00000174606	660	345	315
ENSG00000179914	4652	2294	2358
ENSG00000235750	2169	1104	1065
ENSG00000284376	0	0	0
ENSG00000121446	0	0	0
ENSG00000226758	1	0	1
ENSG00000230199	0	0	0
ENSG00000236905	3	2	1
ENSG00000233304	5	1	4
ENSG00000288007	11	3	10
ENSG00000227887	0	0	0
ENSG00000116903	346	169	181
ENSG00000228255	1	0	1
ENSG00000226196	0	0	0
ENSG00000287354	0	1	1
ENSG00000233827	0	0	0
ENSG00000198797	2	2	0
ENSG00000271746	8	11	5
ENSG00000234233	1	1	0
ENSG00000151414	471	237	234
ENSG00000177614	92	33	59
ENSG00000223794	0	0	0
ENSG00000235182	0	0	0
ENSG00000213041	3	3	0
ENSG00000287157	0	0	0
ENSG00000233920	1	1	0
ENSG00000183831	4	3	1
ENSG00000225755	1	1	0
ENSG00000143858	32	37	30
ENSG00000197472	15	9	6
ENSG00000230184	2	0	2
ENSG00000234004	0	0	0
ENSG00000232436	0	0	0
ENSG00000231718	0	0	0
ENSG00000283952	0	0	0
ENSG00000230019	0	0	0
ENSG00000136643	368	166	202
ENSG00000232537	0	0	0
ENSG00000226036	3	3	0
ENSG00000285521	4	3	1
ENSG00000236317	2	2	0
ENSG00000176855	0	0	0
ENSG00000227728	0	0	0
ENSG00000133069	110	66	44
ENSG00000162877	26	10	16
ENSG00000233461	46	25	21
ENSG00000225401	1	1	0
ENSG00000228190	0	0	0
ENSG00000135747	1	0	1
ENSG00000227237	3	2	1
ENSG00000069248	1074	506	568
ENSG00000232812	0	0	0
ENSG00000231666	3	1	2
ENSG00000226986	0	0	0
ENSG00000242042	0	0	0
ENSG00000234464	0	0	0
ENSG00000253148	0	0	0
ENSG00000227751	0	777	695
ENSG00000090104	19718	9435	10283
ENSG00000285280	19	11	15
ENSG00000232892	0	0	0
ENSG00000236950	0	0	0
ENSG00000236468	0	0	0
ENSG00000143322	742	356	386
ENSG00000185220	217	104	113
ENSG00000226003	0	0	0
ENSG00000230813	0	0	0
ENSG00000226862	14	5	9
ENSG00000236101	0	0	0
ENSG00000162769	399	193	206
ENSG00000133065	1384	674	710
ENSG00000278684	0	0	0
ENSG00000236775	0	0	0
ENSG00000042781	6	3	3
ENSG00000234754	0	0	0
ENSG00000233084	5	4	1
ENSG00000227815	3	2	1
ENSG00000287046	14	10	4
ENSG00000223774	6	104	118
ENSG00000228863	61	1012	950
ENSG00000228646	0	0	0
ENSG00000229112	0	0	0
ENSG00000233332	0	0	0
ENSG00000231984	0	0	0
ENSG00000286213	0	0	0
ENSG00000226876	2	2	0
ENSG00000277462	135	68	67
ENSG00000225591	1	1	0
ENSG00000035687	948	490	458
ENSG00000213080	9	3	6
ENSG00000180287	18	12	6
ENSG00000226693	0	0	0
ENSG00000234678	226	346	385
ENSG00000231272	0	0	0
ENSG00000223828	3	1	2
ENSG00000163431	1142	656	703
ENSG00000230124	1215	582	682
ENSG00000226723	1	1	0
ENSG00000272672	2	0	2
ENSG00000143473	2	14	21
ENSG00000228982	0	0	0
ENSG00000235096	0	0	0
ENSG00000237250	0	0	0
ENSG00000007341	304	298	263
ENSG00000286747	2	1	1
ENSG00000236069	5	4	3
ENSG00000236244	0	0	0
ENSG00000272865	0	0	0
ENSG00000117222	687	329	358
ENSG00000143324	525	271	254
ENSG00000229871	1	0	1
ENSG00000225222	0	0	0
ENSG00000118193	243	120	123
ENSG00000234116	0	0	0
ENSG00000231940	10	5	5
ENSG00000198842	2	1	1
ENSG00000286619	505	248	257
ENSG00000198756	43	24	19
ENSG00000259823	200	86	114
ENSG00000271558	0	0	0
ENSG00000227554	0	0	0
ENSG00000178596	0	0	0
ENSG00000135749	479	349	318
ENSG00000143786	58	29	32
ENSG00000224584	2	1	1
ENSG00000054282	528	343	341
ENSG00000183780	8	4	4
ENSG00000229663	0	0	0
ENSG00000162702	374	181	193
ENSG00000251508	0	0	0
ENSG00000238272	2	0	2
ENSG00000228530	0	0	0
ENSG00000235060	0	0	0
ENSG00000143194	1	0	1
ENSG00000229531	2	2	0
ENSG00000271329	4	4	0
ENSG00000054267	1013	522	495
ENSG00000261831	0	0	0
ENSG00000287921	0	0	0
ENSG00000177800	0	0	0
ENSG00000225620	1	0	1
ENSG00000232166	0	0	0
ENSG00000175137	912	464	448
ENSG00000134245	399	324	327
ENSG00000234041	0	0	0
ENSG00000227373	29	15	14
ENSG00000231905	0	0	0
ENSG00000228175	24	10	14
ENSG00000069275	6729	3403	3326
ENSG00000143674	490	244	246
ENSG00000237317	0	0	0
ENSG00000187889	22	9	13
ENSG00000134375	1691	885	806
ENSG00000097046	543	276	267
ENSG00000232113	0	0	0
ENSG00000282718	0	0	0
ENSG00000231378	1	0	1
ENSG00000235605	0	5	3
ENSG00000223525	3	1	2
ENSG00000224857	0	0	0
ENSG00000273367	6	5	2
ENSG00000230604	0	0	0
ENSG00000231605	0	0	0
ENSG00000236358	0	3	5
ENSG00000203737	5	2	3
ENSG00000238003	2	0	2
ENSG00000215873	0	0	0
ENSG00000287008	0	0	0
ENSG00000185420	509	228	281
ENSG00000076321	292	136	156
ENSG00000272175	0	1	3
ENSG00000231564	0	0	0
ENSG00000135778	1197	724	661
ENSG00000213070	1	0	1
ENSG00000282265	0	0	0
ENSG00000250536	0	0	0
ENSG00000229747	0	0	0
ENSG00000117280	853	438	415
ENSG00000233985	0	0	0
ENSG00000232175	5	2	3
ENSG00000287423	0	0	0
ENSG00000286774	0	0	0
ENSG00000236719	0	0	0
ENSG00000136636	746	391	355
ENSG00000225486	0	0	0
ENSG00000227043	0	0	0
ENSG00000163874	3855	1803	2052
ENSG00000285777	1	1	0
ENSG00000237249	4	0	4
ENSG00000286109	0	0	0
ENSG00000213068	4	1	3
ENSG00000054392	102	54	50
ENSG00000227994	0	0	0
ENSG00000286552	0	0	0
ENSG00000225711	3	2	1
ENSG00000122223	116	57	59
ENSG00000235869	2	1	1
ENSG00000188739	59	26	33
ENSG00000286666	0	0	0
ENSG00000135750	219	117	102
ENSG00000273198	1	1	0
ENSG00000203730	5	4	1
ENSG00000225719	0	0	0
ENSG00000273483	13	5	8
ENSG00000287987	0	0	0
ENSG00000203729	0	0	0
ENSG00000232809	0	0	0
ENSG00000284623	12	3	9
ENSG00000285981	0	0	0
ENSG00000261729	2	2	0
ENSG00000223869	0	0	0
ENSG00000229228	28	18	10
ENSG00000215796	0	0	0
ENSG00000185221	0	0	0
ENSG00000233047	0	0	0
ENSG00000143341	87	36	51
ENSG00000228309	0	0	0
ENSG00000229739	10	3	7
ENSG00000116703	0	0	0
ENSG00000273874	0	0	0
ENSG00000278791	0	37	35
ENSG00000278757	2	0	2
ENSG00000264341	0	0	0
ENSG00000264101	0	0	0
ENSG00000265141	0	0	0
ENSG00000221083	2	0	2
ENSG00000252404	0	0	0
ENSG00000222511	0	0	0
ENSG00000265392	0	0	0
ENSG00000243267	2	1	1
ENSG00000201725	0	0	0
ENSG00000274258	2	2	0
ENSG00000239149	1	0	1
ENSG00000252151	0	0	0
ENSG00000252969	0	0	0
ENSG00000252417	0	0	0
ENSG00000200975	0	0	0
ENSG00000201609	0	0	0
ENSG00000238482	0	0	0
ENSG00000252956	0	0	0
ENSG00000265606	0	0	0
ENSG00000284357	0	0	0
ENSG00000278034	1	0	1
ENSG00000207237	0	0	0
ENSG00000222784	0	0	0
ENSG00000266210	0	0	0
ENSG00000265961	0	0	0
ENSG00000251866	0	0	0
ENSG00000252691	0	0	0
ENSG00000264371	0	0	0
ENSG00000253005	0	0	0
ENSG00000238316	0	0	0
ENSG00000207941	0	0	0
ENSG00000264773	42	25	17
ENSG00000252448	1	0	1
ENSG00000200421	0	0	0
ENSG00000222282	2	1	1
ENSG00000199963	1	1	0
ENSG00000264698	0	0	0
ENSG00000207328	0	0	0
ENSG00000207466	0	0	0
ENSG00000252368	0	0	0
ENSG00000206779	1	1	0
ENSG00000265596	0	0	0
ENSG00000212541	4	2	2
ENSG00000200796	0	0	0
ENSG00000252190	0	0	0
ENSG00000264613	0	0	0
ENSG00000199240	0	0	0
ENSG00000277168	0	0	0
ENSG00000283724	0	0	0
ENSG00000284410	0	0	0
ENSG00000252018	0	0	0
ENSG00000206627	1	0	1
ENSG00000283414	0	0	0
ENSG00000207508	1	1	0
ENSG00000200171	0	0	0
ENSG00000207194	0	0	0
ENSG00000283477	0	0	0
ENSG00000264834	0	0	0
ENSG00000263675	1	1	0
ENSG00000266188	1	0	1
ENSG00000206981	0	0	0
ENSG00000200174	0	0	0
ENSG00000265822	0	0	0
ENSG00000265815	0	0	0
ENSG00000238653	0	0	0
ENSG00000212624	1	0	1
ENSG00000200575	0	0	0
ENSG00000212360	0	0	0
ENSG00000242860	2	1	1
ENSG00000263908	0	0	0
ENSG00000283690	0	0	0
ENSG00000199921	0	0	0
ENSG00000251825	0	0	0
ENSG00000201153	0	0	0
ENSG00000222624	0	0	0
ENSG00000223152	0	0	0
ENSG00000212308	0	0	0
ENSG00000279049	0	19	15
ENSG00000276081	0	0	0
ENSG00000239640	0	0	0
ENSG00000252338	0	0	0
ENSG00000251785	0	0	0
ENSG00000239319	1	0	1
ENSG00000222849	0	0	0
ENSG00000283749	0	0	0
ENSG00000251958	0	0	0
ENSG00000251767	0	0	0
ENSG00000243437	0	0	0
ENSG00000202263	0	0	0
ENSG00000199318	0	0	0
ENSG00000199666	0	0	0
ENSG00000200601	0	0	0
ENSG00000242482	0	0	0
ENSG00000212366	0	0	0
ENSG00000201620	0	0	0
ENSG00000206817	0	0	0
ENSG00000284247	0	0	0
ENSG00000200839	0	0	0
ENSG00000264963	0	0	0
ENSG00000264271	0	0	0
ENSG00000239504	0	0	0
ENSG00000284202	0	0	0
ENSG00000251720	0	0	0
ENSG00000274321	0	0	0
ENSG00000198974	1	0	1
ENSG00000212248	0	0	0
ENSG00000207962	0	0	0
ENSG00000276884	0	0	0
ENSG00000207234	2	0	2
ENSG00000202259	0	0	0
ENSG00000212459	2	2	0
ENSG00000278287	0	0	0
ENSG00000277565	0	0	0
ENSG00000263526	1	0	1
ENSG00000211575	0	0	0
ENSG00000275823	0	0	0
ENSG00000277689	0	0	0
ENSG00000274199	0	1	0
ENSG00000202254	0	0	0
ENSG00000244256	7	6	1
ENSG00000201491	0	0	0
ENSG00000199831	0	0	0
ENSG00000275455	0	0	0
ENSG00000252162	0	0	0
ENSG00000272051	0	0	0
ENSG00000283899	0	0	0
ENSG00000200800	0	0	0
ENSG00000207502	0	0	0
ENSG00000252530	0	0	0
ENSG00000200536	0	0	0
ENSG00000211543	0	0	0
ENSG00000252797	0	0	0
ENSG00000212266	0	0	0
ENSG00000222209	0	0	0
ENSG00000277141	0	0	0
ENSG00000215930	0	0	0
ENSG00000238761	0	0	0
ENSG00000201114	0	0	0
ENSG00000206679	0	0	0
ENSG00000264419	0	0	0
ENSG00000222069	0	0	0
ENSG00000274428	14	11	3
ENSG00000199879	16	11	5
ENSG00000274408	0	0	0
ENSG00000283676	0	0	0
ENSG00000252005	0	0	0
ENSG00000252510	0	0	0
ENSG00000207340	1	0	1
ENSG00000252830	0	0	0
ENSG00000274450	0	0	0
ENSG00000252135	0	0	0
ENSG00000278596	1	0	1
ENSG00000238825	9	7	2
ENSG00000201183	18	7	11
ENSG00000202408	0	2	0
ENSG00000252744	0	0	0
ENSG00000273768	3	0	3
ENSG00000242565	0	0	0
ENSG00000239984	0	0	0
ENSG00000283296	0	0	0
ENSG00000252717	0	0	0
ENSG00000194297	0	0	0
ENSG00000199565	0	0	0
ENSG00000277313	0	0	0
ENSG00000274940	0	0	0
ENSG00000207341	0	0	0
ENSG00000207472	0	0	0
ENSG00000206880	1	1	0
ENSG00000252552	0	0	0
ENSG00000199849	0	0	0
ENSG00000252407	0	0	0
ENSG00000212538	0	0	0
ENSG00000251813	0	0	0
ENSG00000207108	0	0	0
ENSG00000201312	0	0	0
ENSG00000207039	0	0	0
ENSG00000202491	0	0	0
ENSG00000201596	0	0	0
ENSG00000276839	0	0	0
ENSG00000207974	0	0	0
ENSG00000273629	0	0	0
ENSG00000201493	0	0	0
ENSG00000215952	0	0	0
ENSG00000200139	0	0	0
ENSG00000283575	1	1	0
ENSG00000238765	0	0	0
ENSG00000264916	0	0	0
ENSG00000212338	0	0	0
ENSG00000206659	0	0	0
ENSG00000253025	0	0	0
ENSG00000201619	0	0	0
ENSG00000201544	3	0	3
ENSG00000202498	0	0	0
ENSG00000221545	0	0	0
ENSG00000252906	3	1	2
ENSG00000206692	0	0	0
ENSG00000202329	0	0	0
ENSG00000242794	0	0	0
ENSG00000212144	0	0	0
ENSG00000283340	0	0	0
ENSG00000252860	1	1	0
ENSG00000252501	0	0	0
ENSG00000263390	0	0	0
ENSG00000207181	3	1	2
ENSG00000265744	0	0	0
ENSG00000264377	0	0	0
ENSG00000207149	0	0	0
ENSG00000283936	0	0	0
ENSG00000284485	0	0	0
ENSG00000201638	0	0	0
ENSG00000275213	0	0	0
ENSG00000239494	1	0	1
ENSG00000212230	0	0	0
ENSG00000252371	0	0	0
ENSG00000199442	0	0	0
ENSG00000200033	0	0	0
ENSG00000239690	0	0	0
ENSG00000202184	0	0	0
ENSG00000241395	0	0	0
ENSG00000200982	0	0	0
ENSG00000275207	1	0	1
ENSG00000202300	2	1	1
ENSG00000222407	0	0	0
ENSG00000222986	0	0	0
ENSG00000265435	0	0	0
ENSG00000272262	0	0	0
ENSG00000200495	0	0	0
ENSG00000202609	0	0	0
ENSG00000252553	0	0	0
ENSG00000206764	0	0	0
ENSG00000222240	0	0	0
ENSG00000212187	0	0	0
ENSG00000206637	2	1	1
ENSG00000253097	0	0	0
ENSG00000200036	0	0	0
ENSG00000201421	0	0	0
ENSG00000212610	0	0	0
ENSG00000252484	0	0	0
ENSG00000201944	3	0	3
ENSG00000200327	0	0	0
ENSG00000206905	0	0	0
ENSG00000200972	0	0	0
ENSG00000243051	0	0	0
ENSG00000252011	0	0	0
ENSG00000207326	0	0	0
ENSG00000212205	0	0	0
ENSG00000253042	0	0	0
ENSG00000274121	0	0	0
ENSG00000264358	1	1	0
ENSG00000206640	0	0	0
ENSG00000212527	0	0	0
ENSG00000252879	1	0	1
ENSG00000252612	0	0	0
ENSG00000202264	0	0	0
ENSG00000285609	0	0	0
ENSG00000206762	8	4	4
ENSG00000252084	0	0	0
ENSG00000200085	0	0	0
ENSG00000264500	0	0	0
ENSG00000202025	0	0	0
ENSG00000225545	0	0	0
ENSG00000206990	0	0	0
ENSG00000230175	1	1	0
ENSG00000225272	0	0	0
ENSG00000215838	1	1	1
ENSG00000273365	4	1	3
ENSG00000224358	16	12	4
ENSG00000230659	0	0	0
ENSG00000162545	2007	963	1044
ENSG00000090432	781	402	379
ENSG00000215520	0	0	0
ENSG00000183114	12	7	5
ENSG00000158825	97	42	55
ENSG00000158828	232	761	768
ENSG00000284005	0	0	0
ENSG00000117242	208	757	748
ENSG00000234473	4	1	3
ENSG00000238754	0	0	0
ENSG00000134371	619	296	323
ENSG00000221680	1	1	0
ENSG00000162630	28	15	13
ENSG00000276735	0	0	0
ENSG00000232077	3	1	2
ENSG00000229639	0	0	0
ENSG00000287453	0	0	0
ENSG00000270615	0	0	0
ENSG00000287283	0	0	0
ENSG00000240692	0	0	0
ENSG00000229359	0	0	0
ENSG00000237919	0	0	0
ENSG00000066557	236	117	119
ENSG00000244389	0	0	0
ENSG00000228988	1	0	1
ENSG00000118454	505	265	240
ENSG00000226088	3	1	2
ENSG00000116761	195	105	90
ENSG00000278636	2	0	2
ENSG00000271992	12	4	8
ENSG00000233020	0	0	0
ENSG00000237033	0	0	0
ENSG00000226208	0	0	0
ENSG00000007968	1243	601	642
ENSG00000235052	26	14	12
ENSG00000117318	4297	2176	2121
ENSG00000285802	8	4	4
ENSG00000229239	7	3	4
ENSG00000142676	51396	25185	26212
ENSG00000057757	1891	887	1004
ENSG00000011009	1739	860	881
ENSG00000117308	899	454	447
ENSG00000273844	0	0	0
ENSG00000235748	3	1	2
ENSG00000237861	2	1	1
ENSG00000221879	0	0	0
ENSG00000230260	0	0	0
ENSG00000199241	0	0	0
ENSG00000226919	0	0	0
ENSG00000223963	0	0	0
ENSG00000215802	0	0	0
ENSG00000233615	0	0	0
ENSG00000238085	0	0	0
ENSG00000265831	0	0	0
ENSG00000224348	0	0	0
ENSG00000286496	1	0	1
ENSG00000287516	0	0	0
ENSG00000287738	2	0	2
ENSG00000132703	0	0	0
ENSG00000276632	0	0	0
ENSG00000223603	0	0	0
ENSG00000132693	0	0	0
ENSG00000235226	0	0	0
ENSG00000158716	668	255	413
ENSG00000181036	29	16	13
ENSG00000158714	108	325	324
ENSG00000212161	0	0	0
ENSG00000243284	2	3	1
ENSG00000272668	123	64	68
ENSG00000213085	138	52	86
ENSG00000266458	0	0	0
ENSG00000287040	6	4	2
ENSG00000279430	40	18	22
ENSG00000162723	5	1	4
ENSG00000273933	0	0	0
ENSG00000256029	10	134	157
ENSG00000188004	0	0	0
ENSG00000266580	0	0	0
ENSG00000254545	0	1	0
ENSG00000203620	0	0	0
ENSG00000269967	15	5	10
ENSG00000228634	18	7	11
ENSG00000284702	0	0	0
ENSG00000221040	1	1	0
ENSG00000287217	10	9	1
ENSG00000163399	4471	8855	8879
ENSG00000212385	0	0	0
ENSG00000233154	4	2	2
ENSG00000230381	0	0	0
ENSG00000200547	0	0	0
ENSG00000224950	39	27	20
ENSG00000286276	3	4	7
ENSG00000177888	172	96	76
ENSG00000243364	344	158	186
ENSG00000251246	0	0	0
ENSG00000143590	108	55	53
ENSG00000202027	0	0	0
ENSG00000169242	2819	1361	1458
ENSG00000169241	1761	847	914
ENSG00000223452	3	0	3
ENSG00000163463	753	439	314
ENSG00000273088	0	0	0
ENSG00000284586	0	0	0
ENSG00000169231	470	425	446
ENSG00000236263	0	19	18
ENSG00000236675	11	7	4
ENSG00000177628	578	305	273
ENSG00000116521	1399	738	661
ENSG00000176444	2013	1018	995
ENSG00000143630	124	108	113
ENSG00000143627	17	59	55
ENSG00000253074	0	0	0
ENSG00000252116	0	0	0
ENSG00000228523	0	0	0
ENSG00000223263	8	3	5
ENSG00000207504	0	0	0
ENSG00000238139	0	0	0
ENSG00000197721	8	2	6
ENSG00000244703	1	0	1
ENSG00000226289	0	0	0
ENSG00000285239	2	0	2
ENSG00000234219	1	1	0
ENSG00000174059	1131	530	601
ENSG00000285719	1	0	1
ENSG00000284237	14	10	4
ENSG00000158731	0	0	0
ENSG00000201746	5	3	2
ENSG00000264881	0	0	0
ENSG00000199562	2	0	2
ENSG00000264501	0	0	0
ENSG00000284735	31	17	14
ENSG00000284642	48	29	19
ENSG00000142657	2309	1097	1212
ENSG00000271989	2	1	22
ENSG00000251503	2	2	1
ENSG00000175279	59	11	48
ENSG00000160049	1312	709	765
ENSG00000203469	0	49	54
ENSG00000236035	4	0	4
ENSG00000221643	1	1	0
ENSG00000122188	377	179	198
ENSG00000288644	0	0	0
ENSG00000227417	12	7	5
ENSG00000223505	7	2	5
ENSG00000182004	2354	1164	1190
ENSG00000236430	1	0	1
ENSG00000130768	243	187	189
ENSG00000227050	3	67	72
ENSG00000238231	15	6	9
ENSG00000240750	2	1	1
ENSG00000158156	242	128	117
ENSG00000182118	90	49	41
ENSG00000283799	0	0	0
ENSG00000227934	3	3	0
ENSG00000229595	0	0	0
ENSG00000143633	538	242	296
ENSG00000281912	42	28	18
ENSG00000288208	0	0	0
ENSG00000132773	456	250	294
ENSG00000070759	264	157	161
ENSG00000236872	0	0	0
ENSG00000280670	176	94	82
ENSG00000132763	344	2214	1455
ENSG00000221953	10	6	4
ENSG00000226164	0	0	0
ENSG00000224014	1	1	0
ENSG00000215795	10	7	3
ENSG00000259865	305	131	174
ENSG00000227671	1667	755	912
ENSG00000283881	0	0	0
ENSG00000252516	6	3	3
ENSG00000232347	0	0	0
ENSG00000214144	1	0	1
ENSG00000235818	0	0	0
ENSG00000197617	2	2	0
ENSG00000202079	5	3	2
ENSG00000286216	1	1	1
ENSG00000203664	0	0	0
ENSG00000169224	35	23	12
ENSG00000236817	1	0	1
ENSG00000177489	0	0	0
ENSG00000177476	0	0	0
ENSG00000283369	0	0	0
ENSG00000230411	0	0	0
ENSG00000251977	0	0	0
ENSG00000252254	1	1	0
ENSG00000227854	0	0	0
ENSG00000287589	0	0	0
ENSG00000259776	0	0	0
ENSG00000233355	508	252	273
ENSG00000234601	1	1	0
ENSG00000231979	0	1	0
ENSG00000215805	0	0	0
ENSG00000287102	0	0	0
ENSG00000217327	0	0	0
ENSG00000228818	2	2	0
ENSG00000202041	0	0	0
ENSG00000223694	0	0	0
ENSG00000233735	0	0	0
ENSG00000133019	60	45	33
ENSG00000162636	735	368	367
ENSG00000162639	402	201	203
ENSG00000285923	5	4	3
ENSG00000134186	2924	1448	1476
ENSG00000143107	8	5	3
ENSG00000232971	0	0	0
ENSG00000116266	546	280	266
ENSG00000228076	0	0	0
ENSG00000203897	0	0	0
ENSG00000237349	3	0	3
ENSG00000244716	51	25	26
ENSG00000228665	2	0	2
ENSG00000228054	0	0	0
ENSG00000273382	37	18	44
ENSG00000215717	1270	630	665
ENSG00000278249	0	0	0
ENSG00000270066	0	0	0
ENSG00000251484	0	0	0
ENSG00000132676	3477	1710	1813
ENSG00000227673	2	1	1
ENSG00000203761	97	63	66
ENSG00000234937	3	3	0
ENSG00000132718	969	460	509
ENSG00000283442	4	3	1
ENSG00000143622	952	483	469
ENSG00000132680	1568	828	740
ENSG00000207475	4	2	2
ENSG00000280466	0	0	0
ENSG00000281394	0	0	0
ENSG00000277817	1	0	1
ENSG00000273002	63	27	36
ENSG00000224276	6	2	4
ENSG00000285677	5	577	849
ENSG00000163479	5306	3315	3406
ENSG00000160803	947	554	393
ENSG00000132698	1621	826	795
ENSG00000252236	9	6	3
ENSG00000260238	0	0	0
ENSG00000242252	15	7	8
ENSG00000198952	2636	1271	1365
ENSG00000163472	202	334	276
ENSG00000163468	6455	3126	3330
ENSG00000132677	1	1	0
ENSG00000237390	1	1	0
ENSG00000207933	0	0	0
ENSG00000254726	60	30	30
ENSG00000186377	47	16	31
ENSG00000186160	5	3	2
ENSG00000225154	0	0	0
ENSG00000225506	3	2	1
ENSG00000225514	0	0	0
ENSG00000224805	10	6	5
ENSG00000162366	578	285	293
ENSG00000226252	6	9	3
ENSG00000225762	30	18	13
ENSG00000186790	8	2	6
ENSG00000237424	309	148	161
ENSG00000189030	2	0	2
ENSG00000162763	0	0	0
ENSG00000143061	170	83	87
ENSG00000135821	11107	5474	5633
ENSG00000203740	0	0	0
ENSG00000162374	42	20	22
ENSG00000168275	489	272	325
ENSG00000241563	12	6	6
ENSG00000153207	1026	497	529
ENSG00000156869	289	84	205
ENSG00000033122	48	29	19
ENSG00000143278	0	0	0
ENSG00000116678	79	45	34
ENSG00000159352	3734	1689	2045
ENSG00000158710	13419	6941	6478
ENSG00000162734	3520	1775	1844
ENSG00000049239	3602	1810	1792
ENSG00000186564	223	105	118
ENSG00000244038	4622	2371	2251
ENSG00000158747	6496	2961	3535
ENSG00000116690	27	350	127
ENSG00000126091	110	43	70
ENSG00000162383	24	12	16
ENSG00000171163	1443	682	761
ENSG00000172456	303	124	182
ENSG00000162946	150	79	72
ENSG00000158786	0	0	0
ENSG00000118733	10	1	9
ENSG00000157870	844	656	611
ENSG00000179085	832	444	388
ENSG00000173080	89	32	57
ENSG00000183347	3	0	3
ENSG00000276470	0	0	0
ENSG00000278852	0	0	0
ENSG00000275915	0	0	0
ENSG00000120937	0	0	0
ENSG00000224904	0	0	0
ENSG00000285646	77	35	42
ENSG00000199347	0	0	0
ENSG00000201801	19	16	3
ENSG00000116685	1779	858	921
ENSG00000083444	1375	724	651
ENSG00000287384	0	0	0
ENSG00000270914	0	0	0
ENSG00000116691	1134	570	564
ENSG00000202461	3	3	0
ENSG00000276869	0	0	0
ENSG00000243539	0	0	0
ENSG00000120949	78	32	46
ENSG00000201135	0	0	0
ENSG00000227875	0	0	0
ENSG00000285604	1	1	0
ENSG00000283789	0	0	0
ENSG00000263676	1	1	0
ENSG00000200591	8	7	1
ENSG00000162521	2494	2472	2333
ENSG00000162520	15	1131	1195
ENSG00000224409	0	0	0
ENSG00000162522	2888	1449	1439
ENSG00000116497	1462	756	724
ENSG00000160097	43	23	20
ENSG00000121905	23	530	395
ENSG00000121900	2091	1467	1526
ENSG00000287691	23	9	18
ENSG00000278966	9	7	2
ENSG00000143222	2710	1643	1484
ENSG00000224985	20	97	340
ENSG00000143224	615	317	381
ENSG00000158850	1525	826	780
ENSG00000158859	1135	534	601
ENSG00000158869	1030	510	520
ENSG00000158874	4	2	2
ENSG00000158882	269	232	270
ENSG00000284035	0	0	0
ENSG00000143257	16	143	106
ENSG00000248485	20	13	7
ENSG00000188931	62	30	35
ENSG00000236484	0	0	0
ENSG00000283696	23	12	11
ENSG00000288093	27	11	16
ENSG00000206921	0	0	0
ENSG00000215840	5	3	2
ENSG00000277882	0	0	0
ENSG00000283317	8	4	4
ENSG00000277762	0	0	0
ENSG00000227139	0	0	0
ENSG00000265107	147	104	88
ENSG00000274415	0	19	26
ENSG00000234190	0	0	0
ENSG00000223728	0	0	0
ENSG00000121634	0	0	0
ENSG00000188092	160	67	93
ENSG00000215859	15	11	11
ENSG00000273059	0	3	4
ENSG00000274372	10	1	9
ENSG00000206791	0	0	0
ENSG00000206585	8	2	6
ENSG00000229828	1	0	1
ENSG00000225080	4	2	2
ENSG00000198658	4	1	3
ENSG00000238382	0	0	0
ENSG00000225919	0	0	0
ENSG00000236497	0	0	0
ENSG00000207190	0	0	0
ENSG00000200508	1	1	0
ENSG00000284928	0	0	0
ENSG00000223949	3	1	2
ENSG00000116688	1948	977	971
ENSG00000188800	1	0	1
ENSG00000084073	819	404	415
ENSG00000231296	0	0	0
ENSG00000049089	858	409	449
ENSG00000227311	1	1	0
ENSG00000213172	0	0	0
ENSG00000284677	2	1	1
ENSG00000187801	29	12	17
ENSG00000260920	48	25	23
ENSG00000158887	559	289	270
ENSG00000255054	0	0	0
ENSG00000228172	16	218	275
ENSG00000117640	1082	673	679
ENSG00000272478	0	0	0
ENSG00000127423	74	41	47
ENSG00000182749	277	167	162
ENSG00000207302	0	0	0
ENSG00000117632	7908	3771	4137
ENSG00000229786	3	2	1
ENSG00000223624	1	0	1
ENSG00000283938	0	0	0
ENSG00000199385	0	0	0
ENSG00000187147	1688	1021	1098
ENSG00000263381	0	0	0
ENSG00000126106	187	282	336
ENSG00000198520	698	356	342
ENSG00000199377	26	20	6
ENSG00000200169	36	30	6
ENSG00000142945	1174	648	634
ENSG00000142937	61756	33510	32874
ENSG00000264294	0	0	0
ENSG00000200913	19	6	13
ENSG00000202031	5	2	3
ENSG00000207421	0	0	0
ENSG00000281859	0	0	0
ENSG00000234093	30	23	7
ENSG00000142959	118	62	56
ENSG00000173846	1614	890	825
ENSG00000117425	192	108	84
ENSG00000202444	0	0	0
ENSG00000226499	7	4	3
ENSG00000070785	731	376	355
ENSG00000253039	0	0	0
ENSG00000229815	1	1	0
ENSG00000232369	0	0	0
ENSG00000268949	0	0	0
ENSG00000126107	1360	684	699
ENSG00000126088	1468	740	751
ENSG00000234315	3	0	3
ENSG00000162408	1644	825	819
ENSG00000229519	4	2	2
ENSG00000173662	20	11	9
ENSG00000204859	1241	614	627
ENSG00000288629	0	0	0
ENSG00000230735	0	2	0
ENSG00000171488	408	217	191
ENSG00000226394	0	0	0
ENSG00000237200	4	0	4
ENSG00000070886	0	0	0
ENSG00000276835	0	0	0
ENSG00000265422	1	0	1
ENSG00000223776	8	7	7
ENSG00000273058	47	26	21
ENSG00000230325	3	4	8
ENSG00000119285	610	727	747
ENSG00000226498	0	0	0
ENSG00000237991	3	2	1
ENSG00000244020	0	0	0
ENSG00000288099	0	0	0
ENSG00000225886	6	3	3
ENSG00000206767	0	0	0
ENSG00000226662	0	0	0
ENSG00000207095	0	0	0
ENSG00000287244	4	2	2
ENSG00000231344	3	2	1
ENSG00000230833	1	1	0
ENSG00000117758	1174	602	572
ENSG00000269971	4	0	4
ENSG00000270031	5	1	4
ENSG00000223062	0	0	0
ENSG00000286433	0	10	27
ENSG00000117751	1066	548	555
ENSG00000252947	0	0	0
ENSG00000130775	2526	1204	1322
ENSG00000117748	1925	933	992
ENSG00000223643	0	0	0
ENSG00000230239	0	0	0
ENSG00000263811	0	0	0
ENSG00000277234	0	0	0
ENSG00000235241	0	48	91
ENSG00000207005	2	1	1
ENSG00000272426	24	18	6
ENSG00000117122	91	73	41
ENSG00000286898	0	6	17
ENSG00000226526	0	13	9
ENSG00000159363	905	487	435
ENSG00000117118	2484	1150	1334
ENSG00000117115	2084	1069	1015
ENSG00000204362	0	0	0
ENSG00000282843	0	0	0
ENSG00000142623	11	7	4
ENSG00000142619	6	4	2
ENSG00000266634	0	0	0
ENSG00000199459	0	0	0
ENSG00000273264	3	1	2
ENSG00000282057	4	2	2
ENSG00000272691	1	0	1
ENSG00000199934	2	1	1
ENSG00000230285	0	0	0
ENSG00000142871	10462	5090	5372
ENSG00000226643	0	0	0
ENSG00000234419	0	0	0
ENSG00000276997	1	0	1
ENSG00000222399	0	0	0
ENSG00000267305	0	0	0
ENSG00000143512	8	6	2
ENSG00000143498	134	58	79
ENSG00000225265	43	21	25
ENSG00000154305	1133	690	643
ENSG00000229399	1	1	0
ENSG00000272750	50	115	135
ENSG00000186063	217	100	121
ENSG00000162819	898	437	465
ENSG00000287684	37	32	36
ENSG00000234523	0	0	0
ENSG00000287338	2	0	2
ENSG00000187554	116	68	48
ENSG00000236846	1	1	0
ENSG00000226601	0	0	0
ENSG00000164010	263	166	235
ENSG00000164011	258	123	135
ENSG00000233708	0	0	0
ENSG00000237090	0	0	0
ENSG00000225099	3	1	2
ENSG00000284138	1	0	1
ENSG00000283973	2	4	3
ENSG00000207256	0	0	0
ENSG00000283136	1	1	0
ENSG00000277513	0	0	0
ENSG00000154309	370	187	183
ENSG00000226967	0	0	0
ENSG00000231407	5	5	2
ENSG00000229570	0	0	0
ENSG00000203857	0	0	0
ENSG00000226443	0	0	0
ENSG00000249798	0	0	0
ENSG00000239873	0	0	0
ENSG00000203855	0	0	0
ENSG00000240244	0	0	0
ENSG00000260941	4	2	2
ENSG00000198857	0	0	0
ENSG00000143067	72	40	32
ENSG00000134240	13341	6595	6746
ENSG00000134193	152	70	82
ENSG00000215864	3	1	2
ENSG00000227205	0	0	0
ENSG00000226446	0	0	0
ENSG00000134249	0	0	0
ENSG00000092621	865	450	415
ENSG00000027644	5	5	0
ENSG00000241992	0	0	0
ENSG00000234226	0	0	0
ENSG00000137970	434	52	382
ENSG00000223229	0	0	0
ENSG00000285698	0	0	0
ENSG00000228035	1	1	0
ENSG00000287103	0	0	0
ENSG00000226973	0	0	0
ENSG00000274468	0	0	0
ENSG00000130764	1436	766	752
ENSG00000266075	5	5	1
ENSG00000272153	20	49	52
ENSG00000230026	1	0	1
ENSG00000285177	0	0	0
ENSG00000284770	46	89	60
ENSG00000229795	1	1	0
ENSG00000238236	0	0	0
ENSG00000235638	0	0	0
ENSG00000231199	0	0	0
ENSG00000226663	0	0	0
ENSG00000231582	0	0	0
ENSG00000232714	0	0	0
ENSG00000235761	0	0	0
ENSG00000270710	0	0	0
ENSG00000227236	0	0	0
ENSG00000198837	2849	1527	1417
ENSG00000160741	3510	1805	1705
ENSG00000276584	1	1	0
ENSG00000282386	37	15	22
ENSG00000273026	30	12	18
ENSG00000143578	522	322	313
ENSG00000143543	859	219	718
ENSG00000285641	0	6	5
ENSG00000143545	597	252	345
ENSG00000177954	57388	29763	27625
ENSG00000231416	36	30	6
ENSG00000200220	0	0	0
ENSG00000231837	0	0	0
ENSG00000263987	0	0	0
ENSG00000162642	780	370	410
ENSG00000223254	30	10	20
ENSG00000223653	20	15	27
ENSG00000116198	880	433	448
ENSG00000169598	313	142	172
ENSG00000226653	0	0	0
ENSG00000207209	0	0	0
ENSG00000272443	1	1	0
ENSG00000272480	0	0	0
ENSG00000288626	0	0	0
ENSG00000162836	398	193	205
ENSG00000207080	0	0	0
ENSG00000231791	0	0	0
ENSG00000244568	0	0	0
ENSG00000271387	2	0	2
ENSG00000116667	1505	709	796
ENSG00000230470	3	2	1
ENSG00000232036	2	0	2
ENSG00000285847	5	2	3
ENSG00000286378	4	2	2
ENSG00000215381	0	0	0
ENSG00000261326	188	94	94
ENSG00000284726	9	5	4
ENSG00000125945	244	111	140
ENSG00000201405	0	0	0
ENSG00000271420	36	13	23
ENSG00000204219	2662	1287	1375
ENSG00000232482	0	0	0
ENSG00000285779	0	0	0
ENSG00000162885	575	535	524
ENSG00000270780	0	0	0
ENSG00000232895	0	0	0
ENSG00000273698	0	0	0
ENSG00000273112	0	0	0
ENSG00000173110	2252	1010	1242
ENSG00000224203	0	0	1
ENSG00000224515	1	0	1
ENSG00000225217	842	408	434
ENSG00000231586	2	1	1
ENSG00000234211	0	27	27
ENSG00000213075	2	2	0
ENSG00000143125	2	3	0
ENSG00000270380	0	0	1
ENSG00000282887	0	0	0
ENSG00000283999	0	0	0
ENSG00000240194	0	0	0
ENSG00000235407	1	0	1
ENSG00000143105	0	0	0
ENSG00000199710	0	0	0
ENSG00000237415	0	0	0
ENSG00000232791	0	0	0
ENSG00000177301	53	25	28
ENSG00000226828	2	1	1
ENSG00000279774	0	0	0
ENSG00000229960	0	0	0
ENSG00000286486	1	0	1
ENSG00000244066	0	0	0
ENSG00000237759	0	0	0
ENSG00000287531	0	0	0
ENSG00000225855	308	1432	1175
ENSG00000283701	0	0	0
ENSG00000207134	2	2	0
ENSG00000227773	3	2	1
ENSG00000207144	3	3	0
ENSG00000237872	4	1	3
ENSG00000271267	10	1	9
ENSG00000225082	3	3	0
ENSG00000223503	1	1	0
ENSG00000232519	1	0	1
ENSG00000160752	1439	1837	1872
ENSG00000121957	319	663	591
ENSG00000235089	0	0	0
ENSG00000285179	0	0	0
ENSG00000223026	0	0	0
ENSG00000225721	17	65	4691
ENSG00000188396	31	112	20
ENSG00000202167	0	0	0
ENSG00000207349	0	0	0
ENSG00000252826	0	0	0
ENSG00000206737	2	0	2
ENSG00000223779	0	0	0
ENSG00000242352	0	0	0
ENSG00000270962	0	0	0
ENSG00000263590	0	0	0
ENSG00000252105	0	0	0
ENSG00000233430	0	0	0
ENSG00000237503	0	0	0
ENSG00000265531	1	1	0
ENSG00000234571	0	0	0
ENSG00000230186	0	0	0
ENSG00000268074	0	0	0
ENSG00000270872	0	0	0
ENSG00000276674	0	0	0
ENSG00000082482	26	8	18
ENSG00000116747	338	245	286
ENSG00000118729	108	53	55
ENSG00000134207	3	0	3
ENSG00000163467	16	9	8
ENSG00000243710	4	1	7
ENSG00000117395	1478	695	788
ENSG00000116874	458	239	257
ENSG00000065600	330	156	174
ENSG00000009780	440	216	224
ENSG00000023572	576	346	418
ENSG00000077254	1143	569	574
ENSG00000134644	1567	818	749
ENSG00000215788	1412	846	736
ENSG00000117834	47	26	33
ENSG00000117625	1112	550	562
ENSG00000179902	3	1	2
ENSG00000020633	2482	1255	1227
ENSG00000121766	937	552	518
ENSG00000143157	971	492	479
ENSG00000162614	361	163	201
ENSG00000160781	206	117	89
ENSG00000143344	734	385	349
ENSG00000162613	2818	1433	1386
ENSG00000116882	1	0	1
ENSG00000198758	2714	1415	1299
ENSG00000117569	597	314	283
ENSG00000142856	693	365	400
ENSG00000158022	28	16	12
ENSG00000116396	458	241	217
ENSG00000058668	1317	648	669
ENSG00000163875	1198	554	644
ENSG00000282872	1	1	0
ENSG00000131238	2828	1378	1451
ENSG00000171680	678	364	314
ENSG00000244457	0	0	0
ENSG00000116977	889	958	859
ENSG00000229372	0	70	92
ENSG00000274975	0	0	0
ENSG00000229348	13	5	8
ENSG00000242485	1947	1145	1234
ENSG00000264293	0	0	0
ENSG00000272455	69	37	32
ENSG00000225905	4	5	1
ENSG00000225285	21	12	9
ENSG00000179403	1211	620	592
ENSG00000215915	72	34	38
ENSG00000236085	0	0	0
ENSG00000234441	0	0	0
ENSG00000227408	0	0	0
ENSG00000223635	0	0	0
ENSG00000135776	392	187	205
ENSG00000199672	1	1	0
ENSG00000201492	2	1	1
ENSG00000229367	8	1	7
ENSG00000135763	266	126	140
ENSG00000213028	0	0	0
ENSG00000225984	0	0	0
ENSG00000178828	329	255	244
ENSG00000235434	3	70	103
ENSG00000169914	473	230	243
ENSG00000188784	0	0	0
ENSG00000242688	0	0	0
ENSG00000177186	0	0	0
ENSG00000177174	0	0	0
ENSG00000269956	6	67	68
ENSG00000162456	1	0	1
ENSG00000079277	1108	612	625
ENSG00000117407	25	15	10
ENSG00000237950	50	23	27
ENSG00000117408	738	371	367
ENSG00000285649	2	27	26
ENSG00000117410	3301	1678	1626
ENSG00000159214	341	172	193
ENSG00000196517	149	82	92
ENSG00000227163	0	0	0
ENSG00000271647	0	0	3
ENSG00000239560	0	0	0
ENSG00000196539	0	0	0
ENSG00000229255	2	2	0
ENSG00000203661	0	0	0
ENSG00000271934	0	0	0
ENSG00000224521	0	1	0
ENSG00000227102	0	0	0
ENSG00000183310	0	0	0
ENSG00000201602	0	0	0
ENSG00000271701	0	0	0
ENSG00000189181	0	0	0
ENSG00000187238	0	0	0
ENSG00000185962	0	0	0
ENSG00000226947	0	0	0
ENSG00000285753	0	0	0
ENSG00000187223	0	0	0
ENSG00000159455	0	0	0
ENSG00000187173	5	5	0
ENSG00000204501	0	0	0
ENSG00000228229	0	0	0
ENSG00000204481	0	0	0
ENSG00000204479	0	0	0
ENSG00000172031	5	4	1
ENSG00000233228	0	0	0
ENSG00000224678	1	1	0
ENSG00000233401	0	0	0
ENSG00000273487	7	5	2
ENSG00000226773	0	0	0
ENSG00000274481	0	0	0
ENSG00000228594	76	42	35
ENSG00000286989	16	7	9
ENSG00000272106	215	123	120
ENSG00000189409	29	22	7
ENSG00000272004	0	90	94
ENSG00000189339	1152	663	673
ENSG00000269737	54	27	27
ENSG00000215914	1	0	1
ENSG00000008128	219	124	95
ENSG00000268575	53	54	44
ENSG00000227775	97	73	73
ENSG00000008130	2304	1155	1150
ENSG00000078369	8516	4086	4430
ENSG00000178821	66	32	34
ENSG00000158477	79	38	41
ENSG00000230942	1	1	0
ENSG00000158481	1334	627	707
ENSG00000158485	8	5	3
ENSG00000158488	62	28	34
ENSG00000186306	0	0	0
ENSG00000203758	0	0	0
ENSG00000236257	2	1	1
ENSG00000236656	0	0	0
ENSG00000198703	0	0	0
ENSG00000227445	0	0	0
ENSG00000231434	2	1	1
ENSG00000117505	1664	831	851
ENSG00000229635	1	0	1
ENSG00000207379	0	0	0
ENSG00000212601	0	0	0
ENSG00000162889	4575	2248	2327
ENSG00000224114	34	8	26
ENSG00000199349	2	0	2
ENSG00000162892	87	358	292
ENSG00000162894	1898	1246	1215
ENSG00000271680	14	5	9
ENSG00000226945	4	2	2
ENSG00000162896	87015	43542	43473
ENSG00000162897	1069	531	538
ENSG00000182795	202	106	96
ENSG00000198890	338	171	167
ENSG00000224550	4	1	3
ENSG00000142669	3752	2809	2694
ENSG00000169442	4286	3739	2990
ENSG00000225854	4	1	3
ENSG00000176083	7	6	1
ENSG00000229167	34	15	21
ENSG00000142910	3092	1614	1480
ENSG00000162517	1560	829	850
ENSG00000235790	37	78	84
ENSG00000264078	3	3	0
ENSG00000241745	0	0	0
ENSG00000