N_unmapped	1033676	1033676	1033676
N_multimapping	3695276	3695276	3695276
N_noFeature	4556140	17049376	16645647
N_ambiguous	2102803	649288	599685
ENSG00000160072	1172	610	562
ENSG00000234396	1	0	2
ENSG00000225972	10	3	7
ENSG00000224315	0	0	0
ENSG00000198744	14	6	8
ENSG00000279928	0	0	0
ENSG00000228037	15	6	9
ENSG00000142611	36	19	17
ENSG00000225630	1230	641	589
ENSG00000284616	0	0	0
ENSG00000157911	145	370	367
ENSG00000269896	15	5	10
ENSG00000237973	178	98	108
ENSG00000228463	4	3	1
ENSG00000260972	0	0	0
ENSG00000157933	1281	663	618
ENSG00000224340	2	0	2
ENSG00000226545	1	1	0
ENSG00000268663	0	0	0
ENSG00000226374	0	0	0
ENSG00000229280	0	0	0
ENSG00000142655	320	174	189
ENSG00000232596	0	0	0
ENSG00000235054	1	0	1
ENSG00000232663	0	0	0
ENSG00000240409	0	0	0
ENSG00000229344	17	16	3
ENSG00000231510	0	0	0
ENSG00000149527	182	87	96
ENSG00000284739	0	0	0
ENSG00000171621	843	405	438
ENSG00000272235	1	0	1
ENSG00000284694	0	0	0
ENSG00000230021	5	8	14
ENSG00000287356	9	6	4
ENSG00000224387	3	1	3
ENSG00000285629	0	0	0
ENSG00000173673	0	0	0
ENSG00000142583	401	207	194
ENSG00000284674	0	0	0
ENSG00000272161	0	0	0
ENSG00000237094	20	8	12
ENSG00000224338	0	0	0
ENSG00000074800	8318	4182	4143
ENSG00000116786	1473	747	849
ENSG00000287727	20	13	7
ENSG00000228423	1	1	0
ENSG00000286448	4	2	2
ENSG00000131686	0	0	0
ENSG00000229305	0	0	0
ENSG00000284703	0	0	0
ENSG00000226457	0	0	0
ENSG00000173614	162	78	84
ENSG00000248527	6334	2817	3517
ENSG00000215720	0	0	0
ENSG00000241326	0	0	0
ENSG00000233623	5	4	1
ENSG00000162592	1	18	19
ENSG00000116254	35	13	22
ENSG00000233645	0	0	0
ENSG00000204624	9	4	5
ENSG00000142606	3	55	71
ENSG00000235146	0	0	0
ENSG00000225931	7	4	3
ENSG00000171729	124	52	74
ENSG00000279457	61	28	33
ENSG00000162571	2	2	0
ENSG00000229393	0	0	0
ENSG00000037637	651	326	325
ENSG00000287586	2	1	1
ENSG00000159423	170	82	88
ENSG00000142599	3368	1508	1860
ENSG00000227169	0	0	0
ENSG00000283356	0	0	0
ENSG00000011021	680	354	355
ENSG00000142615	3	1	2
ENSG00000215704	14	10	8
ENSG00000157916	2299	1438	1453
ENSG00000157881	702	357	345
ENSG00000238290	2	1	1
ENSG00000225387	0	0	0
ENSG00000048707	1315	654	661
ENSG00000158748	7	3	4
ENSG00000225196	0	0	0
ENSG00000162444	49	19	30
ENSG00000279625	0	0	0
ENSG00000180758	229	97	132
ENSG00000184677	2518	1261	1257
ENSG00000230679	1	3	5
ENSG00000270136	0	0	0
ENSG00000288398	105	52	53
ENSG00000224621	0	0	0
ENSG00000285833	0	0	0
ENSG00000131697	648	316	340
ENSG00000284692	0	0	0
ENSG00000284745	0	0	0
ENSG00000280222	1	1	0
ENSG00000227634	1	0	1
ENSG00000285945	0	0	0
ENSG00000229162	17	13	4
ENSG00000197921	8	4	4
ENSG00000233755	1	1	5
ENSG00000233929	4	0	4
ENSG00000271742	1	0	1
ENSG00000226396	65	28	37
ENSG00000169504	5219	2627	2592
ENSG00000234166	0	19	17
ENSG00000235282	1	1	0
ENSG00000055070	1240	855	849
ENSG00000175087	506	251	255
ENSG00000157191	1262	659	605
ENSG00000284699	0	0	0
ENSG00000230035	1	1	0
ENSG00000235185	0	0	0
ENSG00000225643	22	7	15
ENSG00000284666	0	0	0
ENSG00000228943	0	0	0
ENSG00000234397	0	0	0
ENSG00000284309	0	0	0
ENSG00000162511	4398	3629	3662
ENSG00000158014	1	1	0
ENSG00000204138	871	423	448
ENSG00000233419	0	0	0
ENSG00000235263	0	0	0
ENSG00000228176	0	0	0
ENSG00000231251	0	0	0
ENSG00000142675	865	426	439
ENSG00000197245	83	33	50
ENSG00000261025	0	0	0
ENSG00000116237	1409	756	721
ENSG00000130772	220	115	105
ENSG00000215899	0	0	0
ENSG00000271398	6	2	4
ENSG00000225011	0	0	0
ENSG00000235069	0	0	0
ENSG00000284676	0	0	0
ENSG00000237058	1	0	1
ENSG00000233399	0	0	0
ENSG00000090020	601	314	287
ENSG00000157978	1086	558	528
ENSG00000226944	3	2	3
ENSG00000270282	1	1	0
ENSG00000130770	1071	851	820
ENSG00000229044	1	57	49
ENSG00000162512	555	281	274
ENSG00000158006	249	125	124
ENSG00000214812	0	0	0
ENSG00000126698	1286	600	686
ENSG00000229447	32	11	21
ENSG00000229607	0	0	0
ENSG00000130766	400	212	188
ENSG00000168528	170	91	79
ENSG00000196581	155	63	92
ENSG00000169403	496	249	247
ENSG00000084628	3	1	2
ENSG00000060688	553	285	268
ENSG00000171612	115	53	62
ENSG00000270927	0	0	0
ENSG00000188910	3	2	1
ENSG00000230523	0	0	0
ENSG00000116138	740	378	396
ENSG00000158161	743	346	398
ENSG00000142684	0	226	254
ENSG00000234619	1	0	1
ENSG00000121769	42	24	18
ENSG00000142627	261	140	121
ENSG00000284668	0	0	0
ENSG00000233234	0	0	0
ENSG00000142632	285	169	152
ENSG00000234593	1	0	1
ENSG00000158292	108	60	48
ENSG00000270605	190	101	93
ENSG00000189337	136	82	100
ENSG00000232912	30	11	19
ENSG00000235084	3	0	3
ENSG00000235143	0	0	0
ENSG00000225478	0	0	0
ENSG00000225077	7	15	33
ENSG00000028137	2130	1066	1064
ENSG00000238249	0	0	0
ENSG00000204464	1	0	1
ENSG00000233372	0	0	0
ENSG00000283259	0	0	0
ENSG00000284543	4	1	3
ENSG00000130939	1259	607	652
ENSG00000175147	6	30	24
ENSG00000127472	13	8	5
ENSG00000060656	206	105	101
ENSG00000163867	651	322	329
ENSG00000232768	1	1	0
ENSG00000230214	0	0	0
ENSG00000189280	1	0	1
ENSG00000134698	782	395	387
ENSG00000134690	225	106	119
ENSG00000272420	11	5	6
ENSG00000132881	61	37	24
ENSG00000273274	2	2	0
ENSG00000116251	938	449	506
ENSG00000272510	1	7	13
ENSG00000158286	293	177	163
ENSG00000236648	0	0	0
ENSG00000232273	7	4	3
ENSG00000009709	0	0	0
ENSG00000287396	0	0	0
ENSG00000223589	0	0	0
ENSG00000158008	4	2	2
ENSG00000130940	41	32	31
ENSG00000116771	83	49	49
ENSG00000237301	8	5	3
ENSG00000162585	628	383	362
ENSG00000163879	54	36	30
ENSG00000227527	3	2	1
ENSG00000116954	250	120	130
ENSG00000228589	74	69	5
ENSG00000163873	41	20	21
ENSG00000117215	10	4	6
ENSG00000196449	283	156	193
ENSG00000230163	0	33	25
ENSG00000227538	0	0	0
ENSG00000232208	0	0	0
ENSG00000236500	0	0	0
ENSG00000044012	0	0	0
ENSG00000179051	1896	1143	1107
ENSG00000215895	4	4	0
ENSG00000231868	0	0	0
ENSG00000284650	0	0	0
ENSG00000237329	0	0	0
ENSG00000236948	0	0	0
ENSG00000126067	1733	854	879
ENSG00000274944	0	0	0
ENSG00000132906	290	140	154
ENSG00000197312	1248	632	616
ENSG00000284748	0	0	0
ENSG00000272078	9	19	12
ENSG00000173660	2008	1004	1004
ENSG00000224592	1	0	1
ENSG00000233728	0	47	30
ENSG00000230451	0	0	0
ENSG00000231606	1	0	1
ENSG00000215900	0	0	0
ENSG00000284632	1	1	0
ENSG00000241014	13	2	11
ENSG00000054118	2790	1353	1437
ENSG00000254553	0	0	0
ENSG00000284653	1	0	1
ENSG00000237749	0	0	0
ENSG00000276747	0	0	0
ENSG00000284705	0	0	0
ENSG00000228776	0	0	0
ENSG00000159339	236	117	119
ENSG00000223814	0	0	0
ENSG00000197982	491	251	306
ENSG00000261781	0	0	0
ENSG00000183317	18	8	10
ENSG00000183386	327	153	174
ENSG00000284743	0	0	0
ENSG00000158315	28	21	17
ENSG00000204084	959	561	579
ENSG00000186973	0	0	0
ENSG00000271806	10	9	11
ENSG00000146463	1143	597	610
ENSG00000279214	2	2	0
ENSG00000183520	590	283	307
ENSG00000271741	0	0	0
ENSG00000214141	0	0	0
ENSG00000142686	287	144	143
ENSG00000224751	5	4	1
ENSG00000279096	0	0	0
ENSG00000117148	0	0	0
ENSG00000230585	3	3	1
ENSG00000117000	660	331	329
ENSG00000284989	0	0	0
ENSG00000231630	0	0	0
ENSG00000092853	294	156	160
ENSG00000255811	0	0	0
ENSG00000134697	1240	594	658
ENSG00000187513	329	149	180
ENSG00000238145	0	0	0
ENSG00000225142	0	0	0
ENSG00000230138	8	5	3
ENSG00000223390	4	33	55
ENSG00000285823	5	9	1
ENSG00000284720	0	0	0
ENSG00000225028	2	2	0
ENSG00000225671	0	0	0
ENSG00000116151	133	75	59
ENSG00000226147	0	0	0
ENSG00000182873	41	17	27
ENSG00000006555	193	92	101
ENSG00000236111	0	0	0
ENSG00000066056	1145	550	595
ENSG00000214114	257	113	144
ENSG00000173436	177	51	132
ENSG00000116544	33	16	17
ENSG00000231900	0	0	0
ENSG00000236723	3	105	100
ENSG00000232467	0	0	0
ENSG00000117016	84	37	47
ENSG00000121310	802	410	392
ENSG00000169213	138	62	76
ENSG00000163866	625	319	364
ENSG00000225779	2	1	1
ENSG00000284601	0	0	0
ENSG00000237130	0	0	0
ENSG00000143001	0	1	0
ENSG00000229716	0	0	0
ENSG00000226133	0	0	0
ENSG00000227416	1	1	0
ENSG00000232335	0	11	11
ENSG00000260971	10	7	4
ENSG00000259832	0	0	0
ENSG00000284696	0	0	0
ENSG00000238242	0	0	0
ENSG00000285839	0	0	0
ENSG00000237290	0	0	0
ENSG00000232762	2	1	1
ENSG00000117419	444	227	217
ENSG00000162384	582	297	331
ENSG00000162391	0	3	1
ENSG00000174348	290	203	219
ENSG00000154198	0	0	0
ENSG00000117859	2139	1097	1059
ENSG00000228121	1	0	1
ENSG00000253313	3	2	1
ENSG00000162396	60	26	34
ENSG00000203995	76	43	43
ENSG00000227742	1	0	1
ENSG00000284686	10	6	4
ENSG00000162378	819	390	429
ENSG00000233079	0	0	0
ENSG00000259818	3	0	3
ENSG00000229444	0	0	0
ENSG00000240563	29	15	14
ENSG00000234318	1	1	0
ENSG00000284773	29	15	14
ENSG00000234481	0	0	0
ENSG00000117862	98	65	33
ENSG00000235612	1	1	1
ENSG00000228369	4	3	1
ENSG00000183431	1025	502	523
ENSG00000227485	0	0	0
ENSG00000224609	18	14	9
ENSG00000235545	0	0	0
ENSG00000236646	1	1	0
ENSG00000169174	29	16	13
ENSG00000232198	0	0	0
ENSG00000238063	4	3	1
ENSG00000227104	0	0	0
ENSG00000243725	18	12	6
ENSG00000171872	5	0	5
ENSG00000162407	1017	497	520
ENSG00000285079	1	0	1
ENSG00000169218	31	11	20
ENSG00000163877	435	207	228
ENSG00000228929	4	1	3
ENSG00000224570	0	0	0
ENSG00000224980	2	2	0
ENSG00000278967	8	0	8
ENSG00000157184	200	223	225
ENSG00000272491	2	4	1
ENSG00000198815	1306	632	674
ENSG00000134744	1644	798	846
ENSG00000233910	0	0	0
ENSG00000287703	0	0	0
ENSG00000283039	0	0	0
ENSG00000229032	0	0	0
ENSG00000229294	0	0	0
ENSG00000232993	0	72	59
ENSG00000234088	0	0	0
ENSG00000236973	2	0	2
ENSG00000227947	0	0	0
ENSG00000277397	0	0	0
ENSG00000271200	1	0	1
ENSG00000235446	0	0	0
ENSG00000261196	0	0	0
ENSG00000162385	444	219	225
ENSG00000231413	0	0	0
ENSG00000234264	1	0	1
ENSG00000242391	1	4	7
ENSG00000223883	0	0	0
ENSG00000284808	0	0	0
ENSG00000242267	1	0	1
ENSG00000237227	0	0	0
ENSG00000275350	0	0	0
ENSG00000116652	24	14	22
ENSG00000123080	517	257	271
ENSG00000285778	0	0	0
ENSG00000077549	4655	2285	2376
ENSG00000233407	0	0	0
ENSG00000225675	5	2	4
ENSG00000237622	0	0	0
ENSG00000162598	0	0	0
ENSG00000280317	0	0	0
ENSG00000162415	23	12	16
ENSG00000162600	254	115	139
ENSG00000116704	707	351	356
ENSG00000227644	0	0	1
ENSG00000157193	609	375	389
ENSG00000116205	377	201	194
ENSG00000198841	107	46	61
ENSG00000116212	270	136	134
ENSG00000234204	0	0	0
ENSG00000233099	0	0	0
ENSG00000233994	2	2	0
ENSG00000237180	0	0	0
ENSG00000213561	0	0	0
ENSG00000233973	0	0	0
ENSG00000237552	0	0	0
ENSG00000132854	3	1	2
ENSG00000227556	0	0	0
ENSG00000162616	1074	564	510
ENSG00000162607	775	364	411
ENSG00000233602	6	3	3
ENSG00000233271	0	0	1
ENSG00000285954	4	3	1
ENSG00000233333	0	0	0
ENSG00000154027	7	2	5
ENSG00000234108	0	0	0
ENSG00000232676	0	0	0
ENSG00000225167	0	0	0
ENSG00000132122	108	44	64
ENSG00000213579	1	0	1
ENSG00000137960	66	33	33
ENSG00000237852	1	1	0
ENSG00000116745	0	0	0
ENSG00000132855	5	2	3
ENSG00000285407	0	0	0
ENSG00000272855	2	0	2
ENSG00000270549	0	0	0
ENSG00000237163	0	0	0
ENSG00000229636	0	0	0
ENSG00000116675	54	21	33
ENSG00000162433	74	42	32
ENSG00000213625	1868	928	940
ENSG00000227207	0	0	0
ENSG00000227016	0	0	0
ENSG00000233664	0	0	0
ENSG00000158966	135	68	67
ENSG00000213703	0	0	0
ENSG00000203965	208	112	99
ENSG00000223479	0	0	0
ENSG00000233674	0	0	0
ENSG00000153898	267	129	138
ENSG00000117069	51	24	27
ENSG00000125703	368	188	180
ENSG00000285041	0	0	0
ENSG00000285808	0	0	0
ENSG00000229440	0	0	0
ENSG00000234144	0	0	0
ENSG00000213540	0	0	0
ENSG00000277670	0	0	0
ENSG00000227466	0	0	0
ENSG00000154007	0	0	0
ENSG00000230498	2	1	2
ENSG00000285782	0	0	0
ENSG00000162618	918	479	439
ENSG00000224493	0	0	0
ENSG00000131233	0	0	0
ENSG00000272371	1	1	0
ENSG00000287647	0	0	0
ENSG00000229225	0	0	0
ENSG00000230863	1	0	1
ENSG00000213560	1	0	1
ENSG00000287224	0	0	0
ENSG00000225598	0	0	0
ENSG00000286455	0	0	0
ENSG00000225087	0	0	0
ENSG00000224986	0	0	0
ENSG00000280378	54	24	30
ENSG00000188786	549	267	282
ENSG00000230053	0	0	0
ENSG00000137941	244	113	131
ENSG00000273338	7	3	4
ENSG00000223720	0	0	0
ENSG00000224326	0	0	0
ENSG00000286548	19	10	9
ENSG00000066135	282	221	227
ENSG00000230027	0	0	0
ENSG00000233061	1	1	0
ENSG00000272094	1	0	1
ENSG00000228853	0	0	0
ENSG00000215874	0	0	0
ENSG00000232453	5	3	2
ENSG00000260386	0	0	0
ENSG00000284895	0	0	0
ENSG00000117174	420	206	214
ENSG00000237413	4	2	2
ENSG00000184313	5	2	3
ENSG00000284645	0	0	0
ENSG00000225605	0	0	0
ENSG00000225446	2	0	2
ENSG00000288543	5	1	4
ENSG00000122420	525	275	250
ENSG00000284240	0	0	0
ENSG00000236290	3	1	2
ENSG00000143013	1436	722	714
ENSG00000226084	7	4	3
ENSG00000134748	1002	486	516
ENSG00000142892	914	465	450
ENSG00000219102	0	0	0
ENSG00000184005	137	71	66
ENSG00000230953	5	2	3
ENSG00000287743	1	1	0
ENSG00000229332	0	0	0
ENSG00000227937	0	0	0
ENSG00000229752	0	0	0
ENSG00000237505	5	2	3
ENSG00000285462	0	0	0
ENSG00000233216	0	0	0
ENSG00000197273	0	0	0
ENSG00000226804	0	0	0
ENSG00000285325	0	0	0
ENSG00000230728	0	0	0
ENSG00000162402	1531	777	754
ENSG00000232846	1	0	1
ENSG00000219201	1	1	0
ENSG00000230787	3	3	0
ENSG00000116641	366	192	174
ENSG00000235927	22	20	21
ENSG00000223920	0	0	0
ENSG00000237453	5	2	3
ENSG00000172260	117	48	69
ENSG00000285473	0	0	0
ENSG00000237959	0	0	0
ENSG00000231364	0	0	0
ENSG00000234578	0	1	3
ENSG00000117480	172	101	71
ENSG00000137944	455	210	245
ENSG00000229505	0	0	0
ENSG00000228187	0	0	0
ENSG00000285201	0	0	0
ENSG00000182183	89	31	58
ENSG00000236407	0	0	0
ENSG00000271949	0	0	0
ENSG00000227062	0	0	0
ENSG00000067334	847	394	453
ENSG00000235011	0	0	0
ENSG00000235673	0	0	0
ENSG00000226938	0	0	0
ENSG00000213559	0	0	0
ENSG00000287587	1	0	1
ENSG00000142949	187	88	99
ENSG00000116133	377	204	211
ENSG00000232882	2	2	0
ENSG00000171502	183	87	96
ENSG00000162399	1	1	0
ENSG00000116157	324	151	173
ENSG00000143036	27	16	11
ENSG00000232672	0	0	0
ENSG00000230817	0	0	0
ENSG00000235613	18	8	10
ENSG00000065243	1136	556	580
ENSG00000226759	1	0	1
ENSG00000226960	0	0	0
ENSG00000234080	1	0	1
ENSG00000237899	0	0	0
ENSG00000225492	42	19	24
ENSG00000223905	0	0	0
ENSG00000227290	1	0	1
ENSG00000229486	0	0	0
ENSG00000282898	0	0	0
ENSG00000285409	0	0	0
ENSG00000231090	5	3	2
ENSG00000117528	677	339	338
ENSG00000271723	0	0	0
ENSG00000172339	350	177	173
ENSG00000036549	753	396	357
ENSG00000287724	1	10	10
ENSG00000058799	582	274	308
ENSG00000225191	0	0	0
ENSG00000287870	0	0	0
ENSG00000235563	4	3	1
ENSG00000232048	0	0	0
ENSG00000232857	0	0	0
ENSG00000273637	0	0	0
ENSG00000203985	0	0	0
ENSG00000228838	1	3	10
ENSG00000283761	53	24	29
ENSG00000189433	1	0	1
ENSG00000230759	0	0	0
ENSG00000231866	0	0	0
ENSG00000179178	53	30	23
ENSG00000142700	1	0	1
ENSG00000285525	0	0	0
ENSG00000236098	0	0	0
ENSG00000233514	0	0	0
ENSG00000127124	279	128	151
ENSG00000266993	84	76	85
ENSG00000223675	0	0	0
ENSG00000162604	510	259	251
ENSG00000229316	0	0	0
ENSG00000116171	1502	752	755
ENSG00000287406	0	0	0
ENSG00000225767	3	3	0
ENSG00000234099	1	1	0
ENSG00000137936	199	98	112
ENSG00000235308	11	6	5
ENSG00000232752	0	0	0
ENSG00000235829	0	0	0
ENSG00000143032	0	0	0
ENSG00000226745	0	0	0
ENSG00000178028	931	502	429
ENSG00000280040	1	0	1
ENSG00000168710	1650	804	846
ENSG00000117519	2428	1209	1219
ENSG00000270507	0	0	0
ENSG00000238037	0	0	0
ENSG00000215869	0	0	0
ENSG00000134215	202	111	91
ENSG00000227935	1	0	1
ENSG00000229887	3	3	0
ENSG00000228502	3	1	2
ENSG00000236268	0	0	0
ENSG00000271277	0	0	0
ENSG00000236888	0	0	0
ENSG00000279778	3	1	2
ENSG00000232015	0	0	0
ENSG00000230955	0	98	83
ENSG00000230828	0	0	0
ENSG00000188641	797	396	423
ENSG00000152078	305	158	147
ENSG00000237279	0	0	0
ENSG00000233359	0	0	0
ENSG00000237954	0	0	0
ENSG00000185668	11	7	4
ENSG00000171492	425	222	203
ENSG00000233129	0	0	0
ENSG00000170989	1205	617	588
ENSG00000258634	124	84	94
ENSG00000233557	0	0	0
ENSG00000237897	0	0	0
ENSG00000116299	84	33	51
ENSG00000137962	888	454	434
ENSG00000227832	0	0	0
ENSG00000286692	0	0	0
ENSG00000260464	6	1	6
ENSG00000237435	0	0	0
ENSG00000231996	0	0	0
ENSG00000273204	2	5	6
ENSG00000079739	595	311	351
ENSG00000117154	33	18	15
ENSG00000162377	341	163	178
ENSG00000224613	0	0	0
ENSG00000215871	0	0	0
ENSG00000287372	0	0	0
ENSG00000232542	2	0	2
ENSG00000231095	2	2	0
ENSG00000116774	328	157	171
ENSG00000287756	1	0	1
ENSG00000269113	65	31	34
ENSG00000284652	8	5	3
ENSG00000023909	431	214	217
ENSG00000069702	452	246	206
ENSG00000232185	0	0	0
ENSG00000230489	0	0	0
ENSG00000228399	1	0	1
ENSG00000236776	2	1	1
ENSG00000285928	45	20	25
ENSG00000224685	0	0	0
ENSG00000287076	0	0	0
ENSG00000237480	0	0	0
ENSG00000271252	0	0	0
ENSG00000230427	3	0	3
ENSG00000235794	0	0	0
ENSG00000286758	0	0	0
ENSG00000237337	0	0	0
ENSG00000233983	0	0	0
ENSG00000198198	2514	1854	1827
ENSG00000225183	0	0	0
ENSG00000230402	0	0	0
ENSG00000116793	734	361	373
ENSG00000134201	51	29	22
ENSG00000238122	0	0	0
ENSG00000260879	0	10	12
ENSG00000213366	765	423	342
ENSG00000230864	0	0	0
ENSG00000283354	0	0	0
ENSG00000232918	0	0	0
ENSG00000236360	0	3	2
ENSG00000183298	0	0	0
ENSG00000234332	1	0	1
ENSG00000117525	1409	693	716
ENSG00000225079	17	9	8
ENSG00000226483	0	0	0
ENSG00000224238	2	1	1
ENSG00000229537	0	0	0
ENSG00000162699	0	0	0
ENSG00000162692	837	406	431
ENSG00000203914	1	1	0
ENSG00000270457	0	0	0
ENSG00000203858	0	0	0
ENSG00000231987	1	0	1
ENSG00000228057	14	5	9
ENSG00000261593	0	0	0
ENSG00000224445	3	2	1
ENSG00000229842	0	0	0
ENSG00000270631	0	0	0
ENSG00000229201	0	0	0
ENSG00000181656	16	10	6
ENSG00000122481	111	57	54
ENSG00000198162	2605	1342	1263
ENSG00000238198	21	11	10
ENSG00000171517	2	0	2
ENSG00000228852	18	10	8
ENSG00000203864	0	0	0
ENSG00000233482	0	0	0
ENSG00000230250	0	0	0
ENSG00000232878	1	5	18
ENSG00000143079	501	256	245
ENSG00000232450	38	14	24
ENSG00000223575	0	0	0
ENSG00000230768	0	0	0
ENSG00000235202	0	0	0
ENSG00000272715	1	1	0
ENSG00000235038	0	0	0
ENSG00000143093	754	371	383
ENSG00000226415	2	0	2
ENSG00000085491	585	318	293
ENSG00000173947	15	7	8
ENSG00000241361	10	3	7
ENSG00000230434	0	0	0
ENSG00000230718	0	0	0
ENSG00000134198	197	99	98
ENSG00000235595	0	0	0
ENSG00000226053	0	0	0
ENSG00000226128	0	0	0
ENSG00000198799	926	538	475
ENSG00000279513	13	6	7
ENSG00000117620	767	395	376
ENSG00000280186	4	0	4
ENSG00000223906	0	0	0
ENSG00000162688	723	357	366
ENSG00000197106	25	17	10
ENSG00000259946	1	0	1
ENSG00000236137	26	18	17
ENSG00000203859	0	0	0
ENSG00000228086	0	5	7
ENSG00000213421	0	0	0
ENSG00000234020	0	0	0
ENSG00000060718	29	13	16
ENSG00000236804	1	0	1
ENSG00000231072	0	0	0
ENSG00000273406	0	0	0
ENSG00000185946	614	350	264
ENSG00000162627	154	67	87
ENSG00000226715	0	0	0
ENSG00000162695	2764	1385	1379
ENSG00000134184	0	0	2
ENSG00000265808	1484	770	714
ENSG00000261290	0	0	0
ENSG00000225923	0	0	0
ENSG00000134247	717	381	336
ENSG00000187481	0	0	0
ENSG00000116752	533	251	282
ENSG00000162664	876	460	416
ENSG00000236866	1	0	1
ENSG00000134253	55	32	23
ENSG00000277655	0	0	0
ENSG00000223416	0	0	0
ENSG00000213226	0	0	0
ENSG00000179571	0	0	0
ENSG00000227850	1	1	0
ENSG00000243967	0	0	0
ENSG00000235777	0	0	0
ENSG00000260246	0	4	0
ENSG00000173218	202	97	105
ENSG00000285532	0	0	0
ENSG00000226755	0	0	0
ENSG00000232650	0	0	0
ENSG00000183508	13883	7105	6779
ENSG00000277095	0	0	0
ENSG00000236806	2	0	2
ENSG00000234283	0	0	0
ENSG00000237188	5	3	2
ENSG00000232780	0	0	0
ENSG00000274927	0	0	0
ENSG00000264145	0	0	0
ENSG00000238256	1	1	0
ENSG00000198765	0	0	0
ENSG00000224335	0	0	0
ENSG00000277702	1	0	1
ENSG00000143398	1023	516	507
ENSG00000196505	495	264	232
ENSG00000225871	11	9	20
ENSG00000223489	0	0	0
ENSG00000230546	0	0	0
ENSG00000213262	25	10	15
ENSG00000287015	0	0	0
ENSG00000241720	0	21	7
ENSG00000235526	0	0	0
ENSG00000228347	0	0	0
ENSG00000276975	13	4	9
ENSG00000236012	0	0	0
ENSG00000270911	6	3	3
ENSG00000272824	1	1	0
ENSG00000134200	1	0	1
ENSG00000234257	0	0	0
ENSG00000065183	434	215	239
ENSG00000227082	21	10	12
ENSG00000228626	0	0	0
ENSG00000226126	0	0	0
ENSG00000163393	347	170	177
ENSG00000163156	439	214	227
ENSG00000143631	6	3	6
ENSG00000156150	0	30	24
ENSG00000228453	0	0	0
ENSG00000274642	1	0	1
ENSG00000177551	2	1	1
ENSG00000197323	1475	746	729
ENSG00000237975	14	11	6
ENSG00000261168	4	1	3
ENSG00000287980	0	0	0
ENSG00000229283	0	0	1
ENSG00000271419	0	0	0
ENSG00000226172	0	0	0
ENSG00000079335	231	121	122
ENSG00000143119	3641	1815	1826
ENSG00000237278	0	36	51
ENSG00000285062	0	0	0
ENSG00000233432	1	1	0
ENSG00000227700	0	0	0
ENSG00000229911	0	0	0
ENSG00000143520	0	0	0
ENSG00000171943	165	78	90
ENSG00000270719	0	0	0
ENSG00000155761	14	16	18
ENSG00000230806	0	0	1
ENSG00000116830	637	316	321
ENSG00000234422	0	0	0
ENSG00000227056	2	1	1
ENSG00000143614	785	415	370
ENSG00000227091	0	1	1
ENSG00000169418	382	197	186
ENSG00000214204	0	0	0
ENSG00000081026	224	106	118
ENSG00000225650	4	2	2
ENSG00000227179	3	2	1
ENSG00000224965	5	3	2
ENSG00000228127	1	0	1
ENSG00000226984	0	0	0
ENSG00000186150	5	2	3
ENSG00000143554	495	241	254
ENSG00000143458	545	266	279
ENSG00000230932	0	0	0
ENSG00000073754	0	0	0
ENSG00000228826	0	0	0
ENSG00000233907	0	0	0
ENSG00000225036	0	0	0
ENSG00000228420	0	0	0
ENSG00000233839	1	1	0
ENSG00000250890	0	0	0
ENSG00000232240	0	0	0
ENSG00000280649	22	13	11
ENSG00000131781	86	37	64
ENSG00000223599	8	3	5
ENSG00000230921	0	0	0
ENSG00000286151	0	0	0
ENSG00000234388	0	0	0
ENSG00000235015	0	0	0
ENSG00000271736	0	0	0
ENSG00000235988	0	0	0
ENSG00000233717	1	0	1
ENSG00000231551	65	32	33
ENSG00000227295	37	13	24
ENSG00000163155	175	105	72
ENSG00000243613	0	20	15
ENSG00000241975	19	6	13
ENSG00000271143	0	0	0
ENSG00000270976	0	0	0
ENSG00000228217	1	0	1
ENSG00000270342	0	0	0
ENSG00000143552	24	7	17
ENSG00000175984	116	51	65
ENSG00000231100	0	0	0
ENSG00000116824	926	447	479
ENSG00000235887	0	0	0
ENSG00000237460	0	0	0
ENSG00000236327	0	0	0
ENSG00000223804	13	7	6
ENSG00000236887	1	1	0
ENSG00000024526	215	124	113
ENSG00000236480	0	0	0
ENSG00000235756	0	0	0
ENSG00000173810	0	0	0
ENSG00000235005	0	0	0
ENSG00000271890	0	0	0
ENSG00000238107	0	1	0
ENSG00000227425	0	0	0
ENSG00000233222	0	7	7
ENSG00000225279	1	1	0
ENSG00000229101	0	0	0
ENSG00000224927	0	0	0
ENSG00000239216	0	0	0
ENSG00000283360	12	10	2
ENSG00000117262	181	94	87
ENSG00000227907	0	0	0
ENSG00000143624	1706	893	898
ENSG00000227970	0	0	0
ENSG00000261055	2	2	0
ENSG00000231613	6	2	4
ENSG00000137947	562	267	295
ENSG00000236689	0	0	0
ENSG00000233589	7	17	12
ENSG00000117586	56	28	28
ENSG00000230946	5	2	3
ENSG00000226028	0	0	0
ENSG00000162728	2	0	2
ENSG00000229021	2	1	1
ENSG00000203825	0	0	0
ENSG00000184371	924	463	461
ENSG00000233449	0	0	0
ENSG00000242943	0	0	0
ENSG00000233203	0	0	0
ENSG00000232499	1	0	1
ENSG00000232265	2	6	1
ENSG00000163154	81	41	41
ENSG00000232995	26	12	14
ENSG00000236957	0	0	0
ENSG00000238087	0	0	0
ENSG00000227777	1	1	0
ENSG00000177173	20	10	10
ENSG00000277406	19	9	10
ENSG00000238022	0	0	0
ENSG00000231671	0	0	0
ENSG00000162729	586	283	303
ENSG00000143158	493	321	380
ENSG00000271092	12	4	8
ENSG00000238118	1	1	0
ENSG00000276118	0	0	0
ENSG00000232148	0	0	0
ENSG00000278811	39	45	30
ENSG00000000460	151	203	179
ENSG00000188859	72	45	34
ENSG00000275075	0	0	0
ENSG00000135862	5087	2576	2511
ENSG00000232952	0	0	0
ENSG00000158473	323	154	169
ENSG00000227722	0	0	0
ENSG00000285922	1	0	1
ENSG00000275801	2	2	0
ENSG00000143198	694	331	363
ENSG00000143318	8	5	3
ENSG00000232188	0	0	0
ENSG00000232212	0	0	0
ENSG00000143621	2043	1031	1018
ENSG00000241042	2	2	0
ENSG00000143155	697	335	362
ENSG00000260322	0	0	0
ENSG00000223495	0	0	0
ENSG00000143156	89	76	63
ENSG00000198771	1998	1043	1010
ENSG00000225462	0	0	0
ENSG00000237756	2	0	2
ENSG00000116147	46	24	23
ENSG00000213064	1461	809	787
ENSG00000203307	3	1	2
ENSG00000143179	351	250	239
ENSG00000271187	0	0	0
ENSG00000274562	0	0	0
ENSG00000143315	533	267	266
ENSG00000116199	678	333	345
ENSG00000231175	0	0	0
ENSG00000143185	12	3	9
ENSG00000235145	11	4	7
ENSG00000116260	2431	1267	1164
ENSG00000272931	21	7	14
ENSG00000143190	857	474	485
ENSG00000225475	0	0	0
ENSG00000230898	2	1	1
ENSG00000232223	0	0	0
ENSG00000224698	0	0	0
ENSG00000287697	4	9	10
ENSG00000075945	515	288	241
ENSG00000235303	0	0	0
ENSG00000234810	1	0	1
ENSG00000232750	4	3	1
ENSG00000224468	25	8	17
ENSG00000235628	0	0	0
ENSG00000232551	0	0	0
ENSG00000092607	29	19	10
ENSG00000238270	0	0	0
ENSG00000285894	0	0	0
ENSG00000236025	0	0	0
ENSG00000230687	0	0	0
ENSG00000230704	0	0	0
ENSG00000283255	0	0	0
ENSG00000227741	18	36	104
ENSG00000237049	0	0	0
ENSG00000286754	0	0	0
ENSG00000232751	0	0	0
ENSG00000236364	21	66	62
ENSG00000117091	443	412	419
ENSG00000235378	0	0	0
ENSG00000143171	4	4	0
ENSG00000275767	0	0	0
ENSG00000224718	0	0	0
ENSG00000047410	2687	1327	1525
ENSG00000231992	2	2	0
ENSG00000018625	47	23	24
ENSG00000171806	147	77	82
ENSG00000287919	0	0	0
ENSG00000229914	0	0	0
ENSG00000233882	0	0	0
ENSG00000198358	1	1	0
ENSG00000229407	0	0	0
ENSG00000134216	2	1	2
ENSG00000230748	0	0	0
ENSG00000254154	8	4	4
ENSG00000162694	620	334	295
ENSG00000238108	0	0	0
ENSG00000214262	0	65	70
ENSG00000183853	1653	807	846
ENSG00000215835	0	0	0
ENSG00000118197	450	188	264
ENSG00000135842	1724	866	858
ENSG00000229258	1	3	0
ENSG00000287472	0	0	0
ENSG00000241318	0	0	0
ENSG00000228238	2	1	1
ENSG00000232393	1	0	1
ENSG00000121454	46	48	48
ENSG00000184155	0	0	0
ENSG00000058085	13	2	11
ENSG00000260088	2	3	1
ENSG00000287978	33	18	15
ENSG00000116815	360	146	214
ENSG00000232917	0	0	0
ENSG00000233057	1	0	1
ENSG00000237131	0	0	0
ENSG00000233946	0	0	0
ENSG00000143167	21	12	9
ENSG00000143184	4	1	3
ENSG00000231966	3	1	2
ENSG00000176320	2	2	0
ENSG00000260976	0	0	0
ENSG00000235215	0	0	0
ENSG00000223450	3	1	2
ENSG00000224691	0	0	0
ENSG00000286572	1	1	0
ENSG00000235101	2	1	1
ENSG00000228215	0	0	0
ENSG00000177807	4	2	2
ENSG00000233626	4	3	1
ENSG00000233691	0	0	0
ENSG00000283518	0	0	0
ENSG00000271527	0	0	0
ENSG00000143228	325	148	177
ENSG00000235827	0	0	0
ENSG00000231615	6	4	2
ENSG00000231714	0	0	0
ENSG00000174514	59	32	38
ENSG00000143178	111	50	61
ENSG00000224837	0	0	0
ENSG00000116833	114	53	61
ENSG00000227740	13	6	7
ENSG00000260990	0	0	1
ENSG00000000457	423	313	329
ENSG00000143507	244	119	125
ENSG00000285638	0	0	0
ENSG00000226520	1	0	1
ENSG00000284592	0	0	0
ENSG00000230987	0	0	0
ENSG00000232527	0	0	0
ENSG00000215833	0	0	0
ENSG00000228167	0	0	0
ENSG00000225325	0	0	0
ENSG00000223344	0	0	0
ENSG00000228191	0	0	0
ENSG00000229961	13	8	5
ENSG00000150732	0	0	0
ENSG00000157064	55	26	36
ENSG00000288139	0	0	0
ENSG00000226015	17	9	8
ENSG00000215808	1	0	1
ENSG00000059588	1057	503	554
ENSG00000231512	0	0	0
ENSG00000237379	0	0	0
ENSG00000232959	0	4	10
ENSG00000122224	629	306	323
ENSG00000162782	0	0	0
ENSG00000238051	0	0	0
ENSG00000233196	3	2	1
ENSG00000229220	3	2	1
ENSG00000143653	273	119	154
ENSG00000135837	1802	869	933
ENSG00000158711	2124	1060	1076
ENSG00000227747	0	0	0
ENSG00000228081	0	0	0
ENSG00000228020	0	0	0
ENSG00000234975	51	20	31
ENSG00000162851	300	148	152
ENSG00000271427	5	3	2
ENSG00000261817	0	0	0
ENSG00000143353	196	98	123
ENSG00000197965	1617	796	821
ENSG00000143493	478	257	221
ENSG00000230777	1	1	0
ENSG00000179397	34	11	23
ENSG00000224540	0	0	0
ENSG00000117592	2101	1065	1036
ENSG00000186197	11	6	5
ENSG00000229067	0	0	0
ENSG00000230231	0	0	0
ENSG00000227711	0	0	0
ENSG00000261182	0	0	0
ENSG00000228879	1	0	1
ENSG00000227925	4	1	3
ENSG00000162670	2	0	2
ENSG00000225712	0	0	0
ENSG00000162761	0	0	0
ENSG00000143199	11	5	6
ENSG00000179930	0	0	0
ENSG00000007908	2618	1315	1303
ENSG00000092978	419	203	216
ENSG00000143499	694	364	330
ENSG00000188404	1662	805	857
ENSG00000227735	0	0	0
ENSG00000243062	0	0	0
ENSG00000143196	101	41	60
ENSG00000228504	0	0	0
ENSG00000274702	0	0	0
ENSG00000226211	0	0	0
ENSG00000236942	9	6	4
ENSG00000287205	1	1	0
ENSG00000203697	21	8	13
ENSG00000116574	175	97	78
ENSG00000287929	0	4	3
ENSG00000186283	3101	1542	1559
ENSG00000224896	0	0	0
ENSG00000226292	0	0	0
ENSG00000121481	361	182	179
ENSG00000227940	0	0	0
ENSG00000117139	822	422	400
ENSG00000143248	4421	2163	2258
ENSG00000278455	1	0	1
ENSG00000224810	0	0	0
ENSG00000162814	4	3	1
ENSG00000225172	1	1	0
ENSG00000261642	0	0	0
ENSG00000228239	0	0	0
ENSG00000237283	0	0	0
ENSG00000116132	2439	1229	1210
ENSG00000238042	12	6	6
ENSG00000271475	0	0	0
ENSG00000231877	0	0	0
ENSG00000116679	4269	2031	2238
ENSG00000228536	8	2	6
ENSG00000230550	0	0	0
ENSG00000229242	0	0	0
ENSG00000253326	15	5	10
ENSG00000228470	1	0	1
ENSG00000152092	17	10	7
ENSG00000234984	0	0	0
ENSG00000231648	0	0	0
ENSG00000229983	0	0	0
ENSG00000215149	0	0	0
ENSG00000225122	0	0	0
ENSG00000225920	8	4	4
ENSG00000143476	305	141	164
ENSG00000121486	514	265	249
ENSG00000228437	0	0	0
ENSG00000214837	23	8	15
ENSG00000057252	1146	602	544
ENSG00000225982	0	0	0
ENSG00000285718	0	0	0
ENSG00000234070	0	0	0
ENSG00000233620	0	0	0
ENSG00000237783	0	0	0
ENSG00000272906	17	24	25
ENSG00000233018	0	0	0
ENSG00000123685	146	62	84
ENSG00000224783	0	0	0
ENSG00000162852	793	386	407
ENSG00000232792	2	2	0
ENSG00000273004	1	1	0
ENSG00000143842	360	172	188
ENSG00000268062	2	1	1
ENSG00000237409	3	1	2
ENSG00000116962	3505	1726	1779
ENSG00000288078	0	0	0
ENSG00000271399	0	0	0
ENSG00000229757	1	0	1
ENSG00000232679	16	11	5
ENSG00000159388	14051	7111	6940
ENSG00000220749	1	0	1
ENSG00000181450	262	148	114
ENSG00000223519	6	13	10
ENSG00000120333	496	267	262
ENSG00000286285	7	1	6
ENSG00000225300	7	5	2
ENSG00000223842	2	1	1
ENSG00000162753	0	0	1
ENSG00000228247	0	0	0
ENSG00000231424	15	8	7
ENSG00000143355	0	0	0
ENSG00000287177	0	0	0
ENSG00000237193	0	0	0
ENSG00000223490	0	0	0
ENSG00000121644	1048	540	508
ENSG00000174502	4	3	1
ENSG00000224286	0	0	0
ENSG00000158715	97	45	52
ENSG00000143195	5	2	3
ENSG00000162849	183	96	87
ENSG00000232824	0	0	0
ENSG00000273416	7	3	4
ENSG00000234142	2	2	0
ENSG00000282111	0	0	0
ENSG00000233410	0	0	0
ENSG00000067533	361	179	182
ENSG00000228955	4	4	0
ENSG00000270443	0	0	0
ENSG00000116209	4662	2396	2266
ENSG00000224702	0	0	0
ENSG00000271811	12	6	6
ENSG00000224278	0	0	0
ENSG00000235492	0	0	0
ENSG00000287808	21	11	43
ENSG00000271588	0	0	0
ENSG00000229840	0	0	0
ENSG00000116161	889	452	485
ENSG00000226486	0	0	0
ENSG00000227687	0	0	0
ENSG00000231814	0	0	0
ENSG00000286210	0	0	0
ENSG00000287364	0	0	0
ENSG00000225063	1	1	0
ENSG00000260698	24	10	14
ENSG00000277007	19	7	12
ENSG00000229016	0	0	0
ENSG00000077157	1157	595	576
ENSG00000152104	350	181	170
ENSG00000236975	0	0	0
ENSG00000215834	0	0	0
ENSG00000286541	0	0	0
ENSG00000117650	129	68	61
ENSG00000235021	1	0	1
ENSG00000203724	15	9	6
ENSG00000225006	0	0	0
ENSG00000287633	0	0	0
ENSG00000158764	1	0	1
ENSG00000223375	0	0	0
ENSG00000230714	0	0	0
ENSG00000261065	0	2	1
ENSG00000260855	19	11	8
ENSG00000188783	224	116	108
ENSG00000236206	2	0	2
ENSG00000168118	502	255	271
ENSG00000181101	0	0	0
ENSG00000173726	1933	995	938
ENSG00000282852	0	0	0
ENSG00000152382	270	160	110
ENSG00000143839	1	1	0
ENSG00000232100	0	0	0
ENSG00000261024	0	0	0
ENSG00000230547	0	0	0
ENSG00000229703	0	0	0
ENSG00000176754	0	0	0
ENSG00000232309	0	0	0
ENSG00000227953	36	24	29
ENSG00000232215	0	0	0
ENSG00000135829	2490	1225	1298
ENSG00000228289	0	0	0
ENSG00000134717	526	264	262
ENSG00000232989	0	0	0
ENSG00000233537	0	0	0
ENSG00000116668	311	158	155
ENSG00000143756	734	386	348
ENSG00000278180	0	0	0
ENSG00000143702	596	337	300
ENSG00000232341	1	0	1
ENSG00000287676	0	0	0
ENSG00000236792	0	0	0
ENSG00000143207	605	309	296
ENSG00000270859	0	0	0
ENSG00000238224	0	0	0
ENSG00000286775	0	0	0
ENSG00000122176	1057	519	538
ENSG00000229120	0	0	0
ENSG00000237492	0	0	0
ENSG00000230404	0	0	0
ENSG00000213036	1	1	0
ENSG00000227230	7	16	24
ENSG00000236230	0	0	0
ENSG00000026751	6359	3093	3266
ENSG00000150681	169	85	99
ENSG00000116906	976	499	477
ENSG00000092969	42	20	27
ENSG00000157181	1015	503	512
ENSG00000250762	0	0	0
ENSG00000236720	0	0	0
ENSG00000227421	0	0	0
ENSG00000227240	1	1	0
ENSG00000076258	47	18	29
ENSG00000286073	0	0	0
ENSG00000231084	6	3	3
ENSG00000232085	0	4	4
ENSG00000117697	521	258	263
ENSG00000279333	0	4	3
ENSG00000235083	0	0	0
ENSG00000162669	14	8	6
ENSG00000197067	0	0	0
ENSG00000229652	0	0	0
ENSG00000132681	4	1	3
ENSG00000225904	0	0	0
ENSG00000270920	0	0	0
ENSG00000281664	0	0	0
ENSG00000143641	1549	993	1096
ENSG00000227630	2	2	0
ENSG00000228830	0	529	528
ENSG00000010932	122	62	60
ENSG00000282849	1	1	1
ENSG00000276520	0	0	0
ENSG00000226640	1	1	0
ENSG00000010072	301	186	197
ENSG00000135766	183	90	93
ENSG00000232626	4	3	1
ENSG00000232096	0	0	0
ENSG00000279261	2	2	0
ENSG00000213051	0	0	0
ENSG00000238054	0	0	0
ENSG00000163534	395	216	179
ENSG00000168243	23	12	11
ENSG00000281453	0	0	0
ENSG00000237469	0	0	0
ENSG00000224939	1	0	1
ENSG00000227613	0	0	0
ENSG00000116183	16	11	5
ENSG00000270106	1	0	1
ENSG00000232194	0	0	0
ENSG00000235152	0	0	0
ENSG00000231612	1	1	0
ENSG00000237980	6	3	3
ENSG00000271036	0	0	0
ENSG00000230849	2	1	1
ENSG00000170382	239	122	120
ENSG00000228664	0	0	0
ENSG00000226868	0	0	0
ENSG00000279401	0	0	0
ENSG00000272362	0	0	0
ENSG00000287450	0	0	0
ENSG00000237011	0	0	0
ENSG00000233583	5	4	3
ENSG00000066027	942	465	477
ENSG00000286263	0	0	0
ENSG00000227006	20	7	13
ENSG00000236372	0	0	0
ENSG00000224525	0	0	0
ENSG00000188770	0	0	0
ENSG00000173728	5	5	0
ENSG00000094975	1171	580	591
ENSG00000225811	0	0	0
ENSG00000273093	0	0	0
ENSG00000162772	976	460	516
ENSG00000227818	0	0	0
ENSG00000135828	321	145	176
ENSG00000224227	0	0	0
ENSG00000286398	0	0	0
ENSG00000076356	320	159	161
ENSG00000215819	0	0	1
ENSG00000185523	0	0	0
ENSG00000236108	1	1	0
ENSG00000116711	97	44	53
ENSG00000231684	1	0	1
ENSG00000226750	0	0	0
ENSG00000285665	8	3	5
ENSG00000231022	0	0	0
ENSG00000224436	0	0	0
ENSG00000228208	0	0	0
ENSG00000273384	8	6	2
ENSG00000238061	12	7	5
ENSG00000234915	0	0	0
ENSG00000143845	14	11	6
ENSG00000235862	0	0	0
ENSG00000069812	6	4	2
ENSG00000227585	0	0	0
ENSG00000157060	0	0	0
ENSG00000237213	0	0	0
ENSG00000236439	1	1	0
ENSG00000224260	0	0	0
ENSG00000213045	3	0	3
ENSG00000287220	1	1	0
ENSG00000230063	1	1	0
ENSG00000235467	0	0	0
ENSG00000123684	1062	520	544
ENSG00000117707	155	70	89
ENSG00000228044	1	1	0
ENSG00000225338	3	2	1
ENSG00000224407	0	268	272
ENSG00000232463	0	0	0
ENSG00000237457	0	0	0
ENSG00000225171	11	6	5
ENSG00000226843	0	0	0
ENSG00000235386	0	0	0
ENSG00000123836	589	340	313
ENSG00000213690	0	0	0
ENSG00000223982	0	0	0
ENSG00000229832	7	4	3
ENSG00000117691	483	233	250
ENSG00000225233	0	0	0
ENSG00000274895	1	1	0
ENSG00000237514	0	0	0
ENSG00000287856	0	0	0
ENSG00000228067	0	0	0
ENSG00000284299	1	0	1
ENSG00000226375	5	3	2
ENSG00000203705	283	137	146
ENSG00000224040	0	0	0
ENSG00000228686	14	3	11
ENSG00000279838	10	6	4
ENSG00000174175	635	306	329
ENSG00000236401	0	0	0
ENSG00000241475	0	0	0
ENSG00000215800	0	0	0
ENSG00000286421	0	0	0
ENSG00000270936	0	0	0
ENSG00000008118	25	14	11
ENSG00000171161	511	271	240
ENSG00000241505	0	0	0
ENSG00000224535	0	0	0
ENSG00000282097	0	0	0
ENSG00000261453	15	10	5
ENSG00000231020	0	0	0
ENSG00000270818	0	0	0
ENSG00000196878	244	130	114
ENSG00000133059	407	210	197
ENSG00000225561	0	0	0
ENSG00000224668	0	0	0
ENSG00000242529	0	0	0
ENSG00000074964	565	263	302
ENSG00000223847	0	0	0
ENSG00000277704	0	0	0
ENSG00000116918	747	372	379
ENSG00000274020	80	52	51
ENSG00000287445	8	4	4
ENSG00000259815	6	4	2
ENSG00000240963	1	1	0
ENSG00000226570	0	0	0
ENSG00000198929	10	4	6
ENSG00000272167	1	0	1
ENSG00000230628	4	1	3
ENSG00000162771	0	0	0
ENSG00000227579	0	0	0
ENSG00000176393	895	532	605
ENSG00000174606	915	461	454
ENSG00000179914	47	19	28
ENSG00000235750	1517	750	767
ENSG00000284376	0	0	0
ENSG00000121446	2	0	2
ENSG00000226758	2	2	0
ENSG00000230199	0	0	0
ENSG00000236905	3	2	1
ENSG00000233304	2	0	2
ENSG00000288007	2	3	1
ENSG00000227887	0	0	0
ENSG00000116903	644	350	376
ENSG00000228255	0	0	0
ENSG00000226196	0	0	0
ENSG00000287354	0	0	0
ENSG00000233827	0	0	0
ENSG00000198797	3	2	1
ENSG00000271746	1	3	1
ENSG00000234233	2	1	1
ENSG00000151414	1136	580	556
ENSG00000177614	31	14	17
ENSG00000223794	0	0	0
ENSG00000235182	0	2	0
ENSG00000213041	1	1	0
ENSG00000287157	0	0	0
ENSG00000233920	1	1	0
ENSG00000183831	0	0	0
ENSG00000225755	0	0	0
ENSG00000143858	29	13	30
ENSG00000197472	7	2	5
ENSG00000230184	0	0	0
ENSG00000234004	0	0	0
ENSG00000232436	0	0	0
ENSG00000231718	1	1	0
ENSG00000283952	0	0	0
ENSG00000230019	0	0	0
ENSG00000136643	510	256	254
ENSG00000232537	0	0	0
ENSG00000226036	0	0	0
ENSG00000285521	1	1	0
ENSG00000236317	1	0	1
ENSG00000176855	0	0	0
ENSG00000227728	0	0	0
ENSG00000133069	185	82	103
ENSG00000162877	55	33	22
ENSG00000233461	24	9	15
ENSG00000225401	1	1	0
ENSG00000228190	0	0	0
ENSG00000135747	1	1	0
ENSG00000227237	0	0	0
ENSG00000069248	657	338	319
ENSG00000232812	2	1	1
ENSG00000231666	3	0	3
ENSG00000226986	0	0	0
ENSG00000242042	1	1	0
ENSG00000234464	0	0	0
ENSG00000253148	0	0	0
ENSG00000227751	0	200	154
ENSG00000090104	10391	5086	5305
ENSG00000285280	27	24	20
ENSG00000232892	1	1	0
ENSG00000236950	0	0	0
ENSG00000236468	0	0	0
ENSG00000143322	1607	799	808
ENSG00000185220	308	149	159
ENSG00000226003	0	0	0
ENSG00000230813	0	0	0
ENSG00000226862	2	2	0
ENSG00000236101	0	0	0
ENSG00000162769	482	247	235
ENSG00000133065	878	433	445
ENSG00000278684	1	1	0
ENSG00000236775	0	0	0
ENSG00000042781	2	1	1
ENSG00000234754	1	0	1
ENSG00000233084	1	1	0
ENSG00000227815	3	1	2
ENSG00000287046	27	19	8
ENSG00000223774	0	34	46
ENSG00000228863	68	232	224
ENSG00000228646	0	0	0
ENSG00000229112	0	0	0
ENSG00000233332	0	0	0
ENSG00000231984	0	0	0
ENSG00000286213	0	0	0
ENSG00000226876	1	1	0
ENSG00000277462	56	30	26
ENSG00000225591	0	0	0
ENSG00000035687	907	446	461
ENSG00000213080	0	0	0
ENSG00000180287	0	0	0
ENSG00000226693	0	0	0
ENSG00000234678	98	178	165
ENSG00000231272	0	0	0
ENSG00000223828	2	1	1
ENSG00000163431	326	202	204
ENSG00000230124	573	344	279
ENSG00000226723	1	1	0
ENSG00000272672	0	0	0
ENSG00000143473	7	7	7
ENSG00000228982	1	0	1
ENSG00000235096	2	0	2
ENSG00000237250	0	0	0
ENSG00000007341	263	177	192
ENSG00000286747	3	2	1
ENSG00000236069	1	1	2
ENSG00000236244	0	0	0
ENSG00000272865	0	0	0
ENSG00000117222	502	262	240
ENSG00000143324	597	292	305
ENSG00000229871	2	0	2
ENSG00000225222	4	0	4
ENSG00000118193	289	145	144
ENSG00000234116	0	0	0
ENSG00000231940	5	3	2
ENSG00000198842	0	0	0
ENSG00000286619	4	1	3
ENSG00000198756	39	26	13
ENSG00000259823	2	1	1
ENSG00000271558	0	0	0
ENSG00000227554	1	0	1
ENSG00000178596	0	0	0
ENSG00000135749	367	197	212
ENSG00000143786	21	13	11
ENSG00000224584	0	0	0
ENSG00000054282	375	222	235
ENSG00000183780	0	0	0
ENSG00000229663	0	0	0
ENSG00000162702	877	405	472
ENSG00000251508	0	0	0
ENSG00000238272	0	1	0
ENSG00000228530	0	0	0
ENSG00000235060	1	0	1
ENSG00000143194	0	0	0
ENSG00000229531	1	1	0
ENSG00000271329	1	1	0
ENSG00000054267	1173	580	596
ENSG00000261831	0	0	0
ENSG00000287921	0	0	0
ENSG00000177800	1	0	1
ENSG00000225620	0	0	0
ENSG00000232166	0	0	0
ENSG00000175137	666	345	321
ENSG00000134245	170	145	131
ENSG00000234041	0	0	0
ENSG00000227373	7	5	2
ENSG00000231905	1	0	1
ENSG00000228175	5	3	2
ENSG00000069275	3000	1489	1511
ENSG00000143674	72	40	32
ENSG00000237317	3	1	2
ENSG00000187889	9	3	6
ENSG00000134375	1505	735	770
ENSG00000097046	447	206	241
ENSG00000232113	0	0	0
ENSG00000282718	0	0	0
ENSG00000231378	0	0	0
ENSG00000235605	0	0	2
ENSG00000223525	4	2	2
ENSG00000224857	0	0	0
ENSG00000273367	5	2	4
ENSG00000230604	2	1	1
ENSG00000231605	0	0	0
ENSG00000236358	0	1	0
ENSG00000203737	20	12	8
ENSG00000238003	0	0	0
ENSG00000215873	0	0	0
ENSG00000287008	0	0	0
ENSG00000185420	206	103	103
ENSG00000076321	522	240	282
ENSG00000272175	5	2	9
ENSG00000231564	1	1	0
ENSG00000135778	295	171	166
ENSG00000213070	1	1	0
ENSG00000282265	0	0	0
ENSG00000250536	0	0	0
ENSG00000229747	0	0	0
ENSG00000117280	712	334	378
ENSG00000233985	0	0	0
ENSG00000232175	0	0	0
ENSG00000287423	0	0	0
ENSG00000286774	0	0	0
ENSG00000236719	0	0	0
ENSG00000136636	904	482	422
ENSG00000225486	0	0	0
ENSG00000227043	0	0	0
ENSG00000163874	1182	590	592
ENSG00000285777	0	0	0
ENSG00000237249	0	0	0
ENSG00000286109	0	0	0
ENSG00000213068	0	0	0
ENSG00000054392	54	28	26
ENSG00000227994	0	0	0
ENSG00000286552	0	0	0
ENSG00000225711	2	0	2
ENSG00000122223	93	36	57
ENSG00000235869	0	0	0
ENSG00000188739	29	12	17
ENSG00000286666	0	0	0
ENSG00000135750	44	24	20
ENSG00000273198	2	1	1
ENSG00000203730	1	0	1
ENSG00000225719	0	0	0
ENSG00000273483	13	6	7
ENSG00000287987	0	0	0
ENSG00000203729	0	0	0
ENSG00000232809	0	0	0
ENSG00000284623	0	0	0
ENSG00000285981	0	0	0
ENSG00000261729	0	0	0
ENSG00000223869	0	0	0
ENSG00000229228	27	7	20
ENSG00000215796	1	1	0
ENSG00000185221	0	0	0
ENSG00000233047	0	0	0
ENSG00000143341	234	118	116
ENSG00000228309	0	0	0
ENSG00000229739	44	20	24
ENSG00000116703	7	6	1
ENSG00000273874	1	1	0
ENSG00000278791	0	14	11
ENSG00000278757	0	0	0
ENSG00000264341	0	0	0
ENSG00000264101	0	0	0
ENSG00000265141	0	0	0
ENSG00000221083	2	0	2
ENSG00000252404	0	0	0
ENSG00000222511	1	0	1
ENSG00000265392	0	0	0
ENSG00000243267	3	2	1
ENSG00000201725	0	0	0
ENSG00000274258	1	1	0
ENSG00000239149	5	1	4
ENSG00000252151	0	0	0
ENSG00000252969	0	0	0
ENSG00000252417	0	0	0
ENSG00000200975	0	0	0
ENSG00000201609	0	0	0
ENSG00000238482	4	1	3
ENSG00000252956	0	0	0
ENSG00000265606	0	0	0
ENSG00000284357	0	0	0
ENSG00000278034	1	0	1
ENSG00000207237	1	0	1
ENSG00000222784	0	0	0
ENSG00000266210	0	0	0
ENSG00000265961	0	0	0
ENSG00000251866	0	0	0
ENSG00000252691	0	0	0
ENSG00000264371	0	0	0
ENSG00000253005	1	0	1
ENSG00000238316	0	0	0
ENSG00000207941	0	0	0
ENSG00000264773	5	2	3
ENSG00000252448	5	1	4
ENSG00000200421	0	0	0
ENSG00000222282	3	2	1
ENSG00000199963	0	1	0
ENSG00000264698	0	0	0
ENSG00000207328	0	0	0
ENSG00000207466	0	0	0
ENSG00000252368	0	0	0
ENSG00000206779	0	0	0
ENSG00000265596	0	0	0
ENSG00000212541	7	1	6
ENSG00000200796	0	0	0
ENSG00000252190	0	0	0
ENSG00000264613	0	0	0
ENSG00000199240	0	0	0
ENSG00000277168	0	0	0
ENSG00000283724	0	0	0
ENSG00000284410	0	0	0
ENSG00000252018	0	0	0
ENSG00000206627	2	2	0
ENSG00000283414	0	0	0
ENSG00000207508	1	0	1
ENSG00000200171	0	0	0
ENSG00000207194	0	0	0
ENSG00000283477	0	0	0
ENSG00000264834	0	0	0
ENSG00000263675	7	0	7
ENSG00000266188	0	0	0
ENSG00000206981	0	0	0
ENSG00000200174	0	0	0
ENSG00000265822	0	0	0
ENSG00000265815	0	0	0
ENSG00000238653	0	0	0
ENSG00000212624	0	0	0
ENSG00000200575	0	0	0
ENSG00000212360	0	0	0
ENSG00000242860	0	0	0
ENSG00000263908	0	0	0
ENSG00000283690	0	0	0
ENSG00000199921	0	0	0
ENSG00000251825	0	0	0
ENSG00000201153	0	0	0
ENSG00000222624	0	0	0
ENSG00000223152	0	0	0
ENSG00000212308	0	0	0
ENSG00000279049	0	10	8
ENSG00000276081	0	0	0
ENSG00000239640	0	0	0
ENSG00000252338	0	0	0
ENSG00000251785	0	0	0
ENSG00000239319	0	0	0
ENSG00000222849	0	0	0
ENSG00000283749	0	0	0
ENSG00000251958	0	0	0
ENSG00000251767	0	0	0
ENSG00000243437	1	0	1
ENSG00000202263	0	0	0
ENSG00000199318	0	0	0
ENSG00000199666	0	0	0
ENSG00000200601	0	0	0
ENSG00000242482	0	0	0
ENSG00000212366	0	0	0
ENSG00000201620	0	0	0
ENSG00000206817	0	0	0
ENSG00000284247	0	0	0
ENSG00000200839	0	0	0
ENSG00000264963	0	0	0
ENSG00000264271	0	0	0
ENSG00000239504	0	0	0
ENSG00000284202	0	0	0
ENSG00000251720	1	0	1
ENSG00000274321	0	0	0
ENSG00000198974	3	0	3
ENSG00000212248	1	1	0
ENSG00000207962	0	0	0
ENSG00000276884	0	1	0
ENSG00000207234	1	1	0
ENSG00000202259	1	1	0
ENSG00000212459	0	0	0
ENSG00000278287	0	0	1
ENSG00000277565	0	0	0
ENSG00000263526	0	0	0
ENSG00000211575	0	0	0
ENSG00000275823	0	0	0
ENSG00000277689	0	0	0
ENSG00000274199	0	3	3
ENSG00000202254	0	0	0
ENSG00000244256	15	9	6
ENSG00000201491	0	0	0
ENSG00000199831	0	0	0
ENSG00000275455	0	0	0
ENSG00000252162	0	0	0
ENSG00000272051	0	0	0
ENSG00000283899	0	0	0
ENSG00000200800	0	0	0
ENSG00000207502	0	0	0
ENSG00000252530	0	0	0
ENSG00000200536	0	0	0
ENSG00000211543	0	0	0
ENSG00000252797	2	2	0
ENSG00000212266	0	0	0
ENSG00000222209	0	0	0
ENSG00000277141	0	0	0
ENSG00000215930	0	0	0
ENSG00000238761	0	0	0
ENSG00000201114	0	0	0
ENSG00000206679	0	0	0
ENSG00000264419	0	0	0
ENSG00000222069	0	0	0
ENSG00000274428	0	0	0
ENSG00000199879	0	0	0
ENSG00000274408	0	0	0
ENSG00000283676	0	0	0
ENSG00000252005	0	0	0
ENSG00000252510	0	0	0
ENSG00000207340	0	0	0
ENSG00000252830	0	0	0
ENSG00000274450	0	0	0
ENSG00000252135	0	0	0
ENSG00000278596	0	0	0
ENSG00000238825	0	0	0
ENSG00000201183	2	1	1
ENSG00000202408	0	0	0
ENSG00000252744	0	0	0
ENSG00000273768	6	1	5
ENSG00000242565	0	0	0
ENSG00000239984	0	0	0
ENSG00000283296	0	0	0
ENSG00000252717	0	0	0
ENSG00000194297	0	0	0
ENSG00000199565	0	0	0
ENSG00000277313	0	0	0
ENSG00000274940	0	1	0
ENSG00000207341	0	0	0
ENSG00000207472	0	0	0
ENSG00000206880	1	1	0
ENSG00000252552	1	0	1
ENSG00000199849	0	0	0
ENSG00000252407	0	0	0
ENSG00000212538	0	0	0
ENSG00000251813	0	0	0
ENSG00000207108	0	0	0
ENSG00000201312	0	0	0
ENSG00000207039	0	0	0
ENSG00000202491	0	0	0
ENSG00000201596	0	0	0
ENSG00000276839	0	0	0
ENSG00000207974	0	0	0
ENSG00000273629	0	0	0
ENSG00000201493	0	0	0
ENSG00000215952	0	0	0
ENSG00000200139	0	0	0
ENSG00000283575	0	0	0
ENSG00000238765	0	0	0
ENSG00000264916	0	0	0
ENSG00000212338	0	0	0
ENSG00000206659	1	1	0
ENSG00000253025	0	0	0
ENSG00000201619	0	0	0
ENSG00000201544	3	2	1
ENSG00000202498	0	0	0
ENSG00000221545	0	0	0
ENSG00000252906	1	0	1
ENSG00000206692	0	0	0
ENSG00000202329	0	0	0
ENSG00000242794	0	0	0
ENSG00000212144	0	0	0
ENSG00000283340	0	0	0
ENSG00000252860	0	0	0
ENSG00000252501	0	0	0
ENSG00000263390	0	0	0
ENSG00000207181	2	0	2
ENSG00000265744	0	0	0
ENSG00000264377	0	0	0
ENSG00000207149	0	0	0
ENSG00000283936	0	0	0
ENSG00000284485	0	0	0
ENSG00000201638	0	0	0
ENSG00000275213	0	0	0
ENSG00000239494	5	3	2
ENSG00000212230	0	0	0
ENSG00000252371	0	0	0
ENSG00000199442	0	0	0
ENSG00000200033	2	2	0
ENSG00000239690	0	0	0
ENSG00000202184	2	0	2
ENSG00000241395	0	0	0
ENSG00000200982	0	0	0
ENSG00000275207	0	0	0
ENSG00000202300	1	1	0
ENSG00000222407	0	0	0
ENSG00000222986	0	0	0
ENSG00000265435	0	0	0
ENSG00000272262	0	0	0
ENSG00000200495	1	0	1
ENSG00000202609	0	0	0
ENSG00000252553	0	0	0
ENSG00000206764	0	0	0
ENSG00000222240	0	0	0
ENSG00000212187	0	0	0
ENSG00000206637	0	0	0
ENSG00000253097	0	0	0
ENSG00000200036	0	0	0
ENSG00000201421	0	0	0
ENSG00000212610	0	0	0
ENSG00000252484	0	0	0
ENSG00000201944	4	1	3
ENSG00000200327	0	0	0
ENSG00000206905	0	0	0
ENSG00000200972	0	0	0
ENSG00000243051	1	1	0
ENSG00000252011	0	0	0
ENSG00000207326	0	0	0
ENSG00000212205	0	0	0
ENSG00000253042	1	1	0
ENSG00000274121	0	0	0
ENSG00000264358	0	0	0
ENSG00000206640	0	0	0
ENSG00000212527	0	0	0
ENSG00000252879	0	0	0
ENSG00000252612	3	2	1
ENSG00000202264	1	0	1
ENSG00000285609	0	0	0
ENSG00000206762	9	5	4
ENSG00000252084	0	0	0
ENSG00000200085	0	0	0
ENSG00000264500	3	3	0
ENSG00000202025	0	0	0
ENSG00000225545	0	0	0
ENSG00000206990	0	0	0
ENSG00000230175	2	0	2
ENSG00000225272	2	1	1
ENSG00000215838	4	0	4
ENSG00000273365	1	1	0
ENSG00000224358	5	2	3
ENSG00000230659	0	0	0
ENSG00000162545	226	113	113
ENSG00000090432	458	229	229
ENSG00000215520	0	0	0
ENSG00000183114	16	8	8
ENSG00000158825	176	83	93
ENSG00000158828	298	531	565
ENSG00000284005	0	0	0
ENSG00000117242	100	477	421
ENSG00000234473	2	2	0
ENSG00000238754	0	0	0
ENSG00000134371	858	437	423
ENSG00000221680	0	0	0
ENSG00000162630	31	10	21
ENSG00000276735	0	0	2
ENSG00000232077	4	2	2
ENSG00000229639	0	0	0
ENSG00000287453	0	0	0
ENSG00000270615	0	0	0
ENSG00000287283	0	0	0
ENSG00000240692	0	0	0
ENSG00000229359	0	0	0
ENSG00000237919	0	0	0
ENSG00000066557	432	232	200
ENSG00000244389	0	0	0
ENSG00000228988	2	1	1
ENSG00000118454	753	399	354
ENSG00000226088	3	3	0
ENSG00000116761	257	121	136
ENSG00000278636	1	1	0
ENSG00000271992	12	5	7
ENSG00000233020	0	0	0
ENSG00000237033	0	0	0
ENSG00000226208	0	0	0
ENSG00000007968	634	305	329
ENSG00000235052	1	0	1
ENSG00000117318	1277	642	635
ENSG00000285802	1	0	1
ENSG00000229239	0	0	0
ENSG00000142676	9616	4660	4956
ENSG00000057757	676	341	335
ENSG00000011009	758	365	393
ENSG00000117308	338	163	175
ENSG00000273844	0	0	0
ENSG00000235748	13	7	6
ENSG00000237861	3	3	0
ENSG00000221879	0	0	0
ENSG00000230260	0	0	0
ENSG00000199241	0	0	0
ENSG00000226919	0	0	0
ENSG00000223963	1	0	1
ENSG00000215802	0	0	0
ENSG00000233615	0	0	0
ENSG00000238085	0	0	0
ENSG00000265831	0	0	0
ENSG00000224348	0	0	0
ENSG00000286496	1	1	0
ENSG00000287516	0	0	0
ENSG00000287738	1	0	1
ENSG00000132703	0	0	0
ENSG00000276632	0	0	0
ENSG00000223603	0	0	0
ENSG00000132693	1	1	0
ENSG00000235226	0	0	0
ENSG00000158716	281	127	154
ENSG00000181036	53	26	27
ENSG00000158714	129	331	319
ENSG00000212161	0	0	0
ENSG00000243284	0	1	0
ENSG00000272668	110	63	55
ENSG00000213085	14	7	7
ENSG00000266458	0	0	0
ENSG00000287040	0	0	0
ENSG00000279430	3	2	1
ENSG00000162723	27	18	9
ENSG00000273933	0	0	0
ENSG00000256029	1	110	129
ENSG00000188004	1	1	0
ENSG00000266580	0	0	0
ENSG00000254545	3	6	5
ENSG00000203620	1	0	1
ENSG00000269967	41	23	18
ENSG00000228634	18	9	9
ENSG00000284702	0	0	0
ENSG00000221040	0	0	0
ENSG00000287217	0	0	0
ENSG00000163399	1607	2374	2406
ENSG00000212385	0	0	0
ENSG00000233154	4	3	1
ENSG00000230381	0	0	0
ENSG00000200547	0	0	0
ENSG00000224950	39	20	24
ENSG00000286276	5	7	3
ENSG00000177888	578	288	290
ENSG00000243364	77	35	42
ENSG00000251246	0	0	0
ENSG00000143590	26	11	15
ENSG00000202027	0	0	0
ENSG00000169242	233	120	113
ENSG00000169241	2121	1052	1069
ENSG00000223452	0	0	0
ENSG00000163463	297	165	132
ENSG00000273088	0	0	0
ENSG00000284586	0	0	0
ENSG00000169231	361	315	325
ENSG00000236263	0	13	8
ENSG00000236675	19	6	13
ENSG00000177628	596	324	272
ENSG00000116521	1019	497	522
ENSG00000176444	1590	791	799
ENSG00000143630	80	43	49
ENSG00000143627	1	8	5
ENSG00000253074	0	0	0
ENSG00000252116	0	0	0
ENSG00000228523	0	0	0
ENSG00000223263	7	3	4
ENSG00000207504	0	0	0
ENSG00000238139	0	0	0
ENSG00000197721	1	0	1
ENSG00000244703	1	0	1
ENSG00000226289	0	0	0
ENSG00000285239	0	0	0
ENSG00000234219	3	2	1
ENSG00000174059	924	445	479
ENSG00000285719	5	4	1
ENSG00000284237	19	6	13
ENSG00000158731	0	0	0
ENSG00000201746	2	1	1
ENSG00000264881	1	0	1
ENSG00000199562	1	0	1
ENSG00000264501	0	0	0
ENSG00000284735	10	2	8
ENSG00000284642	23	14	9
ENSG00000142657	1665	834	831
ENSG00000271989	0	0	4
ENSG00000251503	4	2	3
ENSG00000175279	31	10	21
ENSG00000160049	705	414	392
ENSG00000203469	0	25	33
ENSG00000236035	3	3	0
ENSG00000221643	8	5	3
ENSG00000122188	3105	1569	1536
ENSG00000288644	0	0	0
ENSG00000227417	7	5	2
ENSG00000223505	22	9	13
ENSG00000182004	501	265	236
ENSG00000236430	2	0	2
ENSG00000130768	825	601	572
ENSG00000227050	1	181	176
ENSG00000238231	12	8	4
ENSG00000240750	5	2	3
ENSG00000158156	546	293	262
ENSG00000182118	173	84	89
ENSG00000283799	0	0	0
ENSG00000227934	6	2	4
ENSG00000229595	0	0	0
ENSG00000143633	325	177	148
ENSG00000281912	12	8	9
ENSG00000288208	0	0	0
ENSG00000132773	257	147	164
ENSG00000070759	178	97	96
ENSG00000236872	0	0	0
ENSG00000280670	411	214	197
ENSG00000132763	269	992	678
ENSG00000221953	3	1	2
ENSG00000226164	0	0	0
ENSG00000224014	2	0	2
ENSG00000215795	9	2	7
ENSG00000259865	664	318	346
ENSG00000227671	1711	789	922
ENSG00000283881	0	0	0
ENSG00000252516	7	0	7
ENSG00000232347	1	1	0
ENSG00000214144	1	1	0
ENSG00000235818	0	0	0
ENSG00000197617	1	0	1
ENSG00000202079	0	0	0
ENSG00000286216	3	3	4
ENSG00000203664	0	0	0
ENSG00000169224	30	17	13
ENSG00000236817	0	1	0
ENSG00000177489	0	0	0
ENSG00000177476	0	0	0
ENSG00000283369	0	0	0
ENSG00000230411	0	0	0
ENSG00000251977	0	0	0
ENSG00000252254	0	0	0
ENSG00000227854	0	0	0
ENSG00000287589	0	0	0
ENSG00000259776	0	0	0
ENSG00000233355	229	116	116
ENSG00000234601	0	0	0
ENSG00000231979	0	0	0
ENSG00000215805	0	0	0
ENSG00000287102	0	0	0
ENSG00000217327	0	0	0
ENSG00000228818	0	0	0
ENSG00000202041	0	0	0
ENSG00000223694	0	0	0
ENSG00000233735	0	0	0
ENSG00000133019	19	12	10
ENSG00000162636	556	293	263
ENSG00000162639	137	70	68
ENSG00000285923	5	2	4
ENSG00000134186	3238	1624	1614
ENSG00000143107	4	4	0
ENSG00000232971	0	0	0
ENSG00000116266	1066	528	538
ENSG00000228076	1	0	1
ENSG00000203897	0	1	0
ENSG00000237349	0	0	0
ENSG00000244716	5	4	1
ENSG00000228665	1	0	1
ENSG00000228054	0	0	0
ENSG00000273382	37	20	51
ENSG00000215717	916	497	453
ENSG00000278249	0	0	0
ENSG00000270066	0	0	0
ENSG00000251484	0	0	0
ENSG00000132676	1735	855	930
ENSG00000227673	2	2	0
ENSG00000203761	313	170	178
ENSG00000234937	8	4	4
ENSG00000132718	557	274	283
ENSG00000283442	0	0	0
ENSG00000143622	648	317	331
ENSG00000132680	2475	1271	1204
ENSG00000207475	10	7	3
ENSG00000280466	0	0	0
ENSG00000281394	0	0	0
ENSG00000277817	5	4	1
ENSG00000273002	63	35	28
ENSG00000224276	6	3	3
ENSG00000285677	7	484	644
ENSG00000163479	4125	2625	2621
ENSG00000160803	797	387	410
ENSG00000132698	17	8	9
ENSG00000252236	1	0	1
ENSG00000260238	0	0	0
ENSG00000242252	11	6	5
ENSG00000198952	2150	1090	1060
ENSG00000163472	147	239	210
ENSG00000163468	2429	1185	1248
ENSG00000132677	0	0	0
ENSG00000237390	0	0	0
ENSG00000207933	0	0	0
ENSG00000254726	62	39	23
ENSG00000186377	30	16	14
ENSG00000186160	0	0	0
ENSG00000225154	0	0	0
ENSG00000225506	1	1	0
ENSG00000225514	0	0	0
ENSG00000224805	3	3	0
ENSG00000162366	5	3	2
ENSG00000226252	16	15	10
ENSG00000225762	14	8	6
ENSG00000186790	3	2	1
ENSG00000237424	77	38	39
ENSG00000189030	0	0	0
ENSG00000162763	0	0	0
ENSG00000143061	46	28	18
ENSG00000135821	8632	4278	4354
ENSG00000203740	1	0	1
ENSG00000162374	50	22	28
ENSG00000168275	201	130	136
ENSG00000241563	5	4	1
ENSG00000153207	1137	564	573
ENSG00000156869	260	112	148
ENSG00000033122	43	20	23
ENSG00000143278	0	0	0
ENSG00000116678	347	161	186
ENSG00000159352	1544	739	805
ENSG00000158710	4802	2386	2416
ENSG00000162734	1867	956	1034
ENSG00000049239	2369	1147	1222
ENSG00000186564	9	6	3
ENSG00000244038	5211	2577	2634
ENSG00000158747	1586	779	807
ENSG00000116690	90	156	99
ENSG00000126091	78	39	39
ENSG00000162383	28	14	14
ENSG00000171163	1163	579	584
ENSG00000172456	91	50	41
ENSG00000162946	203	93	110
ENSG00000158786	0	0	0
ENSG00000118733	17	11	6
ENSG00000157870	353	243	233
ENSG00000179085	366	187	179
ENSG00000173080	5	2	3
ENSG00000183347	11	6	5
ENSG00000276470	0	0	0
ENSG00000278852	0	0	0
ENSG00000275915	0	0	0
ENSG00000120937	0	0	0
ENSG00000224904	0	0	0
ENSG00000285646	20	9	11
ENSG00000199347	0	0	0
ENSG00000201801	2	2	0
ENSG00000116685	1356	648	708
ENSG00000083444	2963	1408	1555
ENSG00000287384	0	0	0
ENSG00000270914	0	0	0
ENSG00000116691	699	347	352
ENSG00000202461	2	1	1
ENSG00000276869	0	0	0
ENSG00000243539	0	0	0
ENSG00000120949	48	22	26
ENSG00000201135	0	0	0
ENSG00000227875	0	0	0
ENSG00000285604	0	0	0
ENSG00000283789	0	0	0
ENSG00000263676	0	0	0
ENSG00000200591	5	3	2
ENSG00000162521	2650	2017	2029
ENSG00000162520	55	700	751
ENSG00000224409	0	0	0
ENSG00000162522	202	105	97
ENSG00000116497	1563	829	764
ENSG00000160097	22	10	12
ENSG00000121905	7	25	26
ENSG00000121900	66	56	54
ENSG00000287691	13	5	10
ENSG00000278966	5	3	2
ENSG00000143222	1121	623	688
ENSG00000224985	6	51	145
ENSG00000143224	512	317	337
ENSG00000158850	1512	836	817
ENSG00000158859	2937	1434	1504
ENSG00000158869	1315	610	705
ENSG00000158874	2	2	0
ENSG00000158882	172	141	129
ENSG00000284035	0	0	0
ENSG00000143257	9	62	45
ENSG00000248485	6	2	4
ENSG00000188931	47	18	30
ENSG00000236484	1	1	0
ENSG00000283696	13	7	6
ENSG00000288093	19	12	7
ENSG00000206921	0	0	0
ENSG00000215840	6	2	4
ENSG00000277882	0	0	0
ENSG00000283317	10	6	4
ENSG00000277762	0	0	0
ENSG00000227139	1	0	1
ENSG00000265107	158	120	114
ENSG00000274415	0	36	40
ENSG00000234190	0	0	0
ENSG00000223728	0	0	0
ENSG00000121634	0	0	0
ENSG00000188092	266	137	129
ENSG00000215859	52	29	41
ENSG00000273059	0	8	9
ENSG00000274372	49	22	28
ENSG00000206791	0	0	0
ENSG00000206585	1	0	1
ENSG00000229828	1	0	1
ENSG00000225080	1	1	0
ENSG00000198658	3	3	0
ENSG00000238382	0	0	0
ENSG00000225919	0	0	0
ENSG00000236497	0	0	0
ENSG00000207190	0	0	0
ENSG00000200508	0	0	0
ENSG00000284928	0	0	0
ENSG00000223949	8	5	3
ENSG00000116688	1560	757	803
ENSG00000188800	1	0	1
ENSG00000084073	1226	676	551
ENSG00000231296	1	1	1
ENSG00000049089	355	161	194
ENSG00000227311	1	1	0
ENSG00000213172	1	0	1
ENSG00000284677	6	5	1
ENSG00000187801	81	36	45
ENSG00000260920	106	57	49
ENSG00000158887	99	53	46
ENSG00000255054	0	0	0
ENSG00000228172	7	128	150
ENSG00000117640	597	367	414
ENSG00000272478	0	0	0
ENSG00000127423	30	20	13
ENSG00000182749	139	87	95
ENSG00000207302	0	0	0
ENSG00000117632	1433	662	771
ENSG00000229786	1	1	0
ENSG00000223624	0	0	0
ENSG00000283938	0	0	0
ENSG00000199385	0	0	0
ENSG00000187147	984	610	666
ENSG00000263381	0	0	0
ENSG00000126106	68	199	161
ENSG00000198520	79	35	44
ENSG00000199377	0	0	0
ENSG00000200169	3	3	0
ENSG00000142945	324	183	177
ENSG00000142937	16582	8624	8419
ENSG00000264294	0	0	0
ENSG00000200913	37	17	20
ENSG00000202031	4	3	1
ENSG00000207421	0	0	0
ENSG00000281859	0	0	0
ENSG00000234093	1	1	0
ENSG00000142959	13	4	9
ENSG00000173846	601	319	305
ENSG00000117425	159	80	79
ENSG00000202444	0	0	0
ENSG00000226499	15	10	5
ENSG00000070785	450	223	227
ENSG00000253039	0	0	0
ENSG00000229815	0	0	0
ENSG00000232369	0	0	0
ENSG00000268949	3	1	2
ENSG00000126107	981	474	549
ENSG00000126088	716	385	373
ENSG00000234315	2	0	2
ENSG00000162408	813	419	394
ENSG00000229519	10	7	3
ENSG00000173662	9	5	4
ENSG00000204859	643	318	325
ENSG00000288629	0	0	0
ENSG00000230735	5	1	8
ENSG00000171488	964	496	468
ENSG00000226394	2	0	2
ENSG00000237200	5	3	2
ENSG00000070886	1	1	0
ENSG00000276835	0	0	0
ENSG00000265422	0	0	0
ENSG00000223776	0	3	21
ENSG00000273058	67	32	35
ENSG00000230325	6	6	15
ENSG00000119285	955	837	841
ENSG00000226498	1	0	1
ENSG00000237991	0	0	0
ENSG00000244020	1	0	1
ENSG00000288099	0	0	0
ENSG00000225886	4	0	4
ENSG00000206767	0	0	0
ENSG00000226662	0	0	0
ENSG00000207095	0	0	0
ENSG00000287244	1	1	0
ENSG00000231344	4	1	3
ENSG00000230833	2	1	1
ENSG00000117758	1180	624	556
ENSG00000269971	2	0	2
ENSG00000270031	32	16	16
ENSG00000223062	0	0	0
ENSG00000286433	0	8	18
ENSG00000117751	715	355	386
ENSG00000252947	0	0	0
ENSG00000130775	3173	1513	1662
ENSG00000117748	647	317	332
ENSG00000223643	0	0	0
ENSG00000230239	0	0	0
ENSG00000263811	0	0	0
ENSG00000277234	0	0	0
ENSG00000235241	0	7	18
ENSG00000207005	0	0	0
ENSG00000272426	10	4	6
ENSG00000117122	306	209	186
ENSG00000286898	1	46	44
ENSG00000226526	1	18	7
ENSG00000159363	424	230	206
ENSG00000117118	821	395	426
ENSG00000117115	172	92	80
ENSG00000204362	3	2	1
ENSG00000282843	0	0	0
ENSG00000142623	1	1	0
ENSG00000142619	0	0	0
ENSG00000266634	0	0	0
ENSG00000199459	0	0	0
ENSG00000273264	1	0	1
ENSG00000282057	15	8	7
ENSG00000272691	1	1	0
ENSG00000199934	0	0	0
ENSG00000230285	0	0	0
ENSG00000142871	6021	2915	3106
ENSG00000226643	0	0	0
ENSG00000234419	0	0	0
ENSG00000276997	10	6	4
ENSG00000222399	0	0	0
ENSG00000267305	0	0	0
ENSG00000143512	13	8	5
ENSG00000143498	120	56	65
ENSG00000225265	18	10	9
ENSG00000154305	1876	1055	1068
ENSG00000229399	2	1	1
ENSG00000272750	77	187	134
ENSG00000186063	397	221	189
ENSG00000162819	839	449	400
ENSG00000287684	36	15	27
ENSG00000234523	1	0	1
ENSG00000287338	9	5	4
ENSG00000187554	98	54	44
ENSG00000236846	0	0	0
ENSG00000226601	0	0	0
ENSG00000164010	165	125	129
ENSG00000164011	214	95	119
ENSG00000233708	0	0	0
ENSG00000237090	0	0	0
ENSG00000225099	0	0	0
ENSG00000284138	4	1	3
ENSG00000283973	2	2	4
ENSG00000207256	0	0	0
ENSG00000283136	0	0	0
ENSG00000277513	0	0	0
ENSG00000154309	157	70	87
ENSG00000226967	1	1	0
ENSG00000231407	14	11	14
ENSG00000229570	0	0	0
ENSG00000203857	1	1	0
ENSG00000226443	3	1	2
ENSG00000249798	0	0	0
ENSG00000239873	1	1	0
ENSG00000203855	0	0	0
ENSG00000240244	2	2	0
ENSG00000260941	30	16	14
ENSG00000198857	9	4	5
ENSG00000143067	325	171	154
ENSG00000134240	16	9	7
ENSG00000134193	80	37	43
ENSG00000215864	0	0	0
ENSG00000227205	0	0	0
ENSG00000226446	0	0	0
ENSG00000134249	0	0	0
ENSG00000092621	865	445	420
ENSG00000027644	8	5	4
ENSG00000241992	0	0	0
ENSG00000234226	0	0	0
ENSG00000137970	106	3	103
ENSG00000223229	0	0	0
ENSG00000285698	0	0	0
ENSG00000228035	1	0	1
ENSG00000287103	0	0	0
ENSG00000226973	0	0	0
ENSG00000274468	0	0	0
ENSG00000130764	927	519	493
ENSG00000266075	4	3	2
ENSG00000272153	43	61	66
ENSG00000230026	0	0	0
ENSG00000285177	1	1	0
ENSG00000284770	124	208	195
ENSG00000229795	0	0	0
ENSG00000238236	0	0	0
ENSG00000235638	0	0	0
ENSG00000231199	0	0	0
ENSG00000226663	0	0	0
ENSG00000231582	0	0	0
ENSG00000232714	0	0	0
ENSG00000235761	0	0	0
ENSG00000270710	0	0	0
ENSG00000227236	0	0	0
ENSG00000198837	1576	805	834
ENSG00000160741	1212	613	599
ENSG00000276584	0	0	0
ENSG00000282386	19	7	12
ENSG00000273026	8	5	3
ENSG00000143578	127	104	76
ENSG00000143543	337	83	286
ENSG00000285641	0	10	14
ENSG00000143545	426	144	282
ENSG00000177954	8155	4268	3887
ENSG00000231416	0	0	0
ENSG00000200220	1	1	0
ENSG00000231837	1	0	1
ENSG00000263987	0	0	0
ENSG00000162642	532	243	289
ENSG00000223254	0	0	0
ENSG00000223653	8	13	19
ENSG00000116198	969	487	483
ENSG00000169598	349	176	174
ENSG00000226653	0	0	0
ENSG00000207209	0	0	0
ENSG00000272443	0	0	0
ENSG00000272480	0	0	0
ENSG00000288626	0	0	0
ENSG00000162836	233	114	119
ENSG00000207080	0	0	0
ENSG00000231791	0	0	0
ENSG00000244568	0	0	0
ENSG00000271387	3	2	1
ENSG00000116667	463	230	233
ENSG00000230470	2	0	2
ENSG00000232036	2	1	1
ENSG00000285847	8	4	4
ENSG00000286378	2	1	1
ENSG00000215381	0	0	0
ENSG00000261326	545	279	266
ENSG00000284726	11	4	7
ENSG00000125945	237	111	150
ENSG00000201405	0	0	0
ENSG00000271420	0	0	0
ENSG00000204219	61	29	32
ENSG00000232482	0	0	0
ENSG00000285779	0	0	0
ENSG00000162885	572	565	531
ENSG00000270780	0	0	0
ENSG00000232895	0	0	0
ENSG00000273698	0	0	0
ENSG00000273112	6	3	3
ENSG00000173110	1680	783	897
ENSG00000224203	0	0	0
ENSG00000224515	0	0	0
ENSG00000225217	1377	635	742
ENSG00000231586	1	0	1
ENSG00000234211	9	57	69
ENSG00000213075	13	7	6
ENSG00000143125	7	6	5
ENSG00000270380	0	1	3
ENSG00000282887	0	0	0
ENSG00000283999	0	0	0
ENSG00000240194	0	0	0
ENSG00000235407	0	0	0
ENSG00000143105	0	0	0
ENSG00000199710	0	0	0
ENSG00000237415	1	0	1
ENSG00000232791	0	0	0
ENSG00000177301	332	168	164
ENSG00000226828	2	1	1
ENSG00000279774	0	0	0
ENSG00000229960	0	0	0
ENSG00000286486	0	0	0
ENSG00000244066	0	0	0
ENSG00000237759	0	0	0
ENSG00000287531	0	0	0
ENSG00000225855	267	785	733
ENSG00000283701	2	2	0
ENSG00000207134	0	0	0
ENSG00000227773	1	1	0
ENSG00000207144	1	1	0
ENSG00000237872	6	3	3
ENSG00000271267	15	7	8
ENSG00000225082	0	0	0
ENSG00000223503	2	0	2
ENSG00000232519	1	1	2
ENSG00000160752	972	1106	1092
ENSG00000121957	203	966	892
ENSG00000235089	0	0	0
ENSG00000285179	0	0	0
ENSG00000223026	0	0	0
ENSG00000225721	5	43	464
ENSG00000188396	32	34	21
ENSG00000202167	0	0	0
ENSG00000207349	0	0	0
ENSG00000252826	0	0	0
ENSG00000206737	0	0	0
ENSG00000223779	0	0	0
ENSG00000242352	1	1	0
ENSG00000270962	0	0	0
ENSG00000263590	0	0	0
ENSG00000252105	0	0	0
ENSG00000233430	0	0	0
ENSG00000237503	0	0	0
ENSG00000265531	9	4	5
ENSG00000234571	2	2	0
ENSG00000230186	0	0	0
ENSG00000268074	0	0	0
ENSG00000270872	2	1	1
ENSG00000276674	0	0	0
ENSG00000082482	7	4	3
ENSG00000116747	984	608	611
ENSG00000118729	28	17	11
ENSG00000134207	0	0	0
ENSG00000163467	24	15	13
ENSG00000243710	4	7	6
ENSG00000117395	753	358	404
ENSG00000116874	146	78	95
ENSG00000065600	329	160	169
ENSG00000009780	279	148	131
ENSG00000023572	447	317	325
ENSG00000077254	1583	788	795
ENSG00000134644	1590	794	796
ENSG00000215788	493	266	263
ENSG00000117834	26	11	18
ENSG00000117625	1128	583	545
ENSG00000179902	0	0	0
ENSG00000020633	943	455	488
ENSG00000121766	357	231	231
ENSG00000143157	990	476	514
ENSG00000162614	460	216	263
ENSG00000160781	107	45	62
ENSG00000143344	724	375	349
ENSG00000162613	3768	2026	1742
ENSG00000116882	2	2	0
ENSG00000198758	31	12	19
ENSG00000117569	795	388	407
ENSG00000142856	269	165	174
ENSG00000158022	6	5	1
ENSG00000116396	351	177	174
ENSG00000058668	2752	1367	1385
ENSG00000163875	727	351	376
ENSG00000282872	0	0	0
ENSG00000131238	1579	759	820
ENSG00000171680	380	234	146
ENSG00000244457	0	0	0
ENSG00000116977	968	912	899
ENSG00000229372	0	108	105
ENSG00000274975	0	0	1
ENSG00000229348	1	0	1
ENSG00000242485	1416	796	793
ENSG00000264293	0	0	0
ENSG00000272455	71	30	41
ENSG00000225905	1	3	1
ENSG00000225285	5	1	4
ENSG00000179403	857	398	459
ENSG00000215915	155	78	77
ENSG00000236085	0	0	0
ENSG00000234441	0	0	0
ENSG00000227408	0	0	0
ENSG00000223635	0	0	0
ENSG00000135776	548	255	293
ENSG00000199672	0	0	0
ENSG00000201492	2	0	2
ENSG00000229367	0	0	0
ENSG00000135763	254	117	137
ENSG00000213028	3	1	2
ENSG00000225984	0	0	0
ENSG00000178828	0	0	0
ENSG00000235434	0	0	0
ENSG00000169914	514	259	255
ENSG00000188784	0	0	0
ENSG00000242688	0	0	0
ENSG00000177186	0	0	0
ENSG00000177174	0	0	0
ENSG00000269956	36	78	85
ENSG00000162456	0	0	0
ENSG00000079277	1181	636	672
ENSG00000117407	37	23	14
ENSG00000237950	77	38	39
ENSG00000117408	855	428	427
ENSG00000285649	2	31	40
ENSG00000117410	2162	1099	1064
ENSG00000159214	60	35	37
ENSG00000196517	283	147	148
ENSG00000227163	2	1	1
ENSG00000271647	0	7	1
ENSG00000239560	0	0	0
ENSG00000196539	0	0	0
ENSG00000229255	3	1	2
ENSG00000203661	0	0	0
ENSG00000271934	0	0	0
ENSG00000224521	0	0	0
ENSG00000227102	0	0	0
ENSG00000183310	0	0	0
ENSG00000201602	0	0	0
ENSG00000271701	0	0	0
ENSG00000189181	0	0	0
ENSG00000187238	0	0	0
ENSG00000185962	0	0	0
ENSG00000226947	0	0	0
ENSG00000285753	0	0	0
ENSG00000187223	0	0	0
ENSG00000159455	0	0	0
ENSG00000187173	0	0	0
ENSG00000204501	0	0	0
ENSG00000228229	0	0	0
ENSG00000204481	0	0	0
ENSG00000204479	0	0	0
ENSG00000172031	21	16	5
ENSG00000233228	0	0	0
ENSG00000224678	0	0	0
ENSG00000233401	0	0	0
ENSG00000273487	8	4	4
ENSG00000226773	0	0	0
ENSG00000274481	0	0	0
ENSG00000228594	47	30	17
ENSG00000286989	14	5	9
ENSG00000272106	126	74	69
ENSG00000189409	16	13	4
ENSG00000272004	0	22	30
ENSG00000189339	2081	1058	1076
ENSG00000269737	296	125	171
ENSG00000215914	1	1	0
ENSG00000008128	139	76	63
ENSG00000268575	66	65	55
ENSG00000227775	464	252	285
ENSG00000008130	1607	823	784
ENSG00000078369	4721	2291	2430
ENSG00000178821	22	10	12
ENSG00000158477	12	7	5
ENSG00000230942	0	0	0
ENSG00000158481	114	52	62
ENSG00000158485	14	6	8
ENSG00000158488	4	2	2
ENSG00000186306	0	0	0
ENSG00000203758	0	0	0
ENSG00000236257	3	0	3
ENSG00000236656	0	0	0
ENSG00000198703	0	0	0
ENSG00000227445	0	0	0
ENSG00000231434	0	0	0
ENSG00000117505	1538	790	779
ENSG00000229635	2	1	1
ENSG00000207379	0	0	0
ENSG00000212601	0	0	0
ENSG00000162889	5002	2498	2505
ENSG00000224114	93	16	78
ENSG00000199349	4	4	0
ENSG00000162892	959	783	753
ENSG00000162894	647	640	584
ENSG00000271680	13	5	8
ENSG00000226945	6	3	3
ENSG00000162896	537	259	278
ENSG00000162897	1	1	0
ENSG00000182795	1	1	0
ENSG00000198890	241	130	111
ENSG00000224550	0	0	0
ENSG00000142669	1963	1286	1382
ENSG00000169442	416	381	348
ENSG00000225854	0	0	0
ENSG00000176083	66	31	35
ENSG00000229167	6	4	3
ENSG00000142910	1122	566	557
ENSG00000162517	654	365	365
ENSG00000235790	6	37	28
ENSG00000264078	1	1	0
ENSG00000241745	0	0	0
ENSG00000228407	1	1	0
ENSG00000223429	0	0	0
ENSG00000224255	0	0	0
ENSG00000236004	0	0	0
ENSG00000237663	0	0	0
ENSG00000213735	0	0	0
ENSG00000272100	14	58	63
ENSG00000287078	9	8	1
ENSG00000224680	1	0	1
ENSG00000085840	148	64	84
ENSG00000283445	11	6	5
ENSG00000272226	1	0	1
ENSG00000231740	0	0	0
ENSG00000143751	730	377	353
ENSG00000272562	5	3	5
ENSG00000163041	906	535	374
ENSG00000225518	3	3	0
ENSG00000270598	0	0	0
ENSG00000182827	1855	972	1024
ENSG00000234478	22	81	82
ENSG00000223570	0	0	0
ENSG00000185155	341	179	162
ENSG00000236773	0	1	0
ENSG00000143753	1424	687	738
ENSG00000201898	0	0	0
ENSG00000237101	8	57	35
ENSG00000143748	