N_unmapped	67044	67044	67044
N_multimapping	855303	855303	855303
N_noFeature	1567568	5121945	5009251
N_ambiguous	532746	132632	128900
ENSG00000160072	288	128	160
ENSG00000234396	2	3	0
ENSG00000225972	35	10	25
ENSG00000224315	0	0	0
ENSG00000198744	82	15	67
ENSG00000279928	0	0	0
ENSG00000228037	7	4	3
ENSG00000142611	54	24	30
ENSG00000225630	3062	1845	1217
ENSG00000284616	0	0	0
ENSG00000157911	37	79	76
ENSG00000269896	3	2	1
ENSG00000237973	255	136	184
ENSG00000228463	0	0	1
ENSG00000260972	0	0	0
ENSG00000157933	997	507	492
ENSG00000224340	0	0	0
ENSG00000226545	0	0	0
ENSG00000268663	0	0	0
ENSG00000226374	0	0	0
ENSG00000229280	0	0	0
ENSG00000142655	65	33	39
ENSG00000232596	0	0	0
ENSG00000235054	0	0	0
ENSG00000232663	0	0	0
ENSG00000240409	0	0	0
ENSG00000229344	30	19	25
ENSG00000231510	0	0	0
ENSG00000149527	82	36	46
ENSG00000284739	0	0	0
ENSG00000171621	504	255	249
ENSG00000272235	3	2	1
ENSG00000284694	0	0	0
ENSG00000230021	1	17	10
ENSG00000287356	12	7	8
ENSG00000224387	0	0	0
ENSG00000285629	0	0	0
ENSG00000173673	0	0	0
ENSG00000142583	61	25	36
ENSG00000284674	0	0	0
ENSG00000272161	0	0	0
ENSG00000237094	7	4	3
ENSG00000224338	0	0	0
ENSG00000074800	2120	1062	1061
ENSG00000116786	592	327	315
ENSG00000287727	1	1	0
ENSG00000228423	0	0	0
ENSG00000286448	0	1	0
ENSG00000131686	0	0	0
ENSG00000229305	0	0	0
ENSG00000284703	2	2	0
ENSG00000226457	0	0	0
ENSG00000173614	25	15	11
ENSG00000248527	11254	5042	6212
ENSG00000215720	1	0	1
ENSG00000241326	0	0	0
ENSG00000233623	1	1	0
ENSG00000162592	3	3	3
ENSG00000116254	12	6	6
ENSG00000233645	0	0	0
ENSG00000204624	11	8	4
ENSG00000142606	5	13	15
ENSG00000235146	0	0	0
ENSG00000225931	5	2	3
ENSG00000171729	47	23	26
ENSG00000279457	19	10	10
ENSG00000162571	19	10	10
ENSG00000229393	0	0	0
ENSG00000037637	132	69	63
ENSG00000287586	1	0	1
ENSG00000159423	64	27	37
ENSG00000142599	947	399	548
ENSG00000227169	0	0	0
ENSG00000283356	0	0	0
ENSG00000011021	211	112	107
ENSG00000142615	4	2	2
ENSG00000215704	10	9	3
ENSG00000157916	265	188	195
ENSG00000157881	93	48	45
ENSG00000238290	0	0	0
ENSG00000225387	0	0	0
ENSG00000048707	485	229	256
ENSG00000158748	6	4	2
ENSG00000225196	0	0	0
ENSG00000162444	47	25	22
ENSG00000279625	0	0	0
ENSG00000180758	38	15	23
ENSG00000184677	311	174	137
ENSG00000230679	1	0	4
ENSG00000270136	1	0	1
ENSG00000288398	8	5	3
ENSG00000224621	0	0	0
ENSG00000285833	0	1	0
ENSG00000131697	111	49	64
ENSG00000284692	0	0	0
ENSG00000284745	4	1	3
ENSG00000280222	0	0	0
ENSG00000227634	0	0	0
ENSG00000285945	0	0	0
ENSG00000229162	4	1	3
ENSG00000197921	0	0	0
ENSG00000233755	0	0	0
ENSG00000233929	2	2	0
ENSG00000271742	4	3	1
ENSG00000226396	21	9	12
ENSG00000169504	3007	1523	1484
ENSG00000234166	0	5	1
ENSG00000235282	0	0	0
ENSG00000055070	490	333	328
ENSG00000175087	51	25	26
ENSG00000157191	253	128	126
ENSG00000284699	0	0	0
ENSG00000230035	0	0	0
ENSG00000235185	2	2	0
ENSG00000225643	2	1	1
ENSG00000284666	0	0	0
ENSG00000228943	0	0	0
ENSG00000234397	0	0	0
ENSG00000284309	0	0	0
ENSG00000162511	1191	1133	1097
ENSG00000158014	11	4	7
ENSG00000204138	419	209	210
ENSG00000233419	0	0	0
ENSG00000235263	0	0	0
ENSG00000228176	0	0	0
ENSG00000231251	0	0	0
ENSG00000142675	50	25	25
ENSG00000197245	102	44	58
ENSG00000261025	1	0	1
ENSG00000116237	282	156	139
ENSG00000130772	62	30	32
ENSG00000215899	0	0	0
ENSG00000271398	1	0	1
ENSG00000225011	0	0	0
ENSG00000235069	0	0	0
ENSG00000284676	0	0	0
ENSG00000237058	1	1	0
ENSG00000233399	0	0	0
ENSG00000090020	550	273	277
ENSG00000157978	92	42	50
ENSG00000226944	1	1	0
ENSG00000270282	0	0	0
ENSG00000130770	157	106	155
ENSG00000229044	0	13	11
ENSG00000162512	384	206	178
ENSG00000158006	64	29	35
ENSG00000214812	0	0	0
ENSG00000126698	436	216	220
ENSG00000229447	1	0	1
ENSG00000229607	0	0	0
ENSG00000130766	202	104	98
ENSG00000168528	48	17	31
ENSG00000196581	28	9	19
ENSG00000169403	144	74	70
ENSG00000084628	11	6	5
ENSG00000060688	149	65	84
ENSG00000171612	120	57	63
ENSG00000270927	0	0	0
ENSG00000188910	17	5	12
ENSG00000230523	0	0	0
ENSG00000116138	83	38	53
ENSG00000158161	103	50	53
ENSG00000142684	0	38	39
ENSG00000234619	0	0	0
ENSG00000121769	45	24	21
ENSG00000142627	541	275	266
ENSG00000284668	0	0	0
ENSG00000233234	0	0	0
ENSG00000142632	50	26	30
ENSG00000234593	0	0	0
ENSG00000158292	102	40	62
ENSG00000270605	11	8	4
ENSG00000189337	59	55	55
ENSG00000232912	4	0	4
ENSG00000235084	1	1	0
ENSG00000235143	0	0	0
ENSG00000225478	0	0	0
ENSG00000225077	1	4	7
ENSG00000028137	531	262	269
ENSG00000238249	3	0	3
ENSG00000204464	0	0	0
ENSG00000233372	0	0	0
ENSG00000283259	0	0	0
ENSG00000284543	5	2	3
ENSG00000130939	278	136	142
ENSG00000175147	10	31	32
ENSG00000127472	28	14	14
ENSG00000060656	46	28	18
ENSG00000163867	166	79	87
ENSG00000232768	0	0	0
ENSG00000230214	0	0	0
ENSG00000189280	0	0	0
ENSG00000134698	255	127	128
ENSG00000134690	27	18	9
ENSG00000272420	1	1	0
ENSG00000132881	6	4	2
ENSG00000273274	0	0	0
ENSG00000116251	706	338	369
ENSG00000272510	1	4	4
ENSG00000158286	75	40	40
ENSG00000236648	0	0	0
ENSG00000232273	2	1	1
ENSG00000009709	0	0	0
ENSG00000287396	0	0	0
ENSG00000223589	0	0	0
ENSG00000158008	1	0	1
ENSG00000130940	198	166	159
ENSG00000116771	48	24	25
ENSG00000237301	1	0	1
ENSG00000162585	125	89	91
ENSG00000163879	60	42	26
ENSG00000227527	1	0	1
ENSG00000116954	159	69	90
ENSG00000228589	6	6	0
ENSG00000163873	179	91	88
ENSG00000117215	16	9	7
ENSG00000196449	161	83	96
ENSG00000230163	0	3	5
ENSG00000227538	0	0	0
ENSG00000232208	0	0	0
ENSG00000236500	0	0	0
ENSG00000044012	0	0	0
ENSG00000179051	353	230	197
ENSG00000215895	2	2	0
ENSG00000231868	1	0	1
ENSG00000284650	1	1	0
ENSG00000237329	1	0	1
ENSG00000236948	0	0	0
ENSG00000126067	378	173	205
ENSG00000274944	2	0	2
ENSG00000132906	96	47	51
ENSG00000197312	219	108	111
ENSG00000284748	0	0	0
ENSG00000272078	25	73	79
ENSG00000173660	363	172	191
ENSG00000224592	0	0	0
ENSG00000233728	0	5	2
ENSG00000230451	0	0	0
ENSG00000231606	1	1	0
ENSG00000215900	0	0	0
ENSG00000284632	0	0	0
ENSG00000241014	0	0	0
ENSG00000054118	710	340	370
ENSG00000254553	0	0	0
ENSG00000284653	0	0	0
ENSG00000237749	1	0	1
ENSG00000276747	0	0	0
ENSG00000284705	0	0	0
ENSG00000228776	0	0	0
ENSG00000159339	14	8	6
ENSG00000223814	0	0	0
ENSG00000197982	76	30	64
ENSG00000261781	0	0	0
ENSG00000183317	33	12	21
ENSG00000183386	81	47	34
ENSG00000284743	0	0	0
ENSG00000158315	11	9	2
ENSG00000204084	173	102	100
ENSG00000186973	0	0	0
ENSG00000271806	5	7	5
ENSG00000146463	281	142	169
ENSG00000279214	1	0	1
ENSG00000183520	201	108	93
ENSG00000271741	0	0	0
ENSG00000214141	0	0	0
ENSG00000142686	80	48	32
ENSG00000224751	0	0	0
ENSG00000279096	0	0	0
ENSG00000117148	0	0	0
ENSG00000230585	0	0	0
ENSG00000117000	864	423	441
ENSG00000284989	0	0	0
ENSG00000231630	0	0	0
ENSG00000092853	9	4	5
ENSG00000255811	0	0	0
ENSG00000134697	422	219	211
ENSG00000187513	100	53	47
ENSG00000238145	0	0	0
ENSG00000225142	0	0	0
ENSG00000230138	2	1	1
ENSG00000223390	1	3	12
ENSG00000285823	0	0	0
ENSG00000284720	0	0	0
ENSG00000225028	5	3	2
ENSG00000225671	0	0	0
ENSG00000116151	29	12	21
ENSG00000226147	0	0	0
ENSG00000182873	13	4	9
ENSG00000006555	34	19	15
ENSG00000236111	0	0	0
ENSG00000066056	284	120	164
ENSG00000214114	51	16	35
ENSG00000173436	102	19	85
ENSG00000116544	4	4	0
ENSG00000231900	0	0	0
ENSG00000236723	0	22	19
ENSG00000232467	1	0	1
ENSG00000117016	33	12	21
ENSG00000121310	278	135	143
ENSG00000169213	152	65	87
ENSG00000163866	211	123	96
ENSG00000225779	2	0	2
ENSG00000284601	0	0	0
ENSG00000237130	0	0	0
ENSG00000143001	2	5	4
ENSG00000229716	0	0	0
ENSG00000226133	0	0	0
ENSG00000227416	0	0	0
ENSG00000232335	0	0	0
ENSG00000260971	5	5	0
ENSG00000259832	0	0	0
ENSG00000284696	0	0	0
ENSG00000238242	0	0	0
ENSG00000285839	0	0	0
ENSG00000237290	0	0	0
ENSG00000232762	0	0	0
ENSG00000117419	93	47	46
ENSG00000162384	184	106	87
ENSG00000162391	0	6	6
ENSG00000174348	306	214	191
ENSG00000154198	0	0	0
ENSG00000117859	363	177	186
ENSG00000228121	0	0	0
ENSG00000253313	8	5	3
ENSG00000162396	7	3	4
ENSG00000203995	6	1	5
ENSG00000227742	1	1	0
ENSG00000284686	16	6	10
ENSG00000162378	215	108	107
ENSG00000233079	0	0	0
ENSG00000259818	1	0	1
ENSG00000229444	4	1	3
ENSG00000240563	12	7	5
ENSG00000234318	0	0	0
ENSG00000284773	14	7	7
ENSG00000234481	0	0	0
ENSG00000117862	13	10	3
ENSG00000235612	0	0	0
ENSG00000228369	1	0	1
ENSG00000183431	349	181	168
ENSG00000227485	0	0	0
ENSG00000224609	6	3	3
ENSG00000235545	1	1	0
ENSG00000236646	0	0	0
ENSG00000169174	16	9	7
ENSG00000232198	0	0	0
ENSG00000238063	0	0	0
ENSG00000227104	0	0	0
ENSG00000243725	9	7	2
ENSG00000171872	0	0	0
ENSG00000162407	993	482	511
ENSG00000285079	0	0	0
ENSG00000169218	18	10	8
ENSG00000163877	227	117	110
ENSG00000228929	7	5	2
ENSG00000224570	0	0	0
ENSG00000224980	0	0	0
ENSG00000278967	3	1	2
ENSG00000157184	32	41	41
ENSG00000272491	0	0	2
ENSG00000198815	549	288	261
ENSG00000134744	271	122	149
ENSG00000233910	0	0	0
ENSG00000287703	0	0	0
ENSG00000283039	1	1	0
ENSG00000229032	0	0	0
ENSG00000229294	0	0	0
ENSG00000232993	0	61	38
ENSG00000234088	0	0	0
ENSG00000236973	0	0	0
ENSG00000227947	0	0	0
ENSG00000277397	0	0	0
ENSG00000271200	0	0	0
ENSG00000235446	0	0	0
ENSG00000261196	0	0	0
ENSG00000162385	156	80	77
ENSG00000231413	0	0	0
ENSG00000234264	0	0	0
ENSG00000242391	0	0	0
ENSG00000223883	0	0	0
ENSG00000284808	0	0	0
ENSG00000242267	5	2	3
ENSG00000237227	0	0	0
ENSG00000275350	0	0	0
ENSG00000116652	2	0	2
ENSG00000123080	46	25	22
ENSG00000285778	0	0	0
ENSG00000077549	1242	566	678
ENSG00000233407	0	0	0
ENSG00000225675	0	1	0
ENSG00000237622	0	0	0
ENSG00000162598	0	0	0
ENSG00000280317	0	0	0
ENSG00000162415	24	12	12
ENSG00000162600	37	16	21
ENSG00000116704	108	53	55
ENSG00000227644	0	0	0
ENSG00000157193	29	19	24
ENSG00000116205	39	22	20
ENSG00000198841	36	20	16
ENSG00000116212	73	42	31
ENSG00000234204	0	0	0
ENSG00000233099	0	0	0
ENSG00000233994	1	0	1
ENSG00000237180	0	0	0
ENSG00000213561	2	2	0
ENSG00000233973	0	0	0
ENSG00000237552	0	0	0
ENSG00000132854	15	7	8
ENSG00000227556	0	0	0
ENSG00000162616	621	334	287
ENSG00000162607	233	119	114
ENSG00000233602	1	0	1
ENSG00000233271	0	3	4
ENSG00000285954	0	0	0
ENSG00000233333	0	0	0
ENSG00000154027	30	17	13
ENSG00000234108	0	0	0
ENSG00000232676	0	0	0
ENSG00000225167	0	0	0
ENSG00000132122	70	37	33
ENSG00000213579	0	0	0
ENSG00000137960	118	59	59
ENSG00000237852	1	1	0
ENSG00000116745	1	1	0
ENSG00000132855	0	0	0
ENSG00000285407	0	0	0
ENSG00000272855	0	0	0
ENSG00000270549	0	0	0
ENSG00000237163	0	0	0
ENSG00000229636	0	0	0
ENSG00000116675	50	22	28
ENSG00000162433	69	39	30
ENSG00000213625	564	290	274
ENSG00000227207	0	0	0
ENSG00000227016	0	0	0
ENSG00000233664	0	0	0
ENSG00000158966	51	29	22
ENSG00000213703	1	1	0
ENSG00000203965	36	13	24
ENSG00000223479	0	0	0
ENSG00000233674	0	0	0
ENSG00000153898	180	98	82
ENSG00000117069	51	22	29
ENSG00000125703	44	16	28
ENSG00000285041	0	0	0
ENSG00000285808	0	0	0
ENSG00000229440	0	0	0
ENSG00000234144	0	0	0
ENSG00000213540	0	0	0
ENSG00000277670	0	0	0
ENSG00000227466	0	0	0
ENSG00000154007	0	0	0
ENSG00000230498	0	0	0
ENSG00000285782	0	0	0
ENSG00000162618	544	275	269
ENSG00000224493	0	0	0
ENSG00000131233	0	0	0
ENSG00000272371	0	0	0
ENSG00000287647	0	0	0
ENSG00000229225	0	0	0
ENSG00000230863	2	1	1
ENSG00000213560	2	2	0
ENSG00000287224	0	0	0
ENSG00000225598	0	0	0
ENSG00000286455	0	0	0
ENSG00000225087	0	0	0
ENSG00000224986	0	0	0
ENSG00000280378	4	3	1
ENSG00000188786	167	86	81
ENSG00000230053	0	0	0
ENSG00000137941	133	61	72
ENSG00000273338	19	11	8
ENSG00000223720	1	0	1
ENSG00000224326	0	0	0
ENSG00000286548	5	2	3
ENSG00000066135	79	39	66
ENSG00000230027	0	0	0
ENSG00000233061	3	2	1
ENSG00000272094	5	3	2
ENSG00000228853	0	0	0
ENSG00000215874	0	0	0
ENSG00000232453	4	0	4
ENSG00000260386	0	0	0
ENSG00000284895	0	0	0
ENSG00000117174	126	45	81
ENSG00000237413	2	2	0
ENSG00000184313	15	4	11
ENSG00000284645	0	0	0
ENSG00000225605	0	0	0
ENSG00000225446	1	1	0
ENSG00000288543	0	0	0
ENSG00000122420	34	17	17
ENSG00000284240	1	1	0
ENSG00000236290	1	0	1
ENSG00000143013	273	136	137
ENSG00000226084	15	12	3
ENSG00000134748	274	136	138
ENSG00000142892	183	88	95
ENSG00000219102	0	0	0
ENSG00000184005	64	36	28
ENSG00000230953	2	1	1
ENSG00000287743	1	0	1
ENSG00000229332	0	0	0
ENSG00000227937	0	0	0
ENSG00000229752	0	0	0
ENSG00000237505	1	0	1
ENSG00000285462	0	0	0
ENSG00000233216	0	0	0
ENSG00000197273	21	8	13
ENSG00000226804	0	0	0
ENSG00000285325	0	0	0
ENSG00000230728	0	0	0
ENSG00000162402	739	366	373
ENSG00000232846	0	0	0
ENSG00000219201	1	0	1
ENSG00000230787	0	0	0
ENSG00000116641	211	108	103
ENSG00000235927	6	8	7
ENSG00000223920	0	0	0
ENSG00000237453	0	0	0
ENSG00000172260	294	144	150
ENSG00000285473	0	0	0
ENSG00000237959	0	0	0
ENSG00000231364	0	0	0
ENSG00000234578	0	0	0
ENSG00000117480	110	52	58
ENSG00000137944	156	77	79
ENSG00000229505	0	0	0
ENSG00000228187	0	0	0
ENSG00000285201	0	0	0
ENSG00000182183	15	5	10
ENSG00000236407	0	0	0
ENSG00000271949	0	0	0
ENSG00000227062	0	0	0
ENSG00000067334	1018	468	550
ENSG00000235011	0	0	0
ENSG00000235673	0	0	0
ENSG00000226938	0	0	0
ENSG00000213559	0	0	0
ENSG00000287587	0	0	0
ENSG00000142949	329	149	180
ENSG00000116133	179	106	92
ENSG00000232882	7	4	3
ENSG00000171502	10	3	7
ENSG00000162399	1	0	1
ENSG00000116157	31	16	15
ENSG00000143036	45	25	20
ENSG00000232672	0	0	0
ENSG00000230817	0	0	0
ENSG00000235613	5	3	2
ENSG00000065243	451	225	226
ENSG00000226759	0	0	0
ENSG00000226960	0	0	0
ENSG00000234080	0	0	0
ENSG00000237899	0	0	0
ENSG00000225492	79	44	35
ENSG00000223905	0	0	0
ENSG00000227290	0	0	0
ENSG00000229486	0	0	0
ENSG00000282898	0	0	0
ENSG00000285409	0	0	0
ENSG00000231090	0	0	0
ENSG00000117528	243	117	126
ENSG00000271723	0	0	0
ENSG00000172339	37	16	21
ENSG00000036549	232	114	118
ENSG00000287724	0	0	3
ENSG00000058799	78	30	48
ENSG00000225191	0	0	0
ENSG00000287870	0	0	0
ENSG00000235563	2	2	0
ENSG00000232048	0	0	0
ENSG00000232857	0	0	0
ENSG00000273637	0	0	0
ENSG00000203985	2	0	2
ENSG00000228838	0	0	0
ENSG00000283761	13	3	10
ENSG00000189433	0	0	0
ENSG00000230759	0	0	0
ENSG00000231866	0	0	0
ENSG00000179178	13	5	8
ENSG00000142700	0	0	0
ENSG00000285525	0	0	0
ENSG00000236098	0	0	0
ENSG00000233514	1	0	1
ENSG00000127124	67	29	38
ENSG00000266993	15	12	13
ENSG00000223675	0	0	0
ENSG00000162604	107	58	49
ENSG00000229316	0	0	0
ENSG00000116171	601	310	292
ENSG00000287406	0	0	0
ENSG00000225767	0	0	0
ENSG00000234099	0	0	0
ENSG00000137936	104	48	59
ENSG00000235308	0	0	0
ENSG00000232752	0	0	0
ENSG00000235829	0	0	0
ENSG00000143032	0	0	0
ENSG00000226745	0	0	0
ENSG00000178028	250	118	132
ENSG00000280040	0	0	0
ENSG00000168710	623	325	298
ENSG00000117519	1582	779	803
ENSG00000270507	0	0	0
ENSG00000238037	0	0	0
ENSG00000215869	0	0	0
ENSG00000134215	87	48	39
ENSG00000227935	0	0	0
ENSG00000229887	0	0	0
ENSG00000228502	5	3	2
ENSG00000236268	0	0	0
ENSG00000271277	0	0	0
ENSG00000236888	0	0	0
ENSG00000279778	0	0	0
ENSG00000232015	0	0	0
ENSG00000230955	0	11	18
ENSG00000230828	0	0	0
ENSG00000188641	257	127	142
ENSG00000152078	52	29	23
ENSG00000237279	0	0	0
ENSG00000233359	0	0	0
ENSG00000237954	0	0	0
ENSG00000185668	12	4	8
ENSG00000171492	100	50	50
ENSG00000233129	0	0	0
ENSG00000170989	861	400	461
ENSG00000258634	51	33	29
ENSG00000233557	0	0	0
ENSG00000237897	0	0	0
ENSG00000116299	321	163	158
ENSG00000137962	587	288	299
ENSG00000227832	0	0	0
ENSG00000286692	1	1	0
ENSG00000260464	5	3	2
ENSG00000237435	0	0	0
ENSG00000231996	0	0	0
ENSG00000273204	2	7	4
ENSG00000079739	133	75	71
ENSG00000117154	5	3	2
ENSG00000162377	72	39	33
ENSG00000224613	0	0	0
ENSG00000215871	0	0	0
ENSG00000287372	0	0	0
ENSG00000232542	0	0	0
ENSG00000231095	0	0	0
ENSG00000116774	326	165	161
ENSG00000287756	0	0	0
ENSG00000269113	83	43	40
ENSG00000284652	1	0	1
ENSG00000023909	261	151	110
ENSG00000069702	1692	838	854
ENSG00000232185	0	0	0
ENSG00000230489	1	1	0
ENSG00000228399	7	7	0
ENSG00000236776	4	0	4
ENSG00000285928	22	13	9
ENSG00000224685	0	0	0
ENSG00000287076	0	0	0
ENSG00000237480	0	0	0
ENSG00000271252	0	0	0
ENSG00000230427	0	0	0
ENSG00000235794	0	0	0
ENSG00000286758	0	0	0
ENSG00000237337	0	0	0
ENSG00000233983	0	0	0
ENSG00000198198	367	309	335
ENSG00000225183	0	0	0
ENSG00000230402	0	0	0
ENSG00000116793	160	75	85
ENSG00000134201	68	27	41
ENSG00000238122	0	0	0
ENSG00000260879	0	4	3
ENSG00000213366	346	179	167
ENSG00000230864	0	0	0
ENSG00000283354	0	0	0
ENSG00000232918	0	0	0
ENSG00000236360	0	1	0
ENSG00000183298	0	1	0
ENSG00000234332	8	6	2
ENSG00000117525	613	290	323
ENSG00000225079	7	2	5
ENSG00000226483	0	0	0
ENSG00000224238	5	0	5
ENSG00000229537	0	0	0
ENSG00000162699	0	0	0
ENSG00000162692	265	147	118
ENSG00000203914	1	1	0
ENSG00000270457	0	0	0
ENSG00000203858	0	0	0
ENSG00000231987	0	0	0
ENSG00000228057	6	5	1
ENSG00000261593	0	0	0
ENSG00000224445	0	0	0
ENSG00000229842	0	0	0
ENSG00000270631	0	0	0
ENSG00000229201	0	0	0
ENSG00000181656	6	4	2
ENSG00000122481	18	12	6
ENSG00000198162	324	176	148
ENSG00000238198	5	2	3
ENSG00000171517	3	1	2
ENSG00000228852	1	0	1
ENSG00000203864	0	0	0
ENSG00000233482	1	1	0
ENSG00000230250	0	0	0
ENSG00000232878	1	5	8
ENSG00000143079	240	96	144
ENSG00000232450	2	0	2
ENSG00000223575	0	0	0
ENSG00000230768	0	0	0
ENSG00000235202	0	0	0
ENSG00000272715	2	1	1
ENSG00000235038	0	0	0
ENSG00000143093	200	95	105
ENSG00000226415	2	1	1
ENSG00000085491	160	70	98
ENSG00000173947	11	6	5
ENSG00000241361	0	0	0
ENSG00000230434	0	0	0
ENSG00000230718	0	0	0
ENSG00000134198	124	60	64
ENSG00000235595	0	0	0
ENSG00000226053	0	0	0
ENSG00000226128	0	0	0
ENSG00000198799	159	83	85
ENSG00000279513	2	1	1
ENSG00000117620	237	102	138
ENSG00000280186	1	1	0
ENSG00000223906	0	0	0
ENSG00000162688	232	117	115
ENSG00000197106	7	4	3
ENSG00000259946	0	0	0
ENSG00000236137	2	7	8
ENSG00000203859	0	0	0
ENSG00000228086	2	11	11
ENSG00000213421	0	0	0
ENSG00000234020	0	0	0
ENSG00000060718	1	1	0
ENSG00000236804	2	2	0
ENSG00000231072	1	1	0
ENSG00000273406	0	0	0
ENSG00000185946	110	56	54
ENSG00000162627	59	25	34
ENSG00000226715	0	0	1
ENSG00000162695	230	117	113
ENSG00000134184	0	3	1
ENSG00000265808	192	107	85
ENSG00000261290	0	0	0
ENSG00000225923	0	0	0
ENSG00000134247	330	179	151
ENSG00000187481	0	0	0
ENSG00000116752	278	130	148
ENSG00000162664	340	180	160
ENSG00000236866	1	1	0
ENSG00000134253	22	7	15
ENSG00000277655	0	0	0
ENSG00000223416	1	0	1
ENSG00000213226	1	1	0
ENSG00000179571	1	0	1
ENSG00000227850	0	0	0
ENSG00000243967	0	0	0
ENSG00000235777	1	0	1
ENSG00000260246	0	1	3
ENSG00000173218	57	22	35
ENSG00000285532	0	0	0
ENSG00000226755	0	0	0
ENSG00000232650	0	0	0
ENSG00000183508	866	431	435
ENSG00000277095	0	0	0
ENSG00000236806	2	0	2
ENSG00000234283	0	0	0
ENSG00000237188	0	0	0
ENSG00000232780	0	0	0
ENSG00000274927	0	0	0
ENSG00000264145	0	0	0
ENSG00000238256	0	0	0
ENSG00000198765	1	0	1
ENSG00000224335	0	0	0
ENSG00000277702	3	2	1
ENSG00000143398	336	180	156
ENSG00000196505	98	52	46
ENSG00000225871	1	2	3
ENSG00000223489	0	0	0
ENSG00000230546	0	0	0
ENSG00000213262	6	1	5
ENSG00000287015	1	0	1
ENSG00000241720	0	15	10
ENSG00000235526	0	0	0
ENSG00000228347	0	0	0
ENSG00000276975	4	3	1
ENSG00000236012	0	0	0
ENSG00000270911	0	0	0
ENSG00000272824	2	2	0
ENSG00000134200	0	0	0
ENSG00000234257	0	0	0
ENSG00000065183	159	76	96
ENSG00000227082	4	3	2
ENSG00000228626	0	0	0
ENSG00000226126	0	0	0
ENSG00000163393	32	14	18
ENSG00000163156	106	61	47
ENSG00000143631	3	1	4
ENSG00000156150	0	3	8
ENSG00000228453	0	0	0
ENSG00000274642	0	0	0
ENSG00000177551	3	2	1
ENSG00000197323	480	203	277
ENSG00000237975	4	1	5
ENSG00000261168	2	1	1
ENSG00000287980	0	0	0
ENSG00000229283	0	0	0
ENSG00000271419	0	0	0
ENSG00000226172	0	0	0
ENSG00000079335	479	243	256
ENSG00000143119	571	281	290
ENSG00000237278	0	7	2
ENSG00000285062	0	0	0
ENSG00000233432	0	0	0
ENSG00000227700	0	0	0
ENSG00000229911	0	0	0
ENSG00000143520	0	0	0
ENSG00000171943	52	24	28
ENSG00000270719	0	0	0
ENSG00000155761	0	4	9
ENSG00000230806	1	0	2
ENSG00000116830	77	41	36
ENSG00000234422	0	0	0
ENSG00000227056	0	0	0
ENSG00000143614	267	131	136
ENSG00000227091	0	0	0
ENSG00000169418	163	81	82
ENSG00000214204	0	0	0
ENSG00000081026	80	46	34
ENSG00000225650	0	0	0
ENSG00000227179	0	0	0
ENSG00000224965	0	0	0
ENSG00000228127	0	0	0
ENSG00000226984	1	1	0
ENSG00000186150	2	2	0
ENSG00000143554	114	51	63
ENSG00000143458	170	86	84
ENSG00000230932	0	0	0
ENSG00000073754	5	5	0
ENSG00000228826	0	0	0
ENSG00000233907	0	0	0
ENSG00000225036	0	0	0
ENSG00000228420	0	0	0
ENSG00000233839	0	0	0
ENSG00000250890	0	0	0
ENSG00000232240	0	0	0
ENSG00000280649	13	14	7
ENSG00000131781	44	22	25
ENSG00000223599	3	2	1
ENSG00000230921	0	0	0
ENSG00000286151	0	0	0
ENSG00000234388	0	0	0
ENSG00000235015	0	0	0
ENSG00000271736	1	1	0
ENSG00000235988	0	0	0
ENSG00000233717	0	0	0
ENSG00000231551	15	6	9
ENSG00000227295	6	3	3
ENSG00000163155	19	7	12
ENSG00000243613	0	6	5
ENSG00000241975	17	3	14
ENSG00000271143	0	0	0
ENSG00000270976	0	0	0
ENSG00000228217	0	0	0
ENSG00000270342	0	0	0
ENSG00000143552	18	10	8
ENSG00000175984	43	23	20
ENSG00000231100	0	0	0
ENSG00000116824	393	195	198
ENSG00000235887	0	0	0
ENSG00000237460	0	0	0
ENSG00000236327	1	0	1
ENSG00000223804	11	6	5
ENSG00000236887	0	0	0
ENSG00000024526	7	4	4
ENSG00000236480	0	0	0
ENSG00000235756	0	0	0
ENSG00000173810	1	1	0
ENSG00000235005	0	0	0
ENSG00000271890	0	0	0
ENSG00000238107	0	0	0
ENSG00000227425	0	0	0
ENSG00000233222	0	1	4
ENSG00000225279	1	0	1
ENSG00000229101	0	0	0
ENSG00000224927	0	0	0
ENSG00000239216	0	0	0
ENSG00000283360	4	1	3
ENSG00000117262	11	5	6
ENSG00000227907	0	0	0
ENSG00000143624	342	184	179
ENSG00000227970	0	0	0
ENSG00000261055	1	0	1
ENSG00000231613	3	2	1
ENSG00000137947	336	161	175
ENSG00000236689	1	1	0
ENSG00000233589	0	1	0
ENSG00000117586	10	4	6
ENSG00000230946	3	2	1
ENSG00000226028	0	0	0
ENSG00000162728	4	2	2
ENSG00000229021	4	1	3
ENSG00000203825	1	1	0
ENSG00000184371	1264	620	644
ENSG00000233449	0	0	0
ENSG00000242943	0	0	0
ENSG00000233203	0	0	0
ENSG00000232499	0	0	0
ENSG00000232265	0	1	0
ENSG00000163154	7	3	4
ENSG00000232995	4	2	2
ENSG00000236957	0	0	0
ENSG00000238087	0	0	0
ENSG00000227777	1	0	2
ENSG00000177173	37	20	17
ENSG00000277406	10	7	3
ENSG00000238022	1	1	0
ENSG00000231671	1	0	1
ENSG00000162729	90	42	48
ENSG00000143158	148	105	127
ENSG00000271092	0	0	0
ENSG00000238118	0	0	0
ENSG00000276118	0	0	0
ENSG00000232148	0	0	0
ENSG00000278811	6	5	8
ENSG00000000460	21	26	35
ENSG00000188859	19	9	11
ENSG00000275075	0	0	0
ENSG00000135862	2083	1057	1026
ENSG00000232952	0	0	0
ENSG00000158473	150	79	71
ENSG00000227722	1	0	1
ENSG00000285922	0	0	0
ENSG00000275801	0	0	0
ENSG00000143198	277	139	138
ENSG00000143318	18	6	12
ENSG00000232188	0	0	0
ENSG00000232212	0	0	0
ENSG00000143621	826	424	403
ENSG00000241042	0	0	0
ENSG00000143155	180	92	88
ENSG00000260322	0	0	0
ENSG00000223495	0	0	0
ENSG00000143156	16	34	22
ENSG00000198771	398	205	203
ENSG00000225462	1	1	0
ENSG00000237756	0	0	0
ENSG00000116147	4	1	3
ENSG00000213064	441	263	226
ENSG00000203307	0	0	0
ENSG00000143179	83	67	59
ENSG00000271187	0	0	0
ENSG00000274562	0	0	0
ENSG00000143315	75	40	35
ENSG00000116199	362	182	180
ENSG00000231175	0	0	0
ENSG00000143185	11	7	5
ENSG00000235145	4	3	1
ENSG00000116260	1124	533	591
ENSG00000272931	3	1	2
ENSG00000143190	176	97	107
ENSG00000225475	1	0	1
ENSG00000230898	0	0	0
ENSG00000232223	0	0	0
ENSG00000224698	0	0	0
ENSG00000287697	8	12	7
ENSG00000075945	117	64	58
ENSG00000235303	0	0	0
ENSG00000234810	1	0	1
ENSG00000232750	1	0	1
ENSG00000224468	5	2	3
ENSG00000235628	0	0	0
ENSG00000232551	0	0	0
ENSG00000092607	3	1	2
ENSG00000238270	0	0	0
ENSG00000285894	0	0	0
ENSG00000236025	0	0	0
ENSG00000230687	0	0	0
ENSG00000230704	0	0	0
ENSG00000283255	0	0	0
ENSG00000227741	16	18	60
ENSG00000237049	0	0	0
ENSG00000286754	0	0	0
ENSG00000232751	0	0	0
ENSG00000236364	4	8	28
ENSG00000117091	149	115	139
ENSG00000235378	0	0	0
ENSG00000143171	10	4	6
ENSG00000275767	0	0	0
ENSG00000224718	0	0	0
ENSG00000047410	825	428	433
ENSG00000231992	1	1	0
ENSG00000018625	236	122	114
ENSG00000171806	20	15	5
ENSG00000287919	0	0	0
ENSG00000229914	1	0	1
ENSG00000233882	0	0	0
ENSG00000198358	1	23	21
ENSG00000229407	1	0	1
ENSG00000134216	1	0	1
ENSG00000230748	0	0	0
ENSG00000254154	0	0	0
ENSG00000162694	76	40	45
ENSG00000238108	0	0	0
ENSG00000214262	0	18	30
ENSG00000183853	318	160	158
ENSG00000215835	6	3	3
ENSG00000118197	143	59	84
ENSG00000135842	804	401	403
ENSG00000229258	0	0	1
ENSG00000287472	0	0	0
ENSG00000241318	1	0	1
ENSG00000228238	0	0	0
ENSG00000232393	0	0	0
ENSG00000121454	2	4	3
ENSG00000184155	0	0	0
ENSG00000058085	75	41	34
ENSG00000260088	0	0	0
ENSG00000287978	31	16	15
ENSG00000116815	110	43	67
ENSG00000232917	0	0	0
ENSG00000233057	1	0	1
ENSG00000237131	0	0	0
ENSG00000233946	0	0	0
ENSG00000143167	66	29	37
ENSG00000143184	43	22	21
ENSG00000231966	1	0	1
ENSG00000176320	0	0	0
ENSG00000260976	0	0	0
ENSG00000235215	0	0	0
ENSG00000223450	0	0	0
ENSG00000224691	0	0	0
ENSG00000286572	0	0	0
ENSG00000235101	2	2	0
ENSG00000228215	0	0	0
ENSG00000177807	0	0	0
ENSG00000233626	0	0	0
ENSG00000233691	0	0	0
ENSG00000283518	0	0	0
ENSG00000271527	0	0	0
ENSG00000143228	25	12	13
ENSG00000235827	0	0	0
ENSG00000231615	1	1	0
ENSG00000231714	0	0	0
ENSG00000174514	25	16	12
ENSG00000143178	19	12	7
ENSG00000224837	0	0	0
ENSG00000116833	85	40	45
ENSG00000227740	8	2	7
ENSG00000260990	0	0	0
ENSG00000000457	56	59	37
ENSG00000143507	284	138	146
ENSG00000285638	0	0	0
ENSG00000226520	0	0	0
ENSG00000284592	0	0	0
ENSG00000230987	0	0	0
ENSG00000232527	0	0	0
ENSG00000215833	0	0	0
ENSG00000228167	0	0	0
ENSG00000225325	0	0	0
ENSG00000223344	0	0	0
ENSG00000228191	0	0	0
ENSG00000229961	0	0	0
ENSG00000150732	0	0	0
ENSG00000157064	31	18	16
ENSG00000288139	0	0	0
ENSG00000226015	11	3	8
ENSG00000215808	0	0	0
ENSG00000059588	447	227	220
ENSG00000231512	0	0	0
ENSG00000237379	0	0	0
ENSG00000232959	0	3	2
ENSG00000122224	125	57	68
ENSG00000162782	5	3	2
ENSG00000238051	0	0	0
ENSG00000233196	0	0	0
ENSG00000229220	0	0	0
ENSG00000143653	191	102	89
ENSG00000135837	480	247	233
ENSG00000158711	387	202	190
ENSG00000227747	0	0	0
ENSG00000228081	1	1	0
ENSG00000228020	0	0	0
ENSG00000234975	31	20	11
ENSG00000162851	110	57	53
ENSG00000271427	0	0	0
ENSG00000261817	0	0	0
ENSG00000143353	55	19	44
ENSG00000197965	332	165	167
ENSG00000143493	55	22	33
ENSG00000230777	2	2	1
ENSG00000179397	5	1	4
ENSG00000224540	0	0	0
ENSG00000117592	733	356	377
ENSG00000186197	3	2	1
ENSG00000229067	0	0	0
ENSG00000230231	0	0	0
ENSG00000227711	0	0	0
ENSG00000261182	0	0	0
ENSG00000228879	0	0	0
ENSG00000227925	0	0	0
ENSG00000162670	5	3	3
ENSG00000225712	1	1	0
ENSG00000162761	6	2	4
ENSG00000143199	4	2	2
ENSG00000179930	0	0	0
ENSG00000007908	408	214	194
ENSG00000092978	120	63	57
ENSG00000143499	119	56	63
ENSG00000188404	75	28	47
ENSG00000227735	0	0	0
ENSG00000243062	0	0	0
ENSG00000143196	176	86	90
ENSG00000228504	0	0	0
ENSG00000274702	0	0	0
ENSG00000226211	0	0	0
ENSG00000236942	7	6	3
ENSG00000287205	0	0	0
ENSG00000203697	50	29	21
ENSG00000116574	311	158	153
ENSG00000287929	3	3	3
ENSG00000186283	454	224	230
ENSG00000224896	0	0	0
ENSG00000226292	0	0	0
ENSG00000121481	97	56	41
ENSG00000227940	0	0	0
ENSG00000117139	507	271	236
ENSG00000143248	7153	3551	3602
ENSG00000278455	0	0	0
ENSG00000224810	0	0	0
ENSG00000162814	0	0	0
ENSG00000225172	0	0	0
ENSG00000261642	0	0	0
ENSG00000228239	0	0	0
ENSG00000237283	0	0	0
ENSG00000116132	72	39	33
ENSG00000238042	0	0	0
ENSG00000271475	0	0	0
ENSG00000231877	0	0	0
ENSG00000116679	2117	1047	1070
ENSG00000228536	1	0	1
ENSG00000230550	0	0	2
ENSG00000229242	0	0	0
ENSG00000253326	0	0	0
ENSG00000228470	0	0	0
ENSG00000152092	27	14	13
ENSG00000234984	0	0	0
ENSG00000231648	0	0	0
ENSG00000229983	1	1	0
ENSG00000215149	0	0	0
ENSG00000225122	0	0	0
ENSG00000225920	1	1	0
ENSG00000143476	24	11	13
ENSG00000121486	87	39	48
ENSG00000228437	0	0	0
ENSG00000214837	2	2	0
ENSG00000057252	405	210	195
ENSG00000225982	0	0	0
ENSG00000285718	0	0	0
ENSG00000234070	0	0	0
ENSG00000233620	0	0	0
ENSG00000237783	0	0	0
ENSG00000272906	1	12	16
ENSG00000233018	0	0	0
ENSG00000123685	96	40	56
ENSG00000224783	0	0	0
ENSG00000162852	367	154	213
ENSG00000232792	1	0	1
ENSG00000273004	1	1	0
ENSG00000143842	188	101	87
ENSG00000268062	0	0	0
ENSG00000237409	0	0	0
ENSG00000116962	1245	584	661
ENSG00000288078	0	0	0
ENSG00000271399	0	0	0
ENSG00000229757	1	1	0
ENSG00000232679	0	0	0
ENSG00000159388	5009	2443	2566
ENSG00000220749	2	2	0
ENSG00000181450	39	15	24
ENSG00000223519	2	11	1
ENSG00000120333	88	43	55
ENSG00000286285	5	3	2
ENSG00000225300	3	1	2
ENSG00000223842	0	0	0
ENSG00000162753	0	0	0
ENSG00000228247	0	0	0
ENSG00000231424	4	2	2
ENSG00000143355	1	0	1
ENSG00000287177	0	0	0
ENSG00000237193	0	0	0
ENSG00000223490	0	0	0
ENSG00000121644	327	168	159
ENSG00000174502	2	0	2
ENSG00000224286	0	0	0
ENSG00000158715	45	19	26
ENSG00000143195	11	9	2
ENSG00000162849	23	12	11
ENSG00000232824	0	0	0
ENSG00000273416	2	0	2
ENSG00000234142	1	0	1
ENSG00000282111	0	0	0
ENSG00000233410	0	0	0
ENSG00000067533	164	96	68
ENSG00000228955	4	4	0
ENSG00000270443	0	0	0
ENSG00000116209	886	462	424
ENSG00000224702	0	0	0
ENSG00000271811	4	2	2
ENSG00000224278	0	0	0
ENSG00000235492	0	0	0
ENSG00000287808	2	1	17
ENSG00000271588	0	0	0
ENSG00000229840	0	0	0
ENSG00000116161	387	196	212
ENSG00000226486	0	0	0
ENSG00000227687	0	0	0
ENSG00000231814	0	0	0
ENSG00000286210	0	0	0
ENSG00000287364	0	0	0
ENSG00000225063	1	1	0
ENSG00000260698	11	5	6
ENSG00000277007	0	0	0
ENSG00000229016	2	2	0
ENSG00000077157	1407	685	723
ENSG00000152104	129	66	65
ENSG00000236975	0	0	0
ENSG00000215834	0	0	0
ENSG00000286541	0	0	0
ENSG00000117650	8	4	4
ENSG00000235021	0	0	0
ENSG00000203724	0	0	0
ENSG00000225006	0	0	0
ENSG00000287633	0	0	0
ENSG00000158764	52	49	46
ENSG00000223375	0	0	0
ENSG00000230714	0	0	0
ENSG00000261065	0	8	6
ENSG00000260855	11	8	3
ENSG00000188783	679	344	335
ENSG00000236206	1	1	0
ENSG00000168118	211	103	120
ENSG00000181101	0	0	0
ENSG00000173726	1124	551	573
ENSG00000282852	0	0	0
ENSG00000152382	66	40	26
ENSG00000143839	6	3	3
ENSG00000232100	0	0	0
ENSG00000261024	0	0	0
ENSG00000230547	0	0	0
ENSG00000229703	1	0	1
ENSG00000176754	0	0	0
ENSG00000232309	0	0	0
ENSG00000227953	10	7	13
ENSG00000232215	0	0	0
ENSG00000135829	1277	677	616
ENSG00000228289	0	0	0
ENSG00000134717	222	100	122
ENSG00000232989	0	0	0
ENSG00000233537	0	0	0
ENSG00000116668	105	54	51
ENSG00000143756	218	110	108
ENSG00000278180	0	0	0
ENSG00000143702	174	87	100
ENSG00000232341	0	0	0
ENSG00000287676	0	0	0
ENSG00000236792	0	0	0
ENSG00000143207	188	99	89
ENSG00000270859	0	0	0
ENSG00000238224	0	0	0
ENSG00000286775	0	0	0
ENSG00000122176	343	156	187
ENSG00000229120	0	0	0
ENSG00000237492	0	0	0
ENSG00000230404	0	0	0
ENSG00000213036	0	0	0
ENSG00000227230	0	7	3
ENSG00000236230	0	0	0
ENSG00000026751	342	161	181
ENSG00000150681	24	15	11
ENSG00000116906	232	114	118
ENSG00000092969	92	48	51
ENSG00000157181	264	125	139
ENSG00000250762	0	0	0
ENSG00000236720	0	0	0
ENSG00000227421	0	0	0
ENSG00000227240	8	3	5
ENSG00000076258	11	6	5
ENSG00000286073	0	0	0
ENSG00000231084	0	0	0
ENSG00000232085	0	0	3
ENSG00000117697	100	44	56
ENSG00000279333	0	1	5
ENSG00000235083	0	0	0
ENSG00000162669	9	5	4
ENSG00000197067	0	0	0
ENSG00000229652	0	0	0
ENSG00000132681	4	2	2
ENSG00000225904	0	0	0
ENSG00000270920	0	0	0
ENSG00000281664	0	0	0
ENSG00000143641	364	231	257
ENSG00000227630	10	5	5
ENSG00000228830	0	313	288
ENSG00000010932	7	3	4
ENSG00000282849	0	0	0
ENSG00000276520	0	0	0
ENSG00000226640	1	0	1
ENSG00000010072	109	55	70
ENSG00000135766	33	21	12
ENSG00000232626	3	0	3
ENSG00000232096	0	0	0
ENSG00000279261	0	0	0
ENSG00000213051	2	1	1
ENSG00000238054	0	0	0
ENSG00000163534	24	9	15
ENSG00000168243	43	19	24
ENSG00000281453	0	0	0
ENSG00000237469	0	0	0
ENSG00000224939	0	0	0
ENSG00000227613	0	0	0
ENSG00000116183	0	0	0
ENSG00000270106	0	0	0
ENSG00000232194	0	0	0
ENSG00000235152	0	0	0
ENSG00000231612	0	0	0
ENSG00000237980	7	2	5
ENSG00000271036	0	0	0
ENSG00000230849	1	0	1
ENSG00000170382	36	16	22
ENSG00000228664	0	0	0
ENSG00000226868	0	0	0
ENSG00000279401	0	0	0
ENSG00000272362	0	0	0
ENSG00000287450	0	0	0
ENSG00000237011	0	0	0
ENSG00000233583	3	3	0
ENSG00000066027	503	242	261
ENSG00000286263	0	0	0
ENSG00000227006	5	1	4
ENSG00000236372	0	0	0
ENSG00000224525	0	0	0
ENSG00000188770	1	0	1
ENSG00000173728	17	7	10
ENSG00000094975	386	198	188
ENSG00000225811	0	1	0
ENSG00000273093	0	0	0
ENSG00000162772	4454	2197	2257
ENSG00000227818	0	0	0
ENSG00000135828	39	16	23
ENSG00000224227	0	0	0
ENSG00000286398	0	0	0
ENSG00000076356	601	315	286
ENSG00000215819	0	1	1
ENSG00000185523	1	0	1
ENSG00000236108	0	0	0
ENSG00000116711	64	31	33
ENSG00000231684	1	1	0
ENSG00000226750	0	0	0
ENSG00000285665	1	1	0
ENSG00000231022	0	0	0
ENSG00000224436	0	0	0
ENSG00000228208	0	0	0
ENSG00000273384	1	0	1
ENSG00000238061	7	2	5
ENSG00000234915	1	0	1
ENSG00000143845	24	23	17
ENSG00000235862	3	39	35
ENSG00000069812	4	2	2
ENSG00000227585	0	0	0
ENSG00000157060	2	1	1
ENSG00000237213	0	0	0
ENSG00000236439	0	0	0
ENSG00000224260	0	0	0
ENSG00000213045	0	0	0
ENSG00000287220	2	1	1
ENSG00000230063	1	0	1
ENSG00000235467	0	0	0
ENSG00000123684	391	200	192
ENSG00000117707	51	17	34
ENSG00000228044	0	0	0
ENSG00000225338	0	0	0
ENSG00000224407	0	59	65
ENSG00000232463	1	0	1
ENSG00000237457	0	0	0
ENSG00000225171	5	0	5
ENSG00000226843	0	0	0
ENSG00000235386	0	0	0
ENSG00000123836	242	124	128
ENSG00000213690	0	0	0
ENSG00000223982	0	0	0
ENSG00000229832	3	1	2
ENSG00000117691	135	54	81
ENSG00000225233	0	0	0
ENSG00000274895	3	2	1
ENSG00000237514	0	0	0
ENSG00000287856	0	0	0
ENSG00000228067	0	0	0
ENSG00000284299	0	0	0
ENSG00000226375	0	0	0
ENSG00000203705	78	34	44
ENSG00000224040	0	0	0
ENSG00000228686	2	1	1
ENSG00000279838	105	50	55
ENSG00000174175	253	124	129
ENSG00000236401	0	0	0
ENSG00000241475	0	0	0
ENSG00000215800	0	0	0
ENSG00000286421	0	0	0
ENSG00000270936	1	1	0
ENSG00000008118	14	6	8
ENSG00000171161	86	49	37
ENSG00000241505	0	0	0
ENSG00000224535	0	0	0
ENSG00000282097	1	1	0
ENSG00000261453	0	0	0
ENSG00000231020	0	0	0
ENSG00000270818	0	0	0
ENSG00000196878	306	144	162
ENSG00000133059	143	82	61
ENSG00000225561	0	0	0
ENSG00000224668	0	0	0
ENSG00000242529	0	0	0
ENSG00000074964	246	112	134
ENSG00000223847	0	0	0
ENSG00000277704	0	0	0
ENSG00000116918	129	59	70
ENSG00000274020	12	10	7
ENSG00000287445	2	1	1
ENSG00000259815	0	0	0
ENSG00000240963	0	0	0
ENSG00000226570	0	0	0
ENSG00000198929	3	2	1
ENSG00000272167	0	0	0
ENSG00000230628	1	1	0
ENSG00000162771	6	39	38
ENSG00000227579	0	0	0
ENSG00000176393	173	117	117
ENSG00000174606	256	122	134
ENSG00000179914	364	164	200
ENSG00000235750	390	178	212
ENSG00000284376	0	0	0
ENSG00000121446	0	0	0
ENSG00000226758	1	1	0
ENSG00000230199	0	0	0
ENSG00000236905	0	0	0
ENSG00000233304	0	0	0
ENSG00000288007	5	4	1
ENSG00000227887	0	0	0
ENSG00000116903	160	103	73
ENSG00000228255	0	0	0
ENSG00000226196	0	0	0
ENSG00000287354	0	2	0
ENSG00000233827	0	0	0
ENSG00000198797	2	2	0
ENSG00000271746	4	5	1
ENSG00000234233	0	0	0
ENSG00000151414	458	209	249
ENSG00000177614	14	4	10
ENSG00000223794	0	0	0
ENSG00000235182	0	0	0
ENSG00000213041	1	1	0
ENSG00000287157	0	0	0
ENSG00000233920	0	0	0
ENSG00000183831	0	0	0
ENSG00000225755	0	0	0
ENSG00000143858	13	5	9
ENSG00000197472	2	0	2
ENSG00000230184	0	0	0
ENSG00000234004	0	0	0
ENSG00000232436	0	0	0
ENSG00000231718	0	0	0
ENSG00000283952	0	0	0
ENSG00000230019	0	0	0
ENSG00000136643	111	55	56
ENSG00000232537	0	0	0
ENSG00000226036	5	2	3
ENSG00000285521	6	3	3
ENSG00000236317	1	1	0
ENSG00000176855	0	0	0
ENSG00000227728	0	0	0
ENSG00000133069	9	4	5
ENSG00000162877	1	0	1
ENSG00000233461	1	0	1
ENSG00000225401	2	1	1
ENSG00000228190	0	0	0
ENSG00000135747	0	0	0
ENSG00000227237	0	0	0
ENSG00000069248	186	97	89
ENSG00000232812	0	0	0
ENSG00000231666	1	1	0
ENSG00000226986	0	0	0
ENSG00000242042	0	0	0
ENSG00000234464	0	0	0
ENSG00000253148	0	0	0
ENSG00000227751	0	36	38
ENSG00000090104	4122	2017	2105
ENSG00000285280	6	5	3
ENSG00000232892	0	0	0
ENSG00000236950	0	0	0
ENSG00000236468	0	0	0
ENSG00000143322	2579	1282	1297
ENSG00000185220	20	9	11
ENSG00000226003	0	0	0
ENSG00000230813	1	0	1
ENSG00000226862	1	0	1
ENSG00000236101	0	0	0
ENSG00000162769	135	67	68
ENSG00000133065	366	183	183
ENSG00000278684	0	0	0
ENSG00000236775	1	1	0
ENSG00000042781	0	0	0
ENSG00000234754	2	1	1
ENSG00000233084	0	0	0
ENSG00000227815	0	0	0
ENSG00000287046	1	0	1
ENSG00000223774	2	78	102
ENSG00000228863	4	61	48
ENSG00000228646	0	0	0
ENSG00000229112	0	0	0
ENSG00000233332	0	0	0
ENSG00000231984	0	0	0
ENSG00000286213	0	0	0
ENSG00000226876	1	1	0
ENSG00000277462	10	4	6
ENSG00000225591	0	0	0
ENSG00000035687	271	137	134
ENSG00000213080	1	1	0
ENSG00000180287	0	0	0
ENSG00000226693	0	0	0
ENSG00000234678	23	41	48
ENSG00000231272	0	0	0
ENSG00000223828	0	0	0
ENSG00000163431	638	405	411
ENSG00000230124	142	67	80
ENSG00000226723	0	0	0
ENSG00000272672	0	0	0
ENSG00000143473	4	8	2
ENSG00000228982	0	0	0
ENSG00000235096	0	0	0
ENSG00000237250	0	0	0
ENSG00000007341	86	83	86
ENSG00000286747	1	1	0
ENSG00000236069	3	3	0
ENSG00000236244	0	0	0
ENSG00000272865	0	0	0
ENSG00000117222	163	86	77
ENSG00000143324	236	108	128
ENSG00000229871	1	1	0
ENSG00000225222	0	0	0
ENSG00000118193	21	10	11
ENSG00000234116	0	0	0
ENSG00000231940	3	2	1
ENSG00000198842	1	1	0
ENSG00000286619	0	0	0
ENSG00000198756	73	39	34
ENSG00000259823	3	1	2
ENSG00000271558	0	0	0
ENSG00000227554	1	1	0
ENSG00000178596	0	0	0
ENSG00000135749	211	138	120
ENSG00000143786	9	4	5
ENSG00000224584	0	0	0
ENSG00000054282	107	82	61
ENSG00000183780	3	1	2
ENSG00000229663	2	1	1
ENSG00000162702	187	81	106
ENSG00000251508	0	0	0
ENSG00000238272	0	0	0
ENSG00000228530	0	0	0
ENSG00000235060	0	0	0
ENSG00000143194	0	0	0
ENSG00000229531	0	0	0
ENSG00000271329	0	0	0
ENSG00000054267	1305	618	690
ENSG00000261831	2	0	2
ENSG00000287921	0	0	0
ENSG00000177800	0	0	0
ENSG00000225620	1	0	1
ENSG00000232166	0	0	0
ENSG00000175137	100	46	54
ENSG00000134245	212	136	159
ENSG00000234041	7	5	2
ENSG00000227373	3	2	2
ENSG00000231905	0	0	0
ENSG00000228175	5	2	3
ENSG00000069275	1484	730	754
ENSG00000143674	54	15	39
ENSG00000237317	0	0	0
ENSG00000187889	12	7	5
ENSG00000134375	291	138	153
ENSG00000097046	34	14	20
ENSG00000232113	0	0	0
ENSG00000282718	0	0	0
ENSG00000231378	0	0	0
ENSG00000235605	0	0	0
ENSG00000223525	1	0	1
ENSG00000224857	0	0	0
ENSG00000273367	3	0	3
ENSG00000230604	0	0	0
ENSG00000231605	0	0	0
ENSG00000236358	0	0	0
ENSG00000203737	4	4	0
ENSG00000238003	0	0	0
ENSG00000215873	0	0	0
ENSG00000287008	0	0	0
ENSG00000185420	95	50	45
ENSG00000076321	114	55	59
ENSG00000272175	1	2	1
ENSG00000231564	0	0	0
ENSG00000135778	78	69	56
ENSG00000213070	0	0	0
ENSG00000282265	0	0	0
ENSG00000250536	1	0	1
ENSG00000229747	0	0	0
ENSG00000117280	89	47	42
ENSG00000233985	0	0	0
ENSG00000232175	0	0	0
ENSG00000287423	0	0	0
ENSG00000286774	0	0	0
ENSG00000236719	0	0	0
ENSG00000136636	377	181	196
ENSG00000225486	0	0	0
ENSG00000227043	0	0	0
ENSG00000163874	743	354	389
ENSG00000285777	0	0	0
ENSG00000237249	1	0	1
ENSG00000286109	0	0	0
ENSG00000213068	0	0	0
ENSG00000054392	29	13	18
ENSG00000227994	0	0	0
ENSG00000286552	0	0	0
ENSG00000225711	0	0	0
ENSG00000122223	28	9	19
ENSG00000235869	0	0	0
ENSG00000188739	25	16	9
ENSG00000286666	0	0	0
ENSG00000135750	55	25	30
ENSG00000273198	0	0	0
ENSG00000203730	0	0	0
ENSG00000225719	0	0	0
ENSG00000273483	1	0	1
ENSG00000287987	0	0	0
ENSG00000203729	0	0	0
ENSG00000232809	0	0	0
ENSG00000284623	0	0	0
ENSG00000285981	0	0	0
ENSG00000261729	0	0	0
ENSG00000223869	0	0	0
ENSG00000229228	0	0	0
ENSG00000215796	0	0	0
ENSG00000185221	0	0	0
ENSG00000233047	0	0	0
ENSG00000143341	224	103	121
ENSG00000228309	1	0	1
ENSG00000229739	9	8	1
ENSG00000116703	2	1	1
ENSG00000273874	0	0	0
ENSG00000278791	0	29	28
ENSG00000278757	0	0	0
ENSG00000264341	0	0	0
ENSG00000264101	0	0	0
ENSG00000265141	0	0	0
ENSG00000221083	0	0	0
ENSG00000252404	0	0	0
ENSG00000222511	0	0	0
ENSG00000265392	0	0	0
ENSG00000243267	0	0	0
ENSG00000201725	0	0	0
ENSG00000274258	3	3	0
ENSG00000239149	2	1	1
ENSG00000252151	0	0	0
ENSG00000252969	0	0	0
ENSG00000252417	0	0	0
ENSG00000200975	0	0	0
ENSG00000201609	0	0	0
ENSG00000238482	1	0	1
ENSG00000252956	0	0	0
ENSG00000265606	0	0	0
ENSG00000284357	0	0	0
ENSG00000278034	1	0	1
ENSG00000207237	0	0	0
ENSG00000222784	0	0	0
ENSG00000266210	0	0	0
ENSG00000265961	1	1	0
ENSG00000251866	0	0	0
ENSG00000252691	0	0	0
ENSG00000264371	0	0	0
ENSG00000253005	0	0	0
ENSG00000238316	0	0	0
ENSG00000207941	0	0	0
ENSG00000264773	1	0	1
ENSG00000252448	0	0	0
ENSG00000200421	0	0	0
ENSG00000222282	0	0	0
ENSG00000199963	0	0	0
ENSG00000264698	0	0	0
ENSG00000207328	0	0	0
ENSG00000207466	0	0	0
ENSG00000252368	0	0	0
ENSG00000206779	0	0	0
ENSG00000265596	0	0	0
ENSG00000212541	0	0	0
ENSG00000200796	0	0	0
ENSG00000252190	0	0	0
ENSG00000264613	1	0	1
ENSG00000199240	0	0	0
ENSG00000277168	0	0	0
ENSG00000283724	0	0	0
ENSG00000284410	0	0	0
ENSG00000252018	0	0	0
ENSG00000206627	0	0	0
ENSG00000283414	1	1	0
ENSG00000207508	0	0	0
ENSG00000200171	0	0	0
ENSG00000207194	0	0	0
ENSG00000283477	0	0	0
ENSG00000264834	0	0	0
ENSG00000263675	3	2	1
ENSG00000266188	0	0	0
ENSG00000206981	0	0	0
ENSG00000200174	0	0	0
ENSG00000265822	0	0	0
ENSG00000265815	0	0	0
ENSG00000238653	0	0	0
ENSG00000212624	1	0	1
ENSG00000200575	0	0	0
ENSG00000212360	1	1	0
ENSG00000242860	0	0	0
ENSG00000263908	0	0	0
ENSG00000283690	0	0	0
ENSG00000199921	0	0	0
ENSG00000251825	0	0	0
ENSG00000201153	0	0	0
ENSG00000222624	0	0	0
ENSG00000223152	0	0	0
ENSG00000212308	0	0	0
ENSG00000279049	0	1	2
ENSG00000276081	0	0	0
ENSG00000239640	0	0	0
ENSG00000252338	0	0	0
ENSG00000251785	1	0	1
ENSG00000239319	0	0	0
ENSG00000222849	0	0	0
ENSG00000283749	0	0	0
ENSG00000251958	0	0	0
ENSG00000251767	0	0	0
ENSG00000243437	0	0	0
ENSG00000202263	0	0	0
ENSG00000199318	0	0	0
ENSG00000199666	0	0	0
ENSG00000200601	0	0	0
ENSG00000242482	0	0	0
ENSG00000212366	0	0	0
ENSG00000201620	0	0	0
ENSG00000206817	0	0	0
ENSG00000284247	0	0	0
ENSG00000200839	0	0	0
ENSG00000264963	0	0	0
ENSG00000264271	0	0	0
ENSG00000239504	0	0	0
ENSG00000284202	0	0	0
ENSG00000251720	0	0	0
ENSG00000274321	0	0	0
ENSG00000198974	0	0	0
ENSG00000212248	0	0	0
ENSG00000207962	0	0	0
ENSG00000276884	0	0	0
ENSG00000207234	2	1	1
ENSG00000202259	0	0	0
ENSG00000212459	0	0	0
ENSG00000278287	0	0	0
ENSG00000277565	0	0	0
ENSG00000263526	0	0	0
ENSG00000211575	0	0	0
ENSG00000275823	0	0	0
ENSG00000277689	0	0	0
ENSG00000274199	0	0	0
ENSG00000202254	0	0	0
ENSG00000244256	0	0	0
ENSG00000201491	0	0	0
ENSG00000199831	0	0	0
ENSG00000275455	0	0	0
ENSG00000252162	0	0	0
ENSG00000272051	0	0	0
ENSG00000283899	0	0	0
ENSG00000200800	0	0	0
ENSG00000207502	0	0	0
ENSG00000252530	0	0	0
ENSG00000200536	0	0	0
ENSG00000211543	0	0	0
ENSG00000252797	0	0	0
ENSG00000212266	0	0	0
ENSG00000222209	0	0	0
ENSG00000277141	0	0	0
ENSG00000215930	0	0	0
ENSG00000238761	0	0	0
ENSG00000201114	0	0	0
ENSG00000206679	0	0	0
ENSG00000264419	0	0	0
ENSG00000222069	0	0	0
ENSG00000274428	1	0	1
ENSG00000199879	1	1	0
ENSG00000274408	0	0	0
ENSG00000283676	4	2	2
ENSG00000252005	0	0	0
ENSG00000252510	0	0	0
ENSG00000207340	3	3	0
ENSG00000252830	0	0	0
ENSG00000274450	0	0	0
ENSG00000252135	0	0	0
ENSG00000278596	2	0	2
ENSG00000238825	3	3	0
ENSG00000201183	2	1	1
ENSG00000202408	0	2	2
ENSG00000252744	0	0	0
ENSG00000273768	4	1	3
ENSG00000242565	0	0	0
ENSG00000239984	0	0	0
ENSG00000283296	0	0	0
ENSG00000252717	0	0	0
ENSG00000194297	0	0	0
ENSG00000199565	0	0	0
ENSG00000277313	0	0	0
ENSG00000274940	0	0	0
ENSG00000207341	0	0	0
ENSG00000207472	0	0	0
ENSG00000206880	0	0	0
ENSG00000252552	0	0	0
ENSG00000199849	0	0	0
ENSG00000252407	0	0	0
ENSG00000212538	0	0	0
ENSG00000251813	0	0	0
ENSG00000207108	0	0	0
ENSG00000201312	0	0	0
ENSG00000207039	0	0	0
ENSG00000202491	0	0	0
ENSG00000201596	0	0	0
ENSG00000276839	0	0	0
ENSG00000207974	0	0	0
ENSG00000273629	0	0	0
ENSG00000201493	0	0	0
ENSG00000215952	0	0	0
ENSG00000200139	0	0	0
ENSG00000283575	1	0	1
ENSG00000238765	0	0	0
ENSG00000264916	2	1	1
ENSG00000212338	0	0	0
ENSG00000206659	0	0	0
ENSG00000253025	0	0	0
ENSG00000201619	0	0	0
ENSG00000201544	0	0	0
ENSG00000202498	0	0	0
ENSG00000221545	0	0	0
ENSG00000252906	0	0	0
ENSG00000206692	0	0	0
ENSG00000202329	0	0	0
ENSG00000242794	0	0	0
ENSG00000212144	0	0	0
ENSG00000283340	0	0	0
ENSG00000252860	1	0	1
ENSG00000252501	0	0	0
ENSG00000263390	0	0	0
ENSG00000207181	3	2	1
ENSG00000265744	0	0	0
ENSG00000264377	0	0	0
ENSG00000207149	0	0	0
ENSG00000283936	0	0	0
ENSG00000284485	0	0	0
ENSG00000201638	0	0	0
ENSG00000275213	0	0	0
ENSG00000239494	0	0	0
ENSG00000212230	0	0	0
ENSG00000252371	0	0	0
ENSG00000199442	0	0	0
ENSG00000200033	0	0	0
ENSG00000239690	0	0	0
ENSG00000202184	0	0	0
ENSG00000241395	0	0	0
ENSG00000200982	0	0	0
ENSG00000275207	0	0	0
ENSG00000202300	0	0	0
ENSG00000222407	0	0	0
ENSG00000222986	0	0	0
ENSG00000265435	0	0	0
ENSG00000272262	0	0	0
ENSG00000200495	0	0	0
ENSG00000202609	0	0	0
ENSG00000252553	0	0	0
ENSG00000206764	0	0	0
ENSG00000222240	0	0	0
ENSG00000212187	0	0	0
ENSG00000206637	1	1	0
ENSG00000253097	0	0	0
ENSG00000200036	0	0	0
ENSG00000201421	0	0	0
ENSG00000212610	0	0	0
ENSG00000252484	0	0	0
ENSG00000201944	0	0	0
ENSG00000200327	0	0	0
ENSG00000206905	0	0	0
ENSG00000200972	0	0	0
ENSG00000243051	0	0	0
ENSG00000252011	0	0	0
ENSG00000207326	0	0	0
ENSG00000212205	1	1	0
ENSG00000253042	0	0	0
ENSG00000274121	0	0	0
ENSG00000264358	0	0	0
ENSG00000206640	1	0	1
ENSG00000212527	0	0	0
ENSG00000252879	0	0	0
ENSG00000252612	2	1	1
ENSG00000202264	0	0	0
ENSG00000285609	0	0	0
ENSG00000206762	1	1	0
ENSG00000252084	0	0	0
ENSG00000200085	0	0	0
ENSG00000264500	0	0	0
ENSG00000202025	0	0	0
ENSG00000225545	0	0	0
ENSG00000206990	0	0	0
ENSG00000230175	1	0	1
ENSG00000225272	0	0	0
ENSG00000215838	0	0	0
ENSG00000273365	0	0	0
ENSG00000224358	1	0	1
ENSG00000230659	0	0	0
ENSG00000162545	397	202	195
ENSG00000090432	109	60	49
ENSG00000215520	0	0	0
ENSG00000183114	2	1	1
ENSG00000158825	25	14	11
ENSG00000158828	86	166	175
ENSG00000284005	0	0	0
ENSG00000117242	25	148	132
ENSG00000234473	3	2	1
ENSG00000238754	0	0	0
ENSG00000134371	318	160	158
ENSG00000221680	0	0	0
ENSG00000162630	18	11	7
ENSG00000276735	0	0	0
ENSG00000232077	2	2	0
ENSG00000229639	0	0	0
ENSG00000287453	0	0	0
ENSG00000270615	0	0	0
ENSG00000287283	0	0	0
ENSG00000240692	0	0	0
ENSG00000229359	0	0	0
ENSG00000237919	0	0	0
ENSG00000066557	119	55	64
ENSG00000244389	0	0	0
ENSG00000228988	3	0	3
ENSG00000118454	235	107	128
ENSG00000226088	1	0	1
ENSG00000116761	37	14	23
ENSG00000278636	0	0	0
ENSG00000271992	3	2	1
ENSG00000233020	0	0	0
ENSG00000237033	0	0	0
ENSG00000226208	0	0	0
ENSG00000007968	23	12	11
ENSG00000235052	2	1	1
ENSG00000117318	592	307	285
ENSG00000285802	0	0	0
ENSG00000229239	0	0	0
ENSG00000142676	5071	2442	2629
ENSG00000057757	238	119	119
ENSG00000011009	142	68	74
ENSG00000117308	78	31	47
ENSG00000273844	0	0	0
ENSG00000235748	0	0	0
ENSG00000237861	0	0	0
ENSG00000221879	0	0	0
ENSG00000230260	0	0	0
ENSG00000199241	0	0	0
ENSG00000226919	1	3	0
ENSG00000223963	1	1	0
ENSG00000215802	0	0	0
ENSG00000233615	1	1	0
ENSG00000238085	0	0	0
ENSG00000265831	0	0	0
ENSG00000224348	0	0	0
ENSG00000286496	0	0	0
ENSG00000287516	0	0	0
ENSG00000287738	0	0	0
ENSG00000132703	0	0	0
ENSG00000276632	0	0	0
ENSG00000223603	0	0	0
ENSG00000132693	0	0	0
ENSG00000235226	0	0	0
ENSG00000158716	93	41	52
ENSG00000181036	14	9	5
ENSG00000158714	36	51	58
ENSG00000212161	0	0	0
ENSG00000243284	0	0	0
ENSG00000272668	31	15	18
ENSG00000213085	46	21	25
ENSG00000266458	0	0	0
ENSG00000287040	7	3	4
ENSG00000279430	25	12	13
ENSG00000162723	2	2	0
ENSG00000273933	0	0	0
ENSG00000256029	5	18	15
ENSG00000188004	1	0	1
ENSG00000266580	0	0	0
ENSG00000254545	0	2	0
ENSG00000203620	1	1	0
ENSG00000269967	3	1	2
ENSG00000228634	3	0	3
ENSG00000284702	0	0	0
ENSG00000221040	0	0	0
ENSG00000287217	0	0	0
ENSG00000163399	1081	1372	1385
ENSG00000212385	0	0	0
ENSG00000233154	0	0	0
ENSG00000230381	0	0	0
ENSG00000200547	0	0	0
ENSG00000224950	4	0	4
ENSG00000286276	0	0	0
ENSG00000177888	103	46	57
ENSG00000243364	7	5	2
ENSG00000251246	0	0	0
ENSG00000143590	4	2	2
ENSG00000202027	0	0	0
ENSG00000169242	190	91	99
ENSG00000169241	141	67	74
ENSG00000223452	0	0	0
ENSG00000163463	39	21	18
ENSG00000273088	0	0	0
ENSG00000284586	0	0	0
ENSG00000169231	183	169	155
ENSG00000236263	0	3	7
ENSG00000236675	2	1	1
ENSG00000177628	78	36	42
ENSG00000116521	99	59	40
ENSG00000176444	239	124	115
ENSG00000143630	14	9	11
ENSG00000143627	1	5	2
ENSG00000253074	0	0	0
ENSG00000252116	0	0	0
ENSG00000228523	0	0	0
ENSG00000223263	2	0	2
ENSG00000207504	0	0	0
ENSG00000238139	0	0	0
ENSG00000197721	1	1	0
ENSG00000244703	1	0	1
ENSG00000226289	0	0	0
ENSG00000285239	0	0	0
ENSG00000234219	4	1	3
ENSG00000174059	690	325	365
ENSG00000285719	0	0	0
ENSG00000284237	4	4	0
ENSG00000158731	0	0	0
ENSG00000201746	1	1	0
ENSG00000264881	0	0	0
ENSG00000199562	1	1	0
ENSG00000264501	0	0	0
ENSG00000284735	6	2	4
ENSG00000284642	12	6	6
ENSG00000142657	402	202	200
ENSG00000271989	1	1	3
ENSG00000251503	0	0	0
ENSG00000175279	5	1	4
ENSG00000160049	168	95	99
ENSG00000203469	0	9	10
ENSG00000236035	4	2	2
ENSG00000221643	1	0	1
ENSG00000122188	137	68	69
ENSG00000288644	0	0	0
ENSG00000227417	1	1	0
ENSG00000223505	1	1	0
ENSG00000182004	169	91	78
ENSG00000236430	1	1	0
ENSG00000130768	10	12	7
ENSG00000227050	0	4	5
ENSG00000238231	1	0	1
ENSG00000240750	0	0	0
ENSG00000158156	28	15	13
ENSG00000182118	40	29	11
ENSG00000283799	0	0	0
ENSG00000227934	1	0	1
ENSG00000229595	0	0	0
ENSG00000143633	77	35	42
ENSG00000281912	3	1	2
ENSG00000288208	0	0	0
ENSG00000132773	148	97	81
ENSG00000070759	26	21	11
ENSG00000236872	0	0	0
ENSG00000280670	7	5	2
ENSG00000132763	27	182	120
ENSG00000221953	2	0	2
ENSG00000226164	0	0	0
ENSG00000224014	0	0	0
ENSG00000215795	0	0	0
ENSG00000259865	57	20	37
ENSG00000227671	398	173	225
ENSG00000283881	0	0	0
ENSG00000252516	7	4	3
ENSG00000232347	0	0	0
ENSG00000214144	0	0	0
ENSG00000235818	0	0	0
ENSG00000197617	0	0	0
ENSG00000202079	1	1	0
ENSG00000286216	0	0	1
ENSG00000203664	0	0	0
ENSG00000169224	9	6	3
ENSG00000236817	0	0	0
ENSG00000177489	0	0	0
ENSG00000177476	0	0	0
ENSG00000283369	0	0	0
ENSG00000230411	0	0	0
ENSG00000251977	0	0	0
ENSG00000252254	0	0	0
ENSG00000227854	0	0	0
ENSG00000287589	0	0	0
ENSG00000259776	0	0	0
ENSG00000233355	52	29	23
ENSG00000234601	0	0	0
ENSG00000231979	0	0	0
ENSG00000215805	0	0	0
ENSG00000287102	0	0	0
ENSG00000217327	0	0	0
ENSG00000228818	2	1	1
ENSG00000202041	0	0	0
ENSG00000223694	0	0	0
ENSG00000233735	0	2	0
ENSG00000133019	35	18	17
ENSG00000162636	517	261	256
ENSG00000162639	21	10	11
ENSG00000285923	2	1	1
ENSG00000134186	994	502	492
ENSG00000143107	13	5	8
ENSG00000232971	0	0	0
ENSG00000116266	301	161	140
ENSG00000228076	0	0	0
ENSG00000203897	0	0	0
ENSG00000237349	1	0	1
ENSG00000244716	23	20	3
ENSG00000228665	2	0	2
ENSG00000228054	0	0	0
ENSG00000273382	3	2	13
ENSG00000215717	290	163	139
ENSG00000278249	0	0	0
ENSG00000270066	0	0	0
ENSG00000251484	1	0	1
ENSG00000132676	418	210	223
ENSG00000227673	0	0	0
ENSG00000203761	36	22	19
ENSG00000234937	1	0	1
ENSG00000132718	320	160	160
ENSG00000283442	2	2	0
ENSG00000143622	293	144	149
ENSG00000132680	144	78	66
ENSG00000207475	1	0	1
ENSG00000280466	0	0	0
ENSG00000281394	0	0	0
ENSG00000277817	0	0	0
ENSG00000273002	2	0	2
ENSG00000224276	0	0	0
ENSG00000285677	3	70	116
ENSG00000163479	544	385	342
ENSG00000160803	83	42	41
ENSG00000132698	55	26	29
ENSG00000252236	15	4	11
ENSG00000260238	0	0	0
ENSG00000242252	6	3	3
ENSG00000198952	426	213	213
ENSG00000163472	78	60	64
ENSG00000163468	580	280	300
ENSG00000132677	1	0	1
ENSG00000237390	2	1	1
ENSG00000207933	0	0	0
ENSG00000254726	17	7	10
ENSG00000186377	18	9	9
ENSG00000186160	1	0	1
ENSG00000225154	0	0	0
ENSG00000225506	1	1	0
ENSG00000225514	0	0	0
ENSG00000224805	0	0	0
ENSG00000162366	21	9	12
ENSG00000226252	3	5	2
ENSG00000225762	4	2	2
ENSG00000186790	0	0	0
ENSG00000237424	5	2	3
ENSG00000189030	6	2	4
ENSG00000162763	1	1	0
ENSG00000143061	40	15	25
ENSG00000135821	5350	2678	2672
ENSG00000203740	0	0	0
ENSG00000162374	43	20	23
ENSG00000168275	34	22	27
ENSG00000241563	5	4	1
ENSG00000153207	591	270	321
ENSG00000156869	36	17	19
ENSG00000033122	48	16	32
ENSG00000143278	0	0	0
ENSG00000116678	235	125	110
ENSG00000159352	371	198	173
ENSG00000158710	3348	1717	1631
ENSG00000162734	950	499	513
ENSG00000049239	499	247	252
ENSG00000186564	3	2	1
ENSG00000244038	498	238	260
ENSG00000158747	878	430	448
ENSG00000116690	8	31	13
ENSG00000126091	15	8	7
ENSG00000162383	9	5	4
ENSG00000171163	101	51	50
ENSG00000172456	36	20	16
ENSG00000162946	57	26	31
ENSG00000158786	1	0	1
ENSG00000118733	18	10	8
ENSG00000157870	54	39	38
ENSG00000179085	49	28	21
ENSG00000173080	17	10	7
ENSG00000183347	1	0	1
ENSG00000276470	0	0	0
ENSG00000278852	0	0	0
ENSG00000275915	0	0	0
ENSG00000120937	2	0	2
ENSG00000224904	0	0	0
ENSG00000285646	26	13	13
ENSG00000199347	0	0	0
ENSG00000201801	10	9	1
ENSG00000116685	175	83	92
ENSG00000083444	195	103	92
ENSG00000287384	0	0	0
ENSG00000270914	0	0	0
ENSG00000116691	127	65	62
ENSG00000202461	1	1	0
ENSG00000276869	0	0	0
ENSG00000243539	0	0	0
ENSG00000120949	12	9	3
ENSG00000201135	0	0	0
ENSG00000227875	0	0	0
ENSG00000285604	0	0	0
ENSG00000283789	1	1	0
ENSG00000263676	1	1	0
ENSG00000200591	0	0	0
ENSG00000162521	262	218	212
ENSG00000162520	22	93	97
ENSG00000224409	1	0	1
ENSG00000162522	175	100	75
ENSG00000116497	132	82	55
ENSG00000160097	19	7	12
ENSG00000121905	3	14	13
ENSG00000121900	61	38	47
ENSG00000287691	27	12	16
ENSG00000278966	0	0	0
ENSG00000143222	314	168	195
ENSG00000224985	4	8	45
ENSG00000143224	66	45	38
ENSG00000158850	199	104	112
ENSG00000158859	2331	1144	1187
ENSG00000158869	178	97	81
ENSG00000158874	1	1	0
ENSG00000158882	32	29	26
ENSG00000284035	0	0	0
ENSG00000143257	7	13	17
ENSG00000248485	15	6	9
ENSG00000188931	7	4	4
ENSG00000236484	0	0	0
ENSG00000283696	6	3	3
ENSG00000288093	9	6	3
ENSG00000206921	0	0	0
ENSG00000215840	1	0	1
ENSG00000277882	1	0	1
ENSG00000283317	2	2	0
ENSG00000277762	0	0	0
ENSG00000227139	0	0	0
ENSG00000265107	133	94	96
ENSG00000274415	0	27	30
ENSG00000234190	0	0	0
ENSG00000223728	0	0	0
ENSG00000121634	0	0	0
ENSG00000188092	27	19	8
ENSG00000215859	4	3	2
ENSG00000273059	0	0	1
ENSG00000274372	1	0	1
ENSG00000206791	0	0	0
ENSG00000206585	6	4	2
ENSG00000229828	1	1	0
ENSG00000225080	0	0	0
ENSG00000198658	2	0	2
ENSG00000238382	0	0	0
ENSG00000225919	0	0	0
ENSG00000236497	0	0	0
ENSG00000207190	0	0	0
ENSG00000200508	0	0	0
ENSG00000284928	0	0	0
ENSG00000223949	1	0	1
ENSG00000116688	559	294	265
ENSG00000188800	1	0	1
ENSG00000084073	277	141	137
ENSG00000231296	0	1	0
ENSG00000049089	85	49	36
ENSG00000227311	1	0	1
ENSG00000213172	1	1	0
ENSG00000284677	2	1	1
ENSG00000187801	41	18	23
ENSG00000260920	37	20	17
ENSG00000158887	165	76	89
ENSG00000255054	0	0	0
ENSG00000228172	3	52	45
ENSG00000117640	169	114	106
ENSG00000272478	0	0	0
ENSG00000127423	5	6	5
ENSG00000182749	27	22	13
ENSG00000207302	0	0	0
ENSG00000117632	372	157	215
ENSG00000229786	0	0	0
ENSG00000223624	1	0	1
ENSG00000283938	0	0	0
ENSG00000199385	0	0	0
ENSG00000187147	299	194	181
ENSG00000263381	0	0	0
ENSG00000126106	16	34	58
ENSG00000198520	46	20	26
ENSG00000199377	5	4	1
ENSG00000200169	8	8	0
ENSG00000142945	26	13	14
ENSG00000142937	5205	2707	2726
ENSG00000264294	0	0	0
ENSG00000200913	1	0	1
ENSG00000202031	1	1	0
ENSG00000207421	0	0	0
ENSG00000281859	0	0	0
ENSG00000234093	4	3	1
ENSG00000142959	12	6	6
ENSG00000173846	1274	628	696
ENSG00000117425	69	35	34
ENSG00000202444	0	0	0
ENSG00000226499	0	0	0
ENSG00000070785	63	40	23
ENSG00000253039	0	0	0
ENSG00000229815	0	0	0
ENSG00000232369	0	0	0
ENSG00000268949	0	0	0
ENSG00000126107	168	95	81
ENSG00000126088	138	68	78
ENSG00000234315	0	0	0
ENSG00000162408	383	209	174
ENSG00000229519	4	1	3
ENSG00000173662	25	9	16
ENSG00000204859	184	86	98
ENSG00000288629	0	0	0
ENSG00000230735	3	4	5
ENSG00000171488	574	290	284
ENSG00000226394	1	1	0
ENSG00000237200	0	0	0
ENSG00000070886	2	2	0
ENSG00000276835	0	0	0
ENSG00000265422	1	1	0
ENSG00000223776	5	5	13
ENSG00000273058	8	2	6
ENSG00000230325	9	9	10
ENSG00000119285	227	279	281
ENSG00000226498	0	0	0
ENSG00000237991	3	3	0
ENSG00000244020	0	0	0
ENSG00000288099	0	0	0
ENSG00000225886	8	5	4
ENSG00000206767	0	0	0
ENSG00000226662	0	0	0
ENSG00000207095	0	0	0
ENSG00000287244	1	1	0
ENSG00000231344	1	0	1
ENSG00000230833	1	0	1
ENSG00000117758	384	192	192
ENSG00000269971	1	0	1
ENSG00000270031	0	0	0
ENSG00000223062	0	0	0
ENSG00000286433	0	2	7
ENSG00000117751	213	100	122
ENSG00000252947	0	0	0
ENSG00000130775	328	164	164
ENSG00000117748	146	67	79
ENSG00000223643	0	0	0
ENSG00000230239	0	0	0
ENSG00000263811	0	0	0
ENSG00000277234	0	0	0
ENSG00000235241	0	0	3
ENSG00000207005	0	0	0
ENSG00000272426	1	0	1
ENSG00000117122	25	21	13
ENSG00000286898	0	5	4
ENSG00000226526	0	3	4
ENSG00000159363	126	74	58
ENSG00000117118	261	130	131
ENSG00000117115	22	8	14
ENSG00000204362	0	0	0
ENSG00000282843	0	0	0
ENSG00000142623	1	0	1
ENSG00000142619	0	0	0
ENSG00000266634	0	0	0
ENSG00000199459	0	0	0
ENSG00000273264	1	1	0
ENSG00000282057	6	3	3
ENSG00000272691	0	0	0
ENSG00000199934	1	0	1
ENSG00000230285	0	0	0
ENSG00000142871	8490	4149	4341
ENSG00000226643	0	0	0
ENSG00000234419	0	0	0
ENSG00000276997	1	1	0
ENSG00000222399	0	0	0
ENSG00000267305	0	0	0
ENSG00000143512	1	1	0
ENSG00000143498	19	9	10
ENSG00000225265	1	1	0
ENSG00000154305	480	260	281
ENSG00000229399	2	2	0
ENSG00000272750	19	32	45
ENSG00000186063	122	59	69
ENSG00000162819	272	125	150
ENSG00000287684	2	1	2
ENSG00000234523	0	0	0
ENSG00000287338	1	0	1
ENSG00000187554	26	13	13
ENSG00000236846	0	0	0
ENSG00000226601	0	0	0
ENSG00000164010	53	33	34
ENSG00000164011	15	9	6
ENSG00000233708	3	2	1
ENSG00000237090	2	0	2
ENSG00000225099	1	0	1
ENSG00000284138	2	1	1
ENSG00000283973	0	0	0
ENSG00000207256	0	0	0
ENSG00000283136	0	0	0
ENSG00000277513	0	0	0
ENSG00000154309	87	36	51
ENSG00000226967	0	0	0
ENSG00000231407	4	3	2
ENSG00000229570	0	0	0
ENSG00000203857	0	0	0
ENSG00000226443	0	0	0
ENSG00000249798	0	0	0
ENSG00000239873	0	0	0
ENSG00000203855	0	0	0
ENSG00000240244	1	1	0
ENSG00000260941	0	0	0
ENSG00000198857	2	1	1
ENSG00000143067	63	32	31
ENSG00000134240	152	91	61
ENSG00000134193	963	487	476
ENSG00000215864	1	1	0
ENSG00000227205	0	0	0
ENSG00000226446	0	0	0
ENSG00000134249	0	0	0
ENSG00000092621	79	41	38
ENSG00000027644	6	3	4
ENSG00000241992	0	0	0
ENSG00000234226	0	0	0
ENSG00000137970	53	10	43
ENSG00000223229	0	0	0
ENSG00000285698	0	0	0
ENSG00000228035	0	0	0
ENSG00000287103	0	0	0
ENSG00000226973	0	0	0
ENSG00000274468	0	0	0
ENSG00000130764	233	109	139
ENSG00000266075	0	0	0
ENSG00000272153	3	14	4
ENSG00000230026	0	0	0
ENSG00000285177	0	0	0
ENSG00000284770	15	45	40
ENSG00000229795	0	0	0
ENSG00000238236	0	0	0
ENSG00000235638	0	0	0
ENSG00000231199	0	0	0
ENSG00000226663	0	0	0
ENSG00000231582	0	0	0
ENSG00000232714	0	0	0
ENSG00000235761	0	0	0
ENSG00000270710	0	0	0
ENSG00000227236	0	0	0
ENSG00000198837	415	208	232
ENSG00000160741	414	236	178
ENSG00000276584	0	0	0
ENSG00000282386	4	3	1
ENSG00000273026	4	3	1
ENSG00000143578	33	19	18
ENSG00000143543	46	7	40
ENSG00000285641	0	2	0
ENSG00000143545	67	35	32
ENSG00000177954	4936	2490	2446
ENSG00000231416	3	2	1
ENSG00000200220	0	0	0
ENSG00000231837	0	0	0
ENSG00000263987	0	0	0
ENSG00000162642	156	74	82
ENSG00000223254	6	3	3
ENSG00000223653	4	5	9
ENSG00000116198	139	64	75
ENSG00000169598	41	18	23
ENSG00000226653	0	0	0
ENSG00000207209	0	0	0
ENSG00000272443	0	0	0
ENSG00000272480	0	0	0
ENSG00000288626	0	0	0
ENSG00000162836	59	32	27
ENSG00000207080	0	0	0
ENSG00000231791	0	0	0
ENSG00000244568	0	0	0
ENSG00000271387	4	1	3
ENSG00000116667	474	235	239
ENSG00000230470	0	0	0
ENSG00000232036	0	0	0
ENSG00000285847	8	5	4
ENSG00000286378	1	0	2
ENSG00000215381	0	0	0
ENSG00000261326	14	8	6
ENSG00000284726	0	0	0
ENSG00000125945	114	57	65
ENSG00000201405	0	0	0
ENSG00000271420	1	1	0
ENSG00000204219	102	44	58
ENSG00000232482	0	0	0
ENSG00000285779	0	0	0
ENSG00000162885	125	133	117
ENSG00000270780	0	0	0
ENSG00000232895	0	0	0
ENSG00000273698	0	0	0
ENSG00000273112	0	0	0
ENSG00000173110	781	356	425
ENSG00000224203	0	0	0
ENSG00000224515	0	0	0
ENSG00000225217	93	41	52
ENSG00000231586	0	0	0
ENSG00000234211	0	4	2
ENSG00000213075	1	1	0
ENSG00000143125	0	0	0
ENSG00000270380	0	0	0
ENSG00000282887	0	0	0
ENSG00000283999	0	0	0
ENSG00000240194	0	0	0
ENSG00000235407	5	2	3
ENSG00000143105	0	0	0
ENSG00000199710	0	0	0
ENSG00000237415	1	1	0
ENSG00000232791	0	0	0
ENSG00000177301	10	6	4
ENSG00000226828	0	0	0
ENSG00000279774	1	1	0
ENSG00000229960	0	0	0
ENSG00000286486	1	1	0
ENSG00000244066	0	0	0
ENSG00000237759	0	0	0
ENSG00000287531	0	0	0
ENSG00000225855	12	108	94
ENSG00000283701	0	0	0
ENSG00000207134	0	0	0
ENSG00000227773	0	0	0
ENSG00000207144	0	0	0
ENSG00000237872	3	0	3
ENSG00000271267	2	0	2
ENSG00000225082	1	0	1
ENSG00000223503	1	0	1
ENSG00000232519	2	0	2
ENSG00000160752	124	149	157
ENSG00000121957	39	63	72
ENSG00000235089	0	0	0
ENSG00000285179	0	0	0
ENSG00000223026	0	0	0
ENSG00000225721	2	4	227
ENSG00000188396	80	78	52
ENSG00000202167	0	0	0
ENSG00000207349	0	0	0
ENSG00000252826	0	0	0
ENSG00000206737	2	1	1
ENSG00000223779	0	0	0
ENSG00000242352	0	0	0
ENSG00000270962	0	0	0
ENSG00000263590	0	0	0
ENSG00000252105	0	0	0
ENSG00000233430	0	0	0
ENSG00000237503	0	0	0
ENSG00000265531	2	0	2
ENSG00000234571	0	0	0
ENSG00000230186	0	1	0
ENSG00000268074	0	0	0
ENSG00000270872	1	1	0
ENSG00000276674	0	0	0
ENSG00000082482	13	3	10
ENSG00000116747	171	103	121
ENSG00000118729	31	12	19
ENSG00000134207	0	0	0
ENSG00000163467	7	1	6
ENSG00000243710	1	0	2
ENSG00000117395	193	89	105
ENSG00000116874	54	25	36
ENSG00000065600	43	25	18
ENSG00000009780	80	38	42
ENSG00000023572	104	69	70
ENSG00000077254	334	155	179
ENSG00000134644	696	358	338
ENSG00000215788	231	137	109
ENSG00000117834	5	5	2
ENSG00000117625	298	147	151
ENSG00000179902	2	0	2
ENSG00000020633	599	269	330
ENSG00000121766	93	58	59
ENSG00000143157	222	120	102
ENSG00000162614	491	238	262
ENSG00000160781	85	40	46
ENSG00000143344	289	147	142
ENSG00000162613	498	249	249
ENSG00000116882	0	0	0
ENSG00000198758	245	111	134
ENSG00000117569	280	124	156
ENSG00000142856	32	24	22
ENSG00000158022	16	11	5
ENSG00000116396	76	35	41
ENSG00000058668	1182	588	594
ENSG00000163875	280	146	134
ENSG00000282872	0	0	0
ENSG00000131238	490	249	241
ENSG00000171680	117	69	48
ENSG00000244457	0	0	0
ENSG00000116977	553	463	472
ENSG00000229372	0	18	21
ENSG00000274975	0	0	0
ENSG00000229348	0	0	0
ENSG00000242485	190	106	120
ENSG00000264293	0	0	0
ENSG00000272455	7	4	3
ENSG00000225905	3	2	1
ENSG00000225285	2	0	2
ENSG00000179403	441	199	242
ENSG00000215915	16	9	7
ENSG00000236085	0	0	0
ENSG00000234441	0	0	0
ENSG00000227408	0	0	0
ENSG00000223635	1	1	0
ENSG00000135776	115	62	53
ENSG00000199672	0	0	0
ENSG00000201492	2	0	2
ENSG00000229367	0	0	0
ENSG00000135763	79	47	32
ENSG00000213028	3	3	0
ENSG00000225984	1	1	0
ENSG00000178828	5	4	2
ENSG00000235434	0	0	1
ENSG00000169914	131	68	63
ENSG00000188784	0	0	0
ENSG00000242688	0	0	0
ENSG00000177186	0	0	0
ENSG00000177174	0	0	0
ENSG00000269956	5	21	18
ENSG00000162456	4	4	0
ENSG00000079277	288	147	175
ENSG00000117407	14	5	9
ENSG00000237950	4	2	2
ENSG00000117408	102	46	56
ENSG00000285649	0	3	2
ENSG00000117410	386	204	182
ENSG00000159214	13	8	9
ENSG00000196517	15	12	7
ENSG00000227163	0	0	0
ENSG00000271647	0	0	0
ENSG00000239560	0	0	0
ENSG00000196539	0	0	0
ENSG00000229255	0	0	0
ENSG00000203661	0	0	0
ENSG00000271934	0	0	0
ENSG00000224521	0	0	0
ENSG00000227102	0	0	0
ENSG00000183310	0	0	0
ENSG00000201602	0	0	0
ENSG00000271701	0	0	0
ENSG00000189181	0	0	0
ENSG00000187238	0	0	0
ENSG00000185962	0	0	0
ENSG00000226947	0	0	0
ENSG00000285753	0	0	0
ENSG00000187223	0	0	0
ENSG00000159455	0	0	0
ENSG00000187173	0	0	0
ENSG00000204501	0	0	0
ENSG00000228229	0	0	0
ENSG00000204481	0	0	0
ENSG00000204479	0	0	0
ENSG00000172031	2	1	1
ENSG00000233228	0	0	0
ENSG00000224678	0	0	0
ENSG00000233401	0	0	0
ENSG00000273487	1	0	1
ENSG00000226773	0	0	0
ENSG00000274481	0	0	0
ENSG00000228594	11	3	8
ENSG00000286989	1	0	1
ENSG00000272106	43	28	21
ENSG00000189409	4	3	1
ENSG00000272004	0	6	16
ENSG00000189339	263	144	141
ENSG00000269737	12	7	5
ENSG00000215914	1	1	0
ENSG00000008128	53	40	13
ENSG00000268575	9	12	10
ENSG00000227775	8	9	12
ENSG00000008130	440	250	190
ENSG00000078369	1697	824	873
ENSG00000178821	4	3	1
ENSG00000158477	0	0	0
ENSG00000230942	0	0	0
ENSG00000158481	33	15	18
ENSG00000158485	2	1	1
ENSG00000158488	7	4	3
ENSG00000186306	0	0	0
ENSG00000203758	0	0	0
ENSG00000236257	0	0	0
ENSG00000236656	0	0	0
ENSG00000198703	0	0	0
ENSG00000227445	0	0	0
ENSG00000231434	1	0	1
ENSG00000117505	330	157	180
ENSG00000229635	1	0	1
ENSG00000207379	0	0	0
ENSG00000212601	0	0	0
ENSG00000162889	1303	635	668
ENSG00000224114	4	1	3
ENSG00000199349	8	4	4
ENSG00000162892	9	20	16
ENSG00000162894	119	73	73
ENSG00000271680	0	0	0
ENSG00000226945	0	0	0
ENSG00000162896	1231	580	651
ENSG00000162897	1	1	0
ENSG00000182795	32	20	12
ENSG00000198890	71	36	35
ENSG00000224550	1	0	1
ENSG00000142669	500	336	351
ENSG00000169442	172	137	138
ENSG00000225854	0	0	0
ENSG00000176083	1	0	1
ENSG00000229167	2	0	2
ENSG00000142910	642	316	326
ENSG00000162517	185	103	105
ENSG00000235790	9	17	22
ENSG00000264078	1	0	1
ENSG00000241745	0	0	0
ENSG00000228407	1	1	0
ENSG00000223429	0	0	0
ENSG00000224255	0	0	0
ENSG00000236004	0	0	0
ENSG00000237663	0	0	0
ENSG00000213735	0	0	0
ENSG00000272100	1	13	13
ENSG00000287078	1	1	0
ENSG00000224680	1	1	0
ENSG00000085840	17	6	11
ENSG00000283445	4	2	2
ENSG00000272226	1	1	0
ENSG00000231740	0	0	0
ENSG00000143751	257	133	124
ENSG00000272562	2	2	0
ENSG00000163041	186	122	64
ENSG00000225518	7	4	3
ENSG00000270598	0	0	0
ENSG00000182827	428	251	216
ENSG00000234478	5	21	23
ENSG00000223570	1	0	1
ENSG00000185155	1	0	1
ENSG00000236773	4	2	2
ENSG00000143753	466	218	248
ENSG00000201898	0	0	0
ENSG00000237101	2	11	6
ENSG00000143748	89	54	50
ENSG00000221406	0	0	0
ENSG00000229742	0	0	0
ENSG00000206887	0	0	0
ENSG00000143771	132	69	63
ENSG00000266618	0	0	0
ENSG00000229991	0	0	0
ENSG00000233384	0	0	0
ENSG00000234247	0	0	0
ENSG00000183682	95	67	69
ENSG00000237624	7	5	2
ENSG00000228060	14	84	101
ENSG00000201457	0	0	0
ENSG00000163909	116	67	49
ENSG00000225903	0	0	0
ENSG00000116983	24	11	13
ENSG00000225333	0	0	0
ENSG00000252413	0	0	0
ENSG00000090621	1392	801	762
ENSG00000236994	0	0	0
ENSG00000275406	0	0	0
ENSG00000270287	0	0	0
ENSG00000229965	0	0	0
ENSG00000223282	0	0	0
ENSG00000177770	0	0	0
ENSG00000287627	0	0	0
ENSG00000283933	0	0	0
ENSG00000143369	249	123	126
ENSG00000228126	8	5	3
ENSG00000237781	37	36	48
ENSG00000264553	9	8	1
ENSG00000277452	38	23	15
ENSG00000274963	27	14	13
ENSG00000253047	1	1	0
ENSG00000143420	840	407	433
ENSG00000276103	4	2	2
ENSG00000143457	95	49	46
ENSG00000143452	8	5	3
ENSG00000206931	0	0	0
ENSG00000236713	0	0	0
ENSG00000224690	0	0	0
ENSG00000203804	3	68	60
ENSG00000143384	11394	5776	5618
ENSG00000154342	0	0	0
ENSG00000276255	1	0	1
ENSG00000284163	0	0	0
ENSG00000143793	106	45	61
ENSG00000162910	97	51	46
ENSG00000224566	1	1	0
ENSG00000287895	2	1	1
ENSG00000280157	2	2	0
ENSG00000227625	0	0	0
ENSG00000198835	12	5	7
ENSG00000203684	5	3	2
ENSG00000181873	98	49	49
ENSG0