N_unmapped	166813	166813	166813
N_multimapping	3099404	3099404	3099404
N_noFeature	1712810	10271682	10231735
N_ambiguous	1514642	422684	386071
ENSG00000160072	880	412	468
ENSG00000234396	2	2	3
ENSG00000225972	21	2	19
ENSG00000224315	0	0	0
ENSG00000198744	67	42	27
ENSG00000279928	1	0	1
ENSG00000228037	58	25	33
ENSG00000142611	177	86	91
ENSG00000225630	4576	3085	1491
ENSG00000284616	0	0	0
ENSG00000157911	118	435	383
ENSG00000269896	14	10	4
ENSG00000237973	679	285	453
ENSG00000228463	1	0	1
ENSG00000260972	0	0	0
ENSG00000157933	631	308	323
ENSG00000224340	0	0	0
ENSG00000226545	0	0	0
ENSG00000268663	0	0	0
ENSG00000226374	1	1	0
ENSG00000229280	0	0	0
ENSG00000142655	322	187	193
ENSG00000232596	0	0	0
ENSG00000235054	0	0	0
ENSG00000232663	0	0	0
ENSG00000240409	0	0	0
ENSG00000229344	41	40	19
ENSG00000231510	0	0	0
ENSG00000149527	73	32	41
ENSG00000284739	0	0	0
ENSG00000171621	454	225	229
ENSG00000272235	35	16	19
ENSG00000284694	0	0	0
ENSG00000230021	5	21	22
ENSG00000287356	9	8	5
ENSG00000224387	2	2	0
ENSG00000285629	0	0	0
ENSG00000173673	0	0	0
ENSG00000142583	57	33	24
ENSG00000284674	1	0	1
ENSG00000272161	0	0	0
ENSG00000237094	15	8	7
ENSG00000224338	0	0	0
ENSG00000074800	8273	4137	4140
ENSG00000116786	868	501	456
ENSG00000287727	0	0	0
ENSG00000228423	1	1	0
ENSG00000286448	0	0	0
ENSG00000131686	2	3	0
ENSG00000229305	0	0	0
ENSG00000284703	0	0	0
ENSG00000226457	2	2	0
ENSG00000173614	299	159	141
ENSG00000248527	30429	17187	13242
ENSG00000215720	0	0	0
ENSG00000241326	0	0	0
ENSG00000233623	3	2	1
ENSG00000162592	0	4	5
ENSG00000116254	10	1	9
ENSG00000233645	0	0	0
ENSG00000204624	13	10	4
ENSG00000142606	15	138	141
ENSG00000235146	0	0	0
ENSG00000225931	4	3	1
ENSG00000171729	316	170	166
ENSG00000279457	41	14	27
ENSG00000162571	26	15	16
ENSG00000229393	0	0	0
ENSG00000037637	421	224	197
ENSG00000287586	0	0	0
ENSG00000159423	305	156	149
ENSG00000142599	1585	589	996
ENSG00000227169	0	0	0
ENSG00000283356	0	0	0
ENSG00000011021	334	167	180
ENSG00000142615	0	0	0
ENSG00000215704	5	3	5
ENSG00000157916	1269	949	1020
ENSG00000157881	322	163	159
ENSG00000238290	6	3	3
ENSG00000225387	0	0	0
ENSG00000048707	729	334	395
ENSG00000158748	13	10	3
ENSG00000225196	0	0	0
ENSG00000162444	338	161	177
ENSG00000279625	0	0	0
ENSG00000180758	125	59	66
ENSG00000184677	663	313	350
ENSG00000230679	3	7	0
ENSG00000270136	1	1	0
ENSG00000288398	97	40	57
ENSG00000224621	3	1	2
ENSG00000285833	0	1	0
ENSG00000131697	222	110	113
ENSG00000284692	0	0	0
ENSG00000284745	8	6	2
ENSG00000280222	6	3	3
ENSG00000227634	2	2	0
ENSG00000285945	0	0	0
ENSG00000229162	1	1	0
ENSG00000197921	13	6	7
ENSG00000233755	0	0	0
ENSG00000233929	1	1	0
ENSG00000271742	0	0	0
ENSG00000226396	45	19	26
ENSG00000169504	1988	1044	944
ENSG00000234166	0	25	18
ENSG00000235282	0	0	0
ENSG00000055070	1299	895	883
ENSG00000175087	170	96	74
ENSG00000157191	1125	533	592
ENSG00000284699	0	0	0
ENSG00000230035	0	0	0
ENSG00000235185	1	1	0
ENSG00000225643	7	2	5
ENSG00000284666	0	0	0
ENSG00000228943	0	0	0
ENSG00000234397	0	0	0
ENSG00000284309	0	0	0
ENSG00000162511	781	729	813
ENSG00000158014	0	0	0
ENSG00000204138	806	396	410
ENSG00000233419	0	0	0
ENSG00000235263	0	0	0
ENSG00000228176	1	1	0
ENSG00000231251	0	0	0
ENSG00000142675	550	276	274
ENSG00000197245	169	84	85
ENSG00000261025	0	0	0
ENSG00000116237	1124	588	589
ENSG00000130772	302	160	142
ENSG00000215899	0	0	0
ENSG00000271398	10	2	8
ENSG00000225011	0	0	0
ENSG00000235069	0	0	0
ENSG00000284676	0	0	0
ENSG00000237058	0	0	0
ENSG00000233399	19	13	6
ENSG00000090020	572	271	301
ENSG00000157978	616	296	320
ENSG00000226944	0	0	0
ENSG00000270282	2	1	1
ENSG00000130770	1543	1044	1508
ENSG00000229044	1	67	51
ENSG00000162512	1089	578	511
ENSG00000158006	338	161	177
ENSG00000214812	0	0	0
ENSG00000126698	1342	653	689
ENSG00000229447	12	7	5
ENSG00000229607	0	0	0
ENSG00000130766	307	142	165
ENSG00000168528	1605	809	797
ENSG00000196581	19	3	16
ENSG00000169403	338	167	171
ENSG00000084628	7	6	1
ENSG00000060688	609	289	320
ENSG00000171612	213	111	102
ENSG00000270927	0	0	0
ENSG00000188910	130	64	66
ENSG00000230523	0	0	0
ENSG00000116138	368	236	219
ENSG00000158161	400	204	196
ENSG00000142684	0	252	295
ENSG00000234619	0	0	0
ENSG00000121769	33	15	18
ENSG00000142627	621	312	309
ENSG00000284668	0	0	0
ENSG00000233234	0	0	0
ENSG00000142632	198	120	121
ENSG00000234593	3	1	2
ENSG00000158292	506	284	222
ENSG00000270605	72	33	42
ENSG00000189337	162	149	183
ENSG00000232912	11	4	7
ENSG00000235084	3	0	3
ENSG00000235143	0	0	0
ENSG00000225478	0	0	0
ENSG00000225077	5	15	12
ENSG00000028137	1051	538	513
ENSG00000238249	1	0	1
ENSG00000204464	1	0	1
ENSG00000233372	0	0	0
ENSG00000283259	0	0	0
ENSG00000284543	27	14	13
ENSG00000130939	715	354	361
ENSG00000175147	100	148	142
ENSG00000127472	46	18	28
ENSG00000060656	63	25	38
ENSG00000163867	290	127	163
ENSG00000232768	3	3	0
ENSG00000230214	0	0	0
ENSG00000189280	3	2	1
ENSG00000134698	383	193	190
ENSG00000134690	328	170	158
ENSG00000272420	7	5	2
ENSG00000132881	53	21	32
ENSG00000273274	1	0	1
ENSG00000116251	2016	939	1087
ENSG00000272510	3	3	16
ENSG00000158286	213	132	122
ENSG00000236648	0	0	0
ENSG00000232273	0	0	0
ENSG00000009709	0	0	0
ENSG00000287396	0	0	0
ENSG00000223589	0	0	0
ENSG00000158008	14	7	7
ENSG00000130940	313	255	258
ENSG00000116771	464	252	283
ENSG00000237301	2	2	0
ENSG00000162585	605	495	446
ENSG00000163879	172	106	77
ENSG00000227527	6	2	4
ENSG00000116954	224	101	123
ENSG00000228589	14	13	1
ENSG00000163873	152	64	88
ENSG00000117215	3	1	2
ENSG00000196449	307	198	161
ENSG00000230163	0	19	16
ENSG00000227538	0	0	0
ENSG00000232208	0	0	0
ENSG00000236500	0	0	0
ENSG00000044012	1	1	0
ENSG00000179051	1153	751	819
ENSG00000215895	2	0	2
ENSG00000231868	0	1	0
ENSG00000284650	2	1	1
ENSG00000237329	2	0	2
ENSG00000236948	0	0	0
ENSG00000126067	1811	889	922
ENSG00000274944	3	0	3
ENSG00000132906	324	156	171
ENSG00000197312	463	231	232
ENSG00000284748	1	1	0
ENSG00000272078	37	125	112
ENSG00000173660	2945	1329	1616
ENSG00000224592	0	0	0
ENSG00000233728	0	35	43
ENSG00000230451	0	0	0
ENSG00000231606	4	2	2
ENSG00000215900	0	0	0
ENSG00000284632	0	0	0
ENSG00000241014	3	0	3
ENSG00000054118	1557	807	750
ENSG00000254553	0	0	0
ENSG00000284653	0	0	0
ENSG00000237749	1	0	1
ENSG00000276747	0	0	0
ENSG00000284705	0	0	0
ENSG00000228776	0	0	0
ENSG00000159339	19	7	12
ENSG00000223814	0	0	0
ENSG00000197982	581	208	425
ENSG00000261781	0	0	0
ENSG00000183317	450	238	212
ENSG00000183386	154	75	79
ENSG00000284743	0	0	0
ENSG00000158315	176	108	90
ENSG00000204084	476	298	308
ENSG00000186973	7	2	5
ENSG00000271806	2	28	35
ENSG00000146463	545	255	319
ENSG00000279214	0	0	0
ENSG00000183520	507	227	280
ENSG00000271741	0	0	0
ENSG00000214141	0	0	0
ENSG00000142686	204	109	95
ENSG00000224751	0	0	0
ENSG00000279096	2	0	2
ENSG00000117148	1	0	1
ENSG00000230585	2	0	2
ENSG00000117000	356	181	175
ENSG00000284989	0	0	0
ENSG00000231630	0	0	0
ENSG00000092853	83	28	57
ENSG00000255811	0	2	4
ENSG00000134697	947	501	457
ENSG00000187513	659	299	360
ENSG00000238145	0	0	0
ENSG00000225142	0	0	0
ENSG00000230138	0	0	0
ENSG00000223390	0	11	9
ENSG00000285823	0	0	0
ENSG00000284720	0	0	0
ENSG00000225028	3	0	3
ENSG00000225671	0	0	0
ENSG00000116151	71	34	41
ENSG00000226147	0	0	0
ENSG00000182873	65	27	41
ENSG00000006555	338	189	149
ENSG00000236111	0	0	0
ENSG00000066056	823	414	409
ENSG00000214114	363	175	188
ENSG00000173436	325	88	246
ENSG00000116544	25	14	11
ENSG00000231900	0	0	0
ENSG00000236723	2	107	124
ENSG00000232467	0	0	0
ENSG00000117016	148	78	70
ENSG00000121310	1621	792	829
ENSG00000169213	166	78	88
ENSG00000163866	535	275	295
ENSG00000225779	0	0	0
ENSG00000284601	0	0	0
ENSG00000237130	0	0	0
ENSG00000143001	24	33	40
ENSG00000229716	0	0	0
ENSG00000226133	0	0	0
ENSG00000227416	0	0	0
ENSG00000232335	0	2	0
ENSG00000260971	7	1	6
ENSG00000259832	0	0	0
ENSG00000284696	0	0	0
ENSG00000238242	0	0	0
ENSG00000285839	0	0	0
ENSG00000237290	0	0	0
ENSG00000232762	0	0	0
ENSG00000117419	581	300	281
ENSG00000162384	752	414	398
ENSG00000162391	20	159	133
ENSG00000174348	325	249	219
ENSG00000154198	0	0	0
ENSG00000117859	786	394	411
ENSG00000228121	0	0	0
ENSG00000253313	308	134	174
ENSG00000162396	55	26	29
ENSG00000203995	7	3	4
ENSG00000227742	3	2	2
ENSG00000284686	0	0	0
ENSG00000162378	372	207	165
ENSG00000233079	0	0	0
ENSG00000259818	1	1	0
ENSG00000229444	0	0	0
ENSG00000240563	302	153	149
ENSG00000234318	0	0	0
ENSG00000284773	15	10	5
ENSG00000234481	0	0	0
ENSG00000117862	102	65	37
ENSG00000235612	0	0	0
ENSG00000228369	2	1	1
ENSG00000183431	1089	533	556
ENSG00000227485	0	0	0
ENSG00000224609	20	15	10
ENSG00000235545	3	2	1
ENSG00000236646	0	0	0
ENSG00000169174	245	120	125
ENSG00000232198	0	0	0
ENSG00000238063	3	2	1
ENSG00000227104	0	0	0
ENSG00000243725	17	12	5
ENSG00000171872	0	0	0
ENSG00000162407	1050	528	522
ENSG00000285079	0	0	0
ENSG00000169218	50	19	31
ENSG00000163877	245	132	113
ENSG00000228929	14	10	4
ENSG00000224570	1	1	0
ENSG00000224980	0	0	0
ENSG00000278967	1	1	0
ENSG00000157184	249	284	254
ENSG00000272491	15	17	19
ENSG00000198815	671	330	341
ENSG00000134744	315	145	170
ENSG00000233910	0	0	0
ENSG00000287703	8	8	0
ENSG00000283039	0	0	0
ENSG00000229032	0	0	0
ENSG00000229294	0	0	0
ENSG00000232993	0	74	68
ENSG00000234088	0	0	0
ENSG00000236973	0	0	0
ENSG00000227947	2	1	1
ENSG00000277397	0	0	0
ENSG00000271200	0	2	0
ENSG00000235446	0	0	0
ENSG00000261196	0	0	0
ENSG00000162385	576	276	301
ENSG00000231413	0	0	0
ENSG00000234264	1	0	1
ENSG00000242391	0	0	0
ENSG00000223883	0	0	0
ENSG00000284808	0	0	0
ENSG00000242267	7	3	4
ENSG00000237227	0	0	0
ENSG00000275350	0	0	0
ENSG00000116652	4	4	2
ENSG00000123080	272	152	126
ENSG00000285778	0	0	0
ENSG00000077549	4713	2428	2294
ENSG00000233407	0	0	0
ENSG00000225675	0	0	0
ENSG00000237622	0	0	0
ENSG00000162598	0	0	0
ENSG00000280317	0	0	0
ENSG00000162415	135	56	80
ENSG00000162600	179	84	95
ENSG00000116704	267	126	141
ENSG00000227644	0	0	1
ENSG00000157193	93	68	73
ENSG00000116205	220	118	121
ENSG00000198841	75	26	49
ENSG00000116212	473	235	238
ENSG00000234204	0	0	0
ENSG00000233099	0	0	0
ENSG00000233994	2	2	0
ENSG00000237180	0	0	0
ENSG00000213561	8	6	2
ENSG00000233973	0	0	0
ENSG00000237552	0	0	0
ENSG00000132854	12	8	4
ENSG00000227556	0	0	0
ENSG00000162616	649	368	281
ENSG00000162607	495	236	259
ENSG00000233602	4	2	2
ENSG00000233271	0	29	20
ENSG00000285954	3	0	3
ENSG00000233333	0	0	0
ENSG00000154027	22	11	11
ENSG00000234108	1	1	0
ENSG00000232676	0	0	0
ENSG00000225167	0	0	0
ENSG00000132122	159	90	69
ENSG00000213579	0	0	0
ENSG00000137960	565	275	290
ENSG00000237852	2	1	1
ENSG00000116745	7	3	4
ENSG00000132855	1	2	0
ENSG00000285407	0	0	0
ENSG00000272855	2	2	0
ENSG00000270549	3	1	2
ENSG00000237163	0	0	0
ENSG00000229636	0	0	0
ENSG00000116675	26	14	12
ENSG00000162433	79	36	43
ENSG00000213625	1429	717	712
ENSG00000227207	0	0	0
ENSG00000227016	0	0	0
ENSG00000233664	0	0	0
ENSG00000158966	234	131	103
ENSG00000213703	0	0	0
ENSG00000203965	104	50	54
ENSG00000223479	0	0	0
ENSG00000233674	0	0	0
ENSG00000153898	46	26	20
ENSG00000117069	87	35	52
ENSG00000125703	159	82	77
ENSG00000285041	0	0	0
ENSG00000285808	0	0	0
ENSG00000229440	0	0	0
ENSG00000234144	0	0	0
ENSG00000213540	0	0	0
ENSG00000277670	0	0	0
ENSG00000227466	0	0	0
ENSG00000154007	0	0	0
ENSG00000230498	0	0	0
ENSG00000285782	0	0	0
ENSG00000162618	920	455	465
ENSG00000224493	0	0	0
ENSG00000131233	0	0	0
ENSG00000272371	0	0	0
ENSG00000287647	0	0	0
ENSG00000229225	0	0	0
ENSG00000230863	1	1	0
ENSG00000213560	0	0	0
ENSG00000287224	0	0	0
ENSG00000225598	0	0	0
ENSG00000286455	0	0	0
ENSG00000225087	0	0	0
ENSG00000224986	2	0	2
ENSG00000280378	8	6	2
ENSG00000188786	234	115	119
ENSG00000230053	0	0	0
ENSG00000137941	102	54	48
ENSG00000273338	44	33	11
ENSG00000223720	1	1	0
ENSG00000224326	0	0	0
ENSG00000286548	14	7	7
ENSG00000066135	246	168	227
ENSG00000230027	0	0	0
ENSG00000233061	2	1	1
ENSG00000272094	0	0	0
ENSG00000228853	1	0	1
ENSG00000215874	0	0	0
ENSG00000232453	8	5	3
ENSG00000260386	3	3	0
ENSG00000284895	0	0	0
ENSG00000117174	278	156	122
ENSG00000237413	0	0	0
ENSG00000184313	25	12	13
ENSG00000284645	0	0	0
ENSG00000225605	0	0	0
ENSG00000225446	0	0	0
ENSG00000288543	1	1	0
ENSG00000122420	70	39	31
ENSG00000284240	0	0	0
ENSG00000236290	0	0	0
ENSG00000143013	965	463	502
ENSG00000226084	10	6	4
ENSG00000134748	851	433	418
ENSG00000142892	344	154	190
ENSG00000219102	1	1	0
ENSG00000184005	105	68	37
ENSG00000230953	12	5	7
ENSG00000287743	3	2	1
ENSG00000229332	0	0	0
ENSG00000227937	0	0	0
ENSG00000229752	0	0	0
ENSG00000237505	2	2	0
ENSG00000285462	0	0	0
ENSG00000233216	0	0	0
ENSG00000197273	45	21	24
ENSG00000226804	0	0	0
ENSG00000285325	0	0	0
ENSG00000230728	3	1	2
ENSG00000162402	768	403	365
ENSG00000232846	0	0	0
ENSG00000219201	1	1	0
ENSG00000230787	0	0	0
ENSG00000116641	458	215	244
ENSG00000235927	5	6	8
ENSG00000223920	0	0	0
ENSG00000237453	0	0	0
ENSG00000172260	525	256	269
ENSG00000285473	0	0	0
ENSG00000237959	0	0	0
ENSG00000231364	0	0	0
ENSG00000234578	0	0	0
ENSG00000117480	1017	493	524
ENSG00000137944	353	173	180
ENSG00000229505	0	0	0
ENSG00000228187	0	0	0
ENSG00000285201	0	0	0
ENSG00000182183	21	7	14
ENSG00000236407	0	0	0
ENSG00000271949	0	0	0
ENSG00000227062	0	0	0
ENSG00000067334	798	370	428
ENSG00000235011	0	0	0
ENSG00000235673	0	0	0
ENSG00000226938	0	0	0
ENSG00000213559	0	0	0
ENSG00000287587	0	0	0
ENSG00000142949	2299	1136	1163
ENSG00000116133	1686	911	875
ENSG00000232882	0	0	0
ENSG00000171502	8	4	4
ENSG00000162399	2	0	2
ENSG00000116157	165	89	76
ENSG00000143036	583	294	289
ENSG00000232672	0	0	0
ENSG00000230817	0	0	0
ENSG00000235613	3	2	1
ENSG00000065243	524	244	280
ENSG00000226759	0	0	0
ENSG00000226960	0	0	0
ENSG00000234080	2	1	1
ENSG00000237899	3	2	1
ENSG00000225492	23	11	12
ENSG00000223905	0	0	0
ENSG00000227290	1	0	1
ENSG00000229486	0	0	0
ENSG00000282898	0	0	0
ENSG00000285409	0	0	0
ENSG00000231090	0	0	0
ENSG00000117528	631	340	291
ENSG00000271723	1	1	0
ENSG00000172339	245	134	111
ENSG00000036549	415	206	209
ENSG00000287724	2	27	30
ENSG00000058799	465	244	221
ENSG00000225191	0	0	0
ENSG00000287870	0	0	0
ENSG00000235563	3	2	1
ENSG00000232048	0	0	0
ENSG00000232857	0	0	0
ENSG00000273637	0	0	0
ENSG00000203985	7	3	4
ENSG00000228838	0	2	0
ENSG00000283761	9	7	2
ENSG00000189433	9	8	7
ENSG00000230759	0	0	0
ENSG00000231866	0	0	0
ENSG00000179178	431	229	204
ENSG00000142700	11	7	4
ENSG00000285525	0	0	0
ENSG00000236098	1	0	1
ENSG00000233514	0	0	0
ENSG00000127124	67	29	38
ENSG00000266993	10	9	9
ENSG00000223675	2	2	0
ENSG00000162604	392	208	184
ENSG00000229316	0	0	0
ENSG00000116171	2546	1269	1279
ENSG00000287406	0	0	0
ENSG00000225767	1	0	1
ENSG00000234099	0	0	0
ENSG00000137936	399	206	224
ENSG00000235308	1	0	1
ENSG00000232752	0	0	0
ENSG00000235829	2	2	0
ENSG00000143032	0	0	0
ENSG00000226745	0	0	0
ENSG00000178028	862	436	426
ENSG00000280040	2	1	1
ENSG00000168710	1878	971	907
ENSG00000117519	3092	1491	1601
ENSG00000270507	1	0	1
ENSG00000238037	0	0	0
ENSG00000215869	0	0	0
ENSG00000134215	339	160	179
ENSG00000227935	0	0	0
ENSG00000229887	0	0	0
ENSG00000228502	10	4	6
ENSG00000236268	0	0	0
ENSG00000271277	0	0	0
ENSG00000236888	0	0	0
ENSG00000279778	1	0	1
ENSG00000232015	0	0	0
ENSG00000230955	0	87	43
ENSG00000230828	0	0	0
ENSG00000188641	256	134	127
ENSG00000152078	35	17	18
ENSG00000237279	0	0	0
ENSG00000233359	0	0	0
ENSG00000237954	0	0	0
ENSG00000185668	6	2	4
ENSG00000171492	306	142	164
ENSG00000233129	0	0	0
ENSG00000170989	1522	726	796
ENSG00000258634	91	58	60
ENSG00000233557	0	0	0
ENSG00000237897	0	0	0
ENSG00000116299	2860	1435	1426
ENSG00000137962	528	273	255
ENSG00000227832	0	0	0
ENSG00000286692	0	0	0
ENSG00000260464	6	2	5
ENSG00000237435	0	0	0
ENSG00000231996	0	0	0
ENSG00000273204	9	28	12
ENSG00000079739	709	388	365
ENSG00000117154	41	18	23
ENSG00000162377	276	136	140
ENSG00000224613	0	0	0
ENSG00000215871	1	1	0
ENSG00000287372	0	0	0
ENSG00000232542	1	1	0
ENSG00000231095	0	0	0
ENSG00000116774	907	432	475
ENSG00000287756	2	2	0
ENSG00000269113	147	83	64
ENSG00000284652	1	0	1
ENSG00000023909	305	144	161
ENSG00000069702	550	284	266
ENSG00000232185	0	0	0
ENSG00000230489	0	0	0
ENSG00000228399	5	4	1
ENSG00000236776	0	0	0
ENSG00000285928	28	12	16
ENSG00000224685	0	0	0
ENSG00000287076	1	0	1
ENSG00000237480	0	0	0
ENSG00000271252	0	0	0
ENSG00000230427	0	0	0
ENSG00000235794	0	0	0
ENSG00000286758	1	1	0
ENSG00000237337	2	0	2
ENSG00000233983	0	0	0
ENSG00000198198	619	782	785
ENSG00000225183	0	0	0
ENSG00000230402	0	0	0
ENSG00000116793	266	147	119
ENSG00000134201	76	32	44
ENSG00000238122	0	0	0
ENSG00000260879	0	11	18
ENSG00000213366	522	268	254
ENSG00000230864	0	0	0
ENSG00000283354	0	0	0
ENSG00000232918	0	0	0
ENSG00000236360	0	1	1
ENSG00000183298	0	1	0
ENSG00000234332	1	0	1
ENSG00000117525	4161	2053	2108
ENSG00000225079	4	2	2
ENSG00000226483	0	0	0
ENSG00000224238	2	0	2
ENSG00000229537	0	0	0
ENSG00000162699	0	0	0
ENSG00000162692	767	377	390
ENSG00000203914	1	0	1
ENSG00000270457	2	1	1
ENSG00000203858	0	0	0
ENSG00000231987	0	0	0
ENSG00000228057	2	1	1
ENSG00000261593	0	0	0
ENSG00000224445	0	0	0
ENSG00000229842	0	0	0
ENSG00000270631	0	0	0
ENSG00000229201	0	0	0
ENSG00000181656	7	5	2
ENSG00000122481	29	21	8
ENSG00000198162	589	291	298
ENSG00000238198	8	3	5
ENSG00000171517	28	16	12
ENSG00000228852	1	0	1
ENSG00000203864	0	0	0
ENSG00000233482	0	0	0
ENSG00000230250	0	0	0
ENSG00000232878	0	4	1
ENSG00000143079	624	303	321
ENSG00000232450	4	2	2
ENSG00000223575	0	0	0
ENSG00000230768	0	0	0
ENSG00000235202	0	0	0
ENSG00000272715	0	0	0
ENSG00000235038	0	0	0
ENSG00000143093	453	234	219
ENSG00000226415	14	4	10
ENSG00000085491	536	255	316
ENSG00000173947	9	4	5
ENSG00000241361	2	0	2
ENSG00000230434	0	0	0
ENSG00000230718	0	0	0
ENSG00000134198	394	179	215
ENSG00000235595	0	0	0
ENSG00000226053	0	0	0
ENSG00000226128	0	0	0
ENSG00000198799	407	221	204
ENSG00000279513	0	0	0
ENSG00000117620	852	430	434
ENSG00000280186	3	1	2
ENSG00000223906	0	0	0
ENSG00000162688	255	138	117
ENSG00000197106	0	0	0
ENSG00000259946	0	0	0
ENSG00000236137	15	7	11
ENSG00000203859	2	0	2
ENSG00000228086	0	5	1
ENSG00000213421	0	0	0
ENSG00000234020	0	0	0
ENSG00000060718	86	49	37
ENSG00000236804	0	0	0
ENSG00000231072	0	0	0
ENSG00000273406	0	0	0
ENSG00000185946	124	53	71
ENSG00000162627	619	303	316
ENSG00000226715	0	0	1
ENSG00000162695	362	181	181
ENSG00000134184	183	134	118
ENSG00000265808	696	317	379
ENSG00000261290	0	0	0
ENSG00000225923	0	0	0
ENSG00000134247	1047	527	520
ENSG00000187481	0	0	0
ENSG00000116752	473	204	269
ENSG00000162664	468	253	215
ENSG00000236866	0	0	0
ENSG00000134253	91	35	56
ENSG00000277655	0	0	0
ENSG00000223416	1	1	0
ENSG00000213226	0	0	0
ENSG00000179571	1	0	1
ENSG00000227850	1	0	1
ENSG00000243967	0	0	0
ENSG00000235777	0	0	0
ENSG00000260246	1	35	35
ENSG00000173218	271	135	136
ENSG00000285532	0	0	0
ENSG00000226755	0	0	0
ENSG00000232650	0	0	0
ENSG00000183508	1616	794	824
ENSG00000277095	0	0	0
ENSG00000236806	0	0	0
ENSG00000234283	0	0	0
ENSG00000237188	0	0	0
ENSG00000232780	0	0	0
ENSG00000274927	0	0	0
ENSG00000264145	0	0	0
ENSG00000238256	0	0	0
ENSG00000198765	1	1	0
ENSG00000224335	0	0	0
ENSG00000277702	7	6	1
ENSG00000143398	584	289	295
ENSG00000196505	205	109	98
ENSG00000225871	1	4	3
ENSG00000223489	0	0	0
ENSG00000230546	0	0	0
ENSG00000213262	0	0	0
ENSG00000287015	0	0	0
ENSG00000241720	1	94	42
ENSG00000235526	0	0	0
ENSG00000228347	0	0	0
ENSG00000276975	7	5	2
ENSG00000236012	0	0	0
ENSG00000270911	2	2	0
ENSG00000272824	3	1	2
ENSG00000134200	0	0	0
ENSG00000234257	0	0	0
ENSG00000065183	442	250	222
ENSG00000227082	2	2	0
ENSG00000228626	0	0	0
ENSG00000226126	0	0	0
ENSG00000163393	113	56	57
ENSG00000163156	400	206	195
ENSG00000143631	6	1	8
ENSG00000156150	0	21	6
ENSG00000228453	0	0	0
ENSG00000274642	0	0	0
ENSG00000177551	2	0	2
ENSG00000197323	369	168	201
ENSG00000237975	18	14	7
ENSG00000261168	2	0	2
ENSG00000287980	0	0	0
ENSG00000229283	0	0	0
ENSG00000271419	0	0	0
ENSG00000226172	0	0	0
ENSG00000079335	84	37	53
ENSG00000143119	543	273	270
ENSG00000237278	0	9	9
ENSG00000285062	0	0	0
ENSG00000233432	1	1	0
ENSG00000227700	0	0	0
ENSG00000229911	0	0	0
ENSG00000143520	0	0	0
ENSG00000171943	68	41	28
ENSG00000270719	0	0	0
ENSG00000155761	2	18	14
ENSG00000230806	0	0	0
ENSG00000116830	290	138	152
ENSG00000234422	0	0	0
ENSG00000227056	0	0	0
ENSG00000143614	469	228	241
ENSG00000227091	0	0	0
ENSG00000169418	488	217	271
ENSG00000214204	0	0	0
ENSG00000081026	247	118	129
ENSG00000225650	0	0	0
ENSG00000227179	0	0	0
ENSG00000224965	2	0	2
ENSG00000228127	7	2	5
ENSG00000226984	0	0	0
ENSG00000186150	0	0	0
ENSG00000143554	540	266	274
ENSG00000143458	408	188	220
ENSG00000230932	0	0	0
ENSG00000073754	1	0	1
ENSG00000228826	0	0	0
ENSG00000233907	0	0	0
ENSG00000225036	0	0	0
ENSG00000228420	0	0	0
ENSG00000233839	0	0	0
ENSG00000250890	0	0	0
ENSG00000232240	0	0	0
ENSG00000280649	26	15	16
ENSG00000131781	371	175	204
ENSG00000223599	7	4	3
ENSG00000230921	0	0	0
ENSG00000286151	0	0	0
ENSG00000234388	0	0	0
ENSG00000235015	0	0	0
ENSG00000271736	0	0	0
ENSG00000235988	0	0	0
ENSG00000233717	0	0	0
ENSG00000231551	36	17	19
ENSG00000227295	0	0	0
ENSG00000163155	112	56	56
ENSG00000243613	0	12	19
ENSG00000241975	4	3	1
ENSG00000271143	0	0	0
ENSG00000270976	0	0	0
ENSG00000228217	0	0	0
ENSG00000270342	0	0	0
ENSG00000143552	12	5	7
ENSG00000175984	45	25	20
ENSG00000231100	0	0	0
ENSG00000116824	245	121	124
ENSG00000235887	0	0	0
ENSG00000237460	0	0	0
ENSG00000236327	1	1	0
ENSG00000223804	2	0	2
ENSG00000236887	0	0	0
ENSG00000024526	86	35	57
ENSG00000236480	0	0	0
ENSG00000235756	0	0	0
ENSG00000173810	0	0	0
ENSG00000235005	0	0	0
ENSG00000271890	0	0	0
ENSG00000238107	0	1	0
ENSG00000227425	0	0	0
ENSG00000233222	0	7	9
ENSG00000225279	1	0	1
ENSG00000229101	0	0	0
ENSG00000224927	0	0	0
ENSG00000239216	0	0	0
ENSG00000283360	1	0	1
ENSG00000117262	91	42	49
ENSG00000227907	1	1	0
ENSG00000143624	1615	833	858
ENSG00000227970	0	0	0
ENSG00000261055	1	0	1
ENSG00000231613	3	2	1
ENSG00000137947	522	231	291
ENSG00000236689	0	0	0
ENSG00000233589	0	2	4
ENSG00000117586	12	6	6
ENSG00000230946	2	2	0
ENSG00000226028	0	0	0
ENSG00000162728	3	0	3
ENSG00000229021	3	2	1
ENSG00000203825	0	0	0
ENSG00000184371	1099	536	563
ENSG00000233449	0	0	0
ENSG00000242943	0	0	0
ENSG00000233203	2	1	1
ENSG00000232499	4	4	0
ENSG00000232265	1	1	0
ENSG00000163154	60	23	37
ENSG00000232995	10	6	4
ENSG00000236957	0	0	0
ENSG00000238087	0	0	0
ENSG00000227777	0	0	1
ENSG00000177173	5	0	5
ENSG00000277406	25	13	12
ENSG00000238022	0	0	0
ENSG00000231671	0	0	0
ENSG00000162729	694	331	363
ENSG00000143158	985	491	810
ENSG00000271092	3	2	1
ENSG00000238118	0	0	0
ENSG00000276118	0	0	0
ENSG00000232148	0	0	0
ENSG00000278811	6	21	16
ENSG00000000460	99	148	140
ENSG00000188859	35	20	17
ENSG00000275075	0	0	0
ENSG00000135862	3000	1512	1488
ENSG00000232952	0	0	0
ENSG00000158473	200	93	107
ENSG00000227722	0	0	0
ENSG00000285922	0	0	0
ENSG00000275801	0	0	0
ENSG00000143198	2334	1111	1223
ENSG00000143318	16	10	6
ENSG00000232188	0	0	0
ENSG00000232212	0	0	0
ENSG00000143621	2320	1153	1174
ENSG00000241042	0	0	0
ENSG00000143155	521	258	263
ENSG00000260322	0	0	0
ENSG00000223495	0	0	0
ENSG00000143156	145	256	144
ENSG00000198771	808	403	425
ENSG00000225462	0	0	0
ENSG00000237756	0	0	0
ENSG00000116147	3	1	2
ENSG00000213064	812	416	417
ENSG00000203307	5	2	3
ENSG00000143179	489	314	345
ENSG00000271187	0	0	0
ENSG00000274562	0	0	0
ENSG00000143315	170	66	104
ENSG00000116199	561	258	303
ENSG00000231175	0	0	0
ENSG00000143185	9	3	7
ENSG00000235145	2	2	0
ENSG00000116260	3005	1484	1521
ENSG00000272931	22	9	13
ENSG00000143190	250	168	107
ENSG00000225475	0	0	0
ENSG00000230898	1	0	1
ENSG00000232223	0	0	0
ENSG00000224698	0	0	0
ENSG00000287697	10	15	13
ENSG00000075945	449	232	236
ENSG00000235303	0	0	0
ENSG00000234810	2	0	2
ENSG00000232750	1	1	0
ENSG00000224468	10	6	4
ENSG00000235628	0	0	0
ENSG00000232551	0	0	0
ENSG00000092607	3	0	3
ENSG00000238270	0	0	0
ENSG00000285894	0	0	0
ENSG00000236025	0	0	0
ENSG00000230687	0	0	0
ENSG00000230704	0	0	0
ENSG00000283255	0	0	0
ENSG00000227741	14	46	58
ENSG00000237049	0	0	0
ENSG00000286754	2	2	0
ENSG00000232751	0	0	0
ENSG00000236364	8	82	74
ENSG00000117091	155	150	154
ENSG00000235378	1	1	1
ENSG00000143171	82	50	32
ENSG00000275767	0	0	0
ENSG00000224718	0	0	0
ENSG00000047410	1303	743	724
ENSG00000231992	0	0	0
ENSG00000018625	251	135	116
ENSG00000171806	70	41	32
ENSG00000287919	0	0	0
ENSG00000229914	0	0	0
ENSG00000233882	0	0	0
ENSG00000198358	5	31	19
ENSG00000229407	14	14	5
ENSG00000134216	0	0	0
ENSG00000230748	0	0	0
ENSG00000254154	14	7	7
ENSG00000162694	171	87	115
ENSG00000238108	0	0	0
ENSG00000214262	0	10	11
ENSG00000183853	644	334	310
ENSG00000215835	3	0	3
ENSG00000118197	316	161	155
ENSG00000135842	385	199	186
ENSG00000229258	0	0	2
ENSG00000287472	0	0	0
ENSG00000241318	0	0	0
ENSG00000228238	1	0	1
ENSG00000232393	1	1	0
ENSG00000121454	10	19	20
ENSG00000184155	0	0	0
ENSG00000058085	347	179	168
ENSG00000260088	1	0	1
ENSG00000287978	150	80	70
ENSG00000116815	320	148	172
ENSG00000232917	1	0	1
ENSG00000233057	1	1	0
ENSG00000237131	0	0	0
ENSG00000233946	0	0	0
ENSG00000143167	1161	552	609
ENSG00000143184	7	3	4
ENSG00000231966	1	1	0
ENSG00000176320	0	0	0
ENSG00000260976	0	0	0
ENSG00000235215	0	0	0
ENSG00000223450	0	0	0
ENSG00000224691	0	0	0
ENSG00000286572	3	3	0
ENSG00000235101	0	0	0
ENSG00000228215	0	0	0
ENSG00000177807	5	1	4
ENSG00000233626	1	0	1
ENSG00000233691	0	0	0
ENSG00000283518	0	0	0
ENSG00000271527	0	0	0
ENSG00000143228	183	77	106
ENSG00000235827	0	0	0
ENSG00000231615	2	0	2
ENSG00000231714	0	0	0
ENSG00000174514	96	54	61
ENSG00000143178	49	16	33
ENSG00000224837	2	0	2
ENSG00000116833	317	169	148
ENSG00000227740	11	2	10
ENSG00000260990	0	0	0
ENSG00000000457	170	166	190
ENSG00000143507	233	119	114
ENSG00000285638	1	0	1
ENSG00000226520	3	2	1
ENSG00000284592	0	0	0
ENSG00000230987	0	0	0
ENSG00000232527	0	0	0
ENSG00000215833	0	0	0
ENSG00000228167	0	0	0
ENSG00000225325	0	0	0
ENSG00000223344	0	0	0
ENSG00000228191	0	0	0
ENSG00000229961	2	0	2
ENSG00000150732	0	0	0
ENSG00000157064	20	12	8
ENSG00000288139	0	0	0
ENSG00000226015	41	18	23
ENSG00000215808	0	0	0
ENSG00000059588	1206	585	621
ENSG00000231512	0	0	0
ENSG00000237379	0	0	0
ENSG00000232959	0	7	11
ENSG00000122224	124	58	66
ENSG00000162782	6	2	4
ENSG00000238051	0	0	0
ENSG00000233196	1	1	0
ENSG00000229220	1	0	1
ENSG00000143653	846	392	454
ENSG00000135837	441	219	222
ENSG00000158711	620	330	309
ENSG00000227747	0	0	0
ENSG00000228081	0	0	0
ENSG00000228020	0	0	0
ENSG00000234975	50	28	22
ENSG00000162851	321	150	171
ENSG00000271427	1	1	0
ENSG00000261817	0	0	0
ENSG00000143353	148	75	86
ENSG00000197965	1595	785	810
ENSG00000143493	277	131	146
ENSG00000230777	1	0	2
ENSG00000179397	19	12	7
ENSG00000224540	0	0	0
ENSG00000117592	1817	874	943
ENSG00000186197	1	1	0
ENSG00000229067	0	0	0
ENSG00000230231	0	0	1
ENSG00000227711	0	0	0
ENSG00000261182	0	0	0
ENSG00000228879	0	0	0
ENSG00000227925	0	0	0
ENSG00000162670	21	10	15
ENSG00000225712	0	0	0
ENSG00000162761	62	31	33
ENSG00000143199	6	4	2
ENSG00000179930	0	0	0
ENSG00000007908	1491	770	721
ENSG00000092978	212	120	92
ENSG00000143499	429	223	206
ENSG00000188404	180	103	77
ENSG00000227735	0	0	0
ENSG00000243062	0	0	0
ENSG00000143196	411	179	232
ENSG00000228504	0	0	0
ENSG00000274702	0	0	0
ENSG00000226211	0	0	0
ENSG00000236942	3	3	0
ENSG00000287205	1	1	0
ENSG00000203697	1045	516	529
ENSG00000116574	495	237	258
ENSG00000287929	3	3	0
ENSG00000186283	896	437	459
ENSG00000224896	0	0	0
ENSG00000226292	0	0	0
ENSG00000121481	160	79	81
ENSG00000227940	0	0	0
ENSG00000117139	863	443	420
ENSG00000143248	6656	3413	3243
ENSG00000278455	0	0	0
ENSG00000224810	0	0	0
ENSG00000162814	12	10	3
ENSG00000225172	0	0	0
ENSG00000261642	0	0	0
ENSG00000228239	0	0	0
ENSG00000237283	0	0	0
ENSG00000116132	286	132	154
ENSG00000238042	1	0	1
ENSG00000271475	0	0	0
ENSG00000231877	0	0	0
ENSG00000116679	3305	1650	1655
ENSG00000228536	4	2	2
ENSG00000230550	0	2	1
ENSG00000229242	0	0	0
ENSG00000253326	13	6	7
ENSG00000228470	1	0	1
ENSG00000152092	6	1	5
ENSG00000234984	0	0	0
ENSG00000231648	0	0	0
ENSG00000229983	0	0	0
ENSG00000215149	0	0	0
ENSG00000225122	0	0	0
ENSG00000225920	4	2	2
ENSG00000143476	93	40	53
ENSG00000121486	219	101	118
ENSG00000228437	0	0	0
ENSG00000214837	17	11	6
ENSG00000057252	477	242	235
ENSG00000225982	0	0	0
ENSG00000285718	0	0	0
ENSG00000234070	0	0	1
ENSG00000233620	0	0	0
ENSG00000237783	0	0	0
ENSG00000272906	11	11	10
ENSG00000233018	0	0	0
ENSG00000123685	74	33	41
ENSG00000224783	0	0	0
ENSG00000162852	586	313	273
ENSG00000232792	0	0	0
ENSG00000273004	4	3	1
ENSG00000143842	642	355	287
ENSG00000268062	3	3	0
ENSG00000237409	0	0	0
ENSG00000116962	2520	1254	1266
ENSG00000288078	0	0	0
ENSG00000271399	0	0	0
ENSG00000229757	0	0	0
ENSG00000232679	0	0	0
ENSG00000159388	11626	5786	5841
ENSG00000220749	6	2	4
ENSG00000181450	109	56	53
ENSG00000223519	4	13	8
ENSG00000120333	434	214	231
ENSG00000286285	0	0	0
ENSG00000225300	10	8	2
ENSG00000223842	1	1	0
ENSG00000162753	0	0	0
ENSG00000228247	0	0	0
ENSG00000231424	8	4	4
ENSG00000143355	0	0	0
ENSG00000287177	0	0	0
ENSG00000237193	0	0	0
ENSG00000223490	0	0	0
ENSG00000121644	497	241	256
ENSG00000174502	3	0	3
ENSG00000224286	2	0	2
ENSG00000158715	230	123	107
ENSG00000143195	1	0	1
ENSG00000162849	53	24	29
ENSG00000232824	3	0	3
ENSG00000273416	2	2	0
ENSG00000234142	2	2	1
ENSG00000282111	0	0	0
ENSG00000233410	0	0	0
ENSG00000067533	322	149	173
ENSG00000228955	3	2	1
ENSG00000270443	0	0	0
ENSG00000116209	4671	2386	2285
ENSG00000224702	0	1	1
ENSG00000271811	0	0	0
ENSG00000224278	0	0	0
ENSG00000235492	0	0	0
ENSG00000287808	7	4	19
ENSG00000271588	1	0	1
ENSG00000229840	0	0	0
ENSG00000116161	764	372	421
ENSG00000226486	0	0	0
ENSG00000227687	0	0	0
ENSG00000231814	0	0	0
ENSG00000286210	0	0	0
ENSG00000287364	0	0	0
ENSG00000225063	0	0	0
ENSG00000260698	6	2	4
ENSG00000277007	9	2	7
ENSG00000229016	0	0	0
ENSG00000077157	2058	1046	1027
ENSG00000152104	236	129	108
ENSG00000236975	1	1	0
ENSG00000215834	0	0	0
ENSG00000286541	0	0	0
ENSG00000117650	181	88	93
ENSG00000235021	3	2	1
ENSG00000203724	19	7	12
ENSG00000225006	0	0	0
ENSG00000287633	0	0	0
ENSG00000158764	110	77	78
ENSG00000223375	0	0	0
ENSG00000230714	0	0	0
ENSG00000261065	0	6	17
ENSG00000260855	20	10	10
ENSG00000188783	177	98	79
ENSG00000236206	4	1	3
ENSG00000168118	688	336	370
ENSG00000181101	0	0	0
ENSG00000173726	2130	1033	1097
ENSG00000282852	1	1	0
ENSG00000152382	146	68	78
ENSG00000143839	2	0	2
ENSG00000232100	0	0	0
ENSG00000261024	4	0	4
ENSG00000230547	0	0	2
ENSG00000229703	0	0	0
ENSG00000176754	1	0	1
ENSG00000232309	0	0	0
ENSG00000227953	24	21	20
ENSG00000232215	0	0	0
ENSG00000135829	1863	929	950
ENSG00000228289	7	0	7
ENSG00000134717	465	222	243
ENSG00000232989	0	0	0
ENSG00000233537	0	0	0
ENSG00000116668	113	45	68
ENSG00000143756	342	176	166
ENSG00000278180	0	0	0
ENSG00000143702	151	88	69
ENSG00000232341	0	0	0
ENSG00000287676	0	0	0
ENSG00000236792	0	0	0
ENSG00000143207	769	391	378
ENSG00000270859	0	0	0
ENSG00000238224	0	0	0
ENSG00000286775	0	0	0
ENSG00000122176	773	403	370
ENSG00000229120	0	0	0
ENSG00000237492	0	0	0
ENSG00000230404	0	0	0
ENSG00000213036	0	0	0
ENSG00000227230	0	2	1
ENSG00000236230	0	0	0
ENSG00000026751	563	262	301
ENSG00000150681	72	50	27
ENSG00000116906	981	509	472
ENSG00000092969	14	4	10
ENSG00000157181	428	203	225
ENSG00000250762	2	2	0
ENSG00000236720	0	0	0
ENSG00000227421	0	0	0
ENSG00000227240	1	1	0
ENSG00000076258	86	41	45
ENSG00000286073	4	4	0
ENSG00000231084	0	0	0
ENSG00000232085	0	2	1
ENSG00000117697	358	172	186
ENSG00000279333	0	7	5
ENSG00000235083	0	0	0
ENSG00000162669	7	2	5
ENSG00000197067	0	0	0
ENSG00000229652	0	0	0
ENSG00000132681	2	1	1
ENSG00000225904	0	0	0
ENSG00000270920	0	0	0
ENSG00000281664	0	0	0
ENSG00000143641	773	590	593
ENSG00000227630	9	3	6
ENSG00000228830	0	706	661
ENSG00000010932	21	14	9
ENSG00000282849	0	0	2
ENSG00000276520	0	0	0
ENSG00000226640	0	0	0
ENSG00000010072	133	82	62
ENSG00000135766	79	45	34
ENSG00000232626	1	0	1
ENSG00000232096	0	0	0
ENSG00000279261	2	2	0
ENSG00000213051	1	0	1
ENSG00000238054	0	0	0
ENSG00000163534	26	18	8
ENSG00000168243	90	47	43
ENSG00000281453	0	0	0
ENSG00000237469	0	0	0
ENSG00000224939	1	0	1
ENSG00000227613	0	0	0
ENSG00000116183	140	75	65
ENSG00000270106	0	0	0
ENSG00000232194	1	1	0
ENSG00000235152	1	0	1
ENSG00000231612	1	1	0
ENSG00000237980	0	0	0
ENSG00000271036	0	0	0
ENSG00000230849	0	0	0
ENSG00000170382	77	34	43
ENSG00000228664	0	0	0
ENSG00000226868	0	0	0
ENSG00000279401	0	0	0
ENSG00000272362	0	0	0
ENSG00000287450	0	1	0
ENSG00000237011	0	0	0
ENSG00000233583	0	0	0
ENSG00000066027	1288	623	665
ENSG00000286263	0	0	0
ENSG00000227006	5	4	1
ENSG00000236372	0	0	0
ENSG00000224525	0	0	0
ENSG00000188770	0	0	0
ENSG00000173728	1	1	0
ENSG00000094975	361	183	178
ENSG00000225811	0	2	2
ENSG00000273093	0	0	0
ENSG00000162772	6814	3214	3600
ENSG00000227818	0	0	0
ENSG00000135828	182	82	100
ENSG00000224227	0	0	0
ENSG00000286398	0	0	0
ENSG00000076356	788	413	375
ENSG00000215819	0	0	1
ENSG00000185523	0	0	0
ENSG00000236108	0	0	0
ENSG00000116711	296	132	164
ENSG00000231684	0	0	0
ENSG00000226750	0	0	0
ENSG00000285665	4	1	3
ENSG00000231022	0	0	0
ENSG00000224436	0	0	0
ENSG00000228208	3	2	1
ENSG00000273384	2	0	2
ENSG00000238061	2	0	2
ENSG00000234915	0	0	0
ENSG00000143845	23	23	26
ENSG00000235862	5	39	27
ENSG00000069812	104	48	56
ENSG00000227585	0	0	0
ENSG00000157060	1	1	0
ENSG00000237213	0	0	0
ENSG00000236439	0	0	0
ENSG00000224260	0	0	0
ENSG00000213045	0	0	0
ENSG00000287220	0	0	0
ENSG00000230063	1	0	1
ENSG00000235467	0	0	0
ENSG00000123684	738	357	383
ENSG00000117707	162	78	84
ENSG00000228044	2	2	0
ENSG00000225338	4	2	2
ENSG00000224407	0	191	219
ENSG00000232463	0	0	0
ENSG00000237457	0	0	0
ENSG00000225171	9	4	5
ENSG00000226843	0	0	0
ENSG00000235386	0	0	0
ENSG00000123836	477	239	240
ENSG00000213690	0	0	0
ENSG00000223982	0	0	0
ENSG00000229832	0	0	0
ENSG00000117691	845	385	460
ENSG00000225233	1	0	1
ENSG00000274895	6	2	4
ENSG00000237514	0	0	0
ENSG00000287856	0	0	0
ENSG00000228067	2	0	2
ENSG00000284299	0	0	0
ENSG00000226375	0	0	0
ENSG00000203705	158	77	81
ENSG00000224040	0	0	0
ENSG00000228686	0	0	0
ENSG00000279838	40	17	23
ENSG00000174175	667	349	318
ENSG00000236401	0	0	0
ENSG00000241475	0	0	0
ENSG00000215800	0	0	0
ENSG00000286421	0	0	0
ENSG00000270936	0	0	0
ENSG00000008118	0	0	0
ENSG00000171161	298	156	142
ENSG00000241505	0	0	0
ENSG00000224535	0	0	0
ENSG00000282097	0	0	0
ENSG00000261453	0	0	0
ENSG00000231020	0	0	0
ENSG00000270818	0	0	0
ENSG00000196878	974	563	411
ENSG00000133059	262	130	132
ENSG00000225561	1	0	1
ENSG00000224668	0	0	0
ENSG00000242529	0	0	0
ENSG00000074964	1566	756	810
ENSG00000223847	0	0	0
ENSG00000277704	0	0	0
ENSG00000116918	383	178	213
ENSG00000274020	66	27	49
ENSG00000287445	13	9	4
ENSG00000259815	0	0	0
ENSG00000240963	0	0	0
ENSG00000226570	0	0	0
ENSG00000198929	33	16	17
ENSG00000272167	1	0	1
ENSG00000230628	0	0	0
ENSG00000162771	0	26	35
ENSG00000227579	0	0	0
ENSG00000176393	1155	735	782
ENSG00000174606	316	165	151
ENSG00000179914	3576	1790	1786
ENSG00000235750	718	341	377
ENSG00000284376	1	0	1
ENSG00000121446	2	0	2
ENSG00000226758	0	0	0
ENSG00000230199	0	0	0
ENSG00000236905	0	0	0
ENSG00000233304	1	1	0
ENSG00000288007	2	0	2
ENSG00000227887	0	0	0
ENSG00000116903	143	67	86
ENSG00000228255	0	0	0
ENSG00000226196	0	0	0
ENSG00000287354	1	1	0
ENSG00000233827	0	0	0
ENSG00000198797	1	0	1
ENSG00000271746	1	9	3
ENSG00000234233	1	0	1
ENSG00000151414	479	237	242
ENSG00000177614	27	9	18
ENSG00000223794	0	0	0
ENSG00000235182	0	1	0
ENSG00000213041	2	1	1
ENSG00000287157	1	0	1
ENSG00000233920	2	1	1
ENSG00000183831	1	1	0
ENSG00000225755	0	0	0
ENSG00000143858	12	10	17
ENSG00000197472	4	1	3
ENSG00000230184	3	0	3
ENSG00000234004	0	0	0
ENSG00000232436	0	0	0
ENSG00000231718	0	0	0
ENSG00000283952	0	0	0
ENSG00000230019	0	0	0
ENSG00000136643	243	110	133
ENSG00000232537	0	0	0
ENSG00000226036	3	3	0
ENSG00000285521	0	0	0
ENSG00000236317	0	0	0
ENSG00000176855	0	0	0
ENSG00000227728	0	0	0
ENSG00000133069	30	17	13
ENSG00000162877	6	4	2
ENSG00000233461	58	15	43
ENSG00000225401	0	0	0
ENSG00000228190	0	0	0
ENSG00000135747	4	1	3
ENSG00000227237	0	0	0
ENSG00000069248	551	269	282
ENSG00000232812	0	0	0
ENSG00000231666	8	4	4
ENSG00000226986	1	0	1
ENSG00000242042	0	0	0
ENSG00000234464	0	0	0
ENSG00000253148	0	0	0
ENSG00000227751	0	223	194
ENSG00000090104	6879	3301	3578
ENSG00000285280	8	6	7
ENSG00000232892	1	0	1
ENSG00000236950	0	0	0
ENSG00000236468	0	0	0
ENSG00000143322	633	324	309
ENSG00000185220	115	60	55
ENSG00000226003	0	0	0
ENSG00000230813	0	0	0
ENSG00000226862	1	0	1
ENSG00000236101	0	0	0
ENSG00000162769	268	124	144
ENSG00000133065	290	158	132
ENSG00000278684	0	0	0
ENSG00000236775	0	0	0
ENSG00000042781	1	0	1
ENSG00000234754	0	0	0
ENSG00000233084	0	0	0
ENSG00000227815	0	0	0
ENSG00000287046	0	0	0
ENSG00000223774	1	98	105
ENSG00000228863	6	84	71
ENSG00000228646	0	0	0
ENSG00000229112	0	0	0
ENSG00000233332	0	0	0
ENSG00000231984	0	0	0
ENSG00000286213	0	0	0
ENSG00000226876	2	1	1
ENSG00000277462	45	20	25
ENSG00000225591	0	0	0
ENSG00000035687	590	288	302
ENSG00000213080	1	0	1
ENSG00000180287	0	0	0
ENSG00000226693	0	0	0
ENSG00000234678	196	317	285
ENSG00000231272	0	0	0
ENSG00000223828	1	0	1
ENSG00000163431	1067	622	647
ENSG00000230124	534	291	272
ENSG00000226723	0	0	0
ENSG00000272672	0	0	0
ENSG00000143473	3	7	8
ENSG00000228982	0	0	0
ENSG00000235096	5	2	3
ENSG00000237250	0	0	0
ENSG00000007341	173	187	168
ENSG00000286747	4	2	2
ENSG00000236069	2	2	0
ENSG00000236244	0	0	0
ENSG00000272865	0	0	0
ENSG00000117222	209	121	88
ENSG00000143324	408	202	206
ENSG00000229871	6	1	5
ENSG00000225222	1	1	0
ENSG00000118193	65	37	28
ENSG00000234116	0	0	0
ENSG00000231940	2	0	2
ENSG00000198842	8	5	3
ENSG00000286619	98	47	51
ENSG00000198756	18	13	5
ENSG00000259823	83	46	37
ENSG00000271558	0	0	0
ENSG00000227554	0	0	0
ENSG00000178596	0	0	0
ENSG00000135749	193	127	126
ENSG00000143786	13	8	5
ENSG00000224584	0	0	0
ENSG00000054282	311	189	215
ENSG00000183780	6	5	1
ENSG00000229663	0	0	0
ENSG00000162702	166	80	86
ENSG00000251508	0	0	0
ENSG00000238272	0	0	0
ENSG00000228530	0	0	0
ENSG00000235060	1	0	1
ENSG00000143194	0	0	0
ENSG00000229531	2	2	0
ENSG00000271329	1	0	1
ENSG00000054267	540	257	284
ENSG00000261831	0	0	0
ENSG00000287921	0	0	0
ENSG00000177800	1	0	1
ENSG00000225620	0	0	0
ENSG00000232166	0	0	0
ENSG00000175137	416	206	210
ENSG00000134245	505	349	336
ENSG00000234041	6	6	0
ENSG00000227373	4	1	3
ENSG00000231905	0	0	0
ENSG00000228175	21	9	12
ENSG00000069275	2430	1163	1267
ENSG00000143674	196	97	99
ENSG00000237317	0	0	0
ENSG00000187889	11	7	4
ENSG00000134375	797	404	393
ENSG00000097046	132	67	65
ENSG00000232113	0	0	0
ENSG00000282718	2	2	0
ENSG00000231378	0	0	0
ENSG00000235605	0	1	0
ENSG00000223525	1	1	0
ENSG00000224857	0	0	0
ENSG00000273367	1	1	0
ENSG00000230604	2	2	0
ENSG00000231605	0	0	0
ENSG00000236358	0	0	1
ENSG00000203737	3	3	0
ENSG00000238003	1	0	1
ENSG00000215873	0	0	0
ENSG00000287008	0	0	0
ENSG00000185420	225	88	137
ENSG00000076321	259	146	113
ENSG00000272175	2	3	1
ENSG00000231564	0	0	0
ENSG00000135778	568	306	322
ENSG00000213070	0	0	0
ENSG00000282265	0	0	0
ENSG00000250536	0	0	0
ENSG00000229747	0	0	0
ENSG00000117280	305	131	174
ENSG00000233985	0	0	0
ENSG00000232175	0	0	0
ENSG00000287423	0	0	0
ENSG00000286774	0	0	0
ENSG00000236719	0	0	0
ENSG00000136636	1040	478	562
ENSG00000225486	0	0	0
ENSG00000227043	0	0	0
ENSG00000163874	1124	554	570
ENSG00000285777	0	0	0
ENSG00000237249	0	0	0
ENSG00000286109	0	0	0
ENSG00000213068	0	0	0
ENSG00000054392	39	18	21
ENSG00000227994	0	0	0
ENSG00000286552	0	0	0
ENSG00000225711	1	0	1
ENSG00000122223	15	11	4
ENSG00000235869	1	0	1
ENSG00000188739	13	6	7
ENSG00000286666	0	0	0
ENSG00000135750	302	155	147
ENSG00000273198	0	0	0
ENSG00000203730	1	1	0
ENSG00000225719	0	0	0
ENSG00000273483	1	0	1
ENSG00000287987	0	0	0
ENSG00000203729	0	0	0
ENSG00000232809	0	0	0
ENSG00000284623	0	0	0
ENSG00000285981	0	0	0
ENSG00000261729	2	1	1
ENSG00000223869	0	0	0
ENSG00000229228	13	7	6
ENSG00000215796	0	0	0
ENSG00000185221	0	0	0
ENSG00000233047	0	0	0
ENSG00000143341	73	33	40
ENSG00000228309	0	0	0
ENSG00000229739	7	2	5
ENSG00000116703	2	2	0
ENSG00000273874	0	0	0
ENSG00000278791	0	29	13
ENSG00000278757	0	0	0
ENSG00000264341	0	0	0
ENSG00000264101	0	0	0
ENSG00000265141	0	0	0
ENSG00000221083	0	0	0
ENSG00000252404	0	0	0
ENSG00000222511	0	0	0
ENSG00000265392	0	0	0
ENSG00000243267	0	0	0
ENSG00000201725	0	0	0
ENSG00000274258	0	0	0
ENSG00000239149	0	0	0
ENSG00000252151	0	0	0
ENSG00000252969	0	0	0
ENSG00000252417	0	0	0
ENSG00000200975	0	0	0
ENSG00000201609	0	0	0
ENSG00000238482	1	1	0
ENSG00000252956	0	0	0
ENSG00000265606	0	0	0
ENSG00000284357	0	0	0
ENSG00000278034	0	0	0
ENSG00000207237	0	0	0
ENSG00000222784	0	0	0
ENSG00000266210	0	0	0
ENSG00000265961	0	0	0
ENSG00000251866	0	0	0
ENSG00000252691	0	0	0
ENSG00000264371	0	0	0
ENSG00000253005	0	0	0
ENSG00000238316	0	0	0
ENSG00000207941	0	0	0
ENSG00000264773	4	3	1
ENSG00000252448	0	0	0
ENSG00000200421	0	0	0
ENSG00000222282	0	0	0
ENSG00000199963	0	0	0
ENSG00000264698	0	0	0
ENSG00000207328	0	0	0
ENSG00000207466	0	0	0
ENSG00000252368	0	0	0
ENSG00000206779	1	1	0
ENSG00000265596	0	0	0
ENSG00000212541	1	1	0
ENSG00000200796	0	0	0
ENSG00000252190	0	0	0
ENSG00000264613	0	0	0
ENSG00000199240	0	0	0
ENSG00000277168	1	1	0
ENSG00000283724	0	0	0
ENSG00000284410	0	0	0
ENSG00000252018	0	0	0
ENSG00000206627	0	0	0
ENSG00000283414	0	0	0
ENSG00000207508	3	3	0
ENSG00000200171	0	0	0
ENSG00000207194	1	0	1
ENSG00000283477	0	0	0
ENSG00000264834	0	0	0
ENSG00000263675	2	1	1
ENSG00000266188	0	0	0
ENSG00000206981	0	0	0
ENSG00000200174	0	0	0
ENSG00000265822	0	0	0
ENSG00000265815	0	0	0
ENSG00000238653	0	0	0
ENSG00000212624	0	0	0
ENSG00000200575	0	0	0
ENSG00000212360	0	0	0
ENSG00000242860	1	1	0
ENSG00000263908	0	0	0
ENSG00000283690	0	0	0
ENSG00000199921	0	0	0
ENSG00000251825	0	0	0
ENSG00000201153	0	0	0
ENSG00000222624	0	0	0
ENSG00000223152	0	0	0
ENSG00000212308	0	0	0
ENSG00000279049	0	12	7
ENSG00000276081	0	0	0
ENSG00000239640	0	0	0
ENSG00000252338	0	0	0
ENSG00000251785	0	0	0
ENSG00000239319	0	0	0
ENSG00000222849	0	0	0
ENSG00000283749	0	0	0
ENSG00000251958	0	0	0
ENSG00000251767	0	0	0
ENSG00000243437	0	0	0
ENSG00000202263	0	0	0
ENSG00000199318	0	0	0
ENSG00000199666	0	0	0
ENSG00000200601	0	0	0
ENSG00000242482	0	0	0
ENSG00000212366	0	0	0
ENSG00000201620	0	0	0
ENSG00000206817	0	0	0
ENSG00000284247	0	0	0
ENSG00000200839	0	0	0
ENSG00000264963	0	0	0
ENSG00000264271	0	0	0
ENSG00000239504	0	0	0
ENSG00000284202	0	0	0
ENSG00000251720	3	3	0
ENSG00000274321	0	0	0
ENSG00000198974	0	0	0
ENSG00000212248	0	0	0
ENSG00000207962	0	0	0
ENSG00000276884	0	0	0
ENSG00000207234	5	3	2
ENSG00000202259	0	0	0
ENSG00000212459	0	0	0
ENSG00000278287	0	0	0
ENSG00000277565	0	0	0
ENSG00000263526	0	0	0
ENSG00000211575	0	0	0
ENSG00000275823	0	0	0
ENSG00000277689	0	0	0
ENSG00000274199	0	0	0
ENSG00000202254	0	0	0
ENSG00000244256	0	0	0
ENSG00000201491	0	0	0
ENSG00000199831	0	0	0
ENSG00000275455	0	0	0
ENSG00000252162	0	0	0
ENSG00000272051	0	0	0
ENSG00000283899	0	0	0
ENSG00000200800	0	0	0
ENSG00000207502	0	0	0
ENSG00000252530	0	0	0
ENSG00000200536	0	0	0
ENSG00000211543	0	0	0
ENSG00000252797	2	1	1
ENSG00000212266	0	0	0
ENSG00000222209	0	0	0
ENSG00000277141	0	0	0
ENSG00000215930	0	0	0
ENSG00000238761	0	0	0
ENSG00000201114	0	0	0
ENSG00000206679	0	0	0
ENSG00000264419	0	0	0
ENSG00000222069	0	0	0
ENSG00000274428	7	6	1
ENSG00000199879	9	6	3
ENSG00000274408	0	0	0
ENSG00000283676	0	0	0
ENSG00000252005	0	0	0
ENSG00000252510	0	0	0
ENSG00000207340	2	0	2
ENSG00000252830	0	0	0
ENSG00000274450	0	0	0
ENSG00000252135	3	3	0
ENSG00000278596	2	0	2
ENSG00000238825	3	3	0
ENSG00000201183	13	9	4
ENSG00000202408	0	0	1
ENSG00000252744	0	0	0
ENSG00000273768	15	3	12
ENSG00000242565	0	0	0
ENSG00000239984	0	0	0
ENSG00000283296	0	0	0
ENSG00000252717	0	0	0
ENSG00000194297	0	0	0
ENSG00000199565	0	0	0
ENSG00000277313	0	0	0
ENSG00000274940	1	1	0
ENSG00000207341	0	0	0
ENSG00000207472	0	0	0
ENSG00000206880	1	1	0
ENSG00000252552	0	0	0
ENSG00000199849	0	0	0
ENSG00000252407	0	0	0
ENSG00000212538	0	0	0
ENSG00000251813	0	0	0
ENSG00000207108	0	0	0
ENSG00000201312	0	0	0
ENSG00000207039	0	0	0
ENSG00000202491	0	0	0
ENSG00000201596	0	0	0
ENSG00000276839	0	0	0
ENSG00000207974	0	0	0
ENSG00000273629	0	0	0
ENSG00000201493	0	0	0
ENSG00000215952	0	0	0
ENSG00000200139	0	0	0
ENSG00000283575	0	0	0
ENSG00000238765	0	0	0
ENSG00000264916	3	3	0
ENSG00000212338	0	0	0
ENSG00000206659	0	0	0
ENSG00000253025	0	0	0
ENSG00000201619	0	0	0
ENSG00000201544	0	0	0
ENSG00000202498	0	0	0
ENSG00000221545	0	0	0
ENSG00000252906	2	0	2
ENSG00000206692	0	0	0
ENSG00000202329	0	0	0
ENSG00000242794	0	0	0
ENSG00000212144	0	0	0
ENSG00000283340	0	0	0
ENSG00000252860	0	0	0
ENSG00000252501	0	0	0
ENSG00000263390	0	0	0
ENSG00000207181	5	5	0
ENSG00000265744	0	0	0
ENSG00000264377	0	0	0
ENSG00000207149	0	0	0
ENSG00000283936	0	0	0
ENSG00000284485	0	0	0
ENSG00000201638	0	0	0
ENSG00000275213	2	0	2
ENSG00000239494	5	5	0
ENSG00000212230	0	0	0
ENSG00000252371	0	0	0
ENSG00000199442	0	0	0
ENSG00000200033	1	1	0
ENSG00000239690	0	0	0
ENSG00000202184	0	0	0
ENSG00000241395	0	0	0
ENSG00000200982	0	0	0
ENSG00000275207	0	0	0
ENSG00000202300	1	0	1
ENSG00000222407	0	0	0
ENSG00000222986	0	0	0
ENSG00000265435	0	0	0
ENSG00000272262	0	0	0
ENSG00000200495	0	0	0
ENSG00000202609	0	0	0
ENSG00000252553	0	0	0
ENSG00000206764	0	0	0
ENSG00000222240	0	0	0
ENSG00000212187	0	0	0
ENSG00000206637	0	0	0
ENSG00000253097	0	0	0
ENSG00000200036	0	0	0
ENSG00000201421	0	0	0
ENSG00000212610	1	1	0
ENSG00000252484	0	0	0
ENSG00000201944	0	0	0
ENSG00000200327	0	0	0
ENSG00000206905	0	0	0
ENSG00000200972	0	0	0
ENSG00000243051	0	0	0
ENSG00000252011	0	0	0
ENSG00000207326	0	0	0
ENSG00000212205	2	2	0
ENSG00000253042	1	0	1
ENSG00000274121	0	0	0
ENSG00000264358	0	0	0
ENSG00000206640	0	0	0
ENSG00000212527	0	0	0
ENSG00000252879	0	0	0
ENSG00000252612	1	0	1
ENSG00000202264	0	0	0
ENSG00000285609	0	0	0
ENSG00000206762	4	3	1
ENSG00000252084	0	0	0
ENSG00000200085	0	0	0
ENSG00000264500	1	0	1
ENSG00000202025	0	0	0
ENSG00000225545	0	0	0
ENSG00000206990	0	0	0
ENSG00000230175	0	0	0
ENSG00000225272	0	0	0
ENSG00000215838	1	0	1
ENSG00000273365	0	0	0
ENSG00000224358	6	4	2
ENSG00000230659	0	0	0
ENSG00000162545	1808	880	928
ENSG00000090432	295	151	144
ENSG00000215520	0	0	0
ENSG00000183114	0	0	0
ENSG00000158825	155	71	84
ENSG00000158828	238	616	615
ENSG00000284005	0	0	0
ENSG00000117242	72	538	527
ENSG00000234473	1	0	1
ENSG00000238754	0	0	0
ENSG00000134371	455	229	227
ENSG00000221680	0	0	0
ENSG00000162630	24	11	13
ENSG00000276735	0	1	0
ENSG00000232077	6	6	0
ENSG00000229639	0	0	0
ENSG00000287453	0	0	0
ENSG00000270615	0	0	0
ENSG00000287283	0	0	0
ENSG00000240692	0	0	0
ENSG00000229359	0	0	0
ENSG00000237919	0	0	0
ENSG00000066557	172	88	84
ENSG00000244389	0	0	0
ENSG00000228988	1	0	1
ENSG00000118454	402	211	191
ENSG00000226088	1	1	0
ENSG00000116761	82	47	35
ENSG00000278636	0	0	0
ENSG00000271992	4	2	2
ENSG00000233020	0	0	0
ENSG00000237033	0	0	0
ENSG00000226208	0	0	0
ENSG00000007968	161	78	83
ENSG00000235052	4	1	3
ENSG00000117318	1755	903	852
ENSG00000285802	1	1	0
ENSG00000229239	0	0	0
ENSG00000142676	19837	9963	9874
ENSG00000057757	709	368	341
ENSG00000011009	956	445	511
ENSG00000117308	983	440	543
ENSG00000273844	0	0	0
ENSG00000235748	0	0	0
ENSG00000237861	0	0	0
ENSG00000221879	0	0	0
ENSG00000230260	0	0	0
ENSG00000199241	0	0	0
ENSG00000226919	0	0	4
ENSG00000223963	0	0	0
ENSG00000215802	0	0	0
ENSG00000233615	0	0	0
ENSG00000238085	0	0	0
ENSG00000265831	0	0	0
ENSG00000224348	0	0	0
ENSG00000286496	3	3	0
ENSG00000287516	2	0	2
ENSG00000287738	0	0	0
ENSG00000132703	0	0	0
ENSG00000276632	0	0	0
ENSG00000223603	0	0	0
ENSG00000132693	2	0	2
ENSG00000235226	0	0	0
ENSG00000158716	631	279	352
ENSG00000181036	13	5	8
ENSG00000158714	31	69	56
ENSG00000212161	0	0	0
ENSG00000243284	1	2	1
ENSG00000272668	116	50	69
ENSG00000213085	24	8	16
ENSG00000266458	0	0	0
ENSG00000287040	3	3	0
ENSG00000279430	5	1	4
ENSG00000162723	0	0	0
ENSG00000273933	0	0	0
ENSG00000256029	6	24	30
ENSG00000188004	1	1	0
ENSG00000266580	0	0	0
ENSG00000254545	1	4	2
ENSG00000203620	0	0	0
ENSG00000269967	9	5	4
ENSG00000228634	17	6	11
ENSG00000284702	0	0	0
ENSG00000221040	0	0	0
ENSG00000287217	2	0	2
ENSG00000163399	3247	5301	5394
ENSG00000212385	0	0	0
ENSG00000233154	4	4	0
ENSG00000230381	0	0	0
ENSG00000200547	0	0	0
ENSG00000224950	23	13	11
ENSG00000286276	1	2	0
ENSG00000177888	129	63	66
ENSG00000243364	184	93	91
ENSG00000251246	0	0	0
ENSG00000143590	50	20	30
ENSG00000202027	0	0	0
ENSG00000169242	1606	710	896
ENSG00000169241	844	378	466
ENSG00000223452	0	0	0
ENSG00000163463	79	45	34
ENSG00000273088	0	0	0
ENSG00000284586	0	0	0
ENSG00000169231	396	360	303
ENSG00000236263	0	7	5
ENSG00000236675	9	0	9
ENSG00000177628	326	177	149
ENSG00000116521	600	325	275
ENSG00000176444	850	383	467
ENSG00000143630	98	70	69
ENSG00000143627	4	23	22
ENSG00000253074	0	0	0
ENSG00000252116	0	0	0
ENSG00000228523	0	0	0
ENSG00000223263	5	2	3
ENSG00000207504	0	0	0
ENSG00000238139	0	0	0
ENSG00000197721	0	0	0
ENSG00000244703	1	1	0
ENSG00000226289	0	0	0
ENSG00000285239	0	0	0
ENSG00000234219	0	0	0
ENSG00000174059	1642	785	858
ENSG00000285719	3	1	2
ENSG00000284237	23	15	8
ENSG00000158731	0	0	0
ENSG00000201746	3	1	2
ENSG00000264881	0	0	0
ENSG00000199562	1	1	0
ENSG00000264501	0	0	0
ENSG00000284735	12	2	10
ENSG00000284642	14	3	11
ENSG00000142657	1421	672	749
ENSG00000271989	0	2	9
ENSG00000251503	0	1	1
ENSG00000175279	17	4	13
ENSG00000160049	787	434	486
ENSG00000203469	0	38	37
ENSG00000236035	1	1	0
ENSG00000221643	2	2	0
ENSG00000122188	139	64	75
ENSG00000288644	0	0	0
ENSG00000227417	6	3	3
ENSG00000223505	9	4	5
ENSG00000182004	858	488	370
ENSG00000236430	0	0	0
ENSG00000130768	271	215	189
ENSG00000227050	1	60	74
ENSG00000238231	4	0	4
ENSG00000240750	1	0	1
ENSG00000158156	129	69	60
ENSG00000182118	209	113	96
ENSG00000283799	0	0	0
ENSG00000227934	0	0	0
ENSG00000229595	0	0	0
ENSG00000143633	379	177	202
ENSG00000281912	12	7	5
ENSG00000288208	0	0	0
ENSG00000132773	161	77	104
ENSG00000070759	125	52	82
ENSG00000236872	0	0	0
ENSG00000280670	63	30	33
ENSG00000132763	121	1137	785
ENSG00000221953	3	1	2
ENSG00000226164	0	0	0
ENSG00000224014	3	0	3
ENSG00000215795	0	0	0
ENSG00000259865	137	70	67
ENSG00000227671	577	272	305
ENSG00000283881	0	0	0
ENSG00000252516	0	0	0
ENSG00000232347	0	0	0
ENSG00000214144	0	0	0
ENSG00000235818	0	0	0
ENSG00000197617	0	0	0
ENSG00000202079	0	0	0
ENSG00000286216	4	3	2
ENSG00000203664	0	0	0
ENSG00000169224	12	4	9
ENSG00000236817	0	1	0
ENSG00000177489	0	0	0
ENSG00000177476	0	0	0
ENSG00000283369	0	0	0
ENSG00000230411	0	0	0
ENSG00000251977	0	0	0
ENSG00000252254	0	0	0
ENSG00000227854	0	0	0
ENSG00000287589	0	0	0
ENSG00000259776	0	0	0
ENSG00000233355	90	46	44
ENSG00000234601	0	0	0
ENSG00000231979	0	0	0
ENSG00000215805	0	0	0
ENSG00000287102	0	0	0
ENSG00000217327	0	0	0
ENSG00000228818	0	0	0
ENSG00000202041	0	0	0
ENSG00000223694	0	0	0
ENSG00000233735	0	0	0
ENSG00000133019	37	15	22
ENSG00000162636	621	284	337
ENSG00000162639	220	110	112
ENSG00000285923	7	7	2
ENSG00000134186	1227	616	611
ENSG00000143107	0	0	0
ENSG00000232971	0	0	0
ENSG00000116266	581	281	300
ENSG00000228076	0	0	0
ENSG00000203897	0	0	0
ENSG00000237349	1	1	0
ENSG00000244716	25	10	15
ENSG00000228665	1	0	1
ENSG00000228054	0	0	0
ENSG00000273382	17	6	28
ENSG00000215717	700	377	340
ENSG00000278249	0	0	0
ENSG00000270066	0	0	0
ENSG00000251484	1	1	0
ENSG00000132676	1662	840	846
ENSG00000227673	0	0	0
ENSG00000203761	47	29	33
ENSG00000234937	4	2	2
ENSG00000132718	583	300	283
ENSG00000283442	0	0	0
ENSG00000143622	437	200	237
ENSG00000132680	562	276	286
ENSG00000207475	3	0	3
ENSG00000280466	0	0	0
ENSG00000281394	0	0	0
ENSG00000277817	2	2	0
ENSG00000273002	13	8	5
ENSG00000224276	2	1	1
ENSG00000285677	2	288	440
ENSG00000163479	2435	1589	1567
ENSG00000160803	485	263	223
ENSG00000132698	1329	651	678
ENSG00000252236	3	1	2
ENSG00000260238	0	0	0
ENSG00000242252	5	2	3
ENSG00000198952	1298	643	655
ENSG00000163472	98	174	155
ENSG00000163468	3217	1576	1641
ENSG00000132677	2	1	1
ENSG00000237390	1	1	0
ENSG00000207933	0	0	0
ENSG00000254726	80	35	45
ENSG00000186377	109	64	45
ENSG00000186160	0	0	0
ENSG00000225154	0	0	0
ENSG00000225506	6	4	2
ENSG00000225514	0	0	0
ENSG00000224805	4	2	6
ENSG00000162366	1254	649	605
ENSG00000226252	10	6	11
ENSG00000225762	8	6	2
ENSG00000186790	2	2	0
ENSG00000237424	132	54	78
ENSG00000189030	0	0	0
ENSG00000162763	0	0	0
ENSG00000143061	220	117	103
ENSG00000135821	4976	2449	2527
ENSG00000203740	0	0	0
ENSG00000162374	28	15	13
ENSG00000168275	300	178	201
ENSG00000241563	5	2	3
ENSG00000153207	605	292	313
ENSG00000156869	108	39	69
ENSG00000033122	14	6	8
ENSG00000143278	0	0	0
ENSG00000116678	279	149	130
ENSG00000159352	1707	832	875
ENSG00000158710	7567	3776	3791
ENSG00000162734	2232	1131	1192
ENSG00000049239	1567	743	824
ENSG00000186564	112	53	59
ENSG00000244038	2848	1436	1412
ENSG00000158747	4674	2202	2472
ENSG00000116690	6	122	48
ENSG00000126091	39	22	17
ENSG00000162383	52	22	30
ENSG00000171163	867	425	442
ENSG00000172456	221	120	101
ENSG00000162946	104	49	55
ENSG00000158786	5	3	2
ENSG00000118733	0	0	0
ENSG00000157870	867	539	592
ENSG00000179085	487	246	241
ENSG00000173080	57	25	32
ENSG00000183347	0	0	0
ENSG00000276470	0	0	0
ENSG00000278852	0	0	0
ENSG00000275915	0	0	0
ENSG00000120937	0	0	0
ENSG00000224904	0	0	0
ENSG00000285646	94	41	53
ENSG00000199347	0	0	0
ENSG00000201801	15	14	1
ENSG00000116685	1037	511	526
ENSG00000083444	1386	705	681
ENSG00000287384	0	0	0
ENSG00000270914	0	0	0
ENSG00000116691	524	263	261
ENSG00000202461	0	0	0
ENSG00000276869	0	0	0
ENSG00000243539	0	0	0
ENSG00000120949	12	7	5
ENSG00000201135	0	0	0
ENSG00000227875	0	0	0
ENSG00000285604	0	0	0
ENSG00000283789	0	0	0
ENSG00000263676	2	0	2
ENSG00000200591	0	0	0
ENSG00000162521	926	811	771
ENSG00000162520	39	352	343
ENSG00000224409	2	2	0
ENSG00000162522	1841	903	938
ENSG00000116497	453	259	197
ENSG00000160097	20	14	6
ENSG00000121905	5	303	286
ENSG00000121900	1238	928	894
ENSG00000287691	6	2	5
ENSG00000278966	1	0	1
ENSG00000143222	1562	947	938
ENSG00000224985	14	76	261
ENSG00000143224	263	150	167
ENSG00000158850	617	308	361
ENSG00000158859	1966	1044	923
ENSG00000158869	267	123	144
ENSG00000158874	0	0	0
ENSG00000158882	159	112	164
ENSG00000284035	0	0	0
ENSG00000143257	2	78	41
ENSG00000248485	4	0	4
ENSG00000188931	30	16	17
ENSG00000236484	1	1	0
ENSG00000283696	10	5	5
ENSG00000288093	5	1	4
ENSG00000206921	0	0	0
ENSG00000215840	3	2	2
ENSG00000277882	0	0	0
ENSG00000283317	7	1	6
ENSG00000277762	0	0	0
ENSG00000227139	0	0	0
ENSG00000265107	285	191	198
ENSG00000274415	0	52	52
ENSG00000234190	0	0	0
ENSG00000223728	3	1	2
ENSG00000121634	0	0	0
ENSG00000188092	82	40	42
ENSG00000215859	7	8	3
ENSG00000273059	0	0	4
ENSG00000274372	2	0	2
ENSG00000206791	0	0	0
ENSG00000206585	8	1	7
ENSG00000229828	0	0	0
ENSG00000225080	1	0	1
ENSG00000198658	1	0	1
ENSG00000238382	0	0	0
ENSG00000225919	0	0	0
ENSG00000236497	0	0	0
ENSG00000207190	0	0	0
ENSG00000200508	0	0	0
ENSG00000284928	2	0	2
ENSG00000223949	2	1	1
ENSG00000116688	1123	537	586
ENSG00000188800	0	0	0
ENSG00000084073	662	318	344
ENSG00000231296	0	0	0
ENSG00000049089	362	180	182
ENSG00000227311	1	0	1
ENSG00000213172	0	0	0
ENSG00000284677	0	0	0
ENSG00000187801	36	15	21
ENSG00000260920	27	15	12
ENSG00000158887	348	190	158
ENSG00000255054	0	0	0
ENSG00000228172	8	174	220
ENSG00000117640	615	380	406
ENSG00000272478	0	0	0
ENSG00000127423	43	23	23
ENSG00000182749	173	93	119
ENSG00000207302	0	0	0
ENSG00000117632	2363	1073	1290
ENSG00000229786	1	0	1
ENSG00000223624	2	1	1
ENSG00000283938	0	0	0
ENSG00000199385	0	0	0
ENSG00000187147	755	577	493
ENSG00000263381	0	0	0
ENSG00000126106	172	208	279
ENSG00000198520	34	14	20
ENSG00000199377	18	13	5
ENSG00000200169	20	15	5
ENSG00000142945	259	140	142
ENSG00000142937	23747	12543	12893
ENSG00000264294	0	0	0
ENSG00000200913	10	5	5
ENSG00000202031	4	0	4
ENSG00000207421	0	0	0
ENSG00000281859	0	0	0
ENSG00000234093	8	5	3
ENSG00000142959	51	30	21
ENSG00000173846	1100	554	606
ENSG00000117425	121	56	65
ENSG00000202444	0	0	0
ENSG00000226499	0	0	0
ENSG00000070785	391	214	177
ENSG00000253039	0	0	0
ENSG00000229815	0	0	0
ENSG00000232369	0	0	0
ENSG00000268949	0	0	0
ENSG00000126107	1060	495	584
ENSG00000126088	672	339	353
ENSG00000234315	0	0	0
ENSG00000162408	537	269	268
ENSG00000229519	5	5	0
ENSG00000173662	4	1	3
ENSG00000204859	551	279	272
ENSG00000288629	0	0	0
ENSG00000230735	0	0	1
ENSG00000171488	357	174	183
ENSG00000226394	0	0	0
ENSG00000237200	1	1	0
ENSG00000070886	0	0	0
ENSG00000276835	0	0	0
ENSG00000265422	0	0	0
ENSG00000223776	1	2	11
ENSG00000273058	19	8	11
ENSG00000230325	1	4	6
ENSG00000119285	359	380	354
ENSG00000226498	2	2	0
ENSG00000237991	0	0	0
ENSG00000244020	0	0	0
ENSG00000288099	0	0	0
ENSG00000225886	14	7	7
ENSG00000206767	0	0	0
ENSG00000226662	0	0	0
ENSG00000207095	0	0	0
ENSG00000287244	6	4	2
ENSG00000231344	5	2	3
ENSG00000230833	2	0	2
ENSG00000117758	861	417	444
ENSG00000269971	11	5	6
ENSG00000270031	2	0	2
ENSG00000223062	0	0	0
ENSG00000286433	0	1	17
ENSG00000117751	509	282	245
ENSG00000252947	0	0	0
ENSG00000130775	413	212	202
ENSG00000117748	626	299	328
ENSG00000223643	0	0	0
ENSG00000230239	0	0	0
ENSG00000263811	0	0	0
ENSG00000277234	0	0	0
ENSG00000235241	0	27	49
ENSG00000207005	4	0	4
ENSG00000272426	20	10	10
ENSG00000117122	144	108	73
ENSG00000286898	0	10	27
ENSG00000226526	0	11	9
ENSG00000159363	511	274	248
ENSG00000117118	1288	600	688
ENSG00000117115	419	224	195
ENSG00000204362	0	0	0
ENSG00000282843	0	0	0
ENSG00000142623	4	2	2
ENSG00000142619	1	0	1
ENSG00000266634	0	0	0
ENSG00000199459	2	0	2
ENSG00000273264	1	0	1
ENSG00000282057	6	2	4
ENSG00000272691	4	3	1
ENSG00000199934	0	0	0
ENSG00000230285	0	0	0
ENSG00000142871	14482	7126	7356
ENSG00000226643	0	0	0
ENSG00000234419	0	0	0
ENSG00000276997	4	1	3
ENSG00000222399	0	0	0
ENSG00000267305	0	0	0
ENSG00000143512	2	0	2
ENSG00000143498	59	18	45
ENSG00000225265	19	12	11
ENSG00000154305	570	347	354
ENSG00000229399	2	0	2
ENSG00000272750	12	76	66
ENSG00000186063	190	86	111
ENSG00000162819	614	292	328
ENSG00000287684	13	10	8
ENSG00000234523	0	0	0
ENSG00000287338	12	10	2
ENSG00000187554	30	12	18
ENSG00000236846	0	0	0
ENSG00000226601	0	0	0
ENSG00000164010	151	99	129
ENSG00000164011	101	45	56
ENSG00000233708	0	0	0
ENSG00000237090	0	0	0
ENSG00000225099	0	0	0
ENSG00000284138	1	1	0
ENSG00000283973	0	2	4
ENSG00000207256	0	0	0
ENSG00000283136	0	0	0
ENSG00000277513	0	0	0
ENSG00000154309	165	81	84
ENSG00000226967	0	0	0
ENSG00000231407	2	4	0
ENSG00000229570	0	0	0
ENSG00000203857	0	0	0
ENSG00000226443	0	0	0
ENSG00000249798	0	0	0
ENSG00000239873	0	0	0
ENSG00000203855	0	0	0
ENSG00000240244	0	0	0
ENSG00000260941	9	7	2
ENSG00000198857	6	6	0
ENSG00000143067	140	70	70
ENSG00000134240	1114	550	564
ENSG00000134193	17078	8753	8325
ENSG00000215864	15	10	5
ENSG00000227205	0	0	0
ENSG00000226446	0	0	0
ENSG00000134249	0	0	0
ENSG00000092621	191	105	86
ENSG00000027644	5	3	2
ENSG00000241992	0	0	0
ENSG00000234226	0	0	0
ENSG00000137970	124	20	104
ENSG00000223229	0	0	0
ENSG00000285698	0	0	0
ENSG00000228035	2	1	1
ENSG00000287103	0	0	0
ENSG00000226973	0	0	0
ENSG00000274468	0	0	0
ENSG00000130764	716	385	368
ENSG00000266075	0	0	0
ENSG00000272153	7	25	19
ENSG00000230026	0	0	0
ENSG00000285177	0	0	0
ENSG00000284770	36	97	83
ENSG00000229795	0	0	0
ENSG00000238236	0	0	0
ENSG00000235638	0	0	0
ENSG00000231199	0	0	0
ENSG00000226663	0	0	0
ENSG00000231582	0	0	0
ENSG00000232714	0	0	0
ENSG00000235761	0	0	0
ENSG00000270710	0	0	0
ENSG00000227236	1	0	1
ENSG00000198837	735	401	364
ENSG00000160741	774	369	405
ENSG00000276584	0	0	0
ENSG00000282386	14	4	10
ENSG00000273026	7	2	5
ENSG00000143578	269	152	155
ENSG00000143543	407	81	355
ENSG00000285641	0	4	3
ENSG00000143545	525	211	314
ENSG00000177954	17099	8874	8225
ENSG00000231416	6	6	0
ENSG00000200220	0	0	0
ENSG00000231837	0	0	0
ENSG00000263987	0	0	0
ENSG00000162642	341	169	172
ENSG00000223254	9	4	5
ENSG00000223653	11	9	26
ENSG00000116198	446	214	232
ENSG00000169598	161	89	72
ENSG00000226653	0	0	0
ENSG00000207209	0	0	0
ENSG00000272443	5	0	5
ENSG00000272480	0	0	0
ENSG00000288626	0	0	0
ENSG00000162836	390	184	206
ENSG00000207080	0	0	0
ENSG00000231791	0	0	0
ENSG00000244568	0	0	0
ENSG00000271387	1	1	0
ENSG00000116667	1505	740	765
ENSG00000230470	0	0	0
ENSG00000232036	0	0	0
ENSG00000285847	5	2	5
ENSG00000286378	3	3	2
ENSG00000215381	0	0	0
ENSG00000261326	67	33	34
ENSG00000284726	3	1	2
ENSG00000125945	181	96	90
ENSG00000201405	0	0	0
ENSG00000271420	11	4	7
ENSG00000204219	1029	487	542
ENSG00000232482	0	0	0
ENSG00000285779	0	0	0
ENSG00000162885	407	402	377
ENSG00000270780	2	0	2
ENSG00000232895	0	0	0
ENSG00000273698	0	0	0
ENSG00000273112	0	0	0
ENSG00000173110	870	425	445
ENSG00000224203	0	0	0
ENSG00000224515	0	0	0
ENSG00000225217	142	73	69
ENSG00000231586	0	0	0
ENSG00000234211	0	2	11
ENSG00000213075	0	0	0
ENSG00000143125	0	0	0
ENSG00000270380	0	0	0
ENSG00000282887	0	0	0
ENSG00000283999	0	0	0
ENSG00000240194	0	0	1
ENSG00000235407	0	1	0
ENSG00000143105	0	0	0
ENSG00000199710	0	0	0
ENSG00000237415	0	0	0
ENSG00000232791	0	0	0
ENSG00000177301	31	14	17
ENSG00000226828	4	1	3
ENSG00000279774	1	0	1
ENSG00000229960	3	3	0
ENSG00000286486	4	4	0
ENSG00000244066	0	0	0
ENSG00000237759	0	0	0
ENSG00000287531	0	0	0
ENSG00000225855	87	764	682
ENSG00000283701	0	0	0
ENSG00000207134	0	0	0
ENSG00000227773	0	0	0
ENSG00000207144	0	0	0
ENSG00000237872	2	1	1
ENSG00000271267	6	5	1
ENSG00000225082	0	0	0
ENSG00000223503	1	1	0
ENSG00000232519	2	1	2
ENSG00000160752	884	1096	1129
ENSG00000121957	245	402	372
ENSG00000235089	0	0	0
ENSG00000285179	0	0	0
ENSG00000223026	0	0	0
ENSG00000225721	1	24	1691
ENSG00000188396	56	78	39
ENSG00000202167	0	0	0
ENSG00000207349	0	0	0
ENSG00000252826	0	0	0
ENSG00000206737	0	0	0
ENSG00000223779	0	0	0
ENSG00000242352	0	0	0
ENSG00000270962	0	0	0
ENSG00000263590	0	0	0
ENSG00000252105	0	0	0
ENSG00000233430	0	0	0
ENSG00000237503	0	0	0
ENSG00000265531	7	1	6
ENSG00000234571	0	0	0
ENSG00000230186	0	0	0
ENSG00000268074	0	0	0
ENSG00000270872	0	0	0
ENSG00000276674	0	0	0
ENSG00000082482	7	6	1
ENSG00000116747	179	127	142
ENSG00000118729	41	14	27
ENSG00000134207	2	2	0
ENSG00000163467	3	0	3
ENSG00000243710	2	2	1
ENSG00000117395	835	411	427
ENSG00000116874	196	101	121
ENSG00000065600	132	64	68
ENSG00000009780	227	116	111
ENSG00000023572	309	209	181
ENSG00000077254	695	344	351
ENSG00000134644	947	462	485
ENSG00000215788	728	427	385
ENSG00000117834	230	129	122
ENSG00000117625	484	230	254
ENSG00000179902	6	4	3
ENSG00000020633	147	69	78
ENSG00000121766	508	298	327
ENSG00000143157	422	216	206
ENSG00000162614	507	236	280
ENSG00000160781	132	73	60
ENSG00000143344	291	139	152
ENSG00000162613	1093	544	549
ENSG00000116882	3	1	2
ENSG00000198758	2480	1217	1263
ENSG00000117569	436	231	205
ENSG00000142856	244	154	134
ENSG00000158022	3	2	1
ENSG00000116396	172	93	79
ENSG00000058668	1169	607	562
ENSG00000163875	702	339	363
ENSG00000282872	0	0	0
ENSG00000131238	1354	664	690
ENSG00000171680	728	408	320
ENSG00000244457	0	0	0
ENSG00000116977	555	525	462
ENSG00000229372	0	40	45
ENSG00000274975	0	0	1
ENSG00000229348	1	0	1
ENSG00000242485	1052	634	622
ENSG00000264293	0	0	0
ENSG00000272455	27	9	18
ENSG00000225905	1	1	0
ENSG00000225285	32	18	14
ENSG00000179403	1263	626	637
ENSG00000215915	48	24	24
ENSG00000236085	0	0	0
ENSG00000234441	0	0	0
ENSG00000227408	0	0	0
ENSG00000223635	3	0	3
ENSG00000135776	284	147	137
ENSG00000199672	3	0	3
ENSG00000201492	1	1	0
ENSG00000229367	0	0	0
ENSG00000135763	132	58	74
ENSG00000213028	1	1	0
ENSG00000225984	0	0	0
ENSG00000178828	393	272	268
ENSG00000235434	6	68	85
ENSG00000169914	220	109	111
ENSG00000188784	0	0	0
ENSG00000242688	0	0	0
ENSG00000177186	0	0	0
ENSG00000177174	0	0	0
ENSG00000269956	1	33	23
ENSG00000162456	1	0	1
ENSG00000079277	620	318	357
ENSG00000117407	15	4	11
ENSG00000237950	34	10	24
ENSG00000117408	378	213	165
ENSG00000285649	1	22	20
ENSG00000117410	1721	866	855
ENSG00000159214	238	122	145
ENSG00000196517	78	63	44
ENSG00000227163	0	0	0
ENSG00000271647	0	1	1
ENSG00000239560	0	0	0
ENSG00000196539	0	0	0
ENSG00000229255	1	0	1
ENSG00000203661	0	0	0
ENSG00000271934	0	0	0
ENSG00000224521	0	0	0
ENSG00000227102	0	0	0
ENSG00000183310	0	0	0
ENSG00000201602	0	0	0
ENSG00000271701	0	0	0
ENSG00000189181	0	0	0
ENSG00000187238	0	0	0
ENSG00000185962	0	0	0
ENSG00000226947	0	0	0
ENSG00000285753	0	0	0
ENSG00000187223	0	0	0
ENSG00000159455	0	0	0
ENSG00000187173	0	0	0
ENSG00000204501	0	0	0
ENSG00000228229	0	0	0
ENSG00000204481	0	0	0
ENSG00000204479	0	0	0
ENSG00000172031	97	49	48
ENSG00000233228	0	0	0
ENSG00000224678	2	0	2
ENSG00000233401	0	0	0
ENSG00000273487	1	0	1
ENSG00000226773	0	0	0
ENSG00000274481	0	0	0
ENSG00000228594	25	12	13
ENSG00000286989	1	0	1
ENSG00000272106	71	41	53
ENSG00000189409	22	14	8
ENSG00000272004	0	51	61
ENSG00000189339	814	428	498
ENSG00000269737	47	20	27
ENSG00000215914	2	0	2
ENSG00000008128	59	36	23
ENSG00000268575	13	13	9
ENSG00000227775	14	10	13
ENSG00000008130	938	490	448
ENSG00000078369	4824	2389	2435
ENSG00000178821	35	19	16
ENSG00000158477	4	4	0
ENSG00000230942	0	0	0
ENSG00000158481	71	33	38
ENSG00000158485	2	1	1
ENSG00000158488	7	3	4
ENSG00000186306	0	0	0
ENSG00000203758	0	0	0
ENSG00000236257	3	1	2
ENSG00000236656	0	0	0
ENSG00000198703	0	0	0
ENSG00000227445	0	0	0
ENSG00000231434	1	0	1
ENSG00000117505	780	412	378
ENSG00000229635	1	1	0
ENSG00000207379	0	0	0
ENSG00000212601	0	0	0
ENSG00000162889	2027	1014	1013
ENSG00000224114	13	3	10
ENSG00000199349	1	0	1
ENSG00000162892	11	23	27
ENSG00000162894	168	95	112
ENSG00000271680	1	0	1
ENSG00000226945	0	0	0
ENSG00000162896	31405	15545	15860
ENSG00000162897	36	22	14
ENSG00000182795	456	215	241
ENSG00000198890	216	118	98
ENSG00000224550	0	0	0
ENSG00000142669	2164	1487	1526
ENSG00000169442	276	255	178
ENSG00000225854	0	0	0
ENSG00000176083	4	1	3
ENSG00000229167	19	6	13
ENSG00000142910	2373	1205	1168
ENSG00000162517	831	495	420
ENSG00000235790	29	76	102
ENSG00000264078	0	0	0
ENSG00000241745	0	0	0
ENSG00000228407	4	3	1
ENSG00000223429	0	0	0
ENSG00000224255	0	0	0
ENSG00000236004	0	0	0
ENSG00000237663	0	0	0
ENSG00000213735	1	1	0
ENSG00000272100	3	30	33
ENSG00000287078	1	1	0
ENSG00000224680	0	0	0
ENSG00000085840	79	36	43
ENSG00000283445	14	8	6
ENSG00000272226	1	1	0
ENSG00000231740	0	0	0
ENSG00000143751	265	124	141
ENSG00000272562	6	5	3
ENSG00000163041	248	159	91
ENSG00000225518	12	4	8
ENSG00000270598	0	0	0
ENSG00000182827	591	312	319
ENSG00000234478	2	22	20
ENSG00000223570	0	0	0
ENSG00000185155	7	3	4
ENSG00000236773	1	0	1
ENSG00000143753	907	434	473
ENSG00000201898	0	0	0
ENSG00000237101	7	51	37
ENSG00000143748	314	204	191
ENSG00000221406	0	0	0
ENSG00000229742	0	0	0
ENSG00000206887	0	0	0
ENSG00000143771	552	280	272
ENSG00000266618	0	0	0
ENSG00000229991	0	0	0
ENSG00000233384	0	0	0
ENSG00000234247	