N_unmapped	512851	512851	512851
N_multimapping	3308678	3308678	3308678
N_noFeature	994772	9705472	9693767
N_ambiguous	1433777	449735	397480
ENSG00000160072	546	260	286
ENSG00000234396	0	0	1
ENSG00000225972	24	7	17
ENSG00000224315	1	0	1
ENSG00000198744	63	34	29
ENSG00000279928	2	0	2
ENSG00000228037	24	9	15
ENSG00000142611	22	12	10
ENSG00000225630	2010	1302	708
ENSG00000284616	0	0	0
ENSG00000157911	42	169	154
ENSG00000269896	14	9	5
ENSG00000237973	316	177	182
ENSG00000228463	1	1	0
ENSG00000260972	0	0	0
ENSG00000157933	594	292	302
ENSG00000224340	0	0	0
ENSG00000226545	1	1	0
ENSG00000268663	0	0	0
ENSG00000226374	0	0	1
ENSG00000229280	1	1	0
ENSG00000142655	143	65	84
ENSG00000232596	0	0	0
ENSG00000235054	0	0	0
ENSG00000232663	0	0	0
ENSG00000240409	1	1	0
ENSG00000229344	37	24	20
ENSG00000231510	0	0	0
ENSG00000149527	97	47	50
ENSG00000284739	0	0	0
ENSG00000171621	412	210	202
ENSG00000272235	6	2	4
ENSG00000284694	0	0	0
ENSG00000230021	0	6	9
ENSG00000287356	18	15	6
ENSG00000224387	0	0	0
ENSG00000285629	0	0	0
ENSG00000173673	0	0	0
ENSG00000142583	212	84	128
ENSG00000284674	1	0	1
ENSG00000272161	0	0	0
ENSG00000237094	2	1	1
ENSG00000224338	0	0	0
ENSG00000074800	4563	2326	2237
ENSG00000116786	702	423	356
ENSG00000287727	0	0	0
ENSG00000228423	0	0	0
ENSG00000286448	0	0	0
ENSG00000131686	0	2	0
ENSG00000229305	0	0	0
ENSG00000284703	0	0	0
ENSG00000226457	0	0	0
ENSG00000173614	66	31	35
ENSG00000248527	22565	13981	8584
ENSG00000215720	0	0	0
ENSG00000241326	0	0	0
ENSG00000233623	1	0	1
ENSG00000162592	0	2	2
ENSG00000116254	0	0	0
ENSG00000233645	0	0	0
ENSG00000204624	9	2	7
ENSG00000142606	6	33	53
ENSG00000235146	0	0	0
ENSG00000225931	7	7	0
ENSG00000171729	103	42	63
ENSG00000279457	39	24	15
ENSG00000162571	15	8	10
ENSG00000229393	0	0	0
ENSG00000037637	196	98	98
ENSG00000287586	0	0	0
ENSG00000159423	83	36	47
ENSG00000142599	585	227	358
ENSG00000227169	0	0	0
ENSG00000283356	0	0	0
ENSG00000011021	167	74	102
ENSG00000142615	3	1	2
ENSG00000215704	4	3	3
ENSG00000157916	614	461	434
ENSG00000157881	165	84	81
ENSG00000238290	7	6	1
ENSG00000225387	0	0	0
ENSG00000048707	249	125	124
ENSG00000158748	5	4	1
ENSG00000225196	0	0	0
ENSG00000162444	7	3	4
ENSG00000279625	0	0	0
ENSG00000180758	79	43	36
ENSG00000184677	298	157	141
ENSG00000230679	3	0	3
ENSG00000270136	0	0	0
ENSG00000288398	29	13	16
ENSG00000224621	0	0	0
ENSG00000285833	0	0	0
ENSG00000131697	86	44	42
ENSG00000284692	0	0	0
ENSG00000284745	2	2	0
ENSG00000280222	0	0	0
ENSG00000227634	0	0	0
ENSG00000285945	0	0	0
ENSG00000229162	11	4	7
ENSG00000197921	19	10	10
ENSG00000233755	0	0	0
ENSG00000233929	2	1	1
ENSG00000271742	0	0	0
ENSG00000226396	174	56	118
ENSG00000169504	453	219	234
ENSG00000234166	0	22	20
ENSG00000235282	0	0	0
ENSG00000055070	729	471	454
ENSG00000175087	102	57	45
ENSG00000157191	702	322	380
ENSG00000284699	1	0	1
ENSG00000230035	0	0	0
ENSG00000235185	0	0	0
ENSG00000225643	0	0	0
ENSG00000284666	0	0	0
ENSG00000228943	0	0	0
ENSG00000234397	0	0	0
ENSG00000284309	1	1	0
ENSG00000162511	3108	3458	3340
ENSG00000158014	56	32	24
ENSG00000204138	303	136	167
ENSG00000233419	0	0	0
ENSG00000235263	0	0	0
ENSG00000228176	0	0	0
ENSG00000231251	0	0	0
ENSG00000142675	372	173	199
ENSG00000197245	1	1	0
ENSG00000261025	0	0	0
ENSG00000116237	199	110	104
ENSG00000130772	123	54	69
ENSG00000215899	0	0	0
ENSG00000271398	7	3	4
ENSG00000225011	0	0	0
ENSG00000235069	0	0	0
ENSG00000284676	0	0	0
ENSG00000237058	0	0	0
ENSG00000233399	2	0	2
ENSG00000090020	1342	692	650
ENSG00000157978	223	118	105
ENSG00000226944	7	3	5
ENSG00000270282	1	0	1
ENSG00000130770	842	567	725
ENSG00000229044	1	17	11
ENSG00000162512	53	28	25
ENSG00000158006	117	53	64
ENSG00000214812	0	0	0
ENSG00000126698	701	409	292
ENSG00000229447	1	0	1
ENSG00000229607	0	0	0
ENSG00000130766	849	419	430
ENSG00000168528	330	162	168
ENSG00000196581	2	2	0
ENSG00000169403	285	153	132
ENSG00000084628	5	1	4
ENSG00000060688	246	108	138
ENSG00000171612	436	209	227
ENSG00000270927	0	0	0
ENSG00000188910	39	14	25
ENSG00000230523	0	0	0
ENSG00000116138	105	61	71
ENSG00000158161	177	85	92
ENSG00000142684	0	274	324
ENSG00000234619	0	0	0
ENSG00000121769	21	10	11
ENSG00000142627	928	485	443
ENSG00000284668	0	0	0
ENSG00000233234	0	0	0
ENSG00000142632	109	80	71
ENSG00000234593	0	0	0
ENSG00000158292	79	37	42
ENSG00000270605	36	20	18
ENSG00000189337	12	14	23
ENSG00000232912	8	3	5
ENSG00000235084	2	0	2
ENSG00000235143	0	0	0
ENSG00000225478	0	0	0
ENSG00000225077	2	1	1
ENSG00000028137	711	342	369
ENSG00000238249	2	0	2
ENSG00000204464	0	0	0
ENSG00000233372	0	0	0
ENSG00000283259	0	0	0
ENSG00000284543	20	16	4
ENSG00000130939	224	121	103
ENSG00000175147	16	25	18
ENSG00000127472	1	1	0
ENSG00000060656	10	3	7
ENSG00000163867	156	75	81
ENSG00000232768	3	0	3
ENSG00000230214	0	0	0
ENSG00000189280	0	0	0
ENSG00000134698	134	67	67
ENSG00000134690	102	55	47
ENSG00000272420	1	0	1
ENSG00000132881	9	5	4
ENSG00000273274	2	2	0
ENSG00000116251	1224	561	669
ENSG00000272510	0	5	2
ENSG00000158286	83	57	48
ENSG00000236648	1	0	1
ENSG00000232273	3	1	2
ENSG00000009709	0	0	0
ENSG00000287396	0	0	0
ENSG00000223589	0	0	0
ENSG00000158008	1	0	1
ENSG00000130940	146	184	156
ENSG00000116771	148	77	91
ENSG00000237301	4	4	0
ENSG00000162585	370	287	300
ENSG00000163879	27	35	16
ENSG00000227527	2	1	1
ENSG00000116954	238	121	117
ENSG00000228589	14	14	0
ENSG00000163873	0	0	0
ENSG00000117215	37	19	18
ENSG00000196449	202	100	121
ENSG00000230163	0	4	4
ENSG00000227538	0	0	0
ENSG00000232208	0	0	0
ENSG00000236500	0	0	0
ENSG00000044012	2	2	0
ENSG00000179051	407	299	330
ENSG00000215895	2	2	0
ENSG00000231868	1	1	0
ENSG00000284650	0	0	0
ENSG00000237329	0	0	0
ENSG00000236948	0	0	0
ENSG00000126067	741	348	393
ENSG00000274944	0	0	0
ENSG00000132906	316	148	170
ENSG00000197312	131	63	68
ENSG00000284748	1	1	0
ENSG00000272078	64	131	127
ENSG00000173660	1465	659	806
ENSG00000224592	0	0	0
ENSG00000233728	0	12	14
ENSG00000230451	0	0	0
ENSG00000231606	0	0	0
ENSG00000215900	1	1	0
ENSG00000284632	0	0	0
ENSG00000241014	0	0	0
ENSG00000054118	684	347	337
ENSG00000254553	1	0	1
ENSG00000284653	0	0	0
ENSG00000237749	1	0	1
ENSG00000276747	0	0	0
ENSG00000284705	0	0	0
ENSG00000228776	0	0	0
ENSG00000159339	9	5	4
ENSG00000223814	0	0	0
ENSG00000197982	214	75	158
ENSG00000261781	0	0	0
ENSG00000183317	90	44	46
ENSG00000183386	149	80	69
ENSG00000284743	0	0	0
ENSG00000158315	7	9	1
ENSG00000204084	204	137	159
ENSG00000186973	2	0	2
ENSG00000271806	1	4	5
ENSG00000146463	154	85	78
ENSG00000279214	0	0	0
ENSG00000183520	356	179	177
ENSG00000271741	0	0	0
ENSG00000214141	0	0	0
ENSG00000142686	109	55	54
ENSG00000224751	3	2	1
ENSG00000279096	0	0	0
ENSG00000117148	1	0	1
ENSG00000230585	0	0	0
ENSG00000117000	380	218	162
ENSG00000284989	0	0	0
ENSG00000231630	0	0	0
ENSG00000092853	31	16	16
ENSG00000255811	0	0	0
ENSG00000134697	798	390	432
ENSG00000187513	7	3	4
ENSG00000238145	0	0	0
ENSG00000225142	0	0	0
ENSG00000230138	2	2	0
ENSG00000223390	0	5	14
ENSG00000285823	3	3	0
ENSG00000284720	0	0	0
ENSG00000225028	0	0	0
ENSG00000225671	0	0	0
ENSG00000116151	36	23	16
ENSG00000226147	0	0	0
ENSG00000182873	22	15	9
ENSG00000006555	66	27	39
ENSG00000236111	1	0	1
ENSG00000066056	88	46	42
ENSG00000214114	132	58	74
ENSG00000173436	244	59	191
ENSG00000116544	27	12	15
ENSG00000231900	0	0	0
ENSG00000236723	1	24	42
ENSG00000232467	0	0	0
ENSG00000117016	32	23	9
ENSG00000121310	641	330	311
ENSG00000169213	19	11	8
ENSG00000163866	317	154	171
ENSG00000225779	1	1	0
ENSG00000284601	1	1	0
ENSG00000237130	0	0	0
ENSG00000143001	12	14	23
ENSG00000229716	0	0	0
ENSG00000226133	0	0	0
ENSG00000227416	0	0	0
ENSG00000232335	0	1	0
ENSG00000260971	0	0	0
ENSG00000259832	0	0	0
ENSG00000284696	1	0	1
ENSG00000238242	0	0	0
ENSG00000285839	0	0	0
ENSG00000237290	0	0	0
ENSG00000232762	0	0	0
ENSG00000117419	227	118	109
ENSG00000162384	251	142	137
ENSG00000162391	30	74	80
ENSG00000174348	32	23	26
ENSG00000154198	0	0	0
ENSG00000117859	351	181	187
ENSG00000228121	0	0	0
ENSG00000253313	65	28	37
ENSG00000162396	22	12	10
ENSG00000203995	13	7	6
ENSG00000227742	2	3	2
ENSG00000284686	0	0	0
ENSG00000162378	72	37	35
ENSG00000233079	0	0	0
ENSG00000259818	2	1	1
ENSG00000229444	0	0	0
ENSG00000240563	4	3	1
ENSG00000234318	0	0	0
ENSG00000284773	5	4	1
ENSG00000234481	0	0	0
ENSG00000117862	23	13	10
ENSG00000235612	0	0	0
ENSG00000228369	1	1	0
ENSG00000183431	509	254	255
ENSG00000227485	0	0	0
ENSG00000224609	9	4	8
ENSG00000235545	0	0	0
ENSG00000236646	0	0	0
ENSG00000169174	120	52	68
ENSG00000232198	0	0	0
ENSG00000238063	2	0	2
ENSG00000227104	0	0	0
ENSG00000243725	9	4	5
ENSG00000171872	0	0	0
ENSG00000162407	62	28	34
ENSG00000285079	3	2	1
ENSG00000169218	2	2	0
ENSG00000163877	349	179	170
ENSG00000228929	11	6	5
ENSG00000224570	0	0	0
ENSG00000224980	0	0	0
ENSG00000278967	0	0	0
ENSG00000157184	51	87	57
ENSG00000272491	1	2	0
ENSG00000198815	321	158	163
ENSG00000134744	181	80	103
ENSG00000233910	0	0	0
ENSG00000287703	0	0	0
ENSG00000283039	0	0	0
ENSG00000229032	0	0	0
ENSG00000229294	0	0	0
ENSG00000232993	0	11	6
ENSG00000234088	0	0	0
ENSG00000236973	0	0	0
ENSG00000227947	0	0	0
ENSG00000277397	0	0	0
ENSG00000271200	10	2	10
ENSG00000235446	0	0	0
ENSG00000261196	0	0	0
ENSG00000162385	563	253	311
ENSG00000231413	0	0	0
ENSG00000234264	0	0	0
ENSG00000242391	0	0	0
ENSG00000223883	0	0	0
ENSG00000284808	0	0	0
ENSG00000242267	0	0	0
ENSG00000237227	0	0	0
ENSG00000275350	0	0	0
ENSG00000116652	2	2	2
ENSG00000123080	225	111	131
ENSG00000285778	0	0	0
ENSG00000077549	1578	815	769
ENSG00000233407	0	0	0
ENSG00000225675	1	0	1
ENSG00000237622	0	0	0
ENSG00000162598	0	0	0
ENSG00000280317	0	0	0
ENSG00000162415	35	16	20
ENSG00000162600	90	32	58
ENSG00000116704	118	67	51
ENSG00000227644	0	0	0
ENSG00000157193	23	27	27
ENSG00000116205	39	25	16
ENSG00000198841	105	51	54
ENSG00000116212	135	66	69
ENSG00000234204	0	0	0
ENSG00000233099	0	0	0
ENSG00000233994	0	0	0
ENSG00000237180	0	0	0
ENSG00000213561	2	2	0
ENSG00000233973	0	0	0
ENSG00000237552	0	0	0
ENSG00000132854	7	4	3
ENSG00000227556	0	0	0
ENSG00000162616	1069	570	499
ENSG00000162607	238	116	122
ENSG00000233602	1	0	1
ENSG00000233271	0	19	6
ENSG00000285954	0	0	0
ENSG00000233333	0	0	0
ENSG00000154027	8	7	1
ENSG00000234108	0	0	0
ENSG00000232676	0	0	0
ENSG00000225167	0	0	0
ENSG00000132122	17	7	10
ENSG00000213579	0	0	0
ENSG00000137960	125	53	72
ENSG00000237852	1	0	1
ENSG00000116745	0	0	0
ENSG00000132855	0	0	0
ENSG00000285407	0	0	0
ENSG00000272855	0	0	0
ENSG00000270549	0	0	0
ENSG00000237163	0	0	0
ENSG00000229636	0	0	0
ENSG00000116675	4	2	2
ENSG00000162433	10	6	4
ENSG00000213625	189	87	102
ENSG00000227207	0	0	0
ENSG00000227016	0	0	0
ENSG00000233664	0	0	0
ENSG00000158966	18	8	10
ENSG00000213703	0	0	0
ENSG00000203965	49	24	25
ENSG00000223479	0	0	0
ENSG00000233674	1	1	0
ENSG00000153898	120	62	58
ENSG00000117069	4	1	3
ENSG00000125703	83	49	34
ENSG00000285041	0	0	0
ENSG00000285808	0	0	0
ENSG00000229440	0	0	0
ENSG00000234144	0	0	0
ENSG00000213540	0	0	0
ENSG00000277670	0	0	0
ENSG00000227466	0	0	0
ENSG00000154007	0	0	0
ENSG00000230498	0	0	0
ENSG00000285782	0	0	0
ENSG00000162618	3	0	3
ENSG00000224493	0	0	0
ENSG00000131233	0	0	0
ENSG00000272371	0	0	0
ENSG00000287647	0	0	0
ENSG00000229225	0	0	0
ENSG00000230863	0	0	0
ENSG00000213560	0	0	0
ENSG00000287224	1	0	1
ENSG00000225598	2	2	0
ENSG00000286455	0	0	0
ENSG00000225087	0	0	0
ENSG00000224986	1	0	1
ENSG00000280378	4	3	1
ENSG00000188786	158	78	80
ENSG00000230053	0	0	0
ENSG00000137941	74	42	32
ENSG00000273338	26	11	15
ENSG00000223720	0	0	0
ENSG00000224326	0	0	0
ENSG00000286548	2	2	0
ENSG00000066135	154	100	109
ENSG00000230027	1	1	0
ENSG00000233061	7	2	5
ENSG00000272094	0	0	0
ENSG00000228853	0	0	0
ENSG00000215874	0	0	0
ENSG00000232453	23	15	8
ENSG00000260386	2	2	0
ENSG00000284895	0	0	0
ENSG00000117174	104	42	62
ENSG00000237413	0	0	0
ENSG00000184313	65	17	48
ENSG00000284645	0	0	0
ENSG00000225605	0	0	0
ENSG00000225446	0	0	0
ENSG00000288543	0	0	0
ENSG00000122420	4	4	0
ENSG00000284240	6	2	4
ENSG00000236290	0	0	0
ENSG00000143013	878	435	443
ENSG00000226084	8	3	5
ENSG00000134748	532	306	228
ENSG00000142892	80	37	43
ENSG00000219102	0	0	0
ENSG00000184005	4	2	2
ENSG00000230953	0	0	0
ENSG00000287743	1	0	1
ENSG00000229332	0	0	0
ENSG00000227937	0	0	0
ENSG00000229752	0	0	0
ENSG00000237505	1	0	1
ENSG00000285462	0	0	0
ENSG00000233216	0	0	0
ENSG00000197273	303	154	149
ENSG00000226804	0	0	0
ENSG00000285325	0	0	0
ENSG00000230728	0	0	0
ENSG00000162402	454	231	223
ENSG00000232846	0	0	0
ENSG00000219201	0	0	0
ENSG00000230787	0	0	0
ENSG00000116641	100	53	47
ENSG00000235927	1	1	0
ENSG00000223920	0	0	0
ENSG00000237453	0	0	0
ENSG00000172260	13	7	6
ENSG00000285473	0	0	0
ENSG00000237959	0	0	0
ENSG00000231364	0	0	0
ENSG00000234578	0	0	0
ENSG00000117480	728	339	389
ENSG00000137944	181	93	88
ENSG00000229505	0	0	0
ENSG00000228187	0	0	0
ENSG00000285201	0	0	0
ENSG00000182183	95	37	58
ENSG00000236407	0	0	0
ENSG00000271949	0	0	0
ENSG00000227062	0	0	0
ENSG00000067334	1880	933	947
ENSG00000235011	0	0	0
ENSG00000235673	1	0	1
ENSG00000226938	0	0	0
ENSG00000213559	0	0	0
ENSG00000287587	0	0	0
ENSG00000142949	426	204	222
ENSG00000116133	257	140	119
ENSG00000232882	1	1	0
ENSG00000171502	49	20	29
ENSG00000162399	0	0	0
ENSG00000116157	43	20	23
ENSG00000143036	203	90	113
ENSG00000232672	0	0	0
ENSG00000230817	0	0	0
ENSG00000235613	0	0	0
ENSG00000065243	114	63	51
ENSG00000226759	0	0	0
ENSG00000226960	0	0	0
ENSG00000234080	0	0	0
ENSG00000237899	0	0	0
ENSG00000225492	12	7	5
ENSG00000223905	0	0	0
ENSG00000227290	0	0	0
ENSG00000229486	0	0	0
ENSG00000282898	0	0	0
ENSG00000285409	0	0	0
ENSG00000231090	4	1	3
ENSG00000117528	128	71	57
ENSG00000271723	0	0	0
ENSG00000172339	76	34	43
ENSG00000036549	149	91	58
ENSG00000287724	0	1	0
ENSG00000058799	319	150	169
ENSG00000225191	0	0	0
ENSG00000287870	0	0	0
ENSG00000235563	2	2	2
ENSG00000232048	0	0	0
ENSG00000232857	0	0	0
ENSG00000273637	0	0	0
ENSG00000203985	1	0	1
ENSG00000228838	0	0	0
ENSG00000283761	2	1	1
ENSG00000189433	1	1	0
ENSG00000230759	0	0	0
ENSG00000231866	0	0	0
ENSG00000179178	126	74	53
ENSG00000142700	2	0	2
ENSG00000285525	0	0	0
ENSG00000236098	0	0	0
ENSG00000233514	1	1	0
ENSG00000127124	73	36	37
ENSG00000266993	3	3	1
ENSG00000223675	0	0	0
ENSG00000162604	112	54	58
ENSG00000229316	0	0	0
ENSG00000116171	454	239	215
ENSG00000287406	0	0	0
ENSG00000225767	0	0	0
ENSG00000234099	0	0	0
ENSG00000137936	137	60	81
ENSG00000235308	0	0	0
ENSG00000232752	0	0	0
ENSG00000235829	0	0	0
ENSG00000143032	0	0	0
ENSG00000226745	1	1	0
ENSG00000178028	646	297	349
ENSG00000280040	2	0	2
ENSG00000168710	565	276	289
ENSG00000117519	335	174	161
ENSG00000270507	0	0	0
ENSG00000238037	0	0	0
ENSG00000215869	0	0	0
ENSG00000134215	117	53	64
ENSG00000227935	0	0	0
ENSG00000229887	0	0	0
ENSG00000228502	8	2	6
ENSG00000236268	0	0	0
ENSG00000271277	0	0	0
ENSG00000236888	0	0	0
ENSG00000279778	0	0	0
ENSG00000232015	0	0	0
ENSG00000230955	0	55	37
ENSG00000230828	0	0	0
ENSG00000188641	67	34	36
ENSG00000152078	58	26	32
ENSG00000237279	0	0	0
ENSG00000233359	0	0	0
ENSG00000237954	0	0	0
ENSG00000185668	32	10	22
ENSG00000171492	103	58	45
ENSG00000233129	0	0	0
ENSG00000170989	81	28	53
ENSG00000258634	27	17	17
ENSG00000233557	0	0	0
ENSG00000237897	0	0	0
ENSG00000116299	934	498	436
ENSG00000137962	6	4	2
ENSG00000227832	0	0	0
ENSG00000286692	2	1	1
ENSG00000260464	4	1	3
ENSG00000237435	0	0	0
ENSG00000231996	0	0	0
ENSG00000273204	7	10	15
ENSG00000079739	361	171	203
ENSG00000117154	2	1	1
ENSG00000162377	111	53	58
ENSG00000224613	2	1	1
ENSG00000215871	1	0	1
ENSG00000287372	0	0	0
ENSG00000232542	1	0	1
ENSG00000231095	0	0	0
ENSG00000116774	45	18	27
ENSG00000287756	0	0	0
ENSG00000269113	2	0	2
ENSG00000284652	1	1	0
ENSG00000023909	56	34	22
ENSG00000069702	44	26	18
ENSG00000232185	0	0	0
ENSG00000230489	1	1	0
ENSG00000228399	10	9	1
ENSG00000236776	1	0	1
ENSG00000285928	6	5	1
ENSG00000224685	0	0	0
ENSG00000287076	0	0	0
ENSG00000237480	0	0	0
ENSG00000271252	0	0	0
ENSG00000230427	0	0	0
ENSG00000235794	1	1	0
ENSG00000286758	0	0	0
ENSG00000237337	0	0	0
ENSG00000233983	0	0	0
ENSG00000198198	270	619	508
ENSG00000225183	1	1	0
ENSG00000230402	0	0	0
ENSG00000116793	180	107	73
ENSG00000134201	6	6	0
ENSG00000238122	0	0	0
ENSG00000260879	0	1	0
ENSG00000213366	419	231	188
ENSG00000230864	0	0	0
ENSG00000283354	0	0	0
ENSG00000232918	0	0	0
ENSG00000236360	0	0	0
ENSG00000183298	1	1	0
ENSG00000234332	8	3	5
ENSG00000117525	425	247	178
ENSG00000225079	5	2	3
ENSG00000226483	0	0	0
ENSG00000224238	0	0	0
ENSG00000229537	0	0	0
ENSG00000162699	0	0	0
ENSG00000162692	12	8	4
ENSG00000203914	0	0	0
ENSG00000270457	6	5	1
ENSG00000203858	0	0	0
ENSG00000231987	0	0	0
ENSG00000228057	1	1	0
ENSG00000261593	0	0	0
ENSG00000224445	0	0	0
ENSG00000229842	0	0	0
ENSG00000270631	0	0	0
ENSG00000229201	0	0	0
ENSG00000181656	2	0	2
ENSG00000122481	14	8	6
ENSG00000198162	162	71	91
ENSG00000238198	0	0	0
ENSG00000171517	2	1	1
ENSG00000228852	0	0	0
ENSG00000203864	1	0	1
ENSG00000233482	0	0	0
ENSG00000230250	0	0	0
ENSG00000232878	3	3	3
ENSG00000143079	84	39	45
ENSG00000232450	4	0	4
ENSG00000223575	0	0	0
ENSG00000230768	0	0	0
ENSG00000235202	0	0	0
ENSG00000272715	3	1	2
ENSG00000235038	0	0	0
ENSG00000143093	262	122	140
ENSG00000226415	6	2	4
ENSG00000085491	81	34	51
ENSG00000173947	5	4	1
ENSG00000241361	5	4	1
ENSG00000230434	0	0	0
ENSG00000230718	0	0	0
ENSG00000134198	23	12	11
ENSG00000235595	0	0	0
ENSG00000226053	0	0	0
ENSG00000226128	0	0	0
ENSG00000198799	152	80	72
ENSG00000279513	0	0	0
ENSG00000117620	161	79	84
ENSG00000280186	0	0	0
ENSG00000223906	0	0	0
ENSG00000162688	66	41	25
ENSG00000197106	0	0	0
ENSG00000259946	0	0	0
ENSG00000236137	6	13	14
ENSG00000203859	0	0	0
ENSG00000228086	2	12	4
ENSG00000213421	0	0	0
ENSG00000234020	0	0	0
ENSG00000060718	1	1	0
ENSG00000236804	0	0	0
ENSG00000231072	0	0	0
ENSG00000273406	0	0	0
ENSG00000185946	41	22	19
ENSG00000162627	79	34	45
ENSG00000226715	0	0	0
ENSG00000162695	122	62	60
ENSG00000134184	1	0	2
ENSG00000265808	176	90	86
ENSG00000261290	0	0	0
ENSG00000225923	0	0	0
ENSG00000134247	75	44	31
ENSG00000187481	0	0	0
ENSG00000116752	1581	694	887
ENSG00000162664	305	164	141
ENSG00000236866	4	0	4
ENSG00000134253	124	51	73
ENSG00000277655	0	0	0
ENSG00000223416	2	1	1
ENSG00000213226	0	0	0
ENSG00000179571	0	0	0
ENSG00000227850	0	0	0
ENSG00000243967	0	0	0
ENSG00000235777	0	0	0
ENSG00000260246	0	1	0
ENSG00000173218	49	20	29
ENSG00000285532	0	1	0
ENSG00000226755	0	0	0
ENSG00000232650	0	0	0
ENSG00000183508	2008	1002	1006
ENSG00000277095	0	0	0
ENSG00000236806	1	1	0
ENSG00000234283	0	0	0
ENSG00000237188	0	0	0
ENSG00000232780	0	0	0
ENSG00000274927	0	0	0
ENSG00000264145	0	0	0
ENSG00000238256	0	0	0
ENSG00000198765	0	0	0
ENSG00000224335	0	0	0
ENSG00000277702	3	2	1
ENSG00000143398	213	103	110
ENSG00000196505	95	60	35
ENSG00000225871	0	2	3
ENSG00000223489	0	0	0
ENSG00000230546	0	0	0
ENSG00000213262	6	2	4
ENSG00000287015	0	0	0
ENSG00000241720	0	41	18
ENSG00000235526	0	0	0
ENSG00000228347	0	0	0
ENSG00000276975	0	0	0
ENSG00000236012	0	0	0
ENSG00000270911	0	0	0
ENSG00000272824	2	0	2
ENSG00000134200	0	0	0
ENSG00000234257	0	0	0
ENSG00000065183	73	41	42
ENSG00000227082	1	0	1
ENSG00000228626	0	0	0
ENSG00000226126	0	0	0
ENSG00000163393	22	13	9
ENSG00000163156	356	188	171
ENSG00000143631	0	0	0
ENSG00000156150	0	3	4
ENSG00000228453	0	0	0
ENSG00000274642	0	0	0
ENSG00000177551	0	0	0
ENSG00000197323	179	84	95
ENSG00000237975	1	1	0
ENSG00000261168	5	1	4
ENSG00000287980	0	0	0
ENSG00000229283	0	0	0
ENSG00000271419	0	0	0
ENSG00000226172	0	0	0
ENSG00000079335	177	103	88
ENSG00000143119	1728	853	875
ENSG00000237278	0	0	0
ENSG00000285062	0	0	0
ENSG00000233432	0	0	0
ENSG00000227700	0	0	0
ENSG00000229911	0	0	0
ENSG00000143520	0	0	0
ENSG00000171943	15	7	8
ENSG00000270719	0	0	0
ENSG00000155761	3	5	8
ENSG00000230806	0	0	0
ENSG00000116830	114	69	45
ENSG00000234422	0	0	0
ENSG00000227056	0	0	0
ENSG00000143614	217	98	119
ENSG00000227091	0	0	0
ENSG00000169418	16	9	7
ENSG00000214204	0	0	0
ENSG00000081026	98	49	49
ENSG00000225650	0	0	0
ENSG00000227179	0	0	0
ENSG00000224965	4	4	0
ENSG00000228127	0	0	0
ENSG00000226984	0	0	0
ENSG00000186150	0	0	0
ENSG00000143554	200	99	101
ENSG00000143458	146	71	75
ENSG00000230932	0	0	0
ENSG00000073754	1	1	0
ENSG00000228826	0	0	0
ENSG00000233907	0	0	0
ENSG00000225036	0	0	0
ENSG00000228420	0	0	0
ENSG00000233839	1	1	0
ENSG00000250890	0	0	0
ENSG00000232240	0	0	0
ENSG00000280649	55	37	26
ENSG00000131781	62	25	37
ENSG00000223599	0	0	0
ENSG00000230921	0	0	0
ENSG00000286151	0	0	0
ENSG00000234388	0	0	0
ENSG00000235015	0	0	0
ENSG00000271736	0	0	0
ENSG00000235988	0	0	0
ENSG00000233717	0	0	0
ENSG00000231551	42	19	23
ENSG00000227295	21	11	10
ENSG00000163155	39	9	30
ENSG00000243613	0	2	1
ENSG00000241975	9	1	8
ENSG00000271143	0	0	0
ENSG00000270976	0	0	0
ENSG00000228217	0	0	0
ENSG00000270342	0	0	0
ENSG00000143552	2	0	2
ENSG00000175984	129	61	68
ENSG00000231100	0	0	0
ENSG00000116824	890	446	444
ENSG00000235887	0	0	0
ENSG00000237460	0	0	0
ENSG00000236327	0	0	0
ENSG00000223804	33	23	10
ENSG00000236887	0	0	0
ENSG00000024526	28	15	13
ENSG00000236480	1	0	1
ENSG00000235756	0	0	0
ENSG00000173810	0	0	0
ENSG00000235005	1	1	0
ENSG00000271890	0	0	0
ENSG00000238107	1	0	1
ENSG00000227425	0	0	0
ENSG00000233222	0	0	0
ENSG00000225279	1	0	1
ENSG00000229101	0	0	0
ENSG00000224927	0	0	0
ENSG00000239216	0	0	0
ENSG00000283360	0	0	0
ENSG00000117262	62	29	33
ENSG00000227907	0	0	0
ENSG00000143624	599	295	309
ENSG00000227970	0	0	0
ENSG00000261055	6	2	4
ENSG00000231613	0	0	0
ENSG00000137947	591	268	323
ENSG00000236689	0	0	0
ENSG00000233589	0	0	0
ENSG00000117586	65	24	41
ENSG00000230946	1	0	1
ENSG00000226028	0	0	0
ENSG00000162728	0	0	0
ENSG00000229021	2	0	2
ENSG00000203825	0	0	0
ENSG00000184371	9060	4545	4515
ENSG00000233449	0	0	0
ENSG00000242943	0	0	0
ENSG00000233203	0	0	0
ENSG00000232499	2	1	1
ENSG00000232265	38	16	23
ENSG00000163154	15	8	7
ENSG00000232995	2	2	0
ENSG00000236957	0	0	0
ENSG00000238087	0	0	0
ENSG00000227777	0	0	0
ENSG00000177173	2	2	0
ENSG00000277406	8	5	3
ENSG00000238022	0	0	0
ENSG00000231671	0	0	0
ENSG00000162729	422	155	267
ENSG00000143158	547	290	419
ENSG00000271092	0	0	0
ENSG00000238118	0	0	0
ENSG00000276118	0	0	0
ENSG00000232148	0	0	0
ENSG00000278811	0	1	3
ENSG00000000460	17	47	43
ENSG00000188859	6	3	4
ENSG00000275075	0	0	0
ENSG00000135862	163	74	89
ENSG00000232952	0	0	0
ENSG00000158473	192	97	95
ENSG00000227722	0	0	0
ENSG00000285922	0	0	0
ENSG00000275801	0	0	0
ENSG00000143198	553	287	266
ENSG00000143318	39	16	23
ENSG00000232188	2	0	2
ENSG00000232212	0	0	0
ENSG00000143621	1958	945	1018
ENSG00000241042	0	0	0
ENSG00000143155	248	134	114
ENSG00000260322	0	0	0
ENSG00000223495	0	0	0
ENSG00000143156	31	109	76
ENSG00000198771	401	198	211
ENSG00000225462	1	1	0
ENSG00000237756	0	0	0
ENSG00000116147	11	6	5
ENSG00000213064	336	178	159
ENSG00000203307	0	0	0
ENSG00000143179	134	89	88
ENSG00000271187	0	0	0
ENSG00000274562	0	0	0
ENSG00000143315	75	48	27
ENSG00000116199	195	98	97
ENSG00000231175	0	0	0
ENSG00000143185	156	72	84
ENSG00000235145	7	6	1
ENSG00000116260	641	297	344
ENSG00000272931	8	6	2
ENSG00000143190	154	84	77
ENSG00000225475	1	0	1
ENSG00000230898	0	0	0
ENSG00000232223	0	0	0
ENSG00000224698	0	0	0
ENSG00000287697	7	7	9
ENSG00000075945	141	76	66
ENSG00000235303	0	0	0
ENSG00000234810	0	0	0
ENSG00000232750	0	0	0
ENSG00000224468	0	0	0
ENSG00000235628	0	0	0
ENSG00000232551	0	0	0
ENSG00000092607	3	1	2
ENSG00000238270	0	0	0
ENSG00000285894	0	0	0
ENSG00000236025	0	0	0
ENSG00000230687	0	0	0
ENSG00000230704	0	0	0
ENSG00000283255	0	0	0
ENSG00000227741	11	12	13
ENSG00000237049	1	0	1
ENSG00000286754	0	0	0
ENSG00000232751	0	0	0
ENSG00000236364	1	16	25
ENSG00000117091	1147	1057	1152
ENSG00000235378	0	0	0
ENSG00000143171	2	2	0
ENSG00000275767	0	0	0
ENSG00000224718	0	0	0
ENSG00000047410	524	336	330
ENSG00000231992	0	0	0
ENSG00000018625	6	4	2
ENSG00000171806	22	11	12
ENSG00000287919	0	0	0
ENSG00000229914	0	0	0
ENSG00000233882	0	0	0
ENSG00000198358	13	195	59
ENSG00000229407	2	2	0
ENSG00000134216	0	0	0
ENSG00000230748	0	0	0
ENSG00000254154	2	0	2
ENSG00000162694	20	21	17
ENSG00000238108	0	0	0
ENSG00000214262	0	1	0
ENSG00000183853	6	3	3
ENSG00000215835	1	0	1
ENSG00000118197	137	72	67
ENSG00000135842	161	67	94
ENSG00000229258	0	0	2
ENSG00000287472	0	0	0
ENSG00000241318	0	0	0
ENSG00000228238	0	0	0
ENSG00000232393	0	0	0
ENSG00000121454	7	8	3
ENSG00000184155	0	0	0
ENSG00000058085	123	66	57
ENSG00000260088	1	2	1
ENSG00000287978	64	30	34
ENSG00000116815	144	49	95
ENSG00000232917	0	0	0
ENSG00000233057	1	1	0
ENSG00000237131	0	0	0
ENSG00000233946	0	0	0
ENSG00000143167	239	117	122
ENSG00000143184	416	201	216
ENSG00000231966	0	0	0
ENSG00000176320	0	0	0
ENSG00000260976	0	0	0
ENSG00000235215	0	0	0
ENSG00000223450	0	0	0
ENSG00000224691	1	1	0
ENSG00000286572	0	0	0
ENSG00000235101	1	1	0
ENSG00000228215	0	0	0
ENSG00000177807	7	4	3
ENSG00000233626	0	0	0
ENSG00000233691	0	0	0
ENSG00000283518	0	0	0
ENSG00000271527	0	0	0
ENSG00000143228	60	31	29
ENSG00000235827	0	0	0
ENSG00000231615	0	0	0
ENSG00000231714	0	0	0
ENSG00000174514	12	11	10
ENSG00000143178	19	11	8
ENSG00000224837	0	0	0
ENSG00000116833	60	30	30
ENSG00000227740	5	3	2
ENSG00000260990	0	0	0
ENSG00000000457	85	74	83
ENSG00000143507	1114	572	542
ENSG00000285638	0	0	0
ENSG00000226520	0	0	0
ENSG00000284592	0	0	0
ENSG00000230987	0	0	0
ENSG00000232527	0	0	0
ENSG00000215833	0	0	0
ENSG00000228167	0	0	0
ENSG00000225325	0	0	0
ENSG00000223344	0	0	0
ENSG00000228191	0	0	0
ENSG00000229961	9	4	5
ENSG00000150732	0	0	0
ENSG00000157064	0	0	0
ENSG00000288139	0	0	0
ENSG00000226015	24	9	15
ENSG00000215808	0	0	0
ENSG00000059588	398	201	197
ENSG00000231512	0	0	0
ENSG00000237379	0	0	0
ENSG00000232959	0	1	0
ENSG00000122224	957	468	489
ENSG00000162782	4	1	3
ENSG00000238051	0	0	0
ENSG00000233196	0	0	0
ENSG00000229220	1	1	0
ENSG00000143653	207	88	119
ENSG00000135837	302	159	143
ENSG00000158711	257	134	133
ENSG00000227747	0	0	0
ENSG00000228081	0	0	0
ENSG00000228020	0	0	0
ENSG00000234975	48	19	29
ENSG00000162851	169	88	81
ENSG00000271427	7	6	1
ENSG00000261817	0	0	0
ENSG00000143353	68	30	40
ENSG00000197965	300	137	163
ENSG00000143493	118	63	55
ENSG00000230777	0	0	0
ENSG00000179397	3	2	1
ENSG00000224540	0	0	0
ENSG00000117592	1763	856	907
ENSG00000186197	39	18	21
ENSG00000229067	0	0	0
ENSG00000230231	0	0	0
ENSG00000227711	0	0	0
ENSG00000261182	0	0	0
ENSG00000228879	0	0	0
ENSG00000227925	0	0	0
ENSG00000162670	25	12	13
ENSG00000225712	0	0	0
ENSG00000162761	18	11	7
ENSG00000143199	0	0	0
ENSG00000179930	0	0	0
ENSG00000007908	24	14	10
ENSG00000092978	98	55	43
ENSG00000143499	159	62	97
ENSG00000188404	310	173	137
ENSG00000227735	0	0	0
ENSG00000243062	0	0	0
ENSG00000143196	29	12	17
ENSG00000228504	0	0	0
ENSG00000274702	0	0	0
ENSG00000226211	0	0	0
ENSG00000236942	0	0	1
ENSG00000287205	2	2	0
ENSG00000203697	44	20	24
ENSG00000116574	134	55	79
ENSG00000287929	1	1	0
ENSG00000186283	1063	503	560
ENSG00000224896	0	0	0
ENSG00000226292	0	0	0
ENSG00000121481	65	33	32
ENSG00000227940	0	0	0
ENSG00000117139	460	237	223
ENSG00000143248	25	13	12
ENSG00000278455	0	0	0
ENSG00000224810	0	0	0
ENSG00000162814	4	2	3
ENSG00000225172	0	0	0
ENSG00000261642	0	0	0
ENSG00000228239	0	0	0
ENSG00000237283	0	0	0
ENSG00000116132	4	2	2
ENSG00000238042	0	0	0
ENSG00000271475	0	0	0
ENSG00000231877	0	0	0
ENSG00000116679	2362	1113	1249
ENSG00000228536	0	0	0
ENSG00000230550	0	0	0
ENSG00000229242	0	0	0
ENSG00000253326	1	1	0
ENSG00000228470	0	0	0
ENSG00000152092	1	1	0
ENSG00000234984	0	0	0
ENSG00000231648	0	0	0
ENSG00000229983	0	0	0
ENSG00000215149	0	0	0
ENSG00000225122	0	0	0
ENSG00000225920	2	2	0
ENSG00000143476	60	39	21
ENSG00000121486	63	32	31
ENSG00000228437	0	0	0
ENSG00000214837	1	0	1
ENSG00000057252	248	119	129
ENSG00000225982	1	0	1
ENSG00000285718	0	0	0
ENSG00000234070	0	0	1
ENSG00000233620	0	0	0
ENSG00000237783	0	0	0
ENSG00000272906	6	12	4
ENSG00000233018	0	0	0
ENSG00000123685	88	47	41
ENSG00000224783	0	0	0
ENSG00000162852	289	139	150
ENSG00000232792	0	0	0
ENSG00000273004	7	2	5
ENSG00000143842	220	109	111
ENSG00000268062	0	0	0
ENSG00000237409	0	0	0
ENSG00000116962	80	45	35
ENSG00000288078	0	0	0
ENSG00000271399	0	0	0
ENSG00000229757	6	4	3
ENSG00000232679	0	0	0
ENSG00000159388	9482	4685	4797
ENSG00000220749	6	2	4
ENSG00000181450	23	11	12
ENSG00000223519	0	7	2
ENSG00000120333	180	120	107
ENSG00000286285	14	9	5
ENSG00000225300	1	0	1
ENSG00000223842	0	0	0
ENSG00000162753	1	1	0
ENSG00000228247	1	1	0
ENSG00000231424	1	0	1
ENSG00000143355	3	1	2
ENSG00000287177	0	0	0
ENSG00000237193	0	0	0
ENSG00000223490	1	1	0
ENSG00000121644	175	79	96
ENSG00000174502	0	0	0
ENSG00000224286	0	0	0
ENSG00000158715	307	149	158
ENSG00000143195	11	4	7
ENSG00000162849	16	5	11
ENSG00000232824	0	0	0
ENSG00000273416	0	0	0
ENSG00000234142	2	2	0
ENSG00000282111	0	0	0
ENSG00000233410	0	0	0
ENSG00000067533	133	76	57
ENSG00000228955	2	2	0
ENSG00000270443	2	0	2
ENSG00000116209	2305	1202	1103
ENSG00000224702	0	0	0
ENSG00000271811	0	0	0
ENSG00000224278	0	0	0
ENSG00000235492	0	0	0
ENSG00000287808	21	12	10
ENSG00000271588	0	0	0
ENSG00000229840	0	0	0
ENSG00000116161	6916	3382	3590
ENSG00000226486	0	0	0
ENSG00000227687	0	0	0
ENSG00000231814	0	0	0
ENSG00000286210	0	0	0
ENSG00000287364	0	0	0
ENSG00000225063	0	0	0
ENSG00000260698	9	2	7
ENSG00000277007	1	0	1
ENSG00000229016	0	0	0
ENSG00000077157	135	71	65
ENSG00000152104	19	13	7
ENSG00000236975	4	3	1
ENSG00000215834	0	0	0
ENSG00000286541	0	0	0
ENSG00000117650	42	17	25
ENSG00000235021	3	0	3
ENSG00000203724	9	4	5
ENSG00000225006	0	0	0
ENSG00000287633	1	1	0
ENSG00000158764	606	432	415
ENSG00000223375	0	0	0
ENSG00000230714	0	0	0
ENSG00000261065	0	15	6
ENSG00000260855	1	1	0
ENSG00000188783	39	21	18
ENSG00000236206	1	1	0
ENSG00000168118	244	117	129
ENSG00000181101	0	0	0
ENSG00000173726	1460	758	702
ENSG00000282852	0	0	0
ENSG00000152382	71	33	38
ENSG00000143839	5	2	3
ENSG00000232100	2	0	2
ENSG00000261024	2	2	0
ENSG00000230547	0	0	0
ENSG00000229703	0	0	0
ENSG00000176754	1	0	1
ENSG00000232309	0	0	0
ENSG00000227953	31	17	23
ENSG00000232215	0	0	0
ENSG00000135829	1207	560	648
ENSG00000228289	1	1	0
ENSG00000134717	164	89	75
ENSG00000232989	0	0	0
ENSG00000233537	0	0	0
ENSG00000116668	40	11	29
ENSG00000143756	187	97	90
ENSG00000278180	0	0	0
ENSG00000143702	74	39	35
ENSG00000232341	1	1	0
ENSG00000287676	0	0	0
ENSG00000236792	0	0	0
ENSG00000143207	296	154	142
ENSG00000270859	0	0	0
ENSG00000238224	0	0	0
ENSG00000286775	0	0	0
ENSG00000122176	175	92	83
ENSG00000229120	0	0	0
ENSG00000237492	0	0	0
ENSG00000230404	0	0	0
ENSG00000213036	0	0	0
ENSG00000227230	0	0	0
ENSG00000236230	0	0	0
ENSG00000026751	3295	1660	1635
ENSG00000150681	8	2	7
ENSG00000116906	340	181	159
ENSG00000092969	4	4	1
ENSG00000157181	239	123	116
ENSG00000250762	0	0	0
ENSG00000236720	0	0	0
ENSG00000227421	0	0	0
ENSG00000227240	3	2	1
ENSG00000076258	20	9	11
ENSG00000286073	0	0	0
ENSG00000231084	2	1	1
ENSG00000232085	0	0	0
ENSG00000117697	101	69	32
ENSG00000279333	0	0	0
ENSG00000235083	0	0	0
ENSG00000162669	3	2	1
ENSG00000197067	0	0	0
ENSG00000229652	0	0	0
ENSG00000132681	5	2	3
ENSG00000225904	0	0	0
ENSG00000270920	0	0	0
ENSG00000281664	0	0	0
ENSG00000143641	370	270	260
ENSG00000227630	7	2	5
ENSG00000228830	0	683	595
ENSG00000010932	5	2	3
ENSG00000282849	0	0	0
ENSG00000276520	0	0	0
ENSG00000226640	0	0	0
ENSG00000010072	50	22	30
ENSG00000135766	25	13	12
ENSG00000232626	1	1	0
ENSG00000232096	0	0	0
ENSG00000279261	0	0	0
ENSG00000213051	0	0	0
ENSG00000238054	0	0	0
ENSG00000163534	111	59	52
ENSG00000168243	37	11	26
ENSG00000281453	0	0	0
ENSG00000237469	0	0	0
ENSG00000224939	4	1	3
ENSG00000227613	0	0	0
ENSG00000116183	3	2	1
ENSG00000270106	0	0	0
ENSG00000232194	0	0	0
ENSG00000235152	0	0	0
ENSG00000231612	0	0	0
ENSG00000237980	1	1	0
ENSG00000271036	0	0	0
ENSG00000230849	0	0	0
ENSG00000170382	27	14	13
ENSG00000228664	0	0	0
ENSG00000226868	0	0	0
ENSG00000279401	0	0	0
ENSG00000272362	0	0	0
ENSG00000287450	0	0	0
ENSG00000237011	0	0	0
ENSG00000233583	0	0	0
ENSG00000066027	592	297	295
ENSG00000286263	3	0	3
ENSG00000227006	1	0	1
ENSG00000236372	0	0	0
ENSG00000224525	0	0	0
ENSG00000188770	1	0	1
ENSG00000173728	0	0	0
ENSG00000094975	334	163	171
ENSG00000225811	0	0	0
ENSG00000273093	0	0	0
ENSG00000162772	9857	4688	5169
ENSG00000227818	0	0	0
ENSG00000135828	52	26	26
ENSG00000224227	0	0	0
ENSG00000286398	0	0	0
ENSG00000076356	199	106	93
ENSG00000215819	2	1	2
ENSG00000185523	0	0	0
ENSG00000236108	0	0	0
ENSG00000116711	42	18	24
ENSG00000231684	2	1	1
ENSG00000226750	0	0	0
ENSG00000285665	1	1	0
ENSG00000231022	0	0	0
ENSG00000224436	0	0	0
ENSG00000228208	0	0	0
ENSG00000273384	2	2	0
ENSG00000238061	4	1	3
ENSG00000234915	0	0	0
ENSG00000143845	20	14	27
ENSG00000235862	1	15	14
ENSG00000069812	29	16	13
ENSG00000227585	0	0	0
ENSG00000157060	0	0	0
ENSG00000237213	0	0	0
ENSG00000236439	2	2	0
ENSG00000224260	0	0	0
ENSG00000213045	1	1	0
ENSG00000287220	0	0	0
ENSG00000230063	0	0	0
ENSG00000235467	0	0	0
ENSG00000123684	201	88	115
ENSG00000117707	23	10	13
ENSG00000228044	1	0	1
ENSG00000225338	3	2	1
ENSG00000224407	0	71	89
ENSG00000232463	1	1	0
ENSG00000237457	2	1	1
ENSG00000225171	12	2	10
ENSG00000226843	0	0	0
ENSG00000235386	0	0	0
ENSG00000123836	239	122	118
ENSG00000213690	0	0	0
ENSG00000223982	0	0	0
ENSG00000229832	0	0	0
ENSG00000117691	445	192	253
ENSG00000225233	0	0	0
ENSG00000274895	0	0	0
ENSG00000237514	0	0	0
ENSG00000287856	0	0	0
ENSG00000228067	0	0	0
ENSG00000284299	0	0	0
ENSG00000226375	0	0	0
ENSG00000203705	97	44	53
ENSG00000224040	0	0	0
ENSG00000228686	0	0	0
ENSG00000279838	3	1	2
ENSG00000174175	11	4	7
ENSG00000236401	0	0	0
ENSG00000241475	0	0	0
ENSG00000215800	0	0	0
ENSG00000286421	0	0	0
ENSG00000270936	0	0	0
ENSG00000008118	3	3	0
ENSG00000171161	243	134	109
ENSG00000241505	0	0	0
ENSG00000224535	0	0	0
ENSG00000282097	0	0	0
ENSG00000261453	4	1	3
ENSG00000231020	0	0	0
ENSG00000270818	0	0	0
ENSG00000196878	1797	843	954
ENSG00000133059	112	51	61
ENSG00000225561	0	0	0
ENSG00000224668	0	0	0
ENSG00000242529	0	0	0
ENSG00000074964	466	213	253
ENSG00000223847	0	0	0
ENSG00000277704	0	0	0
ENSG00000116918	100	46	61
ENSG00000274020	49	28	29
ENSG00000287445	6	4	2
ENSG00000259815	1	1	0
ENSG00000240963	0	0	0
ENSG00000226570	0	0	0
ENSG00000198929	11	7	4
ENSG00000272167	0	0	0
ENSG00000230628	8	8	0
ENSG00000162771	1	15	14
ENSG00000227579	0	0	0
ENSG00000176393	475	287	275
ENSG00000174606	147	83	64
ENSG00000179914	2256	1111	1145
ENSG00000235750	428	200	228
ENSG00000284376	0	0	0
ENSG00000121446	0	0	0
ENSG00000226758	0	0	0
ENSG00000230199	1	0	1
ENSG00000236905	0	0	0
ENSG00000233304	1	1	1
ENSG00000288007	13	7	9
ENSG00000227887	0	0	0
ENSG00000116903	71	30	43
ENSG00000228255	0	0	0
ENSG00000226196	0	0	0
ENSG00000287354	2	2	0
ENSG00000233827	0	0	0
ENSG00000198797	1	1	0
ENSG00000271746	3	0	3
ENSG00000234233	0	0	0
ENSG00000151414	95	48	47
ENSG00000177614	41	19	22
ENSG00000223794	0	0	0
ENSG00000235182	0	0	0
ENSG00000213041	1	0	1
ENSG00000287157	1	1	0
ENSG00000233920	0	0	0
ENSG00000183831	0	0	0
ENSG00000225755	0	0	0
ENSG00000143858	2	3	0
ENSG00000197472	7	2	5
ENSG00000230184	0	0	0
ENSG00000234004	0	0	0
ENSG00000232436	0	0	0
ENSG00000231718	0	0	0
ENSG00000283952	0	0	0
ENSG00000230019	0	0	0
ENSG00000136643	62	31	31
ENSG00000232537	0	0	0
ENSG00000226036	0	0	0
ENSG00000285521	6	3	3
ENSG00000236317	0	0	0
ENSG00000176855	1	0	1
ENSG00000227728	0	0	0
ENSG00000133069	40	22	18
ENSG00000162877	13	5	8
ENSG00000233461	27	5	22
ENSG00000225401	0	0	0
ENSG00000228190	0	0	0
ENSG00000135747	0	0	0
ENSG00000227237	0	0	0
ENSG00000069248	156	74	82
ENSG00000232812	0	0	0
ENSG00000231666	0	0	0
ENSG00000226986	0	0	0
ENSG00000242042	0	0	0
ENSG00000234464	0	0	0
ENSG00000253148	0	0	0
ENSG00000227751	0	119	103
ENSG00000090104	12852	6352	6500
ENSG00000285280	11	5	7
ENSG00000232892	1	1	0
ENSG00000236950	0	0	0
ENSG00000236468	0	0	0
ENSG00000143322	226	119	107
ENSG00000185220	62	35	27
ENSG00000226003	0	0	0
ENSG00000230813	0	0	0
ENSG00000226862	3	0	3
ENSG00000236101	0	0	0
ENSG00000162769	103	49	54
ENSG00000133065	434	208	226
ENSG00000278684	0	0	0
ENSG00000236775	0	0	0
ENSG00000042781	1	1	0
ENSG00000234754	0	0	0
ENSG00000233084	1	0	1
ENSG00000227815	0	0	0
ENSG00000287046	10	3	7
ENSG00000223774	0	2	5
ENSG00000228863	26	563	525
ENSG00000228646	0	0	0
ENSG00000229112	1	1	0
ENSG00000233332	0	0	0
ENSG00000231984	0	0	0
ENSG00000286213	0	0	0
ENSG00000226876	0	0	0
ENSG00000277462	30	18	12
ENSG00000225591	0	0	0
ENSG00000035687	215	105	110
ENSG00000213080	5	2	3
ENSG00000180287	1	1	0
ENSG00000226693	0	0	0
ENSG00000234678	50	77	79
ENSG00000231272	0	0	0
ENSG00000223828	0	0	0
ENSG00000163431	19	13	13
ENSG00000230124	210	113	101
ENSG00000226723	0	0	0
ENSG00000272672	0	0	0
ENSG00000143473	0	0	0
ENSG00000228982	0	0	0
ENSG00000235096	0	0	0
ENSG00000237250	0	0	0
ENSG00000007341	100	72	65
ENSG00000286747	0	0	0
ENSG00000236069	4	2	2
ENSG00000236244	0	0	0
ENSG00000272865	0	0	0
ENSG00000117222	197	111	86
ENSG00000143324	118	62	56
ENSG00000229871	1	1	0
ENSG00000225222	0	0	0
ENSG00000118193	26	10	16
ENSG00000234116	0	0	0
ENSG00000231940	7	6	1
ENSG00000198842	4	4	0
ENSG00000286619	16	5	11
ENSG00000198756	16	11	5
ENSG00000259823	6	3	3
ENSG00000271558	0	0	0
ENSG00000227554	0	0	0
ENSG00000178596	0	0	0
ENSG00000135749	117	85	85
ENSG00000143786	22	12	11
ENSG00000224584	0	0	0
ENSG00000054282	136	81	89
ENSG00000183780	5	2	5
ENSG00000229663	0	0	0
ENSG00000162702	118	66	52
ENSG00000251508	0	0	0
ENSG00000238272	0	0	0
ENSG00000228530	0	0	0
ENSG00000235060	0	0	0
ENSG00000143194	0	0	0
ENSG00000229531	3	0	3
ENSG00000271329	3	3	0
ENSG00000054267	338	156	188
ENSG00000261831	1	0	1
ENSG00000287921	0	1	1
ENSG00000177800	0	0	0
ENSG00000225620	0	0	0
ENSG00000232166	0	0	0
ENSG00000175137	216	82	134
ENSG00000134245	16	26	26
ENSG00000234041	1	0	1
ENSG00000227373	11	3	8
ENSG00000231905	0	0	0
ENSG00000228175	33	20	13
ENSG00000069275	999	499	500
ENSG00000143674	137	58	79
ENSG00000237317	0	0	0
ENSG00000187889	10	1	9
ENSG00000134375	556	281	275
ENSG00000097046	34	15	19
ENSG00000232113	0	0	0
ENSG00000282718	1	1	0
ENSG00000231378	0	0	0
ENSG00000235605	1	3	1
ENSG00000223525	0	0	0
ENSG00000224857	0	0	0
ENSG00000273367	0	0	0
ENSG00000230604	0	0	0
ENSG00000231605	0	0	0
ENSG00000236358	0	0	3
ENSG00000203737	0	0	0
ENSG00000238003	1	0	1
ENSG00000215873	0	0	0
ENSG00000287008	0	0	0
ENSG00000185420	309	140	169
ENSG00000076321	85	42	43
ENSG00000272175	2	1	3
ENSG00000231564	0	0	0
ENSG00000135778	228	128	153
ENSG00000213070	0	0	0
ENSG00000282265	0	0	0
ENSG00000250536	0	0	0
ENSG00000229747	0	0	0
ENSG00000117280	188	87	101
ENSG00000233985	1	1	0
ENSG00000232175	0	0	0
ENSG00000287423	0	0	0
ENSG00000286774	0	0	0
ENSG00000236719	0	0	0
ENSG00000136636	139	53	86
ENSG00000225486	0	0	0
ENSG00000227043	1	1	0
ENSG00000163874	2261	1061	1200
ENSG00000285777	0	0	0
ENSG00000237249	2	0	2
ENSG00000286109	0	0	0
ENSG00000213068	0	0	0
ENSG00000054392	23	10	13
ENSG00000227994	0	0	0
ENSG00000286552	0	0	0
ENSG00000225711	0	0	0
ENSG00000122223	73	36	37
ENSG00000235869	0	0	0
ENSG00000188739	11	5	6
ENSG00000286666	0	0	0
ENSG00000135750	87	41	46
ENSG00000273198	0	0	0
ENSG00000203730	1	1	0
ENSG00000225719	0	0	0
ENSG00000273483	0	0	0
ENSG00000287987	0	0	0
ENSG00000203729	0	0	0
ENSG00000232809	0	0	0
ENSG00000284623	0	0	0
ENSG00000285981	0	0	0
ENSG00000261729	1	1	0
ENSG00000223869	0	0	0
ENSG00000229228	43	21	22
ENSG00000215796	0	0	0
ENSG00000185221	0	0	0
ENSG00000233047	0	0	0
ENSG00000143341	1	1	0
ENSG00000228309	0	0	0
ENSG00000229739	5	2	3
ENSG00000116703	0	0	0
ENSG00000273874	0	0	0
ENSG00000278791	0	19	20
ENSG00000278757	0	0	0
ENSG00000264341	0	0	0
ENSG00000264101	0	0	0
ENSG00000265141	0	0	0
ENSG00000221083	2	2	0
ENSG00000252404	0	0	0
ENSG00000222511	0	0	0
ENSG00000265392	0	0	0
ENSG00000243267	0	0	0
ENSG00000201725	0	0	0
ENSG00000274258	0	0	0
ENSG00000239149	1	0	1
ENSG00000252151	0	0	0
ENSG00000252969	0	0	0
ENSG00000252417	1	0	1
ENSG00000200975	0	0	0
ENSG00000201609	0	0	0
ENSG00000238482	0	0	0
ENSG00000252956	0	0	0
ENSG00000265606	0	0	0
ENSG00000284357	0	0	0
ENSG00000278034	0	0	0
ENSG00000207237	0	0	0
ENSG00000222784	0	0	0
ENSG00000266210	0	0	0
ENSG00000265961	0	0	0
ENSG00000251866	0	0	0
ENSG00000252691	0	0	0
ENSG00000264371	0	0	0
ENSG00000253005	5	4	1
ENSG00000238316	0	0	0
ENSG00000207941	0	0	0
ENSG00000264773	4	2	2
ENSG00000252448	0	0	0
ENSG00000200421	0	0	0
ENSG00000222282	0	0	0
ENSG00000199963	0	0	0
ENSG00000264698	0	0	0
ENSG00000207328	0	0	0
ENSG00000207466	0	0	0
ENSG00000252368	0	0	0
ENSG00000206779	0	0	0
ENSG00000265596	0	0	0
ENSG00000212541	1	1	0
ENSG00000200796	0	0	0
ENSG00000252190	0	0	0
ENSG00000264613	0	0	0
ENSG00000199240	0	0	0
ENSG00000277168	0	0	0
ENSG00000283724	0	0	0
ENSG00000284410	0	0	0
ENSG00000252018	0	0	0
ENSG00000206627	0	0	0
ENSG00000283414	0	0	0
ENSG00000207508	0	0	0
ENSG00000200171	0	0	0
ENSG00000207194	0	0	0
ENSG00000283477	0	0	0
ENSG00000264834	0	0	0
ENSG00000263675	0	0	0
ENSG00000266188	0	0	0
ENSG00000206981	0	0	0
ENSG00000200174	0	0	0
ENSG00000265822	0	0	0
ENSG00000265815	0	0	0
ENSG00000238653	0	0	0
ENSG00000212624	1	1	0
ENSG00000200575	0	0	0
ENSG00000212360	0	0	0
ENSG00000242860	0	0	0
ENSG00000263908	0	0	0
ENSG00000283690	0	0	0
ENSG00000199921	0	0	0
ENSG00000251825	0	0	0
ENSG00000201153	0	0	0
ENSG00000222624	0	0	0
ENSG00000223152	0	0	0
ENSG00000212308	0	0	0
ENSG00000279049	0	2	0
ENSG00000276081	0	0	0
ENSG00000239640	0	0	0
ENSG00000252338	0	0	0
ENSG00000251785	0	0	0
ENSG00000239319	0	0	0
ENSG00000222849	0	0	0
ENSG00000283749	0	0	0
ENSG00000251958	0	0	0
ENSG00000251767	0	0	0
ENSG00000243437	0	0	0
ENSG00000202263	0	0	0
ENSG00000199318	0	0	0
ENSG00000199666	0	0	0
ENSG00000200601	0	0	0
ENSG00000242482	0	0	0
ENSG00000212366	0	0	0
ENSG00000201620	0	0	0
ENSG00000206817	0	0	0
ENSG00000284247	0	0	0
ENSG00000200839	0	0	0
ENSG00000264963	0	0	0
ENSG00000264271	0	0	0
ENSG00000239504	0	0	0
ENSG00000284202	0	0	0
ENSG00000251720	1	0	1
ENSG00000274321	0	0	0
ENSG00000198974	0	0	0
ENSG00000212248	0	0	0
ENSG00000207962	0	0	0
ENSG00000276884	0	0	0
ENSG00000207234	0	0	0
ENSG00000202259	0	0	0
ENSG00000212459	1	1	0
ENSG00000278287	0	0	0
ENSG00000277565	0	0	0
ENSG00000263526	0	0	0
ENSG00000211575	1	0	2
ENSG00000275823	0	0	0
ENSG00000277689	0	0	0
ENSG00000274199	0	0	0
ENSG00000202254	0	0	0
ENSG00000244256	0	0	0
ENSG00000201491	0	0	0
ENSG00000199831	0	0	0
ENSG00000275455	0	0	0
ENSG00000252162	0	0	0
ENSG00000272051	0	0	0
ENSG00000283899	0	0	0
ENSG00000200800	0	0	0
ENSG00000207502	0	0	0
ENSG00000252530	0	0	0
ENSG00000200536	0	0	0
ENSG00000211543	0	0	0
ENSG00000252797	0	0	0
ENSG00000212266	0	0	0
ENSG00000222209	0	0	0
ENSG00000277141	0	0	0
ENSG00000215930	0	0	0
ENSG00000238761	0	0	0
ENSG00000201114	0	0	0
ENSG00000206679	0	0	0
ENSG00000264419	0	0	0
ENSG00000222069	0	0	0
ENSG00000274428	9	6	3
ENSG00000199879	1	0	1
ENSG00000274408	0	0	0
ENSG00000283676	1	0	1
ENSG00000252005	0	0	0
ENSG00000252510	0	0	0
ENSG00000207340	0	0	0
ENSG00000252830	0	0	0
ENSG00000274450	0	0	0
ENSG00000252135	0	0	0
ENSG00000278596	0	0	0
ENSG00000238825	4	3	1
ENSG00000201183	4	1	3
ENSG00000202408	0	0	0
ENSG00000252744	0	0	0
ENSG00000273768	0	0	0
ENSG00000242565	0	0	0
ENSG00000239984	0	0	0
ENSG00000283296	0	0	0
ENSG00000252717	0	0	0
ENSG00000194297	0	0	0
ENSG00000199565	0	0	0
ENSG00000277313	0	0	0
ENSG00000274940	0	0	0
ENSG00000207341	0	0	0
ENSG00000207472	0	0	0
ENSG00000206880	0	0	0
ENSG00000252552	1	1	0
ENSG00000199849	1	0	1
ENSG00000252407	0	0	0
ENSG00000212538	0	0	0
ENSG00000251813	0	0	0
ENSG00000207108	0	0	0
ENSG00000201312	0	0	0
ENSG00000207039	0	0	0
ENSG00000202491	0	0	0
ENSG00000201596	0	0	0
ENSG00000276839	0	0	0
ENSG00000207974	0	0	0
ENSG00000273629	0	0	0
ENSG00000201493	0	0	0
ENSG00000215952	0	0	0
ENSG00000200139	0	0	0
ENSG00000283575	0	0	0
ENSG00000238765	0	0	0
ENSG00000264916	0	0	0
ENSG00000212338	0	0	0
ENSG00000206659	2	2	0
ENSG00000253025	0	0	0
ENSG00000201619	0	0	0
ENSG00000201544	0	0	0
ENSG00000202498	0	0	0
ENSG00000221545	0	0	0
ENSG00000252906	0	0	0
ENSG00000206692	0	0	0
ENSG00000202329	0	0	0
ENSG00000242794	0	0	0
ENSG00000212144	0	0	0
ENSG00000283340	0	0	0
ENSG00000252860	0	0	0
ENSG00000252501	0	0	0
ENSG00000263390	0	0	0
ENSG00000207181	1	1	0
ENSG00000265744	0	0	0
ENSG00000264377	0	0	0
ENSG00000207149	0	0	0
ENSG00000283936	0	0	0
ENSG00000284485	0	0	0
ENSG00000201638	0	0	0
ENSG00000275213	0	0	0
ENSG00000239494	0	0	0
ENSG00000212230	0	0	0
ENSG00000252371	0	0	0
ENSG00000199442	0	0	0
ENSG00000200033	0	0	0
ENSG00000239690	0	0	0
ENSG00000202184	1	0	1
ENSG00000241395	0	0	0
ENSG00000200982	0	0	0
ENSG00000275207	0	0	0
ENSG00000202300	0	0	0
ENSG00000222407	0	0	0
ENSG00000222986	0	0	0
ENSG00000265435	0	0	0
ENSG00000272262	0	0	0
ENSG00000200495	0	0	0
ENSG00000202609	0	0	0
ENSG00000252553	0	0	0
ENSG00000206764	0	0	0
ENSG00000222240	0	0	0
ENSG00000212187	0	0	0
ENSG00000206637	0	0	0
ENSG00000253097	0	0	0
ENSG00000200036	0	0	0
ENSG00000201421	0	0	0
ENSG00000212610	1	0	1
ENSG00000252484	0	0	0
ENSG00000201944	1	1	0
ENSG00000200327	0	0	0
ENSG00000206905	0	0	0
ENSG00000200972	0	0	0
ENSG00000243051	0	0	0
ENSG00000252011	0	0	0
ENSG00000207326	0	0	0
ENSG00000212205	0	0	0
ENSG00000253042	0	0	0
ENSG00000274121	0	0	0
ENSG00000264358	0	0	0
ENSG00000206640	0	0	0
ENSG00000212527	0	0	0
ENSG00000252879	0	0	0
ENSG00000252612	0	0	0
ENSG00000202264	0	0	0
ENSG00000285609	0	0	0
ENSG00000206762	1	1	0
ENSG00000252084	0	0	0
ENSG00000200085	0	0	0
ENSG00000264500	0	0	0
ENSG00000202025	0	0	0
ENSG00000225545	0	0	0
ENSG00000206990	0	0	0
ENSG00000230175	1	0	1
ENSG00000225272	0	0	0
ENSG00000215838	0	0	0
ENSG00000273365	2	2	0
ENSG00000224358	1	0	1
ENSG00000230659	0	0	0
ENSG00000162545	517	254	263
ENSG00000090432	303	149	154
ENSG00000215520	0	0	0
ENSG00000183114	1	0	1
ENSG00000158825	20	9	11
ENSG00000158828	62	212	203
ENSG00000284005	0	0	0
ENSG00000117242	34	196	191
ENSG00000234473	2	2	0
ENSG00000238754	0	0	0
ENSG00000134371	173	94	79
ENSG00000221680	0	0	0
ENSG00000162630	10	4	6
ENSG00000276735	0	0	0
ENSG00000232077	2	1	1
ENSG00000229639	0	0	0
ENSG00000287453	0	0	0
ENSG00000270615	0	0	0
ENSG00000287283	0	0	0
ENSG00000240692	0	0	0
ENSG00000229359	2	0	2
ENSG00000237919	0	0	0
ENSG00000066557	39	26	13
ENSG00000244389	0	0	0
ENSG00000228988	1	0	1
ENSG00000118454	95	58	37
ENSG00000226088	4	2	2
ENSG00000116761	168	79	89
ENSG00000278636	0	0	0
ENSG00000271992	7	3	4
ENSG00000233020	1	0	1
ENSG00000237033	0	0	0
ENSG00000226208	0	0	0
ENSG00000007968	50	34	16
ENSG00000235052	1	1	0
ENSG00000117318	1229	651	578
ENSG00000285802	1	1	0
ENSG00000229239	0	0	0
ENSG00000142676	21495	10569	10926
ENSG00000057757	646	296	350
ENSG00000011009	378	182	196
ENSG00000117308	159	88	71
ENSG00000273844	0	0	0
ENSG00000235748	1	1	0
ENSG00000237861	0	0	0
ENSG00000221879	0	0	0
ENSG00000230260	0	0	0
ENSG00000199241	0	0	0
ENSG00000226919	0	0	0
ENSG00000223963	0	0	0
ENSG00000215802	0	0	0
ENSG00000233615	0	0	0
ENSG00000238085	0	0	0
ENSG00000265831	0	0	0
ENSG00000224348	0	0	0
ENSG00000286496	0	0	0
ENSG00000287516	1	0	1
ENSG00000287738	0	0	0
ENSG00000132703	0	0	0
ENSG00000276632	0	0	0
ENSG00000223603	0	0	0
ENSG00000132693	0	0	0
ENSG00000235226	0	0	0
ENSG00000158716	173	64	109
ENSG00000181036	19	12	7
ENSG00000158714	4	13	14
ENSG00000212161	0	0	0
ENSG00000243284	1	0	1
ENSG00000272668	29	14	15
ENSG00000213085	83	37	46
ENSG00000266458	0	0	0
ENSG00000287040	4	3	1
ENSG00000279430	17	7	10
ENSG00000162723	1	0	1
ENSG00000273933	0	0	0
ENSG00000256029	3	11	10
ENSG00000188004	0	0	0
ENSG00000266580	0	0	0
ENSG00000254545	0	0	0
ENSG00000203620	0	0	0
ENSG00000269967	3	0	3
ENSG00000228634	5	2	3
ENSG00000284702	3	2	1
ENSG00000221040	0	0	1
ENSG00000287217	0	1	0
ENSG00000163399	738	2328	2309
ENSG00000212385	0	0	0
ENSG00000233154	2	2	0
ENSG00000230381	0	0	0
ENSG00000200547	0	0	0
ENSG00000224950	1	1	2
ENSG00000286276	0	2	0
ENSG00000177888	34	20	14
ENSG00000243364	108	52	56
ENSG00000251246	0	0	0
ENSG00000143590	23	9	14
ENSG00000202027	0	0	0
ENSG00000169242	297	140	157
ENSG00000169241	510	233	277
ENSG00000223452	0	0	0
ENSG00000163463	24	15	9
ENSG00000273088	0	0	0
ENSG00000284586	0	0	0
ENSG00000169231	169	133	161
ENSG00000236263	0	4	4
ENSG00000236675	3	1	2
ENSG00000177628	143	77	66
ENSG00000116521	413	193	220
ENSG00000176444	395	216	179
ENSG00000143630	35	38	23
ENSG00000143627	1	13	14
ENSG00000253074	0	0	0
ENSG00000252116	0	0	0
ENSG00000228523	0	0	0
ENSG00000223263	1	0	1
ENSG00000207504	0	0	0
ENSG00000238139	0	0	0
ENSG00000197721	0	0	0
ENSG00000244703	0	0	0
ENSG00000226289	0	0	0
ENSG00000285239	0	0	0
ENSG00000234219	0	0	0
ENSG00000174059	33	18	15
ENSG00000285719	0	0	0
ENSG00000284237	4	3	1
ENSG00000158731	0	0	0
ENSG00000201746	0	0	0
ENSG00000264881	0	0	0
ENSG00000199562	2	2	0
ENSG00000264501	0	0	0
ENSG00000284735	4	2	2
ENSG00000284642	6	0	6
ENSG00000142657	811	381	430
ENSG00000271989	0	0	2
ENSG00000251503	0	1	0
ENSG00000175279	25	12	13
ENSG00000160049	164	87	91
ENSG00000203469	0	5	3
ENSG00000236035	0	0	0
ENSG00000221643	1	0	1
ENSG00000122188	408	204	204
ENSG00000288644	0	0	0
ENSG00000227417	1	1	0
ENSG00000223505	1	0	1
ENSG00000182004	504	271	233
ENSG00000236430	3	0	3
ENSG00000130768	116	90	76
ENSG00000227050	0	25	27
ENSG00000238231	2	0	2
ENSG00000240750	0	0	0
ENSG00000158156	94	43	53
ENSG00000182118	24	15	9
ENSG00000283799	0	0	0
ENSG00000227934	0	0	0
ENSG00000229595	0	0	0
ENSG00000143633	80	47	33
ENSG00000281912	11	6	6
ENSG00000288208	0	0	0
ENSG00000132773	259	139	160
ENSG00000070759	142	92	81
ENSG00000236872	0	0	0
ENSG00000280670	54	33	21
ENSG00000132763	109	903	660
ENSG00000221953	1	1	0
ENSG00000226164	0	0	0
ENSG00000224014	1	1	0
ENSG00000215795	1	0	1
ENSG00000259865	46	21	25
ENSG00000227671	485	207	278
ENSG00000283881	0	0	0
ENSG00000252516	0	0	0
ENSG00000232347	1	0	1
ENSG00000214144	0	0	0
ENSG00000235818	0	0	0
ENSG00000197617	0	0	0
ENSG00000202079	1	0	1
ENSG00000286216	2	0	2
ENSG00000203664	0	0	0
ENSG00000169224	257	129	133
ENSG00000236817	0	4	1
ENSG00000177489	0	0	0
ENSG00000177476	0	0	0
ENSG00000283369	0	0	0
ENSG00000230411	0	0	0
ENSG00000251977	0	0	0
ENSG00000252254	0	0	0
ENSG00000227854	0	0	0
ENSG00000287589	1	0	1
ENSG00000259776	1	1	0
ENSG00000233355	92	45	48
ENSG00000234601	0	0	0
ENSG00000231979	0	0	0
ENSG00000215805	0	0	0
ENSG00000287102	0	0	0
ENSG00000217327	0	0	0
ENSG00000228818	0	0	0
ENSG00000202041	0	0	0
ENSG00000223694	0	0	0
ENSG00000233735	0	0	0
ENSG00000133019	20	11	10
ENSG00000162636	352	175	177
ENSG00000162639	99	56	43
ENSG00000285923	0	0	0
ENSG00000134186	852	398	454
ENSG00000143107	0	0	0
ENSG00000232971	0	0	0
ENSG00000116266	153	65	88
ENSG00000228076	0	0	0
ENSG00000203897	5	2	3
ENSG00000237349	1	0	1
ENSG00000244716	21	15	6
ENSG00000228665	1	1	0
ENSG00000228054	0	0	0
ENSG00000273382	15	9	24
ENSG00000215717	569	276	311
ENSG00000278249	0	0	0
ENSG00000270066	0	0	0
ENSG00000251484	0	0	0
ENSG00000132676	823	382	448
ENSG00000227673	0	0	0
ENSG00000203761	41	27	24
ENSG00000234937	4	1	5
ENSG00000132718	123	50	73
ENSG00000283442	0	0	0
ENSG00000143622	426	204	222
ENSG00000132680	274	151	123
ENSG00000207475	0	0	0
ENSG00000280466	0	0	0
ENSG00000281394	0	0	0
ENSG00000277817	0	0	0
ENSG00000273002	26	13	13
ENSG00000224276	0	0	0
ENSG00000285677	3	270	418
ENSG00000163479	2720	1697	1708
ENSG00000160803	202	123	79
ENSG00000132698	349	162	187
ENSG00000252236	0	0	0
ENSG00000260238	0	0	0
ENSG00000242252	3	2	1
ENSG00000198952	635	311	324
ENSG00000163472	34	47	58
ENSG00000163468	2890	1424	1467
ENSG00000132677	3	3	0
ENSG00000237390	1	1	0
ENSG00000207933	0	0	0
ENSG00000254726	25	11	14
ENSG00000186377	15	8	7
ENSG00000186160	2	0	2
ENSG00000225154	0	0	0
ENSG00000225506	2	0	2
ENSG00000225514	0	0	0
ENSG00000224805	3	2	1
ENSG00000162366	171	93	78
ENSG00000226252	17	14	16
ENSG00000225762	9	8	1
ENSG00000186790	6	5	1
ENSG00000237424	58	31	27
ENSG00000189030	0	0	0
ENSG00000162763	0	0	0
ENSG00000143061	49	27	22
ENSG00000135821	8446	4189	4257
ENSG00000203740	0	0	0
ENSG00000162374	3	2	1
ENSG00000168275	127	63	88
ENSG00000241563	1	0	1
ENSG00000153207	295	136	159
ENSG00000156869	50	22	28
ENSG00000033122	2	2	0
ENSG00000143278	0	0	0
ENSG00000116678	7	3	4
ENSG00000159352	968	467	502
ENSG00000158710	10748	5462	5286
ENSG00000162734	1124	571	567
ENSG00000049239	211	86	125
ENSG00000186564	25	14	11
ENSG00000244038	1519	761	758
ENSG00000158747	1006	434	572
ENSG00000116690	5	99	48
ENSG00000126091	16	9	7
ENSG00000162383	10	6	6
ENSG00000171163	562	284	278
ENSG00000172456	85	41	44
ENSG00000162946	16	10	6
ENSG00000158786	1	1	0
ENSG00000118733	0	0	0
ENSG00000157870	153	117	116
ENSG00000179085	393	213	180
ENSG00000173080	40	23	17
ENSG00000183347	0	0	0
ENSG00000276470	0	0	0
ENSG00000278852	0	0	0
ENSG00000275915	0	0	0
ENSG00000120937	1	1	0
ENSG00000224904	0	0	0
ENSG00000285646	43	27	16
ENSG00000199347	0	0	0
ENSG00000201801	1	1	0
ENSG00000116685	478	213	265
ENSG00000083444	298	132	166
ENSG00000287384	1	1	0
ENSG00000270914	0	0	0
ENSG00000116691	411	205	207
ENSG00000202461	1	0	2
ENSG00000276869	0	0	0
ENSG00000243539	0	0	0
ENSG00000120949	6	1	5
ENSG00000201135	0	0	0
ENSG00000227875	0	0	0
ENSG00000285604	0	0	0
ENSG00000283789	0	0	0
ENSG00000263676	0	0	0
ENSG00000200591	0	0	0
ENSG00000162521	226	226	245
ENSG00000162520	3	132	116
ENSG00000224409	0	0	0
ENSG00000162522	534	256	278
ENSG00000116497	222	124	105
ENSG00000160097	10	8	2
ENSG00000121905	3	80	61
ENSG00000121900	331	248	221
ENSG00000287691	24	12	17
ENSG00000278966	2	2	0
ENSG00000143222	1447	869	798
ENSG00000224985	13	55	178
ENSG00000143224	192	135	121
ENSG00000158850	883	524	423
ENSG00000158859	50	24	26
ENSG00000158869	716	315	401
ENSG00000158874	2	1	1
ENSG00000158882	61	53	58
ENSG00000284035	0	0	0
ENSG00000143257	8	25	34
ENSG00000248485	4	2	2
ENSG00000188931	6	1	5
ENSG00000236484	0	0	0
ENSG00000283696	1	0	1
ENSG00000288093	9	6	3
ENSG00000206921	0	0	0
ENSG00000215840	3	1	2
ENSG00000277882	0	0	0
ENSG00000283317	1	1	0
ENSG00000277762	0	0	0
ENSG00000227139	0	0	0
ENSG00000265107	4	1	5
ENSG00000274415	0	1	1
ENSG00000234190	0	0	0
ENSG00000223728	0	0	0
ENSG00000121634	0	0	0
ENSG00000188092	53	27	28
ENSG00000215859	5	4	6
ENSG00000273059	0	1	2
ENSG00000274372	11	6	5
ENSG00000206791	0	0	0
ENSG00000206585	7	3	4
ENSG00000229828	0	0	0
ENSG00000225080	1	0	1
ENSG00000198658	1	1	0
ENSG00000238382	0	0	0
ENSG00000225919	0	0	0
ENSG00000236497	0	0	0
ENSG00000207190	0	0	0
ENSG00000200508	0	0	0
ENSG00000284928	0	0	0
ENSG00000223949	3	2	1
ENSG00000116688	485	218	267
ENSG00000188800	2	2	0
ENSG00000084073	172	79	93
ENSG00000231296	0	0	0
ENSG00000049089	473	235	238
ENSG00000227311	0	0	0
ENSG00000213172	0	0	0
ENSG00000284677	0	0	0
ENSG00000187801	29	12	17
ENSG00000260920	15	6	9
ENSG00000158887	30	12	18
ENSG00000255054	0	0	0
ENSG00000228172	1	23	38
ENSG00000117640	304	194	193
ENSG00000272478	0	0	0
ENSG00000127423	11	7	9
ENSG00000182749	64	44	40
ENSG00000207302	0	0	0
ENSG00000117632	1262	600	662
ENSG00000229786	1	1	0
ENSG00000223624	0	0	0
ENSG00000283938	0	0	0
ENSG00000199385	0	0	0
ENSG00000187147	381	225	253
ENSG00000263381	0	0	0
ENSG00000126106	57	77	77
ENSG00000198520	174	84	90
ENSG00000199377	9	5	4
ENSG00000200169	6	6	0
ENSG00000142945	131	83	57
ENSG00000142937	22096	11533	11853
ENSG00000264294	0	0	0
ENSG00000200913	15	11	4
ENSG00000202031	2	2	0
ENSG00000207421	0	0	0
ENSG00000281859	0	0	0
ENSG00000234093	6	5	1
ENSG00000142959	46	27	19
ENSG00000173846	2884	1493	1563
ENSG00000117425	17	7	10
ENSG00000202444	0	0	0
ENSG00000226499	11	8	3
ENSG00000070785	153	71	82
ENSG00000253039	0	0	0
ENSG00000229815	0	0	0
ENSG00000232369	1	1	0
ENSG00000268949	2	1	1
ENSG00000126107	206	95	114
ENSG00000126088	241	117	127
ENSG00000234315	1	0	1
ENSG00000162408	228	118	110
ENSG00000229519	1	1	0
ENSG00000173662	9	3	6
ENSG00000204859	486	242	244
ENSG00000288629	0	0	0
ENSG00000230735	0	0	0
ENSG00000171488	189	98	91
ENSG00000226394	0	0	0
ENSG00000237200	0	0	0
ENSG00000070886	1	0	1
ENSG00000276835	0	0	0
ENSG00000265422	0	0	0
ENSG00000223776	5	4	6
ENSG00000273058	15	12	3
ENSG00000230325	1	2	3
ENSG00000119285	98	149	141
ENSG00000226498	0	0	0
ENSG00000237991	1	0	1
ENSG00000244020	0	0	0
ENSG00000288099	0	0	0
ENSG00000225886	1	1	0
ENSG00000206767	0	0	0
ENSG00000226662	0	0	0
ENSG00000207095	0	0	0
ENSG00000287244	3	0	3
ENSG00000231344	2	1	1
ENSG00000230833	0	0	0
ENSG00000117758	228	110	118
ENSG00000269971	3	0	3
ENSG00000270031	0	0	0
ENSG00000223062	0	0	0
ENSG00000286433	0	2	1
ENSG00000117751	161	77	87
ENSG00000252947	0	0	0
ENSG00000130775	323	164	161
ENSG00000117748	377	184	195
ENSG00000223643	0	0	0
ENSG00000230239	0	0	0
ENSG00000263811	0	0	0
ENSG00000277234	0	0	0
ENSG00000235241	0	8	14
ENSG00000207005	3	0	3
ENSG00000272426	10	6	4
ENSG00000117122	14	13	5
ENSG00000286898	0	0	4
ENSG00000226526	0	0	1
ENSG00000159363	182	97	86
ENSG00000117118	592	273	319
ENSG00000117115	376	195	181
ENSG00000204362	0	0	0
ENSG00000282843	0	0	0
ENSG00000142623	12	7	5
ENSG00000142619	0	0	0
ENSG00000266634	0	0	0
ENSG00000199459	0	0	0
ENSG00000273264	0	0	0
ENSG00000282057	0	0	0
ENSG00000272691	0	0	0
ENSG00000199934	0	0	0
ENSG00000230285	0	0	0
ENSG00000142871	1613	788	825
ENSG00000226643	0	0	0
ENSG00000234419	0	0	0
ENSG00000276997	1	1	0
ENSG00000222399	0	0	0
ENSG00000267305	0	0	0
ENSG00000143512	0	0	0
ENSG00000143498	22	7	15
ENSG00000225265	9	5	4
ENSG00000154305	502	293	306
ENSG00000229399	1	0	1
ENSG00000272750	7	54	50
ENSG00000186063	44	22	26
ENSG00000162819	191	95	100
ENSG00000287684	2	2	7
ENSG00000234523	0	0	0
ENSG00000287338	4	4	0
ENSG00000187554	14	4	10
ENSG00000236846	0	0	0
ENSG00000226601	0	0	0
ENSG00000164010	36	27	31
ENSG00000164011	53	17	36
ENSG00000233708	0	0	0
ENSG00000237090	0	0	0
ENSG00000225099	0	0	0
ENSG00000284138	0	0	0
ENSG00000283973	0	1	0
ENSG00000207256	0	0	0
ENSG00000283136	0	0	0
ENSG00000277513	0	0	0
ENSG00000154309	78	43	35
ENSG00000226967	0	0	0
ENSG00000231407	1	0	2
ENSG00000229570	0	0	0
ENSG00000203857	0	0	0
ENSG00000226443	0	0	0
ENSG00000249798	0	0	0
ENSG00000239873	0	0	0
ENSG00000203855	0	0	0
ENSG00000240244	1	1	0
ENSG00000260941	1	0	1
ENSG00000198857	0	0	0
ENSG00000143067	34	24	10
ENSG00000134240	892	447	445
ENSG00000134193	2801	1525	1276
ENSG00000215864	1	1	0
ENSG00000227205	0	0	0
ENSG00000226446	0	0	0
ENSG00000134249	0	0	0
ENSG00000092621	428	221	207
ENSG00000027644	2	1	1
ENSG00000241992	0	0	0
ENSG00000234226	0	0	0
ENSG00000137970	163	22	141
ENSG00000223229	0	0	0
ENSG00000285698	0	0	0
ENSG00000228035	0	0	0
ENSG00000287103	0	0	0
ENSG00000226973	0	0	0
ENSG00000274468	0	0	0
ENSG00000130764	322	159	177
ENSG00000266075	0	2	0
ENSG00000272153	5	11	6
ENSG00000230026	1	1	0
ENSG00000285177	0	0	1
ENSG00000284770	16	15	15
ENSG00000229795	0	0	0
ENSG00000238236	0	0	0
ENSG00000235638	0	0	0
ENSG00000231199	0	0	0
ENSG00000226663	0	0	0
ENSG00000231582	0	0	0
ENSG00000232714	0	0	0
ENSG00000235761	0	0	0
ENSG00000270710	0	0	0
ENSG00000227236	0	0	0
ENSG00000198837	511	283	246
ENSG00000160741	1006	502	504
ENSG00000276584	0	0	0
ENSG00000282386	14	10	4
ENSG00000273026	8	2	6
ENSG00000143578	165	88	102
ENSG00000143543	251	65	206
ENSG00000285641	0	3	0
ENSG00000143545	127	52	75
ENSG00000177954	24337	12828	11509
ENSG00000231416	16	13	3
ENSG00000200220	0	0	0
ENSG00000231837	0	0	0
ENSG00000263987	0	0	0
ENSG00000162642	301	137	164
ENSG00000223254	9	4	5
ENSG00000223653	13	22	14
ENSG00000116198	179	101	78
ENSG00000169598	55	27	28
ENSG00000226653	0	0	0
ENSG00000207209	0	0	0
ENSG00000272443	0	0	0
ENSG00000272480	0	0	0
ENSG00000288626	0	0	0
ENSG00000162836	100	48	52
ENSG00000207080	0	0	0
ENSG00000231791	0	0	0
ENSG00000244568	0	0	0
ENSG00000271387	1	0	1
ENSG00000116667	197	100	97
ENSG00000230470	0	0	0
ENSG00000232036	0	0	0
ENSG00000285847	1	0	1
ENSG00000286378	0	0	0
ENSG00000215381	0	0	0
ENSG00000261326	3	3	0
ENSG00000284726	2	0	2
ENSG00000125945	257	120	140
ENSG00000201405	0	0	0
ENSG00000271420	3	1	2
ENSG00000204219	436	223	213
ENSG00000232482	0	0	0
ENSG00000285779	0	0	0
ENSG00000162885	115	129	117
ENSG00000270780	0	0	0
ENSG00000232895	0	0	0
ENSG00000273698	0	0	0
ENSG00000273112	0	0	0
ENSG00000173110	167838	79069	88770
ENSG00000224203	1	0	1
ENSG00000224515	0	0	0
ENSG00000225217	3588	2055	1533
ENSG00000231586	0	0	0
ENSG00000234211	0	6	6
ENSG00000213075	0	0	0
ENSG00000143125	0	0	0
ENSG00000270380	0	0	0
ENSG00000282887	0	0	0
ENSG00000283999	0	0	0
ENSG00000240194	2	4	1
ENSG00000235407	0	0	3
ENSG00000143105	1	1	0
ENSG00000199710	0	0	0
ENSG00000237415	0	0	0
ENSG00000232791	0	0	0
ENSG00000177301	26	15	11
ENSG00000226828	3	3	0
ENSG00000279774	9	4	5
ENSG00000229960	2	1	1
ENSG00000286486	5	4	1
ENSG00000244066	0	0	0
ENSG00000237759	0	0	0
ENSG00000287531	0	0	0
ENSG00000225855	20	341	300
ENSG00000283701	0	0	0
ENSG00000207134	0	0	0
ENSG00000227773	0	0	0
ENSG00000207144	0	0	0
ENSG00000237872	2	1	1
ENSG00000271267	0	0	0
ENSG00000225082	0	0	0
ENSG00000223503	0	0	0
ENSG00000232519	0	0	0
ENSG00000160752	285	452	452
ENSG00000121957	39	138	94
ENSG00000235089	0	0	0
ENSG00000285179	0	0	0
ENSG00000223026	0	0	0
ENSG00000225721	0	6	1297
ENSG00000188396	18	167	23
ENSG00000202167	0	0	0
ENSG00000207349	0	0	0
ENSG00000252826	0	0	0
ENSG00000206737	0	0	0
ENSG00000223779	0	0	0
ENSG00000242352	0	0	0
ENSG00000270962	0	0	0
ENSG00000263590	0	0	0
ENSG00000252105	0	0	0
ENSG00000233430	0	0	0
ENSG00000237503	0	0	0
ENSG00000265531	1	0	1
ENSG00000234571	0	0	0
ENSG00000230186	0	0	0
ENSG00000268074	0	0	0
ENSG00000270872	0	0	0
ENSG00000276674	0	0	0
ENSG00000082482	2	2	0
ENSG00000116747	88	71	65
ENSG00000118729	0	0	0
ENSG00000134207	0	0	0
ENSG00000163467	6	1	6
ENSG00000243710	3	1	3
ENSG00000117395	319	168	153
ENSG00000116874	78	48	38
ENSG00000065600	128	64	64
ENSG00000009780	88	36	52
ENSG00000023572	168	113	100
ENSG00000077254	171	84	87
ENSG00000134644	276	147	129
ENSG00000215788	436	253	280
ENSG00000117834	31	16	16
ENSG00000117625	225	112	113
ENSG00000179902	4	1	3
ENSG00000020633	1624	775	850
ENSG00000121766	165	98	94
ENSG00000143157	156	90	66
ENSG00000162614	25	11	14
ENSG00000160781	96	50	46
ENSG00000143344	35	17	18
ENSG00000162613	756	343	413
ENSG00000116882	0	0	0
ENSG00000198758	1368	665	703
ENSG00000117569	131	53	78
ENSG00000142856	74	37	50
ENSG00000158022	241	116	125
ENSG00000116396	71	30	41
ENSG00000058668	318	160	158
ENSG00000163875	299	137	162
ENSG00000282872	1	0	1
ENSG00000131238	638	299	339
ENSG00000171680	57	33	24
ENSG00000244457	0	0	0
ENSG00000116977	301	249	267
ENSG00000229372	0	13	28
ENSG00000274975	0	0	0
ENSG00000229348	0	0	0
ENSG00000242485	538	298	330
ENSG00000264293	0	0	0
ENSG00000272455	12	6	6
ENSG00000225905	0	0	0
ENSG00000225285	2	2	0
ENSG00000179403	46	17	29
ENSG00000215915	42	17	25
ENSG00000236085	0	0	0
ENSG00000234441	0	0	0
ENSG00000227408	0	0	0
ENSG00000223635	0	0	0
ENSG00000135776	59	32	27
ENSG00000199672	0	0	0
ENSG00000201492	0	0	0
ENSG00000229367	0	0	0
ENSG00000135763	53	25	28
ENSG00000213028	0	0	0
ENSG00000225984	0	0	0
ENSG00000178828	39	26	35
ENSG00000235434	1	13	10
ENSG00000169914	131	65	66
ENSG00000188784	0	0	0
ENSG00000242688	0	0	0
ENSG00000177186	0	0	0
ENSG00000177174	0	0	0
ENSG00000269956	1	12	12
ENSG00000162456	0	0	0
ENSG00000079277	285	168	140
ENSG00000117407	7	4	3
ENSG00000237950	1	0	1
ENSG00000117408	140	63	77
ENSG00000285649	3	4	9
ENSG00000117410	1147	565	582
ENSG00000159214	42	23	24
ENSG00000196517	58	27	36
ENSG00000227163	0	0	0
ENSG00000271647	0	0	0
ENSG00000239560	0	0	0
ENSG00000196539	0	0	0
ENSG00000229255	2	2	0
ENSG00000203661	0	0	0
ENSG00000271934	0	0	0
ENSG00000224521	0	0	0
ENSG00000227102	0	0	0
ENSG00000183310	0	0	0
ENSG00000201602	0	0	0
ENSG00000271701	0	0	0
ENSG00000189181	0	0	0
ENSG00000187238	0	0	0
ENSG00000185962	0	0	0
ENSG00000226947	0	0	0
ENSG00000285753	0	0	0
ENSG00000187223	0	0	0
ENSG00000159455	0	0	0
ENSG00000187173	1	0	1
ENSG00000204501	0	0	0
ENSG00000228229	0	0	0
ENSG00000204481	0	0	0
ENSG00000204479	0	0	0
ENSG00000172031	2	2	0
ENSG00000233228	0	0	0
ENSG00000224678	0	0	0
ENSG00000233401	0	0	0
ENSG00000273487	1	1	0
ENSG00000226773	0	0	0
ENSG00000274481	0	0	0
ENSG00000228594	17	11	6
ENSG00000286989	2	0	2
ENSG00000272106	42	25	25
ENSG00000189409	1	1	0
ENSG00000272004	0	12	7
ENSG00000189339	179	92	106
ENSG00000269737	7	2	5
ENSG00000215914	4	1	3
ENSG00000008128	79	56	23
ENSG00000268575	12	10	7
ENSG00000227775	18	12	11
ENSG00000008130	381	208	173
ENSG00000078369	1974	995	979
ENSG00000178821	111	45	66
ENSG00000158477	2	1	1
ENSG00000230942	0	0	0
ENSG00000158481	87	37	50
ENSG00000158485	1	1	0
ENSG00000158488	7	4	3
ENSG00000186306	0	0	0
ENSG00000203758	0	0	0
ENSG00000236257	0	0	0
ENSG00000236656	0	0	0
ENSG00000198703	0	0	0
ENSG00000227445	0	0	0
ENSG00000231434	3	1	2
ENSG00000117505	388	192	202
ENSG00000229635	0	0	0
ENSG00000207379	0	0	0
ENSG00000212601	0	0	0
ENSG00000162889	2213	1079	1134
ENSG00000224114	315	89	226
ENSG00000199349	0	0	0
ENSG00000162892	18	35	63
ENSG00000162894	435	279	236
ENSG00000271680	1	0	1
ENSG00000226945	1	0	1
ENSG00000162896	9661	4751	4910
ENSG00000162897	25	11	14
ENSG00000182795	108	45	63
ENSG00000198890	26	14	12
ENSG00000224550	1	1	0
ENSG00000142669	2244	1637	1558
ENSG00000169442	767	624	506
ENSG00000225854	0	0	0
ENSG00000176083	5	3	2
ENSG00000229167	8	7	1
ENSG00000142910	371	200	171
ENSG00000162517	426	220	235
ENSG00000235790	11	18	22
ENSG00000264078	0	0	0
ENSG00000241745	0	0	0
ENSG00000228407	9	4	5
ENSG00000223429	0	0	0
ENSG00000224255	1	1	0
ENSG00000236004	0	0	0
ENSG00000237663	0	0	0
ENSG00000213735	0	0	0
ENSG00000272100	1	8	16
ENSG00000287078	1	1	0
ENSG00000224680	3	0	3
ENSG00000085840	63	35	28
ENSG00000283445	1	1	0
ENSG00000272226	0	0	0
ENSG00000231740	0	0	0
ENSG00000143751	203	113	90
ENSG00000272562	4	2	3
ENSG00000163041	169	108	62
ENSG00000225518	6	3	3
ENSG00000270598	0	0	0
ENSG00000182827	509	271	263
ENSG00000234478	1	18	8
ENSG00000223570	1	1	0
ENSG00000185155	59	24	35
ENSG00000236773	3	2	1
ENSG00000143753	689	346	343
ENSG00000201898	0	0	0
ENSG00000237101	1	41	18
ENSG00000143748	135	92	101
ENSG00000221406	0	0	0
ENSG00000229742	0	0	0
ENSG00000206887	0	0	0
ENSG00000143771	244	120	124
ENSG00000266618	0	0	0
ENSG00000229991	0	0	0
ENSG00000233384	0	0	0
ENSG00000234247	0	0	0
ENSG00000183682	34	28	36
ENSG00000237624	5	1	4
ENSG00000228060	0	137	136
ENSG00000201457	0	0	0
ENSG00000163909	28	21	7
ENSG00000225903	0	0	0
ENSG00000116983	79	40	39
ENSG00000225333	0	0	0
ENSG00000252413	0	0	0
ENSG00000090621	2543	1377	1439
ENSG00000236994	0	0	0
ENSG00000275406	0	0	0
ENSG00000270287	0	0	0
ENSG00000229965	0	0	0
ENSG00000223282	0	0	0
ENSG00000177770	0	0	0
ENSG00000287627	0	0	0
ENSG00000283933	0	0	0
ENSG00000143369	92	49	43
ENSG00000228126	6	5	1
ENSG00000237781	9	11	4
ENSG00000264553	5	2	3
ENSG00000277452	3	3	0
ENSG00000274963	5	4	1
ENSG00000253047	4	1	3
ENSG00000143420	2252	1074	1178
ENSG00000276103	5	0	5
ENSG00000143457	135	62	73
ENSG00000143452	0	0	0
ENSG00000206931	0	0	0
ENSG00000236713	0	0	0
ENSG00000224690	0	0	0
ENSG00000203804	5	20	19
ENSG00000143384	14002	7021	6981
ENSG00000154342	0	0	0
ENSG00000276255	1	0	1
ENSG00000284163	0	0	0
ENSG00000143793	296	141	155
ENSG00000162910	390	206	1