N_unmapped	417865	417865	417865
N_multimapping	3262658	3262658	3262658
N_noFeature	7158135	24291031	23433500
N_ambiguous	3267282	848866	829043
ENSG00000160072	2333	1127	1206
ENSG00000234396	0	1	0
ENSG00000225972	28	9	19
ENSG00000224315	6	4	2
ENSG00000198744	98	25	74
ENSG00000279928	5	4	1
ENSG00000228037	108	43	65
ENSG00000142611	51	22	29
ENSG00000225630	4319	2147	2172
ENSG00000284616	0	0	0
ENSG00000157911	417	926	956
ENSG00000269896	107	60	47
ENSG00000237973	878	380	533
ENSG00000228463	3	4	1
ENSG00000260972	0	0	0
ENSG00000157933	1479	719	760
ENSG00000224340	0	0	0
ENSG00000226545	2	0	2
ENSG00000268663	0	0	0
ENSG00000226374	0	0	0
ENSG00000229280	0	0	0
ENSG00000142655	707	398	444
ENSG00000232596	0	0	0
ENSG00000235054	0	0	0
ENSG00000232663	0	0	0
ENSG00000240409	0	0	0
ENSG00000229344	62	50	21
ENSG00000231510	0	0	0
ENSG00000149527	838	396	442
ENSG00000284739	0	0	0
ENSG00000171621	1149	583	566
ENSG00000272235	11	4	7
ENSG00000284694	0	0	0
ENSG00000230021	8	14	29
ENSG00000287356	22	15	15
ENSG00000224387	6	3	3
ENSG00000285629	0	0	0
ENSG00000173673	0	0	0
ENSG00000142583	2282	1151	1131
ENSG00000284674	0	0	0
ENSG00000272161	2	1	1
ENSG00000237094	35	22	13
ENSG00000224338	0	0	0
ENSG00000074800	30143	15138	15016
ENSG00000116786	2449	1350	1343
ENSG00000287727	19	10	9
ENSG00000228423	1	0	1
ENSG00000286448	0	1	1
ENSG00000131686	11	7	10
ENSG00000229305	0	0	0
ENSG00000284703	47	24	23
ENSG00000226457	2	1	1
ENSG00000173614	704	330	374
ENSG00000248527	25433	11802	13631
ENSG00000215720	6	4	2
ENSG00000241326	0	0	0
ENSG00000233623	6	6	0
ENSG00000162592	2	31	35
ENSG00000116254	14	11	3
ENSG00000233645	0	0	0
ENSG00000204624	11	7	5
ENSG00000142606	43	246	253
ENSG00000235146	0	0	0
ENSG00000225931	67	33	35
ENSG00000171729	389	205	196
ENSG00000279457	123	38	85
ENSG00000162571	43	20	29
ENSG00000229393	6	5	1
ENSG00000037637	1020	524	496
ENSG00000287586	0	0	0
ENSG00000159423	407	199	208
ENSG00000142599	5330	2222	3109
ENSG00000227169	0	0	0
ENSG00000283356	0	0	0
ENSG00000011021	1265	635	681
ENSG00000142615	0	0	0
ENSG00000215704	7	9	6
ENSG00000157916	3288	2370	2383
ENSG00000157881	1126	516	610
ENSG00000238290	5	4	1
ENSG00000225387	0	0	0
ENSG00000048707	2434	1203	1231
ENSG00000158748	38	21	17
ENSG00000225196	0	0	0
ENSG00000162444	36	15	21
ENSG00000279625	0	0	0
ENSG00000180758	648	319	329
ENSG00000184677	2240	1095	1145
ENSG00000230679	7	13	5
ENSG00000270136	1	0	1
ENSG00000288398	227	123	104
ENSG00000224621	15	10	5
ENSG00000285833	0	1	0
ENSG00000131697	477	242	243
ENSG00000284692	0	0	0
ENSG00000284745	0	0	0
ENSG00000280222	1	0	1
ENSG00000227634	0	0	0
ENSG00000285945	1	1	0
ENSG00000229162	9	4	5
ENSG00000197921	9	7	3
ENSG00000233755	0	1	0
ENSG00000233929	2	1	1
ENSG00000271742	1	0	1
ENSG00000226396	61	21	40
ENSG00000169504	5043	2423	2620
ENSG00000234166	0	37	14
ENSG00000235282	0	0	0
ENSG00000055070	3797	2479	2638
ENSG00000175087	671	335	336
ENSG00000157191	3151	1523	1628
ENSG00000284699	0	0	0
ENSG00000230035	0	0	0
ENSG00000235185	2	1	1
ENSG00000225643	4	0	4
ENSG00000284666	0	0	0
ENSG00000228943	0	0	0
ENSG00000234397	0	0	0
ENSG00000284309	0	0	0
ENSG00000162511	20229	16223	16442
ENSG00000158014	9	1	8
ENSG00000204138	2239	1044	1195
ENSG00000233419	0	0	0
ENSG00000235263	0	0	0
ENSG00000228176	0	0	0
ENSG00000231251	0	0	0
ENSG00000142675	1017	508	509
ENSG00000197245	101	56	45
ENSG00000261025	0	0	0
ENSG00000116237	2632	1349	1412
ENSG00000130772	842	406	436
ENSG00000215899	0	0	0
ENSG00000271398	9	4	5
ENSG00000225011	0	0	0
ENSG00000235069	0	0	0
ENSG00000284676	0	0	0
ENSG00000237058	2	2	0
ENSG00000233399	1	1	0
ENSG00000090020	1384	667	717
ENSG00000157978	1527	717	810
ENSG00000226944	21	7	20
ENSG00000270282	4	1	3
ENSG00000130770	3402	2420	3098
ENSG00000229044	1	142	95
ENSG00000162512	997	484	513
ENSG00000158006	986	497	489
ENSG00000214812	0	0	0
ENSG00000126698	3557	1718	1839
ENSG00000229447	28	17	11
ENSG00000229607	0	0	0
ENSG00000130766	698	330	368
ENSG00000168528	3430	1745	1685
ENSG00000196581	7	3	4
ENSG00000169403	926	451	475
ENSG00000084628	2	1	1
ENSG00000060688	1779	856	923
ENSG00000171612	453	214	239
ENSG00000270927	0	0	0
ENSG00000188910	520	261	259
ENSG00000230523	0	0	0
ENSG00000116138	1253	703	691
ENSG00000158161	1680	874	806
ENSG00000142684	0	203	235
ENSG00000234619	1	1	0
ENSG00000121769	81	38	44
ENSG00000142627	941	460	481
ENSG00000284668	0	0	0
ENSG00000233234	0	0	0
ENSG00000142632	307	165	193
ENSG00000234593	23	8	15
ENSG00000158292	593	301	292
ENSG00000270605	404	194	222
ENSG00000189337	186	176	156
ENSG00000232912	48	18	31
ENSG00000235084	3	1	2
ENSG00000235143	0	0	0
ENSG00000225478	0	0	0
ENSG00000225077	27	52	53
ENSG00000028137	2978	1459	1519
ENSG00000238249	2	0	2
ENSG00000204464	10	5	5
ENSG00000233372	0	0	0
ENSG00000283259	1	0	1
ENSG00000284543	22	15	10
ENSG00000130939	1809	884	925
ENSG00000175147	129	143	144
ENSG00000127472	32	15	17
ENSG00000060656	143	64	79
ENSG00000163867	943	432	511
ENSG00000232768	5	3	2
ENSG00000230214	0	0	0
ENSG00000189280	18	7	11
ENSG00000134698	1332	629	703
ENSG00000134690	2144	1069	1075
ENSG00000272420	20	9	11
ENSG00000132881	195	87	108
ENSG00000273274	2	3	0
ENSG00000116251	4344	2065	2346
ENSG00000272510	13	21	31
ENSG00000158286	1274	672	728
ENSG00000236648	0	0	0
ENSG00000232273	14	9	5
ENSG00000009709	1	1	0
ENSG00000287396	0	0	0
ENSG00000223589	0	0	0
ENSG00000158008	14	7	7
ENSG00000130940	584	433	456
ENSG00000116771	893	475	520
ENSG00000237301	20	10	10
ENSG00000162585	1119	817	724
ENSG00000163879	118	73	59
ENSG00000227527	11	4	7
ENSG00000116954	520	232	288
ENSG00000228589	83	82	1
ENSG00000163873	52	23	29
ENSG00000117215	970	489	481
ENSG00000196449	517	378	376
ENSG00000230163	0	54	42
ENSG00000227538	1	0	1
ENSG00000232208	3	0	3
ENSG00000236500	0	0	0
ENSG00000044012	42	18	24
ENSG00000179051	8305	4811	4855
ENSG00000215895	1	0	1
ENSG00000231868	11	12	5
ENSG00000284650	0	0	0
ENSG00000237329	7	2	5
ENSG00000236948	1	0	1
ENSG00000126067	3554	1698	1856
ENSG00000274944	5	1	4
ENSG00000132906	650	308	350
ENSG00000197312	2108	1022	1086
ENSG00000284748	0	0	0
ENSG00000272078	56	195	166
ENSG00000173660	5115	2413	2702
ENSG00000224592	0	0	0
ENSG00000233728	0	42	64
ENSG00000230451	0	0	0
ENSG00000231606	5	4	1
ENSG00000215900	0	0	0
ENSG00000284632	0	0	0
ENSG00000241014	24	6	18
ENSG00000054118	6820	3260	3562
ENSG00000254553	1	0	1
ENSG00000284653	0	0	0
ENSG00000237749	3	1	2
ENSG00000276747	0	0	0
ENSG00000284705	0	0	0
ENSG00000228776	1	1	0
ENSG00000159339	23	9	14
ENSG00000223814	0	0	0
ENSG00000197982	657	341	553
ENSG00000261781	0	0	0
ENSG00000183317	1581	787	794
ENSG00000183386	134	66	68
ENSG00000284743	0	0	0
ENSG00000158315	795	413	511
ENSG00000204084	2750	1564	1637
ENSG00000186973	3	1	2
ENSG00000271806	43	50	61
ENSG00000146463	1930	948	1095
ENSG00000279214	5	4	1
ENSG00000183520	933	451	482
ENSG00000271741	0	0	0
ENSG00000214141	1	0	1
ENSG00000142686	433	230	203
ENSG00000224751	4	2	2
ENSG00000279096	0	0	0
ENSG00000117148	14	7	7
ENSG00000230585	10	5	5
ENSG00000117000	1196	550	646
ENSG00000284989	0	0	0
ENSG00000231630	0	0	0
ENSG00000092853	1274	644	743
ENSG00000255811	0	8	11
ENSG00000134697	1953	945	1022
ENSG00000187513	205	83	122
ENSG00000238145	0	0	0
ENSG00000225142	0	0	0
ENSG00000230138	73	36	37
ENSG00000223390	2	56	53
ENSG00000285823	2	0	3
ENSG00000284720	0	0	0
ENSG00000225028	3	2	1
ENSG00000225671	0	0	0
ENSG00000116151	367	175	200
ENSG00000226147	0	0	0
ENSG00000182873	206	109	105
ENSG00000006555	855	430	425
ENSG00000236111	0	0	1
ENSG00000066056	333	178	155
ENSG00000214114	729	334	395
ENSG00000173436	531	173	367
ENSG00000116544	88	50	38
ENSG00000231900	0	0	0
ENSG00000236723	8	484	447
ENSG00000232467	3	2	1
ENSG00000117016	290	135	155
ENSG00000121310	4416	2087	2329
ENSG00000169213	91	38	53
ENSG00000163866	1310	701	705
ENSG00000225779	4	1	3
ENSG00000284601	1	1	0
ENSG00000237130	3	2	1
ENSG00000143001	32	39	31
ENSG00000229716	0	0	0
ENSG00000226133	1	1	0
ENSG00000227416	0	0	0
ENSG00000232335	5	52	66
ENSG00000260971	6	2	4
ENSG00000259832	0	0	0
ENSG00000284696	0	0	0
ENSG00000238242	0	0	0
ENSG00000285839	0	0	0
ENSG00000237290	1	1	0
ENSG00000232762	1	0	1
ENSG00000117419	1022	506	516
ENSG00000162384	1469	821	766
ENSG00000162391	66	230	216
ENSG00000174348	258	176	166
ENSG00000154198	0	0	0
ENSG00000117859	2779	1337	1455
ENSG00000228121	0	0	0
ENSG00000253313	631	298	333
ENSG00000162396	226	105	121
ENSG00000203995	75	39	42
ENSG00000227742	110	75	42
ENSG00000284686	1	1	0
ENSG00000162378	1010	499	511
ENSG00000233079	0	0	0
ENSG00000259818	3	2	1
ENSG00000229444	2	2	0
ENSG00000240563	53	25	28
ENSG00000234318	0	0	0
ENSG00000284773	66	29	37
ENSG00000234481	0	0	0
ENSG00000117862	201	142	60
ENSG00000235612	0	0	0
ENSG00000228369	6	3	3
ENSG00000183431	2955	1421	1534
ENSG00000227485	0	0	0
ENSG00000224609	19	10	9
ENSG00000235545	12	4	8
ENSG00000236646	0	0	0
ENSG00000169174	263	119	144
ENSG00000232198	0	0	0
ENSG00000238063	34	15	19
ENSG00000227104	0	0	0
ENSG00000243725	76	58	18
ENSG00000171872	1	1	0
ENSG00000162407	967	466	501
ENSG00000285079	0	0	0
ENSG00000169218	36	18	18
ENSG00000163877	737	325	412
ENSG00000228929	10	1	9
ENSG00000224570	0	0	0
ENSG00000224980	0	0	0
ENSG00000278967	3	0	3
ENSG00000157184	937	907	1071
ENSG00000272491	14	14	10
ENSG00000198815	2214	1066	1148
ENSG00000134744	2535	1209	1327
ENSG00000233910	0	0	0
ENSG00000287703	4	3	1
ENSG00000283039	0	0	0
ENSG00000229032	0	0	0
ENSG00000229294	1	0	1
ENSG00000232993	0	44	34
ENSG00000234088	1	1	0
ENSG00000236973	3	0	3
ENSG00000227947	10	5	5
ENSG00000277397	0	0	0
ENSG00000271200	4	1	3
ENSG00000235446	0	0	0
ENSG00000261196	0	0	0
ENSG00000162385	1454	668	787
ENSG00000231413	0	0	0
ENSG00000234264	10	7	3
ENSG00000242391	2	6	2
ENSG00000223883	0	0	0
ENSG00000284808	0	0	0
ENSG00000242267	2	0	2
ENSG00000237227	0	0	0
ENSG00000275350	0	0	0
ENSG00000116652	34	22	17
ENSG00000123080	1243	624	630
ENSG00000285778	0	0	0
ENSG00000077549	11771	5849	5931
ENSG00000233407	0	0	0
ENSG00000225675	9	11	3
ENSG00000237622	0	0	0
ENSG00000162598	1	1	0
ENSG00000280317	0	0	0
ENSG00000162415	478	237	254
ENSG00000162600	710	315	395
ENSG00000116704	2274	1115	1159
ENSG00000227644	0	3	3
ENSG00000157193	617	393	410
ENSG00000116205	1112	541	604
ENSG00000198841	113	53	60
ENSG00000116212	762	388	374
ENSG00000234204	0	0	0
ENSG00000233099	2	2	0
ENSG00000233994	12	9	3
ENSG00000237180	0	0	0
ENSG00000213561	9	6	3
ENSG00000233973	0	0	0
ENSG00000237552	0	0	0
ENSG00000132854	153	66	87
ENSG00000227556	0	0	0
ENSG00000162616	460	230	233
ENSG00000162607	3010	1459	1551
ENSG00000233602	8	4	4
ENSG00000233271	0	21	17
ENSG00000285954	69	36	33
ENSG00000233333	2	1	1
ENSG00000154027	21	9	12
ENSG00000234108	0	0	0
ENSG00000232676	0	0	0
ENSG00000225167	0	0	0
ENSG00000132122	206	104	102
ENSG00000213579	1	0	1
ENSG00000137960	970	498	472
ENSG00000237852	2	2	0
ENSG00000116745	1	1	0
ENSG00000132855	13	8	5
ENSG00000285407	0	0	0
ENSG00000272855	2	2	0
ENSG00000270549	1	0	1
ENSG00000237163	0	0	0
ENSG00000229636	0	0	0
ENSG00000116675	49	19	30
ENSG00000162433	620	291	329
ENSG00000213625	2022	936	1086
ENSG00000227207	0	0	0
ENSG00000227016	0	0	0
ENSG00000233664	0	0	0
ENSG00000158966	137	77	60
ENSG00000213703	3	1	2
ENSG00000203965	237	126	115
ENSG00000223479	0	0	0
ENSG00000233674	4	1	3
ENSG00000153898	1692	803	889
ENSG00000117069	30	10	20
ENSG00000125703	454	228	226
ENSG00000285041	1	1	0
ENSG00000285808	0	0	0
ENSG00000229440	0	0	0
ENSG00000234144	0	0	0
ENSG00000213540	0	0	0
ENSG00000277670	0	0	0
ENSG00000227466	0	0	0
ENSG00000154007	0	0	0
ENSG00000230498	3	2	1
ENSG00000285782	0	0	0
ENSG00000162618	256	136	120
ENSG00000224493	0	0	0
ENSG00000131233	3	3	0
ENSG00000272371	6	2	4
ENSG00000287647	0	0	0
ENSG00000229225	0	0	0
ENSG00000230863	2	1	1
ENSG00000213560	0	0	0
ENSG00000287224	0	0	0
ENSG00000225598	0	0	0
ENSG00000286455	0	0	0
ENSG00000225087	0	0	0
ENSG00000224986	2	1	1
ENSG00000280378	68	23	45
ENSG00000188786	757	384	373
ENSG00000230053	0	0	0
ENSG00000137941	143	72	71
ENSG00000273338	18	7	11
ENSG00000223720	0	0	0
ENSG00000224326	0	0	0
ENSG00000286548	21	11	10
ENSG00000066135	616	483	506
ENSG00000230027	0	0	0
ENSG00000233061	1	0	1
ENSG00000272094	3	3	0
ENSG00000228853	0	0	0
ENSG00000215874	0	0	0
ENSG00000232453	35	19	16
ENSG00000260386	0	0	0
ENSG00000284895	0	0	0
ENSG00000117174	955	483	472
ENSG00000237413	4	2	2
ENSG00000184313	85	36	49
ENSG00000284645	0	0	0
ENSG00000225605	0	0	0
ENSG00000225446	0	0	0
ENSG00000288543	2	2	0
ENSG00000122420	113	60	53
ENSG00000284240	0	0	0
ENSG00000236290	6	3	3
ENSG00000143013	1227	582	645
ENSG00000226084	11	6	5
ENSG00000134748	3105	1502	1604
ENSG00000142892	670	319	351
ENSG00000219102	3	1	2
ENSG00000184005	135	58	77
ENSG00000230953	42	21	21
ENSG00000287743	12	5	7
ENSG00000229332	0	0	0
ENSG00000227937	0	0	0
ENSG00000229752	1	1	0
ENSG00000237505	6	3	3
ENSG00000285462	0	0	0
ENSG00000233216	0	0	0
ENSG00000197273	535	275	260
ENSG00000226804	0	0	0
ENSG00000285325	0	0	0
ENSG00000230728	6	3	3
ENSG00000162402	4324	2155	2169
ENSG00000232846	1	1	0
ENSG00000219201	2	2	0
ENSG00000230787	0	0	0
ENSG00000116641	861	429	432
ENSG00000235927	10	10	15
ENSG00000223920	0	0	0
ENSG00000237453	10	9	1
ENSG00000172260	224	118	108
ENSG00000285473	0	0	0
ENSG00000237959	0	0	0
ENSG00000231364	0	0	0
ENSG00000234578	0	1	2
ENSG00000117480	2076	1026	1050
ENSG00000137944	965	483	482
ENSG00000229505	0	0	0
ENSG00000228187	2	1	1
ENSG00000285201	0	0	0
ENSG00000182183	457	227	230
ENSG00000236407	0	0	0
ENSG00000271949	0	0	0
ENSG00000227062	0	0	0
ENSG00000067334	1936	880	1056
ENSG00000235011	0	0	0
ENSG00000235673	1	1	0
ENSG00000226938	0	0	0
ENSG00000213559	0	0	0
ENSG00000287587	1	1	0
ENSG00000142949	7286	3550	3736
ENSG00000116133	2804	1541	1575
ENSG00000232882	2	1	1
ENSG00000171502	40	23	17
ENSG00000162399	0	0	0
ENSG00000116157	319	165	154
ENSG00000143036	1187	584	603
ENSG00000232672	0	0	0
ENSG00000230817	1	1	0
ENSG00000235613	15	7	8
ENSG00000065243	1669	817	852
ENSG00000226759	1	0	1
ENSG00000226960	1	1	0
ENSG00000234080	1	1	0
ENSG00000237899	11	5	6
ENSG00000225492	10	5	6
ENSG00000223905	0	0	0
ENSG00000227290	1	1	0
ENSG00000229486	0	0	0
ENSG00000282898	0	0	0
ENSG00000285409	0	0	0
ENSG00000231090	13	8	5
ENSG00000117528	1975	970	1005
ENSG00000271723	3	1	2
ENSG00000172339	483	242	241
ENSG00000036549	1199	588	611
ENSG00000287724	1	85	62
ENSG00000058799	924	445	479
ENSG00000225191	0	0	0
ENSG00000287870	0	0	0
ENSG00000235563	2	1	1
ENSG00000232048	0	0	0
ENSG00000232857	2	1	1
ENSG00000273637	0	0	0
ENSG00000203985	1	1	0
ENSG00000228838	3	10	6
ENSG00000283761	42	12	30
ENSG00000189433	13	19	13
ENSG00000230759	0	0	0
ENSG00000231866	0	0	0
ENSG00000179178	727	357	377
ENSG00000142700	8	4	4
ENSG00000285525	0	0	0
ENSG00000236098	0	0	0
ENSG00000233514	2	0	2
ENSG00000127124	719	339	380
ENSG00000266993	32	51	62
ENSG00000223675	1	0	1
ENSG00000162604	822	343	479
ENSG00000229316	0	0	0
ENSG00000116171	5094	2427	2671
ENSG00000287406	4	3	1
ENSG00000225767	6	4	2
ENSG00000234099	3	3	0
ENSG00000137936	1266	646	683
ENSG00000235308	11	3	8
ENSG00000232752	0	0	0
ENSG00000235829	1	0	1
ENSG00000143032	0	0	0
ENSG00000226745	0	0	0
ENSG00000178028	2517	1204	1313
ENSG00000280040	10	5	5
ENSG00000168710	3638	1790	1848
ENSG00000117519	1900	952	948
ENSG00000270507	0	0	0
ENSG00000238037	0	0	0
ENSG00000215869	0	0	0
ENSG00000134215	2565	1278	1287
ENSG00000227935	0	0	0
ENSG00000229887	2	1	1
ENSG00000228502	24	9	15
ENSG00000236268	2	0	2
ENSG00000271277	0	0	0
ENSG00000236888	1	0	1
ENSG00000279778	3	3	0
ENSG00000232015	1	1	0
ENSG00000230955	0	254	197
ENSG00000230828	0	0	0
ENSG00000188641	425	205	237
ENSG00000152078	408	190	218
ENSG00000237279	2	1	1
ENSG00000233359	0	0	0
ENSG00000237954	0	0	0
ENSG00000185668	77	33	44
ENSG00000171492	1363	647	716
ENSG00000233129	1	0	1
ENSG00000170989	914	428	486
ENSG00000258634	203	164	183
ENSG00000233557	0	0	0
ENSG00000237897	0	0	0
ENSG00000116299	3173	1591	1586
ENSG00000137962	306	145	161
ENSG00000227832	0	0	0
ENSG00000286692	1	0	1
ENSG00000260464	10	5	6
ENSG00000237435	0	0	0
ENSG00000231996	0	0	0
ENSG00000273204	1	5	5
ENSG00000079739	2237	1215	1233
ENSG00000117154	6	5	1
ENSG00000162377	749	368	381
ENSG00000224613	1	0	1
ENSG00000215871	0	0	0
ENSG00000287372	1	0	1
ENSG00000232542	0	0	0
ENSG00000231095	3	2	1
ENSG00000116774	395	188	207
ENSG00000287756	5	2	3
ENSG00000269113	54	31	23
ENSG00000284652	23	8	15
ENSG00000023909	481	231	250
ENSG00000069702	439	218	221
ENSG00000232185	0	0	0
ENSG00000230489	30	16	14
ENSG00000228399	7	5	2
ENSG00000236776	0	0	0
ENSG00000285928	29	20	9
ENSG00000224685	0	0	0
ENSG00000287076	0	0	0
ENSG00000237480	0	0	0
ENSG00000271252	0	0	0
ENSG00000230427	2	1	1
ENSG00000235794	0	0	0
ENSG00000286758	0	0	0
ENSG00000237337	0	0	0
ENSG00000233983	0	0	0
ENSG00000198198	2775	2212	2179
ENSG00000225183	1	1	0
ENSG00000230402	0	0	0
ENSG00000116793	505	265	240
ENSG00000134201	115	54	61
ENSG00000238122	0	0	0
ENSG00000260879	0	38	40
ENSG00000213366	1154	587	567
ENSG00000230864	0	0	0
ENSG00000283354	0	0	0
ENSG00000232918	4	4	0
ENSG00000236360	0	0	4
ENSG00000183298	1	2	0
ENSG00000234332	3	2	1
ENSG00000117525	872	425	447
ENSG00000225079	26	18	8
ENSG00000226483	0	0	0
ENSG00000224238	7	4	3
ENSG00000229537	0	0	0
ENSG00000162699	0	0	0
ENSG00000162692	1756	853	903
ENSG00000203914	2	2	0
ENSG00000270457	0	0	0
ENSG00000203858	0	0	0
ENSG00000231987	0	0	0
ENSG00000228057	10	7	3
ENSG00000261593	0	0	0
ENSG00000224445	0	0	0
ENSG00000229842	0	0	0
ENSG00000270631	0	0	0
ENSG00000229201	0	0	0
ENSG00000181656	4	1	3
ENSG00000122481	173	108	65
ENSG00000198162	1606	786	820
ENSG00000238198	33	20	13
ENSG00000171517	10	7	3
ENSG00000228852	27	21	6
ENSG00000203864	0	0	0
ENSG00000233482	0	0	0
ENSG00000230250	0	0	0
ENSG00000232878	2	11	8
ENSG00000143079	1025	507	518
ENSG00000232450	31	20	11
ENSG00000223575	0	0	0
ENSG00000230768	0	0	0
ENSG00000235202	0	0	0
ENSG00000272715	5	1	4
ENSG00000235038	0	0	0
ENSG00000143093	1344	612	732
ENSG00000226415	33	2	31
ENSG00000085491	1275	666	710
ENSG00000173947	22	12	10
ENSG00000241361	0	0	0
ENSG00000230434	0	0	0
ENSG00000230718	0	0	0
ENSG00000134198	123	62	61
ENSG00000235595	0	0	0
ENSG00000226053	0	0	0
ENSG00000226128	1	0	1
ENSG00000198799	1477	791	829
ENSG00000279513	8	1	7
ENSG00000117620	3329	1640	1721
ENSG00000280186	7	5	2
ENSG00000223906	0	0	0
ENSG00000162688	1313	632	681
ENSG00000197106	2	1	1
ENSG00000259946	1	1	0
ENSG00000236137	32	27	35
ENSG00000203859	26	10	16
ENSG00000228086	1	9	15
ENSG00000213421	0	0	0
ENSG00000234020	0	0	0
ENSG00000060718	20	10	10
ENSG00000236804	0	0	0
ENSG00000231072	0	0	0
ENSG00000273406	1	1	0
ENSG00000185946	927	493	434
ENSG00000162627	799	366	433
ENSG00000226715	0	0	1
ENSG00000162695	1392	716	676
ENSG00000134184	463	350	249
ENSG00000265808	1734	886	848
ENSG00000261290	0	0	0
ENSG00000225923	0	0	0
ENSG00000134247	1669	848	821
ENSG00000187481	0	0	0
ENSG00000116752	1134	539	595
ENSG00000162664	1550	700	850
ENSG00000236866	1	1	0
ENSG00000134253	117	54	63
ENSG00000277655	0	0	0
ENSG00000223416	0	0	0
ENSG00000213226	0	0	0
ENSG00000179571	6	2	4
ENSG00000227850	0	0	0
ENSG00000243967	0	0	0
ENSG00000235777	2	2	0
ENSG00000260246	8	69	76
ENSG00000173218	514	251	263
ENSG00000285532	0	1	0
ENSG00000226755	0	0	0
ENSG00000232650	1	1	1
ENSG00000183508	2578	1281	1297
ENSG00000277095	0	0	0
ENSG00000236806	4	1	3
ENSG00000234283	0	0	0
ENSG00000237188	7	4	3
ENSG00000232780	0	0	0
ENSG00000274927	0	0	0
ENSG00000264145	0	0	0
ENSG00000238256	0	0	0
ENSG00000198765	0	0	0
ENSG00000224335	0	0	0
ENSG00000277702	3	1	2
ENSG00000143398	2044	984	1060
ENSG00000196505	693	361	332
ENSG00000225871	31	20	42
ENSG00000223489	0	0	0
ENSG00000230546	0	0	0
ENSG00000213262	3	0	3
ENSG00000287015	0	0	0
ENSG00000241720	0	47	11
ENSG00000235526	0	0	0
ENSG00000228347	0	0	0
ENSG00000276975	33	20	13
ENSG00000236012	0	0	0
ENSG00000270911	0	0	0
ENSG00000272824	10	8	2
ENSG00000134200	0	0	0
ENSG00000234257	0	0	0
ENSG00000065183	975	477	572
ENSG00000227082	8	4	4
ENSG00000228626	0	0	0
ENSG00000226126	0	0	0
ENSG00000163393	124	70	54
ENSG00000163156	877	409	470
ENSG00000143631	4	3	1
ENSG00000156150	0	86	58
ENSG00000228453	1	0	1
ENSG00000274642	0	0	0
ENSG00000177551	0	0	0
ENSG00000197323	1861	947	914
ENSG00000237975	3	2	1
ENSG00000261168	1	0	1
ENSG00000287980	0	0	0
ENSG00000229283	0	4	1
ENSG00000271419	0	0	0
ENSG00000226172	0	0	0
ENSG00000079335	391	197	217
ENSG00000143119	11868	5723	6145
ENSG00000237278	0	77	66
ENSG00000285062	0	0	0
ENSG00000233432	0	0	0
ENSG00000227700	0	0	0
ENSG00000229911	0	0	0
ENSG00000143520	0	0	0
ENSG00000171943	143	56	89
ENSG00000270719	0	0	0
ENSG00000155761	5	35	44
ENSG00000230806	0	0	0
ENSG00000116830	1697	857	840
ENSG00000234422	0	0	0
ENSG00000227056	3	1	2
ENSG00000143614	1750	872	878
ENSG00000227091	0	0	0
ENSG00000169418	185	81	104
ENSG00000214204	0	0	0
ENSG00000081026	658	326	332
ENSG00000225650	3	3	0
ENSG00000227179	0	0	0
ENSG00000224965	11	7	4
ENSG00000228127	0	0	0
ENSG00000226984	3	2	1
ENSG00000186150	0	0	0
ENSG00000143554	1122	550	573
ENSG00000143458	2087	983	1106
ENSG00000230932	0	0	0
ENSG00000073754	4	3	1
ENSG00000228826	1	0	1
ENSG00000233907	0	0	0
ENSG00000225036	0	0	0
ENSG00000228420	0	0	0
ENSG00000233839	0	0	0
ENSG00000250890	0	0	0
ENSG00000232240	0	0	0
ENSG00000280649	89	60	53
ENSG00000131781	836	406	473
ENSG00000223599	21	9	12
ENSG00000230921	0	0	0
ENSG00000286151	2	0	2
ENSG00000234388	0	0	0
ENSG00000235015	0	0	0
ENSG00000271736	1	1	0
ENSG00000235988	0	0	0
ENSG00000233717	0	0	0
ENSG00000231551	107	57	50
ENSG00000227295	30	17	13
ENSG00000163155	205	109	97
ENSG00000243613	0	38	37
ENSG00000241975	20	7	13
ENSG00000271143	0	0	0
ENSG00000270976	0	0	0
ENSG00000228217	1	0	1
ENSG00000270342	0	0	0
ENSG00000143552	30	18	12
ENSG00000175984	45	30	15
ENSG00000231100	0	0	0
ENSG00000116824	1450	685	765
ENSG00000235887	0	0	0
ENSG00000237460	0	0	0
ENSG00000236327	1	0	1
ENSG00000223804	42	20	22
ENSG00000236887	0	0	0
ENSG00000024526	718	363	436
ENSG00000236480	2	0	2
ENSG00000235756	0	0	0
ENSG00000173810	0	0	0
ENSG00000235005	0	0	0
ENSG00000271890	0	0	0
ENSG00000238107	0	0	1
ENSG00000227425	2	2	0
ENSG00000233222	0	17	15
ENSG00000225279	5	2	3
ENSG00000229101	0	0	0
ENSG00000224927	0	0	0
ENSG00000239216	0	0	0
ENSG00000283360	10	6	4
ENSG00000117262	214	112	102
ENSG00000227907	21	8	13
ENSG00000143624	3699	1831	2048
ENSG00000227970	0	0	0
ENSG00000261055	0	0	0
ENSG00000231613	2	1	1
ENSG00000137947	983	452	531
ENSG00000236689	0	0	0
ENSG00000233589	15	49	47
ENSG00000117586	138	68	70
ENSG00000230946	5	5	0
ENSG00000226028	0	0	0
ENSG00000162728	3	4	0
ENSG00000229021	4	1	3
ENSG00000203825	0	0	0
ENSG00000184371	1122	583	539
ENSG00000233449	0	0	0
ENSG00000242943	0	0	0
ENSG00000233203	1	1	0
ENSG00000232499	8	4	4
ENSG00000232265	14	8	7
ENSG00000163154	253	116	138
ENSG00000232995	58	25	33
ENSG00000236957	0	0	0
ENSG00000238087	0	0	0
ENSG00000227777	1	0	1
ENSG00000177173	38	20	18
ENSG00000277406	19	4	15
ENSG00000238022	0	0	0
ENSG00000231671	1	1	0
ENSG00000162729	2043	992	1052
ENSG00000143158	2188	1494	1891
ENSG00000271092	25	14	11
ENSG00000238118	0	0	0
ENSG00000276118	0	0	0
ENSG00000232148	0	0	0
ENSG00000278811	60	76	70
ENSG00000000460	490	471	494
ENSG00000188859	81	41	45
ENSG00000275075	0	0	0
ENSG00000135862	1590	790	800
ENSG00000232952	0	0	0
ENSG00000158473	1083	495	588
ENSG00000227722	1	0	1
ENSG00000285922	0	0	0
ENSG00000275801	15	6	9
ENSG00000143198	2533	1223	1310
ENSG00000143318	25	15	10
ENSG00000232188	0	0	0
ENSG00000232212	0	0	0
ENSG00000143621	5291	2573	2728
ENSG00000241042	0	0	0
ENSG00000143155	1604	757	847
ENSG00000260322	0	0	0
ENSG00000223495	0	0	0
ENSG00000143156	190	369	196
ENSG00000198771	9998	5011	5357
ENSG00000225462	2	1	1
ENSG00000237756	4	2	2
ENSG00000116147	119	60	61
ENSG00000213064	3862	2103	2080
ENSG00000203307	1	0	1
ENSG00000143179	922	613	591
ENSG00000271187	0	0	0
ENSG00000274562	0	0	0
ENSG00000143315	721	368	353
ENSG00000116199	2105	997	1108
ENSG00000231175	0	0	0
ENSG00000143185	13	4	9
ENSG00000235145	20	9	11
ENSG00000116260	5927	2977	2950
ENSG00000272931	42	25	17
ENSG00000143190	1507	888	853
ENSG00000225475	0	0	0
ENSG00000230898	1	1	0
ENSG00000232223	0	0	0
ENSG00000224698	0	0	0
ENSG00000287697	10	9	15
ENSG00000075945	1008	516	531
ENSG00000235303	0	0	0
ENSG00000234810	2	0	2
ENSG00000232750	8	4	4
ENSG00000224468	9	6	3
ENSG00000235628	0	0	0
ENSG00000232551	0	0	0
ENSG00000092607	2	0	2
ENSG00000238270	0	0	0
ENSG00000285894	0	0	0
ENSG00000236025	0	0	0
ENSG00000230687	0	0	0
ENSG00000230704	1	0	1
ENSG00000283255	0	0	0
ENSG00000227741	52	110	250
ENSG00000237049	0	0	0
ENSG00000286754	0	0	0
ENSG00000232751	0	0	0
ENSG00000236364	28	137	118
ENSG00000117091	1922	1705	1810
ENSG00000235378	0	0	0
ENSG00000143171	21	11	10
ENSG00000275767	0	0	0
ENSG00000224718	0	0	0
ENSG00000047410	4724	2427	2555
ENSG00000231992	1	0	1
ENSG00000018625	150	69	81
ENSG00000171806	258	138	142
ENSG00000287919	1	1	0
ENSG00000229914	2	1	1
ENSG00000233882	0	0	0
ENSG00000198358	2	2	0
ENSG00000229407	16	10	9
ENSG00000134216	13	4	14
ENSG00000230748	0	0	0
ENSG00000254154	33	15	18
ENSG00000162694	241	114	136
ENSG00000238108	0	0	0
ENSG00000214262	0	147	174
ENSG00000183853	385	190	195
ENSG00000215835	4	1	3
ENSG00000118197	825	366	462
ENSG00000135842	1842	919	923
ENSG00000229258	1	0	2
ENSG00000287472	0	0	0
ENSG00000241318	0	0	0
ENSG00000228238	2	1	1
ENSG00000232393	1	0	1
ENSG00000121454	120	142	146
ENSG00000184155	0	0	0
ENSG00000058085	813	407	406
ENSG00000260088	2	3	2
ENSG00000287978	109	52	57
ENSG00000116815	631	291	340
ENSG00000232917	0	0	0
ENSG00000233057	7	3	4
ENSG00000237131	1	0	1
ENSG00000233946	0	0	0
ENSG00000143167	6591	3255	3337
ENSG00000143184	9	2	7
ENSG00000231966	0	0	0
ENSG00000176320	2	0	2
ENSG00000260976	0	0	0
ENSG00000235215	3	3	0
ENSG00000223450	5	4	1
ENSG00000224691	0	0	0
ENSG00000286572	2	2	0
ENSG00000235101	7	2	5
ENSG00000228215	0	0	0
ENSG00000177807	74	30	44
ENSG00000233626	1	0	1
ENSG00000233691	0	0	0
ENSG00000283518	0	0	0
ENSG00000271527	0	0	0
ENSG00000143228	1007	452	555
ENSG00000235827	0	0	0
ENSG00000231615	6	1	5
ENSG00000231714	0	0	0
ENSG00000174514	1519	822	907
ENSG00000143178	154	60	94
ENSG00000224837	1	1	0
ENSG00000116833	1043	535	508
ENSG00000227740	32	19	13
ENSG00000260990	0	2	0
ENSG00000000457	771	623	601
ENSG00000143507	401	209	192
ENSG00000285638	0	0	0
ENSG00000226520	1	0	1
ENSG00000284592	0	0	0
ENSG00000230987	0	0	0
ENSG00000232527	0	0	0
ENSG00000215833	0	0	0
ENSG00000228167	0	0	0
ENSG00000225325	0	0	0
ENSG00000223344	0	0	0
ENSG00000228191	0	0	0
ENSG00000229961	6	2	4
ENSG00000150732	0	0	0
ENSG00000157064	28	15	15
ENSG00000288139	0	0	0
ENSG00000226015	87	42	45
ENSG00000215808	2	0	2
ENSG00000059588	3155	1531	1624
ENSG00000231512	0	0	0
ENSG00000237379	0	0	0
ENSG00000232959	0	15	24
ENSG00000122224	1025	500	525
ENSG00000162782	43	19	24
ENSG00000238051	0	0	0
ENSG00000233196	1	1	0
ENSG00000229220	6	3	3
ENSG00000143653	1176	598	578
ENSG00000135837	2326	1139	1187
ENSG00000158711	3660	1856	2017
ENSG00000227747	1	0	1
ENSG00000228081	2	2	0
ENSG00000228020	0	0	0
ENSG00000234975	57	25	32
ENSG00000162851	784	379	405
ENSG00000271427	20	9	11
ENSG00000261817	0	0	0
ENSG00000143353	751	392	477
ENSG00000197965	3741	1852	1889
ENSG00000143493	1017	491	527
ENSG00000230777	0	0	0
ENSG00000179397	29	14	15
ENSG00000224540	0	0	0
ENSG00000117592	7118	3509	3609
ENSG00000186197	9	5	4
ENSG00000229067	0	0	0
ENSG00000230231	0	0	0
ENSG00000227711	0	0	0
ENSG00000261182	0	0	0
ENSG00000228879	3	2	1
ENSG00000227925	2	1	1
ENSG00000162670	211	126	103
ENSG00000225712	0	0	0
ENSG00000162761	6	1	6
ENSG00000143199	9	6	3
ENSG00000179930	5	4	1
ENSG00000007908	51	26	25
ENSG00000092978	538	262	276
ENSG00000143499	1156	564	592
ENSG00000188404	4074	2002	2072
ENSG00000227735	0	0	0
ENSG00000243062	0	0	0
ENSG00000143196	345	173	172
ENSG00000228504	0	0	0
ENSG00000274702	0	0	0
ENSG00000226211	0	0	0
ENSG00000236942	14	11	6
ENSG00000287205	3	0	3
ENSG00000203697	1290	624	666
ENSG00000116574	484	247	237
ENSG00000287929	7	3	6
ENSG00000186283	2770	1417	1353
ENSG00000224896	0	0	0
ENSG00000226292	0	0	0
ENSG00000121481	529	268	263
ENSG00000227940	0	0	0
ENSG00000117139	1656	790	866
ENSG00000143248	3184	1611	1573
ENSG00000278455	0	0	0
ENSG00000224810	2	0	2
ENSG00000162814	17	9	8
ENSG00000225172	4	3	1
ENSG00000261642	0	0	0
ENSG00000228239	0	0	0
ENSG00000237283	0	0	0
ENSG00000116132	450	219	231
ENSG00000238042	3	1	2
ENSG00000271475	0	0	0
ENSG00000231877	0	0	0
ENSG00000116679	5459	2654	2805
ENSG00000228536	3	3	0
ENSG00000230550	0	2	1
ENSG00000229242	0	0	0
ENSG00000253326	2	1	1
ENSG00000228470	4	2	2
ENSG00000152092	20	10	10
ENSG00000234984	0	0	0
ENSG00000231648	0	0	0
ENSG00000229983	3	1	2
ENSG00000215149	0	0	0
ENSG00000225122	0	0	0
ENSG00000225920	33	19	14
ENSG00000143476	954	469	486
ENSG00000121486	861	423	438
ENSG00000228437	0	0	0
ENSG00000214837	16	10	6
ENSG00000057252	1504	734	770
ENSG00000225982	0	0	0
ENSG00000285718	0	0	0
ENSG00000234070	0	0	0
ENSG00000233620	0	0	0
ENSG00000237783	0	0	0
ENSG00000272906	25	43	51
ENSG00000233018	0	0	0
ENSG00000123685	129	56	73
ENSG00000224783	0	0	0
ENSG00000162852	2164	1050	1114
ENSG00000232792	0	1	1
ENSG00000273004	10	2	8
ENSG00000143842	515	248	267
ENSG00000268062	7	4	3
ENSG00000237409	2	2	0
ENSG00000116962	973	498	475
ENSG00000288078	0	0	0
ENSG00000271399	0	0	0
ENSG00000229757	1	0	1
ENSG00000232679	0	0	0
ENSG00000159388	6031	2990	3041
ENSG00000220749	3	1	2
ENSG00000181450	387	187	200
ENSG00000223519	13	16	14
ENSG00000120333	944	456	521
ENSG00000286285	33	11	22
ENSG00000225300	20	10	10
ENSG00000223842	12	8	4
ENSG00000162753	0	0	0
ENSG00000228247	0	0	0
ENSG00000231424	5	4	1
ENSG00000143355	1	1	0
ENSG00000287177	0	0	0
ENSG00000237193	0	0	0
ENSG00000223490	0	0	0
ENSG00000121644	2025	1014	1011
ENSG00000174502	13	7	6
ENSG00000224286	0	0	0
ENSG00000158715	1007	484	523
ENSG00000143195	88	36	52
ENSG00000162849	49	22	27
ENSG00000232824	0	0	0
ENSG00000273416	5	2	3
ENSG00000234142	1	1	0
ENSG00000282111	0	0	0
ENSG00000233410	7	6	1
ENSG00000067533	658	303	355
ENSG00000228955	11	2	9
ENSG00000270443	0	0	0
ENSG00000116209	8759	4441	4318
ENSG00000224702	0	0	1
ENSG00000271811	3	1	2
ENSG00000224278	0	0	0
ENSG00000235492	0	0	0
ENSG00000287808	21	11	96
ENSG00000271588	5	1	4
ENSG00000229840	0	0	0
ENSG00000116161	2388	1157	1278
ENSG00000226486	0	0	0
ENSG00000227687	0	0	0
ENSG00000231814	0	0	0
ENSG00000286210	2	2	0
ENSG00000287364	5	4	1
ENSG00000225063	0	0	0
ENSG00000260698	33	20	13
ENSG00000277007	57	24	33
ENSG00000229016	0	0	0
ENSG00000077157	3709	1849	1907
ENSG00000152104	262	124	138
ENSG00000236975	1	0	1
ENSG00000215834	1	1	0
ENSG00000286541	2	1	1
ENSG00000117650	742	336	406
ENSG00000235021	3	1	2
ENSG00000203724	41	14	27
ENSG00000225006	0	0	0
ENSG00000287633	0	0	0
ENSG00000158764	3	1	2
ENSG00000223375	0	0	0
ENSG00000230714	0	0	0
ENSG00000261065	0	7	9
ENSG00000260855	23	14	9
ENSG00000188783	446	226	220
ENSG00000236206	4	2	2
ENSG00000168118	1597	795	916
ENSG00000181101	0	0	0
ENSG00000173726	5094	2527	2567
ENSG00000282852	0	0	0
ENSG00000152382	534	257	277
ENSG00000143839	0	0	0
ENSG00000232100	0	0	0
ENSG00000261024	1	1	0
ENSG00000230547	0	0	0
ENSG00000229703	0	0	0
ENSG00000176754	0	0	0
ENSG00000232309	0	0	0
ENSG00000227953	29	19	27
ENSG00000232215	0	0	0
ENSG00000135829	7087	3518	3655
ENSG00000228289	0	0	0
ENSG00000134717	1102	548	554
ENSG00000232989	0	0	0
ENSG00000233537	0	0	0
ENSG00000116668	193	89	104
ENSG00000143756	1154	578	576
ENSG00000278180	0	0	0
ENSG00000143702	655	367	336
ENSG00000232341	1	0	1
ENSG00000287676	2	1	1
ENSG00000236792	0	0	0
ENSG00000143207	2101	1019	1082
ENSG00000270859	0	0	0
ENSG00000238224	1	1	0
ENSG00000286775	0	0	0
ENSG00000122176	1142	549	593
ENSG00000229120	2	1	1
ENSG00000237492	0	0	0
ENSG00000230404	0	0	0
ENSG00000213036	2	2	0
ENSG00000227230	5	14	31
ENSG00000236230	0	0	0
ENSG00000026751	1309	614	695
ENSG00000150681	71	40	38
ENSG00000116906	2088	1005	1083
ENSG00000092969	19	11	10
ENSG00000157181	897	387	510
ENSG00000250762	0	0	0
ENSG00000236720	0	0	0
ENSG00000227421	1	0	1
ENSG00000227240	11	7	4
ENSG00000076258	206	107	99
ENSG00000286073	0	0	0
ENSG00000231084	9	8	1
ENSG00000232085	0	3	5
ENSG00000117697	1235	624	611
ENSG00000279333	0	9	6
ENSG00000235083	0	0	0
ENSG00000162669	18	8	10
ENSG00000197067	0	0	0
ENSG00000229652	0	0	0
ENSG00000132681	10	5	5
ENSG00000225904	0	0	0
ENSG00000270920	0	0	0
ENSG00000281664	0	0	0
ENSG00000143641	1391	1028	992
ENSG00000227630	15	4	11
ENSG00000228830	0	955	716
ENSG00000010932	14	9	5
ENSG00000282849	2	1	1
ENSG00000276520	1	1	0
ENSG00000226640	0	0	0
ENSG00000010072	397	241	245
ENSG00000135766	231	139	92
ENSG00000232626	5	1	4
ENSG00000232096	0	0	0
ENSG00000279261	6	6	0
ENSG00000213051	4	2	2
ENSG00000238054	0	0	0
ENSG00000163534	4255	2122	2133
ENSG00000168243	222	97	125
ENSG00000281453	0	0	0
ENSG00000237469	0	0	0
ENSG00000224939	5	4	1
ENSG00000227613	0	0	0
ENSG00000116183	29	11	18
ENSG00000270106	0	0	0
ENSG00000232194	0	0	0
ENSG00000235152	0	0	0
ENSG00000231612	1	0	1
ENSG00000237980	2	0	2
ENSG00000271036	0	0	0
ENSG00000230849	1	1	0
ENSG00000170382	326	162	166
ENSG00000228664	0	0	0
ENSG00000226868	0	0	0
ENSG00000279401	0	0	0
ENSG00000272362	0	0	0
ENSG00000287450	0	0	0
ENSG00000237011	0	0	0
ENSG00000233583	3	2	1
ENSG00000066027	2538	1216	1322
ENSG00000286263	2	0	2
ENSG00000227006	22	10	12
ENSG00000236372	0	0	0
ENSG00000224525	1	1	0
ENSG00000188770	0	0	0
ENSG00000173728	6	1	5
ENSG00000094975	1164	589	575
ENSG00000225811	0	5	12
ENSG00000273093	0	0	0
ENSG00000162772	295	156	139
ENSG00000227818	0	0	0
ENSG00000135828	887	443	444
ENSG00000224227	0	0	0
ENSG00000286398	0	0	0
ENSG00000076356	1368	673	695
ENSG00000215819	0	0	0
ENSG00000185523	0	0	0
ENSG00000236108	0	0	0
ENSG00000116711	203	90	113
ENSG00000231684	2	0	2
ENSG00000226750	0	0	0
ENSG00000285665	18	8	10
ENSG00000231022	0	0	0
ENSG00000224436	0	0	0
ENSG00000228208	0	0	0
ENSG00000273384	11	5	6
ENSG00000238061	3	2	1
ENSG00000234915	1	3	0
ENSG00000143845	33	33	19
ENSG00000235862	0	1	0
ENSG00000069812	525	263	262
ENSG00000227585	0	0	0
ENSG00000157060	0	0	0
ENSG00000237213	0	0	0
ENSG00000236439	2	1	1
ENSG00000224260	0	0	0
ENSG00000213045	2	2	0
ENSG00000287220	0	0	0
ENSG00000230063	2	2	2
ENSG00000235467	0	0	0
ENSG00000123684	2006	987	1020
ENSG00000117707	200	94	106
ENSG00000228044	0	0	0
ENSG00000225338	5	1	4
ENSG00000224407	0	292	337
ENSG00000232463	2	1	1
ENSG00000237457	12	5	7
ENSG00000225171	18	4	14
ENSG00000226843	0	0	0
ENSG00000235386	0	0	0
ENSG00000123836	2811	1462	1385
ENSG00000213690	0	0	0
ENSG00000223982	0	0	0
ENSG00000229832	15	10	5
ENSG00000117691	771	363	408
ENSG00000225233	0	0	0
ENSG00000274895	11	4	7
ENSG00000237514	0	0	0
ENSG00000287856	0	0	0
ENSG00000228067	0	0	0
ENSG00000284299	0	0	0
ENSG00000226375	1	0	1
ENSG00000203705	542	288	254
ENSG00000224040	0	0	0
ENSG00000228686	12	7	5
ENSG00000279838	41	24	17
ENSG00000174175	288	146	142
ENSG00000236401	0	0	0
ENSG00000241475	0	0	0
ENSG00000215800	0	0	0
ENSG00000286421	0	0	0
ENSG00000270936	1	0	1
ENSG00000008118	13	3	10
ENSG00000171161	1754	921	833
ENSG00000241505	0	0	0
ENSG00000224535	0	0	0
ENSG00000282097	1	1	0
ENSG00000261453	6	1	5
ENSG00000231020	0	0	0
ENSG00000270818	0	0	0
ENSG00000196878	1394	630	764
ENSG00000133059	502	235	267
ENSG00000225561	0	0	0
ENSG00000224668	0	0	0
ENSG00000242529	0	0	0
ENSG00000074964	3626	1729	1897
ENSG00000223847	0	0	0
ENSG00000277704	0	0	0
ENSG00000116918	1022	438	597
ENSG00000274020	148	89	102
ENSG00000287445	17	12	5
ENSG00000259815	1	0	1
ENSG00000240963	0	0	0
ENSG00000226570	0	0	0
ENSG00000198929	62	25	37
ENSG00000272167	2	1	1
ENSG00000230628	5	2	3
ENSG00000162771	0	0	1
ENSG00000227579	0	0	0
ENSG00000176393	2462	1557	1673
ENSG00000174606	1563	761	802
ENSG00000179914	11912	5866	6046
ENSG00000235750	2483	1271	1213
ENSG00000284376	0	0	0
ENSG00000121446	0	0	0
ENSG00000226758	3	1	2
ENSG00000230199	0	0	0
ENSG00000236905	1	0	1
ENSG00000233304	0	0	0
ENSG00000288007	6	4	2
ENSG00000227887	0	0	0
ENSG00000116903	649	347	391
ENSG00000228255	0	0	0
ENSG00000226196	0	0	0
ENSG00000287354	1	1	4
ENSG00000233827	0	0	0
ENSG00000198797	1	0	1
ENSG00000271746	4	12	14
ENSG00000234233	2	1	1
ENSG00000151414	1387	664	723
ENSG00000177614	74	40	34
ENSG00000223794	0	0	0
ENSG00000235182	0	1	1
ENSG00000213041	2	2	0
ENSG00000287157	2	0	2
ENSG00000233920	0	0	0
ENSG00000183831	0	0	0
ENSG00000225755	8	3	5
ENSG00000143858	78	59	66
ENSG00000197472	18	8	10
ENSG00000230184	6	3	3
ENSG00000234004	0	0	0
ENSG00000232436	0	0	0
ENSG00000231718	0	0	0
ENSG00000283952	0	0	0
ENSG00000230019	0	0	0
ENSG00000136643	446	213	233
ENSG00000232537	0	0	0
ENSG00000226036	0	0	0
ENSG00000285521	1	0	1
ENSG00000236317	0	0	0
ENSG00000176855	0	0	0
ENSG00000227728	0	0	0
ENSG00000133069	111	54	57
ENSG00000162877	61	23	38
ENSG00000233461	49	23	26
ENSG00000225401	5	3	2
ENSG00000228190	0	0	0
ENSG00000135747	5	3	2
ENSG00000227237	5	3	2
ENSG00000069248	1746	908	838
ENSG00000232812	0	0	0
ENSG00000231666	1	1	0
ENSG00000226986	0	0	0
ENSG00000242042	0	0	0
ENSG00000234464	0	0	0
ENSG00000253148	0	0	0
ENSG00000227751	0	819	542
ENSG00000090104	5506	2604	2902
ENSG00000285280	12	14	10
ENSG00000232892	0	0	0
ENSG00000236950	0	0	0
ENSG00000236468	0	0	0
ENSG00000143322	838	409	429
ENSG00000185220	557	266	291
ENSG00000226003	0	0	0
ENSG00000230813	0	0	0
ENSG00000226862	9	4	5
ENSG00000236101	0	0	0
ENSG00000162769	597	280	317
ENSG00000133065	1103	573	530
ENSG00000278684	0	0	0
ENSG00000236775	0	0	0
ENSG00000042781	12	6	6
ENSG00000234754	2	1	1
ENSG00000233084	5	2	3
ENSG00000227815	1	1	0
ENSG00000287046	4	1	3
ENSG00000223774	4	59	52
ENSG00000228863	71	984	680
ENSG00000228646	0	0	0
ENSG00000229112	0	0	0
ENSG00000233332	0	0	0
ENSG00000231984	0	0	0
ENSG00000286213	0	0	0
ENSG00000226876	10	7	3
ENSG00000277462	123	58	65
ENSG00000225591	0	0	0
ENSG00000035687	1651	806	845
ENSG00000213080	9	2	7
ENSG00000180287	13	9	4
ENSG00000226693	0	0	0
ENSG00000234678	297	509	600
ENSG00000231272	0	0	0
ENSG00000223828	3	2	1
ENSG00000163431	561	289	379
ENSG00000230124	1352	741	779
ENSG00000226723	3	3	0
ENSG00000272672	0	0	0
ENSG00000143473	2	7	10
ENSG00000228982	0	0	0
ENSG00000235096	3	1	2
ENSG00000237250	0	0	0
ENSG00000007341	376	299	364
ENSG00000286747	2	1	1
ENSG00000236069	0	3	2
ENSG00000236244	0	0	0
ENSG00000272865	1	0	1
ENSG00000117222	1112	535	577
ENSG00000143324	1108	538	570
ENSG00000229871	0	0	0
ENSG00000225222	4	3	1
ENSG00000118193	840	397	443
ENSG00000234116	0	0	0
ENSG00000231940	15	8	7
ENSG00000198842	2	2	0
ENSG00000286619	694	343	351
ENSG00000198756	39	23	16
ENSG00000259823	518	259	259
ENSG00000271558	0	0	0
ENSG00000227554	0	0	0
ENSG00000178596	0	0	0
ENSG00000135749	896	506	508
ENSG00000143786	38	26	18
ENSG00000224584	2	2	0
ENSG00000054282	628	345	374
ENSG00000183780	11	5	6
ENSG00000229663	0	0	0
ENSG00000162702	749	373	376
ENSG00000251508	0	0	0
ENSG00000238272	0	0	0
ENSG00000228530	0	0	0
ENSG00000235060	1	0	1
ENSG00000143194	3	2	1
ENSG00000229531	9	6	3
ENSG00000271329	1	0	1
ENSG00000054267	2353	1154	1204
ENSG00000261831	0	0	0
ENSG00000287921	0	0	0
ENSG00000177800	1	0	1
ENSG00000225620	0	0	0
ENSG00000232166	0	0	0
ENSG00000175137	1423	705	718
ENSG00000134245	510	404	376
ENSG00000234041	0	0	0
ENSG00000227373	46	13	33
ENSG00000231905	5	4	1
ENSG00000228175	18	9	9
ENSG00000069275	11376	5516	5860
ENSG00000143674	604	304	300
ENSG00000237317	10	6	4
ENSG00000187889	16	4	12
ENSG00000134375	2199	1074	1125
ENSG00000097046	804	396	408
ENSG00000232113	0	0	0
ENSG00000282718	0	0	0
ENSG00000231378	8	6	2
ENSG00000235605	4	5	10
ENSG00000223525	9	6	3
ENSG00000224857	3	3	0
ENSG00000273367	7	1	6
ENSG00000230604	2	1	1
ENSG00000231605	3	1	2
ENSG00000236358	6	8	7
ENSG00000203737	21	13	8
ENSG00000238003	1	1	0
ENSG00000215873	0	0	0
ENSG00000287008	0	0	0
ENSG00000185420	491	232	259
ENSG00000076321	621	288	333
ENSG00000272175	4	3	2
ENSG00000231564	1	1	0
ENSG00000135778	1296	692	722
ENSG00000213070	0	0	0
ENSG00000282265	0	0	0
ENSG00000250536	1	1	0
ENSG00000229747	0	0	0
ENSG00000117280	1322	615	707
ENSG00000233985	0	0	0
ENSG00000232175	1	1	0
ENSG00000287423	0	0	0
ENSG00000286774	0	0	0
ENSG00000236719	0	0	0
ENSG00000136636	1364	673	691
ENSG00000225486	0	0	0
ENSG00000227043	0	0	0
ENSG00000163874	1037	488	549
ENSG00000285777	0	0	0
ENSG00000237249	10	5	5
ENSG00000286109	0	0	0
ENSG00000213068	0	0	0
ENSG00000054392	195	99	100
ENSG00000227994	0	0	0
ENSG00000286552	0	0	0
ENSG00000225711	6	6	0
ENSG00000122223	45	20	25
ENSG00000235869	3	3	0
ENSG00000188739	45	16	29
ENSG00000286666	0	0	0
ENSG00000135750	619	291	328
ENSG00000273198	4	3	1
ENSG00000203730	9	4	5
ENSG00000225719	0	0	0
ENSG00000273483	11	5	6
ENSG00000287987	0	0	0
ENSG00000203729	0	0	0
ENSG00000232809	0	0	0
ENSG00000284623	0	0	0
ENSG00000285981	0	0	0
ENSG00000261729	11	6	5
ENSG00000223869	0	0	0
ENSG00000229228	8	3	5
ENSG00000215796	2	1	1
ENSG00000185221	0	0	0
ENSG00000233047	0	0	0
ENSG00000143341	142	61	81
ENSG00000228309	0	0	0
ENSG00000229739	28	14	14
ENSG00000116703	4	3	1
ENSG00000273874	0	0	0
ENSG00000278791	0	15	3
ENSG00000278757	0	0	0
ENSG00000264341	0	0	0
ENSG00000264101	0	0	0
ENSG00000265141	0	0	0
ENSG00000221083	2	1	1
ENSG00000252404	0	0	0
ENSG00000222511	2	1	1
ENSG00000265392	0	0	0
ENSG00000243267	2	1	1
ENSG00000201725	0	0	0
ENSG00000274258	1	0	1
ENSG00000239149	3	1	2
ENSG00000252151	0	0	0
ENSG00000252969	0	0	0
ENSG00000252417	0	0	0
ENSG00000200975	0	0	0
ENSG00000201609	0	0	0
ENSG00000238482	4	1	3
ENSG00000252956	0	0	0
ENSG00000265606	0	0	0
ENSG00000284357	0	0	0
ENSG00000278034	1	1	0
ENSG00000207237	0	0	0
ENSG00000222784	0	0	0
ENSG00000266210	0	0	0
ENSG00000265961	0	0	0
ENSG00000251866	1	0	1
ENSG00000252691	0	0	0
ENSG00000264371	0	0	0
ENSG00000253005	0	0	0
ENSG00000238316	0	0	0
ENSG00000207941	0	0	0
ENSG00000264773	28	18	10
ENSG00000252448	12	5	7
ENSG00000200421	2	0	2
ENSG00000222282	9	5	4
ENSG00000199963	0	0	0
ENSG00000264698	0	0	0
ENSG00000207328	0	0	0
ENSG00000207466	0	0	0
ENSG00000252368	0	0	0
ENSG00000206779	2	1	1
ENSG00000265596	0	0	0
ENSG00000212541	1	1	0
ENSG00000200796	0	0	0
ENSG00000252190	0	0	0
ENSG00000264613	0	0	0
ENSG00000199240	0	0	0
ENSG00000277168	0	0	0
ENSG00000283724	0	0	0
ENSG00000284410	0	0	0
ENSG00000252018	0	0	0
ENSG00000206627	1	1	0
ENSG00000283414	1	1	0
ENSG00000207508	4	2	2
ENSG00000200171	0	0	0
ENSG00000207194	1	1	0
ENSG00000283477	0	0	0
ENSG00000264834	1	0	1
ENSG00000263675	17	10	7
ENSG00000266188	0	0	0
ENSG00000206981	0	0	0
ENSG00000200174	0	0	0
ENSG00000265822	0	0	0
ENSG00000265815	1	1	0
ENSG00000238653	0	0	0
ENSG00000212624	0	0	0
ENSG00000200575	1	0	1
ENSG00000212360	0	0	0
ENSG00000242860	0	0	0
ENSG00000263908	0	0	0
ENSG00000283690	0	0	0
ENSG00000199921	0	0	0
ENSG00000251825	0	0	0
ENSG00000201153	0	0	0
ENSG00000222624	0	0	0
ENSG00000223152	0	0	0
ENSG00000212308	0	0	0
ENSG00000279049	0	25	8
ENSG00000276081	0	0	0
ENSG00000239640	0	0	0
ENSG00000252338	0	0	0
ENSG00000251785	3	2	1
ENSG00000239319	0	0	0
ENSG00000222849	0	0	0
ENSG00000283749	0	0	0
ENSG00000251958	1	1	0
ENSG00000251767	0	0	0
ENSG00000243437	5	1	4
ENSG00000202263	0	0	0
ENSG00000199318	0	0	0
ENSG00000199666	0	0	0
ENSG00000200601	0	0	0
ENSG00000242482	0	0	0
ENSG00000212366	0	0	0
ENSG00000201620	0	0	0
ENSG00000206817	1	0	1
ENSG00000284247	0	0	0
ENSG00000200839	0	0	0
ENSG00000264963	0	0	0
ENSG00000264271	0	0	0
ENSG00000239504	0	0	0
ENSG00000284202	0	0	0
ENSG00000251720	3	2	1
ENSG00000274321	0	0	0
ENSG00000198974	0	0	0
ENSG00000212248	3	2	1
ENSG00000207962	0	0	0
ENSG00000276884	0	0	0
ENSG00000207234	8	4	4
ENSG00000202259	5	1	4
ENSG00000212459	0	0	0
ENSG00000278287	0	0	0
ENSG00000277565	0	0	0
ENSG00000263526	2	1	1
ENSG00000211575	1	0	1
ENSG00000275823	0	0	0
ENSG00000277689	0	0	0
ENSG00000274199	0	0	1
ENSG00000202254	0	0	0
ENSG00000244256	18	8	10
ENSG00000201491	0	0	0
ENSG00000199831	0	0	0
ENSG00000275455	0	0	0
ENSG00000252162	0	0	0
ENSG00000272051	0	0	0
ENSG00000283899	0	0	0
ENSG00000200800	0	0	0
ENSG00000207502	0	0	0
ENSG00000252530	0	0	0
ENSG00000200536	0	0	0
ENSG00000211543	0	0	0
ENSG00000252797	1	1	0
ENSG00000212266	0	0	0
ENSG00000222209	0	0	0
ENSG00000277141	0	0	0
ENSG00000215930	0	0	0
ENSG00000238761	0	0	0
ENSG00000201114	2	1	1
ENSG00000206679	2	2	0
ENSG00000264419	3	0	3
ENSG00000222069	0	0	0
ENSG00000274428	2	1	1
ENSG00000199879	4	2	2
ENSG00000274408	0	0	0
ENSG00000283676	0	0	0
ENSG00000252005	0	0	0
ENSG00000252510	0	0	0
ENSG00000207340	6	4	2
ENSG00000252830	0	0	0
ENSG00000274450	0	0	0
ENSG00000252135	2	1	1
ENSG00000278596	1	0	1
ENSG00000238825	0	0	0
ENSG00000201183	4	1	3
ENSG00000202408	0	0	0
ENSG00000252744	0	0	0
ENSG00000273768	2	1	1
ENSG00000242565	0	0	0
ENSG00000239984	0	0	0
ENSG00000283296	0	0	0
ENSG00000252717	0	0	0
ENSG00000194297	0	0	0
ENSG00000199565	0	0	0
ENSG00000277313	0	0	0
ENSG00000274940	2	1	1
ENSG00000207341	0	0	0
ENSG00000207472	0	0	0
ENSG00000206880	1	0	1
ENSG00000252552	0	0	0
ENSG00000199849	0	0	0
ENSG00000252407	0	0	0
ENSG00000212538	0	0	0
ENSG00000251813	0	0	0
ENSG00000207108	0	0	0
ENSG00000201312	0	0	0
ENSG00000207039	0	0	0
ENSG00000202491	0	0	0
ENSG00000201596	0	0	0
ENSG00000276839	0	0	0
ENSG00000207974	0	0	0
ENSG00000273629	0	0	0
ENSG00000201493	0	0	0
ENSG00000215952	0	0	0
ENSG00000200139	0	0	0
ENSG00000283575	0	0	0
ENSG00000238765	0	0	0
ENSG00000264916	2	1	1
ENSG00000212338	1	0	1
ENSG00000206659	0	0	0
ENSG00000253025	0	0	0
ENSG00000201619	2	1	1
ENSG00000201544	9	5	4
ENSG00000202498	0	0	0
ENSG00000221545	0	0	0
ENSG00000252906	10	7	3
ENSG00000206692	0	0	0
ENSG00000202329	0	0	0
ENSG00000242794	0	0	0
ENSG00000212144	0	0	0
ENSG00000283340	0	0	0
ENSG00000252860	2	1	1
ENSG00000252501	0	0	0
ENSG00000263390	0	0	0
ENSG00000207181	7	4	3
ENSG00000265744	0	0	0
ENSG00000264377	0	0	0
ENSG00000207149	0	0	0
ENSG00000283936	0	0	0
ENSG00000284485	0	0	0
ENSG00000201638	0	0	0
ENSG00000275213	0	0	0
ENSG00000239494	12	5	7
ENSG00000212230	0	0	0
ENSG00000252371	0	0	0
ENSG00000199442	0	0	0
ENSG00000200033	1	1	0
ENSG00000239690	0	0	0
ENSG00000202184	0	0	0
ENSG00000241395	1	0	1
ENSG00000200982	0	0	0
ENSG00000275207	1	0	1
ENSG00000202300	0	0	0
ENSG00000222407	0	0	0
ENSG00000222986	0	0	0
ENSG00000265435	0	0	0
ENSG00000272262	0	0	0
ENSG00000200495	1	1	0
ENSG00000202609	0	0	0
ENSG00000252553	0	0	0
ENSG00000206764	0	0	0
ENSG00000222240	0	0	0
ENSG00000212187	0	0	0
ENSG00000206637	0	0	0
ENSG00000253097	0	0	0
ENSG00000200036	1	1	0
ENSG00000201421	1	0	1
ENSG00000212610	0	0	0
ENSG00000252484	0	0	0
ENSG00000201944	7	5	2
ENSG00000200327	0	0	0
ENSG00000206905	0	0	0
ENSG00000200972	0	0	0
ENSG00000243051	0	0	0
ENSG00000252011	0	0	0
ENSG00000207326	0	0	0
ENSG00000212205	2	1	1
ENSG00000253042	3	1	2
ENSG00000274121	0	0	0
ENSG00000264358	1	1	0
ENSG00000206640	0	0	0
ENSG00000212527	0	0	0
ENSG00000252879	4	4	0
ENSG00000252612	3	1	2
ENSG00000202264	0	0	0
ENSG00000285609	0	0	0
ENSG00000206762	26	13	13
ENSG00000252084	0	0	0
ENSG00000200085	0	0	0
ENSG00000264500	4	2	2
ENSG00000202025	0	0	0
ENSG00000225545	0	0	0
ENSG00000206990	0	0	0
ENSG00000230175	0	0	0
ENSG00000225272	4	1	3
ENSG00000215838	3	1	2
ENSG00000273365	1	0	1
ENSG00000224358	45	26	19
ENSG00000230659	0	0	0
ENSG00000162545	2668	1285	1383
ENSG00000090432	1256	653	603
ENSG00000215520	0	0	0
ENSG00000183114	4	1	3
ENSG00000158825	144	82	62
ENSG00000158828	514	991	1047
ENSG00000284005	0	0	0
ENSG00000117242	167	880	811
ENSG00000234473	10	4	6
ENSG00000238754	0	0	0
ENSG00000134371	1315	634	685
ENSG00000221680	0	0	0
ENSG00000162630	42	25	21
ENSG00000276735	1	0	1
ENSG00000232077	1	0	1
ENSG00000229639	0	0	0
ENSG00000287453	0	0	0
ENSG00000270615	0	0	0
ENSG00000287283	0	0	0
ENSG00000240692	0	0	0
ENSG00000229359	1	0	1
ENSG00000237919	0	0	0
ENSG00000066557	656	350	306
ENSG00000244389	0	0	0
ENSG00000228988	0	0	0
ENSG00000118454	936	420	516
ENSG00000226088	6	1	5
ENSG00000116761	155	85	70
ENSG00000278636	0	0	0
ENSG00000271992	13	4	9
ENSG00000233020	1	1	0
ENSG00000237033	0	0	0
ENSG00000226208	0	0	0
ENSG00000007968	2486	1209	1277
ENSG00000235052	12	3	9
ENSG00000117318	2340	1187	1153
ENSG00000285802	6	2	4
ENSG00000229239	5	1	4
ENSG00000142676	33004	15683	17321
ENSG00000057757	1875	959	916
ENSG00000011009	2366	1128	1238
ENSG00000117308	2083	966	1117
ENSG00000273844	0	0	0
ENSG00000235748	9	5	4
ENSG00000237861	1	0	1
ENSG00000221879	0	0	0
ENSG00000230260	0	0	1
ENSG00000199241	0	0	0
ENSG00000226919	0	0	0
ENSG00000223963	0	0	0
ENSG00000215802	0	0	0
ENSG00000233615	0	0	0
ENSG00000238085	0	0	0
ENSG00000265831	0	0	0
ENSG00000224348	0	0	0
ENSG00000286496	0	0	0
ENSG00000287516	7	2	5
ENSG00000287738	0	0	0
ENSG00000132703	0	0	0
ENSG00000276632	0	0	0
ENSG00000223603	0	0	0
ENSG00000132693	0	0	0
ENSG00000235226	0	0	0
ENSG00000158716	651	291	360
ENSG00000181036	18	11	7
ENSG00000158714	101	224	246
ENSG00000212161	1	1	0
ENSG00000243284	6	2	7
ENSG00000272668	221	115	117
ENSG00000213085	8	5	3
ENSG00000266458	0	0	0
ENSG00000287040	1	0	1
ENSG00000279430	2	1	1
ENSG00000162723	0	0	0
ENSG00000273933	3	2	1
ENSG00000256029	5	91	75
ENSG00000188004	2	0	2
ENSG00000266580	0	0	0
ENSG00000254545	0	2	3
ENSG00000203620	0	0	0
ENSG00000269967	28	14	14
ENSG00000228634	32	7	25
ENSG00000284702	0	0	0
ENSG00000221040	0	0	0
ENSG00000287217	11	4	7
ENSG00000163399	9077	13356	13507
ENSG00000212385	0	0	0
ENSG00000233154	8	5	3
ENSG00000230381	1	0	1
ENSG00000200547	0	0	0
ENSG00000224950	96	57	52
ENSG00000286276	14	13	14
ENSG00000177888	597	299	298
ENSG00000243364	436	191	245
ENSG00000251246	0	0	0
ENSG00000143590	167	74	93
ENSG00000202027	0	0	0
ENSG00000169242	1057	515	542
ENSG00000169241	1963	936	1027
ENSG00000223452	0	0	0
ENSG00000163463	360	189	171
ENSG00000273088	0	0	0
ENSG00000284586	0	0	0
ENSG00000169231	424	370	463
ENSG00000236263	0	23	22
ENSG00000236675	52	26	26
ENSG00000177628	816	435	381
ENSG00000116521	1651	847	804
ENSG00000176444	2923	1439	1484
ENSG00000143630	481	288	254
ENSG00000143627	27	40	48
ENSG00000253074	0	0	0
ENSG00000252116	0	0	0
ENSG00000228523	0	0	0
ENSG00000223263	8	5	3
ENSG00000207504	0	0	0
ENSG00000238139	0	0	0
ENSG00000197721	28	14	15
ENSG00000244703	2	2	0
ENSG00000226289	0	0	0
ENSG00000285239	0	0	1
ENSG00000234219	5	2	3
ENSG00000174059	627	306	321
ENSG00000285719	0	0	0
ENSG00000284237	66	37	29
ENSG00000158731	0	0	0
ENSG00000201746	6	3	3
ENSG00000264881	0	0	0
ENSG00000199562	2	1	1
ENSG00000264501	0	0	0
ENSG00000284735	23	11	12
ENSG00000284642	21	9	12
ENSG00000142657	3053	1504	1549
ENSG00000271989	2	16	28
ENSG00000251503	3	4	0
ENSG00000175279	60	20	40
ENSG00000160049	1684	939	1062
ENSG00000203469	0	95	87
ENSG00000236035	1	0	1
ENSG00000221643	4	1	3
ENSG00000122188	546	266	280
ENSG00000288644	0	0	0
ENSG00000227417	14	5	9
ENSG00000223505	6	5	1
ENSG00000182004	1981	1068	913
ENSG00000236430	4	2	2
ENSG00000130768	603	431	464
ENSG00000227050	2	163	140
ENSG00000238231	17	9	8
ENSG00000240750	11	11	0
ENSG00000158156	480	256	233
ENSG00000182118	138	69	69
ENSG00000283799	0	0	0
ENSG00000227934	3	2	1
ENSG00000229595	0	0	0
ENSG00000143633	849	416	433
ENSG00000281912	60	42	31
ENSG00000288208	0	0	0
ENSG00000132773	628	360	420
ENSG00000070759	353	177	187
ENSG00000236872	4	2	2
ENSG00000280670	170	90	80
ENSG00000132763	428	1793	1115
ENSG00000221953	12	7	5
ENSG00000226164	0	0	0
ENSG00000224014	4	1	3
ENSG00000215795	9	5	4
ENSG00000259865	389	170	219
ENSG00000227671	2802	1279	1523
ENSG00000283881	0	0	0
ENSG00000252516	17	10	7
ENSG00000232347	1	1	0
ENSG00000214144	0	0	0
ENSG00000235818	0	0	0
ENSG00000197617	0	0	0
ENSG00000202079	0	0	0
ENSG00000286216	5	4	5
ENSG00000203664	0	0	0
ENSG00000169224	16	7	10
ENSG00000236817	0	2	1
ENSG00000177489	0	0	0
ENSG00000177476	0	0	0
ENSG00000283369	0	0	0
ENSG00000230411	0	0	0
ENSG00000251977	0	0	0
ENSG00000252254	0	0	0
ENSG00000227854	0	0	0
ENSG00000287589	0	0	0
ENSG00000259776	0	0	0
ENSG00000233355	548	270	290
ENSG00000234601	0	0	0
ENSG00000231979	0	0	0
ENSG00000215805	0	0	0
ENSG00000287102	0	0	0
ENSG00000217327	0	0	0
ENSG00000228818	5	3	2
ENSG00000202041	0	0	0
ENSG00000223694	0	0	0
ENSG00000233735	0	1	2
ENSG00000133019	146	80	78
ENSG00000162636	1441	728	713
ENSG00000162639	458	211	249
ENSG00000285923	13	8	7
ENSG00000134186	4485	2065	2420
ENSG00000143107	2	2	0
ENSG00000232971	0	0	0
ENSG00000116266	1588	765	823
ENSG00000228076	4	2	2
ENSG00000203897	1	1	0
ENSG00000237349	0	0	0
ENSG00000244716	18	13	5
ENSG00000228665	1	0	1
ENSG00000228054	0	0	0
ENSG00000273382	66	44	110
ENSG00000215717	1582	839	831
ENSG00000278249	0	0	0
ENSG00000270066	0	0	0
ENSG00000251484	3	0	3
ENSG00000132676	3668	1789	2006
ENSG00000227673	3	3	0
ENSG00000203761	251	144	134
ENSG00000234937	12	3	9
ENSG00000132718	1035	491	544
ENSG00000283442	0	0	0
ENSG00000143622	831	405	426
ENSG00000132680	3290	1563	1727
ENSG00000207475	6	3	3
ENSG00000280466	0	0	0
ENSG00000281394	0	0	0
ENSG00000277817	4	4	0
ENSG00000273002	115	62	54
ENSG00000224276	27	17	10
ENSG00000285677	5	552	1013
ENSG00000163479	3969	2810	2689
ENSG00000160803	1176	575	601
ENSG00000132698	2049	1056	993
ENSG00000252236	0	0	0
ENSG00000260238	0	0	0
ENSG00000242252	18	12	6
ENSG00000198952	3869	1915	1954
ENSG00000163472	358	367	338
ENSG00000163468	6778	3248	3531
ENSG00000132677	2	1	1
ENSG00000237390	1	0	1
ENSG00000207933	0	0	0
ENSG00000254726	78	38	40
ENSG00000186377	21	13	8
ENSG00000186160	1	1	0
ENSG00000225154	0	0	0
ENSG00000225506	8	6	2
ENSG00000225514	0	0	0
ENSG00000224805	6	4	3
ENSG00000162366	891	434	457
ENSG00000226252	7	10	5
ENSG00000225762	40	20	20
ENSG00000186790	8	3	5
ENSG00000237424	652	293	359
ENSG00000189030	0	0	0
ENSG00000162763	0	0	0
ENSG00000143061	531	254	277
ENSG00000135821	9602	4656	4946
ENSG00000203740	0	0	0
ENSG00000162374	9	5	4
ENSG00000168275	542	348	386
ENSG00000241563	14	6	8
ENSG00000153207	1398	650	748
ENSG00000156869	456	183	273
ENSG00000033122	64	31	33
ENSG00000143278	1	0	1
ENSG00000116678	186	98	88
ENSG00000159352	3633	1745	1888
ENSG00000158710	11458	5905	5553
ENSG00000162734	3118	1574	1853
ENSG00000049239	4284	2148	2136
ENSG00000186564	462	228	234
ENSG00000244038	6424	3249	3175
ENSG00000158747	5350	2602	2749
ENSG00000116690	28	204	82
ENSG00000126091	169	89	85
ENSG00000162383	16	8	8
ENSG00000171163	1681	794	887
ENSG00000172456	256	124	132
ENSG00000162946	174	78	97
ENSG00000158786	3	2	1
ENSG00000118733	3	0	3
ENSG00000157870	1463	968	951
ENSG00000179085	582	288	294
ENSG00000173080	97	52	45
ENSG00000183347	4	2	2
ENSG00000276470	0	0	0
ENSG00000278852	0	0	0
ENSG00000275915	0	0	0
ENSG00000120937	0	0	0
ENSG00000224904	1	0	1
ENSG00000285646	24	14	10
ENSG00000199347	0	0	0
ENSG00000201801	3	2	1
ENSG00000116685	2898	1458	1440
ENSG00000083444	1341	694	647
ENSG00000287384	1	0	1
ENSG00000270914	0	0	0
ENSG00000116691	1212	606	606
ENSG00000202461	10	7	3
ENSG00000276869	0	0	0
ENSG00000243539	0	0	0
ENSG00000120949	242	137	105
ENSG00000201135	0	0	0
ENSG00000227875	0	0	0
ENSG00000285604	1	0	1
ENSG00000283789	0	0	0
ENSG00000263676	0	0	0
ENSG00000200591	9	4	5
ENSG00000162521	5987	4533	4489
ENSG00000162520	72	1558	1549
ENSG00000224409	0	0	0
ENSG00000162522	3712	1852	1860
ENSG00000116497	2155	1077	1133
ENSG00000160097	45	19	26
ENSG00000121905	52	761	750
ENSG00000121900	2686	2109	2036
ENSG00000287691	28	17	13
ENSG00000278966	1	0	1
ENSG00000143222	2120	1289	1309
ENSG00000224985	22	103	398
ENSG00000143224	788	436	491
ENSG00000158850	1398	779	756
ENSG00000158859	175	83	92
ENSG00000158869	365	186	179
ENSG00000158874	1	0	1
ENSG00000158882	468	320	339
ENSG00000284035	2	1	1
ENSG00000143257	23	115	99
ENSG00000248485	22	9	13
ENSG00000188931	100	44	62
ENSG00000236484	1	1	0
ENSG00000283696	43	24	19
ENSG00000288093	33	21	12
ENSG00000206921	0	0	0
ENSG00000215840	12	4	8
ENSG00000277882	4	2	2
ENSG00000283317	6	3	3
ENSG00000277762	0	0	0
ENSG00000227139	0	0	0
ENSG00000265107	161	101	110
ENSG00000274415	0	27	23
ENSG00000234190	0	0	0
ENSG00000223728	0	0	0
ENSG00000121634	0	0	0
ENSG00000188092	193	88	105
ENSG00000215859	30	22	18
ENSG00000273059	0	3	7
ENSG00000274372	8	2	6
ENSG00000206791	1	0	1
ENSG00000206585	1	1	0
ENSG00000229828	2	2	0
ENSG00000225080	2	0	2
ENSG00000198658	5	3	2
ENSG00000238382	0	0	0
ENSG00000225919	0	0	0
ENSG00000236497	0	0	0
ENSG00000207190	0	0	0
ENSG00000200508	0	0	0
ENSG00000284928	3	3	0
ENSG00000223949	9	4	5
ENSG00000116688	4033	1995	2038
ENSG00000188800	1	1	0
ENSG00000084073	1583	775	816
ENSG00000231296	1	2	7
ENSG00000049089	1701	822	879
ENSG00000227311	1	1	0
ENSG00000213172	3	2	1
ENSG00000284677	9	5	4
ENSG00000187801	77	45	32
ENSG00000260920	94	52	42
ENSG00000158887	205	103	102
ENSG00000255054	0	0	0
ENSG00000228172	30	270	317
ENSG00000117640	1541	985	1041
ENSG00000272478	0	0	0
ENSG00000127423	84	45	45
ENSG00000182749	179	132	141
ENSG00000207302	0	0	0
ENSG00000117632	9752	4318	5434
ENSG00000229786	1	0	1
ENSG00000223624	0	0	0
ENSG00000283938	0	0	0
ENSG00000199385	0	0	0
ENSG00000187147	2163	1408	1429
ENSG00000263381	0	0	0
ENSG00000126106	197	438	433
ENSG00000198520	712	351	361
ENSG00000199377	2	1	1
ENSG00000200169	5	3	2
ENSG00000142945	1841	1026	1078
ENSG00000142937	43317	22973	23524
ENSG00000264294	0	0	0
ENSG00000200913	41	20	21
ENSG00000202031	5	3	2
ENSG00000207421	0	0	0
ENSG00000281859	0	0	0
ENSG00000234093	13	8	5
ENSG00000142959	1156	577	579
ENSG00000173846	659	320	358
ENSG00000117425	128	76	52
ENSG00000202444	0	0	0
ENSG00000226499	2	0	2
ENSG00000070785	731	346	389
ENSG00000253039	0	0	0
ENSG00000229815	2	1	5
ENSG00000232369	0	0	0
ENSG00000268949	1	0	1
ENSG00000126107	2246	1140	1200
ENSG00000126088	1328	692	730
ENSG00000234315	0	0	0
ENSG00000162408	2312	1106	1206
ENSG00000229519	18	7	11
ENSG00000173662	12	4	8
ENSG00000204859	1580	786	794
ENSG00000288629	0	0	0
ENSG00000230735	5	3	7
ENSG00000171488	643	313	330
ENSG00000226394	2	2	0
ENSG00000237200	9	4	5
ENSG00000070886	1	0	1
ENSG00000276835	0	0	0
ENSG00000265422	1	0	1
ENSG00000223776	5	7	31
ENSG00000273058	39	21	18
ENSG00000230325	2	6	12
ENSG00000119285	1620	1252	1286
ENSG00000226498	5	2	3
ENSG00000237991	0	0	0
ENSG00000244020	1	1	0
ENSG00000288099	0	0	0
ENSG00000225886	2	0	2
ENSG00000206767	0	0	0
ENSG00000226662	0	0	0
ENSG00000207095	0	0	0
ENSG00000287244	1	0	1
ENSG00000231344	2	1	1
ENSG00000230833	1	1	0
ENSG00000117758	1592	784	808
ENSG00000269971	10	5	5
ENSG00000270031	6	4	2
ENSG00000223062	0	0	0
ENSG00000286433	2	18	58
ENSG00000117751	1672	830	916
ENSG00000252947	0	0	0
ENSG00000130775	1794	880	914
ENSG00000117748	2173	1065	1108
ENSG00000223643	0	0	0
ENSG00000230239	0	0	0
ENSG00000263811	0	0	0
ENSG00000277234	0	0	0
ENSG00000235241	0	34	80
ENSG00000207005	0	0	0
ENSG00000272426	15	6	9
ENSG00000117122	77	49	41
ENSG00000286898	0	5	8
ENSG00000226526	2	25	34
ENSG00000159363	1366	723	682
ENSG00000117118	2814	1309	1505
ENSG00000117115	3432	1750	1682
ENSG00000204362	0	0	0
ENSG00000282843	0	0	0
ENSG00000142623	23	10	13
ENSG00000142619	1	1	0
ENSG00000266634	0	0	0
ENSG00000199459	3	2	1
ENSG00000273264	2	0	2
ENSG00000282057	6	0	6
ENSG00000272691	0	0	0
ENSG00000199934	0	0	0
ENSG00000230285	0	0	0
ENSG00000142871	2309	1124	1185
ENSG00000226643	0	0	0
ENSG00000234419	0	0	0
ENSG00000276997	6	4	2
ENSG00000222399	0	0	0
ENSG00000267305	1	1	0
ENSG00000143512	8	3	5
ENSG00000143498	271	130	146
ENSG00000225265	70	34	41
ENSG00000154305	2024	1146	1174
ENSG00000229399	4	3	1
ENSG00000272750	76	190	181
ENSG00000186063	641	290	379
ENSG00000162819	1802	871	958
ENSG00000287684	152	112	105
ENSG00000234523	0	0	0
ENSG00000287338	0	0	0
ENSG00000187554	101	49	52
ENSG00000236846	1	0	1
ENSG00000226601	0	0	0
ENSG00000164010	516	378	386
ENSG00000164011	363	172	191
ENSG00000233708	0	0	0
ENSG00000237090	0	0	0
ENSG00000225099	0	0	0
ENSG00000284138	4	1	3
ENSG00000283973	3	6	9
ENSG00000207256	1	0	1
ENSG00000283136	0	0	0
ENSG00000277513	0	0	0
ENSG00000154309	296	162	134
ENSG00000226967	0	0	0
ENSG00000231407	15	10	16
ENSG00000229570	0	0	0
ENSG00000203857	0	0	0
ENSG00000226443	0	0	0
ENSG00000249798	0	0	0
ENSG00000239873	0	0	0
ENSG00000203855	0	0	0
ENSG00000240244	1	0	1
ENSG00000260941	8	5	3
ENSG00000198857	7	5	2
ENSG00000143067	153	71	82
ENSG00000134240	11908	5841	6067
ENSG00000134193	465	255	210
ENSG00000215864	9	5	4
ENSG00000227205	0	0	0
ENSG00000226446	0	0	0
ENSG00000134249	0	0	0
ENSG00000092621	1219	595	624
ENSG00000027644	17	10	7
ENSG00000241992	0	0	0
ENSG00000234226	0	0	0
ENSG00000137970	138	10	128
ENSG00000223229	0	0	0
ENSG00000285698	0	0	0
ENSG00000228035	1	1	0
ENSG00000287103	0	0	0
ENSG00000226973	0	0	0
ENSG00000274468	0	0	0
ENSG00000130764	2057	1086	1159
ENSG00000266075	8	4	5
ENSG00000272153	71	121	137
ENSG00000230026	0	0	0
ENSG00000285177	1	3	2
ENSG00000284770	135	245	223
ENSG00000229795	1	0	1
ENSG00000238236	0	0	0
ENSG00000235638	0	0	0
ENSG00000231199	0	0	0
ENSG00000226663	0	0	0
ENSG00000231582	0	0	0
ENSG00000232714	0	0	0
ENSG00000235761	0	0	0
ENSG00000270710	1	1	0
ENSG00000227236	2	0	2
ENSG00000198837	5262	2775	2753
ENSG00000160741	2456	1244	1212
ENSG00000276584	3	3	0
ENSG00000282386	53	24	29
ENSG00000273026	24	11	13
ENSG00000143578	650	363	389
ENSG00000143543	478	119	403
ENSG00000285641	0	16	15
ENSG00000143545	270	113	157
ENSG00000177954	26575	13125	13450
ENSG00000231416	4	2	2
ENSG00000200220	0	0	0
ENSG00000231837	0	0	0
ENSG00000263987	1	0	1
ENSG00000162642	761	390	371
ENSG00000223254	4	3	1
ENSG00000223653	22	32	79
ENSG00000116198	1378	644	734
ENSG00000169598	499	247	252
ENSG00000226653	0	0	0
ENSG00000207209	0	0	0
ENSG00000272443	1	1	0
ENSG00000272480	0	0	0
ENSG00000288626	0	0	0
ENSG00000162836	836	405	431
ENSG00000207080	0	0	0
ENSG00000231791	0	0	0
ENSG00000244568	0	0	0
ENSG00000271387	5	5	0
ENSG00000116667	1753	857	896
ENSG00000230470	2	1	1
ENSG00000232036	1	0	1
ENSG00000285847	32	16	17
ENSG00000286378	2	0	3
ENSG00000215381	0	0	0
ENSG00000261326	609	279	330
ENSG00000284726	22	16	6
ENSG00000125945	316	161	175
ENSG00000201405	0	0	0
ENSG00000271420	36	13	23
ENSG00000204219	2778	1271	1507
ENSG00000232482	26	19	7
ENSG00000285779	0	0	0
ENSG00000162885	710	676	679
ENSG00000270780	0	0	0
ENSG00000232895	0	0	0
ENSG00000273698	0	0	0
ENSG00000273112	0	0	0
ENSG00000173110	373	167	206
ENSG00000224203	0	0	0
ENSG00000224515	0	0	0
ENSG00000225217	184	99	85
ENSG00000231586	0	0	0
ENSG00000234211	11	28	40
ENSG00000213075	8	2	6
ENSG00000143125	0	0	1
ENSG00000270380	0	1	0
ENSG00000282887	0	0	0
ENSG00000283999	0	0	0
ENSG00000240194	0	0	0
ENSG00000235407	0	0	0
ENSG00000143105	0	0	0
ENSG00000199710	0	0	0
ENSG00000237415	1	1	0
ENSG00000232791	0	0	0
ENSG00000177301	101	49	52
ENSG00000226828	6	3	3
ENSG00000279774	3	2	1
ENSG00000229960	2	1	1
ENSG00000286486	2	1	1
ENSG00000244066	0	0	0
ENSG00000237759	1	1	0
ENSG00000287531	0	0	0
ENSG00000225855	420	1741	1434
ENSG00000283701	1	1	0
ENSG00000207134	1	1	0
ENSG00000227773	1	1	0
ENSG00000207144	2	1	1
ENSG00000237872	21	4	17
ENSG00000271267	23	10	13
ENSG00000225082	1	1	0
ENSG00000223503	5	2	3
ENSG00000232519	1	0	2
ENSG00000160752	2039	2354	2411
ENSG00000121957	669	987	967
ENSG00000235089	0	0	0
ENSG00000285179	0	0	0
ENSG00000223026	0	0	0
ENSG00000225721	7	145	3308
ENSG00000188396	34	33	20
ENSG00000202167	0	0	0
ENSG00000207349	0	0	0
ENSG00000252826	0	0	0
ENSG00000206737	0	0	0
ENSG00000223779	2	1	1
ENSG00000242352	1	0	1
ENSG00000270962	0	0	0
ENSG00000263590	0	0	0
ENSG00000252105	0	0	0
ENSG00000233430	0	0	0
ENSG00000237503	0	0	0
ENSG00000265531	2	1	1
ENSG00000234571	0	0	0
ENSG00000230186	0	0	0
ENSG00000268074	0	0	0
ENSG00000270872	2	1	1
ENSG00000276674	0	0	0
ENSG00000082482	15	6	9
ENSG00000116747	1001	602	695
ENSG00000118729	86	50	36
ENSG00000134207	3	2	1
ENSG00000163467	24	8	17
ENSG00000243710	6	8	3
ENSG00000117395	1664	789	887
ENSG00000116874	328	180	204
ENSG00000065600	339	151	188
ENSG00000009780	600	275	325
ENSG00000023572	633	451	431
ENSG00000077254	2127	1051	1076
ENSG00000134644	2498	1215	1283
ENSG00000215788	2230	1146	1260
ENSG00000117834	96	51	55
ENSG00000117625	1736	845	891
ENSG00000179902	10	7	7
ENSG00000020633	2200	1046	1154
ENSG00000121766	766	466	537
ENSG00000143157	1993	989	1004
ENSG00000162614	272	138	149
ENSG00000160781	212	101	111
ENSG00000143344	568	272	296
ENSG00000162613	5199	2489	2713
ENSG00000116882	4	0	4
ENSG00000198758	5400	2693	2707
ENSG00000117569	865	441	424
ENSG00000142856	848	495	568
ENSG00000158022	22	11	11
ENSG00000116396	872	435	437
ENSG00000058668	1735	795	940
ENSG00000163875	1737	841	896
ENSG00000282872	0	0	0
ENSG00000131238	2294	1154	1140
ENSG00000171680	684	380	304
ENSG00000244457	0	0	0
ENSG00000116977	1110	1127	1035
ENSG00000229372	0	118	131
ENSG00000274975	0	1	0
ENSG00000229348	5	1	4
ENSG00000242485	2314	1255	1364
ENSG00000264293	0	0	0
ENSG00000272455	155	66	89
ENSG00000225905	4	9	1
ENSG00000225285	22	11	11
ENSG00000179403	1047	522	525
ENSG00000215915	28	9	19
ENSG00000236085	0	0	0
ENSG00000234441	0	0	0
ENSG00000227408	0	1	0
ENSG00000223635	3	1	2
ENSG00000135776	914	436	478
ENSG00000199672	4	1	3
ENSG00000201492	6	1	5
ENSG00000229367	1	0	1
ENSG00000135763	519	256	263
ENSG00000213028	0	0	0
ENSG00000225984	2	0	2
ENSG00000178828	380	297	247
ENSG00000235434	4	79	89
ENSG00000169914	1093	553	540
ENSG00000188784	0	0	0
ENSG00000242688	0	0	0
ENSG00000177186	0	0	0
ENSG00000177174	0	0	0
ENSG00000269956	27	100	113
ENSG00000162456	0	0	0
ENSG00000079277	1520	806	900
ENSG00000117407	40	19	21
ENSG00000237950	95	49	46
ENSG00000117408	1002	513	489
ENSG00000285649	8	51	102
ENSG00000117410	3461	1699	1765
ENSG00000159214	602	348	334
ENSG00000196517	264	147	197
ENSG00000227163	0	0	0
ENSG00000271647	0	0	0
ENSG00000239560	0	0	0
ENSG00000196539	0	0	0
ENSG00000229255	6	5	1
ENSG00000203661	0	0	0
ENSG00000271934	0	0	0
ENSG00000224521	7	3	4
ENSG00000227102	0	0	0
ENSG00000183310	0	0	0
ENSG00000201602	0	0	0
ENSG00000271701	0	0	0
ENSG00000189181	0	0	0
ENSG00000187238	0	0	0
ENSG00000185962	0	0	0
ENSG00000226947	0	0	0
ENSG00000285753	0	0	0
ENSG00000187223	0	0	0
ENSG00000159455	0	0	0
ENSG00000187173	0	0	0
ENSG00000204501	0	0	0
ENSG00000228229	0	0	0
ENSG00000204481	0	0	0
ENSG00000204479	0	0	0
ENSG00000172031	11	6	5
ENSG00000233228	0	0	0
ENSG00000224678	0	0	0
ENSG00000233401	0	0	0
ENSG00000273487	5	3	2
ENSG00000226773	0	0	0
ENSG00000274481	0	0	0
ENSG00000228594	94	57	37
ENSG00000286989	34	21	13
ENSG00000272106	278	157	174
ENSG00000189409	25	18	7
ENSG00000272004	6	40	40
ENSG00000189339	2659	1382	1351
ENSG00000269737	209	99	110
ENSG00000215914	6	6	0
ENSG00000008128	304	177	127
ENSG00000268575	158	137	133
ENSG00000227775	545	315	361
ENSG00000008130	4031	2071	1960
ENSG00000078369	13639	6601	7038
ENSG00000178821	56	26	30
ENSG00000158477	173	97	76
ENSG00000230942	0	0	0
ENSG00000158481	1477	710	767
ENSG00000158485	13	8	5
ENSG00000158488	58	22	36
ENSG00000186306	0	0	0
ENSG00000203758	0	0	0
ENSG00000236257	1	1	0
ENSG00000236656	0	0	0
ENSG00000198703	0	0	0
ENSG00000227445	0	0	0
ENSG00000231434	0	0	0
ENSG00000117505	3811	1889	2041
ENSG00000229635	4	1	3
ENSG00000207379	0	0	0
ENSG00000212601	0	0	0
ENSG00000162889	3964	1925	2040
ENSG00000224114	280	64	216
ENSG00000199349	0	0	0
ENSG00000162892	50	353	270
ENSG00000162894	3863	2185	2250
ENSG00000271680	46	21	25
ENSG00000226945	57	33	24
ENSG00000162896	160661	78558	82105
ENSG00