N_unmapped	80283	80283	80283
N_multimapping	2781160	2781160	2781160
N_noFeature	406528	9625845	452007
N_ambiguous	1351753	13544	329119
ENSG00000160072	111	0	111
ENSG00000234396	1	0	1
ENSG00000225972	3	0	3
ENSG00000224315	0	0	0
ENSG00000198744	0	0	0
ENSG00000279928	6	0	6
ENSG00000228037	10	0	10
ENSG00000142611	0	0	0
ENSG00000225630	523	17	506
ENSG00000284616	0	0	0
ENSG00000157911	23	194	40
ENSG00000269896	8	0	8
ENSG00000237973	305	2	308
ENSG00000228463	8	0	13
ENSG00000260972	0	0	0
ENSG00000157933	658	0	658
ENSG00000224340	0	0	0
ENSG00000226545	0	0	0
ENSG00000268663	0	0	0
ENSG00000226374	0	0	0
ENSG00000229280	0	0	0
ENSG00000142655	80	18	79
ENSG00000232596	0	0	0
ENSG00000235054	0	0	0
ENSG00000232663	0	0	0
ENSG00000240409	1	0	1
ENSG00000229344	1	0	1
ENSG00000231510	0	0	0
ENSG00000149527	67	2	65
ENSG00000284739	0	0	0
ENSG00000171621	42	0	42
ENSG00000272235	0	0	0
ENSG00000284694	0	0	0
ENSG00000230021	4	6	4
ENSG00000287356	1	0	1
ENSG00000224387	6	5	1
ENSG00000285629	0	0	0
ENSG00000173673	0	0	0
ENSG00000142583	32	0	32
ENSG00000284674	0	0	0
ENSG00000272161	0	0	0
ENSG00000237094	32	0	32
ENSG00000224338	0	0	0
ENSG00000074800	2925	0	2925
ENSG00000116786	420	0	473
ENSG00000287727	0	0	0
ENSG00000228423	0	0	0
ENSG00000286448	0	5	0
ENSG00000131686	7	9	3
ENSG00000229305	0	0	0
ENSG00000284703	0	0	0
ENSG00000226457	0	0	0
ENSG00000173614	47	0	47
ENSG00000248527	2462	77	2385
ENSG00000215720	0	0	0
ENSG00000241326	0	0	0
ENSG00000233623	0	0	0
ENSG00000162592	0	4	0
ENSG00000116254	2	0	2
ENSG00000233645	0	0	0
ENSG00000204624	2	0	2
ENSG00000142606	5	24	8
ENSG00000235146	0	0	0
ENSG00000225931	0	0	0
ENSG00000171729	10	0	10
ENSG00000279457	27	0	27
ENSG00000162571	2	0	2
ENSG00000229393	2	2	0
ENSG00000037637	281	0	281
ENSG00000287586	10	0	10
ENSG00000159423	18	0	18
ENSG00000142599	1360	14	1347
ENSG00000227169	0	0	0
ENSG00000283356	0	0	0
ENSG00000011021	176	0	180
ENSG00000142615	0	0	0
ENSG00000215704	0	2	0
ENSG00000157916	606	17	800
ENSG00000157881	195	0	195
ENSG00000238290	0	0	0
ENSG00000225387	0	0	0
ENSG00000048707	947	0	947
ENSG00000158748	6	0	6
ENSG00000225196	0	0	0
ENSG00000162444	59	0	59
ENSG00000279625	0	1	0
ENSG00000180758	61	0	61
ENSG00000184677	434	0	434
ENSG00000230679	2	0	2
ENSG00000270136	0	0	0
ENSG00000288398	20	0	20
ENSG00000224621	0	0	0
ENSG00000285833	0	0	0
ENSG00000131697	58	0	61
ENSG00000284692	0	0	0
ENSG00000284745	0	0	0
ENSG00000280222	0	0	0
ENSG00000227634	0	0	0
ENSG00000285945	0	0	0
ENSG00000229162	3	0	3
ENSG00000197921	0	0	0
ENSG00000233755	0	0	0
ENSG00000233929	0	0	0
ENSG00000271742	0	0	0
ENSG00000226396	2	0	2
ENSG00000169504	338	0	338
ENSG00000234166	0	5	0
ENSG00000235282	0	0	0
ENSG00000055070	671	0	1015
ENSG00000175087	133	0	133
ENSG00000157191	795	6	789
ENSG00000284699	0	0	0
ENSG00000230035	0	0	0
ENSG00000235185	0	0	0
ENSG00000225643	1	0	1
ENSG00000284666	0	0	0
ENSG00000228943	1	1	0
ENSG00000234397	0	0	0
ENSG00000284309	0	0	0
ENSG00000162511	4944	4	9235
ENSG00000158014	0	0	0
ENSG00000204138	230	1	229
ENSG00000233419	0	0	0
ENSG00000235263	0	0	0
ENSG00000228176	0	0	0
ENSG00000231251	0	0	0
ENSG00000142675	13	0	13
ENSG00000197245	0	0	0
ENSG00000261025	0	0	0
ENSG00000116237	259	0	277
ENSG00000130772	113	0	113
ENSG00000215899	0	0	0
ENSG00000271398	0	0	0
ENSG00000225011	0	0	0
ENSG00000235069	0	0	0
ENSG00000284676	0	0	0
ENSG00000237058	0	0	0
ENSG00000233399	0	0	0
ENSG00000090020	274	0	274
ENSG00000157978	1127	1	1126
ENSG00000226944	0	0	0
ENSG00000270282	0	0	0
ENSG00000130770	178	6	266
ENSG00000229044	0	68	0
ENSG00000162512	21	0	21
ENSG00000158006	205	0	205
ENSG00000214812	0	0	0
ENSG00000126698	646	3	643
ENSG00000229447	2	0	2
ENSG00000229607	0	0	0
ENSG00000130766	107	0	107
ENSG00000168528	6	0	6
ENSG00000196581	4	0	4
ENSG00000169403	2108	0	2108
ENSG00000084628	0	0	0
ENSG00000060688	257	1	256
ENSG00000171612	26	0	26
ENSG00000270927	0	0	0
ENSG00000188910	0	0	0
ENSG00000230523	0	0	0
ENSG00000116138	197	32	192
ENSG00000158161	251	1	250
ENSG00000142684	0	0	16
ENSG00000234619	0	0	0
ENSG00000121769	4	4	0
ENSG00000142627	1	0	1
ENSG00000284668	0	0	0
ENSG00000233234	0	0	0
ENSG00000142632	37	0	42
ENSG00000234593	0	0	0
ENSG00000158292	13	0	13
ENSG00000270605	18	0	18
ENSG00000189337	16	0	17
ENSG00000232912	15	0	16
ENSG00000235084	1	0	1
ENSG00000235143	0	0	0
ENSG00000225478	0	0	0
ENSG00000225077	1	14	1
ENSG00000028137	3111	1	3110
ENSG00000238249	2	2	0
ENSG00000204464	0	0	0
ENSG00000233372	0	0	0
ENSG00000283259	0	0	0
ENSG00000284543	0	0	0
ENSG00000130939	555	0	555
ENSG00000175147	0	1	0
ENSG00000127472	0	0	0
ENSG00000060656	1	0	1
ENSG00000163867	115	2	113
ENSG00000232768	0	0	0
ENSG00000230214	0	0	0
ENSG00000189280	2	2	0
ENSG00000134698	1399	0	1399
ENSG00000134690	13	0	13
ENSG00000272420	0	0	0
ENSG00000132881	20	0	20
ENSG00000273274	0	0	0
ENSG00000116251	797	0	797
ENSG00000272510	3	12	5
ENSG00000158286	17	4	17
ENSG00000236648	0	0	0
ENSG00000232273	1	1	0
ENSG00000009709	0	0	0
ENSG00000287396	0	0	0
ENSG00000223589	0	0	0
ENSG00000158008	0	0	0
ENSG00000130940	35	0	60
ENSG00000116771	38	0	51
ENSG00000237301	1	1	0
ENSG00000162585	72	24	75
ENSG00000163879	2	2	2
ENSG00000227527	0	0	0
ENSG00000116954	148	0	148
ENSG00000228589	2	0	2
ENSG00000163873	1	0	1
ENSG00000117215	4	0	4
ENSG00000196449	69	5	76
ENSG00000230163	0	11	0
ENSG00000227538	0	0	0
ENSG00000232208	7	0	7
ENSG00000236500	0	0	0
ENSG00000044012	0	0	0
ENSG00000179051	541	1	655
ENSG00000215895	0	0	0
ENSG00000231868	0	7	0
ENSG00000284650	0	0	0
ENSG00000237329	0	0	0
ENSG00000236948	0	0	0
ENSG00000126067	371	0	371
ENSG00000274944	0	0	0
ENSG00000132906	129	0	131
ENSG00000197312	425	0	425
ENSG00000284748	0	0	0
ENSG00000272078	2	27	0
ENSG00000173660	414	0	414
ENSG00000224592	0	0	0
ENSG00000233728	0	16	0
ENSG00000230451	0	0	0
ENSG00000231606	0	0	0
ENSG00000215900	0	0	0
ENSG00000284632	0	0	0
ENSG00000241014	4	0	4
ENSG00000054118	1539	4	1535
ENSG00000254553	0	0	0
ENSG00000284653	0	0	0
ENSG00000237749	2	0	2
ENSG00000276747	4	0	4
ENSG00000284705	0	0	0
ENSG00000228776	0	0	0
ENSG00000159339	231	2	229
ENSG00000223814	0	0	0
ENSG00000197982	40	11	41
ENSG00000261781	0	0	0
ENSG00000183317	2	0	2
ENSG00000183386	119	0	119
ENSG00000284743	0	0	0
ENSG00000158315	0	0	0
ENSG00000204084	233	0	272
ENSG00000186973	2	0	2
ENSG00000271806	0	15	0
ENSG00000146463	280	0	325
ENSG00000279214	0	0	0
ENSG00000183520	129	0	129
ENSG00000271741	0	0	0
ENSG00000214141	0	0	0
ENSG00000142686	76	0	76
ENSG00000224751	0	0	0
ENSG00000279096	0	0	0
ENSG00000117148	0	0	0
ENSG00000230585	0	0	0
ENSG00000117000	374	0	374
ENSG00000284989	0	0	0
ENSG00000231630	0	0	0
ENSG00000092853	19	0	20
ENSG00000255811	0	0	0
ENSG00000134697	259	2	259
ENSG00000187513	2	1	1
ENSG00000238145	0	0	0
ENSG00000225142	0	0	0
ENSG00000230138	10	0	10
ENSG00000223390	0	2	0
ENSG00000285823	0	0	0
ENSG00000284720	0	0	0
ENSG00000225028	0	0	0
ENSG00000225671	0	0	0
ENSG00000116151	18	0	18
ENSG00000226147	0	0	0
ENSG00000182873	15	7	10
ENSG00000006555	62	0	62
ENSG00000236111	0	0	0
ENSG00000066056	3	0	3
ENSG00000214114	152	6	146
ENSG00000173436	53	0	53
ENSG00000116544	12	0	12
ENSG00000231900	0	0	0
ENSG00000236723	1	72	2
ENSG00000232467	0	0	0
ENSG00000117016	52	0	52
ENSG00000121310	173	0	173
ENSG00000169213	0	0	0
ENSG00000163866	224	0	235
ENSG00000225779	0	0	0
ENSG00000284601	0	0	0
ENSG00000237130	0	0	0
ENSG00000143001	0	0	0
ENSG00000229716	0	0	0
ENSG00000226133	0	0	0
ENSG00000227416	0	0	0
ENSG00000232335	0	1	0
ENSG00000260971	0	0	0
ENSG00000259832	0	0	0
ENSG00000284696	0	0	0
ENSG00000238242	0	0	0
ENSG00000285839	0	0	0
ENSG00000237290	0	0	0
ENSG00000232762	0	0	0
ENSG00000117419	94	0	94
ENSG00000162384	175	9	182
ENSG00000162391	0	2	0
ENSG00000174348	3	0	4
ENSG00000154198	0	0	0
ENSG00000117859	452	14	449
ENSG00000228121	0	0	0
ENSG00000253313	0	0	0
ENSG00000162396	25	0	25
ENSG00000203995	0	0	0
ENSG00000227742	0	0	0
ENSG00000284686	0	0	0
ENSG00000162378	314	0	314
ENSG00000233079	0	0	0
ENSG00000259818	0	0	0
ENSG00000229444	0	1	0
ENSG00000240563	6	0	6
ENSG00000234318	0	0	0
ENSG00000284773	10	0	10
ENSG00000234481	0	0	0
ENSG00000117862	32	0	32
ENSG00000235612	0	0	0
ENSG00000228369	0	0	0
ENSG00000183431	587	1	586
ENSG00000227485	0	0	0
ENSG00000224609	2	0	2
ENSG00000235545	0	0	0
ENSG00000236646	0	0	0
ENSG00000169174	0	0	0
ENSG00000232198	0	0	0
ENSG00000238063	3	0	3
ENSG00000227104	0	0	0
ENSG00000243725	4	0	4
ENSG00000171872	0	0	0
ENSG00000162407	3	0	3
ENSG00000285079	1	0	1
ENSG00000169218	0	0	0
ENSG00000163877	219	1	218
ENSG00000228929	4	0	4
ENSG00000224570	0	0	0
ENSG00000224980	0	0	0
ENSG00000278967	0	0	0
ENSG00000157184	50	9	131
ENSG00000272491	0	0	1
ENSG00000198815	642	1	641
ENSG00000134744	659	4	656
ENSG00000233910	0	0	0
ENSG00000287703	0	0	0
ENSG00000283039	0	0	0
ENSG00000229032	0	0	0
ENSG00000229294	0	0	0
ENSG00000232993	0	1	0
ENSG00000234088	0	0	0
ENSG00000236973	0	0	0
ENSG00000227947	0	0	0
ENSG00000277397	0	0	0
ENSG00000271200	0	0	0
ENSG00000235446	0	0	0
ENSG00000261196	0	0	0
ENSG00000162385	182	0	182
ENSG00000231413	0	0	0
ENSG00000234264	0	0	0
ENSG00000242391	0	0	0
ENSG00000223883	0	0	0
ENSG00000284808	0	0	0
ENSG00000242267	0	0	0
ENSG00000237227	0	0	0
ENSG00000275350	0	0	0
ENSG00000116652	2	0	4
ENSG00000123080	38	3	36
ENSG00000285778	0	0	0
ENSG00000077549	2427	1	2426
ENSG00000233407	0	0	0
ENSG00000225675	0	0	0
ENSG00000237622	0	0	0
ENSG00000162598	0	0	0
ENSG00000280317	0	0	0
ENSG00000162415	20	0	20
ENSG00000162600	137	0	137
ENSG00000116704	193	0	193
ENSG00000227644	0	0	0
ENSG00000157193	57	1	67
ENSG00000116205	174	1	176
ENSG00000198841	29	0	29
ENSG00000116212	63	0	63
ENSG00000234204	0	0	0
ENSG00000233099	0	0	0
ENSG00000233994	1	0	1
ENSG00000237180	0	0	0
ENSG00000213561	0	0	0
ENSG00000233973	0	0	0
ENSG00000237552	0	0	0
ENSG00000132854	0	0	0
ENSG00000227556	0	0	0
ENSG00000162616	52	0	52
ENSG00000162607	578	1	577
ENSG00000233602	0	0	0
ENSG00000233271	0	0	0
ENSG00000285954	9	9	0
ENSG00000233333	0	0	0
ENSG00000154027	54	0	54
ENSG00000234108	0	0	0
ENSG00000232676	0	0	0
ENSG00000225167	0	0	0
ENSG00000132122	26	1	26
ENSG00000213579	0	0	0
ENSG00000137960	4	0	4
ENSG00000237852	0	0	0
ENSG00000116745	0	0	0
ENSG00000132855	0	0	0
ENSG00000285407	0	0	0
ENSG00000272855	0	0	0
ENSG00000270549	0	0	0
ENSG00000237163	0	0	0
ENSG00000229636	0	0	0
ENSG00000116675	12	0	12
ENSG00000162433	4	0	4
ENSG00000213625	455	0	455
ENSG00000227207	0	0	0
ENSG00000227016	0	0	0
ENSG00000233664	0	0	0
ENSG00000158966	2	0	2
ENSG00000213703	0	0	0
ENSG00000203965	35	0	37
ENSG00000223479	0	0	0
ENSG00000233674	0	0	0
ENSG00000153898	82	0	82
ENSG00000117069	0	0	0
ENSG00000125703	142	1	141
ENSG00000285041	0	0	0
ENSG00000285808	0	0	0
ENSG00000229440	0	0	0
ENSG00000234144	0	0	0
ENSG00000213540	0	0	0
ENSG00000277670	0	0	0
ENSG00000227466	0	0	0
ENSG00000154007	0	0	0
ENSG00000230498	0	0	0
ENSG00000285782	0	0	0
ENSG00000162618	0	0	0
ENSG00000224493	0	0	0
ENSG00000131233	0	0	0
ENSG00000272371	0	0	0
ENSG00000287647	0	0	0
ENSG00000229225	0	0	0
ENSG00000230863	0	0	0
ENSG00000213560	0	0	0
ENSG00000287224	0	0	0
ENSG00000225598	0	0	0
ENSG00000286455	0	0	0
ENSG00000225087	0	0	0
ENSG00000224986	0	0	0
ENSG00000280378	1	0	1
ENSG00000188786	396	0	396
ENSG00000230053	0	0	0
ENSG00000137941	12	0	12
ENSG00000273338	2	2	0
ENSG00000223720	0	0	0
ENSG00000224326	0	0	0
ENSG00000286548	1	0	1
ENSG00000066135	139	0	193
ENSG00000230027	0	0	0
ENSG00000233061	0	0	0
ENSG00000272094	0	0	0
ENSG00000228853	0	0	0
ENSG00000215874	0	0	0
ENSG00000232453	3	2	1
ENSG00000260386	0	0	0
ENSG00000284895	0	0	0
ENSG00000117174	191	0	191
ENSG00000237413	0	0	0
ENSG00000184313	0	0	0
ENSG00000284645	0	0	0
ENSG00000225605	0	0	0
ENSG00000225446	0	0	0
ENSG00000288543	0	0	0
ENSG00000122420	0	0	0
ENSG00000284240	0	0	0
ENSG00000236290	0	0	0
ENSG00000143013	184	0	184
ENSG00000226084	6	0	6
ENSG00000134748	613	3	610
ENSG00000142892	234	0	234
ENSG00000219102	6	0	6
ENSG00000184005	16	0	16
ENSG00000230953	5	5	0
ENSG00000287743	0	0	0
ENSG00000229332	0	0	0
ENSG00000227937	0	0	0
ENSG00000229752	0	0	0
ENSG00000237505	3	0	3
ENSG00000285462	0	0	0
ENSG00000233216	0	0	0
ENSG00000197273	0	0	0
ENSG00000226804	0	0	0
ENSG00000285325	0	0	0
ENSG00000230728	0	0	0
ENSG00000162402	1388	1	1387
ENSG00000232846	0	0	0
ENSG00000219201	5	0	5
ENSG00000230787	0	0	0
ENSG00000116641	73	3	70
ENSG00000235927	1	0	1
ENSG00000223920	0	0	0
ENSG00000237453	0	0	0
ENSG00000172260	7	0	7
ENSG00000285473	0	0	0
ENSG00000237959	0	0	0
ENSG00000231364	0	0	0
ENSG00000234578	0	0	0
ENSG00000117480	36	0	36
ENSG00000137944	176	2	174
ENSG00000229505	0	0	0
ENSG00000228187	0	0	0
ENSG00000285201	0	0	0
ENSG00000182183	58	3	56
ENSG00000236407	0	0	0
ENSG00000271949	0	0	0
ENSG00000227062	0	0	0
ENSG00000067334	465	1	464
ENSG00000235011	0	0	0
ENSG00000235673	0	0	0
ENSG00000226938	0	0	0
ENSG00000213559	0	0	0
ENSG00000287587	0	0	0
ENSG00000142949	5	0	5
ENSG00000116133	57	2	67
ENSG00000232882	0	0	0
ENSG00000171502	5	0	5
ENSG00000162399	0	0	0
ENSG00000116157	45	0	45
ENSG00000143036	0	0	0
ENSG00000232672	0	0	0
ENSG00000230817	1	0	1
ENSG00000235613	0	0	0
ENSG00000065243	721	0	721
ENSG00000226759	0	0	0
ENSG00000226960	0	0	0
ENSG00000234080	0	0	0
ENSG00000237899	1	1	0
ENSG00000225492	3	0	3
ENSG00000223905	0	0	0
ENSG00000227290	0	0	0
ENSG00000229486	0	0	0
ENSG00000282898	0	0	0
ENSG00000285409	0	0	0
ENSG00000231090	1	0	1
ENSG00000117528	182	0	182
ENSG00000271723	0	0	0
ENSG00000172339	18	0	18
ENSG00000036549	336	0	336
ENSG00000287724	0	11	0
ENSG00000058799	182	0	182
ENSG00000225191	0	0	0
ENSG00000287870	0	0	0
ENSG00000235563	0	0	0
ENSG00000232048	0	0	0
ENSG00000232857	0	0	0
ENSG00000273637	0	0	0
ENSG00000203985	0	0	0
ENSG00000228838	0	1	0
ENSG00000283761	1	0	1
ENSG00000189433	0	0	0
ENSG00000230759	0	0	0
ENSG00000231866	0	0	0
ENSG00000179178	1	0	1
ENSG00000142700	0	0	0
ENSG00000285525	0	0	0
ENSG00000236098	0	0	0
ENSG00000233514	0	0	0
ENSG00000127124	168	0	168
ENSG00000266993	4	8	6
ENSG00000223675	0	0	0
ENSG00000162604	113	0	113
ENSG00000229316	0	0	0
ENSG00000116171	470	1	471
ENSG00000287406	0	0	0
ENSG00000225767	0	0	0
ENSG00000234099	0	0	0
ENSG00000137936	11	2	10
ENSG00000235308	2	2	0
ENSG00000232752	0	0	0
ENSG00000235829	0	0	0
ENSG00000143032	0	0	0
ENSG00000226745	0	0	0
ENSG00000178028	248	0	248
ENSG00000280040	0	0	0
ENSG00000168710	629	0	629
ENSG00000117519	20	0	20
ENSG00000270507	0	0	0
ENSG00000238037	0	0	0
ENSG00000215869	0	0	0
ENSG00000134215	355	0	355
ENSG00000227935	0	0	0
ENSG00000229887	0	0	0
ENSG00000228502	51	0	51
ENSG00000236268	0	0	0
ENSG00000271277	0	0	0
ENSG00000236888	0	0	0
ENSG00000279778	0	0	0
ENSG00000232015	0	0	0
ENSG00000230955	0	39	0
ENSG00000230828	0	0	0
ENSG00000188641	829	0	891
ENSG00000152078	9	0	9
ENSG00000237279	0	0	0
ENSG00000233359	0	0	0
ENSG00000237954	0	0	0
ENSG00000185668	0	0	0
ENSG00000171492	395	0	395
ENSG00000233129	0	0	0
ENSG00000170989	1957	2	1955
ENSG00000258634	45	0	59
ENSG00000233557	0	0	0
ENSG00000237897	0	0	0
ENSG00000116299	138	0	138
ENSG00000137962	2	0	2
ENSG00000227832	0	0	0
ENSG00000286692	0	0	0
ENSG00000260464	2	0	2
ENSG00000237435	0	0	0
ENSG00000231996	0	0	0
ENSG00000273204	0	1	0
ENSG00000079739	122	0	140
ENSG00000117154	0	0	0
ENSG00000162377	44	4	40
ENSG00000224613	0	0	0
ENSG00000215871	0	0	0
ENSG00000287372	0	0	0
ENSG00000232542	0	0	0
ENSG00000231095	0	0	0
ENSG00000116774	1	0	1
ENSG00000287756	0	0	0
ENSG00000269113	0	0	0
ENSG00000284652	0	0	0
ENSG00000023909	189	0	189
ENSG00000069702	331	0	331
ENSG00000232185	0	0	0
ENSG00000230489	7	0	7
ENSG00000228399	0	0	0
ENSG00000236776	0	0	0
ENSG00000285928	2	2	0
ENSG00000224685	0	0	0
ENSG00000287076	0	0	0
ENSG00000237480	0	0	0
ENSG00000271252	0	0	0
ENSG00000230427	0	0	0
ENSG00000235794	0	0	0
ENSG00000286758	0	0	0
ENSG00000237337	0	0	0
ENSG00000233983	0	0	0
ENSG00000198198	538	38	635
ENSG00000225183	0	0	0
ENSG00000230402	0	0	0
ENSG00000116793	124	0	124
ENSG00000134201	1	0	1
ENSG00000238122	0	0	0
ENSG00000260879	0	13	0
ENSG00000213366	84	0	84
ENSG00000230864	0	0	0
ENSG00000283354	0	0	0
ENSG00000232918	0	0	0
ENSG00000236360	0	2	0
ENSG00000183298	0	0	4
ENSG00000234332	17	0	17
ENSG00000117525	0	0	0
ENSG00000225079	15	2	13
ENSG00000226483	0	0	0
ENSG00000224238	0	0	0
ENSG00000229537	0	0	0
ENSG00000162699	0	0	0
ENSG00000162692	4	0	4
ENSG00000203914	0	0	0
ENSG00000270457	0	0	0
ENSG00000203858	0	0	0
ENSG00000231987	0	0	0
ENSG00000228057	0	0	0
ENSG00000261593	0	0	0
ENSG00000224445	0	0	0
ENSG00000229842	0	0	0
ENSG00000270631	0	0	0
ENSG00000229201	0	0	0
ENSG00000181656	1	1	0
ENSG00000122481	19	0	19
ENSG00000198162	483	0	483
ENSG00000238198	2	0	2
ENSG00000171517	2	0	2
ENSG00000228852	3	3	0
ENSG00000203864	0	0	0
ENSG00000233482	0	0	0
ENSG00000230250	0	0	0
ENSG00000232878	0	61	0
ENSG00000143079	30	0	30
ENSG00000232450	5	0	5
ENSG00000223575	0	0	0
ENSG00000230768	0	0	0
ENSG00000235202	0	0	0
ENSG00000272715	0	0	0
ENSG00000235038	0	0	0
ENSG00000143093	380	0	380
ENSG00000226415	1	0	1
ENSG00000085491	298	1	313
ENSG00000173947	4	0	4
ENSG00000241361	0	0	0
ENSG00000230434	0	0	0
ENSG00000230718	0	0	0
ENSG00000134198	402	1	401
ENSG00000235595	0	0	0
ENSG00000226053	0	0	0
ENSG00000226128	0	0	0
ENSG00000198799	222	0	251
ENSG00000279513	0	0	0
ENSG00000117620	142	0	142
ENSG00000280186	0	0	0
ENSG00000223906	0	0	0
ENSG00000162688	244	0	244
ENSG00000197106	1	1	0
ENSG00000259946	0	0	0
ENSG00000236137	0	46	0
ENSG00000203859	1	0	1
ENSG00000228086	0	60	0
ENSG00000213421	0	0	0
ENSG00000234020	0	0	0
ENSG00000060718	0	0	0
ENSG00000236804	0	0	0
ENSG00000231072	0	0	0
ENSG00000273406	2	2	0
ENSG00000185946	187	0	187
ENSG00000162627	10	0	10
ENSG00000226715	0	4	0
ENSG00000162695	271	0	271
ENSG00000134184	59	0	84
ENSG00000265808	400	0	400
ENSG00000261290	0	0	0
ENSG00000225923	0	0	0
ENSG00000134247	20	0	20
ENSG00000187481	0	0	0
ENSG00000116752	178	0	178
ENSG00000162664	145	0	145
ENSG00000236866	0	0	0
ENSG00000134253	3	1	2
ENSG00000277655	0	0	0
ENSG00000223416	0	0	0
ENSG00000213226	0	0	0
ENSG00000179571	0	0	0
ENSG00000227850	1	0	1
ENSG00000243967	0	0	0
ENSG00000235777	0	1	0
ENSG00000260246	0	25	0
ENSG00000173218	58	0	58
ENSG00000285532	0	0	0
ENSG00000226755	0	0	0
ENSG00000232650	0	0	0
ENSG00000183508	918	2	916
ENSG00000277095	0	0	0
ENSG00000236806	0	0	0
ENSG00000234283	0	0	0
ENSG00000237188	0	0	0
ENSG00000232780	0	0	0
ENSG00000274927	0	0	0
ENSG00000264145	0	0	0
ENSG00000238256	0	0	0
ENSG00000198765	0	0	0
ENSG00000224335	0	0	0
ENSG00000277702	0	0	0
ENSG00000143398	347	0	347
ENSG00000196505	193	1	192
ENSG00000225871	10	21	0
ENSG00000223489	0	0	0
ENSG00000230546	0	0	0
ENSG00000213262	0	0	0
ENSG00000287015	0	0	0
ENSG00000241720	0	15	0
ENSG00000235526	0	0	0
ENSG00000228347	0	0	0
ENSG00000276975	1	0	1
ENSG00000236012	0	0	0
ENSG00000270911	0	0	0
ENSG00000272824	1	0	1
ENSG00000134200	2	2	0
ENSG00000234257	0	0	0
ENSG00000065183	280	1	296
ENSG00000227082	2	0	2
ENSG00000228626	0	0	0
ENSG00000226126	0	0	0
ENSG00000163393	128	0	128
ENSG00000163156	213	2	214
ENSG00000143631	1	2	0
ENSG00000156150	0	14	0
ENSG00000228453	0	0	0
ENSG00000274642	0	0	0
ENSG00000177551	0	0	0
ENSG00000197323	692	2	690
ENSG00000237975	1	0	2
ENSG00000261168	2	0	2
ENSG00000287980	0	0	0
ENSG00000229283	0	0	0
ENSG00000271419	0	0	0
ENSG00000226172	0	0	0
ENSG00000079335	387	5	442
ENSG00000143119	4948	0	4948
ENSG00000237278	0	29	0
ENSG00000285062	0	0	0
ENSG00000233432	0	0	0
ENSG00000227700	0	0	0
ENSG00000229911	0	0	0
ENSG00000143520	0	0	0
ENSG00000171943	41	1	40
ENSG00000270719	0	0	0
ENSG00000155761	4	17	4
ENSG00000230806	0	0	0
ENSG00000116830	129	0	129
ENSG00000234422	0	0	0
ENSG00000227056	0	0	0
ENSG00000143614	624	0	624
ENSG00000227091	0	0	0
ENSG00000169418	0	0	0
ENSG00000214204	0	0	0
ENSG00000081026	40	5	35
ENSG00000225650	0	0	0
ENSG00000227179	0	0	0
ENSG00000224965	1	0	1
ENSG00000228127	0	0	0
ENSG00000226984	0	0	0
ENSG00000186150	0	0	0
ENSG00000143554	179	0	179
ENSG00000143458	284	3	281
ENSG00000230932	0	0	0
ENSG00000073754	0	0	0
ENSG00000228826	1	0	1
ENSG00000233907	0	0	0
ENSG00000225036	0	0	0
ENSG00000228420	0	0	0
ENSG00000233839	0	0	0
ENSG00000250890	0	0	0
ENSG00000232240	0	0	0
ENSG00000280649	11	9	14
ENSG00000131781	33	3	31
ENSG00000223599	2	0	2
ENSG00000230921	0	0	0
ENSG00000286151	3	0	3
ENSG00000234388	0	0	0
ENSG00000235015	0	0	0
ENSG00000271736	30	0	30
ENSG00000235988	0	0	0
ENSG00000233717	0	0	0
ENSG00000231551	28	12	16
ENSG00000227295	2	0	2
ENSG00000163155	35	14	23
ENSG00000243613	0	38	0
ENSG00000241975	7	0	7
ENSG00000271143	0	0	0
ENSG00000270976	0	0	0
ENSG00000228217	1	0	1
ENSG00000270342	0	0	0
ENSG00000143552	0	0	0
ENSG00000175984	13	0	13
ENSG00000231100	0	0	0
ENSG00000116824	1648	2	1646
ENSG00000235887	0	0	0
ENSG00000237460	0	0	0
ENSG00000236327	0	0	0
ENSG00000223804	20	5	15
ENSG00000236887	0	0	0
ENSG00000024526	0	0	2
ENSG00000236480	0	0	0
ENSG00000235756	0	0	0
ENSG00000173810	1	1	0
ENSG00000235005	0	0	0
ENSG00000271890	0	0	0
ENSG00000238107	0	0	0
ENSG00000227425	0	0	0
ENSG00000233222	0	13	0
ENSG00000225279	0	0	0
ENSG00000229101	0	0	0
ENSG00000224927	0	0	0
ENSG00000239216	0	0	0
ENSG00000283360	2	2	0
ENSG00000117262	22	0	22
ENSG00000227907	0	0	0
ENSG00000143624	527	0	610
ENSG00000227970	0	0	0
ENSG00000261055	1	0	1
ENSG00000231613	2	0	2
ENSG00000137947	348	1	347
ENSG00000236689	0	0	0
ENSG00000233589	0	2	0
ENSG00000117586	78	1	77
ENSG00000230946	1	1	0
ENSG00000226028	0	0	0
ENSG00000162728	0	0	0
ENSG00000229021	0	0	0
ENSG00000203825	0	0	0
ENSG00000184371	158	0	158
ENSG00000233449	0	0	0
ENSG00000242943	0	0	0
ENSG00000233203	0	0	0
ENSG00000232499	1	0	1
ENSG00000232265	3	0	3
ENSG00000163154	347	0	347
ENSG00000232995	7	0	7
ENSG00000236957	0	0	0
ENSG00000238087	0	0	0
ENSG00000227777	2	3	0
ENSG00000177173	4	0	4
ENSG00000277406	29	0	29
ENSG00000238022	0	0	0
ENSG00000231671	0	0	0
ENSG00000162729	167	0	167
ENSG00000143158	159	13	189
ENSG00000271092	2	0	2
ENSG00000238118	0	0	0
ENSG00000276118	0	0	0
ENSG00000232148	0	0	0
ENSG00000278811	3	17	0
ENSG00000000460	29	79	46
ENSG00000188859	1	0	1
ENSG00000275075	0	0	0
ENSG00000135862	113	0	113
ENSG00000232952	0	0	0
ENSG00000158473	157	0	157
ENSG00000227722	0	0	0
ENSG00000285922	0	0	0
ENSG00000275801	0	0	0
ENSG00000143198	190	0	190
ENSG00000143318	0	0	0
ENSG00000232188	0	0	0
ENSG00000232212	0	0	0
ENSG00000143621	648	5	645
ENSG00000241042	0	0	0
ENSG00000143155	312	0	312
ENSG00000260322	0	0	0
ENSG00000223495	0	0	0
ENSG00000143156	24	2	32
ENSG00000198771	2217	4	2256
ENSG00000225462	0	0	0
ENSG00000237756	0	0	0
ENSG00000116147	2	0	2
ENSG00000213064	696	1	792
ENSG00000203307	0	0	0
ENSG00000143179	50	0	61
ENSG00000271187	0	0	0
ENSG00000274562	0	0	0
ENSG00000143315	113	0	113
ENSG00000116199	360	0	360
ENSG00000231175	0	0	0
ENSG00000143185	82	1	82
ENSG00000235145	0	0	0
ENSG00000116260	324	0	324
ENSG00000272931	3	0	3
ENSG00000143190	285	0	325
ENSG00000225475	0	0	0
ENSG00000230898	0	0	0
ENSG00000232223	0	0	0
ENSG00000224698	0	0	0
ENSG00000287697	1	6	1
ENSG00000075945	185	0	198
ENSG00000235303	0	0	0
ENSG00000234810	4	0	4
ENSG00000232750	0	0	0
ENSG00000224468	2	2	0
ENSG00000235628	0	0	0
ENSG00000232551	0	0	0
ENSG00000092607	0	0	0
ENSG00000238270	0	0	0
ENSG00000285894	0	0	0
ENSG00000236025	0	0	0
ENSG00000230687	0	0	0
ENSG00000230704	0	0	0
ENSG00000283255	0	0	0
ENSG00000227741	2	17	0
ENSG00000237049	0	0	0
ENSG00000286754	0	0	0
ENSG00000232751	0	0	0
ENSG00000236364	1	12	0
ENSG00000117091	781	3	2003
ENSG00000235378	0	0	0
ENSG00000143171	0	0	0
ENSG00000275767	0	0	0
ENSG00000224718	0	0	0
ENSG00000047410	2075	2	2170
ENSG00000231992	0	0	0
ENSG00000018625	1	0	1
ENSG00000171806	87	0	99
ENSG00000287919	0	0	0
ENSG00000229914	0	0	0
ENSG00000233882	0	0	0
ENSG00000198358	0	0	0
ENSG00000229407	0	0	0
ENSG00000134216	0	0	0
ENSG00000230748	0	0	0
ENSG00000254154	0	0	0
ENSG00000162694	32	0	33
ENSG00000238108	0	0	0
ENSG00000214262	0	97	0
ENSG00000183853	0	0	0
ENSG00000215835	3	0	3
ENSG00000118197	234	0	235
ENSG00000135842	3947	5	3942
ENSG00000229258	0	0	0
ENSG00000287472	0	0	0
ENSG00000241318	0	0	0
ENSG00000228238	0	0	0
ENSG00000232393	0	0	0
ENSG00000121454	14	32	0
ENSG00000184155	0	0	0
ENSG00000058085	0	0	0
ENSG00000260088	0	1	0
ENSG00000287978	31	0	31
ENSG00000116815	187	1	186
ENSG00000232917	0	0	0
ENSG00000233057	2	0	2
ENSG00000237131	0	0	0
ENSG00000233946	0	0	0
ENSG00000143167	97	0	97
ENSG00000143184	12	0	12
ENSG00000231966	1	0	1
ENSG00000176320	1	0	1
ENSG00000260976	0	0	0
ENSG00000235215	1	1	0
ENSG00000223450	0	0	0
ENSG00000224691	0	0	0
ENSG00000286572	0	0	0
ENSG00000235101	0	0	0
ENSG00000228215	1	0	1
ENSG00000177807	0	0	0
ENSG00000233626	0	0	0
ENSG00000233691	0	0	0
ENSG00000283518	0	0	0
ENSG00000271527	0	0	0
ENSG00000143228	19	0	19
ENSG00000235827	0	0	0
ENSG00000231615	0	0	0
ENSG00000231714	0	0	0
ENSG00000174514	7	4	8
ENSG00000143178	26	0	26
ENSG00000224837	1	1	0
ENSG00000116833	0	0	0
ENSG00000227740	2	0	2
ENSG00000260990	0	0	0
ENSG00000000457	174	27	231
ENSG00000143507	39	0	39
ENSG00000285638	0	0	0
ENSG00000226520	0	0	0
ENSG00000284592	0	0	0
ENSG00000230987	0	0	0
ENSG00000232527	0	0	0
ENSG00000215833	0	0	0
ENSG00000228167	0	0	0
ENSG00000225325	0	0	0
ENSG00000223344	0	0	0
ENSG00000228191	0	0	0
ENSG00000229961	7	0	7
ENSG00000150732	0	0	0
ENSG00000157064	0	0	0
ENSG00000288139	0	0	0
ENSG00000226015	3	0	3
ENSG00000215808	0	0	0
ENSG00000059588	257	0	257
ENSG00000231512	0	0	0
ENSG00000237379	0	0	0
ENSG00000232959	0	13	0
ENSG00000122224	498	5	493
ENSG00000162782	0	0	0
ENSG00000238051	0	0	0
ENSG00000233196	1	1	0
ENSG00000229220	0	0	0
ENSG00000143653	69	2	67
ENSG00000135837	1088	0	1088
ENSG00000158711	1045	4	1046
ENSG00000227747	0	0	0
ENSG00000228081	0	0	0
ENSG00000228020	0	0	0
ENSG00000234975	2	0	2
ENSG00000162851	73	0	73
ENSG00000271427	1	0	1
ENSG00000261817	0	0	0
ENSG00000143353	125	0	134
ENSG00000197965	499	0	499
ENSG00000143493	114	0	114
ENSG00000230777	0	0	0
ENSG00000179397	0	0	0
ENSG00000224540	0	0	0
ENSG00000117592	2319	2	2317
ENSG00000186197	17	0	17
ENSG00000229067	0	0	0
ENSG00000230231	0	0	0
ENSG00000227711	0	0	0
ENSG00000261182	0	0	0
ENSG00000228879	1	1	0
ENSG00000227925	0	0	0
ENSG00000162670	0	0	0
ENSG00000225712	0	0	0
ENSG00000162761	0	0	0
ENSG00000143199	1	0	1
ENSG00000179930	0	0	0
ENSG00000007908	0	0	0
ENSG00000092978	87	0	87
ENSG00000143499	207	1	206
ENSG00000188404	8589	4	8585
ENSG00000227735	0	0	0
ENSG00000243062	0	0	0
ENSG00000143196	0	0	0
ENSG00000228504	0	0	0
ENSG00000274702	0	0	0
ENSG00000226211	0	0	0
ENSG00000236942	1	1	0
ENSG00000287205	0	0	0
ENSG00000203697	2	0	2
ENSG00000116574	187	0	187
ENSG00000287929	0	0	0
ENSG00000186283	230	3	227
ENSG00000224896	0	0	0
ENSG00000226292	0	0	0
ENSG00000121481	233	0	233
ENSG00000227940	0	0	0
ENSG00000117139	427	0	427
ENSG00000143248	6	0	6
ENSG00000278455	0	0	0
ENSG00000224810	0	0	0
ENSG00000162814	0	0	0
ENSG00000225172	0	0	0
ENSG00000261642	0	0	0
ENSG00000228239	0	0	0
ENSG00000237283	0	0	0
ENSG00000116132	1	0	1
ENSG00000238042	1	0	1
ENSG00000271475	0	0	0
ENSG00000231877	0	0	0
ENSG00000116679	1429	2	1427
ENSG00000228536	0	0	0
ENSG00000230550	0	0	0
ENSG00000229242	0	0	0
ENSG00000253326	1	0	1
ENSG00000228470	0	0	0
ENSG00000152092	0	0	0
ENSG00000234984	0	0	0
ENSG00000231648	0	0	0
ENSG00000229983	0	0	0
ENSG00000215149	0	0	0
ENSG00000225122	0	0	0
ENSG00000225920	3	3	0
ENSG00000143476	12	0	12
ENSG00000121486	285	0	285
ENSG00000228437	0	0	0
ENSG00000214837	4	0	4
ENSG00000057252	508	0	508
ENSG00000225982	0	0	0
ENSG00000285718	0	0	0
ENSG00000234070	0	0	0
ENSG00000233620	0	0	0
ENSG00000237783	0	0	0
ENSG00000272906	5	2	8
ENSG00000233018	0	0	0
ENSG00000123685	6	0	6
ENSG00000224783	0	0	0
ENSG00000162852	526	0	526
ENSG00000232792	0	0	0
ENSG00000273004	2	0	2
ENSG00000143842	21	0	21
ENSG00000268062	2	2	0
ENSG00000237409	0	0	0
ENSG00000116962	140	0	140
ENSG00000288078	0	0	0
ENSG00000271399	0	0	0
ENSG00000229757	0	0	0
ENSG00000232679	0	0	0
ENSG00000159388	1655	2	1653
ENSG00000220749	13	0	13
ENSG00000181450	74	0	74
ENSG00000223519	8	4	29
ENSG00000120333	185	6	190
ENSG00000286285	16	0	16
ENSG00000225300	0	0	0
ENSG00000223842	2	2	0
ENSG00000162753	0	0	0
ENSG00000228247	0	0	0
ENSG00000231424	0	0	0
ENSG00000143355	0	0	0
ENSG00000287177	0	0	0
ENSG00000237193	0	0	0
ENSG00000223490	0	0	0
ENSG00000121644	250	0	250
ENSG00000174502	0	0	0
ENSG00000224286	0	0	0
ENSG00000158715	82	0	82
ENSG00000143195	0	0	0
ENSG00000162849	2	0	2
ENSG00000232824	0	0	0
ENSG00000273416	0	0	0
ENSG00000234142	1	0	1
ENSG00000282111	0	0	0
ENSG00000233410	0	0	0
ENSG00000067533	102	0	102
ENSG00000228955	0	0	0
ENSG00000270443	0	0	0
ENSG00000116209	1197	0	1197
ENSG00000224702	0	0	0
ENSG00000271811	0	0	0
ENSG00000224278	0	0	0
ENSG00000235492	0	0	0
ENSG00000287808	3	52	4
ENSG00000271588	0	0	0
ENSG00000229840	0	0	0
ENSG00000116161	364	12	369
ENSG00000226486	0	0	0
ENSG00000227687	0	0	0
ENSG00000231814	0	0	0
ENSG00000286210	0	0	0
ENSG00000287364	0	0	0
ENSG00000225063	0	0	0
ENSG00000260698	11	0	11
ENSG00000277007	0	0	0
ENSG00000229016	0	0	0
ENSG00000077157	367	0	371
ENSG00000152104	3	2	1
ENSG00000236975	0	0	0
ENSG00000215834	0	0	0
ENSG00000286541	0	0	0
ENSG00000117650	1	0	1
ENSG00000235021	0	0	0
ENSG00000203724	1	0	1
ENSG00000225006	0	0	0
ENSG00000287633	0	0	0
ENSG00000158764	1	0	1
ENSG00000223375	0	0	0
ENSG00000230714	0	0	0
ENSG00000261065	0	5	0
ENSG00000260855	1	0	1
ENSG00000188783	0	0	0
ENSG00000236206	0	0	0
ENSG00000168118	192	0	193
ENSG00000181101	0	0	0
ENSG00000173726	678	0	678
ENSG00000282852	0	0	0
ENSG00000152382	133	5	128
ENSG00000143839	0	0	0
ENSG00000232100	0	0	0
ENSG00000261024	0	0	0
ENSG00000230547	0	0	0
ENSG00000229703	0	0	0
ENSG00000176754	0	0	0
ENSG00000232309	0	0	0
ENSG00000227953	0	21	4
ENSG00000232215	0	0	0
ENSG00000135829	1708	5	1756
ENSG00000228289	0	0	0
ENSG00000134717	328	0	328
ENSG00000232989	0	0	0
ENSG00000233537	0	0	0
ENSG00000116668	104	8	96
ENSG00000143756	357	0	357
ENSG00000278180	0	0	0
ENSG00000143702	272	0	300
ENSG00000232341	0	0	0
ENSG00000287676	1	0	1
ENSG00000236792	0	0	0
ENSG00000143207	561	0	561
ENSG00000270859	0	0	0
ENSG00000238224	0	0	0
ENSG00000286775	0	0	0
ENSG00000122176	0	0	0
ENSG00000229120	0	0	0
ENSG00000237492	0	0	0
ENSG00000230404	0	0	0
ENSG00000213036	0	0	0
ENSG00000227230	0	13	0
ENSG00000236230	0	0	0
ENSG00000026751	421	1	420
ENSG00000150681	1145	0	1401
ENSG00000116906	335	0	335
ENSG00000092969	4	0	4
ENSG00000157181	158	0	158
ENSG00000250762	0	0	0
ENSG00000236720	0	0	0
ENSG00000227421	2	0	2
ENSG00000227240	3	0	3
ENSG00000076258	39	0	39
ENSG00000286073	0	0	0
ENSG00000231084	1	1	0
ENSG00000232085	0	15	0
ENSG00000117697	290	0	290
ENSG00000279333	0	0	0
ENSG00000235083	0	0	0
ENSG00000162669	0	0	0
ENSG00000197067	0	0	0
ENSG00000229652	0	0	0
ENSG00000132681	3	0	3
ENSG00000225904	0	0	0
ENSG00000270920	0	0	0
ENSG00000281664	0	0	0
ENSG00000143641	282	1	386
ENSG00000227630	5	0	5
ENSG00000228830	0	363	0
ENSG00000010932	1	0	1
ENSG00000282849	0	0	0
ENSG00000276520	0	0	0
ENSG00000226640	0	0	0
ENSG00000010072	82	33	81
ENSG00000135766	61	0	61
ENSG00000232626	1	0	1
ENSG00000232096	0	0	0
ENSG00000279261	0	0	0
ENSG00000213051	0	0	0
ENSG00000238054	0	0	0
ENSG00000163534	640	0	640
ENSG00000168243	0	0	0
ENSG00000281453	0	0	0
ENSG00000237469	0	0	0
ENSG00000224939	0	0	0
ENSG00000227613	0	0	0
ENSG00000116183	0	0	0
ENSG00000270106	0	0	0
ENSG00000232194	0	0	0
ENSG00000235152	0	0	0
ENSG00000231612	0	0	0
ENSG00000237980	1	0	1
ENSG00000271036	0	0	0
ENSG00000230849	0	0	0
ENSG00000170382	53	54	0
ENSG00000228664	0	0	0
ENSG00000226868	0	0	0
ENSG00000279401	0	0	0
ENSG00000272362	0	0	0
ENSG00000287450	0	0	0
ENSG00000237011	0	0	0
ENSG00000233583	0	0	0
ENSG00000066027	815	1	814
ENSG00000286263	0	0	0
ENSG00000227006	0	0	0
ENSG00000236372	0	0	0
ENSG00000224525	0	0	0
ENSG00000188770	0	0	0
ENSG00000173728	0	1	0
ENSG00000094975	335	0	335
ENSG00000225811	0	0	0
ENSG00000273093	0	0	0
ENSG00000162772	12	0	12
ENSG00000227818	0	0	0
ENSG00000135828	435	1	434
ENSG00000224227	0	0	0
ENSG00000286398	0	0	0
ENSG00000076356	61	0	61
ENSG00000215819	0	0	0
ENSG00000185523	2	0	2
ENSG00000236108	0	0	0
ENSG00000116711	37	1	36
ENSG00000231684	0	0	0
ENSG00000226750	0	0	0
ENSG00000285665	4	0	4
ENSG00000231022	0	0	0
ENSG00000224436	0	0	0
ENSG00000228208	0	0	0
ENSG00000273384	0	0	0
ENSG00000238061	0	0	0
ENSG00000234915	0	0	0
ENSG00000143845	2	0	7
ENSG00000235862	0	0	1
ENSG00000069812	0	0	0
ENSG00000227585	0	0	0
ENSG00000157060	0	0	0
ENSG00000237213	0	0	0
ENSG00000236439	3	0	3
ENSG00000224260	0	0	0
ENSG00000213045	1	1	0
ENSG00000287220	0	0	0
ENSG00000230063	0	0	0
ENSG00000235467	0	0	0
ENSG00000123684	1119	0	1119
ENSG00000117707	2	0	2
ENSG00000228044	0	0	0
ENSG00000225338	1	0	1
ENSG00000224407	0	105	0
ENSG00000232463	0	0	0
ENSG00000237457	0	0	0
ENSG00000225171	1	0	1
ENSG00000226843	0	0	0
ENSG00000235386	0	0	0
ENSG00000123836	141	20	141
ENSG00000213690	0	0	0
ENSG00000223982	0	0	0
ENSG00000229832	0	0	0
ENSG00000117691	99	0	99
ENSG00000225233	0	0	0
ENSG00000274895	0	0	0
ENSG00000237514	0	0	0
ENSG00000287856	0	0	0
ENSG00000228067	0	0	0
ENSG00000284299	0	0	0
ENSG00000226375	0	0	0
ENSG00000203705	95	0	95
ENSG00000224040	0	0	0
ENSG00000228686	15	15	0
ENSG00000279838	10	2	8
ENSG00000174175	65	0	65
ENSG00000236401	0	0	0
ENSG00000241475	0	0	0
ENSG00000215800	0	0	0
ENSG00000286421	0	0	0
ENSG00000270936	0	0	0
ENSG00000008118	0	0	0
ENSG00000171161	253	0	253
ENSG00000241505	0	0	0
ENSG00000224535	0	0	0
ENSG00000282097	0	0	0
ENSG00000261453	0	0	0
ENSG00000231020	0	0	0
ENSG00000270818	0	0	0
ENSG00000196878	2	0	2
ENSG00000133059	295	0	295
ENSG00000225561	0	0	0
ENSG00000224668	0	0	0
ENSG00000242529	0	0	0
ENSG00000074964	89	0	89
ENSG00000223847	0	0	0
ENSG00000277704	0	0	0
ENSG00000116918	261	0	261
ENSG00000274020	47	0	63
ENSG00000287445	2	0	2
ENSG00000259815	0	0	0
ENSG00000240963	0	0	1
ENSG00000226570	0	0	0
ENSG00000198929	0	0	0
ENSG00000272167	0	0	0
ENSG00000230628	0	0	0
ENSG00000162771	0	1	0
ENSG00000227579	0	0	0
ENSG00000176393	300	0	471
ENSG00000174606	292	0	292
ENSG00000179914	36	0	36
ENSG00000235750	1661	0	1661
ENSG00000284376	0	0	0
ENSG00000121446	0	0	0
ENSG00000226758	0	0	0
ENSG00000230199	0	0	0
ENSG00000236905	0	0	0
ENSG00000233304	0	0	0
ENSG00000288007	0	0	0
ENSG00000227887	0	0	0
ENSG00000116903	353	1	384
ENSG00000228255	0	0	0
ENSG00000226196	0	0	0
ENSG00000287354	0	1	0
ENSG00000233827	0	0	0
ENSG00000198797	0	0	0
ENSG00000271746	0	0	0
ENSG00000234233	0	0	0
ENSG00000151414	963	0	963
ENSG00000177614	1	0	1
ENSG00000223794	0	0	0
ENSG00000235182	0	0	0
ENSG00000213041	0	0	0
ENSG00000287157	0	0	0
ENSG00000233920	0	0	0
ENSG00000183831	0	0	0
ENSG00000225755	0	0	0
ENSG00000143858	4	9	0
ENSG00000197472	0	0	0
ENSG00000230184	0	0	0
ENSG00000234004	0	0	0
ENSG00000232436	0	0	0
ENSG00000231718	0	0	0
ENSG00000283952	0	0	0
ENSG00000230019	0	0	0
ENSG00000136643	147	0	147
ENSG00000232537	0	0	0
ENSG00000226036	0	0	0
ENSG00000285521	0	0	0
ENSG00000236317	0	0	0
ENSG00000176855	0	0	0
ENSG00000227728	0	0	0
ENSG00000133069	214	2	212
ENSG00000162877	11	0	11
ENSG00000233461	9	0	9
ENSG00000225401	0	0	0
ENSG00000228190	0	0	0
ENSG00000135747	0	0	0
ENSG00000227237	0	0	0
ENSG00000069248	359	0	359
ENSG00000232812	0	0	0
ENSG00000231666	0	0	0
ENSG00000226986	0	0	0
ENSG00000242042	0	0	0
ENSG00000234464	0	0	0
ENSG00000253148	0	0	0
ENSG00000227751	0	115	0
ENSG00000090104	32	0	32
ENSG00000285280	3	257	2
ENSG00000232892	0	0	0
ENSG00000236950	0	0	0
ENSG00000236468	0	0	0
ENSG00000143322	173	0	173
ENSG00000185220	86	0	86
ENSG00000226003	1	0	1
ENSG00000230813	0	0	0
ENSG00000226862	3	0	4
ENSG00000236101	0	0	0
ENSG00000162769	93	0	93
ENSG00000133065	197	0	197
ENSG00000278684	0	0	0
ENSG00000236775	0	0	0
ENSG00000042781	0	0	0
ENSG00000234754	0	0	0
ENSG00000233084	0	0	0
ENSG00000227815	0	0	0
ENSG00000287046	0	0	0
ENSG00000223774	0	0	0
ENSG00000228863	4	1226	3
ENSG00000228646	0	0	0
ENSG00000229112	0	0	0
ENSG00000233332	0	0	0
ENSG00000231984	0	0	0
ENSG00000286213	0	0	0
ENSG00000226876	0	0	0
ENSG00000277462	17	0	17
ENSG00000225591	0	0	0
ENSG00000035687	418	1	417
ENSG00000213080	1	0	1
ENSG00000180287	0	0	0
ENSG00000226693	0	0	0
ENSG00000234678	6	177	0
ENSG00000231272	0	0	0
ENSG00000223828	0	0	0
ENSG00000163431	3	1	2
ENSG00000230124	134	0	152
ENSG00000226723	0	0	0
ENSG00000272672	0	0	0
ENSG00000143473	0	0	0
ENSG00000228982	0	0	0
ENSG00000235096	0	0	0
ENSG00000237250	0	0	0
ENSG00000007341	34	6	54
ENSG00000286747	0	0	0
ENSG00000236069	0	0	0
ENSG00000236244	0	0	0
ENSG00000272865	0	0	0
ENSG00000117222	371	0	371
ENSG00000143324	199	0	199
ENSG00000229871	0	0	0
ENSG00000225222	0	0	0
ENSG00000118193	5	0	5
ENSG00000234116	0	0	0
ENSG00000231940	0	0	0
ENSG00000198842	0	0	0
ENSG00000286619	0	0	0
ENSG00000198756	15	0	15
ENSG00000259823	0	0	0
ENSG00000271558	0	0	0
ENSG00000227554	0	0	0
ENSG00000178596	0	0	0
ENSG00000135749	222	4	244
ENSG00000143786	22	0	22
ENSG00000224584	0	0	0
ENSG00000054282	96	17	106
ENSG00000183780	1	0	1
ENSG00000229663	0	0	0
ENSG00000162702	279	0	279
ENSG00000251508	0	0	0
ENSG00000238272	0	0	0
ENSG00000228530	0	0	0
ENSG00000235060	0	0	0
ENSG00000143194	0	0	0
ENSG00000229531	0	0	0
ENSG00000271329	0	0	0
ENSG00000054267	1023	1	1022
ENSG00000261831	0	0	0
ENSG00000287921	0	0	0
ENSG00000177800	0	0	0
ENSG00000225620	0	0	0
ENSG00000232166	0	0	0
ENSG00000175137	322	1	321
ENSG00000134245	3	24	4
ENSG00000234041	0	0	0
ENSG00000227373	6	0	6
ENSG00000231905	0	0	0
ENSG00000228175	0	0	0
ENSG00000069275	1185	0	1185
ENSG00000143674	42	0	42
ENSG00000237317	0	0	0
ENSG00000187889	0	0	0
ENSG00000134375	195	0	195
ENSG00000097046	73	0	73
ENSG00000232113	0	0	0
ENSG00000282718	0	0	0
ENSG00000231378	0	0	0
ENSG00000235605	0	0	0
ENSG00000223525	0	0	0
ENSG00000224857	0	0	0
ENSG00000273367	0	0	0
ENSG00000230604	0	0	0
ENSG00000231605	0	0	0
ENSG00000236358	0	0	0
ENSG00000203737	0	0	0
ENSG00000238003	0	0	0
ENSG00000215873	0	0	0
ENSG00000287008	0	0	0
ENSG00000185420	47	1	46
ENSG00000076321	148	0	148
ENSG00000272175	0	0	0
ENSG00000231564	0	0	0
ENSG00000135778	129	27	128
ENSG00000213070	0	0	0
ENSG00000282265	0	0	0
ENSG00000250536	0	0	0
ENSG00000229747	0	0	0
ENSG00000117280	675	0	675
ENSG00000233985	0	0	0
ENSG00000232175	0	0	0
ENSG00000287423	0	0	0
ENSG00000286774	0	0	0
ENSG00000236719	0	0	0
ENSG00000136636	27	0	27
ENSG00000225486	0	0	0
ENSG00000227043	0	0	0
ENSG00000163874	152	0	152
ENSG00000285777	0	0	0
ENSG00000237249	0	0	0
ENSG00000286109	0	0	0
ENSG00000213068	0	0	0
ENSG00000054392	23	0	24
ENSG00000227994	0	0	0
ENSG00000286552	0	0	0
ENSG00000225711	0	0	0
ENSG00000122223	252	11	241
ENSG00000235869	0	0	0
ENSG00000188739	6	0	6
ENSG00000286666	0	0	0
ENSG00000135750	1	0	1
ENSG00000273198	0	0	0
ENSG00000203730	1	1	0
ENSG00000225719	0	0	0
ENSG00000273483	2	0	2
ENSG00000287987	0	0	0
ENSG00000203729	0	0	0
ENSG00000232809	0	0	0
ENSG00000284623	0	0	0
ENSG00000285981	0	0	0
ENSG00000261729	2	0	2
ENSG00000223869	0	0	0
ENSG00000229228	0	0	0
ENSG00000215796	0	0	0
ENSG00000185221	0	0	0
ENSG00000233047	0	0	0
ENSG00000143341	2	0	2
ENSG00000228309	0	0	0
ENSG00000229739	1	0	1
ENSG00000116703	0	0	0
ENSG00000273874	0	0	0
ENSG00000278791	0	3	0
ENSG00000278757	0	0	0
ENSG00000264341	0	0	0
ENSG00000264101	0	0	0
ENSG00000265141	0	0	0
ENSG00000221083	0	0	0
ENSG00000252404	0	0	0
ENSG00000222511	0	0	0
ENSG00000265392	0	0	0
ENSG00000243267	0	0	0
ENSG00000201725	0	0	0
ENSG00000274258	0	0	0
ENSG00000239149	0	0	0
ENSG00000252151	0	0	0
ENSG00000252969	0	0	0
ENSG00000252417	0	0	0
ENSG00000200975	0	0	0
ENSG00000201609	0	0	0
ENSG00000238482	0	0	0
ENSG00000252956	0	0	0
ENSG00000265606	0	0	0
ENSG00000284357	0	0	0
ENSG00000278034	0	0	0
ENSG00000207237	0	0	0
ENSG00000222784	0	0	0
ENSG00000266210	0	0	0
ENSG00000265961	0	0	0
ENSG00000251866	0	0	0
ENSG00000252691	0	0	0
ENSG00000264371	0	0	0
ENSG00000253005	1	0	1
ENSG00000238316	0	0	0
ENSG00000207941	0	0	0
ENSG00000264773	0	0	0
ENSG00000252448	1	1	0
ENSG00000200421	0	0	0
ENSG00000222282	1	1	0
ENSG00000199963	0	0	0
ENSG00000264698	0	0	0
ENSG00000207328	0	0	0
ENSG00000207466	0	0	0
ENSG00000252368	0	0	0
ENSG00000206779	0	0	0
ENSG00000265596	0	0	0
ENSG00000212541	0	0	0
ENSG00000200796	0	0	0
ENSG00000252190	0	0	0
ENSG00000264613	0	0	0
ENSG00000199240	0	0	0
ENSG00000277168	0	0	0
ENSG00000283724	0	0	0
ENSG00000284410	0	0	0
ENSG00000252018	0	0	0
ENSG00000206627	0	0	0
ENSG00000283414	0	0	0
ENSG00000207508	0	0	0
ENSG00000200171	0	0	0
ENSG00000207194	0	0	0
ENSG00000283477	0	0	0
ENSG00000264834	0	0	0
ENSG00000263675	2	0	2
ENSG00000266188	0	0	0
ENSG00000206981	0	0	0
ENSG00000200174	0	0	0
ENSG00000265822	0	0	0
ENSG00000265815	0	0	0
ENSG00000238653	0	0	0
ENSG00000212624	0	0	0
ENSG00000200575	0	0	0
ENSG00000212360	0	0	0
ENSG00000242860	0	0	0
ENSG00000263908	0	0	0
ENSG00000283690	0	0	0
ENSG00000199921	0	0	0
ENSG00000251825	0	0	0
ENSG00000201153	0	0	0
ENSG00000222624	0	0	0
ENSG00000223152	0	0	0
ENSG00000212308	0	0	0
ENSG00000279049	0	3	0
ENSG00000276081	0	0	0
ENSG00000239640	0	0	0
ENSG00000252338	0	0	0
ENSG00000251785	0	0	0
ENSG00000239319	0	0	0
ENSG00000222849	0	0	0
ENSG00000283749	0	0	0
ENSG00000251958	0	0	0
ENSG00000251767	0	0	0
ENSG00000243437	0	0	0
ENSG00000202263	0	0	0
ENSG00000199318	0	0	0
ENSG00000199666	0	0	0
ENSG00000200601	0	0	0
ENSG00000242482	0	0	0
ENSG00000212366	0	0	0
ENSG00000201620	0	0	0
ENSG00000206817	0	0	0
ENSG00000284247	0	0	0
ENSG00000200839	0	0	0
ENSG00000264963	0	0	0
ENSG00000264271	0	0	0
ENSG00000239504	0	0	0
ENSG00000284202	0	0	0
ENSG00000251720	0	0	0
ENSG00000274321	0	0	0
ENSG00000198974	1	0	1
ENSG00000212248	0	0	0
ENSG00000207962	1	0	1
ENSG00000276884	0	0	0
ENSG00000207234	1	0	1
ENSG00000202259	0	0	0
ENSG00000212459	0	0	0
ENSG00000278287	0	0	0
ENSG00000277565	0	0	0
ENSG00000263526	0	0	0
ENSG00000211575	0	0	0
ENSG00000275823	0	0	0
ENSG00000277689	0	0	0
ENSG00000274199	0	0	0
ENSG00000202254	0	0	0
ENSG00000244256	0	0	0
ENSG00000201491	0	0	0
ENSG00000199831	0	0	0
ENSG00000275455	0	0	0
ENSG00000252162	0	0	0
ENSG00000272051	0	0	0
ENSG00000283899	0	0	0
ENSG00000200800	0	0	0
ENSG00000207502	0	0	0
ENSG00000252530	0	0	0
ENSG00000200536	0	0	0
ENSG00000211543	0	0	0
ENSG00000252797	0	0	0
ENSG00000212266	0	0	0
ENSG00000222209	0	0	0
ENSG00000277141	0	0	0
ENSG00000215930	0	0	0
ENSG00000238761	0	0	0
ENSG00000201114	0	0	0
ENSG00000206679	0	0	0
ENSG00000264419	0	0	0
ENSG00000222069	0	0	0
ENSG00000274428	0	0	0
ENSG00000199879	0	0	0
ENSG00000274408	0	0	0
ENSG00000283676	0	0	0
ENSG00000252005	0	0	0
ENSG00000252510	0	0	0
ENSG00000207340	0	0	0
ENSG00000252830	0	0	0
ENSG00000274450	0	0	0
ENSG00000252135	0	0	0
ENSG00000278596	0	0	0
ENSG00000238825	1	0	1
ENSG00000201183	0	0	0
ENSG00000202408	0	0	0
ENSG00000252744	0	0	0
ENSG00000273768	0	0	0
ENSG00000242565	0	0	0
ENSG00000239984	0	0	0
ENSG00000283296	0	0	0
ENSG00000252717	0	0	0
ENSG00000194297	0	0	0
ENSG00000199565	0	0	0
ENSG00000277313	0	0	0
ENSG00000274940	0	0	0
ENSG00000207341	0	0	0
ENSG00000207472	0	0	0
ENSG00000206880	0	0	0
ENSG00000252552	0	0	0
ENSG00000199849	0	0	0
ENSG00000252407	0	0	0
ENSG00000212538	0	0	0
ENSG00000251813	0	0	0
ENSG00000207108	0	0	0
ENSG00000201312	0	0	0
ENSG00000207039	0	0	0
ENSG00000202491	0	0	0
ENSG00000201596	0	0	0
ENSG00000276839	0	0	0
ENSG00000207974	0	0	0
ENSG00000273629	0	0	0
ENSG00000201493	0	0	0
ENSG00000215952	0	0	0
ENSG00000200139	0	0	0
ENSG00000283575	0	0	0
ENSG00000238765	0	0	0
ENSG00000264916	0	0	0
ENSG00000212338	0	0	0
ENSG00000206659	0	0	0
ENSG00000253025	0	0	0
ENSG00000201619	0	0	0
ENSG00000201544	1	0	1
ENSG00000202498	0	0	0
ENSG00000221545	0	0	0
ENSG00000252906	0	0	0
ENSG00000206692	0	0	0
ENSG00000202329	0	0	0
ENSG00000242794	0	0	0
ENSG00000212144	0	0	0
ENSG00000283340	0	0	0
ENSG00000252860	0	0	0
ENSG00000252501	0	0	0
ENSG00000263390	0	0	0
ENSG00000207181	0	0	0
ENSG00000265744	0	0	0
ENSG00000264377	0	0	0
ENSG00000207149	0	0	0
ENSG00000283936	0	0	0
ENSG00000284485	0	0	0
ENSG00000201638	0	0	0
ENSG00000275213	0	0	0
ENSG00000239494	0	0	0
ENSG00000212230	0	0	0
ENSG00000252371	0	0	0
ENSG00000199442	0	0	0
ENSG00000200033	0	0	0
ENSG00000239690	0	0	0
ENSG00000202184	0	0	0
ENSG00000241395	0	0	0
ENSG00000200982	0	0	0
ENSG00000275207	0	0	0
ENSG00000202300	0	0	0
ENSG00000222407	0	0	0
ENSG00000222986	0	0	0
ENSG00000265435	0	0	0
ENSG00000272262	0	0	0
ENSG00000200495	0	0	0
ENSG00000202609	0	0	0
ENSG00000252553	0	0	0
ENSG00000206764	0	0	0
ENSG00000222240	0	0	0
ENSG00000212187	0	0	0
ENSG00000206637	0	0	0
ENSG00000253097	0	0	0
ENSG00000200036	0	0	0
ENSG00000201421	0	0	0
ENSG00000212610	0	0	0
ENSG00000252484	0	0	0
ENSG00000201944	0	0	0
ENSG00000200327	0	0	0
ENSG00000206905	0	0	0
ENSG00000200972	0	0	0
ENSG00000243051	0	0	0
ENSG00000252011	0	0	0
ENSG00000207326	0	0	0
ENSG00000212205	0	0	0
ENSG00000253042	0	0	0
ENSG00000274121	0	0	0
ENSG00000264358	0	0	0
ENSG00000206640	0	0	0
ENSG00000212527	0	0	0
ENSG00000252879	0	0	0
ENSG00000252612	0	0	0
ENSG00000202264	0	0	0
ENSG00000285609	0	0	0
ENSG00000206762	0	0	0
ENSG00000252084	0	0	0
ENSG00000200085	0	0	0
ENSG00000264500	1	0	1
ENSG00000202025	0	0	0
ENSG00000225545	0	0	0
ENSG00000206990	0	0	0
ENSG00000230175	1	1	0
ENSG00000225272	0	0	0
ENSG00000215838	2	1	1
ENSG00000273365	1	0	1
ENSG00000224358	3	0	3
ENSG00000230659	0	0	0
ENSG00000162545	13	0	13
ENSG00000090432	184	1	183
ENSG00000215520	0	0	0
ENSG00000183114	0	0	0
ENSG00000158825	223	0	223
ENSG00000158828	166	46	622
ENSG00000284005	0	0	0
ENSG00000117242	19	460	61
ENSG00000234473	0	0	0
ENSG00000238754	0	0	0
ENSG00000134371	384	3	383
ENSG00000221680	0	0	0
ENSG00000162630	45	0	47
ENSG00000276735	0	0	0
ENSG00000232077	2	0	2
ENSG00000229639	0	0	0
ENSG00000287453	0	0	0
ENSG00000270615	0	0	0
ENSG00000287283	0	0	0
ENSG00000240692	0	0	0
ENSG00000229359	0	0	0
ENSG00000237919	0	0	0
ENSG00000066557	127	0	127
ENSG00000244389	0	0	0
ENSG00000228988	0	0	0
ENSG00000118454	161	0	161
ENSG00000226088	0	0	0
ENSG00000116761	5	0	5
ENSG00000278636	0	0	0
ENSG00000271992	0	0	0
ENSG00000233020	0	0	0
ENSG00000237033	0	0	0
ENSG00000226208	0	0	0
ENSG00000007968	113	1	112
ENSG00000235052	1	0	1
ENSG00000117318	137	1	136
ENSG00000285802	1	0	1
ENSG00000229239	0	0	0
ENSG00000142676	9908	22	9886
ENSG00000057757	322	0	322
ENSG00000011009	361	0	361
ENSG00000117308	45	0	45
ENSG00000273844	0	0	0
ENSG00000235748	0	0	0
ENSG00000237861	0	0	0
ENSG00000221879	0	0	0
ENSG00000230260	0	0	0
ENSG00000199241	0	0	0
ENSG00000226919	0	0	0
ENSG00000223963	0	0	0
ENSG00000215802	0	0	0
ENSG00000233615	0	0	0
ENSG00000238085	0	0	0
ENSG00000265831	0	0	0
ENSG00000224348	0	0	0
ENSG00000286496	0	0	0
ENSG00000287516	0	0	0
ENSG00000287738	0	0	0
ENSG00000132703	0	0	0
ENSG00000276632	0	0	0
ENSG00000223603	0	0	0
ENSG00000132693	0	0	0
ENSG00000235226	0	0	0
ENSG00000158716	47	0	47
ENSG00000181036	190	2	188
ENSG00000158714	8	10	33
ENSG00000212161	0	0	0
ENSG00000243284	1	0	1
ENSG00000272668	8	3	5
ENSG00000213085	28	0	28
ENSG00000266458	0	0	0
ENSG00000287040	0	0	0
ENSG00000279430	0	0	0
ENSG00000162723	2	0	2
ENSG00000273933	0	0	0
ENSG00000256029	0	11	1
ENSG00000188004	0	0	0
ENSG00000266580	0	0	0
ENSG00000254545	0	4	0
ENSG00000203620	0	0	0
ENSG00000269967	3	0	3
ENSG00000228634	0	0	0
ENSG00000284702	0	0	0
ENSG00000221040	0	0	0
ENSG00000287217	0	0	0
ENSG00000163399	996	6	2534
ENSG00000212385	0	0	0
ENSG00000233154	0	0	0
ENSG00000230381	0	0	0
ENSG00000200547	0	0	0
ENSG00000224950	12	0	14
ENSG00000286276	1	3	0
ENSG00000177888	179	0	179
ENSG00000243364	38	0	38
ENSG00000251246	0	0	0
ENSG00000143590	1	0	1
ENSG00000202027	0	0	0
ENSG00000169242	16	0	16
ENSG00000169241	165	1	164
ENSG00000223452	0	0	0
ENSG00000163463	22	0	22
ENSG00000273088	0	0	0
ENSG00000284586	0	0	0
ENSG00000169231	54	2	127
ENSG00000236263	0	16	4
ENSG00000236675	20	20	0
ENSG00000177628	216	0	216
ENSG00000116521	252	0	252
ENSG00000176444	376	1	375
ENSG00000143630	13	0	13
ENSG00000143627	0	0	0
ENSG00000253074	0	0	0
ENSG00000252116	0	0	0
ENSG00000228523	0	0	0
ENSG00000223263	1	1	0
ENSG00000207504	0	0	0
ENSG00000238139	0	0	0
ENSG00000197721	14	0	14
ENSG00000244703	0	0	0
ENSG00000226289	0	0	0
ENSG00000285239	0	0	0
ENSG00000234219	2	2	0
ENSG00000174059	7	0	7
ENSG00000285719	0	0	0
ENSG00000284237	0	0	0
ENSG00000158731	0	0	0
ENSG00000201746	0	0	0
ENSG00000264881	0	0	0
ENSG00000199562	0	0	0
ENSG00000264501	0	0	0
ENSG00000284735	1	1	0
ENSG00000284642	1	1	0
ENSG00000142657	1142	0	1142
ENSG00000271989	0	1	0
ENSG00000251503	0	0	0
ENSG00000175279	1	0	1
ENSG00000160049	212	0	263
ENSG00000203469	0	34	0
ENSG00000236035	0	0	0
ENSG00000221643	1	0	1
ENSG00000122188	210	0	210
ENSG00000288644	0	0	0
ENSG00000227417	0	0	0
ENSG00000223505	1	1	0
ENSG00000182004	201	0	201
ENSG00000236430	0	0	0
ENSG00000130768	7	2	7
ENSG00000227050	1	2	1
ENSG00000238231	1	1	0
ENSG00000240750	0	0	0
ENSG00000158156	226	0	226
ENSG00000182118	25	0	25
ENSG00000283799	0	0	0
ENSG00000227934	0	0	0
ENSG00000229595	0	0	0
ENSG00000143633	97	1	96
ENSG00000281912	1	0	1
ENSG00000288208	0	0	0
ENSG00000132773	64	9	68
ENSG00000070759	100	1	102
ENSG00000236872	0	0	0
ENSG00000280670	6	0	6
ENSG00000132763	27	225	27
ENSG00000221953	0	0	0
ENSG00000226164	0	0	0
ENSG00000224014	1	0	1
ENSG00000215795	0	0	0
ENSG00000259865	66	0	66
ENSG00000227671	264	0	264
ENSG00000283881	0	0	0
ENSG00000252516	1	0	1
ENSG00000232347	0	0	0
ENSG00000214144	0	0	0
ENSG00000235818	0	0	0
ENSG00000197617	0	0	0
ENSG00000202079	0	0	0
ENSG00000286216	0	0	0
ENSG00000203664	0	0	0
ENSG00000169224	34	0	36
ENSG00000236817	0	2	0
ENSG00000177489	0	0	0
ENSG00000177476	0	0	0
ENSG00000283369	0	0	0
ENSG00000230411	0	0	0
ENSG00000251977	0	0	0
ENSG00000252254	0	0	0
ENSG00000227854	0	0	0
ENSG00000287589	0	0	0
ENSG00000259776	0	0	0
ENSG00000233355	134	0	134
ENSG00000234601	0	0	0
ENSG00000231979	0	0	0
ENSG00000215805	0	0	0
ENSG00000287102	0	0	0
ENSG00000217327	0	0	0
ENSG00000228818	0	0	0
ENSG00000202041	0	0	0
ENSG00000223694	0	0	0
ENSG00000233735	0	0	0
ENSG00000133019	1	0	1
ENSG00000162636	302	0	302
ENSG00000162639	125	0	125
ENSG00000285923	1	0	1
ENSG00000134186	841	13	828
ENSG00000143107	1	0	1
ENSG00000232971	0	0	0
ENSG00000116266	591	0	591
ENSG00000228076	0	0	0
ENSG00000203897	0	0	0
ENSG00000237349	0	0	0
ENSG00000244716	17	0	17
ENSG00000228665	0	0	0
ENSG00000228054	0	0	0
ENSG00000273382	9	42	10
ENSG00000215717	585	1	627
ENSG00000278249	0	0	0
ENSG00000270066	0	0	0
ENSG00000251484	0	0	0
ENSG00000132676	570	46	570
ENSG00000227673	0	0	0
ENSG00000203761	37	23	26
ENSG00000234937	1	1	0
ENSG00000132718	305	1	304
ENSG00000283442	0	0	0
ENSG00000143622	527	0	527
ENSG00000132680	467	1	466
ENSG00000207475	1	0	1
ENSG00000280466	0	0	0
ENSG00000281394	0	0	0
ENSG00000277817	0	0	0
ENSG00000273002	7	0	7
ENSG00000224276	0	0	0
ENSG00000285677	1	466	0
ENSG00000163479	1027	0	1492
ENSG00000160803	248	0	248
ENSG00000132698	3	0	3
ENSG00000252236	0	0	0
ENSG00000260238	0	0	0
ENSG00000242252	1	0	1
ENSG00000198952	729	0	729
ENSG00000163472	45	45	48
ENSG00000163468	942	0	943
ENSG00000132677	0	0	0
ENSG00000237390	0	0	0
ENSG00000207933	0	0	0
ENSG00000254726	3	0	3
ENSG00000186377	0	0	0
ENSG00000186160	0	0	0
ENSG00000225154	0	0	0
ENSG00000225506	2	0	3
ENSG00000225514	0	0	0
ENSG00000224805	6	1	7
ENSG00000162366	166	0	166
ENSG00000226252	3	35	2
ENSG00000225762	1	1	0
ENSG00000186790	0	0	0
ENSG00000237424	14	0	14
ENSG00000189030	0	0	0
ENSG00000162763	0	0	0
ENSG00000143061	1	0	1
ENSG00000135821	3606	2	3604
ENSG00000203740	0	0	0
ENSG00000162374	0	0	0
ENSG00000168275	54	2	69
ENSG00000241563	0	0	0
ENSG00000153207	966	1	965
ENSG00000156869	36	0	36
ENSG00000033122	10	6	4
ENSG00000143278	0	0	0
ENSG00000116678	41	0	41
ENSG00000159352	776	1	775
ENSG00000158710	8149	4	8145
ENSG00000162734	490	2	503
ENSG00000049239	471	1	470
ENSG00000186564	2	0	2
ENSG00000244038	834	1	833
ENSG00000158747	18	0	18
ENSG00000116690	1	96	2
ENSG00000126091	13	1	13
ENSG00000162383	2	0	2
ENSG00000171163	147	2	145
ENSG00000172456	25	0	25
ENSG00000162946	139	0	140
ENSG00000158786	0	0	0
ENSG00000118733	0	0	0
ENSG00000157870	117	4	140
ENSG00000179085	25	0	25
ENSG00000173080	0	0	0
ENSG00000183347	2	0	2
ENSG00000276470	0	0	0
ENSG00000278852	0	0	0
ENSG00000275915	0	0	0
ENSG00000120937	0	0	0
ENSG00000224904	0	0	0
ENSG00000285646	1	1	0
ENSG00000199347	0	0	0
ENSG00000201801	0	0	0
ENSG00000116685	415	0	415
ENSG00000083444	243	0	243
ENSG00000287384	0	0	0
ENSG00000270914	0	0	0
ENSG00000116691	142	0	142
ENSG00000202461	0	0	0
ENSG00000276869	0	0	0
ENSG00000243539	0	0	0
ENSG00000120949	76	0	76
ENSG00000201135	0	0	0
ENSG00000227875	0	0	0
ENSG00000285604	0	0	0
ENSG00000283789	0	0	0
ENSG00000263676	0	0	0
ENSG00000200591	0	0	0
ENSG00000162521	659	0	975
ENSG00000162520	0	316	0
ENSG00000224409	0	0	0
ENSG00000162522	12	0	12
ENSG00000116497	241	0	249
ENSG00000160097	3	2	1
ENSG00000121905	0	0	0
ENSG00000121900	0	0	0
ENSG00000287691	3	7	0
ENSG00000278966	0	0	0
ENSG00000143222	403	0	509
ENSG00000224985	1	107	0
ENSG00000143224	107	31	108
ENSG00000158850	368	3	395
ENSG00000158859	3	0	3
ENSG00000158869	1013	0	1013
ENSG00000158874	0	0	0
ENSG00000158882	48	0	77
ENSG00000284035	0	0	0
ENSG00000143257	5	34	0
ENSG00000248485	0	0	0
ENSG00000188931	19	24	0
ENSG00000236484	0	0	0
ENSG00000283696	13	0	13
ENSG00000288093	4	0	4
ENSG00000206921	0	0	0
ENSG00000215840	0	0	0
ENSG00000277882	0	0	0
ENSG00000283317	2	2	0
ENSG00000277762	0	0	0
ENSG00000227139	0	0	0
ENSG00000265107	0	0	0
ENSG00000274415	0	0	0
ENSG00000234190	0	0	0
ENSG00000223728	0	0	0
ENSG00000121634	0	0	0
ENSG00000188092	32	0	32
ENSG00000215859	5	5	0
ENSG00000273059	0	0	0
ENSG00000274372	2	0	2
ENSG00000206791	0	0	0
ENSG00000206585	0	0	0
ENSG00000229828	0	0	0
ENSG00000225080	0	0	0
ENSG00000198658	0	0	0
ENSG00000238382	0	0	0
ENSG00000225919	0	0	0
ENSG00000236497	0	0	0
ENSG00000207190	0	0	0
ENSG00000200508	0	0	0
ENSG00000284928	0	0	0
ENSG00000223949	0	0	0
ENSG00000116688	694	0	694
ENSG00000188800	0	0	0
ENSG00000084073	396	0	397
ENSG00000231296	0	1	0
ENSG00000049089	73	0	73
ENSG00000227311	0	0	0
ENSG00000213172	0	0	0
ENSG00000284677	0	0	0
ENSG00000187801	17	1	16
ENSG00000260920	14	0	14
ENSG00000158887	27	0	27
ENSG00000255054	0	0	0
ENSG00000228172	1	64	2
ENSG00000117640	150	1	207
ENSG00000272478	0	0	0
ENSG00000127423	2	5	0
ENSG00000182749	44	3	62
ENSG00000207302	0	0	0
ENSG00000117632	190	0	190
ENSG00000229786	0	0	0
ENSG00000223624	0	0	0
ENSG00000283938	0	0	0
ENSG00000199385	0	0	0
ENSG00000187147	357	5	569
ENSG00000263381	0	0	0
ENSG00000126106	11	213	15
ENSG00000198520	116	2	114
ENSG00000199377	0	0	0
ENSG00000200169	0	0	0
ENSG00000142945	6	0	7
ENSG00000142937	6858	6	7488
ENSG00000264294	0	0	0
ENSG00000200913	1	0	1
ENSG00000202031	0	0	0
ENSG00000207421	0	0	0
ENSG00000281859	0	0	0
ENSG00000234093	0	0	0
ENSG00000142959	5	0	5
ENSG00000173846	157	1	172
ENSG00000117425	3	0	3
ENSG00000202444	0	0	0
ENSG00000226499	0	0	0
ENSG00000070785	59	0	59
ENSG00000253039	0	0	0
ENSG00000229815	0	0	0
ENSG00000232369	0	0	0
ENSG00000268949	0	0	0
ENSG00000126107	289	0	290
ENSG00000126088	186	2	185
ENSG00000234315	0	0	0
ENSG00000162408	215	0	215
ENSG00000229519	2	2	0
ENSG00000173662	0	0	0
ENSG00000204859	190	2	188
ENSG00000288629	0	0	0
ENSG00000230735	1	0	1
ENSG00000171488	837	0	837
ENSG00000226394	0	0	0
ENSG00000237200	0	0	0
ENSG00000070886	0	0	0
ENSG00000276835	0	0	0
ENSG00000265422	0	0	0
ENSG00000223776	2	20	3
ENSG00000273058	6	0	6
ENSG00000230325	3	4	2
ENSG00000119285	313	290	375
ENSG00000226498	0	0	0
ENSG00000237991	0	0	0
ENSG00000244020	0	0	0
ENSG00000288099	0	0	0
ENSG00000225886	5	5	0
ENSG00000206767	0	0	0
ENSG00000226662	0	0	0
ENSG00000207095	0	0	0
ENSG00000287244	0	0	0
ENSG00000231344	1	0	1
ENSG00000230833	0	0	0
ENSG00000117758	251	0	251
ENSG00000269971	2	0	2
ENSG00000270031	0	0	0
ENSG00000223062	0	0	0
ENSG00000286433	0	23	0
ENSG00000117751	352	3	372
ENSG00000252947	1	0	1
ENSG00000130775	1526	0	1528
ENSG00000117748	681	18	665
ENSG00000223643	0	0	0
ENSG00000230239	0	0	0
ENSG00000263811	0	0	0
ENSG00000277234	0	0	0
ENSG00000235241	0	12	0
ENSG00000207005	0	0	0
ENSG00000272426	0	0	0
ENSG00000117122	0	0	0
ENSG00000286898	0	0	0
ENSG00000226526	0	18	0
ENSG00000159363	207	0	213
ENSG00000117118	365	0	365
ENSG00000117115	844	0	844
ENSG00000204362	0	0	0
ENSG00000282843	0	0	0
ENSG00000142623	0	0	0
ENSG00000142619	0	0	0
ENSG00000266634	0	0	0
ENSG00000199459	0	0	0
ENSG00000273264	0	0	0
ENSG00000282057	0	0	0
ENSG00000272691	0	0	0
ENSG00000199934	0	0	0
ENSG00000230285	0	0	0
ENSG00000142871	0	0	0
ENSG00000226643	0	0	0
ENSG00000234419	0	0	0
ENSG00000276997	1	0	1
ENSG00000222399	0	0	0
ENSG00000267305	0	0	0
ENSG00000143512	1	0	1
ENSG00000143498	42	0	46
ENSG00000225265	5	4	5
ENSG00000154305	652	52	703
ENSG00000229399	0	0	0
ENSG00000272750	6	97	5
ENSG00000186063	331	7	334
ENSG00000162819	493	1	495
ENSG00000287684	1	9	0
ENSG00000234523	0	0	0
ENSG00000287338	2	0	2
ENSG00000187554	175	65	110
ENSG00000236846	1	0	1
ENSG00000226601	0	0	0
ENSG00000164010	66	3	118
ENSG00000164011	52	0	52
ENSG00000233708	0	0	0
ENSG00000237090	0	0	0
ENSG00000225099	1	0	1
ENSG00000284138	2	0	2
ENSG00000283973	1	5	0
ENSG00000207256	0	0	0
ENSG00000283136	0	0	0
ENSG00000277513	0	0	0
ENSG00000154309	65	0	65
ENSG00000226967	0	0	0
ENSG00000231407	1	3	1
ENSG00000229570	0	0	0
ENSG00000203857	0	0	0
ENSG00000226443	0	0	0
ENSG00000249798	0	0	0
ENSG00000239873	0	0	0
ENSG00000203855	0	0	0
ENSG00000240244	0	0	0
ENSG00000260941	0	0	0
ENSG00000198857	2	2	0
ENSG00000143067	20	0	20
ENSG00000134240	0	0	0
ENSG00000134193	7	0	7
ENSG00000215864	0	0	0
ENSG00000227205	0	0	0
ENSG00000226446	0	0	0
ENSG00000134249	0	0	0
ENSG00000092621	15	0	15
ENSG00000027644	0	0	0
ENSG00000241992	0	0	0
ENSG00000234226	0	0	0
ENSG00000137970	21	0	21
ENSG00000223229	0	0	0
ENSG00000285698	0	0	0
ENSG00000228035	0	0	0
ENSG00000287103	0	0	0
ENSG00000226973	0	0	0
ENSG00000274468	0	0	0
ENSG00000130764	242	3	273
ENSG00000266075	0	0	0
ENSG00000272153	4	38	0
ENSG00000230026	0	0	0
ENSG00000285177	0	0	0
ENSG00000284770	8	40	7
ENSG00000229795	0	0	0
ENSG00000238236	0	0	0
ENSG00000235638	0	0	0
ENSG00000231199	0	0	0
ENSG00000226663	0	0	0
ENSG00000231582	0	0	0
ENSG00000232714	0	0	0
ENSG00000235761	0	0	0
ENSG00000270710	0	0	0
ENSG00000227236	0	0	0
ENSG00000198837	1090	1	1147
ENSG00000160741	600	0	600
ENSG00000276584	0	0	0
ENSG00000282386	1	0	1
ENSG00000273026	1	0	1
ENSG00000143578	33	7	43
ENSG00000143543	71	3	78
ENSG00000285641	0	3	0
ENSG00000143545	4	0	4
ENSG00000177954	13674	4	13670
ENSG00000231416	1	0	1
ENSG00000200220	0	0	0
ENSG00000231837	0	0	0
ENSG00000263987	0	0	0
ENSG00000162642	131	0	131
ENSG00000223254	0	0	0
ENSG00000223653	0	14	0
ENSG00000116198	248	2	247
ENSG00000169598	85	0	86
ENSG00000226653	0	0	0
ENSG00000207209	0	0	0
ENSG00000272443	0	0	0
ENSG00000272480	0	0	0
ENSG00000288626	0	0	0
ENSG00000162836	47	0	47
ENSG00000207080	0	0	0
ENSG00000231791	0	0	0
ENSG00000244568	0	0	0
ENSG00000271387	0	0	0
ENSG00000116667	91	0	91
ENSG00000230470	0	0	0
ENSG00000232036	0	0	0
ENSG00000285847	0	0	0
ENSG00000286378	0	0	0
ENSG00000215381	0	0	0
ENSG00000261326	39	0	39
ENSG00000284726	0	0	0
ENSG00000125945	88	1	88
ENSG00000201405	0	0	0
ENSG00000271420	1	0	1
ENSG00000204219	65	0	65
ENSG00000232482	0	0	0
ENSG00000285779	0	0	0
ENSG00000162885	54	22	105
ENSG00000270780	0	0	0
ENSG00000232895	0	0	0
ENSG00000273698	0	0	0
ENSG00000273112	0	0	0
ENSG00000173110	473	1	472
ENSG00000224203	0	1	0
ENSG00000224515	0	0	0
ENSG00000225217	66	0	66
ENSG00000231586	0	1	0
ENSG00000234211	2	19	0
ENSG00000213075	3	3	0
ENSG00000143125	1	0	1
ENSG00000270380	0	0	0
ENSG00000282887	0	0	0
ENSG00000283999	0	0	0
ENSG00000240194	0	0	0
ENSG00000235407	0	0	0
ENSG00000143105	0	0	0
ENSG00000199710	0	0	0
ENSG00000237415	3	0	3
ENSG00000232791	0	0	0
ENSG00000177301	37	1	36
ENSG00000226828	0	0	0
ENSG00000279774	0	0	0
ENSG00000229960	1	0	1
ENSG00000286486	0	0	0
ENSG00000244066	0	0	0
ENSG00000237759	0	0	0
ENSG00000287531	0	0	0
ENSG00000225855	23	199	4
ENSG00000283701	0	0	0
ENSG00000207134	0	0	0
ENSG00000227773	0	0	0
ENSG00000207144	0	0	0
ENSG00000237872	0	0	0
ENSG00000271267	2	2	0
ENSG00000225082	0	0	0
ENSG00000223503	0	0	0
ENSG00000232519	0	0	0
ENSG00000160752	133	0	312
ENSG00000121957	23	87	37
ENSG00000235089	0	0	0
ENSG00000285179	0	0	0
ENSG00000223026	0	0	0
ENSG00000225721	1	637	2
ENSG00000188396	3	19	0
ENSG00000202167	0	0	0
ENSG00000207349	0	0	0
ENSG00000252826	0	0	0
ENSG00000206737	0	0	0
ENSG00000223779	0	0	0
ENSG00000242352	0	0	0
ENSG00000270962	0	0	0
ENSG00000263590	0	0	0
ENSG00000252105	0	0	0
ENSG00000233430	0	0	0
ENSG00000237503	0	0	0
ENSG00000265531	14	0	16
ENSG00000234571	1	3	0
ENSG00000230186	0	0	0
ENSG00000268074	0	0	0
ENSG00000270872	0	0	0
ENSG00000276674	0	0	0
ENSG00000082482	0	0	0
ENSG00000116747	406	10	466
ENSG00000118729	0	0	0
ENSG00000134207	0	0	0
ENSG00000163467	1	2	0
ENSG00000243710	1	0	1
ENSG00000117395	177	0	177
ENSG00000116874	36	3	39
ENSG00000065600	70	1	69
ENSG00000009780	88	0	88
ENSG00000023572	88	87	64
ENSG00000077254	631	0	631
ENSG00000134644	699	1	698
ENSG00000215788	295	8	309
ENSG00000117834	6	1	6
ENSG00000117625	403	1	402
ENSG00000179902	1	0	1
ENSG00000020633	1168	2	1166
ENSG00000121766	116	0	184
ENSG00000143157	515	0	515
ENSG00000162614	42	0	42
ENSG00000160781	23	0	23
ENSG00000143344	38	0	38
ENSG00000162613	924	0	924
ENSG00000116882	1	0	1
ENSG00000198758	0	0	0
ENSG00000117569	114	0	114
ENSG00000142856	46	24	42
ENSG00000158022	0	0	0
ENSG00000116396	43	0	43
ENSG00000058668	2010	0	2010
ENSG00000163875	432	0	432
ENSG00000282872	0	0	0
ENSG00000131238	1544	3	1541
ENSG00000171680	17	0	17
ENSG00000244457	0	0	0
ENSG00000116977	590	91	918
ENSG00000229372	0	44	0
ENSG00000274975	0	0	0
ENSG00000229348	1	0	1
ENSG00000242485	154	5	184
ENSG00000264293	0	0	0
ENSG00000272455	10	0	10
ENSG00000225905	0	0	0
ENSG00000225285	0	0	0
ENSG00000179403	0	0	0
ENSG00000215915	13	0	13
ENSG00000236085	0	0	0
ENSG00000234441	0	0	0
ENSG00000227408	0	0	0
ENSG00000223635	0	0	0
ENSG00000135776	211	0	211
ENSG00000199672	0	0	0
ENSG00000201492	0	0	0
ENSG00000229367	0	0	0
ENSG00000135763	102	0	102
ENSG00000213028	0	0	0
ENSG00000225984	0	0	0
ENSG00000178828	0	0	0
ENSG00000235434	0	0	0
ENSG00000169914	117	0	117
ENSG00000188784	0	0	0
ENSG00000242688	0	0	0
ENSG00000177186	0	0	0
ENSG00000177174	0	0	0
ENSG00000269956	7	64	0
ENSG00000162456	0	0	0
ENSG00000079277	328	0	385
ENSG00000117407	0	0	0
ENSG00000237950	4	0	4
ENSG00000117408	132	0	132
ENSG00000285649	0	20	0
ENSG00000117410	745	0	745
ENSG00000159214	9	0	11
ENSG00000196517	18	4	17
ENSG00000227163	0	0	0
ENSG00000271647	0	0	0
ENSG00000239560	0	0	0
ENSG00000196539	0	0	0
ENSG00000229255	0	0	0
ENSG00000203661	0	0	0
ENSG00000271934	0	0	0
ENSG00000224521	0	0	1
ENSG00000227102	0	0	0
ENSG00000183310	0	0	0
ENSG00000201602	0	0	0
ENSG00000271701	0	0	0
ENSG00000189181	0	0	0
ENSG00000187238	0	0	0
ENSG00000185962	0	0	0
ENSG00000226947	0	0	0
ENSG00000285753	0	0	0
ENSG00000187223	0	0	0
ENSG00000159455	0	0	0
ENSG00000187173	0	0	0
ENSG00000204501	0	0	0
ENSG00000228229	0	0	0
ENSG00000204481	0	0	0
ENSG00000204479	0	0	0
ENSG00000172031	5	0	5
ENSG00000233228	0	0	0
ENSG00000224678	0	0	0
ENSG00000233401	0	0	0
ENSG00000273487	1	0	1
ENSG00000226773	0	0	0
ENSG00000274481	0	0	0
ENSG00000228594	22	0	22
ENSG00000286989	4	0	4
ENSG00000272106	22	1	22
ENSG00000189409	0	0	0
ENSG00000272004	0	57	1
ENSG00000189339	745	3	800
ENSG00000269737	23	23	0
ENSG00000215914	2	0	2
ENSG00000008128	12	0	12
ENSG00000268575	14	1	26
ENSG00000227775	83	102	0
ENSG00000008130	1530	1	1529
ENSG00000078369	2980	3	2977
ENSG00000178821	1	0	1
ENSG00000158477	25	0	25
ENSG00000230942	0	0	0
ENSG00000158481	141	1	140
ENSG00000158485	3	0	3
ENSG00000158488	19	0	19
ENSG00000186306	0	0	0
ENSG00000203758	0	0	0
ENSG00000236257	0	0	0
ENSG00000236656	0	0	0
ENSG00000198703	0	0	0
ENSG00000227445	0	0	0
ENSG00000231434	0	0	0
ENSG00000117505	827	1	836
ENSG00000229635	0	0	0
ENSG00000207379	0	0	0
ENSG00000212601	0	0	0
ENSG00000162889	895	1	894
ENSG00000224114	54	0	54
ENSG00000199349	0	0	0
ENSG00000162892	24	354	0
ENSG00000162894	2359	2	2687
ENSG00000271680	7	7	0
ENSG00000226945	5	5	0
ENSG00000162896	1	0	1
ENSG00000162897	0	0	0
ENSG00000182795	11	0	11
ENSG00000198890	92	0	92
ENSG00000224550	0	0	0
ENSG00000142669	2865	2	4299
ENSG00000169442	1768	3	3635
ENSG00000225854	0	0	0
ENSG00000176083	64	0	64
ENSG00000229167	0	0	0
ENSG00000142910	0	0	0
ENSG00000162517	228	0	268
ENSG00000235790	0	0	0
ENSG00000264078	0	0	0
ENSG00000241745	0	0	0
ENSG00000228407	0	0	0
ENSG00000223429	0	0	0
ENSG00000224255	0	0	0
ENSG00000236004	0	0	0
ENSG00000237663	0	0	0
ENSG00000213735	0	0	0
ENSG00000272100	0	34	0
ENSG00000287078	1	1	0
ENSG00000224680	0	0	0
ENSG00000085840	13	0	13
ENSG00000283445	2	0	2
ENSG00000272226	0	0	0
ENSG00000231740	0	0	0
ENSG00000143751	333	0	333
ENSG00000272562	4	0	5
ENSG00000163041	2864	2	2863
ENSG00000225518	1	0	1
ENSG00000270598	0	0	0
ENSG00000182827	305	2	357
ENSG00000234478	2	56	0
ENSG00000223570	0	0	0
ENSG00000185155	3	0	3
ENSG00000236773	0	0	0
ENSG00000143753	485	0	485
ENSG00000201898	0	0	0
ENSG00000237101	1	17	1
ENSG00000143748	154	0	171
ENSG00000221406	0	0	0
ENSG00000229742	0	0	0
ENSG00000206887	0	0	0
ENSG00000143771	187	0	187
ENSG00000266618	0	0	0
ENSG00000229991	1	0	1
ENSG00000233384	0	0	0
ENSG00000234247	0	0	0
ENSG00000183682	17	25	3
ENSG00000237624	0	0	0
ENSG00000228060	3	181	0
ENSG00000201457	0	0	0
ENSG00000163909	0	0	0
ENSG00000225903	0	0	0
ENSG00000116983	132	0	132
ENSG00000225333	0	0	0
ENSG00000252413	0	0	0
ENSG00000090621	600	0	778
ENSG00000236994	0	0	0
ENSG00000275406	0	0	0
ENSG00000270287	0	0	0
ENSG00000229965	0	0	0
ENSG00000223282	0	0	0
ENSG00000177770	0	0	0
ENSG00000287627	0	0	0
ENSG00000283933	0	0	0
ENSG00000143369	1	0	1
ENSG00000228126	1	0	1
ENSG00000237781	19	18	43
ENSG00000264553	1	1	0
ENSG00000277452	1	0	1
ENSG00000274963	1	0	1
ENSG00000253047	2	0	2
ENSG00000143420	753	3	750
ENSG00000276103	2	0	2
ENSG00000143457	186	0	186
ENSG00000143452	18	0	18
ENSG00000206931	0	0	0
ENSG00000236713	0	0	0
ENSG00000224690	1	1	0
ENSG00000203804	0	53	26
ENSG00000143384	10559	4	10556
ENSG00000154342	0	0	0
ENSG00000276255	1	0	1
ENSG00000284163	0	0	0
ENSG00000143793	75	6	69
ENSG00000162910	64	0	64
ENSG00000224566	0	0	0
ENSG00000287895	2	2	0
ENSG00000280157	1	0	1
ENSG00000227625	0	0	0
ENSG00000198835	0	0	0
ENSG00000203684	0	0	0
ENSG00000181873	106	0	106
ENSG00000162913	13	3	15
ENSG00000269934	13	12	22
ENSG00000270110	6	6	0
ENSG00000286773	0	0	0
ENSG00000287315	10	31	3
ENSG00000270104	0	0	0
ENSG00000154370	159	0	202
ENSG00000270094	0	43	0
ENSG00000284311	0	0	0
ENSG00000162931	6	8	0
ENSG00000230841	0	0	0
ENSG00000266174	0	0	0
ENSG00000279306	0	0	0
ENSG00000215811	5	2	3
ENSG00000202056	0	0	0
ENSG00000251823	0	0	0
ENSG00000171960	102	0	161
ENSG00000234917	0	0	0
ENSG00000065978	6748	8	6740
ENSG00000164007	0	0	0
ENSG00000117385	129	0	129
ENSG00000228452	0	10	0
ENSG00000001460	29	21	27
ENSG00000001461	380	2	397
ENSG00000286061	14	28	18
ENSG00000117602	1004	7	1296
ENSG00000264443	0	267	0
ENSG00000184454	0	0	0
ENSG00000227312	0	0	0
ENSG00000239106	0	0	0
ENSG00000177606	94	0	94
ENSG00000116539	924	4	927
ENSG00000162923	1507	5	1502
ENSG00000250135	0	0	0
ENSG00000084652	470	3	467
ENSG00000224066	2	11	4
ENSG00000160051	14	7	9
ENSG00000183615	1	0	1
ENSG00000277617	0	0	0
ENSG00000252450	0	0	0
ENSG00000116478	1107	7	1100
ENS