N_unmapped	215238	215238	215238
N_multimapping	2880234	2880234	2880234
N_noFeature	482128	12345858	563734
N_ambiguous	1669502	22130	503766
ENSG00000160072	152	1	151
ENSG00000234396	0	0	0
ENSG00000225972	6	0	6
ENSG00000224315	0	0	0
ENSG00000198744	8	0	8
ENSG00000279928	2	0	2
ENSG00000228037	13	0	13
ENSG00000142611	3	0	3
ENSG00000225630	676	10	666
ENSG00000284616	0	0	0
ENSG00000157911	31	221	64
ENSG00000269896	8	0	8
ENSG00000237973	92	0	109
ENSG00000228463	5	0	12
ENSG00000260972	0	0	0
ENSG00000157933	1024	3	1021
ENSG00000224340	0	0	0
ENSG00000226545	0	0	0
ENSG00000268663	0	0	0
ENSG00000226374	0	0	0
ENSG00000229280	0	0	0
ENSG00000142655	126	11	126
ENSG00000232596	0	0	0
ENSG00000235054	0	0	0
ENSG00000232663	0	0	0
ENSG00000240409	1	0	1
ENSG00000229344	5	0	7
ENSG00000231510	0	0	0
ENSG00000149527	173	5	168
ENSG00000284739	0	0	0
ENSG00000171621	82	1	81
ENSG00000272235	0	0	0
ENSG00000284694	0	0	0
ENSG00000230021	1	25	1
ENSG00000287356	3	3	0
ENSG00000224387	6	6	0
ENSG00000285629	0	0	0
ENSG00000173673	0	0	0
ENSG00000142583	22	0	22
ENSG00000284674	0	0	0
ENSG00000272161	0	0	0
ENSG00000237094	102	0	102
ENSG00000224338	0	0	0
ENSG00000074800	5295	6	5289
ENSG00000116786	792	3	888
ENSG00000287727	0	0	0
ENSG00000228423	0	0	0
ENSG00000286448	0	7	0
ENSG00000131686	18	16	5
ENSG00000229305	0	0	0
ENSG00000284703	0	0	0
ENSG00000226457	0	0	0
ENSG00000173614	94	1	93
ENSG00000248527	2029	85	1944
ENSG00000215720	0	0	0
ENSG00000241326	0	0	0
ENSG00000233623	0	0	0
ENSG00000162592	1	20	0
ENSG00000116254	8	0	8
ENSG00000233645	0	0	0
ENSG00000204624	3	0	3
ENSG00000142606	9	40	19
ENSG00000235146	0	0	0
ENSG00000225931	7	6	1
ENSG00000171729	14	0	14
ENSG00000279457	57	0	57
ENSG00000162571	3	0	3
ENSG00000229393	5	4	1
ENSG00000037637	372	0	372
ENSG00000287586	41	0	41
ENSG00000159423	55	0	55
ENSG00000142599	2357	27	2333
ENSG00000227169	0	0	0
ENSG00000283356	0	0	0
ENSG00000011021	206	0	211
ENSG00000142615	0	0	0
ENSG00000215704	2	4	1
ENSG00000157916	815	36	1033
ENSG00000157881	322	2	320
ENSG00000238290	0	0	0
ENSG00000225387	0	0	0
ENSG00000048707	933	2	931
ENSG00000158748	10	0	10
ENSG00000225196	0	0	0
ENSG00000162444	299	0	299
ENSG00000279625	0	0	0
ENSG00000180758	68	0	68
ENSG00000184677	589	1	588
ENSG00000230679	1	0	1
ENSG00000270136	0	0	0
ENSG00000288398	36	0	36
ENSG00000224621	0	0	0
ENSG00000285833	0	0	0
ENSG00000131697	81	1	81
ENSG00000284692	0	0	0
ENSG00000284745	0	0	0
ENSG00000280222	0	0	0
ENSG00000227634	0	0	0
ENSG00000285945	0	0	0
ENSG00000229162	0	0	0
ENSG00000197921	0	0	0
ENSG00000233755	0	0	0
ENSG00000233929	0	0	0
ENSG00000271742	0	0	0
ENSG00000226396	10	1	9
ENSG00000169504	285	0	285
ENSG00000234166	0	9	0
ENSG00000235282	0	0	0
ENSG00000055070	1107	4	1651
ENSG00000175087	142	1	141
ENSG00000157191	1280	9	1272
ENSG00000284699	0	0	0
ENSG00000230035	0	0	0
ENSG00000235185	0	0	0
ENSG00000225643	1	0	1
ENSG00000284666	0	0	0
ENSG00000228943	1	1	0
ENSG00000234397	0	0	0
ENSG00000284309	0	0	0
ENSG00000162511	9774	21	17420
ENSG00000158014	0	0	0
ENSG00000204138	349	0	349
ENSG00000233419	0	0	0
ENSG00000235263	0	0	0
ENSG00000228176	0	0	0
ENSG00000231251	0	0	0
ENSG00000142675	35	0	35
ENSG00000197245	0	0	0
ENSG00000261025	1	1	0
ENSG00000116237	324	4	329
ENSG00000130772	206	0	206
ENSG00000215899	0	0	0
ENSG00000271398	3	3	0
ENSG00000225011	0	0	0
ENSG00000235069	0	0	0
ENSG00000284676	0	0	0
ENSG00000237058	1	1	0
ENSG00000233399	0	0	0
ENSG00000090020	536	0	536
ENSG00000157978	1290	4	1286
ENSG00000226944	0	0	0
ENSG00000270282	0	0	0
ENSG00000130770	253	6	444
ENSG00000229044	0	87	0
ENSG00000162512	22	1	21
ENSG00000158006	322	0	322
ENSG00000214812	0	0	0
ENSG00000126698	903	3	900
ENSG00000229447	0	0	0
ENSG00000229607	0	0	0
ENSG00000130766	172	0	172
ENSG00000168528	59	0	59
ENSG00000196581	16	0	16
ENSG00000169403	4759	5	4754
ENSG00000084628	0	0	0
ENSG00000060688	387	0	387
ENSG00000171612	49	0	49
ENSG00000270927	0	0	0
ENSG00000188910	0	0	0
ENSG00000230523	0	0	0
ENSG00000116138	199	49	174
ENSG00000158161	326	4	323
ENSG00000142684	0	0	32
ENSG00000234619	1	0	1
ENSG00000121769	7	7	0
ENSG00000142627	11	0	11
ENSG00000284668	0	0	0
ENSG00000233234	0	0	0
ENSG00000142632	46	0	55
ENSG00000234593	0	0	0
ENSG00000158292	15	0	15
ENSG00000270605	16	0	16
ENSG00000189337	51	1	54
ENSG00000232912	37	1	39
ENSG00000235084	0	0	0
ENSG00000235143	0	0	0
ENSG00000225478	0	0	0
ENSG00000225077	1	6	1
ENSG00000028137	8209	15	8194
ENSG00000238249	0	0	0
ENSG00000204464	0	0	0
ENSG00000233372	0	0	0
ENSG00000283259	0	0	0
ENSG00000284543	2	0	2
ENSG00000130939	937	3	934
ENSG00000175147	0	4	0
ENSG00000127472	0	0	0
ENSG00000060656	4	0	4
ENSG00000163867	133	1	132
ENSG00000232768	0	0	0
ENSG00000230214	0	0	0
ENSG00000189280	0	0	0
ENSG00000134698	2341	4	2337
ENSG00000134690	28	0	28
ENSG00000272420	2	0	2
ENSG00000132881	21	0	21
ENSG00000273274	0	0	0
ENSG00000116251	973	1	972
ENSG00000272510	1	9	1
ENSG00000158286	11	3	11
ENSG00000236648	0	0	0
ENSG00000232273	0	2	0
ENSG00000009709	0	0	0
ENSG00000287396	0	0	0
ENSG00000223589	0	0	0
ENSG00000158008	0	0	0
ENSG00000130940	61	2	122
ENSG00000116771	64	1	78
ENSG00000237301	2	2	0
ENSG00000162585	159	79	164
ENSG00000163879	2	1	2
ENSG00000227527	0	0	0
ENSG00000116954	203	0	203
ENSG00000228589	3	0	3
ENSG00000163873	0	0	0
ENSG00000117215	4	0	4
ENSG00000196449	72	1	97
ENSG00000230163	0	13	0
ENSG00000227538	0	0	0
ENSG00000232208	14	0	14
ENSG00000236500	0	0	0
ENSG00000044012	0	0	0
ENSG00000179051	1039	3	1224
ENSG00000215895	1	0	1
ENSG00000231868	0	0	0
ENSG00000284650	0	0	0
ENSG00000237329	1	1	0
ENSG00000236948	0	0	0
ENSG00000126067	705	2	703
ENSG00000274944	0	0	0
ENSG00000132906	215	0	218
ENSG00000197312	462	0	462
ENSG00000284748	0	0	0
ENSG00000272078	5	68	0
ENSG00000173660	579	3	576
ENSG00000224592	0	0	0
ENSG00000233728	0	4	0
ENSG00000230451	0	0	0
ENSG00000231606	0	0	0
ENSG00000215900	0	0	0
ENSG00000284632	0	0	0
ENSG00000241014	2	0	2
ENSG00000054118	2186	12	2174
ENSG00000254553	0	0	0
ENSG00000284653	0	0	0
ENSG00000237749	4	0	4
ENSG00000276747	5	0	5
ENSG00000284705	0	0	0
ENSG00000228776	0	0	0
ENSG00000159339	1140	2	1138
ENSG00000223814	0	0	0
ENSG00000197982	72	25	73
ENSG00000261781	0	0	0
ENSG00000183317	0	0	0
ENSG00000183386	388	0	388
ENSG00000284743	0	0	0
ENSG00000158315	0	0	0
ENSG00000204084	286	2	340
ENSG00000186973	0	0	0
ENSG00000271806	5	7	5
ENSG00000146463	401	0	444
ENSG00000279214	0	0	0
ENSG00000183520	201	0	201
ENSG00000271741	0	0	0
ENSG00000214141	0	0	0
ENSG00000142686	98	0	98
ENSG00000224751	0	0	0
ENSG00000279096	0	0	0
ENSG00000117148	0	0	0
ENSG00000230585	0	0	0
ENSG00000117000	402	2	400
ENSG00000284989	0	0	0
ENSG00000231630	0	0	0
ENSG00000092853	34	1	39
ENSG00000255811	0	0	0
ENSG00000134697	382	3	380
ENSG00000187513	1	0	1
ENSG00000238145	0	0	0
ENSG00000225142	0	0	0
ENSG00000230138	14	0	14
ENSG00000223390	0	7	0
ENSG00000285823	0	0	0
ENSG00000284720	0	0	0
ENSG00000225028	0	0	0
ENSG00000225671	0	0	0
ENSG00000116151	18	0	18
ENSG00000226147	0	0	0
ENSG00000182873	15	10	6
ENSG00000006555	84	0	84
ENSG00000236111	0	0	0
ENSG00000066056	6	0	6
ENSG00000214114	218	1	217
ENSG00000173436	52	1	52
ENSG00000116544	5	0	5
ENSG00000231900	0	0	0
ENSG00000236723	0	99	6
ENSG00000232467	0	0	0
ENSG00000117016	38	0	38
ENSG00000121310	185	2	183
ENSG00000169213	0	0	0
ENSG00000163866	325	0	338
ENSG00000225779	0	0	0
ENSG00000284601	0	0	0
ENSG00000237130	0	0	0
ENSG00000143001	0	0	0
ENSG00000229716	0	0	0
ENSG00000226133	0	0	0
ENSG00000227416	0	0	0
ENSG00000232335	0	6	0
ENSG00000260971	0	0	0
ENSG00000259832	0	0	0
ENSG00000284696	0	0	0
ENSG00000238242	0	0	0
ENSG00000285839	0	0	0
ENSG00000237290	0	0	0
ENSG00000232762	0	0	0
ENSG00000117419	144	0	144
ENSG00000162384	239	8	247
ENSG00000162391	0	5	0
ENSG00000174348	6	0	7
ENSG00000154198	0	0	0
ENSG00000117859	584	17	576
ENSG00000228121	0	0	0
ENSG00000253313	0	0	0
ENSG00000162396	35	0	35
ENSG00000203995	1	0	1
ENSG00000227742	0	0	0
ENSG00000284686	0	0	0
ENSG00000162378	339	0	339
ENSG00000233079	0	0	0
ENSG00000259818	0	0	0
ENSG00000229444	0	0	0
ENSG00000240563	13	0	13
ENSG00000234318	0	0	0
ENSG00000284773	7	0	7
ENSG00000234481	0	0	0
ENSG00000117862	75	1	74
ENSG00000235612	0	0	0
ENSG00000228369	0	0	0
ENSG00000183431	777	4	773
ENSG00000227485	0	0	0
ENSG00000224609	3	0	3
ENSG00000235545	0	0	0
ENSG00000236646	0	0	0
ENSG00000169174	0	0	0
ENSG00000232198	0	0	0
ENSG00000238063	1	0	1
ENSG00000227104	0	0	0
ENSG00000243725	7	0	7
ENSG00000171872	0	0	0
ENSG00000162407	2	0	2
ENSG00000285079	4	0	4
ENSG00000169218	0	0	0
ENSG00000163877	300	5	295
ENSG00000228929	5	0	5
ENSG00000224570	1	1	0
ENSG00000224980	0	0	0
ENSG00000278967	0	0	0
ENSG00000157184	75	15	181
ENSG00000272491	0	0	0
ENSG00000198815	788	2	786
ENSG00000134744	634	1	633
ENSG00000233910	0	0	0
ENSG00000287703	0	0	0
ENSG00000283039	0	0	0
ENSG00000229032	0	0	0
ENSG00000229294	0	0	0
ENSG00000232993	0	1	0
ENSG00000234088	0	0	0
ENSG00000236973	0	0	0
ENSG00000227947	0	0	0
ENSG00000277397	0	0	0
ENSG00000271200	2	0	2
ENSG00000235446	0	0	0
ENSG00000261196	0	0	0
ENSG00000162385	303	0	303
ENSG00000231413	0	0	0
ENSG00000234264	0	0	0
ENSG00000242391	0	0	0
ENSG00000223883	0	0	0
ENSG00000284808	0	0	0
ENSG00000242267	0	0	0
ENSG00000237227	0	0	0
ENSG00000275350	0	0	0
ENSG00000116652	2	0	2
ENSG00000123080	65	2	64
ENSG00000285778	0	0	0
ENSG00000077549	4184	7	4178
ENSG00000233407	0	0	0
ENSG00000225675	1	0	1
ENSG00000237622	0	0	0
ENSG00000162598	0	0	0
ENSG00000280317	0	0	0
ENSG00000162415	11	0	11
ENSG00000162600	136	1	135
ENSG00000116704	221	0	221
ENSG00000227644	0	0	0
ENSG00000157193	60	1	70
ENSG00000116205	236	0	244
ENSG00000198841	18	0	18
ENSG00000116212	78	0	78
ENSG00000234204	0	0	0
ENSG00000233099	5	0	5
ENSG00000233994	1	0	1
ENSG00000237180	0	0	0
ENSG00000213561	0	0	0
ENSG00000233973	0	0	0
ENSG00000237552	0	0	0
ENSG00000132854	0	0	0
ENSG00000227556	0	0	0
ENSG00000162616	33	1	33
ENSG00000162607	597	4	593
ENSG00000233602	0	0	0
ENSG00000233271	0	0	0
ENSG00000285954	14	14	0
ENSG00000233333	0	0	0
ENSG00000154027	132	2	130
ENSG00000234108	0	0	0
ENSG00000232676	0	0	0
ENSG00000225167	0	0	0
ENSG00000132122	30	0	30
ENSG00000213579	0	0	0
ENSG00000137960	1	0	1
ENSG00000237852	0	0	0
ENSG00000116745	0	0	0
ENSG00000132855	1	1	0
ENSG00000285407	0	0	0
ENSG00000272855	0	0	0
ENSG00000270549	0	0	0
ENSG00000237163	0	0	0
ENSG00000229636	0	0	0
ENSG00000116675	24	0	24
ENSG00000162433	13	0	13
ENSG00000213625	628	1	627
ENSG00000227207	0	0	0
ENSG00000227016	0	0	0
ENSG00000233664	0	0	0
ENSG00000158966	43	0	43
ENSG00000213703	0	0	0
ENSG00000203965	23	0	23
ENSG00000223479	0	0	0
ENSG00000233674	0	0	0
ENSG00000153898	51	0	51
ENSG00000117069	0	0	0
ENSG00000125703	129	0	129
ENSG00000285041	0	0	0
ENSG00000285808	0	0	0
ENSG00000229440	0	0	0
ENSG00000234144	0	0	0
ENSG00000213540	0	0	0
ENSG00000277670	0	0	0
ENSG00000227466	0	0	0
ENSG00000154007	0	0	0
ENSG00000230498	0	0	0
ENSG00000285782	0	0	0
ENSG00000162618	0	0	0
ENSG00000224493	0	0	0
ENSG00000131233	0	0	0
ENSG00000272371	0	0	0
ENSG00000287647	1	0	1
ENSG00000229225	0	0	0
ENSG00000230863	0	0	0
ENSG00000213560	0	0	0
ENSG00000287224	1	0	1
ENSG00000225598	0	0	0
ENSG00000286455	0	0	0
ENSG00000225087	0	0	0
ENSG00000224986	0	0	0
ENSG00000280378	2	0	2
ENSG00000188786	620	2	620
ENSG00000230053	0	0	0
ENSG00000137941	13	2	11
ENSG00000273338	0	0	0
ENSG00000223720	0	0	0
ENSG00000224326	0	0	0
ENSG00000286548	1	0	1
ENSG00000066135	202	3	297
ENSG00000230027	0	0	0
ENSG00000233061	0	0	0
ENSG00000272094	0	0	0
ENSG00000228853	0	0	0
ENSG00000215874	0	0	0
ENSG00000232453	3	0	3
ENSG00000260386	0	0	0
ENSG00000284895	0	0	0
ENSG00000117174	178	0	178
ENSG00000237413	0	0	0
ENSG00000184313	0	0	0
ENSG00000284645	0	0	0
ENSG00000225605	0	0	0
ENSG00000225446	0	0	0
ENSG00000288543	0	0	0
ENSG00000122420	2	0	2
ENSG00000284240	0	0	0
ENSG00000236290	0	0	0
ENSG00000143013	394	1	393
ENSG00000226084	11	0	11
ENSG00000134748	695	3	692
ENSG00000142892	268	0	268
ENSG00000219102	0	0	0
ENSG00000184005	21	0	21
ENSG00000230953	0	0	0
ENSG00000287743	0	0	0
ENSG00000229332	0	0	0
ENSG00000227937	0	0	0
ENSG00000229752	0	0	0
ENSG00000237505	4	0	4
ENSG00000285462	0	0	0
ENSG00000233216	0	0	0
ENSG00000197273	0	0	0
ENSG00000226804	0	0	0
ENSG00000285325	0	0	0
ENSG00000230728	0	0	0
ENSG00000162402	1188	2	1186
ENSG00000232846	0	0	0
ENSG00000219201	1	0	1
ENSG00000230787	0	0	0
ENSG00000116641	102	2	100
ENSG00000235927	3	4	1
ENSG00000223920	0	0	0
ENSG00000237453	0	0	0
ENSG00000172260	15	1	14
ENSG00000285473	0	0	0
ENSG00000237959	0	0	0
ENSG00000231364	0	0	0
ENSG00000234578	0	0	0
ENSG00000117480	85	0	85
ENSG00000137944	251	0	251
ENSG00000229505	0	0	0
ENSG00000228187	0	0	0
ENSG00000285201	0	0	0
ENSG00000182183	68	1	67
ENSG00000236407	0	0	0
ENSG00000271949	0	0	0
ENSG00000227062	0	0	0
ENSG00000067334	546	4	542
ENSG00000235011	0	0	0
ENSG00000235673	0	0	0
ENSG00000226938	0	0	0
ENSG00000213559	0	0	0
ENSG00000287587	0	0	0
ENSG00000142949	27	0	27
ENSG00000116133	111	2	118
ENSG00000232882	0	0	0
ENSG00000171502	12	0	12
ENSG00000162399	0	0	0
ENSG00000116157	91	0	91
ENSG00000143036	2	0	2
ENSG00000232672	0	0	0
ENSG00000230817	0	0	0
ENSG00000235613	0	0	0
ENSG00000065243	778	2	776
ENSG00000226759	0	0	0
ENSG00000226960	0	0	0
ENSG00000234080	0	0	0
ENSG00000237899	1	0	1
ENSG00000225492	15	0	15
ENSG00000223905	0	0	0
ENSG00000227290	0	0	0
ENSG00000229486	0	0	0
ENSG00000282898	0	0	0
ENSG00000285409	0	0	0
ENSG00000231090	0	0	0
ENSG00000117528	207	0	207
ENSG00000271723	0	0	0
ENSG00000172339	28	0	28
ENSG00000036549	346	1	345
ENSG00000287724	0	9	0
ENSG00000058799	364	0	364
ENSG00000225191	0	0	0
ENSG00000287870	0	0	0
ENSG00000235563	0	0	0
ENSG00000232048	0	0	0
ENSG00000232857	0	0	0
ENSG00000273637	0	0	0
ENSG00000203985	0	0	0
ENSG00000228838	0	2	0
ENSG00000283761	0	0	0
ENSG00000189433	1	1	0
ENSG00000230759	0	0	0
ENSG00000231866	0	0	0
ENSG00000179178	1	1	0
ENSG00000142700	0	0	0
ENSG00000285525	0	0	0
ENSG00000236098	0	0	0
ENSG00000233514	0	0	0
ENSG00000127124	265	0	265
ENSG00000266993	4	12	3
ENSG00000223675	0	0	0
ENSG00000162604	145	0	145
ENSG00000229316	0	0	0
ENSG00000116171	598	0	601
ENSG00000287406	0	0	0
ENSG00000225767	0	0	0
ENSG00000234099	0	0	0
ENSG00000137936	21	2	25
ENSG00000235308	0	0	0
ENSG00000232752	0	0	0
ENSG00000235829	0	0	0
ENSG00000143032	0	0	0
ENSG00000226745	0	0	0
ENSG00000178028	284	1	283
ENSG00000280040	0	0	0
ENSG00000168710	779	0	779
ENSG00000117519	17	0	17
ENSG00000270507	0	0	0
ENSG00000238037	0	0	0
ENSG00000215869	1	0	1
ENSG00000134215	461	0	461
ENSG00000227935	0	0	0
ENSG00000229887	0	0	0
ENSG00000228502	17	0	17
ENSG00000236268	0	0	0
ENSG00000271277	0	0	0
ENSG00000236888	0	0	0
ENSG00000279778	0	0	0
ENSG00000232015	0	0	0
ENSG00000230955	0	56	0
ENSG00000230828	0	0	0
ENSG00000188641	1286	0	1382
ENSG00000152078	11	0	11
ENSG00000237279	0	0	0
ENSG00000233359	0	0	0
ENSG00000237954	0	0	0
ENSG00000185668	0	0	0
ENSG00000171492	437	2	435
ENSG00000233129	0	0	0
ENSG00000170989	1505	4	1501
ENSG00000258634	46	0	65
ENSG00000233557	0	0	0
ENSG00000237897	0	0	0
ENSG00000116299	128	0	128
ENSG00000137962	3	0	3
ENSG00000227832	0	0	0
ENSG00000286692	0	0	0
ENSG00000260464	3	0	3
ENSG00000237435	0	0	0
ENSG00000231996	0	0	0
ENSG00000273204	0	1	0
ENSG00000079739	335	5	372
ENSG00000117154	0	0	0
ENSG00000162377	91	4	87
ENSG00000224613	0	0	0
ENSG00000215871	0	0	0
ENSG00000287372	0	0	0
ENSG00000232542	1	0	1
ENSG00000231095	0	0	0
ENSG00000116774	0	0	0
ENSG00000287756	0	0	0
ENSG00000269113	0	0	0
ENSG00000284652	0	0	0
ENSG00000023909	120	0	120
ENSG00000069702	358	0	358
ENSG00000232185	0	0	0
ENSG00000230489	3	0	3
ENSG00000228399	0	0	0
ENSG00000236776	0	0	0
ENSG00000285928	0	0	0
ENSG00000224685	0	0	0
ENSG00000287076	0	0	0
ENSG00000237480	0	0	0
ENSG00000271252	0	0	0
ENSG00000230427	0	0	0
ENSG00000235794	0	0	0
ENSG00000286758	0	0	0
ENSG00000237337	0	0	0
ENSG00000233983	0	0	0
ENSG00000198198	619	46	746
ENSG00000225183	0	0	0
ENSG00000230402	0	0	0
ENSG00000116793	171	1	170
ENSG00000134201	1	0	1
ENSG00000238122	0	0	0
ENSG00000260879	0	29	0
ENSG00000213366	112	0	112
ENSG00000230864	0	0	0
ENSG00000283354	0	0	0
ENSG00000232918	0	0	0
ENSG00000236360	0	3	0
ENSG00000183298	0	0	17
ENSG00000234332	1	0	1
ENSG00000117525	3	0	3
ENSG00000225079	8	0	8
ENSG00000226483	0	0	0
ENSG00000224238	0	0	0
ENSG00000229537	0	0	0
ENSG00000162699	0	0	0
ENSG00000162692	0	0	0
ENSG00000203914	0	0	0
ENSG00000270457	0	0	0
ENSG00000203858	0	0	0
ENSG00000231987	0	0	0
ENSG00000228057	0	0	0
ENSG00000261593	0	0	0
ENSG00000224445	0	0	0
ENSG00000229842	0	0	0
ENSG00000270631	0	0	0
ENSG00000229201	0	0	0
ENSG00000181656	0	0	0
ENSG00000122481	19	0	19
ENSG00000198162	427	0	427
ENSG00000238198	1	0	1
ENSG00000171517	5	0	5
ENSG00000228852	2	2	0
ENSG00000203864	0	0	0
ENSG00000233482	0	0	0
ENSG00000230250	0	0	0
ENSG00000232878	0	96	0
ENSG00000143079	31	0	31
ENSG00000232450	9	0	9
ENSG00000223575	0	0	0
ENSG00000230768	0	0	0
ENSG00000235202	0	0	0
ENSG00000272715	0	0	0
ENSG00000235038	0	0	0
ENSG00000143093	526	1	525
ENSG00000226415	3	0	3
ENSG00000085491	338	2	367
ENSG00000173947	5	0	5
ENSG00000241361	0	0	0
ENSG00000230434	0	0	0
ENSG00000230718	0	0	0
ENSG00000134198	396	0	396
ENSG00000235595	0	0	0
ENSG00000226053	0	0	0
ENSG00000226128	0	0	0
ENSG00000198799	218	0	245
ENSG00000279513	0	0	0
ENSG00000117620	102	4	102
ENSG00000280186	1	0	1
ENSG00000223906	0	0	0
ENSG00000162688	201	0	201
ENSG00000197106	0	0	0
ENSG00000259946	0	0	0
ENSG00000236137	0	54	0
ENSG00000203859	0	0	0
ENSG00000228086	0	34	0
ENSG00000213421	0	0	0
ENSG00000234020	0	0	0
ENSG00000060718	0	0	0
ENSG00000236804	0	0	0
ENSG00000231072	0	0	0
ENSG00000273406	0	0	0
ENSG00000185946	222	0	222
ENSG00000162627	0	0	0
ENSG00000226715	0	17	0
ENSG00000162695	279	0	279
ENSG00000134184	0	0	1
ENSG00000265808	600	0	600
ENSG00000261290	0	0	0
ENSG00000225923	0	0	0
ENSG00000134247	25	0	25
ENSG00000187481	0	0	0
ENSG00000116752	231	2	229
ENSG00000162664	158	0	158
ENSG00000236866	0	0	0
ENSG00000134253	2	0	2
ENSG00000277655	0	0	0
ENSG00000223416	1	0	1
ENSG00000213226	0	0	0
ENSG00000179571	0	0	0
ENSG00000227850	0	0	0
ENSG00000243967	0	0	0
ENSG00000235777	0	0	0
ENSG00000260246	0	1	0
ENSG00000173218	101	0	101
ENSG00000285532	0	0	0
ENSG00000226755	0	0	0
ENSG00000232650	0	0	0
ENSG00000183508	2119	1	2118
ENSG00000277095	0	0	0
ENSG00000236806	0	0	0
ENSG00000234283	0	0	0
ENSG00000237188	0	0	0
ENSG00000232780	0	0	0
ENSG00000274927	0	0	0
ENSG00000264145	0	0	0
ENSG00000238256	0	0	0
ENSG00000198765	0	0	0
ENSG00000224335	0	0	0
ENSG00000277702	0	0	0
ENSG00000143398	523	0	523
ENSG00000196505	263	1	262
ENSG00000225871	7	25	0
ENSG00000223489	0	0	0
ENSG00000230546	0	0	0
ENSG00000213262	2	2	0
ENSG00000287015	0	0	0
ENSG00000241720	0	1	0
ENSG00000235526	0	0	0
ENSG00000228347	0	0	0
ENSG00000276975	1	0	1
ENSG00000236012	0	0	0
ENSG00000270911	0	0	0
ENSG00000272824	1	0	1
ENSG00000134200	1	1	0
ENSG00000234257	0	0	0
ENSG00000065183	326	1	358
ENSG00000227082	2	0	2
ENSG00000228626	1	1	0
ENSG00000226126	0	0	0
ENSG00000163393	261	0	261
ENSG00000163156	408	7	405
ENSG00000143631	0	0	0
ENSG00000156150	0	19	0
ENSG00000228453	0	0	0
ENSG00000274642	0	0	0
ENSG00000177551	0	0	0
ENSG00000197323	713	0	713
ENSG00000237975	0	0	0
ENSG00000261168	0	0	0
ENSG00000287980	0	0	0
ENSG00000229283	0	0	0
ENSG00000271419	0	0	0
ENSG00000226172	0	0	0
ENSG00000079335	262	0	296
ENSG00000143119	7011	6	7005
ENSG00000237278	0	27	0
ENSG00000285062	0	0	0
ENSG00000233432	0	0	0
ENSG00000227700	0	0	0
ENSG00000229911	0	0	0
ENSG00000143520	0	0	0
ENSG00000171943	53	0	53
ENSG00000270719	0	0	0
ENSG00000155761	4	32	5
ENSG00000230806	0	0	0
ENSG00000116830	167	0	167
ENSG00000234422	0	0	0
ENSG00000227056	0	0	0
ENSG00000143614	849	2	847
ENSG00000227091	0	0	0
ENSG00000169418	0	0	0
ENSG00000214204	0	0	0
ENSG00000081026	39	4	35
ENSG00000225650	0	0	0
ENSG00000227179	0	0	0
ENSG00000224965	1	0	1
ENSG00000228127	0	0	0
ENSG00000226984	0	0	0
ENSG00000186150	0	0	0
ENSG00000143554	406	2	404
ENSG00000143458	342	1	341
ENSG00000230932	0	0	0
ENSG00000073754	2	0	2
ENSG00000228826	0	0	0
ENSG00000233907	0	0	0
ENSG00000225036	0	0	0
ENSG00000228420	0	0	0
ENSG00000233839	0	0	0
ENSG00000250890	0	0	0
ENSG00000232240	0	0	0
ENSG00000280649	24	4	34
ENSG00000131781	65	12	61
ENSG00000223599	1	0	1
ENSG00000230921	0	0	0
ENSG00000286151	8	0	8
ENSG00000234388	0	0	0
ENSG00000235015	0	0	0
ENSG00000271736	48	0	48
ENSG00000235988	0	0	0
ENSG00000233717	0	0	0
ENSG00000231551	20	7	13
ENSG00000227295	3	0	3
ENSG00000163155	48	32	21
ENSG00000243613	0	34	0
ENSG00000241975	5	0	5
ENSG00000271143	0	0	0
ENSG00000270976	0	0	0
ENSG00000228217	0	0	0
ENSG00000270342	0	0	0
ENSG00000143552	1	1	0
ENSG00000175984	18	0	18
ENSG00000231100	0	0	0
ENSG00000116824	1317	9	1308
ENSG00000235887	0	0	0
ENSG00000237460	0	0	0
ENSG00000236327	0	0	0
ENSG00000223804	37	9	28
ENSG00000236887	0	0	0
ENSG00000024526	5	0	5
ENSG00000236480	1	0	1
ENSG00000235756	0	0	0
ENSG00000173810	0	0	0
ENSG00000235005	1	0	1
ENSG00000271890	0	0	0
ENSG00000238107	0	0	0
ENSG00000227425	0	0	0
ENSG00000233222	0	6	0
ENSG00000225279	1	0	1
ENSG00000229101	0	0	0
ENSG00000224927	0	0	0
ENSG00000239216	0	0	0
ENSG00000283360	0	0	0
ENSG00000117262	34	0	34
ENSG00000227907	0	0	0
ENSG00000143624	820	2	892
ENSG00000227970	0	0	0
ENSG00000261055	1	0	1
ENSG00000231613	0	0	0
ENSG00000137947	550	0	550
ENSG00000236689	0	0	0
ENSG00000233589	0	0	0
ENSG00000117586	88	0	88
ENSG00000230946	0	0	0
ENSG00000226028	0	0	0
ENSG00000162728	0	0	0
ENSG00000229021	2	0	2
ENSG00000203825	0	0	0
ENSG00000184371	191	1	190
ENSG00000233449	0	0	0
ENSG00000242943	0	0	0
ENSG00000233203	0	0	0
ENSG00000232499	0	0	0
ENSG00000232265	0	0	0
ENSG00000163154	789	4	790
ENSG00000232995	4	0	4
ENSG00000236957	0	0	0
ENSG00000238087	0	0	0
ENSG00000227777	0	0	0
ENSG00000177173	4	0	4
ENSG00000277406	18	0	18
ENSG00000238022	0	0	0
ENSG00000231671	0	0	0
ENSG00000162729	245	0	245
ENSG00000143158	193	12	295
ENSG00000271092	0	0	0
ENSG00000238118	0	0	0
ENSG00000276118	0	0	0
ENSG00000232148	0	0	0
ENSG00000278811	1	15	0
ENSG00000000460	33	103	43
ENSG00000188859	1	0	1
ENSG00000275075	0	0	0
ENSG00000135862	57	0	57
ENSG00000232952	1	0	1
ENSG00000158473	317	0	317
ENSG00000227722	0	0	0
ENSG00000285922	0	0	0
ENSG00000275801	0	0	0
ENSG00000143198	213	0	213
ENSG00000143318	8	3	5
ENSG00000232188	0	0	0
ENSG00000232212	0	0	0
ENSG00000143621	1046	11	1037
ENSG00000241042	0	0	0
ENSG00000143155	387	0	387
ENSG00000260322	0	0	0
ENSG00000223495	0	0	0
ENSG00000143156	40	2	46
ENSG00000198771	2946	20	3014
ENSG00000225462	0	0	0
ENSG00000237756	0	0	0
ENSG00000116147	1	0	1
ENSG00000213064	846	1	914
ENSG00000203307	0	0	0
ENSG00000143179	91	0	116
ENSG00000271187	0	0	0
ENSG00000274562	0	0	0
ENSG00000143315	159	0	159
ENSG00000116199	464	0	464
ENSG00000231175	0	0	0
ENSG00000143185	49	0	49
ENSG00000235145	0	0	0
ENSG00000116260	592	3	589
ENSG00000272931	5	0	5
ENSG00000143190	276	0	316
ENSG00000225475	0	0	0
ENSG00000230898	0	0	0
ENSG00000232223	0	0	0
ENSG00000224698	0	0	0
ENSG00000287697	0	4	1
ENSG00000075945	219	1	245
ENSG00000235303	0	0	0
ENSG00000234810	1	0	1
ENSG00000232750	0	0	0
ENSG00000224468	0	0	0
ENSG00000235628	0	0	0
ENSG00000232551	0	0	0
ENSG00000092607	0	0	0
ENSG00000238270	0	0	0
ENSG00000285894	0	0	0
ENSG00000236025	0	0	0
ENSG00000230687	0	0	0
ENSG00000230704	0	0	0
ENSG00000283255	0	0	0
ENSG00000227741	1	57	1
ENSG00000237049	0	0	0
ENSG00000286754	0	0	0
ENSG00000232751	0	0	0
ENSG00000236364	0	24	0
ENSG00000117091	1035	4	2859
ENSG00000235378	0	0	0
ENSG00000143171	0	0	0
ENSG00000275767	0	0	0
ENSG00000224718	0	0	0
ENSG00000047410	2367	8	2476
ENSG00000231992	0	0	0
ENSG00000018625	0	0	0
ENSG00000171806	73	1	86
ENSG00000287919	1	0	1
ENSG00000229914	0	0	0
ENSG00000233882	0	0	0
ENSG00000198358	0	0	0
ENSG00000229407	0	0	0
ENSG00000134216	0	0	0
ENSG00000230748	0	0	0
ENSG00000254154	0	0	0
ENSG00000162694	22	0	23
ENSG00000238108	0	0	0
ENSG00000214262	0	69	0
ENSG00000183853	0	0	0
ENSG00000215835	3	0	3
ENSG00000118197	288	0	290
ENSG00000135842	5587	15	5572
ENSG00000229258	0	0	0
ENSG00000287472	0	0	0
ENSG00000241318	0	0	0
ENSG00000228238	0	0	0
ENSG00000232393	0	0	0
ENSG00000121454	12	32	1
ENSG00000184155	0	0	0
ENSG00000058085	0	0	0
ENSG00000260088	0	2	0
ENSG00000287978	41	0	41
ENSG00000116815	275	0	275
ENSG00000232917	0	0	0
ENSG00000233057	6	0	6
ENSG00000237131	0	0	0
ENSG00000233946	0	0	0
ENSG00000143167	94	1	93
ENSG00000143184	56	1	55
ENSG00000231966	1	0	1
ENSG00000176320	1	0	1
ENSG00000260976	0	0	0
ENSG00000235215	0	0	0
ENSG00000223450	0	0	0
ENSG00000224691	0	0	0
ENSG00000286572	0	0	0
ENSG00000235101	1	0	1
ENSG00000228215	0	0	0
ENSG00000177807	1	1	0
ENSG00000233626	0	0	0
ENSG00000233691	0	0	0
ENSG00000283518	0	0	0
ENSG00000271527	0	0	0
ENSG00000143228	18	0	18
ENSG00000235827	0	0	0
ENSG00000231615	0	0	0
ENSG00000231714	0	0	0
ENSG00000174514	10	0	16
ENSG00000143178	39	0	39
ENSG00000224837	0	0	0
ENSG00000116833	0	0	0
ENSG00000227740	2	0	2
ENSG00000260990	0	0	0
ENSG00000000457	203	17	285
ENSG00000143507	77	0	77
ENSG00000285638	0	0	0
ENSG00000226520	0	0	0
ENSG00000284592	0	0	0
ENSG00000230987	0	0	0
ENSG00000232527	0	0	0
ENSG00000215833	0	0	0
ENSG00000228167	0	0	0
ENSG00000225325	0	0	0
ENSG00000223344	0	0	0
ENSG00000228191	0	0	0
ENSG00000229961	29	0	29
ENSG00000150732	0	0	0
ENSG00000157064	0	0	0
ENSG00000288139	0	0	0
ENSG00000226015	12	1	11
ENSG00000215808	0	0	0
ENSG00000059588	269	0	269
ENSG00000231512	0	0	0
ENSG00000237379	0	0	0
ENSG00000232959	0	27	0
ENSG00000122224	477	8	469
ENSG00000162782	0	0	0
ENSG00000238051	0	0	0
ENSG00000233196	0	0	0
ENSG00000229220	0	0	0
ENSG00000143653	148	1	147
ENSG00000135837	1074	1	1073
ENSG00000158711	840	7	839
ENSG00000227747	0	0	0
ENSG00000228081	0	0	0
ENSG00000228020	0	0	0
ENSG00000234975	11	0	11
ENSG00000162851	111	0	111
ENSG00000271427	0	0	0
ENSG00000261817	0	0	0
ENSG00000143353	99	0	123
ENSG00000197965	883	4	879
ENSG00000143493	166	0	166
ENSG00000230777	0	0	0
ENSG00000179397	3	0	3
ENSG00000224540	0	0	0
ENSG00000117592	2747	1	2746
ENSG00000186197	2	0	2
ENSG00000229067	0	0	0
ENSG00000230231	0	0	0
ENSG00000227711	0	0	0
ENSG00000261182	0	0	0
ENSG00000228879	0	0	0
ENSG00000227925	0	0	0
ENSG00000162670	0	0	0
ENSG00000225712	0	0	0
ENSG00000162761	0	0	0
ENSG00000143199	5	0	5
ENSG00000179930	0	0	0
ENSG00000007908	0	0	0
ENSG00000092978	89	0	89
ENSG00000143499	180	0	180
ENSG00000188404	19438	21	19417
ENSG00000227735	0	0	0
ENSG00000243062	0	0	0
ENSG00000143196	0	0	0
ENSG00000228504	0	0	0
ENSG00000274702	0	0	0
ENSG00000226211	0	0	0
ENSG00000236942	0	0	0
ENSG00000287205	0	0	0
ENSG00000203697	0	0	0
ENSG00000116574	238	0	238
ENSG00000287929	0	0	0
ENSG00000186283	335	2	333
ENSG00000224896	0	0	0
ENSG00000226292	0	0	0
ENSG00000121481	181	1	180
ENSG00000227940	0	0	0
ENSG00000117139	595	3	592
ENSG00000143248	1	0	1
ENSG00000278455	0	0	0
ENSG00000224810	0	0	0
ENSG00000162814	0	0	0
ENSG00000225172	0	0	0
ENSG00000261642	0	0	0
ENSG00000228239	0	0	0
ENSG00000237283	0	0	0
ENSG00000116132	0	0	0
ENSG00000238042	5	0	5
ENSG00000271475	0	0	0
ENSG00000231877	0	0	0
ENSG00000116679	2156	4	2152
ENSG00000228536	0	0	0
ENSG00000230550	0	0	0
ENSG00000229242	0	0	0
ENSG00000253326	0	0	0
ENSG00000228470	0	0	0
ENSG00000152092	0	0	0
ENSG00000234984	0	0	0
ENSG00000231648	0	0	0
ENSG00000229983	0	0	0
ENSG00000215149	0	0	0
ENSG00000225122	0	0	0
ENSG00000225920	1	1	0
ENSG00000143476	20	0	20
ENSG00000121486	306	3	303
ENSG00000228437	0	0	0
ENSG00000214837	4	0	4
ENSG00000057252	770	0	770
ENSG00000225982	0	0	0
ENSG00000285718	0	0	0
ENSG00000234070	0	0	0
ENSG00000233620	0	0	0
ENSG00000237783	0	0	0
ENSG00000272906	5	4	14
ENSG00000233018	0	0	0
ENSG00000123685	29	1	28
ENSG00000224783	0	0	0
ENSG00000162852	604	0	604
ENSG00000232792	0	0	0
ENSG00000273004	3	0	3
ENSG00000143842	67	0	67
ENSG00000268062	3	3	0
ENSG00000237409	0	0	0
ENSG00000116962	242	1	241
ENSG00000288078	0	0	0
ENSG00000271399	0	0	0
ENSG00000229757	1	1	0
ENSG00000232679	0	0	0
ENSG00000159388	2655	5	2650
ENSG00000220749	12	0	12
ENSG00000181450	45	0	45
ENSG00000223519	9	2	30
ENSG00000120333	196	2	202
ENSG00000286285	7	0	7
ENSG00000225300	0	0	0
ENSG00000223842	1	1	0
ENSG00000162753	0	0	0
ENSG00000228247	0	0	0
ENSG00000231424	0	0	0
ENSG00000143355	0	0	0
ENSG00000287177	0	0	0
ENSG00000237193	0	0	0
ENSG00000223490	0	0	0
ENSG00000121644	274	0	274
ENSG00000174502	0	0	0
ENSG00000224286	0	0	0
ENSG00000158715	85	0	85
ENSG00000143195	8	0	8
ENSG00000162849	4	0	4
ENSG00000232824	0	0	0
ENSG00000273416	2	1	1
ENSG00000234142	1	0	1
ENSG00000282111	0	0	0
ENSG00000233410	0	0	0
ENSG00000067533	118	1	117
ENSG00000228955	0	0	0
ENSG00000270443	0	0	0
ENSG00000116209	1885	2	1883
ENSG00000224702	0	0	0
ENSG00000271811	0	0	0
ENSG00000224278	0	0	0
ENSG00000235492	0	0	0
ENSG00000287808	1	66	1
ENSG00000271588	0	0	0
ENSG00000229840	0	0	0
ENSG00000116161	472	15	470
ENSG00000226486	0	0	0
ENSG00000227687	0	0	0
ENSG00000231814	0	0	0
ENSG00000286210	0	0	0
ENSG00000287364	0	0	0
ENSG00000225063	0	0	0
ENSG00000260698	4	0	4
ENSG00000277007	2	0	2
ENSG00000229016	0	0	0
ENSG00000077157	782	2	792
ENSG00000152104	2	1	1
ENSG00000236975	0	0	0
ENSG00000215834	0	0	0
ENSG00000286541	0	0	0
ENSG00000117650	9	0	9
ENSG00000235021	0	0	0
ENSG00000203724	1	0	1
ENSG00000225006	0	0	0
ENSG00000287633	0	0	0
ENSG00000158764	0	0	0
ENSG00000223375	0	0	0
ENSG00000230714	0	0	0
ENSG00000261065	0	1	0
ENSG00000260855	3	0	3
ENSG00000188783	0	0	0
ENSG00000236206	1	0	1
ENSG00000168118	265	0	267
ENSG00000181101	0	0	0
ENSG00000173726	872	0	872
ENSG00000282852	0	0	0
ENSG00000152382	98	3	95
ENSG00000143839	0	0	0
ENSG00000232100	0	0	0
ENSG00000261024	0	0	0
ENSG00000230547	0	0	0
ENSG00000229703	0	0	0
ENSG00000176754	0	0	0
ENSG00000232309	0	0	0
ENSG00000227953	0	21	2
ENSG00000232215	0	0	0
ENSG00000135829	2170	1	2235
ENSG00000228289	0	0	0
ENSG00000134717	358	0	358
ENSG00000232989	0	0	0
ENSG00000233537	0	0	0
ENSG00000116668	95	5	90
ENSG00000143756	283	0	283
ENSG00000278180	0	0	0
ENSG00000143702	301	0	351
ENSG00000232341	0	0	0
ENSG00000287676	0	0	0
ENSG00000236792	0	0	0
ENSG00000143207	1081	1	1080
ENSG00000270859	0	0	0
ENSG00000238224	0	0	0
ENSG00000286775	0	0	0
ENSG00000122176	0	0	0
ENSG00000229120	0	0	0
ENSG00000237492	0	0	0
ENSG00000230404	0	0	0
ENSG00000213036	0	0	0
ENSG00000227230	0	30	0
ENSG00000236230	0	0	0
ENSG00000026751	840	5	835
ENSG00000150681	1541	3	2022
ENSG00000116906	388	0	388
ENSG00000092969	1	0	1
ENSG00000157181	160	0	161
ENSG00000250762	1	1	0
ENSG00000236720	0	0	0
ENSG00000227421	1	0	1
ENSG00000227240	1	0	1
ENSG00000076258	29	0	29
ENSG00000286073	0	0	0
ENSG00000231084	1	1	0
ENSG00000232085	0	20	0
ENSG00000117697	317	2	315
ENSG00000279333	0	0	1
ENSG00000235083	0	0	0
ENSG00000162669	0	0	0
ENSG00000197067	0	0	0
ENSG00000229652	0	0	0
ENSG00000132681	7	0	7
ENSG00000225904	0	0	0
ENSG00000270920	0	0	0
ENSG00000281664	0	0	0
ENSG00000143641	433	1	645
ENSG00000227630	4	0	4
ENSG00000228830	0	464	0
ENSG00000010932	0	0	0
ENSG00000282849	0	0	0
ENSG00000276520	0	0	0
ENSG00000226640	0	0	0
ENSG00000010072	101	48	98
ENSG00000135766	151	3	148
ENSG00000232626	4	0	4
ENSG00000232096	0	0	0
ENSG00000279261	0	0	0
ENSG00000213051	1	0	1
ENSG00000238054	0	0	0
ENSG00000163534	158	1	157
ENSG00000168243	0	0	0
ENSG00000281453	0	0	0
ENSG00000237469	0	0	0
ENSG00000224939	0	0	0
ENSG00000227613	0	0	0
ENSG00000116183	0	0	0
ENSG00000270106	0	0	0
ENSG00000232194	1	0	1
ENSG00000235152	0	0	0
ENSG00000231612	3	0	3
ENSG00000237980	3	0	3
ENSG00000271036	0	0	0
ENSG00000230849	0	0	0
ENSG00000170382	58	62	0
ENSG00000228664	0	0	0
ENSG00000226868	0	0	0
ENSG00000279401	0	0	0
ENSG00000272362	0	0	0
ENSG00000287450	0	0	0
ENSG00000237011	0	0	0
ENSG00000233583	0	0	0
ENSG00000066027	1530	7	1523
ENSG00000286263	1	0	1
ENSG00000227006	0	0	0
ENSG00000236372	0	0	0
ENSG00000224525	0	0	0
ENSG00000188770	0	0	0
ENSG00000173728	2	2	0
ENSG00000094975	325	0	325
ENSG00000225811	0	0	0
ENSG00000273093	0	0	0
ENSG00000162772	32	1	31
ENSG00000227818	0	0	0
ENSG00000135828	713	0	713
ENSG00000224227	0	0	0
ENSG00000286398	0	0	0
ENSG00000076356	65	0	65
ENSG00000215819	0	0	0
ENSG00000185523	0	0	1
ENSG00000236108	0	0	0
ENSG00000116711	83	0	83
ENSG00000231684	0	0	0
ENSG00000226750	0	0	0
ENSG00000285665	6	0	6
ENSG00000231022	0	0	0
ENSG00000224436	0	0	0
ENSG00000228208	0	0	0
ENSG00000273384	0	0	0
ENSG00000238061	0	0	0
ENSG00000234915	1	0	1
ENSG00000143845	4	0	5
ENSG00000235862	0	0	0
ENSG00000069812	0	0	0
ENSG00000227585	0	0	0
ENSG00000157060	0	0	0
ENSG00000237213	0	0	0
ENSG00000236439	13	0	13
ENSG00000224260	0	0	0
ENSG00000213045	0	0	0
ENSG00000287220	0	0	0
ENSG00000230063	0	0	0
ENSG00000235467	0	0	0
ENSG00000123684	1873	2	1871
ENSG00000117707	0	0	0
ENSG00000228044	0	0	0
ENSG00000225338	1	1	0
ENSG00000224407	0	213	0
ENSG00000232463	0	0	0
ENSG00000237457	0	0	0
ENSG00000225171	0	0	0
ENSG00000226843	0	0	0
ENSG00000235386	0	0	0
ENSG00000123836	190	48	190
ENSG00000213690	0	0	0
ENSG00000223982	0	0	0
ENSG00000229832	0	0	0
ENSG00000117691	131	1	130
ENSG00000225233	0	0	0
ENSG00000274895	0	0	0
ENSG00000237514	0	0	0
ENSG00000287856	1	0	1
ENSG00000228067	0	0	0
ENSG00000284299	0	0	0
ENSG00000226375	0	0	0
ENSG00000203705	147	0	147
ENSG00000224040	0	0	0
ENSG00000228686	15	15	0
ENSG00000279838	16	0	16
ENSG00000174175	126	0	126
ENSG00000236401	0	0	0
ENSG00000241475	0	0	0
ENSG00000215800	0	0	0
ENSG00000286421	0	0	0
ENSG00000270936	0	0	0
ENSG00000008118	0	0	0
ENSG00000171161	472	4	468
ENSG00000241505	0	0	0
ENSG00000224535	0	0	0
ENSG00000282097	0	0	0
ENSG00000261453	0	0	0
ENSG00000231020	0	0	0
ENSG00000270818	0	0	0
ENSG00000196878	8	0	8
ENSG00000133059	332	0	332
ENSG00000225561	0	0	0
ENSG00000224668	0	0	0
ENSG00000242529	0	0	0
ENSG00000074964	277	1	276
ENSG00000223847	0	0	0
ENSG00000277704	0	0	0
ENSG00000116918	249	15	249
ENSG00000274020	59	1	80
ENSG00000287445	5	0	5
ENSG00000259815	0	0	0
ENSG00000240963	0	0	0
ENSG00000226570	0	0	0
ENSG00000198929	0	0	0
ENSG00000272167	0	0	0
ENSG00000230628	0	0	0
ENSG00000162771	0	0	0
ENSG00000227579	0	0	0
ENSG00000176393	653	2	999
ENSG00000174606	255	1	255
ENSG00000179914	66	0	66
ENSG00000235750	2969	3	2966
ENSG00000284376	0	0	0
ENSG00000121446	0	0	0
ENSG00000226758	0	0	0
ENSG00000230199	1	0	1
ENSG00000236905	0	1	0
ENSG00000233304	0	0	0
ENSG00000288007	0	0	0
ENSG00000227887	0	0	0
ENSG00000116903	309	0	354
ENSG00000228255	0	0	0
ENSG00000226196	0	0	0
ENSG00000287354	0	0	0
ENSG00000233827	0	0	0
ENSG00000198797	0	0	0
ENSG00000271746	0	0	0
ENSG00000234233	0	0	0
ENSG00000151414	846	0	846
ENSG00000177614	2	0	2
ENSG00000223794	0	0	0
ENSG00000235182	0	1	0
ENSG00000213041	0	0	0
ENSG00000287157	0	0	0
ENSG00000233920	0	0	0
ENSG00000183831	0	0	0
ENSG00000225755	0	0	0
ENSG00000143858	26	38	0
ENSG00000197472	0	0	0
ENSG00000230184	0	0	0
ENSG00000234004	0	0	0
ENSG00000232436	0	0	0
ENSG00000231718	0	0	0
ENSG00000283952	0	0	0
ENSG00000230019	0	0	0
ENSG00000136643	203	0	203
ENSG00000232537	0	0	0
ENSG00000226036	0	0	0
ENSG00000285521	0	0	0
ENSG00000236317	0	0	0
ENSG00000176855	0	0	0
ENSG00000227728	0	0	0
ENSG00000133069	353	2	351
ENSG00000162877	14	0	14
ENSG00000233461	36	0	36
ENSG00000225401	1	0	1
ENSG00000228190	0	0	0
ENSG00000135747	0	0	0
ENSG00000227237	0	0	0
ENSG00000069248	446	0	446
ENSG00000232812	0	0	0
ENSG00000231666	0	0	0
ENSG00000226986	0	0	0
ENSG00000242042	0	0	0
ENSG00000234464	0	0	0
ENSG00000253148	0	0	0
ENSG00000227751	0	188	0
ENSG00000090104	17	0	17
ENSG00000285280	3	487	0
ENSG00000232892	0	0	0
ENSG00000236950	0	0	0
ENSG00000236468	0	0	0
ENSG00000143322	201	0	201
ENSG00000185220	87	0	87
ENSG00000226003	1	0	1
ENSG00000230813	0	0	0
ENSG00000226862	4	0	4
ENSG00000236101	0	0	0
ENSG00000162769	126	0	126
ENSG00000133065	198	1	197
ENSG00000278684	0	0	0
ENSG00000236775	0	0	0
ENSG00000042781	0	0	0
ENSG00000234754	0	0	0
ENSG00000233084	2	0	2
ENSG00000227815	0	0	0
ENSG00000287046	0	0	0
ENSG00000223774	0	0	0
ENSG00000228863	3	1828	3
ENSG00000228646	0	0	0
ENSG00000229112	0	0	0
ENSG00000233332	0	0	0
ENSG00000231984	0	0	0
ENSG00000286213	0	0	0
ENSG00000226876	0	0	0
ENSG00000277462	20	0	20
ENSG00000225591	0	0	0
ENSG00000035687	564	2	562
ENSG00000213080	2	0	2
ENSG00000180287	0	0	0
ENSG00000226693	0	0	0
ENSG00000234678	16	362	2
ENSG00000231272	0	0	0
ENSG00000223828	1	1	0
ENSG00000163431	3	0	3
ENSG00000230124	167	1	187
ENSG00000226723	0	0	0
ENSG00000272672	1	0	1
ENSG00000143473	0	1	0
ENSG00000228982	0	0	0
ENSG00000235096	0	0	0
ENSG00000237250	0	0	0
ENSG00000007341	22	26	40
ENSG00000286747	0	0	0
ENSG00000236069	0	0	0
ENSG00000236244	0	0	0
ENSG00000272865	0	0	0
ENSG00000117222	427	0	427
ENSG00000143324	252	0	252
ENSG00000229871	0	0	0
ENSG00000225222	0	0	0
ENSG00000118193	10	0	10
ENSG00000234116	0	0	0
ENSG00000231940	0	0	0
ENSG00000198842	0	0	0
ENSG00000286619	0	0	0
ENSG00000198756	32	0	32
ENSG00000259823	2	2	0
ENSG00000271558	0	0	0
ENSG00000227554	0	0	0
ENSG00000178596	0	0	0
ENSG00000135749	118	8	124
ENSG00000143786	16	3	19
ENSG00000224584	0	0	0
ENSG00000054282	152	6	161
ENSG00000183780	3	0	3
ENSG00000229663	1	1	0
ENSG00000162702	566	1	565
ENSG00000251508	0	0	0
ENSG00000238272	0	0	0
ENSG00000228530	0	0	0
ENSG00000235060	0	0	0
ENSG00000143194	2	0	2
ENSG00000229531	1	1	0
ENSG00000271329	0	0	0
ENSG00000054267	1094	7	1087
ENSG00000261831	0	0	0
ENSG00000287921	0	0	0
ENSG00000177800	0	0	0
ENSG00000225620	0	0	0
ENSG00000232166	0	0	0
ENSG00000175137	843	3	840
ENSG00000134245	6	27	4
ENSG00000234041	0	0	0
ENSG00000227373	5	0	5
ENSG00000231905	0	0	0
ENSG00000228175	0	0	0
ENSG00000069275	1325	3	1323
ENSG00000143674	34	0	34
ENSG00000237317	0	0	0
ENSG00000187889	0	0	0
ENSG00000134375	275	1	274
ENSG00000097046	58	0	58
ENSG00000232113	0	0	0
ENSG00000282718	0	0	0
ENSG00000231378	0	0	0
ENSG00000235605	0	0	0
ENSG00000223525	0	0	0
ENSG00000224857	0	0	0
ENSG00000273367	0	0	0
ENSG00000230604	0	0	0
ENSG00000231605	0	0	0
ENSG00000236358	1	0	1
ENSG00000203737	2	0	2
ENSG00000238003	0	0	0
ENSG00000215873	0	0	0
ENSG00000287008	0	0	0
ENSG00000185420	59	0	59
ENSG00000076321	140	0	140
ENSG00000272175	0	0	0
ENSG00000231564	0	0	0
ENSG00000135778	112	8	118
ENSG00000213070	0	0	0
ENSG00000282265	0	0	0
ENSG00000250536	0	0	0
ENSG00000229747	0	0	0
ENSG00000117280	723	0	723
ENSG00000233985	0	0	0
ENSG00000232175	0	0	0
ENSG00000287423	0	0	0
ENSG00000286774	0	0	0
ENSG00000236719	0	0	0
ENSG00000136636	56	0	56
ENSG00000225486	0	0	0
ENSG00000227043	0	0	0
ENSG00000163874	226	1	225
ENSG00000285777	0	0	0
ENSG00000237249	0	0	0
ENSG00000286109	0	0	0
ENSG00000213068	0	0	0
ENSG00000054392	26	0	26
ENSG00000227994	0	0	0
ENSG00000286552	0	0	0
ENSG00000225711	0	0	0
ENSG00000122223	407	5	402
ENSG00000235869	0	0	0
ENSG00000188739	8	0	8
ENSG00000286666	0	0	0
ENSG00000135750	2	0	2
ENSG00000273198	0	0	0
ENSG00000203730	1	1	0
ENSG00000225719	0	0	0
ENSG00000273483	0	0	0
ENSG00000287987	0	0	0
ENSG00000203729	0	0	0
ENSG00000232809	0	0	0
ENSG00000284623	0	0	0
ENSG00000285981	0	0	0
ENSG00000261729	1	0	1
ENSG00000223869	0	0	0
ENSG00000229228	0	0	0
ENSG00000215796	0	0	0
ENSG00000185221	0	0	0
ENSG00000233047	0	0	0
ENSG00000143341	0	0	0
ENSG00000228309	0	0	0
ENSG00000229739	6	0	6
ENSG00000116703	0	0	0
ENSG00000273874	0	0	0
ENSG00000278791	0	2	0
ENSG00000278757	0	0	0
ENSG00000264341	0	0	0
ENSG00000264101	0	0	0
ENSG00000265141	0	0	0
ENSG00000221083	0	0	0
ENSG00000252404	0	0	0
ENSG00000222511	0	0	0
ENSG00000265392	0	0	0
ENSG00000243267	0	0	0
ENSG00000201725	0	0	0
ENSG00000274258	0	0	0
ENSG00000239149	2	0	2
ENSG00000252151	0	0	0
ENSG00000252969	0	0	0
ENSG00000252417	0	0	0
ENSG00000200975	0	0	0
ENSG00000201609	0	0	0
ENSG00000238482	0	0	0
ENSG00000252956	0	0	0
ENSG00000265606	0	0	0
ENSG00000284357	0	0	0
ENSG00000278034	0	0	0
ENSG00000207237	0	0	0
ENSG00000222784	0	0	0
ENSG00000266210	0	0	0
ENSG00000265961	0	0	0
ENSG00000251866	0	0	0
ENSG00000252691	0	0	0
ENSG00000264371	0	0	0
ENSG00000253005	1	0	1
ENSG00000238316	0	0	0
ENSG00000207941	0	0	0
ENSG00000264773	4	0	4
ENSG00000252448	0	0	0
ENSG00000200421	0	0	0
ENSG00000222282	0	0	0
ENSG00000199963	0	0	0
ENSG00000264698	0	0	0
ENSG00000207328	0	0	0
ENSG00000207466	0	0	0
ENSG00000252368	0	0	0
ENSG00000206779	0	0	0
ENSG00000265596	0	0	0
ENSG00000212541	0	0	0
ENSG00000200796	0	0	0
ENSG00000252190	0	0	0
ENSG00000264613	0	0	0
ENSG00000199240	0	0	0
ENSG00000277168	0	0	0
ENSG00000283724	0	0	0
ENSG00000284410	0	0	0
ENSG00000252018	0	0	0
ENSG00000206627	0	0	0
ENSG00000283414	0	0	0
ENSG00000207508	0	0	0
ENSG00000200171	0	0	0
ENSG00000207194	0	0	0
ENSG00000283477	0	0	0
ENSG00000264834	0	0	0
ENSG00000263675	0	0	0
ENSG00000266188	0	0	0
ENSG00000206981	0	0	0
ENSG00000200174	0	0	0
ENSG00000265822	0	0	0
ENSG00000265815	0	0	0
ENSG00000238653	0	0	0
ENSG00000212624	0	0	0
ENSG00000200575	0	0	0
ENSG00000212360	0	0	0
ENSG00000242860	0	0	0
ENSG00000263908	0	0	0
ENSG00000283690	0	0	0
ENSG00000199921	0	0	0
ENSG00000251825	0	0	0
ENSG00000201153	0	0	0
ENSG00000222624	0	0	0
ENSG00000223152	0	0	0
ENSG00000212308	0	0	0
ENSG00000279049	0	8	0
ENSG00000276081	0	0	0
ENSG00000239640	0	0	0
ENSG00000252338	0	0	0
ENSG00000251785	0	0	0
ENSG00000239319	0	0	0
ENSG00000222849	0	0	0
ENSG00000283749	0	0	0
ENSG00000251958	0	0	0
ENSG00000251767	0	0	0
ENSG00000243437	0	0	0
ENSG00000202263	0	0	0
ENSG00000199318	0	0	0
ENSG00000199666	0	0	0
ENSG00000200601	0	0	0
ENSG00000242482	0	0	0
ENSG00000212366	0	0	0
ENSG00000201620	0	0	0
ENSG00000206817	0	0	0
ENSG00000284247	0	0	0
ENSG00000200839	0	0	0
ENSG00000264963	0	0	0
ENSG00000264271	0	0	0
ENSG00000239504	0	0	0
ENSG00000284202	0	0	0
ENSG00000251720	0	0	0
ENSG00000274321	0	0	0
ENSG00000198974	1	0	1
ENSG00000212248	0	0	0
ENSG00000207962	0	0	0
ENSG00000276884	0	0	0
ENSG00000207234	0	0	0
ENSG00000202259	0	0	0
ENSG00000212459	0	0	0
ENSG00000278287	0	0	0
ENSG00000277565	0	0	0
ENSG00000263526	0	0	0
ENSG00000211575	0	0	0
ENSG00000275823	0	0	0
ENSG00000277689	0	0	0
ENSG00000274199	0	0	0
ENSG00000202254	0	0	0
ENSG00000244256	0	0	0
ENSG00000201491	0	0	0
ENSG00000199831	0	0	0
ENSG00000275455	0	0	0
ENSG00000252162	0	0	0
ENSG00000272051	0	0	0
ENSG00000283899	0	0	0
ENSG00000200800	0	0	0
ENSG00000207502	0	0	0
ENSG00000252530	0	0	0
ENSG00000200536	0	0	0
ENSG00000211543	0	0	0
ENSG00000252797	0	0	0
ENSG00000212266	0	0	0
ENSG00000222209	0	0	0
ENSG00000277141	0	0	0
ENSG00000215930	0	0	0
ENSG00000238761	0	0	0
ENSG00000201114	0	0	0
ENSG00000206679	0	0	0
ENSG00000264419	0	0	0
ENSG00000222069	0	0	0
ENSG00000274428	1	1	0
ENSG00000199879	0	0	0
ENSG00000274408	0	0	0
ENSG00000283676	0	0	0
ENSG00000252005	0	0	0
ENSG00000252510	0	0	0
ENSG00000207340	1	0	1
ENSG00000252830	0	0	0
ENSG00000274450	0	0	0
ENSG00000252135	0	0	0
ENSG00000278596	0	0	0
ENSG00000238825	0	0	0
ENSG00000201183	1	1	0
ENSG00000202408	0	0	0
ENSG00000252744	0	0	0
ENSG00000273768	1	1	0
ENSG00000242565	0	0	0
ENSG00000239984	0	0	0
ENSG00000283296	0	0	0
ENSG00000252717	0	0	0
ENSG00000194297	0	0	0
ENSG00000199565	0	0	0
ENSG00000277313	0	0	0
ENSG00000274940	0	0	0
ENSG00000207341	0	0	0
ENSG00000207472	0	0	0
ENSG00000206880	0	0	0
ENSG00000252552	1	1	0
ENSG00000199849	0	0	0
ENSG00000252407	0	0	0
ENSG00000212538	0	0	0
ENSG00000251813	0	0	0
ENSG00000207108	0	0	0
ENSG00000201312	0	0	0
ENSG00000207039	0	0	0
ENSG00000202491	0	0	0
ENSG00000201596	0	0	0
ENSG00000276839	0	0	0
ENSG00000207974	0	0	0
ENSG00000273629	0	0	0
ENSG00000201493	0	0	0
ENSG00000215952	0	0	0
ENSG00000200139	0	0	0
ENSG00000283575	0	0	0
ENSG00000238765	0	0	0
ENSG00000264916	0	0	0
ENSG00000212338	0	0	0
ENSG00000206659	0	0	0
ENSG00000253025	0	0	0
ENSG00000201619	0	0	0
ENSG00000201544	1	0	1
ENSG00000202498	0	0	0
ENSG00000221545	0	0	0
ENSG00000252906	0	0	0
ENSG00000206692	0	0	0
ENSG00000202329	0	0	0
ENSG00000242794	0	0	0
ENSG00000212144	0	0	0
ENSG00000283340	0	0	0
ENSG00000252860	0	0	0
ENSG00000252501	0	0	0
ENSG00000263390	0	0	0
ENSG00000207181	0	0	0
ENSG00000265744	0	0	0
ENSG00000264377	0	0	0
ENSG00000207149	0	0	0
ENSG00000283936	0	0	0
ENSG00000284485	0	0	0
ENSG00000201638	0	0	0
ENSG00000275213	0	0	0
ENSG00000239494	1	0	1
ENSG00000212230	0	0	0
ENSG00000252371	0	0	0
ENSG00000199442	0	0	0
ENSG00000200033	0	0	0
ENSG00000239690	0	0	0
ENSG00000202184	0	0	0
ENSG00000241395	0	0	0
ENSG00000200982	0	0	0
ENSG00000275207	0	0	0
ENSG00000202300	0	0	0
ENSG00000222407	0	0	0
ENSG00000222986	0	0	0
ENSG00000265435	0	0	0
ENSG00000272262	0	0	0
ENSG00000200495	0	0	0
ENSG00000202609	0	0	0
ENSG00000252553	0	0	0
ENSG00000206764	0	0	0
ENSG00000222240	0	0	0
ENSG00000212187	0	0	0
ENSG00000206637	0	0	0
ENSG00000253097	0	0	0
ENSG00000200036	0	0	0
ENSG00000201421	0	0	0
ENSG00000212610	0	0	0
ENSG00000252484	0	0	0
ENSG00000201944	0	0	0
ENSG00000200327	0	0	0
ENSG00000206905	0	0	0
ENSG00000200972	0	0	0
ENSG00000243051	0	0	0
ENSG00000252011	0	0	0
ENSG00000207326	0	0	0
ENSG00000212205	0	0	0
ENSG00000253042	1	1	0
ENSG00000274121	0	0	0
ENSG00000264358	0	0	0
ENSG00000206640	0	0	0
ENSG00000212527	0	0	0
ENSG00000252879	0	0	0
ENSG00000252612	1	0	1
ENSG00000202264	0	0	0
ENSG00000285609	0	0	0
ENSG00000206762	0	0	0
ENSG00000252084	0	0	0
ENSG00000200085	0	0	0
ENSG00000264500	2	2	0
ENSG00000202025	0	0	0
ENSG00000225545	0	0	0
ENSG00000206990	0	0	0
ENSG00000230175	0	0	0
ENSG00000225272	0	0	0
ENSG00000215838	1	2	1
ENSG00000273365	0	0	0
ENSG00000224358	2	0	2
ENSG00000230659	0	0	0
ENSG00000162545	17	0	17
ENSG00000090432	290	0	290
ENSG00000215520	0	0	0
ENSG00000183114	0	0	0
ENSG00000158825	1083	0	1083
ENSG00000158828	408	34	1437
ENSG00000284005	0	0	0
ENSG00000117242	28	1036	55
ENSG00000234473	1	0	1
ENSG00000238754	0	0	0
ENSG00000134371	343	4	343
ENSG00000221680	0	0	0
ENSG00000162630	47	1	50
ENSG00000276735	0	0	0
ENSG00000232077	1	0	1
ENSG00000229639	0	0	0
ENSG00000287453	0	0	0
ENSG00000270615	0	0	0
ENSG00000287283	0	0	0
ENSG00000240692	0	0	0
ENSG00000229359	0	0	0
ENSG00000237919	0	0	0
ENSG00000066557	94	1	93
ENSG00000244389	0	0	0
ENSG00000228988	0	0	0
ENSG00000118454	181	2	179
ENSG00000226088	0	0	0
ENSG00000116761	10	0	10
ENSG00000278636	0	0	0
ENSG00000271992	0	0	0
ENSG00000233020	0	0	0
ENSG00000237033	0	0	0
ENSG00000226208	0	0	0
ENSG00000007968	283	0	283
ENSG00000235052	1	0	1
ENSG00000117318	138	0	138
ENSG00000285802	6	0	6
ENSG00000229239	0	0	0
ENSG00000142676	12530	33	12497
ENSG00000057757	418	0	418
ENSG00000011009	623	3	620
ENSG00000117308	66	0	66
ENSG00000273844	0	0	0
ENSG00000235748	0	0	0
ENSG00000237861	0	0	0
ENSG00000221879	0	0	0
ENSG00000230260	0	0	0
ENSG00000199241	0	0	0
ENSG00000226919	0	0	0
ENSG00000223963	0	0	0
ENSG00000215802	0	0	0
ENSG00000233615	0	0	0
ENSG00000238085	0	0	0
ENSG00000265831	0	0	0
ENSG00000224348	0	0	0
ENSG00000286496	0	0	0
ENSG00000287516	0	0	0
ENSG00000287738	0	0	0
ENSG00000132703	0	0	0
ENSG00000276632	0	0	0
ENSG00000223603	0	0	0
ENSG00000132693	0	0	0
ENSG00000235226	0	0	0
ENSG00000158716	99	1	98
ENSG00000181036	198	2	196
ENSG00000158714	12	13	47
ENSG00000212161	0	0	0
ENSG00000243284	0	0	0
ENSG00000272668	19	9	11
ENSG00000213085	47	1	46
ENSG00000266458	0	0	0
ENSG00000287040	3	3	0
ENSG00000279430	2	0	2
ENSG00000162723	1	0	1
ENSG00000273933	0	0	0
ENSG00000256029	2	15	6
ENSG00000188004	0	0	0
ENSG00000266580	0	0	0
ENSG00000254545	0	1	0
ENSG00000203620	0	0	0
ENSG00000269967	0	0	0
ENSG00000228634	1	1	0
ENSG00000284702	0	0	0
ENSG00000221040	0	0	0
ENSG00000287217	0	0	0
ENSG00000163399	1208	16	3554
ENSG00000212385	0	0	0
ENSG00000233154	3	0	3
ENSG00000230381	0	0	0
ENSG00000200547	0	0	0
ENSG00000224950	12	0	17
ENSG00000286276	2	7	0
ENSG00000177888	108	0	108
ENSG00000243364	27	0	27
ENSG00000251246	0	0	0
ENSG00000143590	13	0	13
ENSG00000202027	0	0	0
ENSG00000169242	16	0	16
ENSG00000169241	246	0	246
ENSG00000223452	0	0	0
ENSG00000163463	18	0	18
ENSG00000273088	0	0	0
ENSG00000284586	0	0	0
ENSG00000169231	67	3	152
ENSG00000236263	0	13	6
ENSG00000236675	37	37	0
ENSG00000177628	484	0	484
ENSG00000116521	415	0	415
ENSG00000176444	472	0	472
ENSG00000143630	9	0	11
ENSG00000143627	1	2	1
ENSG00000253074	0	0	0
ENSG00000252116	0	0	0
ENSG00000228523	0	0	0
ENSG00000223263	0	0	0
ENSG00000207504	0	0	0
ENSG00000238139	0	0	0
ENSG00000197721	19	0	19
ENSG00000244703	0	0	0
ENSG00000226289	0	0	0
ENSG00000285239	0	0	0
ENSG00000234219	2	2	0
ENSG00000174059	6	0	6
ENSG00000285719	0	0	0
ENSG00000284237	0	0	0
ENSG00000158731	0	0	0
ENSG00000201746	0	0	0
ENSG00000264881	0	0	0
ENSG00000199562	0	0	0
ENSG00000264501	0	0	0
ENSG00000284735	2	2	0
ENSG00000284642	5	1	4
ENSG00000142657	3357	8	3349
ENSG00000271989	0	2	0
ENSG00000251503	0	0	0
ENSG00000175279	0	0	0
ENSG00000160049	240	1	277
ENSG00000203469	0	27	0
ENSG00000236035	0	0	0
ENSG00000221643	2	0	2
ENSG00000122188	229	1	228
ENSG00000288644	0	0	0
ENSG00000227417	0	0	0
ENSG00000223505	0	0	0
ENSG00000182004	234	1	233
ENSG00000236430	0	0	0
ENSG00000130768	8	2	12
ENSG00000227050	2	7	3
ENSG00000238231	1	1	0
ENSG00000240750	0	0	0
ENSG00000158156	718	1	720
ENSG00000182118	16	1	15
ENSG00000283799	0	0	0
ENSG00000227934	0	0	0
ENSG00000229595	0	0	0
ENSG00000143633	139	1	138
ENSG00000281912	2	0	2
ENSG00000288208	0	0	0
ENSG00000132773	99	9	103
ENSG00000070759	130	2	131
ENSG00000236872	0	0	0
ENSG00000280670	55	0	55
ENSG00000132763	34	369	38
ENSG00000221953	0	0	0
ENSG00000226164	0	0	0
ENSG00000224014	0	0	0
ENSG00000215795	0	0	0
ENSG00000259865	28	0	28
ENSG00000227671	308	0	308
ENSG00000283881	0	0	0
ENSG00000252516	1	0	1
ENSG00000232347	0	0	0
ENSG00000214144	0	0	0
ENSG00000235818	0	0	0
ENSG00000197617	0	0	0
ENSG00000202079	1	1	0
ENSG00000286216	0	0	0
ENSG00000203664	0	0	0
ENSG00000169224	25	0	25
ENSG00000236817	0	0	0
ENSG00000177489	0	0	0
ENSG00000177476	0	0	0
ENSG00000283369	0	0	0
ENSG00000230411	0	0	0
ENSG00000251977	0	0	0
ENSG00000252254	1	0	1
ENSG00000227854	0	0	0
ENSG00000287589	0	0	0
ENSG00000259776	0	0	0
ENSG00000233355	100	0	101
ENSG00000234601	0	0	0
ENSG00000231979	0	0	0
ENSG00000215805	0	0	0
ENSG00000287102	0	0	0
ENSG00000217327	0	0	0
ENSG00000228818	0	0	0
ENSG00000202041	0	0	0
ENSG00000223694	0	0	0
ENSG00000233735	0	0	0
ENSG00000133019	0	1	0
ENSG00000162636	278	1	277
ENSG00000162639	253	1	252
ENSG00000285923	0	0	0
ENSG00000134186	1034	26	1008
ENSG00000143107	2	0	2
ENSG00000232971	0	0	0
ENSG00000116266	615	0	615
ENSG00000228076	0	0	0
ENSG00000203897	0	0	0
ENSG00000237349	0	0	0
ENSG00000244716	34	0	34
ENSG00000228665	0	0	0
ENSG00000228054	0	0	0
ENSG00000273382	7	61	6
ENSG00000215717	736	1	795
ENSG00000278249	0	0	0
ENSG00000270066	0	0	0
ENSG00000251484	1	1	0
ENSG00000132676	868	90	868
ENSG00000227673	0	0	0
ENSG00000203761	43	32	23
ENSG00000234937	0	0	0
ENSG00000132718	351	1	350
ENSG00000283442	0	0	0
ENSG00000143622	795	1	794
ENSG00000132680	485	0	485
ENSG00000207475	0	0	0
ENSG00000280466	0	0	0
ENSG00000281394	0	0	0
ENSG00000277817	0	0	0
ENSG00000273002	11	0	12
ENSG00000224276	0	0	0
ENSG00000285677	0	808	0
ENSG00000163479	1582	2	2386
ENSG00000160803	296	0	296
ENSG00000132698	1	0	1
ENSG00000252236	0	0	0
ENSG00000260238	0	0	0
ENSG00000242252	0	0	0
ENSG00000198952	1069	2	1067
ENSG00000163472	82	86	82
ENSG00000163468	1218	3	1216
ENSG00000132677	0	0	0
ENSG00000237390	0	0	0
ENSG00000207933	0	0	0
ENSG00000254726	0	0	0
ENSG00000186377	0	0	0
ENSG00000186160	0	0	0
ENSG00000225154	0	0	0
ENSG00000225506	0	0	0
ENSG00000225514	0	0	0
ENSG00000224805	17	0	21
ENSG00000162366	247	0	247
ENSG00000226252	4	68	1
ENSG00000225762	0	0	0
ENSG00000186790	0	0	0
ENSG00000237424	40	0	40
ENSG00000189030	0	0	0
ENSG00000162763	0	0	0
ENSG00000143061	2	0	2
ENSG00000135821	6455	11	6444
ENSG00000203740	0	0	0
ENSG00000162374	0	0	0
ENSG00000168275	49	5	96
ENSG00000241563	0	0	0
ENSG00000153207	1434	1	1433
ENSG00000156869	44	0	44
ENSG00000033122	7	6	1
ENSG00000143278	0	0	0
ENSG00000116678	56	0	56
ENSG00000159352	1308	1	1307
ENSG00000158710	14249	26	14223
ENSG00000162734	929	3	983
ENSG00000049239	752	0	752
ENSG00000186564	2	0	2
ENSG00000244038	1543	5	1538
ENSG00000158747	13	0	13
ENSG00000116690	7	112	11
ENSG00000126091	13	2	12
ENSG00000162383	8	0	8
ENSG00000171163	213	1	212
ENSG00000172456	32	0	32
ENSG00000162946	195	1	194
ENSG00000158786	0	0	0
ENSG00000118733	0	0	0
ENSG00000157870	196	13	233
ENSG00000179085	72	0	72
ENSG00000173080	0	0	0
ENSG00000183347	18	0	18
ENSG00000276470	0	0	0
ENSG00000278852	0	0	0
ENSG00000275915	0	0	0
ENSG00000120937	0	0	0
ENSG00000224904	0	0	0
ENSG00000285646	4	3	1
ENSG00000199347	0	0	0
ENSG00000201801	0	0	0
ENSG00000116685	797	4	793
ENSG00000083444	568	1	567
ENSG00000287384	0	0	0
ENSG00000270914	0	0	0
ENSG00000116691	357	1	356
ENSG00000202461	1	1	0
ENSG00000276869	0	0	0
ENSG00000243539	0	0	0
ENSG00000120949	211	0	211
ENSG00000201135	0	0	0
ENSG00000227875	0	0	0
ENSG00000285604	0	0	0
ENSG00000283789	0	0	0
ENSG00000263676	0	0	0
ENSG00000200591	0	0	0
ENSG00000162521	897	6	1327
ENSG00000162520	0	435	1
ENSG00000224409	0	0	0
ENSG00000162522	51	0	51
ENSG00000116497	261	0	264
ENSG00000160097	0	0	0
ENSG00000121905	1	0	1
ENSG00000121900	0	0	0
ENSG00000287691	8	11	0
ENSG00000278966	3	3	0
ENSG00000143222	470	2	644
ENSG00000224985	2	176	2
ENSG00000143224	102	42	105
ENSG00000158850	491	4	532
ENSG00000158859	17	4	13
ENSG00000158869	3217	0	3217
ENSG00000158874	0	0	0
ENSG00000158882	85	0	141
ENSG00000284035	0	0	0
ENSG00000143257	8	64	0
ENSG00000248485	3	3	0
ENSG00000188931	23	26	2
ENSG00000236484	0	0	0
ENSG00000283696	6	0	6
ENSG00000288093	1	0	1
ENSG00000206921	0	0	0
ENSG00000215840	0	0	0
ENSG00000277882	0	0	0
ENSG00000283317	1	1	0
ENSG00000277762	0	0	0
ENSG00000227139	0	0	0
ENSG00000265107	0	0	1
ENSG00000274415	0	1	0
ENSG00000234190	0	0	0
ENSG00000223728	0	0	0
ENSG00000121634	0	0	0
ENSG00000188092	23	0	23
ENSG00000215859	1	1	0
ENSG00000273059	0	0	0
ENSG00000274372	2	0	2
ENSG00000206791	0	0	0
ENSG00000206585	0	0	0
ENSG00000229828	0	0	0
ENSG00000225080	0	0	0
ENSG00000198658	2	0	2
ENSG00000238382	0	0	0
ENSG00000225919	0	0	0
ENSG00000236497	0	0	0
ENSG00000207190	0	0	0
ENSG00000200508	0	0	0
ENSG00000284928	0	0	0
ENSG00000223949	0	0	0
ENSG00000116688	1241	0	1241
ENSG00000188800	0	0	0
ENSG00000084073	388	0	388
ENSG00000231296	0	0	0
ENSG00000049089	153	3	150
ENSG00000227311	0	0	0
ENSG00000213172	0	0	0
ENSG00000284677	3	3	0
ENSG00000187801	16	0	16
ENSG00000260920	20	0	20
ENSG00000158887	36	0	36
ENSG00000255054	0	0	0
ENSG00000228172	1	109	3
ENSG00000117640	209	1	281
ENSG00000272478	0	0	0
ENSG00000127423	10	6	6
ENSG00000182749	119	7	156
ENSG00000207302	0	0	0
ENSG00000117632	306	3	303
ENSG00000229786	0	0	0
ENSG00000223624	0	0	0
ENSG00000283938	0	0	0
ENSG00000199385	0	0	0
ENSG00000187147	517	7	780
ENSG00000263381	0	0	0
ENSG00000126106	18	266	22
ENSG00000198520	170	3	167
ENSG00000199377	0	0	0
ENSG00000200169	0	0	0
ENSG00000142945	30	2	32
ENSG00000142937	8357	64	9939
ENSG00000264294	0	0	0
ENSG00000200913	1	0	1
ENSG00000202031	0	0	0
ENSG00000207421	0	0	0
ENSG00000281859	0	0	0
ENSG00000234093	2	0	2
ENSG00000142959	6	0	6
ENSG00000173846	186	1	200
ENSG00000117425	7	0	7
ENSG00000202444	0	0	0
ENSG00000226499	0	0	0
ENSG00000070785	87	0	87
ENSG00000253039	0	0	0
ENSG00000229815	0	0	0
ENSG00000232369	0	0	0
ENSG00000268949	0	0	0
ENSG00000126107	403	1	405
ENSG00000126088	297	3	297
ENSG00000234315	0	0	0
ENSG00000162408	251	0	251
ENSG00000229519	1	1	0
ENSG00000173662	0	0	0
ENSG00000204859	272	10	262
ENSG00000288629	0	0	0
ENSG00000230735	0	0	0
ENSG00000171488	656	1	655
ENSG00000226394	0	0	0
ENSG00000237200	0	0	0
ENSG00000070886	0	0	0
ENSG00000276835	0	0	0
ENSG00000265422	0	0	0
ENSG00000223776	0	32	1
ENSG00000273058	7	0	7
ENSG00000230325	1	7	0
ENSG00000119285	317	344	397
ENSG00000226498	0	0	0
ENSG00000237991	0	0	0
ENSG00000244020	0	0	0
ENSG00000288099	0	0	0
ENSG00000225886	4	6	0
ENSG00000206767	0	0	0
ENSG00000226662	0	0	0
ENSG00000207095	0	0	0
ENSG00000287244	0	0	0
ENSG00000231344	1	0	1
ENSG00000230833	0	0	0
ENSG00000117758	353	0	353
ENSG00000269971	0	0	0
ENSG00000270031	0	0	0
ENSG00000223062	0	0	0
ENSG00000286433	0	37	0
ENSG00000117751	412	1	448
ENSG00000252947	0	0	0
ENSG00000130775	3539	10	3531
ENSG00000117748	684	15	671
ENSG00000223643	0	0	0
ENSG00000230239	0	0	0
ENSG00000263811	0	0	0
ENSG00000277234	0	0	0
ENSG00000235241	0	48	1
ENSG00000207005	0	0	0
ENSG00000272426	0	0	0
ENSG00000117122	0	0	0
ENSG00000286898	0	0	0
ENSG00000226526	0	44	0
ENSG00000159363	342	1	369
ENSG00000117118	653	0	653
ENSG00000117115	2965	3	2962
ENSG00000204362	0	0	0
ENSG00000282843	0	0	0
ENSG00000142623	0	0	0
ENSG00000142619	0	0	0
ENSG00000266634	0	0	0
ENSG00000199459	0	0	0
ENSG00000273264	0	0	0
ENSG00000282057	1	0	1
ENSG00000272691	0	0	0
ENSG00000199934	0	0	0
ENSG00000230285	0	0	0
ENSG00000142871	2	2	0
ENSG00000226643	0	0	0
ENSG00000234419	0	0	0
ENSG00000276997	0	0	0
ENSG00000222399	0	0	0
ENSG00000267305	0	0	0
ENSG00000143512	1	0	1
ENSG00000143498	44	0	49
ENSG00000225265	6	5	6
ENSG00000154305	842	23	1022
ENSG00000229399	0	0	0
ENSG00000272750	10	204	8
ENSG00000186063	425	9	425
ENSG00000162819	499	4	503
ENSG00000287684	0	1	0
ENSG00000234523	0	0	0
ENSG00000287338	0	0	0
ENSG00000187554	302	28	274
ENSG00000236846	0	0	0
ENSG00000226601	0	0	0
ENSG00000164010	99	7	185
ENSG00000164011	72	0	72
ENSG00000233708	0	0	0
ENSG00000237090	0	0	0
ENSG00000225099	0	0	0
ENSG00000284138	1	0	1
ENSG00000283973	0	5	0
ENSG00000207256	0	0	0
ENSG00000283136	0	0	0
ENSG00000277513	0	0	0
ENSG00000154309	62	0	62
ENSG00000226967	0	0	0
ENSG00000231407	0	1	0
ENSG00000229570	0	0	0
ENSG00000203857	0	0	0
ENSG00000226443	0	0	0
ENSG00000249798	0	0	0
ENSG00000239873	0	0	0
ENSG00000203855	0	0	0
ENSG00000240244	0	0	0
ENSG00000260941	0	0	0
ENSG00000198857	3	2	1
ENSG00000143067	40	1	39
ENSG00000134240	0	0	0
ENSG00000134193	14	0	14
ENSG00000215864	0	0	0
ENSG00000227205	0	0	0
ENSG00000226446	0	0	0
ENSG00000134249	0	0	0
ENSG00000092621	58	0	58
ENSG00000027644	0	0	0
ENSG00000241992	0	0	0
ENSG00000234226	0	0	0
ENSG00000137970	61	0	61
ENSG00000223229	0	0	0
ENSG00000285698	0	0	0
ENSG00000228035	0	0	0
ENSG00000287103	0	0	0
ENSG00000226973	0	0	0
ENSG00000274468	0	0	0
ENSG00000130764	332	10	368
ENSG00000266075	1	1	0
ENSG00000272153	3	48	1
ENSG00000230026	0	0	0
ENSG00000285177	0	0	0
ENSG00000284770	1	41	2
ENSG00000229795	0	0	0
ENSG00000238236	0	0	0
ENSG00000235638	0	0	0
ENSG00000231199	0	0	0
ENSG00000226663	0	0	0
ENSG00000231582	0	0	0
ENSG00000232714	0	0	0
ENSG00000235761	0	0	0
ENSG00000270710	0	0	0
ENSG00000227236	0	0	0
ENSG00000198837	1762	8	1852
ENSG00000160741	963	2	961
ENSG00000276584	0	0	0
ENSG00000282386	3	1	2
ENSG00000273026	3	0	3
ENSG00000143578	20	9	26
ENSG00000143543	96	0	103
ENSG00000285641	0	6	1
ENSG00000143545	10	0	10
ENSG00000177954	14648	25	14623
ENSG00000231416	4	0	4
ENSG00000200220	0	0	0
ENSG00000231837	0	0	0
ENSG00000263987	0	0	0
ENSG00000162642	161	1	160
ENSG00000223254	0	0	0
ENSG00000223653	0	31	0
ENSG00000116198	352	3	351
ENSG00000169598	115	0	117
ENSG00000226653	0	0	0
ENSG00000207209	0	0	0
ENSG00000272443	0	0	0
ENSG00000272480	0	0	0
ENSG00000288626	0	0	0
ENSG00000162836	94	0	94
ENSG00000207080	0	0	0
ENSG00000231791	0	0	0
ENSG00000244568	0	0	0
ENSG00000271387	0	0	0
ENSG00000116667	101	0	101
ENSG00000230470	0	0	0
ENSG00000232036	0	0	0
ENSG00000285847	1	1	0
ENSG00000286378	1	0	1
ENSG00000215381	0	0	0
ENSG00000261326	18	0	18
ENSG00000284726	4	4	0
ENSG00000125945	134	1	134
ENSG00000201405	0	0	0
ENSG00000271420	0	0	0
ENSG00000204219	72	0	72
ENSG00000232482	0	0	0
ENSG00000285779	0	0	0
ENSG00000162885	88	19	156
ENSG00000270780	0	0	0
ENSG00000232895	0	0	0
ENSG00000273698	0	0	0
ENSG00000273112	9	0	9
ENSG00000173110	1445	6	1439
ENSG00000224203	2	9	0
ENSG00000224515	0	0	0
ENSG00000225217	130	0	130
ENSG00000231586	0	0	0
ENSG00000234211	0	48	0
ENSG00000213075	2	2	0
ENSG00000143125	0	0	0
ENSG00000270380	0	0	0
ENSG00000282887	0	0	0
ENSG00000283999	0	0	0
ENSG00000240194	0	0	0
ENSG00000235407	0	0	0
ENSG00000143105	0	0	0
ENSG00000199710	0	0	0
ENSG00000237415	0	0	0
ENSG00000232791	0	0	0
ENSG00000177301	18	0	18
ENSG00000226828	0	1	0
ENSG00000279774	0	0	0
ENSG00000229960	0	0	0
ENSG00000286486	0	0	0
ENSG00000244066	0	0	0
ENSG00000237759	0	0	0
ENSG00000287531	0	0	0
ENSG00000225855	26	349	10
ENSG00000283701	0	0	0
ENSG00000207134	0	0	0
ENSG00000227773	0	0	0
ENSG00000207144	0	0	0
ENSG00000237872	0	0	0
ENSG00000271267	2	2	0
ENSG00000225082	0	0	0
ENSG00000223503	0	0	0
ENSG00000232519	0	0	0
ENSG00000160752	195	3	522
ENSG00000121957	59	129	90
ENSG00000235089	0	0	0
ENSG00000285179	0	0	0
ENSG00000223026	0	0	0
ENSG00000225721	1	1630	21
ENSG00000188396	4	19	0
ENSG00000202167	0	0	0
ENSG00000207349	0	0	0
ENSG00000252826	0	0	0
ENSG00000206737	0	0	0
ENSG00000223779	0	0	0
ENSG00000242352	0	0	0
ENSG00000270962	0	0	0
ENSG00000263590	0	0	0
ENSG00000252105	0	0	0
ENSG00000233430	0	0	0
ENSG00000237503	0	0	0
ENSG00000265531	12	0	23
ENSG00000234571	1	11	1
ENSG00000230186	0	0	0
ENSG00000268074	0	0	0
ENSG00000270872	2	0	2
ENSG00000276674	0	0	0
ENSG00000082482	0	0	0
ENSG00000116747	230	5	278
ENSG00000118729	0	0	0
ENSG00000134207	0	0	0
ENSG00000163467	1	2	0
ENSG00000243710	0	0	0
ENSG00000117395	244	4	240
ENSG00000116874	46	4	53
ENSG00000065600	99	1	98
ENSG00000009780	96	0	96
ENSG00000023572	72	55	52
ENSG00000077254	642	1	641
ENSG00000134644	913	2	911
ENSG00000215788	352	3	378
ENSG00000117834	18	3	15
ENSG00000117625	451	3	448
ENSG00000179902	1	0	1
ENSG00000020633	1625	5	1620
ENSG00000121766	220	6	301
ENSG00000143157	651	1	650
ENSG00000162614	54	1	55
ENSG00000160781	51	2	49
ENSG00000143344	37	0	37
ENSG00000162613	842	2	841
ENSG00000116882	0	0	0
ENSG00000198758	0	0	0
ENSG00000117569	94	0	94
ENSG00000142856	66	41	67
ENSG00000158022	0	0	0
ENSG00000116396	38	0	38
ENSG00000058668	1830	8	1822
ENSG00000163875	463	1	462
ENSG00000282872	0	0	0
ENSG00000131238	4103	5	4099
ENSG00000171680	28	0	28
ENSG00000244457	0	0	0
ENSG00000116977	575	114	1001
ENSG00000229372	0	72	0
ENSG00000274975	0	0	0
ENSG00000229348	0	0	0
ENSG00000242485	294	7	339
ENSG00000264293	0	0	0
ENSG00000272455	6	0	6
ENSG00000225905	0	0	0
ENSG00000225285	0	0	0
ENSG00000179403	0	0	0
ENSG00000215915	7	1	6
ENSG00000236085	0	0	0
ENSG00000234441	0	0	0
ENSG00000227408	0	0	0
ENSG00000223635	0	0	0
ENSG00000135776	205	0	205
ENSG00000199672	0	0	0
ENSG00000201492	0	0	0
ENSG00000229367	0	0	0
ENSG00000135763	129	0	129
ENSG00000213028	0	0	0
ENSG00000225984	0	0	0
ENSG00000178828	0	0	0
ENSG00000235434	0	0	0
ENSG00000169914	75	1	74
ENSG00000188784	0	0	0
ENSG00000242688	0	0	0
ENSG00000177186	0	0	0
ENSG00000177174	0	0	0
ENSG00000269956	4	122	0
ENSG00000162456	0	0	0
ENSG00000079277	561	0	679
ENSG00000117407	0	0	0
ENSG00000237950	5	0	5
ENSG00000117408	217	0	217
ENSG00000285649	1	27	1
ENSG00000117410	1753	1	1752
ENSG00000159214	12	0	12
ENSG00000196517	51	1	51
ENSG00000227163	0	0	0
ENSG00000271647	0	0	0
ENSG00000239560	0	0	0
ENSG00000196539	0	0	0
ENSG00000229255	1	0	1
ENSG00000203661	0	0	0
ENSG00000271934	0	0	0
ENSG00000224521	0	0	0
ENSG00000227102	0	0	0
ENSG00000183310	1	0	1
ENSG00000201602	0	0	0
ENSG00000271701	0	0	0
ENSG00000189181	0	0	0
ENSG00000187238	0	0	0
ENSG00000185962	0	0	0
ENSG00000226947	0	0	0
ENSG00000285753	0	0	0
ENSG00000187223	0	0	0
ENSG00000159455	0	0	0
ENSG00000187173	0	0	0
ENSG00000204501	0	0	0
ENSG00000228229	0	0	0
ENSG00000204481	0	0	0
ENSG00000204479	0	0	0
ENSG00000172031	1	0	1
ENSG00000233228	0	0	0
ENSG00000224678	0	0	0
ENSG00000233401	0	0	0
ENSG00000273487	2	0	2
ENSG00000226773	0	0	0
ENSG00000274481	0	0	0
ENSG00000228594	45	0	45
ENSG00000286989	8	0	8
ENSG00000272106	17	2	17
ENSG00000189409	6	4	3
ENSG00000272004	1	46	3
ENSG00000189339	809	7	852
ENSG00000269737	17	17	0
ENSG00000215914	1	1	0
ENSG00000008128	33	0	33
ENSG00000268575	20	2	40
ENSG00000227775	122	151	1
ENSG00000008130	5344	13	5331
ENSG00000078369	4231	13	4218
ENSG00000178821	0	0	0
ENSG00000158477	35	0	35
ENSG00000230942	0	0	0
ENSG00000158481	181	0	181
ENSG00000158485	1	0	1
ENSG00000158488	22	0	22
ENSG00000186306	0	0	0
ENSG00000203758	0	0	0
ENSG00000236257	0	0	0
ENSG00000236656	0	0	0
ENSG00000198703	0	0	0
ENSG00000227445	0	0	0
ENSG00000231434	0	0	0
ENSG00000117505	834	4	854
ENSG00000229635	0	0	0
ENSG00000207379	0	0	0
ENSG00000212601	0	0	0
ENSG00000162889	1566	2	1564
ENSG00000224114	1	1	0
ENSG00000199349	1	1	0
ENSG00000162892	37	303	0
ENSG00000162894	1993	5	2254
ENSG00000271680	6	6	0
ENSG00000226945	7	4	3
ENSG00000162896	2	0	2
ENSG00000162897	0	0	0
ENSG00000182795	24	0	24
ENSG00000198890	139	1	138
ENSG00000224550	1	0	1
ENSG00000142669	5273	21	7071
ENSG00000169442	2295	15	4951
ENSG00000225854	0	0	0
ENSG00000176083	68	0	68
ENSG00000229167	0	0	0
ENSG00000142910	0	0	0
ENSG00000162517	420	0	512
ENSG00000235790	0	0	0
ENSG00000264078	0	0	0
ENSG00000241745	0	0	0
ENSG00000228407	0	0	0
ENSG00000223429	0	0	0
ENSG00000224255	0	0	0
ENSG00000236004	0	0	0
ENSG00000237663	0	0	0
ENSG00000213735	0	0	0
ENSG00000272100	2	44	0
ENSG00000287078	0	0	0
ENSG00000224680	0	0	0
ENSG00000085840	20	0	20
ENSG00000283445	0	0	0
ENSG00000272226	1	1	0
ENSG00000231740	0	0	0
ENSG00000143751	380	0	380
ENSG00000272562	0	0	0
ENSG00000163041	5300	9	5291
ENSG00000225518	0	0	0
ENSG00000270598	0	0	0
ENSG00000182827	265	3	318
ENSG00000234478	3	59	0
ENSG00000223570	0	0	0
ENSG00000185155	7	0	7
ENSG00000236773	1	0	2
ENSG00000143753	638	8	631
ENSG00000201898	0	0	0
ENSG00000237101	0	16	0
ENSG00000143748	169	0	185
ENSG00000221406	1	0	1
ENSG00000229742	0	0	0
ENSG00000206887	0	0	0
ENSG00000143771	303	0	303
ENSG00000266618	0	0	0
ENSG00000229991	0	0	0
ENSG00000233384	0	0	0
ENSG00000234247	0	0	0
ENSG00000183682	24	38	6
ENSG00000237624	0	0	0
ENSG00000228060	2	277	0
ENSG00000201457	0	0	0
ENSG00000163909	4	0	4
ENSG00000225903	0	0	0
ENSG00000116983	47	0	47
ENSG00000225333	0	0	0
ENSG00000252413	0	0	0
ENSG00000090621	887	1	1161
ENSG00000236994	0	0	0
ENSG00000275406	0	0	0
ENSG00000270287	0	0	0
ENSG00000229965	1	0	1
ENSG00000223282	0	0	0
ENSG00000177770	0	0	0
ENSG00000287627	0	0	0
ENSG00000283933	0	0	0
ENSG00000143369	15	0	15
ENSG00000228126	0	0	0
ENSG00000237781	22	68	55
ENSG00000264553	3	3	0
ENSG00000277452	3	0	3
ENSG00000274963	5	0	5
ENSG00000253047	1	0	1
ENSG00000143420	1252	7	1245
ENSG00000276103	0	0	0
ENSG00000143457	188	0	188
ENSG00000143452	14	0	14
ENSG00000206931	1	1	0
ENSG00000236713	0	0	0
ENSG00000224690	0	0	0
ENSG00000203804	0	138	33
ENSG00000143384	15700	28	15672
ENSG00000154342	0	0	0
ENSG00000276255	0	0	0
ENSG00000284163	0	0	0
ENSG00000143793	87	3	84
ENSG00000162910	101	0	101
ENSG00000224566	0	0	0
ENSG00000287895	0	0	0
ENSG00000280157	3	0	3
ENSG00000227625	0	0	0
ENSG00000198835	3	0	3
ENSG00000203684	1	0	1
ENSG00000181873	116	0	116
ENSG00000162913	13	3	14
ENSG00000269934	10	19	23
ENSG00000270110	5	5	0
ENSG00000286773	0	0	0
ENSG00000287315	16	64	0
ENSG00000270104	0	0	0
ENSG00000154370	216	0	332
ENSG00000270094	0	118	0
ENSG00000284311	0	0	0
ENSG00000162931	12	4	9
ENSG00000230841	0	0	0
ENSG00000266174	0	0	0
ENSG00000279306	0	0	0
ENSG00000215811	2	0	2
ENSG00000202056	0	0	0
ENSG00000251823	0	0	0
ENSG00000171960	105	2	209
ENSG00000234917	1	0	2
ENSG00000065978	10755	70	10685
ENSG00000164007	0	0	0
ENSG00000117385	210	0	210
ENSG00000228452	0	5	0
ENSG00000001460	35	12	36
ENSG00000001461	526	3	536
ENSG00000286061	8	42	12
ENSG00000117602	965	7	1333
ENSG00000264443	0	329	0
ENSG00000184454	0	0	0
ENSG00000227312	0	0	0
ENSG00000239106	0	0	0
ENSG00000177606	118	1	117
ENSG00000116539	970	3	971
ENSG0000016292