N_unmapped	128804	128804	128804
N_multimapping	2925495	2925495	2925495
N_noFeature	634469	18669169	730473
N_ambiguous	2545485	37721	949820
ENSG00000160072	359	0	359
ENSG00000234396	0	2	0
ENSG00000225972	2	0	2
ENSG00000224315	0	0	0
ENSG00000198744	2	0	2
ENSG00000279928	4	0	4
ENSG00000228037	30	2	28
ENSG00000142611	4	0	4
ENSG00000225630	699	8	691
ENSG00000284616	0	0	0
ENSG00000157911	75	488	194
ENSG00000269896	14	0	14
ENSG00000237973	500	9	496
ENSG00000228463	4	0	9
ENSG00000260972	0	0	0
ENSG00000157933	1321	0	1321
ENSG00000224340	0	0	0
ENSG00000226545	0	0	0
ENSG00000268663	0	0	0
ENSG00000226374	0	0	0
ENSG00000229280	0	0	0
ENSG00000142655	324	23	324
ENSG00000232596	0	0	0
ENSG00000235054	0	0	0
ENSG00000232663	0	0	0
ENSG00000240409	0	0	0
ENSG00000229344	6	0	7
ENSG00000231510	0	0	0
ENSG00000149527	121	7	114
ENSG00000284739	0	0	0
ENSG00000171621	95	1	94
ENSG00000272235	0	0	0
ENSG00000284694	0	0	0
ENSG00000230021	7	8	7
ENSG00000287356	8	7	3
ENSG00000224387	3	0	3
ENSG00000285629	0	0	0
ENSG00000173673	0	0	0
ENSG00000142583	133	1	132
ENSG00000284674	0	0	0
ENSG00000272161	0	0	0
ENSG00000237094	52	0	52
ENSG00000224338	0	0	0
ENSG00000074800	16054	20	16039
ENSG00000116786	1700	4	1923
ENSG00000287727	3	3	0
ENSG00000228423	0	0	0
ENSG00000286448	0	5	0
ENSG00000131686	30	28	13
ENSG00000229305	0	0	0
ENSG00000284703	0	0	0
ENSG00000226457	0	0	0
ENSG00000173614	175	2	173
ENSG00000248527	4806	112	4694
ENSG00000215720	0	0	0
ENSG00000241326	0	0	0
ENSG00000233623	1	0	1
ENSG00000162592	0	15	0
ENSG00000116254	5	0	5
ENSG00000233645	0	0	0
ENSG00000204624	7	0	7
ENSG00000142606	22	93	37
ENSG00000235146	0	0	0
ENSG00000225931	11	4	7
ENSG00000171729	64	1	65
ENSG00000279457	142	0	142
ENSG00000162571	4	1	3
ENSG00000229393	3	1	2
ENSG00000037637	690	0	690
ENSG00000287586	38	0	38
ENSG00000159423	122	0	122
ENSG00000142599	3522	15	3509
ENSG00000227169	0	0	0
ENSG00000283356	0	0	0
ENSG00000011021	482	0	496
ENSG00000142615	0	0	0
ENSG00000215704	2	10	0
ENSG00000157916	1537	120	2024
ENSG00000157881	613	0	613
ENSG00000238290	0	0	0
ENSG00000225387	0	0	0
ENSG00000048707	1034	2	1032
ENSG00000158748	38	0	38
ENSG00000225196	0	0	0
ENSG00000162444	584	0	584
ENSG00000279625	0	0	0
ENSG00000180758	106	0	106
ENSG00000184677	919	0	919
ENSG00000230679	0	1	4
ENSG00000270136	0	0	0
ENSG00000288398	56	0	56
ENSG00000224621	0	0	0
ENSG00000285833	0	0	0
ENSG00000131697	157	1	156
ENSG00000284692	0	0	0
ENSG00000284745	0	0	0
ENSG00000280222	0	0	0
ENSG00000227634	0	0	0
ENSG00000285945	0	0	0
ENSG00000229162	1	0	1
ENSG00000197921	0	0	0
ENSG00000233755	5	0	5
ENSG00000233929	1	0	1
ENSG00000271742	0	0	0
ENSG00000226396	17	0	17
ENSG00000169504	332	1	331
ENSG00000234166	0	34	0
ENSG00000235282	0	0	0
ENSG00000055070	1980	1	3000
ENSG00000175087	113	0	113
ENSG00000157191	2588	8	2580
ENSG00000284699	0	0	0
ENSG00000230035	0	0	0
ENSG00000235185	0	0	0
ENSG00000225643	5	0	5
ENSG00000284666	0	0	0
ENSG00000228943	0	0	0
ENSG00000234397	0	0	0
ENSG00000284309	0	0	0
ENSG00000162511	15774	22	32057
ENSG00000158014	0	0	0
ENSG00000204138	366	2	364
ENSG00000233419	0	0	0
ENSG00000235263	0	0	0
ENSG00000228176	0	0	0
ENSG00000231251	0	0	0
ENSG00000142675	40	0	40
ENSG00000197245	0	0	0
ENSG00000261025	1	0	1
ENSG00000116237	567	4	589
ENSG00000130772	347	0	347
ENSG00000215899	0	0	0
ENSG00000271398	0	0	0
ENSG00000225011	0	0	0
ENSG00000235069	0	0	0
ENSG00000284676	0	0	0
ENSG00000237058	0	0	0
ENSG00000233399	0	0	0
ENSG00000090020	1404	0	1404
ENSG00000157978	2171	4	2167
ENSG00000226944	0	0	0
ENSG00000270282	0	0	0
ENSG00000130770	560	16	958
ENSG00000229044	0	131	1
ENSG00000162512	684	1	683
ENSG00000158006	527	1	526
ENSG00000214812	1	0	1
ENSG00000126698	1624	11	1613
ENSG00000229447	1	0	1
ENSG00000229607	0	0	0
ENSG00000130766	384	0	384
ENSG00000168528	117	0	117
ENSG00000196581	13	0	13
ENSG00000169403	5590	4	5586
ENSG00000084628	1	0	1
ENSG00000060688	689	0	689
ENSG00000171612	66	0	66
ENSG00000270927	0	0	0
ENSG00000188910	0	0	0
ENSG00000230523	0	0	0
ENSG00000116138	321	68	290
ENSG00000158161	482	4	478
ENSG00000142684	0	0	171
ENSG00000234619	0	0	0
ENSG00000121769	11	12	0
ENSG00000142627	9	0	9
ENSG00000284668	0	0	0
ENSG00000233234	0	0	0
ENSG00000142632	89	0	123
ENSG00000234593	0	0	0
ENSG00000158292	22	0	22
ENSG00000270605	54	0	55
ENSG00000189337	16	0	17
ENSG00000232912	93	0	95
ENSG00000235084	1	0	1
ENSG00000235143	0	0	0
ENSG00000225478	0	0	0
ENSG00000225077	2	16	2
ENSG00000028137	16553	8	16545
ENSG00000238249	3	2	1
ENSG00000204464	0	0	0
ENSG00000233372	1	0	1
ENSG00000283259	0	0	0
ENSG00000284543	0	0	0
ENSG00000130939	845	2	843
ENSG00000175147	1	2	2
ENSG00000127472	0	0	0
ENSG00000060656	20	0	20
ENSG00000163867	249	2	247
ENSG00000232768	0	0	0
ENSG00000230214	0	0	0
ENSG00000189280	2	2	0
ENSG00000134698	1948	4	1944
ENSG00000134690	146	0	146
ENSG00000272420	4	0	4
ENSG00000132881	28	0	28
ENSG00000273274	0	0	0
ENSG00000116251	1484	0	1484
ENSG00000272510	0	8	3
ENSG00000158286	7	11	6
ENSG00000236648	0	0	0
ENSG00000232273	3	0	3
ENSG00000009709	0	0	0
ENSG00000287396	0	0	0
ENSG00000223589	0	0	0
ENSG00000158008	0	0	0
ENSG00000130940	92	1	197
ENSG00000116771	100	5	121
ENSG00000237301	0	0	0
ENSG00000162585	483	137	507
ENSG00000163879	3	10	2
ENSG00000227527	2	2	0
ENSG00000116954	432	0	432
ENSG00000228589	4	0	4
ENSG00000163873	1	0	1
ENSG00000117215	3	0	3
ENSG00000196449	121	8	148
ENSG00000230163	0	29	0
ENSG00000227538	0	0	0
ENSG00000232208	11	0	11
ENSG00000236500	0	0	0
ENSG00000044012	0	0	0
ENSG00000179051	1798	2	2424
ENSG00000215895	0	0	0
ENSG00000231868	0	8	0
ENSG00000284650	0	0	0
ENSG00000237329	0	0	0
ENSG00000236948	4	0	4
ENSG00000126067	1524	0	1524
ENSG00000274944	0	0	0
ENSG00000132906	405	0	413
ENSG00000197312	608	0	608
ENSG00000284748	0	0	0
ENSG00000272078	14	119	0
ENSG00000173660	1466	1	1465
ENSG00000224592	0	0	0
ENSG00000233728	0	9	0
ENSG00000230451	0	0	0
ENSG00000231606	0	0	0
ENSG00000215900	0	0	0
ENSG00000284632	0	0	0
ENSG00000241014	4	0	4
ENSG00000054118	2696	6	2690
ENSG00000254553	0	0	0
ENSG00000284653	0	0	0
ENSG00000237749	2	0	2
ENSG00000276747	2	0	2
ENSG00000284705	0	0	0
ENSG00000228776	0	0	0
ENSG00000159339	3629	2	3627
ENSG00000223814	0	0	0
ENSG00000197982	304	28	311
ENSG00000261781	0	0	0
ENSG00000183317	0	0	0
ENSG00000183386	1655	0	1655
ENSG00000284743	0	0	0
ENSG00000158315	4	6	0
ENSG00000204084	513	2	720
ENSG00000186973	0	0	0
ENSG00000271806	6	24	7
ENSG00000146463	544	1	571
ENSG00000279214	0	0	0
ENSG00000183520	356	1	355
ENSG00000271741	0	0	0
ENSG00000214141	0	0	0
ENSG00000142686	274	4	270
ENSG00000224751	0	0	0
ENSG00000279096	0	0	0
ENSG00000117148	0	0	0
ENSG00000230585	1	1	0
ENSG00000117000	478	0	478
ENSG00000284989	0	0	0
ENSG00000231630	0	0	0
ENSG00000092853	85	0	94
ENSG00000255811	1	0	2
ENSG00000134697	642	0	651
ENSG00000187513	3	0	3
ENSG00000238145	0	0	0
ENSG00000225142	0	0	0
ENSG00000230138	16	0	16
ENSG00000223390	0	19	0
ENSG00000285823	1	0	1
ENSG00000284720	0	0	0
ENSG00000225028	0	0	0
ENSG00000225671	0	0	0
ENSG00000116151	25	2	25
ENSG00000226147	0	0	0
ENSG00000182873	44	32	16
ENSG00000006555	156	0	156
ENSG00000236111	1	0	1
ENSG00000066056	12	0	12
ENSG00000214114	513	7	506
ENSG00000173436	92	4	92
ENSG00000116544	16	1	15
ENSG00000231900	0	0	0
ENSG00000236723	0	254	6
ENSG00000232467	0	0	0
ENSG00000117016	60	0	60
ENSG00000121310	483	2	481
ENSG00000169213	0	0	0
ENSG00000163866	732	2	759
ENSG00000225779	0	0	0
ENSG00000284601	0	0	0
ENSG00000237130	0	0	0
ENSG00000143001	0	0	0
ENSG00000229716	0	0	0
ENSG00000226133	0	0	0
ENSG00000227416	0	0	0
ENSG00000232335	0	9	0
ENSG00000260971	0	0	0
ENSG00000259832	0	0	0
ENSG00000284696	0	0	0
ENSG00000238242	0	0	0
ENSG00000285839	0	0	0
ENSG00000237290	0	0	0
ENSG00000232762	0	0	0
ENSG00000117419	328	0	328
ENSG00000162384	475	37	496
ENSG00000162391	0	10	0
ENSG00000174348	15	0	22
ENSG00000154198	0	0	0
ENSG00000117859	798	40	793
ENSG00000228121	0	0	0
ENSG00000253313	2	0	2
ENSG00000162396	71	0	71
ENSG00000203995	0	0	0
ENSG00000227742	0	0	0
ENSG00000284686	0	0	0
ENSG00000162378	262	0	262
ENSG00000233079	0	0	0
ENSG00000259818	0	0	0
ENSG00000229444	0	0	0
ENSG00000240563	21	0	21
ENSG00000234318	0	0	0
ENSG00000284773	20	0	20
ENSG00000234481	0	0	0
ENSG00000117862	125	0	125
ENSG00000235612	0	0	0
ENSG00000228369	0	0	0
ENSG00000183431	1571	4	1567
ENSG00000227485	0	0	0
ENSG00000224609	1	0	1
ENSG00000235545	1	0	1
ENSG00000236646	0	0	0
ENSG00000169174	2	0	2
ENSG00000232198	0	0	0
ENSG00000238063	2	0	2
ENSG00000227104	0	0	0
ENSG00000243725	9	0	9
ENSG00000171872	0	0	0
ENSG00000162407	10	0	10
ENSG00000285079	0	0	0
ENSG00000169218	0	0	0
ENSG00000163877	373	9	364
ENSG00000228929	1	0	1
ENSG00000224570	2	2	0
ENSG00000224980	0	0	0
ENSG00000278967	0	0	0
ENSG00000157184	148	36	430
ENSG00000272491	2	0	4
ENSG00000198815	907	2	905
ENSG00000134744	518	2	516
ENSG00000233910	0	0	0
ENSG00000287703	0	0	0
ENSG00000283039	0	0	0
ENSG00000229032	0	0	0
ENSG00000229294	0	0	0
ENSG00000232993	0	5	0
ENSG00000234088	0	0	0
ENSG00000236973	0	0	0
ENSG00000227947	0	0	0
ENSG00000277397	0	0	0
ENSG00000271200	0	0	0
ENSG00000235446	0	0	0
ENSG00000261196	0	0	0
ENSG00000162385	500	2	498
ENSG00000231413	0	0	0
ENSG00000234264	0	0	0
ENSG00000242391	0	0	0
ENSG00000223883	0	0	0
ENSG00000284808	0	0	0
ENSG00000242267	0	0	0
ENSG00000237227	0	0	0
ENSG00000275350	0	0	0
ENSG00000116652	0	0	0
ENSG00000123080	138	5	135
ENSG00000285778	0	0	0
ENSG00000077549	8552	6	8550
ENSG00000233407	0	0	0
ENSG00000225675	1	0	1
ENSG00000237622	0	0	0
ENSG00000162598	0	0	0
ENSG00000280317	0	0	0
ENSG00000162415	24	1	23
ENSG00000162600	204	0	204
ENSG00000116704	291	0	291
ENSG00000227644	0	2	0
ENSG00000157193	79	0	140
ENSG00000116205	284	2	303
ENSG00000198841	74	0	74
ENSG00000116212	169	0	169
ENSG00000234204	0	0	0
ENSG00000233099	4	0	4
ENSG00000233994	1	0	1
ENSG00000237180	0	0	0
ENSG00000213561	0	0	0
ENSG00000233973	0	0	0
ENSG00000237552	0	0	0
ENSG00000132854	0	0	0
ENSG00000227556	0	0	0
ENSG00000162616	45	0	45
ENSG00000162607	654	2	652
ENSG00000233602	0	0	0
ENSG00000233271	0	0	0
ENSG00000285954	13	13	0
ENSG00000233333	0	0	0
ENSG00000154027	133	0	133
ENSG00000234108	0	0	0
ENSG00000232676	0	0	0
ENSG00000225167	0	0	0
ENSG00000132122	37	0	37
ENSG00000213579	1	0	1
ENSG00000137960	0	0	0
ENSG00000237852	1	0	1
ENSG00000116745	0	0	0
ENSG00000132855	0	0	0
ENSG00000285407	0	0	0
ENSG00000272855	0	0	0
ENSG00000270549	0	0	0
ENSG00000237163	0	0	0
ENSG00000229636	0	0	0
ENSG00000116675	18	0	18
ENSG00000162433	41	0	41
ENSG00000213625	1032	1	1031
ENSG00000227207	0	0	0
ENSG00000227016	0	0	0
ENSG00000233664	0	0	0
ENSG00000158966	31	0	31
ENSG00000213703	0	0	0
ENSG00000203965	28	1	28
ENSG00000223479	0	0	0
ENSG00000233674	0	0	0
ENSG00000153898	94	0	94
ENSG00000117069	0	0	0
ENSG00000125703	160	0	160
ENSG00000285041	0	0	0
ENSG00000285808	0	0	0
ENSG00000229440	0	0	0
ENSG00000234144	0	0	0
ENSG00000213540	0	0	0
ENSG00000277670	0	0	0
ENSG00000227466	0	0	0
ENSG00000154007	0	0	0
ENSG00000230498	0	0	0
ENSG00000285782	0	0	0
ENSG00000162618	0	0	0
ENSG00000224493	0	0	0
ENSG00000131233	0	0	0
ENSG00000272371	0	0	0
ENSG00000287647	1	0	1
ENSG00000229225	0	0	0
ENSG00000230863	0	0	0
ENSG00000213560	0	0	0
ENSG00000287224	1	0	1
ENSG00000225598	0	0	0
ENSG00000286455	0	0	0
ENSG00000225087	0	0	0
ENSG00000224986	0	0	0
ENSG00000280378	3	0	3
ENSG00000188786	1193	5	1188
ENSG00000230053	0	0	0
ENSG00000137941	19	0	19
ENSG00000273338	0	0	0
ENSG00000223720	0	0	0
ENSG00000224326	0	0	0
ENSG00000286548	13	12	1
ENSG00000066135	315	4	497
ENSG00000230027	0	0	0
ENSG00000233061	0	0	0
ENSG00000272094	0	0	0
ENSG00000228853	0	0	0
ENSG00000215874	0	0	0
ENSG00000232453	4	0	4
ENSG00000260386	0	0	0
ENSG00000284895	0	0	0
ENSG00000117174	203	2	201
ENSG00000237413	0	0	0
ENSG00000184313	3	0	3
ENSG00000284645	0	0	0
ENSG00000225605	0	0	0
ENSG00000225446	0	0	0
ENSG00000288543	0	0	0
ENSG00000122420	2	0	2
ENSG00000284240	0	0	0
ENSG00000236290	0	0	0
ENSG00000143013	576	1	575
ENSG00000226084	10	0	10
ENSG00000134748	934	8	926
ENSG00000142892	257	0	257
ENSG00000219102	5	0	5
ENSG00000184005	25	0	25
ENSG00000230953	1	1	0
ENSG00000287743	1	0	1
ENSG00000229332	0	0	0
ENSG00000227937	0	0	0
ENSG00000229752	0	0	0
ENSG00000237505	3	0	3
ENSG00000285462	0	0	0
ENSG00000233216	0	0	0
ENSG00000197273	0	0	0
ENSG00000226804	0	0	0
ENSG00000285325	0	0	0
ENSG00000230728	0	0	0
ENSG00000162402	1487	3	1484
ENSG00000232846	0	0	0
ENSG00000219201	0	0	0
ENSG00000230787	0	0	0
ENSG00000116641	103	10	93
ENSG00000235927	5	4	5
ENSG00000223920	0	0	0
ENSG00000237453	0	0	0
ENSG00000172260	4	0	4
ENSG00000285473	0	0	0
ENSG00000237959	0	0	0
ENSG00000231364	0	0	0
ENSG00000234578	0	0	0
ENSG00000117480	163	0	163
ENSG00000137944	369	1	368
ENSG00000229505	0	0	0
ENSG00000228187	0	0	0
ENSG00000285201	0	0	0
ENSG00000182183	118	0	118
ENSG00000236407	0	0	0
ENSG00000271949	0	0	0
ENSG00000227062	0	0	0
ENSG00000067334	843	6	837
ENSG00000235011	0	0	0
ENSG00000235673	0	0	0
ENSG00000226938	0	0	0
ENSG00000213559	0	0	0
ENSG00000287587	0	0	0
ENSG00000142949	6	0	6
ENSG00000116133	462	17	467
ENSG00000232882	0	0	0
ENSG00000171502	20	1	19
ENSG00000162399	0	0	0
ENSG00000116157	179	0	179
ENSG00000143036	2	0	2
ENSG00000232672	0	0	0
ENSG00000230817	1	1	0
ENSG00000235613	0	0	0
ENSG00000065243	434	1	433
ENSG00000226759	0	0	0
ENSG00000226960	0	0	0
ENSG00000234080	0	0	0
ENSG00000237899	0	0	0
ENSG00000225492	151	0	151
ENSG00000223905	0	0	0
ENSG00000227290	0	0	0
ENSG00000229486	0	0	0
ENSG00000282898	0	0	0
ENSG00000285409	0	0	0
ENSG00000231090	3	0	3
ENSG00000117528	271	0	271
ENSG00000271723	0	0	0
ENSG00000172339	52	0	52
ENSG00000036549	343	0	343
ENSG00000287724	0	14	0
ENSG00000058799	836	1	835
ENSG00000225191	0	0	0
ENSG00000287870	0	0	0
ENSG00000235563	0	0	0
ENSG00000232048	0	0	0
ENSG00000232857	0	0	0
ENSG00000273637	0	0	0
ENSG00000203985	0	0	0
ENSG00000228838	0	4	0
ENSG00000283761	0	0	0
ENSG00000189433	0	1	0
ENSG00000230759	0	0	0
ENSG00000231866	0	0	0
ENSG00000179178	2	0	2
ENSG00000142700	0	0	0
ENSG00000285525	0	0	0
ENSG00000236098	0	0	0
ENSG00000233514	0	0	0
ENSG00000127124	527	0	527
ENSG00000266993	5	22	1
ENSG00000223675	0	0	0
ENSG00000162604	190	0	190
ENSG00000229316	0	0	0
ENSG00000116171	987	3	984
ENSG00000287406	0	0	0
ENSG00000225767	0	0	0
ENSG00000234099	0	0	0
ENSG00000137936	17	5	13
ENSG00000235308	1	1	0
ENSG00000232752	0	0	0
ENSG00000235829	0	0	0
ENSG00000143032	0	0	0
ENSG00000226745	0	0	0
ENSG00000178028	713	2	711
ENSG00000280040	0	0	0
ENSG00000168710	1168	2	1166
ENSG00000117519	18	0	18
ENSG00000270507	0	0	0
ENSG00000238037	0	0	0
ENSG00000215869	1	0	1
ENSG00000134215	496	2	494
ENSG00000227935	0	0	0
ENSG00000229887	0	0	0
ENSG00000228502	5	0	5
ENSG00000236268	0	0	0
ENSG00000271277	0	0	0
ENSG00000236888	0	0	0
ENSG00000279778	0	0	0
ENSG00000232015	0	0	0
ENSG00000230955	0	209	0
ENSG00000230828	0	0	0
ENSG00000188641	1419	0	1526
ENSG00000152078	19	0	19
ENSG00000237279	0	0	0
ENSG00000233359	0	0	0
ENSG00000237954	0	0	0
ENSG00000185668	0	0	0
ENSG00000171492	852	0	852
ENSG00000233129	0	0	0
ENSG00000170989	1724	5	1719
ENSG00000258634	99	0	164
ENSG00000233557	0	0	0
ENSG00000237897	0	0	0
ENSG00000116299	1286	0	1286
ENSG00000137962	13	0	13
ENSG00000227832	0	0	0
ENSG00000286692	0	0	0
ENSG00000260464	1	0	1
ENSG00000237435	0	0	0
ENSG00000231996	0	0	0
ENSG00000273204	0	1	2
ENSG00000079739	517	5	563
ENSG00000117154	0	0	0
ENSG00000162377	132	2	130
ENSG00000224613	0	0	0
ENSG00000215871	0	0	0
ENSG00000287372	0	0	0
ENSG00000232542	1	0	1
ENSG00000231095	0	0	0
ENSG00000116774	8	0	8
ENSG00000287756	0	0	0
ENSG00000269113	0	0	0
ENSG00000284652	0	0	0
ENSG00000023909	132	0	132
ENSG00000069702	465	0	465
ENSG00000232185	0	0	0
ENSG00000230489	3	0	3
ENSG00000228399	1	0	1
ENSG00000236776	0	0	0
ENSG00000285928	4	4	0
ENSG00000224685	0	0	0
ENSG00000287076	0	0	0
ENSG00000237480	0	0	0
ENSG00000271252	0	0	0
ENSG00000230427	0	0	0
ENSG00000235794	0	0	0
ENSG00000286758	0	0	0
ENSG00000237337	0	0	0
ENSG00000233983	0	0	0
ENSG00000198198	999	117	1389
ENSG00000225183	0	0	0
ENSG00000230402	0	0	0
ENSG00000116793	241	0	241
ENSG00000134201	5	0	5
ENSG00000238122	0	0	0
ENSG00000260879	0	15	0
ENSG00000213366	170	0	170
ENSG00000230864	0	0	0
ENSG00000283354	0	0	0
ENSG00000232918	0	0	0
ENSG00000236360	0	0	0
ENSG00000183298	0	0	5
ENSG00000234332	3	0	3
ENSG00000117525	3	0	3
ENSG00000225079	21	0	21
ENSG00000226483	0	0	0
ENSG00000224238	0	0	0
ENSG00000229537	0	0	0
ENSG00000162699	0	0	0
ENSG00000162692	0	0	0
ENSG00000203914	0	0	0
ENSG00000270457	1	0	1
ENSG00000203858	0	0	0
ENSG00000231987	0	0	0
ENSG00000228057	0	0	0
ENSG00000261593	0	0	0
ENSG00000224445	0	0	0
ENSG00000229842	0	0	0
ENSG00000270631	0	0	0
ENSG00000229201	0	0	0
ENSG00000181656	4	3	1
ENSG00000122481	26	0	26
ENSG00000198162	367	2	365
ENSG00000238198	2	0	2
ENSG00000171517	0	0	0
ENSG00000228852	5	5	0
ENSG00000203864	0	0	0
ENSG00000233482	0	0	0
ENSG00000230250	0	0	0
ENSG00000232878	1	108	0
ENSG00000143079	57	0	57
ENSG00000232450	3	0	3
ENSG00000223575	0	0	0
ENSG00000230768	0	0	0
ENSG00000235202	0	0	0
ENSG00000272715	0	0	0
ENSG00000235038	0	0	0
ENSG00000143093	837	2	835
ENSG00000226415	3	0	3
ENSG00000085491	228	4	243
ENSG00000173947	7	0	7
ENSG00000241361	0	0	0
ENSG00000230434	0	0	0
ENSG00000230718	0	0	0
ENSG00000134198	193	1	192
ENSG00000235595	0	0	0
ENSG00000226053	0	0	0
ENSG00000226128	0	0	0
ENSG00000198799	279	1	299
ENSG00000279513	2	0	2
ENSG00000117620	112	3	112
ENSG00000280186	1	0	1
ENSG00000223906	0	0	0
ENSG00000162688	151	0	151
ENSG00000197106	0	0	0
ENSG00000259946	0	0	0
ENSG00000236137	6	282	3
ENSG00000203859	0	0	0
ENSG00000228086	0	14	0
ENSG00000213421	0	0	0
ENSG00000234020	0	0	0
ENSG00000060718	0	0	0
ENSG00000236804	0	0	0
ENSG00000231072	0	0	0
ENSG00000273406	0	0	0
ENSG00000185946	200	0	200
ENSG00000162627	3	0	3
ENSG00000226715	0	5	0
ENSG00000162695	311	0	311
ENSG00000134184	0	0	1
ENSG00000265808	738	0	738
ENSG00000261290	0	0	0
ENSG00000225923	0	0	0
ENSG00000134247	54	1	53
ENSG00000187481	0	0	0
ENSG00000116752	330	0	330
ENSG00000162664	178	2	176
ENSG00000236866	0	0	0
ENSG00000134253	1	0	1
ENSG00000277655	0	0	0
ENSG00000223416	0	0	0
ENSG00000213226	0	0	0
ENSG00000179571	0	0	0
ENSG00000227850	0	0	0
ENSG00000243967	0	0	0
ENSG00000235777	0	0	0
ENSG00000260246	0	1	0
ENSG00000173218	104	0	104
ENSG00000285532	0	0	0
ENSG00000226755	0	0	0
ENSG00000232650	0	0	0
ENSG00000183508	1253	3	1250
ENSG00000277095	0	0	0
ENSG00000236806	1	0	1
ENSG00000234283	0	0	0
ENSG00000237188	0	0	0
ENSG00000232780	0	0	0
ENSG00000274927	0	0	0
ENSG00000264145	0	0	0
ENSG00000238256	0	0	0
ENSG00000198765	0	0	0
ENSG00000224335	0	0	0
ENSG00000277702	0	0	0
ENSG00000143398	605	1	604
ENSG00000196505	362	3	361
ENSG00000225871	14	48	0
ENSG00000223489	0	0	0
ENSG00000230546	0	0	0
ENSG00000213262	0	0	0
ENSG00000287015	0	0	0
ENSG00000241720	0	7	0
ENSG00000235526	0	0	0
ENSG00000228347	0	0	0
ENSG00000276975	0	0	0
ENSG00000236012	0	0	0
ENSG00000270911	0	0	0
ENSG00000272824	1	0	1
ENSG00000134200	1	1	0
ENSG00000234257	0	0	0
ENSG00000065183	369	1	399
ENSG00000227082	2	0	2
ENSG00000228626	0	0	0
ENSG00000226126	0	0	0
ENSG00000163393	265	0	265
ENSG00000163156	834	10	835
ENSG00000143631	0	0	0
ENSG00000156150	0	65	0
ENSG00000228453	0	0	0
ENSG00000274642	0	0	0
ENSG00000177551	0	0	0
ENSG00000197323	606	0	606
ENSG00000237975	1	0	1
ENSG00000261168	1	0	1
ENSG00000287980	0	0	0
ENSG00000229283	0	0	0
ENSG00000271419	0	0	0
ENSG00000226172	0	0	0
ENSG00000079335	238	6	246
ENSG00000143119	12351	5	12346
ENSG00000237278	0	21	0
ENSG00000285062	0	0	0
ENSG00000233432	0	0	0
ENSG00000227700	0	0	0
ENSG00000229911	0	0	0
ENSG00000143520	0	0	0
ENSG00000171943	82	5	79
ENSG00000270719	0	0	0
ENSG00000155761	3	28	4
ENSG00000230806	0	0	0
ENSG00000116830	236	1	235
ENSG00000234422	0	0	0
ENSG00000227056	0	0	0
ENSG00000143614	995	1	994
ENSG00000227091	0	0	0
ENSG00000169418	1	0	1
ENSG00000214204	0	0	0
ENSG00000081026	32	6	26
ENSG00000225650	0	0	0
ENSG00000227179	0	0	0
ENSG00000224965	2	0	2
ENSG00000228127	1	1	0
ENSG00000226984	0	0	0
ENSG00000186150	0	0	0
ENSG00000143554	1871	9	1862
ENSG00000143458	388	2	387
ENSG00000230932	0	0	0
ENSG00000073754	7	0	7
ENSG00000228826	0	0	0
ENSG00000233907	0	0	0
ENSG00000225036	0	0	0
ENSG00000228420	0	0	0
ENSG00000233839	0	0	0
ENSG00000250890	0	0	0
ENSG00000232240	0	0	0
ENSG00000280649	85	5	98
ENSG00000131781	95	15	90
ENSG00000223599	2	0	2
ENSG00000230921	0	0	0
ENSG00000286151	2	0	2
ENSG00000234388	0	0	0
ENSG00000235015	0	0	0
ENSG00000271736	20	0	20
ENSG00000235988	1	0	1
ENSG00000233717	0	1	0
ENSG00000231551	40	10	31
ENSG00000227295	0	0	0
ENSG00000163155	95	64	38
ENSG00000243613	0	39	0
ENSG00000241975	5	0	5
ENSG00000271143	0	0	0
ENSG00000270976	0	0	0
ENSG00000228217	1	0	1
ENSG00000270342	0	0	0
ENSG00000143552	1	1	0
ENSG00000175984	20	0	20
ENSG00000231100	0	0	0
ENSG00000116824	2062	3	2059
ENSG00000235887	0	0	0
ENSG00000237460	0	0	0
ENSG00000236327	0	0	0
ENSG00000223804	61	15	46
ENSG00000236887	0	0	0
ENSG00000024526	10	0	10
ENSG00000236480	1	0	1
ENSG00000235756	0	0	0
ENSG00000173810	0	0	0
ENSG00000235005	1	0	1
ENSG00000271890	0	0	0
ENSG00000238107	0	0	0
ENSG00000227425	0	0	0
ENSG00000233222	0	7	0
ENSG00000225279	1	0	1
ENSG00000229101	0	0	0
ENSG00000224927	0	0	0
ENSG00000239216	0	0	0
ENSG00000283360	1	0	1
ENSG00000117262	52	0	52
ENSG00000227907	0	1	0
ENSG00000143624	1397	2	1484
ENSG00000227970	0	0	0
ENSG00000261055	6	0	6
ENSG00000231613	2	0	2
ENSG00000137947	790	2	788
ENSG00000236689	0	0	0
ENSG00000233589	0	0	0
ENSG00000117586	104	1	103
ENSG00000230946	0	0	0
ENSG00000226028	0	0	0
ENSG00000162728	0	0	0
ENSG00000229021	0	0	0
ENSG00000203825	0	0	0
ENSG00000184371	444	1	443
ENSG00000233449	0	0	0
ENSG00000242943	0	0	0
ENSG00000233203	0	0	0
ENSG00000232499	0	0	0
ENSG00000232265	0	0	0
ENSG00000163154	1623	0	1625
ENSG00000232995	8	0	8
ENSG00000236957	0	0	0
ENSG00000238087	0	0	0
ENSG00000227777	1	1	1
ENSG00000177173	3	0	3
ENSG00000277406	27	1	26
ENSG00000238022	0	0	0
ENSG00000231671	1	0	1
ENSG00000162729	640	2	638
ENSG00000143158	284	13	408
ENSG00000271092	1	0	1
ENSG00000238118	0	0	0
ENSG00000276118	0	0	0
ENSG00000232148	0	0	0
ENSG00000278811	3	20	0
ENSG00000000460	65	112	96
ENSG00000188859	1	0	1
ENSG00000275075	0	0	0
ENSG00000135862	70	0	70
ENSG00000232952	0	0	0
ENSG00000158473	981	3	978
ENSG00000227722	0	0	0
ENSG00000285922	0	0	0
ENSG00000275801	0	0	0
ENSG00000143198	591	0	591
ENSG00000143318	0	0	0
ENSG00000232188	0	0	0
ENSG00000232212	0	0	0
ENSG00000143621	1724	22	1716
ENSG00000241042	0	0	0
ENSG00000143155	479	0	479
ENSG00000260322	0	0	0
ENSG00000223495	0	0	0
ENSG00000143156	43	15	61
ENSG00000198771	5163	13	5248
ENSG00000225462	0	0	0
ENSG00000237756	0	0	0
ENSG00000116147	3	0	3
ENSG00000213064	1457	0	1488
ENSG00000203307	0	0	0
ENSG00000143179	146	0	168
ENSG00000271187	0	0	0
ENSG00000274562	0	0	0
ENSG00000143315	178	0	178
ENSG00000116199	517	0	517
ENSG00000231175	0	0	0
ENSG00000143185	108	1	108
ENSG00000235145	0	0	0
ENSG00000116260	2234	0	2234
ENSG00000272931	9	0	9
ENSG00000143190	353	5	412
ENSG00000225475	0	0	0
ENSG00000230898	0	0	0
ENSG00000232223	0	0	0
ENSG00000224698	0	0	0
ENSG00000287697	0	8	1
ENSG00000075945	295	0	320
ENSG00000235303	0	0	0
ENSG00000234810	28	0	28
ENSG00000232750	0	0	0
ENSG00000224468	0	0	0
ENSG00000235628	0	0	0
ENSG00000232551	0	0	0
ENSG00000092607	0	0	0
ENSG00000238270	0	0	0
ENSG00000285894	0	0	0
ENSG00000236025	0	0	0
ENSG00000230687	0	0	0
ENSG00000230704	0	0	0
ENSG00000283255	0	0	0
ENSG00000227741	5	54	5
ENSG00000237049	0	0	0
ENSG00000286754	0	0	0
ENSG00000232751	0	0	0
ENSG00000236364	2	24	0
ENSG00000117091	2332	10	6008
ENSG00000235378	0	0	0
ENSG00000143171	0	0	0
ENSG00000275767	0	0	0
ENSG00000224718	0	0	0
ENSG00000047410	2070	6	2271
ENSG00000231992	0	0	0
ENSG00000018625	0	0	0
ENSG00000171806	139	0	153
ENSG00000287919	0	0	0
ENSG00000229914	0	0	0
ENSG00000233882	0	0	0
ENSG00000198358	0	0	0
ENSG00000229407	0	0	0
ENSG00000134216	0	0	0
ENSG00000230748	0	0	0
ENSG00000254154	0	0	0
ENSG00000162694	31	3	31
ENSG00000238108	0	0	0
ENSG00000214262	0	31	0
ENSG00000183853	0	0	0
ENSG00000215835	4	0	4
ENSG00000118197	314	1	313
ENSG00000135842	3555	5	3550
ENSG00000229258	1	0	1
ENSG00000287472	0	0	0
ENSG00000241318	0	0	0
ENSG00000228238	0	0	0
ENSG00000232393	0	0	0
ENSG00000121454	9	45	0
ENSG00000184155	0	0	0
ENSG00000058085	0	0	0
ENSG00000260088	1	0	1
ENSG00000287978	109	0	109
ENSG00000116815	400	0	400
ENSG00000232917	0	0	0
ENSG00000233057	1	0	1
ENSG00000237131	0	0	0
ENSG00000233946	0	0	0
ENSG00000143167	169	0	170
ENSG00000143184	25	0	25
ENSG00000231966	1	0	1
ENSG00000176320	0	0	0
ENSG00000260976	0	0	0
ENSG00000235215	0	0	0
ENSG00000223450	0	0	0
ENSG00000224691	0	0	0
ENSG00000286572	1	1	0
ENSG00000235101	4	3	1
ENSG00000228215	7	0	7
ENSG00000177807	51	1	50
ENSG00000233626	4	4	0
ENSG00000233691	0	0	0
ENSG00000283518	0	0	0
ENSG00000271527	0	0	0
ENSG00000143228	44	0	44
ENSG00000235827	0	0	0
ENSG00000231615	2	0	2
ENSG00000231714	0	0	0
ENSG00000174514	9	5	8
ENSG00000143178	122	0	122
ENSG00000224837	0	0	0
ENSG00000116833	0	0	0
ENSG00000227740	4	0	6
ENSG00000260990	0	0	0
ENSG00000000457	207	43	293
ENSG00000143507	136	1	135
ENSG00000285638	0	0	0
ENSG00000226520	0	0	0
ENSG00000284592	0	0	0
ENSG00000230987	0	0	0
ENSG00000232527	0	0	0
ENSG00000215833	0	0	0
ENSG00000228167	0	0	0
ENSG00000225325	0	0	0
ENSG00000223344	0	0	0
ENSG00000228191	0	0	0
ENSG00000229961	26	0	26
ENSG00000150732	0	0	0
ENSG00000157064	0	0	0
ENSG00000288139	0	0	0
ENSG00000226015	21	0	21
ENSG00000215808	0	0	0
ENSG00000059588	347	0	347
ENSG00000231512	0	0	0
ENSG00000237379	0	0	0
ENSG00000232959	0	25	0
ENSG00000122224	631	7	624
ENSG00000162782	0	0	0
ENSG00000238051	0	0	0
ENSG00000233196	3	3	0
ENSG00000229220	0	0	0
ENSG00000143653	371	1	370
ENSG00000135837	897	0	897
ENSG00000158711	872	3	873
ENSG00000227747	0	0	0
ENSG00000228081	0	0	0
ENSG00000228020	0	0	0
ENSG00000234975	13	0	13
ENSG00000162851	120	0	120
ENSG00000271427	2	0	2
ENSG00000261817	0	0	0
ENSG00000143353	172	0	186
ENSG00000197965	800	0	800
ENSG00000143493	292	0	292
ENSG00000230777	4	5	1
ENSG00000179397	4	0	4
ENSG00000224540	0	0	0
ENSG00000117592	2767	2	2765
ENSG00000186197	16	0	16
ENSG00000229067	0	0	0
ENSG00000230231	1	2	0
ENSG00000227711	0	0	0
ENSG00000261182	0	0	0
ENSG00000228879	1	0	1
ENSG00000227925	0	0	0
ENSG00000162670	0	0	0
ENSG00000225712	0	0	0
ENSG00000162761	0	0	0
ENSG00000143199	4	1	3
ENSG00000179930	0	0	0
ENSG00000007908	0	0	0
ENSG00000092978	115	0	115
ENSG00000143499	307	0	307
ENSG00000188404	24828	36	24792
ENSG00000227735	0	0	0
ENSG00000243062	0	0	0
ENSG00000143196	0	0	0
ENSG00000228504	0	0	0
ENSG00000274702	0	0	0
ENSG00000226211	0	0	0
ENSG00000236942	0	0	0
ENSG00000287205	0	0	0
ENSG00000203697	6	0	6
ENSG00000116574	384	0	384
ENSG00000287929	0	0	0
ENSG00000186283	1015	4	1011
ENSG00000224896	0	0	0
ENSG00000226292	0	0	0
ENSG00000121481	197	1	196
ENSG00000227940	0	0	0
ENSG00000117139	631	1	630
ENSG00000143248	1	0	1
ENSG00000278455	0	0	0
ENSG00000224810	0	0	0
ENSG00000162814	0	0	0
ENSG00000225172	0	0	0
ENSG00000261642	0	0	0
ENSG00000228239	0	0	0
ENSG00000237283	0	0	0
ENSG00000116132	0	0	0
ENSG00000238042	0	0	0
ENSG00000271475	0	0	0
ENSG00000231877	0	0	0
ENSG00000116679	3550	6	3544
ENSG00000228536	0	0	0
ENSG00000230550	0	0	0
ENSG00000229242	0	0	0
ENSG00000253326	2	0	2
ENSG00000228470	0	0	0
ENSG00000152092	0	0	0
ENSG00000234984	0	0	0
ENSG00000231648	0	0	0
ENSG00000229983	0	0	0
ENSG00000215149	0	0	0
ENSG00000225122	0	0	0
ENSG00000225920	3	3	0
ENSG00000143476	82	0	82
ENSG00000121486	364	0	364
ENSG00000228437	0	0	0
ENSG00000214837	8	0	8
ENSG00000057252	911	1	910
ENSG00000225982	2	0	2
ENSG00000285718	0	0	0
ENSG00000234070	0	0	0
ENSG00000233620	0	0	0
ENSG00000237783	0	0	0
ENSG00000272906	8	1	20
ENSG00000233018	0	0	0
ENSG00000123685	55	1	54
ENSG00000224783	0	0	0
ENSG00000162852	635	2	633
ENSG00000232792	0	0	0
ENSG00000273004	8	0	8
ENSG00000143842	111	0	111
ENSG00000268062	2	2	0
ENSG00000237409	1	1	0
ENSG00000116962	444	3	441
ENSG00000288078	0	0	0
ENSG00000271399	0	0	0
ENSG00000229757	0	0	0
ENSG00000232679	0	0	0
ENSG00000159388	2349	4	2345
ENSG00000220749	34	0	34
ENSG00000181450	70	0	70
ENSG00000223519	6	9	31
ENSG00000120333	353	10	356
ENSG00000286285	4	0	4
ENSG00000225300	0	0	0
ENSG00000223842	0	0	0
ENSG00000162753	0	0	0
ENSG00000228247	0	0	0
ENSG00000231424	0	0	0
ENSG00000143355	0	0	0
ENSG00000287177	0	0	0
ENSG00000237193	0	0	0
ENSG00000223490	0	0	0
ENSG00000121644	357	0	357
ENSG00000174502	0	0	0
ENSG00000224286	0	0	0
ENSG00000158715	290	2	288
ENSG00000143195	11	0	11
ENSG00000162849	1	0	1
ENSG00000232824	0	0	0
ENSG00000273416	0	0	0
ENSG00000234142	4	0	5
ENSG00000282111	0	0	0
ENSG00000233410	1	0	1
ENSG00000067533	174	1	173
ENSG00000228955	0	0	0
ENSG00000270443	0	0	0
ENSG00000116209	2915	6	2910
ENSG00000224702	0	0	0
ENSG00000271811	0	0	0
ENSG00000224278	0	0	0
ENSG00000235492	0	0	0
ENSG00000287808	8	18	7
ENSG00000271588	0	0	0
ENSG00000229840	0	0	0
ENSG00000116161	728	18	732
ENSG00000226486	0	0	0
ENSG00000227687	0	0	0
ENSG00000231814	0	0	0
ENSG00000286210	0	0	0
ENSG00000287364	0	0	0
ENSG00000225063	0	0	0
ENSG00000260698	12	0	12
ENSG00000277007	2	0	2
ENSG00000229016	0	0	0
ENSG00000077157	489	0	497
ENSG00000152104	1	1	0
ENSG00000236975	0	0	0
ENSG00000215834	0	0	0
ENSG00000286541	0	0	0
ENSG00000117650	31	0	31
ENSG00000235021	0	0	0
ENSG00000203724	3	0	3
ENSG00000225006	0	0	0
ENSG00000287633	0	0	0
ENSG00000158764	2	0	2
ENSG00000223375	0	0	0
ENSG00000230714	0	0	0
ENSG00000261065	0	8	0
ENSG00000260855	9	1	8
ENSG00000188783	0	0	0
ENSG00000236206	0	0	0
ENSG00000168118	437	1	436
ENSG00000181101	0	0	0
ENSG00000173726	1222	0	1222
ENSG00000282852	0	0	0
ENSG00000152382	140	4	137
ENSG00000143839	0	0	0
ENSG00000232100	0	0	0
ENSG00000261024	1	1	0
ENSG00000230547	0	0	0
ENSG00000229703	1	0	2
ENSG00000176754	0	0	0
ENSG00000232309	0	0	0
ENSG00000227953	8	29	13
ENSG00000232215	0	0	0
ENSG00000135829	2459	2	2474
ENSG00000228289	0	0	0
ENSG00000134717	492	0	492
ENSG00000232989	0	0	0
ENSG00000233537	0	0	0
ENSG00000116668	127	11	116
ENSG00000143756	365	0	365
ENSG00000278180	0	0	0
ENSG00000143702	290	0	323
ENSG00000232341	0	0	0
ENSG00000287676	0	0	0
ENSG00000236792	0	0	0
ENSG00000143207	1405	1	1404
ENSG00000270859	0	0	0
ENSG00000238224	0	0	0
ENSG00000286775	0	0	0
ENSG00000122176	0	0	0
ENSG00000229120	0	0	0
ENSG00000237492	0	0	0
ENSG00000230404	0	0	0
ENSG00000213036	0	0	0
ENSG00000227230	0	19	0
ENSG00000236230	0	0	0
ENSG00000026751	2255	1	2254
ENSG00000150681	1537	1	1812
ENSG00000116906	745	1	744
ENSG00000092969	4	0	4
ENSG00000157181	185	2	183
ENSG00000250762	0	0	0
ENSG00000236720	0	0	0
ENSG00000227421	0	0	0
ENSG00000227240	0	0	0
ENSG00000076258	39	0	39
ENSG00000286073	0	0	0
ENSG00000231084	5	5	0
ENSG00000232085	0	14	0
ENSG00000117697	445	2	443
ENSG00000279333	0	0	0
ENSG00000235083	0	0	0
ENSG00000162669	0	0	0
ENSG00000197067	0	0	0
ENSG00000229652	0	0	0
ENSG00000132681	0	0	0
ENSG00000225904	0	0	0
ENSG00000270920	0	0	0
ENSG00000281664	0	0	0
ENSG00000143641	733	1	1191
ENSG00000227630	6	0	6
ENSG00000228830	0	763	0
ENSG00000010932	0	0	0
ENSG00000282849	0	0	0
ENSG00000276520	0	0	0
ENSG00000226640	0	0	0
ENSG00000010072	112	25	113
ENSG00000135766	103	3	100
ENSG00000232626	0	0	0
ENSG00000232096	0	0	0
ENSG00000279261	0	0	0
ENSG00000213051	0	0	0
ENSG00000238054	0	0	0
ENSG00000163534	234	0	234
ENSG00000168243	0	0	0
ENSG00000281453	0	0	0
ENSG00000237469	0	0	0
ENSG00000224939	2	0	2
ENSG00000227613	0	0	0
ENSG00000116183	0	0	0
ENSG00000270106	0	0	0
ENSG00000232194	0	0	0
ENSG00000235152	0	0	0
ENSG00000231612	0	0	0
ENSG00000237980	8	0	8
ENSG00000271036	0	0	0
ENSG00000230849	0	0	0
ENSG00000170382	52	55	0
ENSG00000228664	0	0	0
ENSG00000226868	0	0	0
ENSG00000279401	0	0	0
ENSG00000272362	0	0	0
ENSG00000287450	0	0	0
ENSG00000237011	0	0	0
ENSG00000233583	0	0	0
ENSG00000066027	1879	3	1876
ENSG00000286263	0	0	0
ENSG00000227006	1	1	0
ENSG00000236372	0	0	0
ENSG00000224525	1	0	1
ENSG00000188770	0	0	0
ENSG00000173728	0	0	0
ENSG00000094975	371	1	370
ENSG00000225811	0	0	0
ENSG00000273093	0	0	0
ENSG00000162772	109	0	109
ENSG00000227818	0	0	0
ENSG00000135828	808	1	807
ENSG00000224227	0	0	0
ENSG00000286398	0	0	0
ENSG00000076356	49	0	49
ENSG00000215819	0	0	0
ENSG00000185523	3	0	3
ENSG00000236108	0	0	0
ENSG00000116711	130	0	130
ENSG00000231684	0	0	0
ENSG00000226750	0	0	0
ENSG00000285665	8	0	8
ENSG00000231022	0	0	0
ENSG00000224436	0	0	0
ENSG00000228208	2	0	2
ENSG00000273384	2	0	2
ENSG00000238061	1	0	1
ENSG00000234915	0	0	1
ENSG00000143845	11	0	19
ENSG00000235862	0	0	0
ENSG00000069812	1	0	1
ENSG00000227585	0	0	0
ENSG00000157060	0	0	0
ENSG00000237213	0	0	0
ENSG00000236439	3	0	3
ENSG00000224260	0	0	0
ENSG00000213045	0	0	0
ENSG00000287220	0	0	0
ENSG00000230063	0	1	0
ENSG00000235467	0	0	0
ENSG00000123684	1960	3	1957
ENSG00000117707	0	0	0
ENSG00000228044	0	0	0
ENSG00000225338	0	0	0
ENSG00000224407	0	459	0
ENSG00000232463	0	0	0
ENSG00000237457	0	0	0
ENSG00000225171	11	0	11
ENSG00000226843	0	0	0
ENSG00000235386	0	0	0
ENSG00000123836	315	20	315
ENSG00000213690	0	0	0
ENSG00000223982	0	0	0
ENSG00000229832	0	0	0
ENSG00000117691	448	1	447
ENSG00000225233	0	0	0
ENSG00000274895	0	0	0
ENSG00000237514	0	0	0
ENSG00000287856	0	0	0
ENSG00000228067	0	0	0
ENSG00000284299	0	0	0
ENSG00000226375	0	0	0
ENSG00000203705	279	0	279
ENSG00000224040	1	0	1
ENSG00000228686	10	10	0
ENSG00000279838	11	0	11
ENSG00000174175	407	0	407
ENSG00000236401	0	0	0
ENSG00000241475	0	0	0
ENSG00000215800	0	0	0
ENSG00000286421	0	0	0
ENSG00000270936	0	0	0
ENSG00000008118	0	0	0
ENSG00000171161	1065	3	1062
ENSG00000241505	0	0	0
ENSG00000224535	0	0	0
ENSG00000282097	0	0	0
ENSG00000261453	0	0	0
ENSG00000231020	0	0	0
ENSG00000270818	0	0	0
ENSG00000196878	13	0	13
ENSG00000133059	350	1	349
ENSG00000225561	0	0	0
ENSG00000224668	0	0	0
ENSG00000242529	0	0	0
ENSG00000074964	520	0	520
ENSG00000223847	0	0	0
ENSG00000277704	0	0	0
ENSG00000116918	314	27	314
ENSG00000274020	167	0	206
ENSG00000287445	7	0	7
ENSG00000259815	0	0	0
ENSG00000240963	1	0	1
ENSG00000226570	0	0	0
ENSG00000198929	0	0	0
ENSG00000272167	0	0	0
ENSG00000230628	0	0	0
ENSG00000162771	0	0	0
ENSG00000227579	0	0	0
ENSG00000176393	2132	1	2926
ENSG00000174606	357	0	357
ENSG00000179914	13	0	13
ENSG00000235750	2661	3	2658
ENSG00000284376	0	0	0
ENSG00000121446	0	0	0
ENSG00000226758	0	0	0
ENSG00000230199	0	0	0
ENSG00000236905	0	0	0
ENSG00000233304	0	0	0
ENSG00000288007	2	0	2
ENSG00000227887	0	0	0
ENSG00000116903	313	0	338
ENSG00000228255	0	0	0
ENSG00000226196	0	0	0
ENSG00000287354	0	3	0
ENSG00000233827	0	0	0
ENSG00000198797	0	0	0
ENSG00000271746	1	0	1
ENSG00000234233	0	0	0
ENSG00000151414	583	1	582
ENSG00000177614	1	0	1
ENSG00000223794	0	0	0
ENSG00000235182	0	1	0
ENSG00000213041	0	0	0
ENSG00000287157	0	0	0
ENSG00000233920	0	0	0
ENSG00000183831	0	0	0
ENSG00000225755	0	0	0
ENSG00000143858	17	25	0
ENSG00000197472	0	0	0
ENSG00000230184	0	0	0
ENSG00000234004	0	0	0
ENSG00000232436	0	0	0
ENSG00000231718	0	0	0
ENSG00000283952	0	0	0
ENSG00000230019	0	0	0
ENSG00000136643	319	0	319
ENSG00000232537	0	0	0
ENSG00000226036	1	1	0
ENSG00000285521	0	0	0
ENSG00000236317	0	0	0
ENSG00000176855	0	0	0
ENSG00000227728	0	0	0
ENSG00000133069	333	5	328
ENSG00000162877	6	0	6
ENSG00000233461	39	0	39
ENSG00000225401	0	0	0
ENSG00000228190	0	0	0
ENSG00000135747	1	0	1
ENSG00000227237	0	0	0
ENSG00000069248	675	1	674
ENSG00000232812	0	0	0
ENSG00000231666	0	0	0
ENSG00000226986	0	0	0
ENSG00000242042	0	0	0
ENSG00000234464	0	0	0
ENSG00000253148	0	0	0
ENSG00000227751	0	626	2
ENSG00000090104	55	0	55
ENSG00000285280	8	277	7
ENSG00000232892	0	0	0
ENSG00000236950	0	0	0
ENSG00000236468	1	0	1
ENSG00000143322	254	1	253
ENSG00000185220	131	0	131
ENSG00000226003	0	0	0
ENSG00000230813	2	0	2
ENSG00000226862	7	0	7
ENSG00000236101	0	0	0
ENSG00000162769	138	0	138
ENSG00000133065	298	0	298
ENSG00000278684	0	0	0
ENSG00000236775	0	0	0
ENSG00000042781	0	0	0
ENSG00000234754	0	0	0
ENSG00000233084	3	0	3
ENSG00000227815	1	0	1
ENSG00000287046	1	0	1
ENSG00000223774	0	0	2
ENSG00000228863	8	3684	10
ENSG00000228646	0	0	0
ENSG00000229112	0	0	0
ENSG00000233332	0	0	0
ENSG00000231984	0	0	0
ENSG00000286213	0	0	0
ENSG00000226876	0	0	0
ENSG00000277462	17	0	17
ENSG00000225591	1	0	1
ENSG00000035687	656	0	656
ENSG00000213080	2	0	2
ENSG00000180287	1	0	1
ENSG00000226693	0	0	0
ENSG00000234678	53	848	1
ENSG00000231272	0	0	0
ENSG00000223828	0	0	0
ENSG00000163431	5	5	2
ENSG00000230124	350	1	385
ENSG00000226723	1	0	1
ENSG00000272672	1	0	1
ENSG00000143473	1	1	0
ENSG00000228982	0	0	0
ENSG00000235096	0	0	0
ENSG00000237250	0	0	0
ENSG00000007341	63	20	103
ENSG00000286747	0	0	0
ENSG00000236069	0	0	0
ENSG00000236244	0	0	0
ENSG00000272865	0	0	0
ENSG00000117222	530	0	530
ENSG00000143324	300	0	300
ENSG00000229871	0	0	0
ENSG00000225222	0	0	0
ENSG00000118193	43	1	42
ENSG00000234116	0	0	0
ENSG00000231940	0	0	0
ENSG00000198842	0	0	0
ENSG00000286619	22	0	22
ENSG00000198756	25	0	25
ENSG00000259823	6	3	3
ENSG00000271558	0	0	0
ENSG00000227554	0	0	0
ENSG00000178596	0	0	0
ENSG00000135749	156	9	183
ENSG00000143786	21	0	25
ENSG00000224584	0	0	0
ENSG00000054282	237	23	269
ENSG00000183780	12	0	12
ENSG00000229663	1	1	0
ENSG00000162702	404	0	404
ENSG00000251508	0	0	0
ENSG00000238272	0	0	0
ENSG00000228530	0	0	0
ENSG00000235060	0	0	0
ENSG00000143194	0	0	0
ENSG00000229531	0	0	0
ENSG00000271329	0	0	0
ENSG00000054267	845	2	843
ENSG00000261831	0	0	0
ENSG00000287921	0	0	0
ENSG00000177800	0	0	0
ENSG00000225620	0	0	0
ENSG00000232166	0	0	0
ENSG00000175137	1571	4	1567
ENSG00000134245	10	54	2
ENSG00000234041	0	0	0
ENSG00000227373	2	0	2
ENSG00000231905	0	0	0
ENSG00000228175	1	0	1
ENSG00000069275	1597	4	1593
ENSG00000143674	15	0	15
ENSG00000237317	0	0	0
ENSG00000187889	0	0	0
ENSG00000134375	546	0	546
ENSG00000097046	88	0	88
ENSG00000232113	0	0	0
ENSG00000282718	0	0	0
ENSG00000231378	0	0	0
ENSG00000235605	0	0	1
ENSG00000223525	1	0	1
ENSG00000224857	0	0	0
ENSG00000273367	3	0	3
ENSG00000230604	0	0	0
ENSG00000231605	0	0	0
ENSG00000236358	1	1	1
ENSG00000203737	1	0	1
ENSG00000238003	0	0	0
ENSG00000215873	0	0	0
ENSG00000287008	0	0	0
ENSG00000185420	101	0	101
ENSG00000076321	153	0	153
ENSG00000272175	0	0	1
ENSG00000231564	0	0	0
ENSG00000135778	217	30	223
ENSG00000213070	0	0	0
ENSG00000282265	0	0	0
ENSG00000250536	0	0	0
ENSG00000229747	0	0	0
ENSG00000117280	1127	2	1125
ENSG00000233985	0	0	0
ENSG00000232175	0	0	0
ENSG00000287423	0	0	0
ENSG00000286774	0	0	0
ENSG00000236719	0	0	0
ENSG00000136636	73	0	73
ENSG00000225486	0	0	0
ENSG00000227043	1	0	1
ENSG00000163874	563	1	562
ENSG00000285777	0	0	0
ENSG00000237249	0	0	0
ENSG00000286109	0	0	0
ENSG00000213068	0	0	0
ENSG00000054392	32	2	33
ENSG00000227994	0	0	0
ENSG00000286552	0	0	0
ENSG00000225711	0	0	0
ENSG00000122223	832	6	826
ENSG00000235869	0	0	0
ENSG00000188739	15	0	15
ENSG00000286666	0	0	0
ENSG00000135750	3	0	3
ENSG00000273198	0	0	0
ENSG00000203730	2	2	0
ENSG00000225719	0	0	0
ENSG00000273483	0	0	0
ENSG00000287987	0	0	0
ENSG00000203729	0	0	0
ENSG00000232809	0	0	0
ENSG00000284623	0	0	0
ENSG00000285981	0	0	0
ENSG00000261729	0	0	0
ENSG00000223869	0	0	0
ENSG00000229228	2	0	2
ENSG00000215796	0	0	0
ENSG00000185221	0	0	0
ENSG00000233047	0	0	0
ENSG00000143341	1	0	1
ENSG00000228309	0	0	0
ENSG00000229739	3	0	3
ENSG00000116703	0	0	0
ENSG00000273874	0	0	0
ENSG00000278791	0	2	0
ENSG00000278757	0	0	0
ENSG00000264341	0	0	0
ENSG00000264101	0	0	0
ENSG00000265141	0	0	0
ENSG00000221083	0	0	0
ENSG00000252404	0	0	0
ENSG00000222511	0	0	0
ENSG00000265392	0	0	0
ENSG00000243267	0	0	0
ENSG00000201725	0	0	0
ENSG00000274258	0	0	0
ENSG00000239149	2	0	2
ENSG00000252151	0	0	0
ENSG00000252969	0	0	0
ENSG00000252417	0	0	0
ENSG00000200975	0	0	0
ENSG00000201609	0	0	0
ENSG00000238482	0	0	0
ENSG00000252956	0	0	0
ENSG00000265606	0	0	0
ENSG00000284357	0	0	0
ENSG00000278034	0	0	0
ENSG00000207237	0	0	0
ENSG00000222784	0	0	0
ENSG00000266210	0	0	0
ENSG00000265961	0	0	0
ENSG00000251866	0	0	0
ENSG00000252691	0	0	0
ENSG00000264371	0	0	0
ENSG00000253005	2	0	2
ENSG00000238316	0	0	0
ENSG00000207941	0	0	0
ENSG00000264773	0	0	0
ENSG00000252448	0	0	0
ENSG00000200421	0	0	0
ENSG00000222282	1	1	0
ENSG00000199963	0	0	0
ENSG00000264698	0	0	0
ENSG00000207328	0	0	0
ENSG00000207466	0	0	0
ENSG00000252368	0	0	0
ENSG00000206779	0	0	0
ENSG00000265596	0	0	0
ENSG00000212541	4	4	0
ENSG00000200796	0	0	0
ENSG00000252190	0	0	0
ENSG00000264613	0	0	0
ENSG00000199240	0	0	0
ENSG00000277168	0	0	0
ENSG00000283724	0	0	0
ENSG00000284410	0	0	0
ENSG00000252018	0	0	0
ENSG00000206627	0	0	0
ENSG00000283414	0	0	0
ENSG00000207508	0	0	0
ENSG00000200171	0	0	0
ENSG00000207194	0	0	0
ENSG00000283477	0	0	0
ENSG00000264834	0	0	0
ENSG00000263675	1	0	1
ENSG00000266188	0	0	0
ENSG00000206981	0	0	0
ENSG00000200174	0	0	0
ENSG00000265822	0	0	0
ENSG00000265815	0	0	0
ENSG00000238653	0	0	0
ENSG00000212624	1	1	0
ENSG00000200575	0	0	0
ENSG00000212360	0	0	0
ENSG00000242860	0	0	0
ENSG00000263908	0	0	0
ENSG00000283690	0	0	0
ENSG00000199921	0	0	0
ENSG00000251825	0	0	0
ENSG00000201153	0	0	0
ENSG00000222624	0	0	0
ENSG00000223152	0	0	0
ENSG00000212308	0	0	0
ENSG00000279049	0	20	0
ENSG00000276081	0	0	0
ENSG00000239640	0	0	0
ENSG00000252338	0	0	0
ENSG00000251785	0	0	0
ENSG00000239319	0	0	0
ENSG00000222849	0	0	0
ENSG00000283749	0	0	0
ENSG00000251958	0	0	0
ENSG00000251767	0	0	0
ENSG00000243437	0	0	0
ENSG00000202263	0	0	0
ENSG00000199318	0	0	0
ENSG00000199666	0	0	0
ENSG00000200601	0	0	0
ENSG00000242482	0	0	0
ENSG00000212366	0	0	0
ENSG00000201620	0	0	0
ENSG00000206817	0	0	0
ENSG00000284247	0	0	0
ENSG00000200839	0	0	0
ENSG00000264963	0	0	0
ENSG00000264271	0	0	0
ENSG00000239504	0	0	0
ENSG00000284202	0	0	0
ENSG00000251720	0	0	0
ENSG00000274321	0	0	0
ENSG00000198974	0	0	0
ENSG00000212248	0	0	0
ENSG00000207962	0	0	0
ENSG00000276884	0	0	0
ENSG00000207234	0	0	0
ENSG00000202259	0	0	0
ENSG00000212459	0	0	0
ENSG00000278287	0	0	0
ENSG00000277565	0	0	0
ENSG00000263526	0	0	0
ENSG00000211575	0	0	0
ENSG00000275823	0	0	0
ENSG00000277689	0	0	0
ENSG00000274199	0	0	0
ENSG00000202254	0	0	0
ENSG00000244256	0	0	0
ENSG00000201491	0	0	0
ENSG00000199831	0	0	0
ENSG00000275455	0	0	0
ENSG00000252162	0	0	0
ENSG00000272051	0	0	0
ENSG00000283899	0	0	0
ENSG00000200800	0	0	0
ENSG00000207502	0	0	0
ENSG00000252530	0	0	0
ENSG00000200536	0	0	0
ENSG00000211543	0	0	0
ENSG00000252797	0	0	0
ENSG00000212266	0	0	0
ENSG00000222209	0	0	0
ENSG00000277141	0	0	0
ENSG00000215930	0	0	0
ENSG00000238761	0	0	0
ENSG00000201114	0	0	0
ENSG00000206679	0	0	0
ENSG00000264419	0	0	0
ENSG00000222069	0	0	0
ENSG00000274428	0	0	0
ENSG00000199879	0	0	0
ENSG00000274408	0	0	0
ENSG00000283676	1	0	1
ENSG00000252005	0	0	0
ENSG00000252510	0	0	0
ENSG00000207340	0	0	0
ENSG00000252830	0	0	0
ENSG00000274450	0	0	0
ENSG00000252135	0	0	0
ENSG00000278596	0	0	0
ENSG00000238825	0	0	0
ENSG00000201183	2	2	0
ENSG00000202408	0	0	0
ENSG00000252744	0	0	0
ENSG00000273768	0	0	0
ENSG00000242565	0	0	0
ENSG00000239984	0	0	0
ENSG00000283296	0	0	0
ENSG00000252717	0	0	0
ENSG00000194297	0	0	0
ENSG00000199565	0	0	0
ENSG00000277313	0	0	0
ENSG00000274940	0	0	0
ENSG00000207341	0	0	0
ENSG00000207472	0	0	0
ENSG00000206880	0	0	0
ENSG00000252552	0	0	0
ENSG00000199849	0	0	0
ENSG00000252407	0	0	0
ENSG00000212538	0	0	0
ENSG00000251813	0	0	0
ENSG00000207108	0	0	0
ENSG00000201312	0	0	0
ENSG00000207039	0	0	0
ENSG00000202491	0	0	0
ENSG00000201596	0	0	0
ENSG00000276839	0	0	0
ENSG00000207974	0	0	0
ENSG00000273629	0	0	0
ENSG00000201493	0	0	0
ENSG00000215952	0	0	0
ENSG00000200139	0	0	0
ENSG00000283575	0	0	0
ENSG00000238765	0	0	0
ENSG00000264916	0	0	0
ENSG00000212338	0	0	0
ENSG00000206659	0	0	0
ENSG00000253025	0	0	0
ENSG00000201619	0	0	0
ENSG00000201544	0	0	0
ENSG00000202498	0	0	0
ENSG00000221545	0	0	0
ENSG00000252906	0	0	0
ENSG00000206692	0	0	0
ENSG00000202329	0	0	0
ENSG00000242794	0	0	0
ENSG00000212144	0	0	0
ENSG00000283340	0	0	0
ENSG00000252860	0	0	0
ENSG00000252501	0	0	0
ENSG00000263390	0	0	0
ENSG00000207181	1	0	1
ENSG00000265744	0	0	0
ENSG00000264377	0	0	0
ENSG00000207149	0	0	0
ENSG00000283936	0	0	0
ENSG00000284485	0	0	0
ENSG00000201638	0	0	0
ENSG00000275213	0	0	0
ENSG00000239494	2	0	2
ENSG00000212230	0	0	0
ENSG00000252371	0	0	0
ENSG00000199442	0	0	0
ENSG00000200033	2	0	2
ENSG00000239690	0	0	0
ENSG00000202184	0	0	0
ENSG00000241395	1	0	1
ENSG00000200982	0	0	0
ENSG00000275207	0	0	0
ENSG00000202300	0	0	0
ENSG00000222407	0	0	0
ENSG00000222986	0	0	0
ENSG00000265435	0	0	0
ENSG00000272262	0	0	0
ENSG00000200495	0	0	0
ENSG00000202609	0	0	0
ENSG00000252553	0	0	0
ENSG00000206764	0	0	0
ENSG00000222240	0	0	0
ENSG00000212187	0	0	0
ENSG00000206637	0	0	0
ENSG00000253097	0	0	0
ENSG00000200036	0	0	0
ENSG00000201421	0	0	0
ENSG00000212610	0	0	0
ENSG00000252484	0	0	0
ENSG00000201944	0	0	0
ENSG00000200327	0	0	0
ENSG00000206905	0	0	0
ENSG00000200972	0	0	0
ENSG00000243051	0	0	0
ENSG00000252011	0	0	0
ENSG00000207326	0	0	0
ENSG00000212205	0	0	0
ENSG00000253042	0	0	0
ENSG00000274121	0	0	0
ENSG00000264358	0	0	0
ENSG00000206640	0	0	0
ENSG00000212527	0	0	0
ENSG00000252879	0	0	0
ENSG00000252612	0	0	0
ENSG00000202264	0	0	0
ENSG00000285609	0	0	0
ENSG00000206762	2	2	0
ENSG00000252084	0	0	0
ENSG00000200085	0	0	0
ENSG00000264500	1	1	0
ENSG00000202025	0	0	0
ENSG00000225545	0	0	0
ENSG00000206990	0	0	0
ENSG00000230175	0	0	0
ENSG00000225272	0	0	0
ENSG00000215838	1	0	1
ENSG00000273365	2	0	2
ENSG00000224358	4	0	5
ENSG00000230659	0	0	0
ENSG00000162545	17	0	17
ENSG00000090432	661	0	661
ENSG00000215520	0	0	0
ENSG00000183114	0	0	0
ENSG00000158825	2002	1	2001
ENSG00000158828	334	51	1653
ENSG00000284005	0	0	0
ENSG00000117242	24	1326	68
ENSG00000234473	1	0	1
ENSG00000238754	0	0	0
ENSG00000134371	372	1	371
ENSG00000221680	0	0	0
ENSG00000162630	29	0	29
ENSG00000276735	0	0	0
ENSG00000232077	1	0	1
ENSG00000229639	0	0	0
ENSG00000287453	0	0	0
ENSG00000270615	0	0	0
ENSG00000287283	0	0	0
ENSG00000240692	0	0	0
ENSG00000229359	0	0	0
ENSG00000237919	0	0	0
ENSG00000066557	126	0	126
ENSG00000244389	0	0	0
ENSG00000228988	0	0	0
ENSG00000118454	184	2	183
ENSG00000226088	1	1	0
ENSG00000116761	8	0	8
ENSG00000278636	0	0	0
ENSG00000271992	0	0	0
ENSG00000233020	0	0	0
ENSG00000237033	0	0	0
ENSG00000226208	0	0	0
ENSG00000007968	557	0	557
ENSG00000235052	0	0	0
ENSG00000117318	209	0	209
ENSG00000285802	1	0	1
ENSG00000229239	0	0	0
ENSG00000142676	21260	123	21137
ENSG00000057757	731	2	729
ENSG00000011009	1751	1	1751
ENSG00000117308	198	1	197
ENSG00000273844	0	0	0
ENSG00000235748	1	0	1
ENSG00000237861	0	0	0
ENSG00000221879	0	0	0
ENSG00000230260	0	1	0
ENSG00000199241	0	0	0
ENSG00000226919	0	0	0
ENSG00000223963	0	0	0
ENSG00000215802	0	0	0
ENSG00000233615	0	0	0
ENSG00000238085	0	0	0
ENSG00000265831	0	0	0
ENSG00000224348	0	0	0
ENSG00000286496	0	0	0
ENSG00000287516	0	0	0
ENSG00000287738	0	0	0
ENSG00000132703	0	0	0
ENSG00000276632	0	0	0
ENSG00000223603	0	0	0
ENSG00000132693	0	0	0
ENSG00000235226	0	0	0
ENSG00000158716	366	1	365
ENSG00000181036	336	23	313
ENSG00000158714	166	21	769
ENSG00000212161	0	0	0
ENSG00000243284	0	0	0
ENSG00000272668	43	1	43
ENSG00000213085	22	0	22
ENSG00000266458	0	0	0
ENSG00000287040	2	0	2
ENSG00000279430	1	0	1
ENSG00000162723	1	0	1
ENSG00000273933	1	1	0
ENSG00000256029	1	269	4
ENSG00000188004	0	0	0
ENSG00000266580	0	0	0
ENSG00000254545	0	63	0
ENSG00000203620	0	0	0
ENSG00000269967	1	0	1
ENSG00000228634	0	0	0
ENSG00000284702	0	0	0
ENSG00000221040	0	0	0
ENSG00000287217	0	0	0
ENSG00000163399	1489	21	5665
ENSG00000212385	0	0	0
ENSG00000233154	12	0	12
ENSG00000230381	0	0	0
ENSG00000200547	0	0	0
ENSG00000224950	32	0	38
ENSG00000286276	4	10	0
ENSG00000177888	80	0	80
ENSG00000243364	115	0	115
ENSG00000251246	0	0	0
ENSG00000143590	16	0	16
ENSG00000202027	0	0	0
ENSG00000169242	37	0	37
ENSG00000169241	557	0	557
ENSG00000223452	0	0	0
ENSG00000163463	55	2	53
ENSG00000273088	0	0	0
ENSG00000284586	0	0	0
ENSG00000169231	165	1	347
ENSG00000236263	0	33	2
ENSG00000236675	91	91	0
ENSG00000177628	1308	0	1308
ENSG00000116521	1039	0	1039
ENSG00000176444	1045	1	1044
ENSG00000143630	11	0	17
ENSG00000143627	0	6	0
ENSG00000253074	0	0	0
ENSG00000252116	0	0	0
ENSG00000228523	0	0	0
ENSG00000223263	0	0	0
ENSG00000207504	0	0	0
ENSG00000238139	0	0	0
ENSG00000197721	21	0	21
ENSG00000244703	0	0	0
ENSG00000226289	0	0	0
ENSG00000285239	0	0	0
ENSG00000234219	1	0	1
ENSG00000174059	8	0	8
ENSG00000285719	0	0	0
ENSG00000284237	1	0	1
ENSG00000158731	0	0	0
ENSG00000201746	0	0	0
ENSG00000264881	0	0	0
ENSG00000199562	0	0	0
ENSG00000264501	0	0	0
ENSG00000284735	1	1	0
ENSG00000284642	11	0	11
ENSG00000142657	7567	5	7562
ENSG00000271989	0	3	0
ENSG00000251503	0	0	0
ENSG00000175279	5	0	5
ENSG00000160049	312	1	353
ENSG00000203469	0	20	0
ENSG00000236035	0	0	0
ENSG00000221643	2	0	2
ENSG00000122188	205	0	205
ENSG00000288644	0	0	0
ENSG00000227417	0	0	0
ENSG00000223505	0	0	0
ENSG00000182004	499	1	498
ENSG00000236430	0	0	0
ENSG00000130768	11	1	14
ENSG00000227050	0	11	1
ENSG00000238231	1	1	0
ENSG00000240750	0	0	0
ENSG00000158156	759	0	767
ENSG00000182118	29	0	29
ENSG00000283799	0	0	0
ENSG00000227934	3	3	0
ENSG00000229595	0	0	0
ENSG00000143633	221	0	221
ENSG00000281912	7	0	7
ENSG00000288208	0	0	0
ENSG00000132773	184	40	200
ENSG00000070759	161	16	168
ENSG00000236872	0	0	0
ENSG00000280670	33	0	33
ENSG00000132763	68	1104	79
ENSG00000221953	0	0	0
ENSG00000226164	0	0	0
ENSG00000224014	1	0	1
ENSG00000215795	1	0	1
ENSG00000259865	62	0	62
ENSG00000227671	379	0	379
ENSG00000283881	0	0	0
ENSG00000252516	0	0	0
ENSG00000232347	0	0	0
ENSG00000214144	0	0	0
ENSG00000235818	0	0	0
ENSG00000197617	0	0	0
ENSG00000202079	0	0	0
ENSG00000286216	3	2	1
ENSG00000203664	0	0	0
ENSG00000169224	79	1	82
ENSG00000236817	0	3	0
ENSG00000177489	0	0	0
ENSG00000177476	0	0	0
ENSG00000283369	0	0	0
ENSG00000230411	0	0	0
ENSG00000251977	0	0	0
ENSG00000252254	0	0	0
ENSG00000227854	0	0	0
ENSG00000287589	0	0	0
ENSG00000259776	0	0	0
ENSG00000233355	259	1	269
ENSG00000234601	0	0	0
ENSG00000231979	0	0	0
ENSG00000215805	0	0	0
ENSG00000287102	0	0	0
ENSG00000217327	0	0	0
ENSG00000228818	0	0	0
ENSG00000202041	0	0	0
ENSG00000223694	0	0	0
ENSG00000233735	0	0	0
ENSG00000133019	1	10	2
ENSG00000162636	318	2	316
ENSG00000162639	474	2	472
ENSG00000285923	3	0	3
ENSG00000134186	1126	18	1108
ENSG00000143107	1	0	1
ENSG00000232971	0	0	0
ENSG00000116266	785	4	781
ENSG00000228076	0	0	0
ENSG00000203897	0	0	0
ENSG00000237349	0	0	0
ENSG00000244716	24	0	24
ENSG00000228665	0	0	0
ENSG00000228054	0	0	0
ENSG00000273382	12	54	11
ENSG00000215717	1188	2	1239
ENSG00000278249	0	0	0
ENSG00000270066	0	0	0
ENSG00000251484	1	1	0
ENSG00000132676	1426	76	1427
ENSG00000227673	0	0	0
ENSG00000203761	58	61	42
ENSG00000234937	3	3	0
ENSG00000132718	453	1	452
ENSG00000283442	0	0	0
ENSG00000143622	764	1	763
ENSG00000132680	563	0	563
ENSG00000207475	0	0	0
ENSG00000280466	0	0	0
ENSG00000281394	0	0	0
ENSG00000277817	1	0	1
ENSG00000273002	37	0	37
ENSG00000224276	0	0	0
ENSG00000285677	2	1329	2
ENSG00000163479	3448	7	4769
ENSG00000160803	508	2	506
ENSG00000132698	3	0	3
ENSG00000252236	0	0	0
ENSG00000260238	0	0	0
ENSG00000242252	7	0	7
ENSG00000198952	2198	3	2195
ENSG00000163472	211	435	232
ENSG00000163468	2397	2	2396
ENSG00000132677	1	0	1
ENSG00000237390	0	0	0
ENSG00000207933	0	0	0
ENSG00000254726	0	0	0
ENSG00000186377	0	0	0
ENSG00000186160	0	0	0
ENSG00000225154	0	0	0
ENSG00000225506	2	1	2
ENSG00000225514	0	0	0
ENSG00000224805	35	0	48
ENSG00000162366	580	1	579
ENSG00000226252	10	73	1
ENSG00000225762	3	3	0
ENSG00000186790	0	0	0
ENSG00000237424	76	0	76
ENSG00000189030	1	0	1
ENSG00000162763	0	0	0
ENSG00000143061	3	0	3
ENSG00000135821	8797	24	8773
ENSG00000203740	0	0	0
ENSG00000162374	0	0	0
ENSG00000168275	163	6	227
ENSG00000241563	1	0	1
ENSG00000153207	681	2	679
ENSG00000156869	67	0	67
ENSG00000033122	3	3	0
ENSG00000143278	0	0	0
ENSG00000116678	42	0	42
ENSG00000159352	2922	5	2917
ENSG00000158710	19436	11	19425
ENSG00000162734	1507	6	1555
ENSG00000049239	1843	1	1842
ENSG00000186564	8	0	8
ENSG00000244038	2651	5	2646
ENSG00000158747	43	0	43
ENSG00000116690	5	205	7
ENSG00000126091	45	0	45
ENSG00000162383	60	1	59
ENSG00000171163	505	2	503
ENSG00000172456	38	0	38
ENSG00000162946	446	2	444
ENSG00000158786	0	0	0
ENSG00000118733	0	0	0
ENSG00000157870	347	15	440
ENSG00000179085	221	0	221
ENSG00000173080	0	0	0
ENSG00000183347	45	0	45
ENSG00000276470	0	0	0
ENSG00000278852	0	0	0
ENSG00000275915	0	0	0
ENSG00000120937	0	0	0
ENSG00000224904	0	0	0
ENSG00000285646	8	7	1
ENSG00000199347	0	0	0
ENSG00000201801	0	0	0
ENSG00000116685	2124	2	2122
ENSG00000083444	1817	1	1816
ENSG00000287384	1	0	1
ENSG00000270914	0	0	0
ENSG00000116691	1074	3	1071
ENSG00000202461	0	0	0
ENSG00000276869	0	0	0
ENSG00000243539	0	0	0
ENSG00000120949	335	2	333
ENSG00000201135	0	0	0
ENSG00000227875	0	0	0
ENSG00000285604	0	0	0
ENSG00000283789	0	0	0
ENSG00000263676	0	0	0
ENSG00000200591	0	0	0
ENSG00000162521	1402	16	2143
ENSG00000162520	2	742	17
ENSG00000224409	0	0	0
ENSG00000162522	84	0	84
ENSG00000116497	454	2	454
ENSG00000160097	2	2	0
ENSG00000121905	0	0	0
ENSG00000121900	0	0	0
ENSG00000287691	9	10	0
ENSG00000278966	13	13	0
ENSG00000143222	1187	2	1449
ENSG00000224985	0	262	2
ENSG00000143224	251	44	260
ENSG00000158850	910	10	948
ENSG00000158859	8	2	6
ENSG00000158869	10122	2	10120
ENSG00000158874	1	1	0
ENSG00000158882	163	1	289
ENSG00000284035	0	0	0
ENSG00000143257	6	133	0
ENSG00000248485	5	5	0
ENSG00000188931	12	13	0
ENSG00000236484	0	0	0
ENSG00000283696	30	0	30
ENSG00000288093	4	0	4
ENSG00000206921	0	0	0
ENSG00000215840	0	0	0
ENSG00000277882	0	0	0
ENSG00000283317	2	2	0
ENSG00000277762	0	0	0
ENSG00000227139	0	0	0
ENSG00000265107	0	0	0
ENSG00000274415	0	0	0
ENSG00000234190	0	0	0
ENSG00000223728	0	0	0
ENSG00000121634	0	0	0
ENSG00000188092	62	0	62
ENSG00000215859	13	13	0
ENSG00000273059	0	0	0
ENSG00000274372	5	0	5
ENSG00000206791	0	0	0
ENSG00000206585	0	0	0
ENSG00000229828	0	0	0
ENSG00000225080	0	0	0
ENSG00000198658	1	0	1
ENSG00000238382	0	0	0
ENSG00000225919	0	0	0
ENSG00000236497	0	0	0
ENSG00000207190	0	0	0
ENSG00000200508	0	0	0
ENSG00000284928	0	0	0
ENSG00000223949	0	0	0
ENSG00000116688	2276	5	2271
ENSG00000188800	0	0	0
ENSG00000084073	517	1	517
ENSG00000231296	0	1	0
ENSG00000049089	248	1	247
ENSG00000227311	0	0	0
ENSG00000213172	0	0	0
ENSG00000284677	1	1	0
ENSG00000187801	21	0	21
ENSG00000260920	32	0	32
ENSG00000158887	107	0	107
ENSG00000255054	0	0	0
ENSG00000228172	5	289	10
ENSG00000117640	472	3	648
ENSG00000272478	0	0	0
ENSG00000127423	15	11	10
ENSG00000182749	248	11	339
ENSG00000207302	0	0	0
ENSG00000117632	1216	0	1216
ENSG00000229786	0	0	0
ENSG00000223624	0	0	0
ENSG00000283938	0	0	0
ENSG00000199385	0	0	0
ENSG00000187147	1222	18	1702
ENSG00000263381	0	0	0
ENSG00000126106	43	480	61
ENSG00000198520	446	5	441
ENSG00000199377	0	0	0
ENSG00000200169	0	0	0
ENSG00000142945	109	7	122
ENSG00000142937	14292	30	15662
ENSG00000264294	0	0	0
ENSG00000200913	0	0	0
ENSG00000202031	0	0	0
ENSG00000207421	0	0	0
ENSG00000281859	0	0	0
ENSG00000234093	0	0	0
ENSG00000142959	10	0	10
ENSG00000173846	293	2	309
ENSG00000117425	18	0	18
ENSG00000202444	0	0	0
ENSG00000226499	0	0	0
ENSG00000070785	188	0	189
ENSG00000253039	0	0	0
ENSG00000229815	0	1	0
ENSG00000232369	1	1	0
ENSG00000268949	0	0	0
ENSG00000126107	954	1	957
ENSG00000126088	833	4	833
ENSG00000234315	0	0	0
ENSG00000162408	383	0	383
ENSG00000229519	0	0	0
ENSG00000173662	0	0	0
ENSG00000204859	648	7	641
ENSG00000288629	0	0	0
ENSG00000230735	0	4	0
ENSG00000171488	714	3	711
ENSG00000226394	0	0	0
ENSG00000237200	0	0	0
ENSG00000070886	0	0	0
ENSG00000276835	0	0	0
ENSG00000265422	0	0	0
ENSG00000223776	1	24	2
ENSG00000273058	15	1	14
ENSG00000230325	1	5	3
ENSG00000119285	294	497	467
ENSG00000226498	0	0	0
ENSG00000237991	2	0	2
ENSG00000244020	0	0	0
ENSG00000288099	0	0	0
ENSG00000225886	36	44	0
ENSG00000206767	0	0	0
ENSG00000226662	0	0	0
ENSG00000207095	0	0	0
ENSG00000287244	0	0	0
ENSG00000231344	2	0	2
ENSG00000230833	0	0	0
ENSG00000117758	581	0	581
ENSG00000269971	0	0	0
ENSG00000270031	1	0	1
ENSG00000223062	1	0	1
ENSG00000286433	0	37	0
ENSG00000117751	777	2	812
ENSG00000252947	0	0	0
ENSG00000130775	7422	7	7422
ENSG00000117748	1122	42	1087
ENSG00000223643	0	0	0
ENSG00000230239	1	0	1
ENSG00000263811	0	0	0
ENSG00000277234	0	0	0
ENSG00000235241	0	125	1
ENSG00000207005	0	0	0
ENSG00000272426	0	0	0
ENSG00000117122	0	0	0
ENSG00000286898	0	0	0
ENSG00000226526	0	48	0
ENSG00000159363	921	0	948
ENSG00000117118	1266	0	1266
ENSG00000117115	4020	6	4014
ENSG00000204362	0	0	0
ENSG00000282843	0	0	0
ENSG00000142623	0	0	0
ENSG00000142619	0	0	0
ENSG00000266634	0	0	0
ENSG00000199459	0	0	0
ENSG00000273264	0	0	0
ENSG00000282057	0	0	0
ENSG00000272691	0	0	0
ENSG00000199934	0	0	0
ENSG00000230285	0	0	0
ENSG00000142871	0	0	0
ENSG00000226643	0	0	0
ENSG00000234419	0	0	0
ENSG00000276997	0	0	0
ENSG00000222399	0	0	0
ENSG00000267305	0	0	0
ENSG00000143512	5	0	5
ENSG00000143498	45	0	47
ENSG00000225265	6	2	6
ENSG00000154305	1146	40	1427
ENSG00000229399	0	0	0
ENSG00000272750	15	320	15
ENSG00000186063	320	11	320
ENSG00000162819	639	2	647
ENSG00000287684	0	2	0
ENSG00000234523	0	0	0
ENSG00000287338	4	0	4
ENSG00000187554	519	11	508
ENSG00000236846	0	0	0
ENSG00000226601	0	0	0
ENSG00000164010	183	8	309
ENSG00000164011	175	0	175
ENSG00000233708	0	0	0
ENSG00000237090	0	0	0
ENSG00000225099	0	0	0
ENSG00000284138	2	0	2
ENSG00000283973	0	3	0
ENSG00000207256	0	0	0
ENSG00000283136	0	0	0
ENSG00000277513	0	0	0
ENSG00000154309	62	0	62
ENSG00000226967	0	0	0
ENSG00000231407	0	0	0
ENSG00000229570	0	0	0
ENSG00000203857	0	0	0
ENSG00000226443	1	0	1
ENSG00000249798	0	0	0
ENSG00000239873	0	0	0
ENSG00000203855	0	0	0
ENSG00000240244	0	0	0
ENSG00000260941	4	0	4
ENSG00000198857	1	1	0
ENSG00000143067	48	0	48
ENSG00000134240	0	0	0
ENSG00000134193	17	0	17
ENSG00000215864	0	0	0
ENSG00000227205	0	0	0
ENSG00000226446	0	0	0
ENSG00000134249	0	0	0
ENSG00000092621	111	0	111
ENSG00000027644	0	0	0
ENSG00000241992	0	0	0
ENSG00000234226	0	0	0
ENSG00000137970	48	0	48
ENSG00000223229	0	0	0
ENSG00000285698	0	0	0
ENSG00000228035	0	0	0
ENSG00000287103	0	0	0
ENSG00000226973	0	0	0
ENSG00000274468	0	0	0
ENSG00000130764	715	11	803
ENSG00000266075	0	0	1
ENSG00000272153	14	111	1
ENSG00000230026	0	0	0
ENSG00000285177	1	0	1
ENSG00000284770	2	20	2
ENSG00000229795	0	0	0
ENSG00000238236	0	0	0
ENSG00000235638	0	0	0
ENSG00000231199	0	0	0
ENSG00000226663	0	0	0
ENSG00000231582	0	0	0
ENSG00000232714	0	0	0
ENSG00000235761	0	0	0
ENSG00000270710	0	0	0
ENSG00000227236	0	0	0
ENSG00000198837	3404	9	3560
ENSG00000160741	1743	1	1742
ENSG00000276584	0	0	0
ENSG00000282386	4	0	4
ENSG00000273026	3	1	2
ENSG00000143578	66	13	77
ENSG00000143543	287	8	299
ENSG00000285641	0	6	1
ENSG00000143545	40	4	36
ENSG00000177954	28170	7	28163
ENSG00000231416	2	0	2
ENSG00000200220	0	0	0
ENSG00000231837	0	0	0
ENSG00000263987	0	0	0
ENSG00000162642	210	2	208
ENSG00000223254	2	2	0
ENSG00000223653	1	19	4
ENSG00000116198	417	2	417
ENSG00000169598	231	0	233
ENSG00000226653	0	0	0
ENSG00000207209	0	0	0
ENSG00000272443	0	0	0
ENSG00000272480	0	0	0
ENSG00000288626	0	0	0
ENSG00000162836	164	0	164
ENSG00000207080	0	0	0
ENSG00000231791	0	0	0
ENSG00000244568	0	0	0
ENSG00000271387	0	0	0
ENSG00000116667	219	1	218
ENSG00000230470	0	0	0
ENSG00000232036	0	0	0
ENSG00000285847	0	0	0
ENSG00000286378	0	0	0
ENSG00000215381	0	0	0
ENSG00000261326	47	0	47
ENSG00000284726	4	4	0
ENSG00000125945	139	3	139
ENSG00000201405	0	0	0
ENSG00000271420	2	0	2
ENSG00000204219	136	1	135
ENSG00000232482	0	0	0
ENSG00000285779	0	0	0
ENSG00000162885	99	66	138
ENSG00000270780	0	0	0
ENSG00000232895	0	0	0
ENSG00000273698	0	0	0
ENSG00000273112	3	0	3
ENSG00000173110	3333	25	3308
ENSG00000224203	1	4	0
ENSG00000224515	0	0	0
ENSG00000225217	691	1	690
ENSG00000231586	4	5	0
ENSG00000234211	0	25	0
ENSG00000213075	0	0	0
ENSG00000143125	0	0	1
ENSG00000270380	0	1	0
ENSG00000282887	0	0	0
ENSG00000283999	0	0	0
ENSG00000240194	0	0	0
ENSG00000235407	0	0	0
ENSG00000143105	0	0	0
ENSG00000199710	0	0	0
ENSG00000237415	0	0	0
ENSG00000232791	0	0	0
ENSG00000177301	23	0	23
ENSG00000226828	3	3	0
ENSG00000279774	1	0	1
ENSG00000229960	0	0	0
ENSG00000286486	0	0	0
ENSG00000244066	0	0	0
ENSG00000237759	0	0	0
ENSG00000287531	0	0	0
ENSG00000225855	57	848	22
ENSG00000283701	0	0	0
ENSG00000207134	0	0	0
ENSG00000227773	0	0	0
ENSG00000207144	0	0	0
ENSG00000237872	0	0	0
ENSG00000271267	1	1	0
ENSG00000225082	1	0	1
ENSG00000223503	0	0	0
ENSG00000232519	3	2	1
ENSG00000160752	442	7	1242
ENSG00000121957	52	138	78
ENSG00000235089	1	0	1
ENSG00000285179	0	0	0
ENSG00000223026	0	0	0
ENSG00000225721	1	1411	11
ENSG00000188396	1	19	0
ENSG00000202167	0	0	0
ENSG00000207349	0	0	0
ENSG00000252826	0	0	0
ENSG00000206737	0	0	0
ENSG00000223779	0	0	0
ENSG00000242352	0	0	0
ENSG00000270962	0	0	0
ENSG00000263590	0	0	0
ENSG00000252105	0	0	0
ENSG00000233430	0	0	0
ENSG00000237503	0	0	0
ENSG00000265531	136	0	155
ENSG00000234571	15	32	2
ENSG00000230186	0	0	0
ENSG00000268074	0	0	0
ENSG00000270872	1	0	1
ENSG00000276674	0	0	0
ENSG00000082482	0	0	0
ENSG00000116747	257	11	326
ENSG00000118729	0	0	0
ENSG00000134207	2	0	2
ENSG00000163467	2	3	0
ENSG00000243710	3	1	3
ENSG00000117395	421	2	420
ENSG00000116874	100	4	104
ENSG00000065600	207	0	207
ENSG00000009780	132	0	132
ENSG00000023572	145	119	98
ENSG00000077254	748	2	746
ENSG00000134644	927	1	926
ENSG00000215788	612	15	691
ENSG00000117834	29	7	24
ENSG00000117625	438	1	437
ENSG00000179902	3	0	3
ENSG00000020633	2776	7	2769
ENSG00000121766	363	2	494
ENSG00000143157	980	2	979
ENSG00000162614	157	2	159
ENSG00000160781	142	0	142
ENSG00000143344	173	0	173
ENSG00000162613	1100	9	1091
ENSG00000116882	0	0	0
ENSG00000198758	1	0	1
ENSG00000117569	114	0	114
ENSG00000142856	104	56	100
ENSG00000158022	0	0	0
ENSG00000116396	53	0	53
ENSG00000058668	1674	2	1672
ENSG00000163875	767	2	765
ENSG00000282872	0	0	0
ENSG00000131238	7899	6	7896
ENSG00000171680	25	0	25
ENSG00000244457	0	0	0
ENSG00000116977	882	218	1448
ENSG00000229372	0	211	1
ENSG00000274975	0	0	0
ENSG00000229348	0	0	0
ENSG00000242485	777	34	906
ENSG00000264293	0	0	0
ENSG00000272455	31	0	31
ENSG00000225905	0	0	0
ENSG00000225285	0	0	0
ENSG00000179403	0	0	0
ENSG00000215915	18	0	18
ENSG00000236085	0	0	0
ENSG00000234441	0	0	0
ENSG00000227408	0	0	0
ENSG00000223635	0	0	0
ENSG00000135776	214	0	214
ENSG00000199672	0	0	0
ENSG00000201492	0	0	0
ENSG00000229367	0	0	0
ENSG00000135763	172	1	171
ENSG00000213028	1	1	0
ENSG00000225984	0	0	0
ENSG00000178828	0	0	0
ENSG00000235434	0	0	0
ENSG00000169914	97	1	96
ENSG00000188784	0	0	0
ENSG00000242688	0	0	0
ENSG00000177186	0	0	0
ENSG00000177174	0	0	0
ENSG00000269956	9	209	0
ENSG00000162456	0	0	0
ENSG00000079277	1016	0	1216
ENSG00000117407	1	0	1
ENSG00000237950	22	0	22
ENSG00000117408	511	0	511
ENSG00000285649	2	37	1
ENSG00000117410	3930	0	3930
ENSG00000159214	20	2	24
ENSG00000196517	46	7	48
ENSG00000227163	0	0	0
ENSG00000271647	0	0	0
ENSG00000239560	0	0	0
ENSG00000196539	0	0	0
ENSG00000229255	0	0	0
ENSG00000203661	0	0	0
ENSG00000271934	0	0	0
ENSG00000224521	0	0	1
ENSG00000227102	0	0	0
ENSG00000183310	0	0	0
ENSG00000201602	0	0	0
ENSG00000271701	0	0	0
ENSG00000189181	0	0	0
ENSG00000187238	0	0	0
ENSG00000185962	0	0	0
ENSG00000226947	0	0	0
ENSG00000285753	0	0	0
ENSG00000187223	0	0	0
ENSG00000159455	0	0	0
ENSG00000187173	0	0	0
ENSG00000204501	0	0	0
ENSG00000228229	0	0	0
ENSG00000204481	0	0	0
ENSG00000204479	0	0	0
ENSG00000172031	8	0	8
ENSG00000233228	0	0	0
ENSG00000224678	0	0	0
ENSG00000233401	0	0	0
ENSG00000273487	4	0	4
ENSG00000226773	0	0	0
ENSG00000274481	0	0	0
ENSG00000228594	177	0	177
ENSG00000286989	25	0	25
ENSG00000272106	52	2	53
ENSG00000189409	3	0	3
ENSG00000272004	1	103	3
ENSG00000189339	973	13	1065
ENSG00000269737	6	5	1
ENSG00000215914	1	0	1
ENSG00000008128	55	0	55
ENSG00000268575	20	0	35
ENSG00000227775	179	199	0
ENSG00000008130	9794	8	9786
ENSG00000078369	7232	15	7217
ENSG00000178821	0	0	0
ENSG00000158477	27	0	27
ENSG00000230942	0	0	0
ENSG00000158481	109	0	109
ENSG00000158485	2	0	2
ENSG00000158488	3	0	3
ENSG00000186306	0	0	0
ENSG00000203758	0	0	0
ENSG00000236257	0	0	0
ENSG00000236656	0	0	0
ENSG00000198703	0	0	0
ENSG00000227445	0	0	0
ENSG00000231434	0	0	0
ENSG00000117505	989	3	1004
ENSG00000229635	2	2	0
ENSG00000207379	0	0	0
ENSG00000212601	0	0	0
ENSG00000162889	2750	4	2746
ENSG00000224114	109	4	105
ENSG00000199349	0	0	0
ENSG00000162892	72	621	4
ENSG00000162894	3026	6	3573
ENSG00000271680	12	12	0
ENSG00000226945	2	2	0
ENSG00000162896	1	0	1
ENSG00000162897	0	0	0
ENSG00000182795	29	1	28
ENSG00000198890	176	1	175
ENSG00000224550	0	0	0
ENSG00000142669	16022	22	24707
ENSG00000169442	5201	9	9455
ENSG00000225854	1	1	0
ENSG00000176083	298	0	298
ENSG00000229167	0	0	0
ENSG00000142910	0	0	0
ENSG00000162517	1031	0	1178
ENSG00000235790	4	1	3
ENSG00000264078	0	0	0
ENSG00000241745	0	0	0
ENSG00000228407	0	0	0
ENSG00000223429	0	0	0
ENSG00000224255	0	0	0
ENSG00000236004	0	0	0
ENSG00000237663	0	0	0
ENSG00000213735	0	0	0
ENSG00000272100	2	105	2
ENSG00000287078	2	0	2
ENSG00000224680	0	0	0
ENSG00000085840	68	0	68
ENSG00000283445	2	0	2
ENSG00000272226	2	2	0
ENSG00000231740	0	0	0
ENSG00000143751	293	0	293
ENSG00000272562	9	2	8
ENSG00000163041	7279	6	7274
ENSG00000225518	0	0	0
ENSG00000270598	0	0	0
ENSG00000182827	276	1	304
ENSG00000234478	0	29	0
ENSG00000223570	0	0	0
ENSG00000185155	8	0	8
ENSG00000236773	0	0	0
ENSG00000143753	1021	0	1021
ENSG00000201898	0	0	0
ENSG00000237101	1	51	5
ENSG00000143748	252	4	303
ENSG00000221406	0	0	0
ENSG00000229742	0	0	0
ENSG00000206887	0	0	0
ENSG00000143771	649	1	648
ENSG00000266618	0	0	0
ENSG00000229991	0	0	0
ENSG00000233384	0	0	0
ENSG00000234247	0	0	0
ENSG00000183682	31	67	7
ENSG00000237624	0	0	0
ENSG00000228060	1	383	0
ENSG00000201457	0	0	0
ENSG00000163909	3	0	3
ENSG00000225903	0	0	0
ENSG00000116983	51	0	51
ENSG00000225333	0	0	0
ENSG00000252413	0	0	0
ENSG00000090621	1370	3	1749
ENSG00000236994	0	0	0
ENSG00000275406	0	0	0
ENSG00000270287	0	0	0
ENSG00000229965	0	0	0
ENSG00000223282	0	0	0
ENSG00000177770	0	0	0
ENSG00000287627	0	0	0
ENSG00000283933	0	0	0
ENSG00000143369	17	0	17
ENSG00000228126	3	0	3
ENSG00000237781	30	94	57
ENSG00000264553	4	4	0
ENSG00000277452	1	0	1
ENSG00000274963	4	1	3
ENSG00000253047	4	0	4
ENSG00000143420	2263	15	2248
ENSG00000276103	1	0	1
ENSG00000143457	284	1	283
ENSG00000143452	22	1	21
ENSG00000206931	0	0	0
ENSG00000236713	0	0	0
ENSG00000224690	0	0	0
ENSG00000203804	2	324	20
ENSG00000143384	18633	21	18612
ENSG00000154342	0	0	0
ENSG00000276255	1	0	1
ENSG00000284163	0	0	0
ENSG00000143793	254	15	239
ENSG00000162910	332	0	332
ENSG00000224566	0	0	0
ENSG00000287895	1	1	0
ENSG00000280157	3	1	2
ENSG00000227625	0	0	0
ENSG00000198835	11	0	11
ENSG00000203684	4	1	3
ENSG00000181873	138	0	138
ENSG00000162913	8	6	10
ENSG00000269934	19	16	34
ENSG00000270110	8	9	0
ENSG00000286773	0	0	0
ENSG00000287315	12	84	2
ENSG00000270104	1	0	1
ENSG00000154370	575	1	778
ENSG00000270094	0	205	0
ENSG00000284311	0	0	0
ENSG00000162931	9	6	4
ENSG00000230841	0	0	0
ENSG00000266174	0	0	0
ENSG00000279306	0	0	0
ENSG00000215811	5	0	5
ENSG00000202056	0	0	0
ENSG00000251823	0	0	0
ENSG00000171960	229	2	3