N_unmapped	152296	152296	152296
N_multimapping	5629664	5629664	5629664
N_noFeature	818016	18738048	909004
N_ambiguous	2590413	26238	598193
ENSG00000160072	149	0	149
ENSG00000234396	0	0	0
ENSG00000225972	3	1	2
ENSG00000224315	0	0	0
ENSG00000198744	6	1	5
ENSG00000279928	9	0	9
ENSG00000228037	19	1	18
ENSG00000142611	2	0	2
ENSG00000225630	1288	23	1265
ENSG00000284616	0	0	0
ENSG00000157911	48	330	97
ENSG00000269896	15	0	15
ENSG00000237973	614	5	623
ENSG00000228463	5	0	7
ENSG00000260972	0	0	0
ENSG00000157933	1387	2	1385
ENSG00000224340	0	1	0
ENSG00000226545	0	0	0
ENSG00000268663	0	0	0
ENSG00000226374	0	0	0
ENSG00000229280	0	0	0
ENSG00000142655	105	18	105
ENSG00000232596	0	0	0
ENSG00000235054	0	0	0
ENSG00000232663	0	0	0
ENSG00000240409	0	0	0
ENSG00000229344	4	0	5
ENSG00000231510	0	0	0
ENSG00000149527	123	3	120
ENSG00000284739	0	0	0
ENSG00000171621	46	0	46
ENSG00000272235	0	0	0
ENSG00000284694	0	0	0
ENSG00000230021	4	16	4
ENSG00000287356	3	3	1
ENSG00000224387	1	1	0
ENSG00000285629	0	0	0
ENSG00000173673	0	0	0
ENSG00000142583	27	0	27
ENSG00000284674	0	0	0
ENSG00000272161	1	0	1
ENSG00000237094	128	0	128
ENSG00000224338	0	0	0
ENSG00000074800	5485	1	5484
ENSG00000116786	988	0	1115
ENSG00000287727	2	2	0
ENSG00000228423	0	0	0
ENSG00000286448	0	2	0
ENSG00000131686	9	10	6
ENSG00000229305	0	0	0
ENSG00000284703	0	0	0
ENSG00000226457	0	0	0
ENSG00000173614	131	1	130
ENSG00000248527	5964	155	5809
ENSG00000215720	0	0	0
ENSG00000241326	0	0	0
ENSG00000233623	0	0	0
ENSG00000162592	0	17	0
ENSG00000116254	2	0	2
ENSG00000233645	0	0	0
ENSG00000204624	2	0	2
ENSG00000142606	3	39	10
ENSG00000235146	0	0	0
ENSG00000225931	6	0	6
ENSG00000171729	14	0	14
ENSG00000279457	38	0	38
ENSG00000162571	4	0	4
ENSG00000229393	1	1	0
ENSG00000037637	491	0	491
ENSG00000287586	52	0	52
ENSG00000159423	59	0	59
ENSG00000142599	2892	21	2876
ENSG00000227169	0	0	0
ENSG00000283356	0	0	0
ENSG00000011021	275	0	282
ENSG00000142615	0	0	0
ENSG00000215704	1	4	0
ENSG00000157916	1131	50	1460
ENSG00000157881	356	0	356
ENSG00000238290	0	0	0
ENSG00000225387	0	0	0
ENSG00000048707	957	0	957
ENSG00000158748	13	0	13
ENSG00000225196	1	1	0
ENSG00000162444	431	0	431
ENSG00000279625	0	0	0
ENSG00000180758	95	0	95
ENSG00000184677	611	1	610
ENSG00000230679	0	0	0
ENSG00000270136	0	0	0
ENSG00000288398	29	0	29
ENSG00000224621	0	0	0
ENSG00000285833	0	0	0
ENSG00000131697	107	0	107
ENSG00000284692	0	0	0
ENSG00000284745	0	0	0
ENSG00000280222	0	0	0
ENSG00000227634	0	0	0
ENSG00000285945	0	0	0
ENSG00000229162	2	0	2
ENSG00000197921	0	0	0
ENSG00000233755	0	0	1
ENSG00000233929	0	0	0
ENSG00000271742	0	0	0
ENSG00000226396	8	0	8
ENSG00000169504	620	1	619
ENSG00000234166	0	10	0
ENSG00000235282	0	0	0
ENSG00000055070	1040	1	1617
ENSG00000175087	138	0	138
ENSG00000157191	1321	7	1315
ENSG00000284699	0	0	0
ENSG00000230035	0	0	0
ENSG00000235185	0	0	0
ENSG00000225643	1	0	1
ENSG00000284666	0	0	0
ENSG00000228943	1	1	0
ENSG00000234397	0	0	0
ENSG00000284309	0	0	0
ENSG00000162511	10556	9	21616
ENSG00000158014	0	0	0
ENSG00000204138	273	1	272
ENSG00000233419	0	0	0
ENSG00000235263	0	0	0
ENSG00000228176	0	0	0
ENSG00000231251	0	0	0
ENSG00000142675	16	0	16
ENSG00000197245	0	0	0
ENSG00000261025	1	0	1
ENSG00000116237	333	0	347
ENSG00000130772	187	0	187
ENSG00000215899	0	0	0
ENSG00000271398	1	1	0
ENSG00000225011	0	0	0
ENSG00000235069	0	0	0
ENSG00000284676	0	0	0
ENSG00000237058	0	0	0
ENSG00000233399	0	0	0
ENSG00000090020	653	0	653
ENSG00000157978	1306	1	1305
ENSG00000226944	0	0	0
ENSG00000270282	0	0	0
ENSG00000130770	302	20	449
ENSG00000229044	0	117	0
ENSG00000162512	32	0	32
ENSG00000158006	290	0	290
ENSG00000214812	0	0	0
ENSG00000126698	889	1	888
ENSG00000229447	2	0	2
ENSG00000229607	0	0	0
ENSG00000130766	140	0	140
ENSG00000168528	59	0	59
ENSG00000196581	0	0	0
ENSG00000169403	4937	2	4935
ENSG00000084628	0	0	0
ENSG00000060688	368	0	368
ENSG00000171612	44	0	44
ENSG00000270927	0	0	0
ENSG00000188910	0	0	0
ENSG00000230523	0	0	0
ENSG00000116138	198	33	182
ENSG00000158161	376	6	370
ENSG00000142684	0	0	62
ENSG00000234619	0	0	0
ENSG00000121769	12	12	0
ENSG00000142627	20	0	20
ENSG00000284668	0	0	0
ENSG00000233234	0	0	0
ENSG00000142632	68	0	78
ENSG00000234593	0	0	0
ENSG00000158292	11	0	11
ENSG00000270605	21	0	22
ENSG00000189337	139	0	152
ENSG00000232912	42	1	46
ENSG00000235084	0	0	0
ENSG00000235143	0	0	0
ENSG00000225478	0	0	0
ENSG00000225077	0	8	0
ENSG00000028137	9243	2	9241
ENSG00000238249	1	1	0
ENSG00000204464	0	0	0
ENSG00000233372	1	0	1
ENSG00000283259	0	0	0
ENSG00000284543	2	0	2
ENSG00000130939	933	1	933
ENSG00000175147	0	13	0
ENSG00000127472	0	0	0
ENSG00000060656	1	0	1
ENSG00000163867	229	1	228
ENSG00000232768	0	0	0
ENSG00000230214	0	0	0
ENSG00000189280	5	5	0
ENSG00000134698	3562	2	3560
ENSG00000134690	34	0	34
ENSG00000272420	3	0	3
ENSG00000132881	12	0	12
ENSG00000273274	1	0	1
ENSG00000116251	1189	0	1189
ENSG00000272510	0	6	2
ENSG00000158286	15	7	14
ENSG00000236648	0	0	0
ENSG00000232273	0	0	0
ENSG00000009709	0	0	0
ENSG00000287396	0	0	0
ENSG00000223589	0	0	0
ENSG00000158008	0	0	0
ENSG00000130940	51	0	102
ENSG00000116771	74	0	83
ENSG00000237301	0	0	0
ENSG00000162585	162	78	173
ENSG00000163879	1	1	1
ENSG00000227527	0	0	0
ENSG00000116954	302	0	302
ENSG00000228589	11	0	11
ENSG00000163873	0	0	0
ENSG00000117215	3	0	3
ENSG00000196449	111	5	128
ENSG00000230163	0	26	0
ENSG00000227538	0	0	0
ENSG00000232208	12	0	12
ENSG00000236500	0	0	0
ENSG00000044012	0	0	0
ENSG00000179051	1098	0	1365
ENSG00000215895	0	0	0
ENSG00000231868	0	3	0
ENSG00000284650	0	0	0
ENSG00000237329	0	0	0
ENSG00000236948	1	0	1
ENSG00000126067	573	0	573
ENSG00000274944	0	0	0
ENSG00000132906	236	1	238
ENSG00000197312	491	0	491
ENSG00000284748	1	0	1
ENSG00000272078	6	57	0
ENSG00000173660	776	0	776
ENSG00000224592	0	0	0
ENSG00000233728	0	12	0
ENSG00000230451	0	0	0
ENSG00000231606	0	0	0
ENSG00000215900	0	0	0
ENSG00000284632	0	0	0
ENSG00000241014	7	0	7
ENSG00000054118	2214	4	2210
ENSG00000254553	0	0	0
ENSG00000284653	0	0	0
ENSG00000237749	0	0	0
ENSG00000276747	4	0	4
ENSG00000284705	0	0	0
ENSG00000228776	0	0	0
ENSG00000159339	2996	2	2994
ENSG00000223814	0	0	0
ENSG00000197982	112	17	117
ENSG00000261781	0	0	0
ENSG00000183317	3	0	3
ENSG00000183386	927	0	927
ENSG00000284743	0	0	0
ENSG00000158315	1	2	0
ENSG00000204084	296	0	353
ENSG00000186973	0	0	0
ENSG00000271806	2	9	3
ENSG00000146463	434	1	484
ENSG00000279214	0	0	0
ENSG00000183520	193	0	193
ENSG00000271741	0	0	0
ENSG00000214141	0	0	0
ENSG00000142686	97	0	97
ENSG00000224751	0	0	0
ENSG00000279096	0	0	0
ENSG00000117148	0	0	0
ENSG00000230585	0	1	0
ENSG00000117000	511	0	511
ENSG00000284989	0	0	0
ENSG00000231630	0	0	0
ENSG00000092853	19	0	23
ENSG00000255811	0	0	1
ENSG00000134697	415	1	415
ENSG00000187513	7	0	7
ENSG00000238145	0	0	0
ENSG00000225142	0	0	0
ENSG00000230138	10	0	10
ENSG00000223390	0	11	0
ENSG00000285823	0	1	0
ENSG00000284720	0	0	0
ENSG00000225028	0	0	0
ENSG00000225671	0	0	0
ENSG00000116151	18	0	19
ENSG00000226147	0	0	0
ENSG00000182873	31	24	10
ENSG00000006555	89	0	89
ENSG00000236111	0	0	0
ENSG00000066056	5	0	5
ENSG00000214114	315	5	310
ENSG00000173436	87	4	88
ENSG00000116544	9	0	9
ENSG00000231900	0	0	0
ENSG00000236723	3	133	13
ENSG00000232467	0	0	0
ENSG00000117016	51	0	51
ENSG00000121310	232	0	232
ENSG00000169213	0	0	0
ENSG00000163866	310	0	336
ENSG00000225779	0	0	0
ENSG00000284601	1	1	0
ENSG00000237130	0	0	0
ENSG00000143001	0	0	0
ENSG00000229716	0	0	0
ENSG00000226133	0	0	0
ENSG00000227416	0	0	0
ENSG00000232335	0	4	0
ENSG00000260971	0	0	0
ENSG00000259832	0	0	0
ENSG00000284696	0	0	0
ENSG00000238242	1	1	0
ENSG00000285839	0	0	0
ENSG00000237290	0	0	0
ENSG00000232762	2	2	0
ENSG00000117419	133	0	133
ENSG00000162384	283	10	294
ENSG00000162391	0	5	0
ENSG00000174348	7	0	9
ENSG00000154198	0	0	0
ENSG00000117859	756	26	747
ENSG00000228121	0	0	0
ENSG00000253313	0	0	0
ENSG00000162396	28	0	28
ENSG00000203995	1	1	0
ENSG00000227742	0	0	0
ENSG00000284686	0	0	0
ENSG00000162378	461	0	461
ENSG00000233079	0	0	0
ENSG00000259818	0	0	0
ENSG00000229444	0	0	0
ENSG00000240563	11	0	11
ENSG00000234318	0	0	0
ENSG00000284773	10	0	10
ENSG00000234481	0	0	0
ENSG00000117862	69	0	69
ENSG00000235612	0	0	0
ENSG00000228369	1	1	0
ENSG00000183431	842	2	840
ENSG00000227485	0	0	0
ENSG00000224609	1	0	1
ENSG00000235545	0	0	0
ENSG00000236646	0	0	0
ENSG00000169174	0	0	0
ENSG00000232198	0	0	0
ENSG00000238063	1	0	1
ENSG00000227104	0	0	0
ENSG00000243725	5	0	5
ENSG00000171872	0	0	0
ENSG00000162407	13	0	13
ENSG00000285079	0	0	0
ENSG00000169218	0	0	0
ENSG00000163877	358	3	355
ENSG00000228929	2	0	2
ENSG00000224570	0	0	0
ENSG00000224980	0	0	0
ENSG00000278967	0	0	0
ENSG00000157184	82	24	223
ENSG00000272491	1	0	2
ENSG00000198815	953	4	949
ENSG00000134744	596	4	592
ENSG00000233910	0	0	0
ENSG00000287703	0	0	0
ENSG00000283039	0	0	0
ENSG00000229032	0	0	0
ENSG00000229294	0	0	0
ENSG00000232993	0	2	0
ENSG00000234088	0	0	0
ENSG00000236973	0	0	0
ENSG00000227947	0	0	0
ENSG00000277397	0	0	0
ENSG00000271200	1	0	1
ENSG00000235446	0	0	0
ENSG00000261196	0	0	0
ENSG00000162385	275	0	275
ENSG00000231413	0	0	0
ENSG00000234264	0	0	0
ENSG00000242391	0	0	0
ENSG00000223883	0	0	0
ENSG00000284808	0	0	0
ENSG00000242267	0	0	0
ENSG00000237227	0	0	0
ENSG00000275350	0	0	0
ENSG00000116652	2	0	4
ENSG00000123080	55	3	54
ENSG00000285778	0	0	0
ENSG00000077549	4523	5	4523
ENSG00000233407	0	0	0
ENSG00000225675	2	0	2
ENSG00000237622	0	0	0
ENSG00000162598	6	0	6
ENSG00000280317	0	0	0
ENSG00000162415	18	0	18
ENSG00000162600	165	0	165
ENSG00000116704	223	0	223
ENSG00000227644	0	0	0
ENSG00000157193	74	0	101
ENSG00000116205	245	1	257
ENSG00000198841	37	0	37
ENSG00000116212	81	0	81
ENSG00000234204	0	0	0
ENSG00000233099	2	0	2
ENSG00000233994	0	0	0
ENSG00000237180	0	0	0
ENSG00000213561	0	0	0
ENSG00000233973	0	0	0
ENSG00000237552	0	0	0
ENSG00000132854	0	0	0
ENSG00000227556	0	0	0
ENSG00000162616	59	0	59
ENSG00000162607	644	1	643
ENSG00000233602	0	0	0
ENSG00000233271	0	0	0
ENSG00000285954	11	11	0
ENSG00000233333	0	0	0
ENSG00000154027	143	0	144
ENSG00000234108	0	0	0
ENSG00000232676	0	0	0
ENSG00000225167	0	0	0
ENSG00000132122	72	0	72
ENSG00000213579	0	0	0
ENSG00000137960	1	0	1
ENSG00000237852	1	0	1
ENSG00000116745	0	0	0
ENSG00000132855	0	0	0
ENSG00000285407	1	0	1
ENSG00000272855	0	0	0
ENSG00000270549	0	0	0
ENSG00000237163	0	0	0
ENSG00000229636	0	0	0
ENSG00000116675	18	0	18
ENSG00000162433	11	0	11
ENSG00000213625	1036	0	1036
ENSG00000227207	0	0	0
ENSG00000227016	0	0	0
ENSG00000233664	0	0	0
ENSG00000158966	38	0	38
ENSG00000213703	0	0	0
ENSG00000203965	26	2	24
ENSG00000223479	0	0	0
ENSG00000233674	0	0	0
ENSG00000153898	98	0	98
ENSG00000117069	1	0	1
ENSG00000125703	195	0	195
ENSG00000285041	0	0	0
ENSG00000285808	0	0	0
ENSG00000229440	0	0	0
ENSG00000234144	0	0	0
ENSG00000213540	0	0	0
ENSG00000277670	0	0	0
ENSG00000227466	0	0	0
ENSG00000154007	0	0	0
ENSG00000230498	0	0	0
ENSG00000285782	0	0	0
ENSG00000162618	0	0	0
ENSG00000224493	0	0	0
ENSG00000131233	0	0	0
ENSG00000272371	0	0	0
ENSG00000287647	2	2	1
ENSG00000229225	0	0	0
ENSG00000230863	0	0	0
ENSG00000213560	0	0	0
ENSG00000287224	0	0	0
ENSG00000225598	0	0	0
ENSG00000286455	0	0	0
ENSG00000225087	0	0	0
ENSG00000224986	0	0	0
ENSG00000280378	7	0	7
ENSG00000188786	867	1	866
ENSG00000230053	0	0	0
ENSG00000137941	16	0	16
ENSG00000273338	1	1	0
ENSG00000223720	0	0	0
ENSG00000224326	0	0	0
ENSG00000286548	3	0	3
ENSG00000066135	188	1	271
ENSG00000230027	0	0	0
ENSG00000233061	0	0	0
ENSG00000272094	1	0	1
ENSG00000228853	0	0	0
ENSG00000215874	0	0	0
ENSG00000232453	3	0	3
ENSG00000260386	0	0	0
ENSG00000284895	0	0	0
ENSG00000117174	220	0	220
ENSG00000237413	0	0	0
ENSG00000184313	4	0	4
ENSG00000284645	0	0	0
ENSG00000225605	0	0	0
ENSG00000225446	0	0	0
ENSG00000288543	0	0	0
ENSG00000122420	1	0	1
ENSG00000284240	0	0	0
ENSG00000236290	0	0	0
ENSG00000143013	389	0	389
ENSG00000226084	10	0	10
ENSG00000134748	696	3	693
ENSG00000142892	294	0	294
ENSG00000219102	6	0	6
ENSG00000184005	28	0	28
ENSG00000230953	3	3	0
ENSG00000287743	0	0	0
ENSG00000229332	0	0	0
ENSG00000227937	0	0	0
ENSG00000229752	0	0	0
ENSG00000237505	6	0	6
ENSG00000285462	0	0	0
ENSG00000233216	0	0	0
ENSG00000197273	0	0	0
ENSG00000226804	0	0	0
ENSG00000285325	0	0	0
ENSG00000230728	0	0	0
ENSG00000162402	1392	1	1391
ENSG00000232846	0	0	0
ENSG00000219201	2	0	2
ENSG00000230787	0	0	0
ENSG00000116641	84	1	83
ENSG00000235927	8	7	6
ENSG00000223920	0	0	0
ENSG00000237453	3	3	0
ENSG00000172260	23	0	23
ENSG00000285473	0	0	0
ENSG00000237959	0	0	0
ENSG00000231364	0	0	0
ENSG00000234578	0	0	0
ENSG00000117480	128	0	128
ENSG00000137944	265	0	265
ENSG00000229505	0	0	0
ENSG00000228187	0	0	0
ENSG00000285201	0	0	0
ENSG00000182183	64	0	64
ENSG00000236407	0	0	0
ENSG00000271949	0	0	0
ENSG00000227062	0	0	0
ENSG00000067334	512	0	512
ENSG00000235011	0	0	0
ENSG00000235673	1	1	0
ENSG00000226938	0	0	0
ENSG00000213559	0	0	0
ENSG00000287587	0	0	0
ENSG00000142949	44	0	44
ENSG00000116133	96	0	105
ENSG00000232882	0	0	0
ENSG00000171502	13	0	13
ENSG00000162399	0	0	0
ENSG00000116157	81	0	81
ENSG00000143036	4	0	4
ENSG00000232672	0	0	0
ENSG00000230817	0	0	0
ENSG00000235613	0	0	0
ENSG00000065243	1289	1	1288
ENSG00000226759	0	0	0
ENSG00000226960	0	0	0
ENSG00000234080	0	0	0
ENSG00000237899	0	0	0
ENSG00000225492	10	0	10
ENSG00000223905	0	0	0
ENSG00000227290	0	0	0
ENSG00000229486	0	0	0
ENSG00000282898	0	0	0
ENSG00000285409	0	0	0
ENSG00000231090	0	0	0
ENSG00000117528	325	0	325
ENSG00000271723	0	0	0
ENSG00000172339	19	0	19
ENSG00000036549	401	0	401
ENSG00000287724	0	8	0
ENSG00000058799	445	0	445
ENSG00000225191	0	0	0
ENSG00000287870	0	0	0
ENSG00000235563	0	0	0
ENSG00000232048	0	0	0
ENSG00000232857	0	0	0
ENSG00000273637	0	0	0
ENSG00000203985	0	0	0
ENSG00000228838	0	2	0
ENSG00000283761	3	0	3
ENSG00000189433	0	2	0
ENSG00000230759	0	0	0
ENSG00000231866	0	0	0
ENSG00000179178	1	0	1
ENSG00000142700	0	0	0
ENSG00000285525	0	0	0
ENSG00000236098	0	0	0
ENSG00000233514	0	0	0
ENSG00000127124	197	0	197
ENSG00000266993	7	38	1
ENSG00000223675	0	0	0
ENSG00000162604	205	0	205
ENSG00000229316	0	0	0
ENSG00000116171	738	0	738
ENSG00000287406	0	0	0
ENSG00000225767	1	1	0
ENSG00000234099	0	0	0
ENSG00000137936	10	1	9
ENSG00000235308	4	4	0
ENSG00000232752	0	0	0
ENSG00000235829	0	0	0
ENSG00000143032	0	0	0
ENSG00000226745	0	0	0
ENSG00000178028	375	1	374
ENSG00000280040	0	0	0
ENSG00000168710	995	0	995
ENSG00000117519	18	0	18
ENSG00000270507	0	0	0
ENSG00000238037	0	0	0
ENSG00000215869	0	0	0
ENSG00000134215	617	0	617
ENSG00000227935	0	0	0
ENSG00000229887	0	0	0
ENSG00000228502	3	0	3
ENSG00000236268	0	0	0
ENSG00000271277	0	0	0
ENSG00000236888	0	0	0
ENSG00000279778	0	0	0
ENSG00000232015	1	0	1
ENSG00000230955	0	57	0
ENSG00000230828	0	0	0
ENSG00000188641	1840	0	1983
ENSG00000152078	18	0	18
ENSG00000237279	0	0	0
ENSG00000233359	0	0	0
ENSG00000237954	0	0	0
ENSG00000185668	1	0	1
ENSG00000171492	772	0	772
ENSG00000233129	0	0	0
ENSG00000170989	1274	0	1274
ENSG00000258634	61	0	102
ENSG00000233557	0	0	0
ENSG00000237897	0	0	0
ENSG00000116299	1050	1	1049
ENSG00000137962	26	0	26
ENSG00000227832	0	0	0
ENSG00000286692	0	0	0
ENSG00000260464	2	0	2
ENSG00000237435	0	0	0
ENSG00000231996	0	0	0
ENSG00000273204	0	0	0
ENSG00000079739	296	6	337
ENSG00000117154	0	0	0
ENSG00000162377	117	4	113
ENSG00000224613	1	0	1
ENSG00000215871	0	0	0
ENSG00000287372	0	0	0
ENSG00000232542	0	0	0
ENSG00000231095	0	0	0
ENSG00000116774	5	0	5
ENSG00000287756	0	0	0
ENSG00000269113	0	0	0
ENSG00000284652	0	0	0
ENSG00000023909	186	0	186
ENSG00000069702	219	0	219
ENSG00000232185	0	0	0
ENSG00000230489	0	0	0
ENSG00000228399	0	0	0
ENSG00000236776	0	0	0
ENSG00000285928	1	1	0
ENSG00000224685	0	0	0
ENSG00000287076	0	0	0
ENSG00000237480	0	0	0
ENSG00000271252	0	0	0
ENSG00000230427	0	0	0
ENSG00000235794	0	0	0
ENSG00000286758	0	0	0
ENSG00000237337	0	0	0
ENSG00000233983	0	0	0
ENSG00000198198	654	63	778
ENSG00000225183	0	0	0
ENSG00000230402	0	0	0
ENSG00000116793	198	1	197
ENSG00000134201	0	0	0
ENSG00000238122	0	0	0
ENSG00000260879	0	9	0
ENSG00000213366	172	0	172
ENSG00000230864	0	0	0
ENSG00000283354	0	0	0
ENSG00000232918	1	1	0
ENSG00000236360	0	0	0
ENSG00000183298	0	0	1
ENSG00000234332	4	0	4
ENSG00000117525	0	0	0
ENSG00000225079	20	0	20
ENSG00000226483	0	0	0
ENSG00000224238	0	0	0
ENSG00000229537	0	0	0
ENSG00000162699	0	0	0
ENSG00000162692	0	0	0
ENSG00000203914	0	0	0
ENSG00000270457	0	0	0
ENSG00000203858	0	0	0
ENSG00000231987	0	0	0
ENSG00000228057	3	3	0
ENSG00000261593	0	0	0
ENSG00000224445	0	0	0
ENSG00000229842	0	0	0
ENSG00000270631	0	0	0
ENSG00000229201	0	0	0
ENSG00000181656	7	5	2
ENSG00000122481	23	0	23
ENSG00000198162	493	0	493
ENSG00000238198	6	2	4
ENSG00000171517	1	0	1
ENSG00000228852	6	6	0
ENSG00000203864	0	0	0
ENSG00000233482	0	0	0
ENSG00000230250	0	0	0
ENSG00000232878	2	145	0
ENSG00000143079	47	0	47
ENSG00000232450	10	0	10
ENSG00000223575	0	0	0
ENSG00000230768	0	0	0
ENSG00000235202	0	0	0
ENSG00000272715	0	0	0
ENSG00000235038	0	0	0
ENSG00000143093	532	0	532
ENSG00000226415	7	0	7
ENSG00000085491	258	4	266
ENSG00000173947	6	0	6
ENSG00000241361	0	0	0
ENSG00000230434	0	0	0
ENSG00000230718	0	0	0
ENSG00000134198	344	0	344
ENSG00000235595	0	0	0
ENSG00000226053	0	0	0
ENSG00000226128	0	0	0
ENSG00000198799	268	0	312
ENSG00000279513	0	0	0
ENSG00000117620	188	4	188
ENSG00000280186	2	0	2
ENSG00000223906	0	0	0
ENSG00000162688	244	0	244
ENSG00000197106	0	0	0
ENSG00000259946	0	0	0
ENSG00000236137	3	100	2
ENSG00000203859	0	0	0
ENSG00000228086	0	30	0
ENSG00000213421	0	0	0
ENSG00000234020	0	0	0
ENSG00000060718	0	0	0
ENSG00000236804	0	0	0
ENSG00000231072	0	0	0
ENSG00000273406	0	0	0
ENSG00000185946	326	0	326
ENSG00000162627	0	0	0
ENSG00000226715	0	1	0
ENSG00000162695	427	0	427
ENSG00000134184	0	0	0
ENSG00000265808	738	3	735
ENSG00000261290	0	0	0
ENSG00000225923	0	0	0
ENSG00000134247	46	0	46
ENSG00000187481	0	0	0
ENSG00000116752	243	0	243
ENSG00000162664	222	0	222
ENSG00000236866	0	0	0
ENSG00000134253	3	2	1
ENSG00000277655	0	0	0
ENSG00000223416	0	0	0
ENSG00000213226	0	0	0
ENSG00000179571	0	0	0
ENSG00000227850	0	0	0
ENSG00000243967	0	0	0
ENSG00000235777	0	0	0
ENSG00000260246	0	0	0
ENSG00000173218	52	0	52
ENSG00000285532	0	0	0
ENSG00000226755	0	0	0
ENSG00000232650	0	0	0
ENSG00000183508	1177	0	1178
ENSG00000277095	0	0	0
ENSG00000236806	1	0	1
ENSG00000234283	0	0	0
ENSG00000237188	1	0	1
ENSG00000232780	0	0	0
ENSG00000274927	0	0	0
ENSG00000264145	0	0	0
ENSG00000238256	0	0	0
ENSG00000198765	0	0	0
ENSG00000224335	0	0	0
ENSG00000277702	0	0	0
ENSG00000143398	489	0	489
ENSG00000196505	386	3	385
ENSG00000225871	14	36	0
ENSG00000223489	0	0	0
ENSG00000230546	0	0	0
ENSG00000213262	0	0	0
ENSG00000287015	0	0	0
ENSG00000241720	0	4	0
ENSG00000235526	0	0	0
ENSG00000228347	0	0	0
ENSG00000276975	1	1	0
ENSG00000236012	0	0	0
ENSG00000270911	0	0	0
ENSG00000272824	0	0	0
ENSG00000134200	0	0	0
ENSG00000234257	0	0	0
ENSG00000065183	292	0	322
ENSG00000227082	0	0	0
ENSG00000228626	0	0	0
ENSG00000226126	0	0	0
ENSG00000163393	364	0	364
ENSG00000163156	477	1	482
ENSG00000143631	1	1	0
ENSG00000156150	0	41	0
ENSG00000228453	0	0	0
ENSG00000274642	0	0	0
ENSG00000177551	0	0	0
ENSG00000197323	1097	2	1095
ENSG00000237975	0	0	0
ENSG00000261168	0	0	0
ENSG00000287980	0	0	0
ENSG00000229283	0	0	0
ENSG00000271419	0	0	0
ENSG00000226172	0	0	0
ENSG00000079335	392	2	420
ENSG00000143119	8462	2	8460
ENSG00000237278	0	44	0
ENSG00000285062	0	0	0
ENSG00000233432	0	0	0
ENSG00000227700	0	0	0
ENSG00000229911	0	0	0
ENSG00000143520	0	0	0
ENSG00000171943	132	3	133
ENSG00000270719	0	0	0
ENSG00000155761	8	30	7
ENSG00000230806	0	0	0
ENSG00000116830	171	0	171
ENSG00000234422	0	0	0
ENSG00000227056	0	0	0
ENSG00000143614	924	1	923
ENSG00000227091	0	0	0
ENSG00000169418	0	0	0
ENSG00000214204	0	0	0
ENSG00000081026	38	7	31
ENSG00000225650	0	0	0
ENSG00000227179	0	0	0
ENSG00000224965	0	0	0
ENSG00000228127	0	0	0
ENSG00000226984	1	1	0
ENSG00000186150	0	0	0
ENSG00000143554	532	4	528
ENSG00000143458	296	2	294
ENSG00000230932	0	0	0
ENSG00000073754	0	0	0
ENSG00000228826	0	0	0
ENSG00000233907	0	0	0
ENSG00000225036	0	0	0
ENSG00000228420	0	0	0
ENSG00000233839	0	0	0
ENSG00000250890	0	0	0
ENSG00000232240	0	0	0
ENSG00000280649	22	7	30
ENSG00000131781	102	12	94
ENSG00000223599	2	0	2
ENSG00000230921	0	0	0
ENSG00000286151	1	0	1
ENSG00000234388	0	0	0
ENSG00000235015	0	0	0
ENSG00000271736	117	0	117
ENSG00000235988	0	0	0
ENSG00000233717	0	0	0
ENSG00000231551	35	15	21
ENSG00000227295	9	0	9
ENSG00000163155	54	49	14
ENSG00000243613	0	46	0
ENSG00000241975	9	0	9
ENSG00000271143	0	0	0
ENSG00000270976	0	0	0
ENSG00000228217	0	0	0
ENSG00000270342	0	0	0
ENSG00000143552	2	1	1
ENSG00000175984	39	0	39
ENSG00000231100	0	0	0
ENSG00000116824	1263	1	1262
ENSG00000235887	0	0	0
ENSG00000237460	0	0	0
ENSG00000236327	0	0	0
ENSG00000223804	35	11	24
ENSG00000236887	0	0	0
ENSG00000024526	5	0	7
ENSG00000236480	0	0	0
ENSG00000235756	0	0	0
ENSG00000173810	0	0	0
ENSG00000235005	0	0	0
ENSG00000271890	0	0	0
ENSG00000238107	0	0	0
ENSG00000227425	0	0	0
ENSG00000233222	0	10	0
ENSG00000225279	1	0	1
ENSG00000229101	0	0	0
ENSG00000224927	0	0	0
ENSG00000239216	0	0	0
ENSG00000283360	0	0	0
ENSG00000117262	38	0	38
ENSG00000227907	0	0	0
ENSG00000143624	988	3	1094
ENSG00000227970	0	0	0
ENSG00000261055	7	0	7
ENSG00000231613	0	0	0
ENSG00000137947	583	0	583
ENSG00000236689	0	0	0
ENSG00000233589	0	2	0
ENSG00000117586	185	0	185
ENSG00000230946	0	0	0
ENSG00000226028	0	0	0
ENSG00000162728	1	0	1
ENSG00000229021	0	0	0
ENSG00000203825	0	0	0
ENSG00000184371	189	0	189
ENSG00000233449	0	0	0
ENSG00000242943	0	0	0
ENSG00000233203	0	0	0
ENSG00000232499	1	0	1
ENSG00000232265	1	0	1
ENSG00000163154	913	0	917
ENSG00000232995	4	0	4
ENSG00000236957	0	0	0
ENSG00000238087	0	0	0
ENSG00000227777	3	3	0
ENSG00000177173	4	0	4
ENSG00000277406	22	0	22
ENSG00000238022	0	0	0
ENSG00000231671	0	0	0
ENSG00000162729	261	0	261
ENSG00000143158	229	33	311
ENSG00000271092	3	0	3
ENSG00000238118	0	0	0
ENSG00000276118	0	0	0
ENSG00000232148	0	0	0
ENSG00000278811	10	38	0
ENSG00000000460	42	91	48
ENSG00000188859	1	0	1
ENSG00000275075	0	0	0
ENSG00000135862	94	0	94
ENSG00000232952	0	0	0
ENSG00000158473	758	1	757
ENSG00000227722	0	0	0
ENSG00000285922	0	0	0
ENSG00000275801	2	0	2
ENSG00000143198	340	0	340
ENSG00000143318	2	2	0
ENSG00000232188	0	0	0
ENSG00000232212	0	0	0
ENSG00000143621	947	6	944
ENSG00000241042	0	0	0
ENSG00000143155	419	0	419
ENSG00000260322	0	0	0
ENSG00000223495	0	0	0
ENSG00000143156	25	6	35
ENSG00000198771	4072	4	4193
ENSG00000225462	0	0	0
ENSG00000237756	0	0	0
ENSG00000116147	3	0	3
ENSG00000213064	995	0	1100
ENSG00000203307	0	0	0
ENSG00000143179	115	0	131
ENSG00000271187	0	0	0
ENSG00000274562	0	0	0
ENSG00000143315	164	0	164
ENSG00000116199	429	1	428
ENSG00000231175	0	0	0
ENSG00000143185	45	0	45
ENSG00000235145	0	0	0
ENSG00000116260	958	0	958
ENSG00000272931	6	0	6
ENSG00000143190	418	2	473
ENSG00000225475	0	0	0
ENSG00000230898	0	0	0
ENSG00000232223	0	0	0
ENSG00000224698	0	0	0
ENSG00000287697	1	4	1
ENSG00000075945	163	1	178
ENSG00000235303	0	0	0
ENSG00000234810	21	0	21
ENSG00000232750	0	0	0
ENSG00000224468	0	0	0
ENSG00000235628	0	0	0
ENSG00000232551	0	0	0
ENSG00000092607	1	0	1
ENSG00000238270	0	0	0
ENSG00000285894	0	0	0
ENSG00000236025	0	0	0
ENSG00000230687	0	0	0
ENSG00000230704	0	0	0
ENSG00000283255	0	0	0
ENSG00000227741	1	39	1
ENSG00000237049	0	0	0
ENSG00000286754	0	0	0
ENSG00000232751	0	0	0
ENSG00000236364	0	14	0
ENSG00000117091	1282	3	3417
ENSG00000235378	0	0	0
ENSG00000143171	0	0	0
ENSG00000275767	0	0	0
ENSG00000224718	0	0	0
ENSG00000047410	2118	3	2243
ENSG00000231992	1	0	1
ENSG00000018625	1	0	1
ENSG00000171806	87	0	94
ENSG00000287919	3	0	3
ENSG00000229914	0	0	0
ENSG00000233882	0	0	0
ENSG00000198358	0	1	0
ENSG00000229407	0	0	0
ENSG00000134216	0	0	0
ENSG00000230748	0	0	0
ENSG00000254154	1	0	1
ENSG00000162694	29	0	29
ENSG00000238108	0	0	0
ENSG00000214262	0	105	0
ENSG00000183853	3	2	1
ENSG00000215835	4	0	4
ENSG00000118197	316	0	316
ENSG00000135842	5662	2	5660
ENSG00000229258	0	0	0
ENSG00000287472	0	0	0
ENSG00000241318	0	0	0
ENSG00000228238	1	0	1
ENSG00000232393	0	0	0
ENSG00000121454	26	46	1
ENSG00000184155	0	0	0
ENSG00000058085	0	0	0
ENSG00000260088	0	0	0
ENSG00000287978	70	0	70
ENSG00000116815	476	1	475
ENSG00000232917	0	0	0
ENSG00000233057	0	0	0
ENSG00000237131	0	0	0
ENSG00000233946	0	0	0
ENSG00000143167	110	0	110
ENSG00000143184	25	0	25
ENSG00000231966	2	0	2
ENSG00000176320	0	0	0
ENSG00000260976	0	0	0
ENSG00000235215	0	0	0
ENSG00000223450	0	0	0
ENSG00000224691	0	0	0
ENSG00000286572	0	0	0
ENSG00000235101	0	0	0
ENSG00000228215	4	0	4
ENSG00000177807	0	0	0
ENSG00000233626	0	0	0
ENSG00000233691	0	0	0
ENSG00000283518	0	0	0
ENSG00000271527	0	0	0
ENSG00000143228	12	1	12
ENSG00000235827	0	0	0
ENSG00000231615	1	0	1
ENSG00000231714	0	0	0
ENSG00000174514	15	7	13
ENSG00000143178	42	0	42
ENSG00000224837	0	0	0
ENSG00000116833	0	0	0
ENSG00000227740	4	0	5
ENSG00000260990	0	0	0
ENSG00000000457	203	21	272
ENSG00000143507	92	0	92
ENSG00000285638	0	0	0
ENSG00000226520	0	0	0
ENSG00000284592	0	0	0
ENSG00000230987	0	0	0
ENSG00000232527	0	0	0
ENSG00000215833	0	0	0
ENSG00000228167	0	0	0
ENSG00000225325	0	0	0
ENSG00000223344	0	0	0
ENSG00000228191	0	0	0
ENSG00000229961	48	0	48
ENSG00000150732	0	0	0
ENSG00000157064	1	0	1
ENSG00000288139	0	0	0
ENSG00000226015	18	0	18
ENSG00000215808	0	0	0
ENSG00000059588	384	0	384
ENSG00000231512	0	0	0
ENSG00000237379	0	0	0
ENSG00000232959	0	16	0
ENSG00000122224	430	6	424
ENSG00000162782	0	0	0
ENSG00000238051	0	0	0
ENSG00000233196	1	1	0
ENSG00000229220	0	0	0
ENSG00000143653	182	2	180
ENSG00000135837	1227	0	1227
ENSG00000158711	1114	0	1119
ENSG00000227747	0	0	0
ENSG00000228081	0	0	0
ENSG00000228020	0	0	0
ENSG00000234975	19	0	19
ENSG00000162851	89	0	89
ENSG00000271427	5	0	5
ENSG00000261817	0	0	0
ENSG00000143353	189	0	204
ENSG00000197965	1122	1	1121
ENSG00000143493	121	0	121
ENSG00000230777	1	2	0
ENSG00000179397	4	0	4
ENSG00000224540	0	0	0
ENSG00000117592	2846	0	2846
ENSG00000186197	2	0	2
ENSG00000229067	0	0	0
ENSG00000230231	0	0	0
ENSG00000227711	0	0	0
ENSG00000261182	0	0	0
ENSG00000228879	0	0	0
ENSG00000227925	1	0	1
ENSG00000162670	0	0	0
ENSG00000225712	0	0	0
ENSG00000162761	0	0	0
ENSG00000143199	3	1	2
ENSG00000179930	0	0	0
ENSG00000007908	2	2	0
ENSG00000092978	107	0	107
ENSG00000143499	284	0	284
ENSG00000188404	28670	11	28659
ENSG00000227735	0	0	0
ENSG00000243062	0	0	0
ENSG00000143196	0	0	0
ENSG00000228504	0	0	0
ENSG00000274702	0	0	0
ENSG00000226211	0	0	0
ENSG00000236942	1	1	0
ENSG00000287205	0	0	0
ENSG00000203697	3	0	3
ENSG00000116574	283	0	283
ENSG00000287929	0	0	0
ENSG00000186283	385	1	384
ENSG00000224896	0	0	0
ENSG00000226292	0	0	0
ENSG00000121481	288	0	288
ENSG00000227940	0	0	0
ENSG00000117139	692	0	692
ENSG00000143248	6	0	6
ENSG00000278455	0	0	0
ENSG00000224810	0	0	0
ENSG00000162814	0	0	0
ENSG00000225172	0	0	0
ENSG00000261642	0	0	0
ENSG00000228239	0	0	0
ENSG00000237283	0	0	0
ENSG00000116132	0	0	0
ENSG00000238042	5	0	5
ENSG00000271475	0	0	0
ENSG00000231877	0	0	0
ENSG00000116679	3028	2	3026
ENSG00000228536	1	1	0
ENSG00000230550	0	2	0
ENSG00000229242	0	0	0
ENSG00000253326	1	0	1
ENSG00000228470	1	1	0
ENSG00000152092	0	0	0
ENSG00000234984	0	0	0
ENSG00000231648	0	0	0
ENSG00000229983	0	0	0
ENSG00000215149	0	0	0
ENSG00000225122	0	0	0
ENSG00000225920	9	9	0
ENSG00000143476	4	0	4
ENSG00000121486	405	1	404
ENSG00000228437	0	0	0
ENSG00000214837	12	0	12
ENSG00000057252	963	0	963
ENSG00000225982	0	0	0
ENSG00000285718	0	0	0
ENSG00000234070	0	0	0
ENSG00000233620	0	0	0
ENSG00000237783	0	0	0
ENSG00000272906	8	4	20
ENSG00000233018	0	0	0
ENSG00000123685	24	0	24
ENSG00000224783	0	0	0
ENSG00000162852	571	0	571
ENSG00000232792	0	0	0
ENSG00000273004	2	0	2
ENSG00000143842	48	0	48
ENSG00000268062	0	0	0
ENSG00000237409	1	1	0
ENSG00000116962	433	0	433
ENSG00000288078	0	0	0
ENSG00000271399	0	0	0
ENSG00000229757	1	1	0
ENSG00000232679	0	0	0
ENSG00000159388	3004	2	3003
ENSG00000220749	30	0	30
ENSG00000181450	105	0	105
ENSG00000223519	13	3	47
ENSG00000120333	203	1	213
ENSG00000286285	3	0	3
ENSG00000225300	0	0	0
ENSG00000223842	1	1	0
ENSG00000162753	1	0	1
ENSG00000228247	0	0	0
ENSG00000231424	3	0	3
ENSG00000143355	0	0	0
ENSG00000287177	0	0	0
ENSG00000237193	0	0	0
ENSG00000223490	1	1	0
ENSG00000121644	343	0	343
ENSG00000174502	1	0	1
ENSG00000224286	0	0	0
ENSG00000158715	65	0	65
ENSG00000143195	6	0	6
ENSG00000162849	7	1	6
ENSG00000232824	1	1	0
ENSG00000273416	0	0	0
ENSG00000234142	3	0	3
ENSG00000282111	0	0	0
ENSG00000233410	0	0	0
ENSG00000067533	175	0	175
ENSG00000228955	1	1	0
ENSG00000270443	0	0	0
ENSG00000116209	2244	0	2244
ENSG00000224702	0	0	0
ENSG00000271811	0	0	0
ENSG00000224278	0	0	0
ENSG00000235492	0	0	0
ENSG00000287808	5	37	4
ENSG00000271588	0	0	0
ENSG00000229840	0	0	0
ENSG00000116161	439	20	435
ENSG00000226486	0	0	0
ENSG00000227687	0	0	0
ENSG00000231814	0	0	0
ENSG00000286210	0	0	0
ENSG00000287364	0	0	0
ENSG00000225063	0	0	0
ENSG00000260698	6	0	6
ENSG00000277007	7	0	7
ENSG00000229016	0	0	0
ENSG00000077157	1193	1	1210
ENSG00000152104	3	2	1
ENSG00000236975	0	0	0
ENSG00000215834	0	0	0
ENSG00000286541	0	0	0
ENSG00000117650	3	0	3
ENSG00000235021	0	0	0
ENSG00000203724	2	0	2
ENSG00000225006	0	0	0
ENSG00000287633	0	0	0
ENSG00000158764	1	0	2
ENSG00000223375	0	0	0
ENSG00000230714	0	0	0
ENSG00000261065	0	1	0
ENSG00000260855	5	1	4
ENSG00000188783	0	0	0
ENSG00000236206	0	0	0
ENSG00000168118	447	0	449
ENSG00000181101	0	0	0
ENSG00000173726	1037	0	1037
ENSG00000282852	0	0	0
ENSG00000152382	142	9	134
ENSG00000143839	0	0	0
ENSG00000232100	0	0	0
ENSG00000261024	0	0	0
ENSG00000230547	0	0	0
ENSG00000229703	0	0	0
ENSG00000176754	0	0	0
ENSG00000232309	0	0	0
ENSG00000227953	6	39	4
ENSG00000232215	0	0	0
ENSG00000135829	2013	0	2049
ENSG00000228289	0	0	0
ENSG00000134717	525	1	524
ENSG00000232989	0	0	0
ENSG00000233537	0	0	0
ENSG00000116668	133	7	126
ENSG00000143756	440	0	440
ENSG00000278180	0	0	0
ENSG00000143702	499	0	546
ENSG00000232341	0	0	0
ENSG00000287676	1	0	1
ENSG00000236792	0	0	0
ENSG00000143207	1224	0	1224
ENSG00000270859	0	0	0
ENSG00000238224	0	0	0
ENSG00000286775	0	0	0
ENSG00000122176	0	0	0
ENSG00000229120	0	0	0
ENSG00000237492	0	0	0
ENSG00000230404	0	0	0
ENSG00000213036	0	0	0
ENSG00000227230	2	31	0
ENSG00000236230	0	0	0
ENSG00000026751	408	0	408
ENSG00000150681	3268	1	3992
ENSG00000116906	462	0	462
ENSG00000092969	3	0	3
ENSG00000157181	208	0	208
ENSG00000250762	0	0	0
ENSG00000236720	0	0	0
ENSG00000227421	1	0	1
ENSG00000227240	4	0	4
ENSG00000076258	37	0	37
ENSG00000286073	0	0	0
ENSG00000231084	3	3	0
ENSG00000232085	0	18	0
ENSG00000117697	393	0	393
ENSG00000279333	0	0	1
ENSG00000235083	0	0	0
ENSG00000162669	0	0	0
ENSG00000197067	0	0	0
ENSG00000229652	0	0	0
ENSG00000132681	0	0	0
ENSG00000225904	0	0	0
ENSG00000270920	0	0	0
ENSG00000281664	0	0	0
ENSG00000143641	576	0	838
ENSG00000227630	4	0	4
ENSG00000228830	0	546	0
ENSG00000010932	0	0	0
ENSG00000282849	0	0	0
ENSG00000276520	0	0	0
ENSG00000226640	0	0	0
ENSG00000010072	120	46	118
ENSG00000135766	157	1	156
ENSG00000232626	1	0	1
ENSG00000232096	0	0	0
ENSG00000279261	0	0	0
ENSG00000213051	0	0	0
ENSG00000238054	0	0	0
ENSG00000163534	444	0	444
ENSG00000168243	0	0	0
ENSG00000281453	0	0	0
ENSG00000237469	0	0	0
ENSG00000224939	0	0	0
ENSG00000227613	0	0	0
ENSG00000116183	0	0	0
ENSG00000270106	0	0	0
ENSG00000232194	0	0	0
ENSG00000235152	0	0	0
ENSG00000231612	0	0	0
ENSG00000237980	2	0	2
ENSG00000271036	0	0	0
ENSG00000230849	0	0	0
ENSG00000170382	77	78	1
ENSG00000228664	0	0	0
ENSG00000226868	0	0	0
ENSG00000279401	0	0	0
ENSG00000272362	0	0	0
ENSG00000287450	0	0	0
ENSG00000237011	0	0	0
ENSG00000233583	0	0	0
ENSG00000066027	3216	5	3211
ENSG00000286263	0	0	0
ENSG00000227006	0	0	0
ENSG00000236372	0	0	0
ENSG00000224525	0	0	0
ENSG00000188770	0	0	0
ENSG00000173728	2	2	0
ENSG00000094975	463	1	462
ENSG00000225811	0	0	0
ENSG00000273093	0	0	0
ENSG00000162772	26	0	26
ENSG00000227818	0	0	0
ENSG00000135828	742	2	740
ENSG00000224227	1	0	1
ENSG00000286398	0	0	0
ENSG00000076356	95	0	95
ENSG00000215819	0	0	0
ENSG00000185523	1	0	1
ENSG00000236108	0	0	0
ENSG00000116711	98	0	98
ENSG00000231684	0	0	0
ENSG00000226750	0	0	0
ENSG00000285665	5	0	5
ENSG00000231022	0	0	0
ENSG00000224436	0	0	0
ENSG00000228208	0	0	0
ENSG00000273384	1	0	1
ENSG00000238061	1	0	1
ENSG00000234915	0	0	0
ENSG00000143845	4	0	7
ENSG00000235862	0	0	0
ENSG00000069812	0	0	0
ENSG00000227585	0	0	0
ENSG00000157060	0	0	0
ENSG00000237213	0	0	0
ENSG00000236439	5	1	4
ENSG00000224260	0	0	0
ENSG00000213045	1	1	0
ENSG00000287220	0	0	0
ENSG00000230063	0	0	0
ENSG00000235467	0	0	0
ENSG00000123684	2991	3	2988
ENSG00000117707	0	0	0
ENSG00000228044	0	0	0
ENSG00000225338	0	0	0
ENSG00000224407	0	262	0
ENSG00000232463	0	0	0
ENSG00000237457	0	0	0
ENSG00000225171	5	0	5
ENSG00000226843	0	0	0
ENSG00000235386	0	0	0
ENSG00000123836	363	35	363
ENSG00000213690	0	0	0
ENSG00000223982	0	0	0
ENSG00000229832	2	0	2
ENSG00000117691	205	0	205
ENSG00000225233	0	0	0
ENSG00000274895	0	0	0
ENSG00000237514	0	0	0
ENSG00000287856	0	0	0
ENSG00000228067	0	0	0
ENSG00000284299	0	0	0
ENSG00000226375	1	0	1
ENSG00000203705	207	0	207
ENSG00000224040	0	0	0
ENSG00000228686	23	23	0
ENSG00000279838	13	0	13
ENSG00000174175	307	0	307
ENSG00000236401	0	0	0
ENSG00000241475	0	0	0
ENSG00000215800	0	0	0
ENSG00000286421	0	0	0
ENSG00000270936	0	0	0
ENSG00000008118	0	0	0
ENSG00000171161	422	0	422
ENSG00000241505	0	0	0
ENSG00000224535	0	0	0
ENSG00000282097	0	0	0
ENSG00000261453	1	1	0
ENSG00000231020	0	0	0
ENSG00000270818	0	0	0
ENSG00000196878	7	0	7
ENSG00000133059	457	0	457
ENSG00000225561	0	0	0
ENSG00000224668	0	0	0
ENSG00000242529	0	0	0
ENSG00000074964	407	1	406
ENSG00000223847	0	0	0
ENSG00000277704	0	0	0
ENSG00000116918	541	10	541
ENSG00000274020	80	0	108
ENSG00000287445	1	0	1
ENSG00000259815	0	0	0
ENSG00000240963	0	0	0
ENSG00000226570	0	0	0
ENSG00000198929	0	0	0
ENSG00000272167	0	0	0
ENSG00000230628	0	0	0
ENSG00000162771	0	0	0
ENSG00000227579	0	0	0
ENSG00000176393	475	0	718
ENSG00000174606	335	0	335
ENSG00000179914	58	1	57
ENSG00000235750	2226	1	2225
ENSG00000284376	0	0	0
ENSG00000121446	0	0	0
ENSG00000226758	1	0	1
ENSG00000230199	0	0	0
ENSG00000236905	1	0	1
ENSG00000233304	0	0	0
ENSG00000288007	1	0	3
ENSG00000227887	0	0	0
ENSG00000116903	476	0	520
ENSG00000228255	0	0	0
ENSG00000226196	0	0	0
ENSG00000287354	0	1	0
ENSG00000233827	0	0	0
ENSG00000198797	0	0	0
ENSG00000271746	1	0	1
ENSG00000234233	0	0	0
ENSG00000151414	1604	0	1604
ENSG00000177614	4	0	4
ENSG00000223794	0	0	0
ENSG00000235182	0	1	0
ENSG00000213041	1	1	0
ENSG00000287157	0	0	0
ENSG00000233920	0	0	0
ENSG00000183831	0	0	0
ENSG00000225755	0	0	0
ENSG00000143858	31	49	0
ENSG00000197472	0	0	0
ENSG00000230184	0	0	0
ENSG00000234004	0	0	0
ENSG00000232436	0	0	0
ENSG00000231718	0	0	0
ENSG00000283952	0	0	0
ENSG00000230019	0	0	0
ENSG00000136643	218	2	216
ENSG00000232537	0	0	0
ENSG00000226036	0	0	0
ENSG00000285521	0	0	0
ENSG00000236317	0	0	0
ENSG00000176855	0	0	0
ENSG00000227728	0	0	0
ENSG00000133069	540	2	538
ENSG00000162877	3	0	3
ENSG00000233461	26	0	26
ENSG00000225401	0	0	0
ENSG00000228190	0	0	0
ENSG00000135747	0	0	0
ENSG00000227237	1	1	0
ENSG00000069248	442	0	442
ENSG00000232812	0	0	0
ENSG00000231666	0	0	0
ENSG00000226986	1	0	1
ENSG00000242042	0	0	0
ENSG00000234464	0	0	0
ENSG00000253148	1	0	1
ENSG00000227751	0	267	0
ENSG00000090104	13	0	13
ENSG00000285280	18	735	8
ENSG00000232892	0	0	0
ENSG00000236950	0	0	0
ENSG00000236468	0	0	0
ENSG00000143322	210	0	210
ENSG00000185220	143	0	143
ENSG00000226003	0	0	0
ENSG00000230813	1	0	1
ENSG00000226862	8	0	8
ENSG00000236101	0	0	0
ENSG00000162769	144	0	144
ENSG00000133065	171	0	171
ENSG00000278684	0	0	0
ENSG00000236775	0	0	0
ENSG00000042781	0	0	0
ENSG00000234754	0	0	0
ENSG00000233084	2	0	2
ENSG00000227815	1	0	1
ENSG00000287046	0	0	0
ENSG00000223774	0	4	0
ENSG00000228863	10	2144	4
ENSG00000228646	0	0	0
ENSG00000229112	0	0	0
ENSG00000233332	0	0	0
ENSG00000231984	0	0	0
ENSG00000286213	0	0	0
ENSG00000226876	0	0	0
ENSG00000277462	26	0	26
ENSG00000225591	0	0	0
ENSG00000035687	601	0	601
ENSG00000213080	0	0	0
ENSG00000180287	0	0	0
ENSG00000226693	1	0	1
ENSG00000234678	21	265	0
ENSG00000231272	0	0	0
ENSG00000223828	1	1	0
ENSG00000163431	19	0	23
ENSG00000230124	177	2	196
ENSG00000226723	1	0	1
ENSG00000272672	0	0	0
ENSG00000143473	0	1	0
ENSG00000228982	0	0	0
ENSG00000235096	0	0	0
ENSG00000237250	0	0	0
ENSG00000007341	48	11	72
ENSG00000286747	0	0	0
ENSG00000236069	0	0	0
ENSG00000236244	0	0	0
ENSG00000272865	0	0	0
ENSG00000117222	507	0	507
ENSG00000143324	366	0	366
ENSG00000229871	0	0	0
ENSG00000225222	0	0	0
ENSG00000118193	5	0	5
ENSG00000234116	0	0	0
ENSG00000231940	1	0	1
ENSG00000198842	0	0	0
ENSG00000286619	15	0	15
ENSG00000198756	12	0	12
ENSG00000259823	3	1	2
ENSG00000271558	0	0	0
ENSG00000227554	0	0	0
ENSG00000178596	0	0	0
ENSG00000135749	134	4	148
ENSG00000143786	57	1	56
ENSG00000224584	0	0	0
ENSG00000054282	188	19	197
ENSG00000183780	12	0	12
ENSG00000229663	3	3	0
ENSG00000162702	614	0	614
ENSG00000251508	0	0	0
ENSG00000238272	0	0	0
ENSG00000228530	0	0	0
ENSG00000235060	0	0	0
ENSG00000143194	1	0	1
ENSG00000229531	0	0	1
ENSG00000271329	0	0	0
ENSG00000054267	1271	2	1270
ENSG00000261831	0	0	0
ENSG00000287921	0	0	0
ENSG00000177800	0	0	0
ENSG00000225620	0	0	0
ENSG00000232166	0	0	0
ENSG00000175137	1148	5	1143
ENSG00000134245	7	27	5
ENSG00000234041	0	0	0
ENSG00000227373	14	0	14
ENSG00000231905	0	0	0
ENSG00000228175	1	1	0
ENSG00000069275	1303	0	1303
ENSG00000143674	45	0	45
ENSG00000237317	0	0	0
ENSG00000187889	0	0	0
ENSG00000134375	286	0	286
ENSG00000097046	90	1	89
ENSG00000232113	0	0	0
ENSG00000282718	0	0	0
ENSG00000231378	0	0	0
ENSG00000235605	0	0	2
ENSG00000223525	0	0	0
ENSG00000224857	0	0	0
ENSG00000273367	1	0	1
ENSG00000230604	0	0	0
ENSG00000231605	0	0	0
ENSG00000236358	2	2	2
ENSG00000203737	0	0	0
ENSG00000238003	0	0	0
ENSG00000215873	0	0	0
ENSG00000287008	0	0	0
ENSG00000185420	62	0	62
ENSG00000076321	167	0	167
ENSG00000272175	2	0	4
ENSG00000231564	0	0	0
ENSG00000135778	114	16	116
ENSG00000213070	0	0	0
ENSG00000282265	0	0	0
ENSG00000250536	0	0	0
ENSG00000229747	0	0	0
ENSG00000117280	678	0	678
ENSG00000233985	0	0	0
ENSG00000232175	0	0	0
ENSG00000287423	0	0	0
ENSG00000286774	0	0	0
ENSG00000236719	0	0	0
ENSG00000136636	62	1	61
ENSG00000225486	0	0	0
ENSG00000227043	0	0	0
ENSG00000163874	329	0	329
ENSG00000285777	0	0	0
ENSG00000237249	0	0	0
ENSG00000286109	0	0	0
ENSG00000213068	0	0	0
ENSG00000054392	20	0	21
ENSG00000227994	0	0	0
ENSG00000286552	0	0	0
ENSG00000225711	0	0	0
ENSG00000122223	481	10	471
ENSG00000235869	0	0	0
ENSG00000188739	4	0	4
ENSG00000286666	0	0	0
ENSG00000135750	0	0	0
ENSG00000273198	2	0	2
ENSG00000203730	0	0	0
ENSG00000225719	0	0	0
ENSG00000273483	2	0	2
ENSG00000287987	0	0	0
ENSG00000203729	0	0	0
ENSG00000232809	0	0	0
ENSG00000284623	0	0	0
ENSG00000285981	0	0	0
ENSG00000261729	1	0	1
ENSG00000223869	0	0	0
ENSG00000229228	0	0	0
ENSG00000215796	0	0	0
ENSG00000185221	0	0	0
ENSG00000233047	0	0	0
ENSG00000143341	5	0	5
ENSG00000228309	0	0	0
ENSG00000229739	3	0	3
ENSG00000116703	0	0	0
ENSG00000273874	0	0	0
ENSG00000278791	0	7	0
ENSG00000278757	2	0	2
ENSG00000264341	0	0	0
ENSG00000264101	0	0	0
ENSG00000265141	0	0	0
ENSG00000221083	0	0	0
ENSG00000252404	0	0	0
ENSG00000222511	0	0	0
ENSG00000265392	0	0	0
ENSG00000243267	0	0	0
ENSG00000201725	0	0	0
ENSG00000274258	0	0	0
ENSG00000239149	0	0	0
ENSG00000252151	0	0	0
ENSG00000252969	0	0	0
ENSG00000252417	0	0	0
ENSG00000200975	0	0	0
ENSG00000201609	0	0	0
ENSG00000238482	0	0	0
ENSG00000252956	0	0	0
ENSG00000265606	0	0	0
ENSG00000284357	0	0	0
ENSG00000278034	0	0	0
ENSG00000207237	0	0	0
ENSG00000222784	0	0	0
ENSG00000266210	0	0	0
ENSG00000265961	0	0	0
ENSG00000251866	0	0	0
ENSG00000252691	0	0	0
ENSG00000264371	0	0	0
ENSG00000253005	2	0	2
ENSG00000238316	0	0	0
ENSG00000207941	0	0	0
ENSG00000264773	2	0	2
ENSG00000252448	2	2	0
ENSG00000200421	0	0	0
ENSG00000222282	0	0	0
ENSG00000199963	0	0	0
ENSG00000264698	0	0	0
ENSG00000207328	0	0	0
ENSG00000207466	0	0	0
ENSG00000252368	0	0	0
ENSG00000206779	0	0	0
ENSG00000265596	0	0	0
ENSG00000212541	6	6	0
ENSG00000200796	0	0	0
ENSG00000252190	0	0	0
ENSG00000264613	0	0	0
ENSG00000199240	0	0	0
ENSG00000277168	0	0	0
ENSG00000283724	0	0	0
ENSG00000284410	0	0	0
ENSG00000252018	0	0	0
ENSG00000206627	0	0	0
ENSG00000283414	0	0	0
ENSG00000207508	1	0	1
ENSG00000200171	0	0	0
ENSG00000207194	0	0	0
ENSG00000283477	0	0	0
ENSG00000264834	0	0	0
ENSG00000263675	2	0	2
ENSG00000266188	0	0	0
ENSG00000206981	0	0	0
ENSG00000200174	0	0	0
ENSG00000265822	0	0	0
ENSG00000265815	0	0	0
ENSG00000238653	0	0	0
ENSG00000212624	0	0	0
ENSG00000200575	0	0	0
ENSG00000212360	0	0	0
ENSG00000242860	0	0	0
ENSG00000263908	0	0	0
ENSG00000283690	0	0	0
ENSG00000199921	0	0	0
ENSG00000251825	0	0	0
ENSG00000201153	0	0	0
ENSG00000222624	0	0	0
ENSG00000223152	0	0	0
ENSG00000212308	0	0	0
ENSG00000279049	0	13	0
ENSG00000276081	0	0	0
ENSG00000239640	0	0	0
ENSG00000252338	0	0	0
ENSG00000251785	0	0	0
ENSG00000239319	0	0	0
ENSG00000222849	0	0	0
ENSG00000283749	0	0	0
ENSG00000251958	0	0	0
ENSG00000251767	0	0	0
ENSG00000243437	0	0	0
ENSG00000202263	0	0	0
ENSG00000199318	0	0	0
ENSG00000199666	0	0	0
ENSG00000200601	0	0	0
ENSG00000242482	0	0	0
ENSG00000212366	0	0	0
ENSG00000201620	0	0	0
ENSG00000206817	0	0	0
ENSG00000284247	0	0	0
ENSG00000200839	0	0	0
ENSG00000264963	0	0	0
ENSG00000264271	0	0	0
ENSG00000239504	0	0	0
ENSG00000284202	0	0	0
ENSG00000251720	0	0	0
ENSG00000274321	0	0	0
ENSG00000198974	0	0	0
ENSG00000212248	0	0	0
ENSG00000207962	0	0	0
ENSG00000276884	0	1	0
ENSG00000207234	2	0	2
ENSG00000202259	0	0	0
ENSG00000212459	0	0	0
ENSG00000278287	0	0	0
ENSG00000277565	0	0	0
ENSG00000263526	0	0	0
ENSG00000211575	0	0	0
ENSG00000275823	0	0	0
ENSG00000277689	0	0	0
ENSG00000274199	0	1	0
ENSG00000202254	0	0	0
ENSG00000244256	2	0	2
ENSG00000201491	0	0	0
ENSG00000199831	0	0	0
ENSG00000275455	0	0	0
ENSG00000252162	0	0	0
ENSG00000272051	0	0	0
ENSG00000283899	0	0	0
ENSG00000200800	0	0	0
ENSG00000207502	0	0	0
ENSG00000252530	0	0	0
ENSG00000200536	0	0	0
ENSG00000211543	0	0	0
ENSG00000252797	3	3	0
ENSG00000212266	0	0	0
ENSG00000222209	0	0	0
ENSG00000277141	0	0	0
ENSG00000215930	0	0	0
ENSG00000238761	0	0	0
ENSG00000201114	0	0	0
ENSG00000206679	0	0	0
ENSG00000264419	0	0	0
ENSG00000222069	0	0	0
ENSG00000274428	0	0	0
ENSG00000199879	0	0	0
ENSG00000274408	0	0	0
ENSG00000283676	0	0	0
ENSG00000252005	0	0	0
ENSG00000252510	0	0	0
ENSG00000207340	2	0	2
ENSG00000252830	0	0	0
ENSG00000274450	0	0	0
ENSG00000252135	0	0	0
ENSG00000278596	0	0	0
ENSG00000238825	0	0	0
ENSG00000201183	3	1	2
ENSG00000202408	0	0	0
ENSG00000252744	0	0	0
ENSG00000273768	0	0	0
ENSG00000242565	0	0	0
ENSG00000239984	0	0	0
ENSG00000283296	0	0	0
ENSG00000252717	0	0	0
ENSG00000194297	0	0	0
ENSG00000199565	0	0	0
ENSG00000277313	0	0	0
ENSG00000274940	0	0	0
ENSG00000207341	0	0	0
ENSG00000207472	0	0	0
ENSG00000206880	0	0	0
ENSG00000252552	0	0	0
ENSG00000199849	0	0	0
ENSG00000252407	0	0	0
ENSG00000212538	0	0	0
ENSG00000251813	0	0	0
ENSG00000207108	0	0	0
ENSG00000201312	0	0	0
ENSG00000207039	0	0	0
ENSG00000202491	0	0	0
ENSG00000201596	0	0	0
ENSG00000276839	0	0	0
ENSG00000207974	0	0	0
ENSG00000273629	0	0	0
ENSG00000201493	0	0	0
ENSG00000215952	0	0	0
ENSG00000200139	0	0	0
ENSG00000283575	0	0	0
ENSG00000238765	0	0	0
ENSG00000264916	0	0	0
ENSG00000212338	0	0	0
ENSG00000206659	0	0	0
ENSG00000253025	0	0	0
ENSG00000201619	0	0	0
ENSG00000201544	4	1	3
ENSG00000202498	0	0	0
ENSG00000221545	0	0	0
ENSG00000252906	0	0	0
ENSG00000206692	0	0	0
ENSG00000202329	0	0	0
ENSG00000242794	0	0	0
ENSG00000212144	0	0	0
ENSG00000283340	0	0	0
ENSG00000252860	0	0	0
ENSG00000252501	0	0	0
ENSG00000263390	0	0	0
ENSG00000207181	0	0	0
ENSG00000265744	0	0	0
ENSG00000264377	0	0	0
ENSG00000207149	0	0	0
ENSG00000283936	0	0	0
ENSG00000284485	0	0	0
ENSG00000201638	0	0	0
ENSG00000275213	0	0	0
ENSG00000239494	2	0	2
ENSG00000212230	0	0	0
ENSG00000252371	0	0	0
ENSG00000199442	0	0	0
ENSG00000200033	0	0	0
ENSG00000239690	0	0	0
ENSG00000202184	0	0	0
ENSG00000241395	0	0	0
ENSG00000200982	0	0	0
ENSG00000275207	0	0	0
ENSG00000202300	0	0	0
ENSG00000222407	0	0	0
ENSG00000222986	0	0	0
ENSG00000265435	0	0	0
ENSG00000272262	0	0	0
ENSG00000200495	0	0	0
ENSG00000202609	0	0	0
ENSG00000252553	0	0	0
ENSG00000206764	0	0	0
ENSG00000222240	0	0	0
ENSG00000212187	0	0	0
ENSG00000206637	0	0	0
ENSG00000253097	0	0	0
ENSG00000200036	0	0	0
ENSG00000201421	0	0	0
ENSG00000212610	0	0	0
ENSG00000252484	0	0	0
ENSG00000201944	0	0	0
ENSG00000200327	0	0	0
ENSG00000206905	0	0	0
ENSG00000200972	0	0	0
ENSG00000243051	0	0	0
ENSG00000252011	0	0	0
ENSG00000207326	0	0	0
ENSG00000212205	1	1	0
ENSG00000253042	0	0	0
ENSG00000274121	0	0	0
ENSG00000264358	0	0	0
ENSG00000206640	0	0	0
ENSG00000212527	0	0	0
ENSG00000252879	0	0	0
ENSG00000252612	1	0	1
ENSG00000202264	0	0	0
ENSG00000285609	0	0	0
ENSG00000206762	2	1	1
ENSG00000252084	0	0	0
ENSG00000200085	0	0	0
ENSG00000264500	0	0	0
ENSG00000202025	0	0	0
ENSG00000225545	0	0	0
ENSG00000206990	0	0	0
ENSG00000230175	0	0	0
ENSG00000225272	0	0	0
ENSG00000215838	3	2	1
ENSG00000273365	0	0	0
ENSG00000224358	0	0	0
ENSG00000230659	0	0	0
ENSG00000162545	3	0	3
ENSG00000090432	292	0	292
ENSG00000215520	0	0	0
ENSG00000183114	0	0	0
ENSG00000158825	1500	0	1500
ENSG00000158828	397	43	1674
ENSG00000284005	0	0	0
ENSG00000117242	30	1285	64
ENSG00000234473	1	0	1
ENSG00000238754	0	0	0
ENSG00000134371	465	4	465
ENSG00000221680	0	0	0
ENSG00000162630	35	0	37
ENSG00000276735	0	2	0
ENSG00000232077	0	0	0
ENSG00000229639	0	0	0
ENSG00000287453	0	0	0
ENSG00000270615	0	0	0
ENSG00000287283	0	0	0
ENSG00000240692	0	0	0
ENSG00000229359	0	0	0
ENSG00000237919	0	0	0
ENSG00000066557	145	0	145
ENSG00000244389	0	0	0
ENSG00000228988	0	0	0
ENSG00000118454	229	2	227
ENSG00000226088	2	2	0
ENSG00000116761	7	0	7
ENSG00000278636	0	0	0
ENSG00000271992	1	0	1
ENSG00000233020	0	0	0
ENSG00000237033	0	0	0
ENSG00000226208	0	0	0
ENSG00000007968	178	0	178
ENSG00000235052	0	0	0
ENSG00000117318	149	0	149
ENSG00000285802	3	0	3
ENSG00000229239	0	0	0
ENSG00000142676	13645	38	13607
ENSG00000057757	544	0	544
ENSG00000011009	665	0	665
ENSG00000117308	65	0	65
ENSG00000273844	0	0	0
ENSG00000235748	0	0	0
ENSG00000237861	0	0	0
ENSG00000221879	0	0	0
ENSG00000230260	0	1	0
ENSG00000199241	0	0	0
ENSG00000226919	0	3	0
ENSG00000223963	0	0	0
ENSG00000215802	0	0	0
ENSG00000233615	0	0	0
ENSG00000238085	0	0	0
ENSG00000265831	0	0	0
ENSG00000224348	0	0	0
ENSG00000286496	1	0	1
ENSG00000287516	0	0	0
ENSG00000287738	0	0	0
ENSG00000132703	0	0	0
ENSG00000276632	0	0	0
ENSG00000223603	0	0	0
ENSG00000132693	0	0	0
ENSG00000235226	0	0	0
ENSG00000158716	176	0	176
ENSG00000181036	219	4	215
ENSG00000158714	11	20	62
ENSG00000212161	0	0	0
ENSG00000243284	1	0	1
ENSG00000272668	16	4	13
ENSG00000213085	60	0	60
ENSG00000266458	0	0	0
ENSG00000287040	1	1	0
ENSG00000279430	1	0	1
ENSG00000162723	0	0	0
ENSG00000273933	0	0	0
ENSG00000256029	0	19	11
ENSG00000188004	0	0	0
ENSG00000266580	0	0	0
ENSG00000254545	0	5	0
ENSG00000203620	2	0	2
ENSG00000269967	4	0	4
ENSG00000228634	2	2	0
ENSG00000284702	0	0	0
ENSG00000221040	0	0	0
ENSG00000287217	0	0	0
ENSG00000163399	1065	8	3184
ENSG00000212385	0	0	0
ENSG00000233154	7	0	7
ENSG00000230381	0	0	0
ENSG00000200547	0	0	0
ENSG00000224950	14	0	18
ENSG00000286276	6	10	0
ENSG00000177888	186	0	186
ENSG00000243364	52	0	52
ENSG00000251246	0	0	0
ENSG00000143590	4	0	4
ENSG00000202027	0	0	0
ENSG00000169242	17	0	17
ENSG00000169241	266	1	265
ENSG00000223452	0	0	0
ENSG00000163463	41	0	41
ENSG00000273088	0	0	0
ENSG00000284586	0	0	0
ENSG00000169231	128	4	273
ENSG00000236263	0	46	3
ENSG00000236675	45	45	0
ENSG00000177628	571	0	571
ENSG00000116521	397	1	396
ENSG00000176444	665	0	665
ENSG00000143630	16	0	21
ENSG00000143627	0	5	0
ENSG00000253074	0	0	0
ENSG00000252116	0	0	0
ENSG00000228523	0	0	0
ENSG00000223263	0	0	0
ENSG00000207504	0	0	0
ENSG00000238139	0	0	0
ENSG00000197721	20	0	21
ENSG00000244703	0	0	0
ENSG00000226289	0	0	0
ENSG00000285239	0	1	0
ENSG00000234219	0	0	0
ENSG00000174059	8	0	8
ENSG00000285719	0	0	0
ENSG00000284237	1	0	1
ENSG00000158731	0	0	0
ENSG00000201746	0	0	0
ENSG00000264881	0	0	0
ENSG00000199562	1	0	1
ENSG00000264501	0	0	0
ENSG00000284735	2	2	0
ENSG00000284642	3	2	1
ENSG00000142657	4451	7	4444
ENSG00000271989	0	10	0
ENSG00000251503	0	0	0
ENSG00000175279	3	0	3
ENSG00000160049	211	0	249
ENSG00000203469	0	20	0
ENSG00000236035	0	0	0
ENSG00000221643	0	0	0
ENSG00000122188	165	1	164
ENSG00000288644	0	0	0
ENSG00000227417	0	0	0
ENSG00000223505	0	0	0
ENSG00000182004	322	0	322
ENSG00000236430	1	1	0
ENSG00000130768	4	4	6
ENSG00000227050	1	7	4
ENSG00000238231	2	2	0
ENSG00000240750	0	0	0
ENSG00000158156	898	3	899
ENSG00000182118	22	0	22
ENSG00000283799	0	0	0
ENSG00000227934	1	1	0
ENSG00000229595	0	0	0
ENSG00000143633	166	0	166
ENSG00000281912	0	0	0
ENSG00000288208	0	0	0
ENSG00000132773	96	11	109
ENSG00000070759	124	7	128
ENSG00000236872	1	1	0
ENSG00000280670	38	0	38
ENSG00000132763	30	405	29
ENSG00000221953	0	0	0
ENSG00000226164	0	0	0
ENSG00000224014	0	0	0
ENSG00000215795	0	0	0
ENSG00000259865	167	0	167
ENSG00000227671	420	0	420
ENSG00000283881	0	0	0
ENSG00000252516	3	0	3
ENSG00000232347	0	0	0
ENSG00000214144	0	0	0
ENSG00000235818	0	0	0
ENSG00000197617	0	0	0
ENSG00000202079	0	0	0
ENSG00000286216	0	0	0
ENSG00000203664	0	0	0
ENSG00000169224	38	0	38
ENSG00000236817	0	0	0
ENSG00000177489	0	0	0
ENSG00000177476	0	0	0
ENSG00000283369	0	0	0
ENSG00000230411	0	0	0
ENSG00000251977	0	0	0
ENSG00000252254	0	0	0
ENSG00000227854	0	0	0
ENSG00000287589	0	0	0
ENSG00000259776	0	0	0
ENSG00000233355	395	0	400
ENSG00000234601	0	0	0
ENSG00000231979	0	0	0
ENSG00000215805	0	0	0
ENSG00000287102	0	0	0
ENSG00000217327	0	0	0
ENSG00000228818	0	0	0
ENSG00000202041	0	0	0
ENSG00000223694	0	0	0
ENSG00000233735	0	0	0
ENSG00000133019	2	5	2
ENSG00000162636	330	0	330
ENSG00000162639	206	0	206
ENSG00000285923	1	0	1
ENSG00000134186	1401	18	1383
ENSG00000143107	0	0	0
ENSG00000232971	0	0	0
ENSG00000116266	1080	1	1079
ENSG00000228076	0	0	0
ENSG00000203897	0	0	0
ENSG00000237349	0	0	0
ENSG00000244716	16	0	16
ENSG00000228665	0	0	0
ENSG00000228054	0	0	0
ENSG00000273382	9	53	9
ENSG00000215717	1156	0	1209
ENSG00000278249	0	0	0
ENSG00000270066	0	0	0
ENSG00000251484	1	1	0
ENSG00000132676	935	114	935
ENSG00000227673	0	0	0
ENSG00000203761	45	35	25
ENSG00000234937	2	2	0
ENSG00000132718	238	0	238
ENSG00000283442	0	0	0
ENSG00000143622	1059	0	1059
ENSG00000132680	616	0	616
ENSG00000207475	0	0	0
ENSG00000280466	0	0	0
ENSG00000281394	0	0	0
ENSG00000277817	0	0	0
ENSG00000273002	19	0	19
ENSG00000224276	0	0	0
ENSG00000285677	0	819	0
ENSG00000163479	1717	0	2536
ENSG00000160803	325	1	324
ENSG00000132698	4	0	4
ENSG00000252236	0	0	0
ENSG00000260238	0	0	0
ENSG00000242252	4	1	3
ENSG00000198952	1685	2	1683
ENSG00000163472	100	145	107
ENSG00000163468	1107	0	1107
ENSG00000132677	1	0	1
ENSG00000237390	0	0	0
ENSG00000207933	0	0	0
ENSG00000254726	1	0	1
ENSG00000186377	0	0	0
ENSG00000186160	0	0	0
ENSG00000225154	0	0	0
ENSG00000225506	3	0	4
ENSG00000225514	0	0	0
ENSG00000224805	36	1	44
ENSG00000162366	635	0	635
ENSG00000226252	5	65	1
ENSG00000225762	3	1	2
ENSG00000186790	0	0	0
ENSG00000237424	32	0	32
ENSG00000189030	0	0	0
ENSG00000162763	0	0	0
ENSG00000143061	2	0	2
ENSG00000135821	7187	6	7181
ENSG00000203740	0	0	0
ENSG00000162374	0	0	0
ENSG00000168275	72	2	106
ENSG00000241563	0	0	0
ENSG00000153207	1731	0	1731
ENSG00000156869	76	0	76
ENSG00000033122	13	3	10
ENSG00000143278	0	0	0
ENSG00000116678	111	0	111
ENSG00000159352	1487	4	1483
ENSG00000158710	15783	1	15782
ENSG00000162734	848	9	879
ENSG00000049239	1066	0	1066
ENSG00000186564	2	0	2
ENSG00000244038	1460	8	1452
ENSG00000158747	10	0	10
ENSG00000116690	4	130	2
ENSG00000126091	16	0	16
ENSG00000162383	7	1	6
ENSG00000171163	338	1	337
ENSG00000172456	42	0	42
ENSG00000162946	258	0	258
ENSG00000158786	0	0	0
ENSG00000118733	2	0	2
ENSG00000157870	174	8	212
ENSG00000179085	67	0	67
ENSG00000173080	2	2	0
ENSG00000183347	28	0	28
ENSG00000276470	0	0	0
ENSG00000278852	0	0	0
ENSG00000275915	0	0	0
ENSG00000120937	0	0	0
ENSG00000224904	0	0	0
ENSG00000285646	3	3	0
ENSG00000199347	0	0	0
ENSG00000201801	0	0	0
ENSG00000116685	998	0	998
ENSG00000083444	828	0	828
ENSG00000287384	0	0	0
ENSG00000270914	0	0	0
ENSG00000116691	345	0	345
ENSG00000202461	0	0	0
ENSG00000276869	0	0	0
ENSG00000243539	0	0	0
ENSG00000120949	217	1	216
ENSG00000201135	0	0	0
ENSG00000227875	0	0	0
ENSG00000285604	0	0	0
ENSG00000283789	0	0	0
ENSG00000263676	0	0	0
ENSG00000200591	0	0	0
ENSG00000162521	989	0	1455
ENSG00000162520	0	466	0
ENSG00000224409	0	0	0
ENSG00000162522	25	0	25
ENSG00000116497	415	1	416
ENSG00000160097	1	1	0
ENSG00000121905	0	0	0
ENSG00000121900	0	0	0
ENSG00000287691	19	21	0
ENSG00000278966	3	3	0
ENSG00000143222	519	0	657
ENSG00000224985	3	141	0
ENSG00000143224	185	42	189
ENSG00000158850	459	5	499
ENSG00000158859	10	2	9
ENSG00000158869	4483	0	4483
ENSG00000158874	1	1	0
ENSG00000158882	47	0	88
ENSG00000284035	0	0	0
ENSG00000143257	1	42	0
ENSG00000248485	10	10	0
ENSG00000188931	27	28	0
ENSG00000236484	0	0	0
ENSG00000283696	8	0	8
ENSG00000288093	3	0	3
ENSG00000206921	0	0	0
ENSG00000215840	0	0	0
ENSG00000277882	0	0	0
ENSG00000283317	1	1	0
ENSG00000277762	0	0	0
ENSG00000227139	0	0	0
ENSG00000265107	0	0	0
ENSG00000274415	0	0	0
ENSG00000234190	0	0	0
ENSG00000223728	0	0	0
ENSG00000121634	0	0	0
ENSG00000188092	50	0	50
ENSG00000215859	2	3	0
ENSG00000273059	0	0	1
ENSG00000274372	2	0	2
ENSG00000206791	0	0	0
ENSG00000206585	0	0	0
ENSG00000229828	0	0	0
ENSG00000225080	0	0	0
ENSG00000198658	1	0	1
ENSG00000238382	0	0	0
ENSG00000225919	0	0	0
ENSG00000236497	0	0	0
ENSG00000207190	0	0	0
ENSG00000200508	0	0	0
ENSG00000284928	0	0	0
ENSG00000223949	0	0	0
ENSG00000116688	1385	1	1384
ENSG00000188800	1	0	1
ENSG00000084073	662	0	664
ENSG00000231296	0	2	0
ENSG00000049089	220	2	218
ENSG00000227311	0	0	0
ENSG00000213172	0	0	0
ENSG00000284677	0	0	0
ENSG00000187801	19	0	19
ENSG00000260920	21	0	21
ENSG00000158887	80	0	80
ENSG00000255054	0	0	0
ENSG00000228172	0	129	1
ENSG00000117640	305	1	429
ENSG00000272478	0	0	0
ENSG00000127423	6	9	4
ENSG00000182749	180	7	248
ENSG00000207302	0	0	0
ENSG00000117632	283	0	283
ENSG00000229786	0	0	0
ENSG00000223624	0	0	0
ENSG00000283938	0	0	0
ENSG00000199385	0	0	0
ENSG00000187147	622	7	854
ENSG00000263381	0	0	0
ENSG00000126106	17	238	18
ENSG00000198520	261	1	260
ENSG00000199377	0	0	0
ENSG00000200169	0	0	0
ENSG00000142945	17	2	20
ENSG00000142937	9969	9	10863
ENSG00000264294	0	0	0
ENSG00000200913	0	0	0
ENSG00000202031	0	0	0
ENSG00000207421	0	0	0
ENSG00000281859	0	0	0
ENSG00000234093	1	1	0
ENSG00000142959	3	0	3
ENSG00000173846	232	1	250
ENSG00000117425	7	0	7
ENSG00000202444	0	0	0
ENSG00000226499	1	0	1
ENSG00000070785	91	0	91
ENSG00000253039	0	0	0
ENSG00000229815	0	0	0
ENSG00000232369	0	0	0
ENSG00000268949	0	0	0
ENSG00000126107	457	0	458
ENSG00000126088	367	1	367
ENSG00000234315	0	0	0
ENSG00000162408	210	0	210
ENSG00000229519	1	1	0
ENSG00000173662	0	0	0
ENSG00000204859	369	9	360
ENSG00000288629	0	0	0
ENSG00000230735	1	5	1
ENSG00000171488	792	2	790
ENSG00000226394	0	0	0
ENSG00000237200	0	0	0
ENSG00000070886	0	0	0
ENSG00000276835	0	0	0
ENSG00000265422	0	0	0
ENSG00000223776	0	23	3
ENSG00000273058	7	0	7
ENSG00000230325	2	2	3
ENSG00000119285	315	347	390
ENSG00000226498	0	0	0
ENSG00000237991	0	0	0
ENSG00000244020	0	0	0
ENSG00000288099	0	0	0
ENSG00000225886	5	6	0
ENSG00000206767	0	0	0
ENSG00000226662	0	0	0
ENSG00000207095	0	0	0
ENSG00000287244	0	0	0
ENSG00000231344	1	0	1
ENSG00000230833	0	0	0
ENSG00000117758	554	0	554
ENSG00000269971	0	0	0
ENSG00000270031	2	0	2
ENSG00000223062	0	0	0
ENSG00000286433	0	29	0
ENSG00000117751	520	6	543
ENSG00000252947	0	0	0
ENSG00000130775	4506	3	4503
ENSG00000117748	1295	29	1266
ENSG00000223643	0	0	0
ENSG00000230239	0	0	0
ENSG00000263811	0	0	0
ENSG00000277234	0	0	0
ENSG00000235241	0	57	0
ENSG00000207005	0	0	0
ENSG00000272426	1	1	0
ENSG00000117122	0	0	0
ENSG00000286898	0	0	0
ENSG00000226526	0	26	0
ENSG00000159363	324	0	338
ENSG00000117118	714	0	714
ENSG00000117115	3060	2	3058
ENSG00000204362	0	0	0
ENSG00000282843	0	0	0
ENSG00000142623	0	0	0
ENSG00000142619	0	0	0
ENSG00000266634	0	0	0
ENSG00000199459	0	0	0
ENSG00000273264	0	0	0
ENSG00000282057	0	0	0
ENSG00000272691	0	0	0
ENSG00000199934	0	0	0
ENSG00000230285	0	0	0
ENSG00000142871	1	1	0
ENSG00000226643	0	0	0
ENSG00000234419	0	0	0
ENSG00000276997	3	0	3
ENSG00000222399	0	0	0
ENSG00000267305	0	0	0
ENSG00000143512	0	0	0
ENSG00000143498	35	0	37
ENSG00000225265	0	2	0
ENSG00000154305	938	36	1106
ENSG00000229399	0	0	0
ENSG00000272750	9	204	8
ENSG00000186063	376	16	371
ENSG00000162819	744	1	753
ENSG00000287684	0	2	0
ENSG00000234523	0	0	0
ENSG00000287338	0	0	0
ENSG00000187554	361	42	319
ENSG00000236846	0	0	0
ENSG00000226601	0	0	0
ENSG00000164010	175	10	268
ENSG00000164011	85	0	85
ENSG00000233708	0	0	0
ENSG00000237090	0	0	0
ENSG00000225099	0	0	0
ENSG00000284138	7	0	7
ENSG00000283973	0	6	0
ENSG00000207256	0	0	0
ENSG00000283136	0	0	0
ENSG00000277513	0	0	0
ENSG00000154309	63	0	63
ENSG00000226967	0	0	0
ENSG00000231407	0	0	0
ENSG00000229570	0	0	0
ENSG00000203857	0	0	0
ENSG00000226443	1	0	1
ENSG00000249798	0	0	0
ENSG00000239873	0	0	0
ENSG00000203855	0	0	0
ENSG00000240244	0	0	0
ENSG00000260941	6	0	6
ENSG00000198857	2	2	0
ENSG00000143067	70	0	70
ENSG00000134240	0	0	0
ENSG00000134193	9	0	9
ENSG00000215864	0	0	0
ENSG00000227205	0	0	0
ENSG00000226446	0	0	0
ENSG00000134249	0	0	0
ENSG00000092621	57	0	57
ENSG00000027644	0	0	0
ENSG00000241992	0	0	0
ENSG00000234226	0	0	0
ENSG00000137970	38	0	38
ENSG00000223229	0	0	0
ENSG00000285698	0	0	0
ENSG00000228035	0	0	0
ENSG00000287103	0	0	0
ENSG00000226973	0	0	0
ENSG00000274468	0	0	0
ENSG00000130764	370	5	430
ENSG00000266075	1	2	0
ENSG00000272153	13	77	0
ENSG00000230026	0	0	0
ENSG00000285177	0	0	0
ENSG00000284770	13	22	12
ENSG00000229795	0	0	0
ENSG00000238236	0	0	0
ENSG00000235638	0	0	0
ENSG00000231199	0	0	0
ENSG00000226663	0	0	0
ENSG00000231582	0	0	0
ENSG00000232714	0	0	0
ENSG00000235761	0	0	0
ENSG00000270710	0	0	0
ENSG00000227236	0	0	0
ENSG00000198837	2260	1	2373
ENSG00000160741	1147	1	1146
ENSG00000276584	0	0	0
ENSG00000282386	5	1	4
ENSG00000273026	3	0	3
ENSG00000143578	29	11	32
ENSG00000143543	123	2	131
ENSG00000285641	0	3	1
ENSG00000143545	10	0	10
ENSG00000177954	17019	3	17016
ENSG00000231416	0	0	0
ENSG00000200220	0	0	0
ENSG00000231837	0	0	0
ENSG00000263987	0	0	0
ENSG00000162642	237	0	237
ENSG00000223254	0	0	0
ENSG00000223653	0	26	1
ENSG00000116198	371	1	372
ENSG00000169598	111	1	112
ENSG00000226653	0	0	0
ENSG00000207209	0	0	0
ENSG00000272443	0	0	0
ENSG00000272480	0	0	0
ENSG00000288626	0	0	0
ENSG00000162836	132	1	131
ENSG00000207080	0	0	0
ENSG00000231791	0	0	0
ENSG00000244568	0	0	0
ENSG00000271387	0	0	0
ENSG00000116667	64	0	64
ENSG00000230470	0	0	0
ENSG00000232036	0	0	0
ENSG00000285847	0	0	0
ENSG00000286378	0	0	0
ENSG00000215381	0	0	0
ENSG00000261326	55	0	55
ENSG00000284726	4	4	0
ENSG00000125945	117	0	117
ENSG00000201405	0	0	0
ENSG00000271420	0	0	0
ENSG00000204219	60	0	60
ENSG00000232482	0	0	0
ENSG00000285779	0	0	0
ENSG00000162885	46	23	83
ENSG00000270780	0	0	0
ENSG00000232895	0	0	0
ENSG00000273698	0	0	0
ENSG00000273112	5	1	4
ENSG00000173110	1872	3	1869
ENSG00000224203	1	1	0
ENSG00000224515	0	0	0
ENSG00000225217	302	0	302
ENSG00000231586	1	1	0
ENSG00000234211	0	23	0
ENSG00000213075	2	2	0
ENSG00000143125	0	0	0
ENSG00000270380	0	0	0
ENSG00000282887	0	0	0
ENSG00000283999	0	0	0
ENSG00000240194	0	0	0
ENSG00000235407	0	0	0
ENSG00000143105	0	0	0
ENSG00000199710	0	0	0
ENSG00000237415	0	0	0
ENSG00000232791	0	0	0
ENSG00000177301	20	4	16
ENSG00000226828	2	2	0
ENSG00000279774	0	0	0
ENSG00000229960	0	0	0
ENSG00000286486	0	0	0
ENSG00000244066	0	0	0
ENSG00000237759	0	0	0
ENSG00000287531	0	0	0
ENSG00000225855	43	357	15
ENSG00000283701	0	0	0
ENSG00000207134	0	0	0
ENSG00000227773	0	0	0
ENSG00000207144	0	0	0
ENSG00000237872	0	0	0
ENSG00000271267	2	2	0
ENSG00000225082	0	0	0
ENSG00000223503	0	0	0
ENSG00000232519	0	0	0
ENSG00000160752	218	4	535
ENSG00000121957	49	122	115
ENSG00000235089	0	0	0
ENSG00000285179	0	0	0
ENSG00000223026	0	0	0
ENSG00000225721	0	905	3
ENSG00000188396	4	23	0
ENSG00000202167	0	0	0
ENSG00000207349	0	0	0
ENSG00000252826	0	0	0
ENSG00000206737	0	0	0
ENSG00000223779	0	0	0
ENSG00000242352	0	0	0
ENSG00000270962	0	0	0
ENSG00000263590	0	0	0
ENSG00000252105	0	0	0
ENSG00000233430	0	0	0
ENSG00000237503	0	0	0
ENSG00000265531	26	0	32
ENSG00000234571	5	10	1
ENSG00000230186	0	1	0
ENSG00000268074	0	0	0
ENSG00000270872	1	0	1
ENSG00000276674	0	0	0
ENSG00000082482	0	0	0
ENSG00000116747	416	15	544
ENSG00000118729	0	0	0
ENSG00000134207	1	0	1
ENSG00000163467	4	2	2
ENSG00000243710	1	0	1
ENSG00000117395	218	0	218
ENSG00000116874	64	7	70
ENSG00000065600	146	1	145
ENSG00000009780	108	0	108
ENSG00000023572	137	171	94
ENSG00000077254	873	0	873
ENSG00000134644	1063	0	1063
ENSG00000215788	441	1	475
ENSG00000117834	44	4	41
ENSG00000117625	638	0	638
ENSG00000179902	0	0	0
ENSG00000020633	1228	1	1227
ENSG00000121766	214	0	331
ENSG00000143157	658	0	659
ENSG00000162614	151	2	154
ENSG00000160781	92	1	91
ENSG00000143344	51	0	51
ENSG00000162613	1164	1	1163
ENSG00000116882	0	0	0
ENSG00000198758	0	0	0
ENSG00000117569	176	0	176
ENSG00000142856	104	45	106
ENSG00000158022	0	0	0
ENSG00000116396	34	2	32
ENSG00000058668	1543	1	1542
ENSG00000163875	564	0	564
ENSG00000282872	0	0	0
ENSG00000131238	5293	7	5286
ENSG00000171680	7	0	7
ENSG00000244457	0	0	0
ENSG00000116977	511	110	912
ENSG00000229372	0	74	0
ENSG00000274975	0	0	0
ENSG00000229348	0	0	0
ENSG00000242485	362	13	411
ENSG00000264293	0	0	0
ENSG00000272455	24	0	24
ENSG00000225905	0	0	0
ENSG00000225285	0	0	0
ENSG00000179403	0	0	0
ENSG00000215915	5	0	5
ENSG00000236085	0	0	0
ENSG00000234441	0	0	0
ENSG00000227408	0	0	0
ENSG00000223635	0	0	0
ENSG00000135776	272	0	272
ENSG00000199672	0	0	0
ENSG00000201492	1	1	0
ENSG00000229367	0	0	0
ENSG00000135763	121	0	121
ENSG00000213028	0	0	0
ENSG00000225984	0	0	0
ENSG00000178828	0	0	0
ENSG00000235434	0	0	0
ENSG00000169914	144	0	144
ENSG00000188784	0	0	0
ENSG00000242688	0	0	0
ENSG00000177186	0	0	0
ENSG00000177174	0	0	0
ENSG00000269956	14	159	0
ENSG00000162456	0	0	0
ENSG00000079277	840	1	984
ENSG00000117407	0	0	0
ENSG00000237950	14	0	14
ENSG00000117408	258	0	258
ENSG00000285649	0	18	0
ENSG00000117410	2456	0	2456
ENSG00000159214	7	1	7
ENSG00000196517	36	5	36
ENSG00000227163	0	0	0
ENSG00000271647	0	0	0
ENSG00000239560	0	0	0
ENSG00000196539	0	0	0
ENSG00000229255	0	0	0
ENSG00000203661	0	0	0
ENSG00000271934	0	0	0
ENSG00000224521	0	0	0
ENSG00000227102	0	0	0
ENSG00000183310	0	0	0
ENSG00000201602	0	0	0
ENSG00000271701	0	0	0
ENSG00000189181	0	0	0
ENSG00000187238	0	0	0
ENSG00000185962	0	0	0
ENSG00000226947	0	0	0
ENSG00000285753	0	0	0
ENSG00000187223	0	0	0
ENSG00000159455	0	0	0
ENSG00000187173	0	0	0
ENSG00000204501	0	0	0
ENSG00000228229	0	0	0
ENSG00000204481	0	0	0
ENSG00000204479	0	0	0
ENSG00000172031	0	0	0
ENSG00000233228	0	0	0
ENSG00000224678	0	1	0
ENSG00000233401	0	0	0
ENSG00000273487	1	0	1
ENSG00000226773	0	0	0
ENSG00000274481	0	0	0
ENSG00000228594	47	0	47
ENSG00000286989	17	0	17
ENSG00000272106	34	1	38
ENSG00000189409	0	0	0
ENSG00000272004	0	125	1
ENSG00000189339	1092	4	1214
ENSG00000269737	20	20	0
ENSG00000215914	1	0	1
ENSG00000008128	45	0	45
ENSG00000268575	27	0	63
ENSG00000227775	68	111	0
ENSG00000008130	6528	8	6520
ENSG00000078369	5194	11	5183
ENSG00000178821	0	0	0
ENSG00000158477	24	0	24
ENSG00000230942	1	0	1
ENSG00000158481	211	0	211
ENSG00000158485	3	0	3
ENSG00000158488	18	0	18
ENSG00000186306	0	0	0
ENSG00000203758	0	0	0
ENSG00000236257	0	0	0
ENSG00000236656	0	0	0
ENSG00000198703	0	0	0
ENSG00000227445	0	0	0
ENSG00000231434	0	0	0
ENSG00000117505	1405	4	1430
ENSG00000229635	2	2	0
ENSG00000207379	0	0	0
ENSG00000212601	0	0	0
ENSG00000162889	1966	2	1964
ENSG00000224114	0	0	0
ENSG00000199349	0	0	0
ENSG00000162892	34	372	0
ENSG00000162894	2207	0	2545
ENSG00000271680	11	11	0
ENSG00000226945	5	5	0
ENSG00000162896	1	0	1
ENSG00000162897	0	0	0
ENSG00000182795	32	0	32
ENSG00000198890	123	1	122
ENSG00000224550	0	0	0
ENSG00000142669	5598	3	8349
ENSG00000169442	1844	4	3710
ENSG00000225854	0	0	0
ENSG00000176083	90	0	90
ENSG00000229167	0	0	0
ENSG00000142910	0	0	0
ENSG00000162517	448	0	519
ENSG00000235790	1	0	1
ENSG00000264078	0	0	0
ENSG00000241745	0	0	0
ENSG00000228407	0	0	0
ENSG00000223429	0	0	0
ENSG00000224255	0	0	0
ENSG00000236004	0	0	0
ENSG00000237663	0	0	0
ENSG00000213735	0	0	0
ENSG00000272100	0	56	0
ENSG00000287078	1	0	1
ENSG00000224680	1	1	0
ENSG00000085840	16	0	16
ENSG00000283445	1	0	1
ENSG00000272226	1	1	0
ENSG00000231740	0	0	0
ENSG00000143751	466	0	466
ENSG00000272562	4	0	4
ENSG00000163041	7244	1	7243
ENSG00000225518	4	0	4
ENSG00000270598	0	0	0
ENSG00000182827	402	1	444
ENSG00000234478	0	43	0
ENSG00000223570	0	0	0
ENSG00000185155	1	0	1
ENSG00000236773	0	0	0
ENSG00000143753	814	0	814
ENSG00000201898	0	0	0
ENSG00000237101	0	23	4
ENSG00000143748	181	4	204
ENSG00000221406	0	0	0
ENSG00000229742	0	0	0
ENSG00000206887	0	0	0
ENSG00000143771	350	0	350
ENSG00000266618	1	0	1
ENSG00000229991	0	0	0
ENSG00000233384	0	0	0
ENSG00000234247	0	0	0
ENSG00000183682	33	68	2
ENSG00000237624	0	0	0
ENSG00000228060	0	283	0
ENSG00000201457	0	0	0
ENSG00000163909	2	0	2
ENSG00000225903	0	0	0
ENSG00000116983	51	1	50
ENSG00000225333	0	0	0
ENSG00000252413	0	0	0
ENSG00000090621	916	1	1198
ENSG00000236994	0	0	0
ENSG00000275406	0	0	0
ENSG00000270287	0	0	0
ENSG00000229965	1	0	1
ENSG00000223282	0	0	0
ENSG00000177770	0	0	0
ENSG00000287627	0	0	0
ENSG00000283933	0	0	0
ENSG00000143369	4	0	4
ENSG00000228126	0	0	0
ENSG00000237781	37	84	58
ENSG00000264553	1	1	0
ENSG00000277452	11	0	11
ENSG00000274963	10	0	10
ENSG00000253047	2	0	2
ENSG00000143420	1126	2	1124
ENSG00000276103	2	0	2
ENSG00000143457	198	0	198
ENSG00000143452	15	0	15
ENSG00000206931	0	0	0
ENSG00000236713	0	0	0
ENSG00000224690	0	0	0
ENSG00000203804	4	167	36
ENSG00000143384	21803	10	21793
ENSG00000154342	0	0	0
ENSG00000276255	1	0	1
ENSG00000284163	0	0	0
ENSG00000143793	117	7	110
ENSG00000162910	101	0	101
ENSG00000224566	2	1	1
ENSG00000287895	2	2	0
ENSG00000280157	6	0	6
ENSG00000227625	0	0	0
ENSG00000198835	2	0	2
ENSG00000203684	0	0	0
ENSG00000181873	102	1	101
ENSG00000162913	13	4	14
ENSG00000269934	16	14	30
ENSG00000270110	5	5	0
ENSG00000286773	0	0	0
ENSG00000287315	13	52	5
ENSG00000270104	2	0	2
ENSG00000154370	298	0	395
ENSG00000270094	0	97	0
ENSG00000284311	0	0	0
ENSG00000162931	8	8	3
ENSG00000230841	0	0	0
ENSG00000266174	0	0	0
ENSG00000279306	0	0	0
ENSG00000215811	12	0	12
ENSG00000202056	0	0	0
ENSG00000251823	0	0	0
ENSG00000171960	120	1	188
ENSG00000234917	0	0	1
ENSG00000065978	14543	18	14525
ENSG00000164007	0	0	0
ENSG00000117385	259	0	259
ENSG00000228452	0	7	0
ENSG00000001460	26	12	24
ENSG00000001461	518	1	527
ENSG00000286061	17	31	20
ENSG00000117602	999	8	1332
ENSG00000264443	0	