N_unmapped	177329	177329	177329
N_multimapping	1791479	1791479	1791479
N_noFeature	1720780	25247212	1857996
N_ambiguous	2449724	40110	1085892
ENSG00000160072	403	0	403
ENSG00000234396	0	0	0
ENSG00000225972	1	0	1
ENSG00000224315	0	0	0
ENSG00000198744	2	0	2
ENSG00000279928	4	0	4
ENSG00000228037	35	1	34
ENSG00000142611	6	0	6
ENSG00000225630	869	5	864
ENSG00000284616	0	0	0
ENSG00000157911	85	624	156
ENSG00000269896	37	0	37
ENSG00000237973	616	1	625
ENSG00000228463	11	0	18
ENSG00000260972	0	0	0
ENSG00000157933	2889	7	2882
ENSG00000224340	0	0	0
ENSG00000226545	0	0	0
ENSG00000268663	0	0	0
ENSG00000226374	0	0	0
ENSG00000229280	0	0	0
ENSG00000142655	304	61	303
ENSG00000232596	0	0	0
ENSG00000235054	0	0	0
ENSG00000232663	2	2	0
ENSG00000240409	0	0	0
ENSG00000229344	2	0	3
ENSG00000231510	0	0	0
ENSG00000149527	285	12	273
ENSG00000284739	0	0	0
ENSG00000171621	131	0	131
ENSG00000272235	0	0	0
ENSG00000284694	0	0	0
ENSG00000230021	5	26	5
ENSG00000287356	9	7	2
ENSG00000224387	1	1	0
ENSG00000285629	0	0	0
ENSG00000173673	0	0	0
ENSG00000142583	80	1	79
ENSG00000284674	0	0	0
ENSG00000272161	1	0	1
ENSG00000237094	233	0	233
ENSG00000224338	0	0	0
ENSG00000074800	13383	8	13377
ENSG00000116786	1627	0	1823
ENSG00000287727	4	4	0
ENSG00000228423	0	0	0
ENSG00000286448	0	7	0
ENSG00000131686	71	72	31
ENSG00000229305	0	0	0
ENSG00000284703	2	0	2
ENSG00000226457	0	0	0
ENSG00000173614	236	2	234
ENSG00000248527	3929	70	3859
ENSG00000215720	0	0	0
ENSG00000241326	0	0	0
ENSG00000233623	0	0	0
ENSG00000162592	0	47	0
ENSG00000116254	4	0	4
ENSG00000233645	0	0	0
ENSG00000204624	10	0	11
ENSG00000142606	5	109	8
ENSG00000235146	0	0	0
ENSG00000225931	14	1	13
ENSG00000171729	19	0	19
ENSG00000279457	80	0	80
ENSG00000162571	8	0	9
ENSG00000229393	5	2	3
ENSG00000037637	1056	1	1055
ENSG00000287586	25	1	24
ENSG00000159423	113	0	113
ENSG00000142599	4121	31	4096
ENSG00000227169	0	0	0
ENSG00000283356	0	0	0
ENSG00000011021	698	0	715
ENSG00000142615	0	0	0
ENSG00000215704	0	10	0
ENSG00000157916	2243	75	2862
ENSG00000157881	788	1	787
ENSG00000238290	0	0	0
ENSG00000225387	0	0	0
ENSG00000048707	3760	2	3758
ENSG00000158748	9	1	8
ENSG00000225196	0	0	0
ENSG00000162444	286	0	286
ENSG00000279625	0	0	0
ENSG00000180758	190	0	190
ENSG00000184677	2229	1	2228
ENSG00000230679	2	0	4
ENSG00000270136	0	0	0
ENSG00000288398	117	0	117
ENSG00000224621	2	0	2
ENSG00000285833	0	1	0
ENSG00000131697	214	0	216
ENSG00000284692	0	0	0
ENSG00000284745	0	0	0
ENSG00000280222	0	0	0
ENSG00000227634	0	0	0
ENSG00000285945	0	0	0
ENSG00000229162	2	0	2
ENSG00000197921	0	0	0
ENSG00000233755	0	0	0
ENSG00000233929	1	0	1
ENSG00000271742	0	0	0
ENSG00000226396	12	0	12
ENSG00000169504	1391	2	1389
ENSG00000234166	0	35	0
ENSG00000235282	0	0	0
ENSG00000055070	2200	5	3528
ENSG00000175087	641	1	640
ENSG00000157191	3316	15	3301
ENSG00000284699	0	0	0
ENSG00000230035	0	0	0
ENSG00000235185	1	1	0
ENSG00000225643	3	0	3
ENSG00000284666	0	0	0
ENSG00000228943	3	2	1
ENSG00000234397	0	0	0
ENSG00000284309	0	0	0
ENSG00000162511	19207	23	35065
ENSG00000158014	1	1	0
ENSG00000204138	994	0	994
ENSG00000233419	0	0	0
ENSG00000235263	0	0	0
ENSG00000228176	0	0	0
ENSG00000231251	0	0	0
ENSG00000142675	48	0	48
ENSG00000197245	0	0	0
ENSG00000261025	2	1	1
ENSG00000116237	1039	0	1090
ENSG00000130772	490	0	490
ENSG00000215899	0	0	0
ENSG00000271398	0	0	0
ENSG00000225011	0	0	0
ENSG00000235069	0	0	0
ENSG00000284676	0	0	0
ENSG00000237058	0	0	0
ENSG00000233399	0	0	0
ENSG00000090020	993	0	993
ENSG00000157978	5585	2	5583
ENSG00000226944	0	0	0
ENSG00000270282	0	0	0
ENSG00000130770	673	38	912
ENSG00000229044	0	239	0
ENSG00000162512	51	0	51
ENSG00000158006	927	0	927
ENSG00000214812	1	0	1
ENSG00000126698	2540	3	2537
ENSG00000229447	2	0	2
ENSG00000229607	0	0	0
ENSG00000130766	341	0	341
ENSG00000168528	18	0	18
ENSG00000196581	38	0	38
ENSG00000169403	6160	0	6160
ENSG00000084628	0	0	0
ENSG00000060688	1052	0	1052
ENSG00000171612	148	0	148
ENSG00000270927	0	0	0
ENSG00000188910	0	0	0
ENSG00000230523	0	0	0
ENSG00000116138	976	314	803
ENSG00000158161	1041	5	1040
ENSG00000142684	0	0	75
ENSG00000234619	0	0	0
ENSG00000121769	27	27	0
ENSG00000142627	81	0	81
ENSG00000284668	0	0	0
ENSG00000233234	0	0	0
ENSG00000142632	188	0	223
ENSG00000234593	0	0	0
ENSG00000158292	19	0	19
ENSG00000270605	68	0	69
ENSG00000189337	110	3	129
ENSG00000232912	79	1	84
ENSG00000235084	0	0	0
ENSG00000235143	0	0	0
ENSG00000225478	0	0	0
ENSG00000225077	1	38	0
ENSG00000028137	10661	5	10656
ENSG00000238249	6	6	0
ENSG00000204464	0	0	0
ENSG00000233372	0	0	0
ENSG00000283259	0	0	0
ENSG00000284543	8	0	8
ENSG00000130939	2118	2	2116
ENSG00000175147	0	19	3
ENSG00000127472	0	0	0
ENSG00000060656	4	0	4
ENSG00000163867	527	0	527
ENSG00000232768	0	0	0
ENSG00000230214	0	0	0
ENSG00000189280	1	1	0
ENSG00000134698	4612	3	4609
ENSG00000134690	66	0	66
ENSG00000272420	1	0	1
ENSG00000132881	66	0	66
ENSG00000273274	0	0	0
ENSG00000116251	4176	6	4173
ENSG00000272510	2	28	10
ENSG00000158286	30	14	33
ENSG00000236648	0	0	0
ENSG00000232273	3	2	1
ENSG00000009709	0	0	0
ENSG00000287396	0	0	0
ENSG00000223589	0	0	0
ENSG00000158008	2	2	0
ENSG00000130940	126	0	203
ENSG00000116771	342	4	443
ENSG00000237301	5	5	0
ENSG00000162585	280	112	302
ENSG00000163879	2	5	2
ENSG00000227527	3	3	0
ENSG00000116954	523	0	523
ENSG00000228589	10	0	10
ENSG00000163873	2	0	2
ENSG00000117215	23	0	23
ENSG00000196449	242	6	281
ENSG00000230163	0	31	0
ENSG00000227538	0	0	0
ENSG00000232208	148	0	148
ENSG00000236500	0	0	0
ENSG00000044012	0	0	0
ENSG00000179051	2898	0	3442
ENSG00000215895	0	0	0
ENSG00000231868	1	1	1
ENSG00000284650	0	0	0
ENSG00000237329	0	0	0
ENSG00000236948	3	0	3
ENSG00000126067	1536	0	1536
ENSG00000274944	0	0	0
ENSG00000132906	482	0	492
ENSG00000197312	2062	0	2062
ENSG00000284748	0	0	0
ENSG00000272078	13	90	0
ENSG00000173660	1363	0	1364
ENSG00000224592	0	0	0
ENSG00000233728	0	19	0
ENSG00000230451	0	0	0
ENSG00000231606	0	0	0
ENSG00000215900	0	0	0
ENSG00000284632	0	0	0
ENSG00000241014	13	0	13
ENSG00000054118	6656	12	6644
ENSG00000254553	0	0	0
ENSG00000284653	0	0	0
ENSG00000237749	0	0	0
ENSG00000276747	1	0	1
ENSG00000284705	0	0	0
ENSG00000228776	0	0	0
ENSG00000159339	2313	1	2312
ENSG00000223814	0	0	0
ENSG00000197982	136	44	137
ENSG00000261781	0	0	0
ENSG00000183317	0	0	0
ENSG00000183386	567	0	567
ENSG00000284743	0	0	0
ENSG00000158315	1	2	0
ENSG00000204084	930	0	1038
ENSG00000186973	0	0	0
ENSG00000271806	2	46	4
ENSG00000146463	1644	0	1850
ENSG00000279214	0	0	0
ENSG00000183520	550	0	550
ENSG00000271741	0	0	0
ENSG00000214141	0	0	0
ENSG00000142686	215	1	214
ENSG00000224751	0	0	0
ENSG00000279096	0	0	0
ENSG00000117148	0	0	0
ENSG00000230585	3	4	0
ENSG00000117000	1459	1	1458
ENSG00000284989	0	0	0
ENSG00000231630	0	0	0
ENSG00000092853	60	0	72
ENSG00000255811	0	0	0
ENSG00000134697	1213	2	1216
ENSG00000187513	1	0	1
ENSG00000238145	0	0	0
ENSG00000225142	0	0	0
ENSG00000230138	46	0	46
ENSG00000223390	0	14	0
ENSG00000285823	0	0	0
ENSG00000284720	0	0	0
ENSG00000225028	0	0	0
ENSG00000225671	0	0	0
ENSG00000116151	59	1	58
ENSG00000226147	1	0	1
ENSG00000182873	74	33	48
ENSG00000006555	203	0	203
ENSG00000236111	0	0	0
ENSG00000066056	24	0	24
ENSG00000214114	479	12	467
ENSG00000173436	231	4	231
ENSG00000116544	31	0	31
ENSG00000231900	0	0	0
ENSG00000236723	0	296	11
ENSG00000232467	0	0	0
ENSG00000117016	240	0	240
ENSG00000121310	698	5	693
ENSG00000169213	1	0	1
ENSG00000163866	641	0	672
ENSG00000225779	2	0	2
ENSG00000284601	0	0	0
ENSG00000237130	0	0	0
ENSG00000143001	0	0	0
ENSG00000229716	0	0	0
ENSG00000226133	0	0	0
ENSG00000227416	0	0	0
ENSG00000232335	0	12	0
ENSG00000260971	0	0	0
ENSG00000259832	0	0	0
ENSG00000284696	0	0	0
ENSG00000238242	1	0	1
ENSG00000285839	0	0	0
ENSG00000237290	0	0	0
ENSG00000232762	0	0	0
ENSG00000117419	424	0	425
ENSG00000162384	772	34	803
ENSG00000162391	0	8	0
ENSG00000174348	9	0	14
ENSG00000154198	0	0	0
ENSG00000117859	2125	40	2106
ENSG00000228121	0	0	0
ENSG00000253313	1	0	1
ENSG00000162396	115	0	115
ENSG00000203995	5	1	5
ENSG00000227742	0	0	0
ENSG00000284686	0	0	0
ENSG00000162378	1338	0	1338
ENSG00000233079	0	0	0
ENSG00000259818	1	1	0
ENSG00000229444	1	2	0
ENSG00000240563	13	0	13
ENSG00000234318	1	0	1
ENSG00000284773	22	0	22
ENSG00000234481	0	0	0
ENSG00000117862	89	0	89
ENSG00000235612	0	0	0
ENSG00000228369	2	2	0
ENSG00000183431	2602	4	2598
ENSG00000227485	0	0	0
ENSG00000224609	1	2	1
ENSG00000235545	0	0	0
ENSG00000236646	0	0	0
ENSG00000169174	0	0	0
ENSG00000232198	0	0	0
ENSG00000238063	2	0	2
ENSG00000227104	0	0	0
ENSG00000243725	14	0	14
ENSG00000171872	0	0	0
ENSG00000162407	15	0	15
ENSG00000285079	2	0	2
ENSG00000169218	0	0	0
ENSG00000163877	952	8	944
ENSG00000228929	2	0	2
ENSG00000224570	1	1	0
ENSG00000224980	0	0	0
ENSG00000278967	0	0	0
ENSG00000157184	215	50	537
ENSG00000272491	1	0	2
ENSG00000198815	2753	2	2751
ENSG00000134744	3000	6	2994
ENSG00000233910	0	0	0
ENSG00000287703	0	0	0
ENSG00000283039	0	0	0
ENSG00000229032	0	0	0
ENSG00000229294	0	0	0
ENSG00000232993	0	5	0
ENSG00000234088	0	0	0
ENSG00000236973	0	0	0
ENSG00000227947	0	0	0
ENSG00000277397	0	0	0
ENSG00000271200	4	0	4
ENSG00000235446	0	0	0
ENSG00000261196	0	0	0
ENSG00000162385	707	1	706
ENSG00000231413	0	0	0
ENSG00000234264	1	0	1
ENSG00000242391	0	1	0
ENSG00000223883	0	0	0
ENSG00000284808	0	0	0
ENSG00000242267	0	0	0
ENSG00000237227	0	0	0
ENSG00000275350	0	0	0
ENSG00000116652	3	0	5
ENSG00000123080	166	2	164
ENSG00000285778	0	0	0
ENSG00000077549	9133	5	9132
ENSG00000233407	0	0	0
ENSG00000225675	5	0	7
ENSG00000237622	0	0	0
ENSG00000162598	11	0	11
ENSG00000280317	0	0	0
ENSG00000162415	33	1	32
ENSG00000162600	555	2	553
ENSG00000116704	1041	0	1041
ENSG00000227644	0	0	0
ENSG00000157193	218	9	270
ENSG00000116205	760	2	772
ENSG00000198841	122	0	122
ENSG00000116212	182	0	182
ENSG00000234204	0	0	0
ENSG00000233099	0	0	0
ENSG00000233994	2	0	2
ENSG00000237180	0	0	0
ENSG00000213561	0	0	0
ENSG00000233973	0	0	0
ENSG00000237552	0	0	0
ENSG00000132854	0	0	0
ENSG00000227556	0	0	0
ENSG00000162616	231	4	227
ENSG00000162607	2126	3	2123
ENSG00000233602	2	0	2
ENSG00000233271	0	0	0
ENSG00000285954	46	46	0
ENSG00000233333	0	0	0
ENSG00000154027	585	1	588
ENSG00000234108	0	0	0
ENSG00000232676	0	0	0
ENSG00000225167	0	0	0
ENSG00000132122	151	0	151
ENSG00000213579	2	0	2
ENSG00000137960	2	0	2
ENSG00000237852	1	0	1
ENSG00000116745	0	0	0
ENSG00000132855	0	0	0
ENSG00000285407	0	0	0
ENSG00000272855	0	0	0
ENSG00000270549	0	0	0
ENSG00000237163	0	0	0
ENSG00000229636	0	0	0
ENSG00000116675	34	0	34
ENSG00000162433	13	0	13
ENSG00000213625	1365	1	1364
ENSG00000227207	0	0	0
ENSG00000227016	0	0	0
ENSG00000233664	0	0	0
ENSG00000158966	248	0	248
ENSG00000213703	0	0	0
ENSG00000203965	166	0	173
ENSG00000223479	0	0	0
ENSG00000233674	0	0	0
ENSG00000153898	188	0	188
ENSG00000117069	0	0	0
ENSG00000125703	563	0	563
ENSG00000285041	0	0	0
ENSG00000285808	0	0	0
ENSG00000229440	0	0	0
ENSG00000234144	0	0	0
ENSG00000213540	0	0	0
ENSG00000277670	0	0	0
ENSG00000227466	0	0	0
ENSG00000154007	0	0	0
ENSG00000230498	0	0	0
ENSG00000285782	0	0	0
ENSG00000162618	0	0	0
ENSG00000224493	0	0	0
ENSG00000131233	2	2	0
ENSG00000272371	0	0	0
ENSG00000287647	1	3	1
ENSG00000229225	0	0	0
ENSG00000230863	0	0	0
ENSG00000213560	0	0	0
ENSG00000287224	0	0	0
ENSG00000225598	0	0	0
ENSG00000286455	0	0	0
ENSG00000225087	0	0	0
ENSG00000224986	0	0	0
ENSG00000280378	21	0	21
ENSG00000188786	1393	1	1392
ENSG00000230053	0	0	0
ENSG00000137941	16	1	15
ENSG00000273338	1	1	0
ENSG00000223720	0	0	0
ENSG00000224326	0	0	0
ENSG00000286548	3	1	2
ENSG00000066135	538	7	738
ENSG00000230027	0	0	0
ENSG00000233061	0	0	0
ENSG00000272094	0	0	0
ENSG00000228853	0	0	0
ENSG00000215874	0	0	0
ENSG00000232453	13	8	5
ENSG00000260386	2	0	2
ENSG00000284895	0	0	0
ENSG00000117174	966	0	966
ENSG00000237413	0	0	0
ENSG00000184313	2	0	2
ENSG00000284645	0	0	0
ENSG00000225605	0	0	0
ENSG00000225446	0	0	0
ENSG00000288543	0	0	0
ENSG00000122420	2	0	2
ENSG00000284240	0	0	0
ENSG00000236290	0	0	0
ENSG00000143013	624	0	624
ENSG00000226084	27	0	27
ENSG00000134748	2534	8	2526
ENSG00000142892	1284	0	1285
ENSG00000219102	24	0	24
ENSG00000184005	106	0	106
ENSG00000230953	19	19	0
ENSG00000287743	0	0	0
ENSG00000229332	0	0	0
ENSG00000227937	0	0	0
ENSG00000229752	0	0	0
ENSG00000237505	3	0	3
ENSG00000285462	0	0	0
ENSG00000233216	0	0	0
ENSG00000197273	0	0	0
ENSG00000226804	0	0	0
ENSG00000285325	0	0	0
ENSG00000230728	0	0	0
ENSG00000162402	6023	3	6020
ENSG00000232846	0	0	0
ENSG00000219201	2	0	2
ENSG00000230787	0	0	0
ENSG00000116641	303	3	300
ENSG00000235927	5	5	1
ENSG00000223920	0	0	0
ENSG00000237453	0	0	0
ENSG00000172260	72	1	71
ENSG00000285473	0	0	0
ENSG00000237959	0	0	0
ENSG00000231364	2	2	0
ENSG00000234578	0	0	0
ENSG00000117480	214	0	214
ENSG00000137944	631	0	631
ENSG00000229505	0	0	0
ENSG00000228187	1	1	0
ENSG00000285201	0	0	0
ENSG00000182183	293	0	293
ENSG00000236407	0	0	0
ENSG00000271949	0	0	0
ENSG00000227062	0	0	0
ENSG00000067334	1773	8	1765
ENSG00000235011	0	0	0
ENSG00000235673	0	0	0
ENSG00000226938	0	0	0
ENSG00000213559	0	0	0
ENSG00000287587	0	0	0
ENSG00000142949	13	0	13
ENSG00000116133	328	13	364
ENSG00000232882	1	0	1
ENSG00000171502	36	0	36
ENSG00000162399	0	0	0
ENSG00000116157	298	0	298
ENSG00000143036	2	0	2
ENSG00000232672	0	0	0
ENSG00000230817	0	0	0
ENSG00000235613	0	0	0
ENSG00000065243	2606	5	2601
ENSG00000226759	0	0	0
ENSG00000226960	0	0	0
ENSG00000234080	0	0	0
ENSG00000237899	2	0	2
ENSG00000225492	4	0	4
ENSG00000223905	0	0	0
ENSG00000227290	0	0	0
ENSG00000229486	0	0	0
ENSG00000282898	0	0	0
ENSG00000285409	0	0	0
ENSG00000231090	7	0	7
ENSG00000117528	1098	0	1098
ENSG00000271723	0	0	0
ENSG00000172339	77	1	76
ENSG00000036549	1801	0	1801
ENSG00000287724	1	37	2
ENSG00000058799	691	0	691
ENSG00000225191	0	0	0
ENSG00000287870	2	0	2
ENSG00000235563	0	0	0
ENSG00000232048	0	0	0
ENSG00000232857	0	0	0
ENSG00000273637	0	0	0
ENSG00000203985	0	0	0
ENSG00000228838	1	6	0
ENSG00000283761	4	0	4
ENSG00000189433	0	0	0
ENSG00000230759	0	0	0
ENSG00000231866	0	0	0
ENSG00000179178	1	0	1
ENSG00000142700	0	0	0
ENSG00000285525	0	0	0
ENSG00000236098	0	0	0
ENSG00000233514	0	0	0
ENSG00000127124	648	1	647
ENSG00000266993	24	59	8
ENSG00000223675	0	0	0
ENSG00000162604	516	0	516
ENSG00000229316	0	0	0
ENSG00000116171	2080	3	2081
ENSG00000287406	0	0	0
ENSG00000225767	0	0	0
ENSG00000234099	1	1	0
ENSG00000137936	52	1	56
ENSG00000235308	8	8	0
ENSG00000232752	0	0	0
ENSG00000235829	0	0	0
ENSG00000143032	0	0	0
ENSG00000226745	0	0	0
ENSG00000178028	1041	9	1033
ENSG00000280040	0	0	0
ENSG00000168710	2495	2	2493
ENSG00000117519	113	0	113
ENSG00000270507	0	0	0
ENSG00000238037	0	0	0
ENSG00000215869	0	0	0
ENSG00000134215	1822	2	1820
ENSG00000227935	0	0	0
ENSG00000229887	4	0	4
ENSG00000228502	15	0	15
ENSG00000236268	0	0	0
ENSG00000271277	0	0	0
ENSG00000236888	0	0	0
ENSG00000279778	0	0	0
ENSG00000232015	0	0	0
ENSG00000230955	0	108	0
ENSG00000230828	0	0	0
ENSG00000188641	3889	1	4172
ENSG00000152078	11	0	11
ENSG00000237279	0	0	0
ENSG00000233359	0	0	0
ENSG00000237954	0	0	0
ENSG00000185668	0	0	0
ENSG00000171492	1789	1	1788
ENSG00000233129	0	0	0
ENSG00000170989	6885	4	6881
ENSG00000258634	161	0	237
ENSG00000233557	0	0	0
ENSG00000237897	0	0	0
ENSG00000116299	411	1	410
ENSG00000137962	14	0	14
ENSG00000227832	0	0	0
ENSG00000286692	0	0	0
ENSG00000260464	2	0	2
ENSG00000237435	0	0	0
ENSG00000231996	0	0	0
ENSG00000273204	2	3	1
ENSG00000079739	670	1	720
ENSG00000117154	0	0	0
ENSG00000162377	258	18	240
ENSG00000224613	0	0	0
ENSG00000215871	0	0	0
ENSG00000287372	0	0	0
ENSG00000232542	0	0	0
ENSG00000231095	0	0	0
ENSG00000116774	3	0	3
ENSG00000287756	0	0	0
ENSG00000269113	0	0	0
ENSG00000284652	0	0	0
ENSG00000023909	472	0	472
ENSG00000069702	1334	2	1332
ENSG00000232185	0	0	0
ENSG00000230489	5	0	5
ENSG00000228399	1	0	1
ENSG00000236776	0	0	0
ENSG00000285928	2	2	0
ENSG00000224685	0	0	0
ENSG00000287076	0	0	0
ENSG00000237480	0	0	0
ENSG00000271252	0	0	0
ENSG00000230427	0	0	0
ENSG00000235794	0	0	0
ENSG00000286758	0	0	0
ENSG00000237337	0	0	0
ENSG00000233983	0	0	0
ENSG00000198198	2168	75	2487
ENSG00000225183	1	0	1
ENSG00000230402	0	0	0
ENSG00000116793	395	1	394
ENSG00000134201	6	0	6
ENSG00000238122	0	0	0
ENSG00000260879	0	52	0
ENSG00000213366	468	0	468
ENSG00000230864	0	0	0
ENSG00000283354	0	0	0
ENSG00000232918	0	0	0
ENSG00000236360	0	3	1
ENSG00000183298	1	0	10
ENSG00000234332	17	0	17
ENSG00000117525	3	0	3
ENSG00000225079	37	0	37
ENSG00000226483	0	0	0
ENSG00000224238	0	0	0
ENSG00000229537	0	0	0
ENSG00000162699	0	0	0
ENSG00000162692	1	0	1
ENSG00000203914	0	0	0
ENSG00000270457	0	0	0
ENSG00000203858	0	0	0
ENSG00000231987	0	0	0
ENSG00000228057	7	2	5
ENSG00000261593	0	0	0
ENSG00000224445	0	0	0
ENSG00000229842	0	0	0
ENSG00000270631	0	0	0
ENSG00000229201	0	0	0
ENSG00000181656	0	0	0
ENSG00000122481	45	0	45
ENSG00000198162	2352	2	2350
ENSG00000238198	5	3	2
ENSG00000171517	7	0	7
ENSG00000228852	23	23	0
ENSG00000203864	0	0	0
ENSG00000233482	0	0	0
ENSG00000230250	0	0	0
ENSG00000232878	4	288	0
ENSG00000143079	119	0	119
ENSG00000232450	7	0	7
ENSG00000223575	0	0	0
ENSG00000230768	0	0	0
ENSG00000235202	0	0	0
ENSG00000272715	0	0	0
ENSG00000235038	0	0	0
ENSG00000143093	1425	1	1424
ENSG00000226415	8	0	8
ENSG00000085491	1141	1	1192
ENSG00000173947	8	0	8
ENSG00000241361	0	0	0
ENSG00000230434	0	0	0
ENSG00000230718	0	0	0
ENSG00000134198	569	0	569
ENSG00000235595	0	0	0
ENSG00000226053	0	0	0
ENSG00000226128	0	0	0
ENSG00000198799	1134	0	1268
ENSG00000279513	0	0	0
ENSG00000117620	636	8	635
ENSG00000280186	3	0	3
ENSG00000223906	0	0	0
ENSG00000162688	1321	3	1318
ENSG00000197106	1	1	0
ENSG00000259946	0	0	0
ENSG00000236137	3	149	0
ENSG00000203859	0	0	0
ENSG00000228086	0	148	0
ENSG00000213421	0	0	0
ENSG00000234020	0	0	0
ENSG00000060718	0	0	0
ENSG00000236804	0	0	0
ENSG00000231072	0	0	0
ENSG00000273406	0	0	0
ENSG00000185946	901	1	900
ENSG00000162627	4	0	4
ENSG00000226715	0	9	0
ENSG00000162695	1192	0	1192
ENSG00000134184	297	0	416
ENSG00000265808	1716	0	1716
ENSG00000261290	0	0	0
ENSG00000225923	0	0	0
ENSG00000134247	91	0	91
ENSG00000187481	0	0	0
ENSG00000116752	779	0	779
ENSG00000162664	758	0	758
ENSG00000236866	0	0	0
ENSG00000134253	10	3	7
ENSG00000277655	1	0	1
ENSG00000223416	0	0	0
ENSG00000213226	0	0	0
ENSG00000179571	2	0	2
ENSG00000227850	0	0	0
ENSG00000243967	1	0	1
ENSG00000235777	0	0	0
ENSG00000260246	0	119	0
ENSG00000173218	283	0	283
ENSG00000285532	0	0	0
ENSG00000226755	0	0	0
ENSG00000232650	0	0	0
ENSG00000183508	1981	0	1981
ENSG00000277095	0	0	0
ENSG00000236806	0	0	0
ENSG00000234283	0	0	0
ENSG00000237188	0	0	0
ENSG00000232780	0	0	0
ENSG00000274927	0	0	0
ENSG00000264145	0	0	0
ENSG00000238256	0	0	0
ENSG00000198765	0	0	0
ENSG00000224335	0	0	0
ENSG00000277702	0	0	0
ENSG00000143398	1524	0	1524
ENSG00000196505	743	1	742
ENSG00000225871	24	53	0
ENSG00000223489	0	0	0
ENSG00000230546	0	0	0
ENSG00000213262	1	1	0
ENSG00000287015	0	0	0
ENSG00000241720	0	51	0
ENSG00000235526	0	0	0
ENSG00000228347	0	0	0
ENSG00000276975	0	0	0
ENSG00000236012	0	0	0
ENSG00000270911	0	0	0
ENSG00000272824	5	0	5
ENSG00000134200	1	1	0
ENSG00000234257	0	0	0
ENSG00000065183	1431	3	1523
ENSG00000227082	6	0	6
ENSG00000228626	0	0	0
ENSG00000226126	0	0	0
ENSG00000163393	462	1	461
ENSG00000163156	561	2	562
ENSG00000143631	8	9	0
ENSG00000156150	0	76	0
ENSG00000228453	1	0	1
ENSG00000274642	0	0	0
ENSG00000177551	0	0	0
ENSG00000197323	2845	3	2842
ENSG00000237975	4	0	5
ENSG00000261168	3	0	3
ENSG00000287980	0	0	0
ENSG00000229283	0	0	0
ENSG00000271419	0	0	0
ENSG00000226172	0	0	0
ENSG00000079335	1291	18	1421
ENSG00000143119	15119	5	15114
ENSG00000237278	0	134	0
ENSG00000285062	0	0	0
ENSG00000233432	0	0	0
ENSG00000227700	0	0	0
ENSG00000229911	0	0	0
ENSG00000143520	1	1	0
ENSG00000171943	181	6	177
ENSG00000270719	0	0	0
ENSG00000155761	4	93	6
ENSG00000230806	0	0	0
ENSG00000116830	603	0	603
ENSG00000234422	0	0	0
ENSG00000227056	0	0	0
ENSG00000143614	2474	1	2474
ENSG00000227091	0	0	0
ENSG00000169418	0	0	0
ENSG00000214204	0	0	0
ENSG00000081026	141	19	122
ENSG00000225650	0	0	0
ENSG00000227179	0	0	0
ENSG00000224965	3	0	3
ENSG00000228127	0	0	0
ENSG00000226984	1	1	0
ENSG00000186150	0	0	0
ENSG00000143554	657	5	652
ENSG00000143458	1464	5	1459
ENSG00000230932	0	0	0
ENSG00000073754	0	0	0
ENSG00000228826	1	0	1
ENSG00000233907	0	0	0
ENSG00000225036	0	0	0
ENSG00000228420	0	0	0
ENSG00000233839	0	0	0
ENSG00000250890	0	0	0
ENSG00000232240	0	0	0
ENSG00000280649	47	18	86
ENSG00000131781	202	37	186
ENSG00000223599	7	0	7
ENSG00000230921	0	0	0
ENSG00000286151	24	0	24
ENSG00000234388	0	0	0
ENSG00000235015	0	0	0
ENSG00000271736	13	0	13
ENSG00000235988	1	0	1
ENSG00000233717	0	0	0
ENSG00000231551	125	34	91
ENSG00000227295	4	0	4
ENSG00000163155	125	45	87
ENSG00000243613	0	108	0
ENSG00000241975	31	0	31
ENSG00000271143	0	0	0
ENSG00000270976	0	0	0
ENSG00000228217	0	0	0
ENSG00000270342	0	0	0
ENSG00000143552	2	0	2
ENSG00000175984	30	1	29
ENSG00000231100	0	0	0
ENSG00000116824	4520	4	4516
ENSG00000235887	0	0	0
ENSG00000237460	0	0	0
ENSG00000236327	0	0	0
ENSG00000223804	80	39	41
ENSG00000236887	1	0	1
ENSG00000024526	16	0	17
ENSG00000236480	0	0	0
ENSG00000235756	0	0	0
ENSG00000173810	0	0	0
ENSG00000235005	0	0	0
ENSG00000271890	0	0	0
ENSG00000238107	0	0	0
ENSG00000227425	0	0	0
ENSG00000233222	0	29	0
ENSG00000225279	0	0	0
ENSG00000229101	0	0	0
ENSG00000224927	0	0	0
ENSG00000239216	0	0	0
ENSG00000283360	2	2	0
ENSG00000117262	95	0	95
ENSG00000227907	0	1	0
ENSG00000143624	2585	1	2839
ENSG00000227970	0	0	0
ENSG00000261055	2	0	2
ENSG00000231613	0	0	0
ENSG00000137947	1102	0	1102
ENSG00000236689	0	0	0
ENSG00000233589	0	1	0
ENSG00000117586	121	0	121
ENSG00000230946	0	0	0
ENSG00000226028	0	0	0
ENSG00000162728	1	0	1
ENSG00000229021	2	0	2
ENSG00000203825	0	0	0
ENSG00000184371	225	0	225
ENSG00000233449	0	0	0
ENSG00000242943	0	0	0
ENSG00000233203	0	0	0
ENSG00000232499	0	0	0
ENSG00000232265	3	2	2
ENSG00000163154	1263	1	1268
ENSG00000232995	20	2	20
ENSG00000236957	0	0	0
ENSG00000238087	0	0	0
ENSG00000227777	2	2	1
ENSG00000177173	13	0	13
ENSG00000277406	115	1	114
ENSG00000238022	0	0	0
ENSG00000231671	2	0	2
ENSG00000162729	850	0	850
ENSG00000143158	397	29	486
ENSG00000271092	17	0	17
ENSG00000238118	0	0	0
ENSG00000276118	0	0	0
ENSG00000232148	0	0	0
ENSG00000278811	32	96	0
ENSG00000000460	106	285	144
ENSG00000188859	6	0	7
ENSG00000275075	0	0	0
ENSG00000135862	346	0	346
ENSG00000232952	0	0	0
ENSG00000158473	1182	1	1181
ENSG00000227722	0	0	0
ENSG00000285922	0	0	0
ENSG00000275801	6	0	6
ENSG00000143198	539	0	539
ENSG00000143318	3	3	0
ENSG00000232188	0	0	0
ENSG00000232212	0	0	0
ENSG00000143621	2991	18	2979
ENSG00000241042	0	0	0
ENSG00000143155	1234	3	1231
ENSG00000260322	0	0	0
ENSG00000223495	0	0	0
ENSG00000143156	131	6	165
ENSG00000198771	8200	23	8301
ENSG00000225462	0	0	0
ENSG00000237756	1	1	0
ENSG00000116147	15	0	15
ENSG00000213064	2888	2	3283
ENSG00000203307	0	0	0
ENSG00000143179	257	0	322
ENSG00000271187	0	0	0
ENSG00000274562	0	0	0
ENSG00000143315	446	0	446
ENSG00000116199	1375	0	1375
ENSG00000231175	0	0	0
ENSG00000143185	81	0	82
ENSG00000235145	0	0	0
ENSG00000116260	1249	2	1247
ENSG00000272931	10	0	10
ENSG00000143190	1365	3	1504
ENSG00000225475	0	0	0
ENSG00000230898	0	0	0
ENSG00000232223	0	0	0
ENSG00000224698	0	0	0
ENSG00000287697	6	11	9
ENSG00000075945	782	1	864
ENSG00000235303	0	0	0
ENSG00000234810	1	0	1
ENSG00000232750	0	0	0
ENSG00000224468	1	1	0
ENSG00000235628	0	0	0
ENSG00000232551	0	0	0
ENSG00000092607	1	0	1
ENSG00000238270	0	0	0
ENSG00000285894	0	0	0
ENSG00000236025	0	0	0
ENSG00000230687	0	0	0
ENSG00000230704	0	0	0
ENSG00000283255	0	0	0
ENSG00000227741	6	79	3
ENSG00000237049	0	0	0
ENSG00000286754	0	0	0
ENSG00000232751	0	0	0
ENSG00000236364	0	65	0
ENSG00000117091	2659	9	6641
ENSG00000235378	1	0	1
ENSG00000143171	0	0	0
ENSG00000275767	0	0	0
ENSG00000224718	0	0	0
ENSG00000047410	8429	21	8774
ENSG00000231992	0	0	0
ENSG00000018625	2	0	2
ENSG00000171806	325	1	359
ENSG00000287919	0	0	0
ENSG00000229914	0	0	0
ENSG00000233882	0	0	0
ENSG00000198358	0	0	0
ENSG00000229407	0	0	0
ENSG00000134216	0	0	0
ENSG00000230748	0	0	0
ENSG00000254154	0	0	0
ENSG00000162694	139	1	140
ENSG00000238108	0	0	0
ENSG00000214262	0	397	0
ENSG00000183853	0	0	0
ENSG00000215835	13	0	13
ENSG00000118197	716	1	715
ENSG00000135842	8521	9	8512
ENSG00000229258	0	0	0
ENSG00000287472	0	0	0
ENSG00000241318	2	0	2
ENSG00000228238	1	0	1
ENSG00000232393	1	0	1
ENSG00000121454	62	145	0
ENSG00000184155	0	0	0
ENSG00000058085	0	0	0
ENSG00000260088	0	0	0
ENSG00000287978	68	0	68
ENSG00000116815	618	0	618
ENSG00000232917	0	0	0
ENSG00000233057	1	0	1
ENSG00000237131	0	0	0
ENSG00000233946	0	0	0
ENSG00000143167	442	0	443
ENSG00000143184	128	1	127
ENSG00000231966	2	0	2
ENSG00000176320	2	0	2
ENSG00000260976	0	0	0
ENSG00000235215	2	2	0
ENSG00000223450	0	0	0
ENSG00000224691	0	0	0
ENSG00000286572	1	0	1
ENSG00000235101	4	2	2
ENSG00000228215	2	0	2
ENSG00000177807	3	3	0
ENSG00000233626	2	2	0
ENSG00000233691	0	0	0
ENSG00000283518	1	1	0
ENSG00000271527	0	0	0
ENSG00000143228	64	1	65
ENSG00000235827	0	0	0
ENSG00000231615	2	0	2
ENSG00000231714	0	0	0
ENSG00000174514	54	15	65
ENSG00000143178	113	0	113
ENSG00000224837	0	0	0
ENSG00000116833	0	0	0
ENSG00000227740	9	0	12
ENSG00000260990	0	0	0
ENSG00000000457	656	65	878
ENSG00000143507	224	0	224
ENSG00000285638	0	0	0
ENSG00000226520	0	0	0
ENSG00000284592	0	0	0
ENSG00000230987	0	0	0
ENSG00000232527	0	0	0
ENSG00000215833	0	0	0
ENSG00000228167	0	0	0
ENSG00000225325	0	0	0
ENSG00000223344	0	0	0
ENSG00000228191	0	0	0
ENSG00000229961	279	0	279
ENSG00000150732	0	0	0
ENSG00000157064	3	0	3
ENSG00000288139	0	0	0
ENSG00000226015	22	1	21
ENSG00000215808	0	0	0
ENSG00000059588	1488	0	1488
ENSG00000231512	0	0	0
ENSG00000237379	0	0	0
ENSG00000232959	0	83	0
ENSG00000122224	2223	19	2204
ENSG00000162782	0	0	0
ENSG00000238051	0	0	0
ENSG00000233196	1	1	0
ENSG00000229220	0	0	0
ENSG00000143653	370	2	368
ENSG00000135837	4411	2	4409
ENSG00000158711	4652	17	4661
ENSG00000227747	0	0	0
ENSG00000228081	0	0	0
ENSG00000228020	0	0	0
ENSG00000234975	11	0	11
ENSG00000162851	326	0	326
ENSG00000271427	6	0	6
ENSG00000261817	0	0	0
ENSG00000143353	324	0	340
ENSG00000197965	1303	2	1301
ENSG00000143493	496	4	492
ENSG00000230777	3	6	0
ENSG00000179397	10	0	10
ENSG00000224540	0	0	0
ENSG00000117592	2489	0	2489
ENSG00000186197	18	0	18
ENSG00000229067	0	0	0
ENSG00000230231	2	2	0
ENSG00000227711	0	0	0
ENSG00000261182	0	0	0
ENSG00000228879	0	0	0
ENSG00000227925	4	0	4
ENSG00000162670	0	0	0
ENSG00000225712	0	0	0
ENSG00000162761	0	0	0
ENSG00000143199	5	0	5
ENSG00000179930	0	0	0
ENSG00000007908	0	0	0
ENSG00000092978	426	1	425
ENSG00000143499	655	1	654
ENSG00000188404	44766	19	44747
ENSG00000227735	0	0	0
ENSG00000243062	0	0	0
ENSG00000143196	0	0	0
ENSG00000228504	0	0	0
ENSG00000274702	0	0	0
ENSG00000226211	0	0	0
ENSG00000236942	2	2	0
ENSG00000287205	0	0	0
ENSG00000203697	4	0	4
ENSG00000116574	683	1	682
ENSG00000287929	0	0	0
ENSG00000186283	957	6	951
ENSG00000224896	0	0	0
ENSG00000226292	0	0	0
ENSG00000121481	867	1	866
ENSG00000227940	0	0	0
ENSG00000117139	1754	0	1754
ENSG00000143248	32	0	32
ENSG00000278455	0	0	0
ENSG00000224810	0	0	0
ENSG00000162814	0	0	0
ENSG00000225172	0	0	0
ENSG00000261642	0	0	0
ENSG00000228239	0	0	0
ENSG00000237283	0	0	0
ENSG00000116132	0	0	0
ENSG00000238042	8	0	8
ENSG00000271475	0	0	0
ENSG00000231877	0	0	0
ENSG00000116679	7145	4	7141
ENSG00000228536	0	0	0
ENSG00000230550	0	4	0
ENSG00000229242	0	0	0
ENSG00000253326	0	0	0
ENSG00000228470	2	2	0
ENSG00000152092	0	0	0
ENSG00000234984	0	0	0
ENSG00000231648	0	0	0
ENSG00000229983	0	0	1
ENSG00000215149	0	0	0
ENSG00000225122	0	0	0
ENSG00000225920	11	11	0
ENSG00000143476	50	0	50
ENSG00000121486	1224	2	1222
ENSG00000228437	0	0	0
ENSG00000214837	22	0	22
ENSG00000057252	2799	1	2798
ENSG00000225982	0	0	0
ENSG00000285718	1	1	0
ENSG00000234070	0	0	0
ENSG00000233620	0	0	0
ENSG00000237783	0	0	0
ENSG00000272906	7	7	15
ENSG00000233018	0	0	0
ENSG00000123685	46	0	46
ENSG00000224783	0	0	0
ENSG00000162852	2194	1	2193
ENSG00000232792	0	0	0
ENSG00000273004	6	0	6
ENSG00000143842	94	1	93
ENSG00000268062	3	3	0
ENSG00000237409	1	1	0
ENSG00000116962	375	0	375
ENSG00000288078	0	0	0
ENSG00000271399	0	0	0
ENSG00000229757	1	1	0
ENSG00000232679	3	3	0
ENSG00000159388	7171	4	7167
ENSG00000220749	36	0	36
ENSG00000181450	415	0	415
ENSG00000223519	16	10	39
ENSG00000120333	668	15	693
ENSG00000286285	14	0	14
ENSG00000225300	0	0	0
ENSG00000223842	1	1	0
ENSG00000162753	2	0	2
ENSG00000228247	0	0	0
ENSG00000231424	3	0	3
ENSG00000143355	0	0	0
ENSG00000287177	0	0	0
ENSG00000237193	0	0	0
ENSG00000223490	0	0	0
ENSG00000121644	976	1	975
ENSG00000174502	0	0	0
ENSG00000224286	0	0	0
ENSG00000158715	125	1	124
ENSG00000143195	15	0	15
ENSG00000162849	27	6	21
ENSG00000232824	0	0	0
ENSG00000273416	0	0	0
ENSG00000234142	2	0	2
ENSG00000282111	0	0	0
ENSG00000233410	1	0	1
ENSG00000067533	622	0	622
ENSG00000228955	0	0	0
ENSG00000270443	0	0	0
ENSG00000116209	3830	1	3829
ENSG00000224702	0	0	0
ENSG00000271811	0	0	0
ENSG00000224278	0	0	0
ENSG00000235492	0	0	0
ENSG00000287808	3	188	5
ENSG00000271588	0	0	0
ENSG00000229840	0	0	0
ENSG00000116161	1582	72	1564
ENSG00000226486	0	0	0
ENSG00000227687	0	0	0
ENSG00000231814	0	0	0
ENSG00000286210	0	0	0
ENSG00000287364	0	0	0
ENSG00000225063	3	3	0
ENSG00000260698	18	0	18
ENSG00000277007	9	0	9
ENSG00000229016	0	0	0
ENSG00000077157	2169	0	2208
ENSG00000152104	12	4	8
ENSG00000236975	0	0	0
ENSG00000215834	0	0	0
ENSG00000286541	0	0	0
ENSG00000117650	23	0	23
ENSG00000235021	0	0	0
ENSG00000203724	2	0	2
ENSG00000225006	0	0	0
ENSG00000287633	0	0	0
ENSG00000158764	2	0	2
ENSG00000223375	1	0	1
ENSG00000230714	0	0	0
ENSG00000261065	0	7	1
ENSG00000260855	5	0	5
ENSG00000188783	1	1	0
ENSG00000236206	0	0	0
ENSG00000168118	759	1	759
ENSG00000181101	0	0	0
ENSG00000173726	2706	1	2705
ENSG00000282852	0	0	0
ENSG00000152382	512	26	487
ENSG00000143839	1	0	1
ENSG00000232100	0	0	0
ENSG00000261024	0	0	0
ENSG00000230547	0	0	0
ENSG00000229703	1	1	0
ENSG00000176754	0	0	0
ENSG00000232309	0	0	0
ENSG00000227953	5	28	10
ENSG00000232215	0	0	0
ENSG00000135829	7373	6	7557
ENSG00000228289	0	0	0
ENSG00000134717	1301	1	1300
ENSG00000232989	0	0	0
ENSG00000233537	0	0	0
ENSG00000116668	308	25	283
ENSG00000143756	1381	0	1381
ENSG00000278180	0	0	0
ENSG00000143702	1246	1	1418
ENSG00000232341	0	0	0
ENSG00000287676	2	0	2
ENSG00000236792	0	0	0
ENSG00000143207	1833	0	1833
ENSG00000270859	0	0	0
ENSG00000238224	0	0	0
ENSG00000286775	0	0	0
ENSG00000122176	0	0	0
ENSG00000229120	0	0	0
ENSG00000237492	0	0	0
ENSG00000230404	0	0	0
ENSG00000213036	0	0	0
ENSG00000227230	2	89	0
ENSG00000236230	0	0	0
ENSG00000026751	2044	1	2043
ENSG00000150681	1694	2	2101
ENSG00000116906	1288	3	1285
ENSG00000092969	7	0	7
ENSG00000157181	613	1	612
ENSG00000250762	0	0	0
ENSG00000236720	0	0	0
ENSG00000227421	2	0	2
ENSG00000227240	3	3	0
ENSG00000076258	121	0	121
ENSG00000286073	0	0	0
ENSG00000231084	1	1	0
ENSG00000232085	0	85	1
ENSG00000117697	1010	0	1010
ENSG00000279333	0	0	2
ENSG00000235083	0	0	0
ENSG00000162669	0	0	0
ENSG00000197067	3	2	1
ENSG00000229652	0	0	0
ENSG00000132681	0	0	0
ENSG00000225904	0	0	0
ENSG00000270920	0	0	0
ENSG00000281664	0	0	0
ENSG00000143641	1156	2	1569
ENSG00000227630	7	0	7
ENSG00000228830	0	1344	2
ENSG00000010932	5	1	4
ENSG00000282849	0	0	0
ENSG00000276520	0	0	0
ENSG00000226640	0	0	0
ENSG00000010072	315	121	310
ENSG00000135766	175	0	175
ENSG00000232626	0	0	0
ENSG00000232096	0	0	0
ENSG00000279261	3	0	3
ENSG00000213051	0	0	0
ENSG00000238054	0	0	0
ENSG00000163534	2534	2	2532
ENSG00000168243	3	0	3
ENSG00000281453	0	0	0
ENSG00000237469	0	0	0
ENSG00000224939	2	0	2
ENSG00000227613	0	0	0
ENSG00000116183	0	0	0
ENSG00000270106	0	0	0
ENSG00000232194	0	0	0
ENSG00000235152	0	0	0
ENSG00000231612	0	0	0
ENSG00000237980	4	0	4
ENSG00000271036	0	0	0
ENSG00000230849	1	0	1
ENSG00000170382	232	240	2
ENSG00000228664	0	0	0
ENSG00000226868	0	0	0
ENSG00000279401	0	0	0
ENSG00000272362	0	0	0
ENSG00000287450	0	0	0
ENSG00000237011	0	0	0
ENSG00000233583	0	0	0
ENSG00000066027	3737	5	3732
ENSG00000286263	1	0	1
ENSG00000227006	5	3	2
ENSG00000236372	0	0	0
ENSG00000224525	0	0	0
ENSG00000188770	0	0	0
ENSG00000173728	1	1	0
ENSG00000094975	1372	0	1372
ENSG00000225811	0	0	0
ENSG00000273093	0	0	0
ENSG00000162772	47	0	47
ENSG00000227818	0	0	0
ENSG00000135828	1754	3	1751
ENSG00000224227	1	0	1
ENSG00000286398	0	0	0
ENSG00000076356	151	0	151
ENSG00000215819	0	0	0
ENSG00000185523	0	0	1
ENSG00000236108	1	1	0
ENSG00000116711	135	0	135
ENSG00000231684	4	0	4
ENSG00000226750	0	0	0
ENSG00000285665	15	0	15
ENSG00000231022	0	0	0
ENSG00000224436	0	0	0
ENSG00000228208	0	0	0
ENSG00000273384	1	0	1
ENSG00000238061	1	0	1
ENSG00000234915	0	0	0
ENSG00000143845	11	1	22
ENSG00000235862	0	0	0
ENSG00000069812	0	0	0
ENSG00000227585	0	0	0
ENSG00000157060	0	0	0
ENSG00000237213	0	0	0
ENSG00000236439	10	0	10
ENSG00000224260	0	0	0
ENSG00000213045	2	2	0
ENSG00000287220	0	0	0
ENSG00000230063	0	0	0
ENSG00000235467	0	0	0
ENSG00000123684	4289	1	4288
ENSG00000117707	6	0	6
ENSG00000228044	0	0	0
ENSG00000225338	1	0	1
ENSG00000224407	0	415	0
ENSG00000232463	0	0	0
ENSG00000237457	0	0	0
ENSG00000225171	12	2	10
ENSG00000226843	0	0	0
ENSG00000235386	0	0	0
ENSG00000123836	614	93	614
ENSG00000213690	0	0	0
ENSG00000223982	0	0	0
ENSG00000229832	2	0	2
ENSG00000117691	230	0	230
ENSG00000225233	0	0	0
ENSG00000274895	0	0	0
ENSG00000237514	0	0	0
ENSG00000287856	0	0	0
ENSG00000228067	0	0	0
ENSG00000284299	0	0	0
ENSG00000226375	1	0	1
ENSG00000203705	407	1	406
ENSG00000224040	0	0	0
ENSG00000228686	23	23	0
ENSG00000279838	35	1	34
ENSG00000174175	119	0	120
ENSG00000236401	0	0	0
ENSG00000241475	0	0	0
ENSG00000215800	0	0	0
ENSG00000286421	0	0	0
ENSG00000270936	0	0	0
ENSG00000008118	0	0	0
ENSG00000171161	806	0	806
ENSG00000241505	0	0	0
ENSG00000224535	0	0	0
ENSG00000282097	0	0	0
ENSG00000261453	6	6	0
ENSG00000231020	0	0	0
ENSG00000270818	0	0	0
ENSG00000196878	11	0	11
ENSG00000133059	1323	0	1323
ENSG00000225561	0	0	0
ENSG00000224668	0	0	0
ENSG00000242529	0	0	0
ENSG00000074964	467	0	467
ENSG00000223847	0	0	0
ENSG00000277704	0	0	0
ENSG00000116918	1116	14	1113
ENSG00000274020	136	5	175
ENSG00000287445	2	0	2
ENSG00000259815	0	0	0
ENSG00000240963	1	0	1
ENSG00000226570	0	0	0
ENSG00000198929	1	0	1
ENSG00000272167	0	0	0
ENSG00000230628	1	0	1
ENSG00000162771	0	0	0
ENSG00000227579	0	0	0
ENSG00000176393	1221	0	1877
ENSG00000174606	1185	0	1185
ENSG00000179914	12	0	12
ENSG00000235750	5261	3	5258
ENSG00000284376	0	0	0
ENSG00000121446	1	1	0
ENSG00000226758	0	0	0
ENSG00000230199	0	0	0
ENSG00000236905	0	1	0
ENSG00000233304	0	0	0
ENSG00000288007	2	0	2
ENSG00000227887	1	0	1
ENSG00000116903	1393	2	1507
ENSG00000228255	0	0	0
ENSG00000226196	0	0	0
ENSG00000287354	0	5	0
ENSG00000233827	0	0	0
ENSG00000198797	0	0	0
ENSG00000271746	0	1	0
ENSG00000234233	0	0	0
ENSG00000151414	2997	1	2996
ENSG00000177614	0	0	0
ENSG00000223794	0	0	0
ENSG00000235182	0	0	0
ENSG00000213041	0	0	0
ENSG00000287157	0	0	0
ENSG00000233920	0	0	0
ENSG00000183831	0	0	0
ENSG00000225755	0	0	0
ENSG00000143858	61	100	1
ENSG00000197472	0	0	0
ENSG00000230184	0	0	0
ENSG00000234004	0	0	0
ENSG00000232436	0	0	0
ENSG00000231718	0	0	0
ENSG00000283952	0	0	0
ENSG00000230019	0	0	0
ENSG00000136643	600	1	599
ENSG00000232537	0	0	0
ENSG00000226036	0	0	0
ENSG00000285521	1	1	0
ENSG00000236317	0	0	0
ENSG00000176855	0	0	0
ENSG00000227728	0	0	0
ENSG00000133069	126	2	124
ENSG00000162877	44	0	44
ENSG00000233461	45	0	45
ENSG00000225401	0	0	0
ENSG00000228190	0	0	0
ENSG00000135747	1	0	1
ENSG00000227237	2	2	0
ENSG00000069248	1745	2	1743
ENSG00000232812	0	0	0
ENSG00000231666	0	0	0
ENSG00000226986	0	0	0
ENSG00000242042	0	0	0
ENSG00000234464	0	0	0
ENSG00000253148	0	0	0
ENSG00000227751	0	544	0
ENSG00000090104	86	0	86
ENSG00000285280	22	427	4
ENSG00000232892	0	0	0
ENSG00000236950	0	0	0
ENSG00000236468	0	0	0
ENSG00000143322	907	1	906
ENSG00000185220	371	0	371
ENSG00000226003	0	0	0
ENSG00000230813	1	0	1
ENSG00000226862	6	0	7
ENSG00000236101	0	0	0
ENSG00000162769	308	0	308
ENSG00000133065	889	1	888
ENSG00000278684	0	0	0
ENSG00000236775	0	0	0
ENSG00000042781	1	1	0
ENSG00000234754	0	0	0
ENSG00000233084	6	0	6
ENSG00000227815	2	0	2
ENSG00000287046	0	0	0
ENSG00000223774	0	3	0
ENSG00000228863	18	4001	8
ENSG00000228646	0	0	0
ENSG00000229112	0	0	0
ENSG00000233332	0	0	0
ENSG00000231984	0	0	0
ENSG00000286213	0	0	0
ENSG00000226876	0	0	0
ENSG00000277462	84	0	84
ENSG00000225591	0	0	0
ENSG00000035687	1905	2	1903
ENSG00000213080	1	0	1
ENSG00000180287	0	0	0
ENSG00000226693	0	0	0
ENSG00000234678	73	728	1
ENSG00000231272	0	0	0
ENSG00000223828	0	0	0
ENSG00000163431	2	1	4
ENSG00000230124	555	0	638
ENSG00000226723	0	0	0
ENSG00000272672	3	0	3
ENSG00000143473	3	5	0
ENSG00000228982	1	0	1
ENSG00000235096	0	0	0
ENSG00000237250	0	0	0
ENSG00000007341	135	21	209
ENSG00000286747	0	0	0
ENSG00000236069	0	0	0
ENSG00000236244	0	0	0
ENSG00000272865	1	1	0
ENSG00000117222	1393	0	1393
ENSG00000143324	834	0	834
ENSG00000229871	0	0	0
ENSG00000225222	1	1	0
ENSG00000118193	50	0	50
ENSG00000234116	0	0	0
ENSG00000231940	3	0	3
ENSG00000198842	0	0	0
ENSG00000286619	5	0	5
ENSG00000198756	90	0	90
ENSG00000259823	3	3	0
ENSG00000271558	0	0	0
ENSG00000227554	0	0	0
ENSG00000178596	0	0	0
ENSG00000135749	602	26	638
ENSG00000143786	14	1	15
ENSG00000224584	0	0	0
ENSG00000054282	458	37	474
ENSG00000183780	93	0	93
ENSG00000229663	1	1	0
ENSG00000162702	1293	0	1293
ENSG00000251508	0	0	0
ENSG00000238272	0	0	0
ENSG00000228530	0	0	0
ENSG00000235060	0	0	0
ENSG00000143194	2	0	2
ENSG00000229531	0	0	0
ENSG00000271329	0	0	0
ENSG00000054267	4314	6	4308
ENSG00000261831	0	0	0
ENSG00000287921	0	0	0
ENSG00000177800	0	0	0
ENSG00000225620	0	0	0
ENSG00000232166	0	0	0
ENSG00000175137	1603	4	1599
ENSG00000134245	20	90	10
ENSG00000234041	0	0	0
ENSG00000227373	10	0	10
ENSG00000231905	0	0	0
ENSG00000228175	2	1	1
ENSG00000069275	5670	6	5664
ENSG00000143674	86	0	86
ENSG00000237317	0	0	0
ENSG00000187889	0	0	0
ENSG00000134375	803	1	802
ENSG00000097046	237	4	233
ENSG00000232113	0	0	0
ENSG00000282718	0	0	0
ENSG00000231378	0	0	0
ENSG00000235605	0	0	1
ENSG00000223525	0	0	0
ENSG00000224857	0	0	0
ENSG00000273367	4	0	4
ENSG00000230604	0	0	0
ENSG00000231605	0	0	0
ENSG00000236358	4	1	4
ENSG00000203737	2	0	2
ENSG00000238003	0	0	0
ENSG00000215873	0	0	0
ENSG00000287008	0	0	0
ENSG00000185420	170	0	170
ENSG00000076321	646	2	644
ENSG00000272175	0	0	1
ENSG00000231564	0	0	0
ENSG00000135778	631	43	650
ENSG00000213070	0	0	0
ENSG00000282265	0	0	0
ENSG00000250536	0	0	0
ENSG00000229747	0	0	0
ENSG00000117280	2426	1	2425
ENSG00000233985	0	0	0
ENSG00000232175	1	0	1
ENSG00000287423	0	0	0
ENSG00000286774	0	0	0
ENSG00000236719	0	0	0
ENSG00000136636	203	0	203
ENSG00000225486	1	0	1
ENSG00000227043	0	0	0
ENSG00000163874	434	1	433
ENSG00000285777	0	0	0
ENSG00000237249	0	0	0
ENSG00000286109	0	0	0
ENSG00000213068	0	0	0
ENSG00000054392	84	0	89
ENSG00000227994	0	0	0
ENSG00000286552	0	0	0
ENSG00000225711	0	0	0
ENSG00000122223	1296	32	1264
ENSG00000235869	0	0	0
ENSG00000188739	24	0	24
ENSG00000286666	0	0	0
ENSG00000135750	10	0	10
ENSG00000273198	0	0	0
ENSG00000203730	1	1	0
ENSG00000225719	0	0	0
ENSG00000273483	2	0	2
ENSG00000287987	0	0	0
ENSG00000203729	0	0	0
ENSG00000232809	0	0	0
ENSG00000284623	0	0	0
ENSG00000285981	0	0	0
ENSG00000261729	4	0	4
ENSG00000223869	0	0	0
ENSG00000229228	0	0	0
ENSG00000215796	0	0	0
ENSG00000185221	0	0	0
ENSG00000233047	0	0	0
ENSG00000143341	12	0	12
ENSG00000228309	0	0	0
ENSG00000229739	5	0	5
ENSG00000116703	0	0	0
ENSG00000273874	0	0	0
ENSG00000278791	0	5	0
ENSG00000278757	8	0	8
ENSG00000264341	0	0	0
ENSG00000264101	0	0	0
ENSG00000265141	0	0	0
ENSG00000221083	0	0	0
ENSG00000252404	0	0	0
ENSG00000222511	0	0	0
ENSG00000265392	0	0	0
ENSG00000243267	0	0	0
ENSG00000201725	2	1	1
ENSG00000274258	0	0	0
ENSG00000239149	1	0	1
ENSG00000252151	0	0	0
ENSG00000252969	0	0	0
ENSG00000252417	0	0	0
ENSG00000200975	0	0	0
ENSG00000201609	0	0	0
ENSG00000238482	0	0	0
ENSG00000252956	0	0	0
ENSG00000265606	0	0	0
ENSG00000284357	0	0	0
ENSG00000278034	2	0	2
ENSG00000207237	0	0	0
ENSG00000222784	0	0	0
ENSG00000266210	0	0	0
ENSG00000265961	0	0	0
ENSG00000251866	0	0	0
ENSG00000252691	0	0	0
ENSG00000264371	0	0	0
ENSG00000253005	7	0	7
ENSG00000238316	0	0	0
ENSG00000207941	0	0	0
ENSG00000264773	2	0	2
ENSG00000252448	7	7	0
ENSG00000200421	0	0	0
ENSG00000222282	1	1	0
ENSG00000199963	0	0	0
ENSG00000264698	0	0	0
ENSG00000207328	0	0	0
ENSG00000207466	0	0	0
ENSG00000252368	0	0	0
ENSG00000206779	0	0	0
ENSG00000265596	0	0	0
ENSG00000212541	8	8	0
ENSG00000200796	0	0	0
ENSG00000252190	0	0	0
ENSG00000264613	0	0	0
ENSG00000199240	0	0	0
ENSG00000277168	0	0	0
ENSG00000283724	0	0	0
ENSG00000284410	0	0	0
ENSG00000252018	1	0	1
ENSG00000206627	0	0	0
ENSG00000283414	0	0	0
ENSG00000207508	0	0	0
ENSG00000200171	0	0	0
ENSG00000207194	0	0	0
ENSG00000283477	0	0	0
ENSG00000264834	0	0	0
ENSG00000263675	2	0	2
ENSG00000266188	0	0	0
ENSG00000206981	0	0	0
ENSG00000200174	0	0	0
ENSG00000265822	0	0	0
ENSG00000265815	0	0	0
ENSG00000238653	0	0	0
ENSG00000212624	0	0	0
ENSG00000200575	0	0	0
ENSG00000212360	0	0	0
ENSG00000242860	0	0	0
ENSG00000263908	0	0	0
ENSG00000283690	0	0	0
ENSG00000199921	0	0	0
ENSG00000251825	0	0	0
ENSG00000201153	0	0	0
ENSG00000222624	0	0	0
ENSG00000223152	0	0	0
ENSG00000212308	0	0	0
ENSG00000279049	0	14	0
ENSG00000276081	0	0	0
ENSG00000239640	0	0	0
ENSG00000252338	0	0	0
ENSG00000251785	0	0	0
ENSG00000239319	0	0	0
ENSG00000222849	0	0	0
ENSG00000283749	0	0	0
ENSG00000251958	0	0	0
ENSG00000251767	0	0	0
ENSG00000243437	0	0	0
ENSG00000202263	0	0	0
ENSG00000199318	0	0	0
ENSG00000199666	0	0	0
ENSG00000200601	0	0	0
ENSG00000242482	0	0	0
ENSG00000212366	0	0	0
ENSG00000201620	0	0	0
ENSG00000206817	0	0	0
ENSG00000284247	0	0	0
ENSG00000200839	0	0	0
ENSG00000264963	0	0	0
ENSG00000264271	0	0	0
ENSG00000239504	0	0	0
ENSG00000284202	0	0	0
ENSG00000251720	0	0	0
ENSG00000274321	0	0	0
ENSG00000198974	1	0	1
ENSG00000212248	0	0	0
ENSG00000207962	1	0	1
ENSG00000276884	0	0	0
ENSG00000207234	1	0	1
ENSG00000202259	0	0	0
ENSG00000212459	0	0	0
ENSG00000278287	0	0	0
ENSG00000277565	0	0	0
ENSG00000263526	0	0	0
ENSG00000211575	0	0	0
ENSG00000275823	0	0	0
ENSG00000277689	0	0	0
ENSG00000274199	0	1	0
ENSG00000202254	0	0	0
ENSG00000244256	0	0	0
ENSG00000201491	0	0	0
ENSG00000199831	0	0	0
ENSG00000275455	0	0	0
ENSG00000252162	0	0	0
ENSG00000272051	0	0	0
ENSG00000283899	0	0	0
ENSG00000200800	0	0	0
ENSG00000207502	0	0	0
ENSG00000252530	0	0	0
ENSG00000200536	0	0	0
ENSG00000211543	0	0	0
ENSG00000252797	2	2	0
ENSG00000212266	0	0	0
ENSG00000222209	0	0	0
ENSG00000277141	0	0	0
ENSG00000215930	0	0	0
ENSG00000238761	0	0	0
ENSG00000201114	0	0	0
ENSG00000206679	0	0	0
ENSG00000264419	1	0	1
ENSG00000222069	0	0	0
ENSG00000274428	0	0	0
ENSG00000199879	1	0	1
ENSG00000274408	0	0	0
ENSG00000283676	0	0	0
ENSG00000252005	0	0	0
ENSG00000252510	0	0	0
ENSG00000207340	1	0	1
ENSG00000252830	0	0	0
ENSG00000274450	0	0	0
ENSG00000252135	0	0	0
ENSG00000278596	0	0	0
ENSG00000238825	0	0	0
ENSG00000201183	2	0	2
ENSG00000202408	0	0	0
ENSG00000252744	0	0	0
ENSG00000273768	0	0	0
ENSG00000242565	0	0	0
ENSG00000239984	0	0	0
ENSG00000283296	0	0	0
ENSG00000252717	0	0	0
ENSG00000194297	0	0	0
ENSG00000199565	0	0	0
ENSG00000277313	0	0	0
ENSG00000274940	0	0	0
ENSG00000207341	0	0	0
ENSG00000207472	0	0	0
ENSG00000206880	0	0	0
ENSG00000252552	0	0	0
ENSG00000199849	0	0	0
ENSG00000252407	0	0	0
ENSG00000212538	0	0	0
ENSG00000251813	0	0	0
ENSG00000207108	0	0	0
ENSG00000201312	0	0	0
ENSG00000207039	0	0	0
ENSG00000202491	0	0	0
ENSG00000201596	0	0	0
ENSG00000276839	0	0	0
ENSG00000207974	0	0	0
ENSG00000273629	0	0	0
ENSG00000201493	0	0	0
ENSG00000215952	0	0	0
ENSG00000200139	0	0	0
ENSG00000283575	0	0	0
ENSG00000238765	0	0	0
ENSG00000264916	0	0	0
ENSG00000212338	0	0	0
ENSG00000206659	0	0	0
ENSG00000253025	0	0	0
ENSG00000201619	0	0	0
ENSG00000201544	4	2	2
ENSG00000202498	0	0	0
ENSG00000221545	0	0	0
ENSG00000252906	0	0	0
ENSG00000206692	0	0	0
ENSG00000202329	0	0	0
ENSG00000242794	0	0	0
ENSG00000212144	0	0	0
ENSG00000283340	0	0	0
ENSG00000252860	0	0	0
ENSG00000252501	0	0	0
ENSG00000263390	0	0	0
ENSG00000207181	1	0	1
ENSG00000265744	0	0	0
ENSG00000264377	0	0	0
ENSG00000207149	0	0	0
ENSG00000283936	0	0	0
ENSG00000284485	0	0	0
ENSG00000201638	0	0	0
ENSG00000275213	0	0	0
ENSG00000239494	0	0	0
ENSG00000212230	0	0	0
ENSG00000252371	0	0	0
ENSG00000199442	0	0	0
ENSG00000200033	2	0	2
ENSG00000239690	1	1	0
ENSG00000202184	0	0	0
ENSG00000241395	0	0	0
ENSG00000200982	0	0	0
ENSG00000275207	0	0	0
ENSG00000202300	0	0	0
ENSG00000222407	0	0	0
ENSG00000222986	0	0	0
ENSG00000265435	0	0	0
ENSG00000272262	0	0	0
ENSG00000200495	0	0	0
ENSG00000202609	0	0	0
ENSG00000252553	0	0	0
ENSG00000206764	0	0	0
ENSG00000222240	0	0	0
ENSG00000212187	0	0	0
ENSG00000206637	0	0	0
ENSG00000253097	0	0	0
ENSG00000200036	0	0	0
ENSG00000201421	0	0	0
ENSG00000212610	0	0	0
ENSG00000252484	0	0	0
ENSG00000201944	0	0	0
ENSG00000200327	0	0	0
ENSG00000206905	0	0	0
ENSG00000200972	0	0	0
ENSG00000243051	0	0	0
ENSG00000252011	0	0	0
ENSG00000207326	0	0	0
ENSG00000212205	2	2	0
ENSG00000253042	1	1	0
ENSG00000274121	0	0	0
ENSG00000264358	0	0	0
ENSG00000206640	0	0	0
ENSG00000212527	0	0	0
ENSG00000252879	0	0	0
ENSG00000252612	0	0	0
ENSG00000202264	0	0	0
ENSG00000285609	0	0	0
ENSG00000206762	4	4	0
ENSG00000252084	0	0	0
ENSG00000200085	1	0	1
ENSG00000264500	9	9	0
ENSG00000202025	0	0	0
ENSG00000225545	0	0	0
ENSG00000206990	0	0	0
ENSG00000230175	0	0	0
ENSG00000225272	0	0	0
ENSG00000215838	3	1	2
ENSG00000273365	3	0	3
ENSG00000224358	6	0	6
ENSG00000230659	0	0	0
ENSG00000162545	31	0	31
ENSG00000090432	788	0	788
ENSG00000215520	0	0	0
ENSG00000183114	0	0	0
ENSG00000158825	745	0	745
ENSG00000158828	299	152	1109
ENSG00000284005	0	0	0
ENSG00000117242	67	828	200
ENSG00000234473	1	0	1
ENSG00000238754	1	0	1
ENSG00000134371	1520	8	1518
ENSG00000221680	0	0	0
ENSG00000162630	61	0	67
ENSG00000276735	0	0	0
ENSG00000232077	1	0	1
ENSG00000229639	0	0	0
ENSG00000287453	0	0	0
ENSG00000270615	0	0	0
ENSG00000287283	0	0	0
ENSG00000240692	0	0	0
ENSG00000229359	0	0	0
ENSG00000237919	0	0	0
ENSG00000066557	575	0	575
ENSG00000244389	0	0	0
ENSG00000228988	0	0	0
ENSG00000118454	853	2	851
ENSG00000226088	2	2	0
ENSG00000116761	29	0	29
ENSG00000278636	0	0	0
ENSG00000271992	1	0	1
ENSG00000233020	0	0	0
ENSG00000237033	0	0	0
ENSG00000226208	0	0	0
ENSG00000007968	277	0	277
ENSG00000235052	9	0	9
ENSG00000117318	554	5	549
ENSG00000285802	5	0	5
ENSG00000229239	1	0	1
ENSG00000142676	36103	94	36009
ENSG00000057757	1041	1	1040
ENSG00000011009	1047	0	1047
ENSG00000117308	165	1	164
ENSG00000273844	0	0	0
ENSG00000235748	0	0	0
ENSG00000237861	0	0	0
ENSG00000221879	0	0	0
ENSG00000230260	0	0	0
ENSG00000199241	0	0	0
ENSG00000226919	0	1	0
ENSG00000223963	0	0	0
ENSG00000215802	0	0	0
ENSG00000233615	0	0	0
ENSG00000238085	0	0	0
ENSG00000265831	0	0	0
ENSG00000224348	0	0	0
ENSG00000286496	2	0	2
ENSG00000287516	0	0	0
ENSG00000287738	0	0	0
ENSG00000132703	0	0	0
ENSG00000276632	0	0	0
ENSG00000223603	0	0	0
ENSG00000132693	0	0	0
ENSG00000235226	0	0	0
ENSG00000158716	134	1	133
ENSG00000181036	717	1	716
ENSG00000158714	46	53	133
ENSG00000212161	0	0	0
ENSG00000243284	1	1	2
ENSG00000272668	117	21	101
ENSG00000213085	64	1	63
ENSG00000266458	0	0	0
ENSG00000287040	0	0	0
ENSG00000279430	2	0	2
ENSG00000162723	0	0	0
ENSG00000273933	0	0	0
ENSG00000256029	5	34	21
ENSG00000188004	0	0	0
ENSG00000266580	0	0	0
ENSG00000254545	0	2	0
ENSG00000203620	0	0	0
ENSG00000269967	4	0	4
ENSG00000228634	3	3	0
ENSG00000284702	0	0	0
ENSG00000221040	0	0	0
ENSG00000287217	0	0	0
ENSG00000163399	4493	59	11351
ENSG00000212385	0	0	0
ENSG00000233154	12	0	12
ENSG00000230381	0	0	0
ENSG00000200547	0	0	0
ENSG00000224950	37	0	39
ENSG00000286276	6	8	0
ENSG00000177888	886	0	886
ENSG00000243364	95	1	94
ENSG00000251246	0	0	0
ENSG00000143590	25	0	25
ENSG00000202027	0	0	0
ENSG00000169242	88	2	86
ENSG00000169241	568	1	567
ENSG00000223452	0	0	0
ENSG00000163463	72	0	72
ENSG00000273088	0	0	0
ENSG00000284586	0	0	0
ENSG00000169231	198	5	440
ENSG00000236263	0	71	2
ENSG00000236675	73	73	0
ENSG00000177628	928	1	927
ENSG00000116521	1032	1	1031
ENSG00000176444	1700	1	1699
ENSG00000143630	30	0	41
ENSG00000143627	1	11	1
ENSG00000253074	0	0	0
ENSG00000252116	0	0	0
ENSG00000228523	0	0	0
ENSG00000223263	1	1	0
ENSG00000207504	0	0	0
ENSG00000238139	0	0	0
ENSG00000197721	8	0	8
ENSG00000244703	1	0	1
ENSG00000226289	0	0	0
ENSG00000285239	0	0	0
ENSG00000234219	3	3	0
ENSG00000174059	8	0	8
ENSG00000285719	0	0	0
ENSG00000284237	0	0	0
ENSG00000158731	0	0	0
ENSG00000201746	1	0	1
ENSG00000264881	0	0	0
ENSG00000199562	0	0	0
ENSG00000264501	0	0	0
ENSG00000284735	5	2	3
ENSG00000284642	10	0	10
ENSG00000142657	4680	10	4670
ENSG00000271989	0	1	0
ENSG00000251503	0	0	0
ENSG00000175279	8	1	7
ENSG00000160049	968	0	1123
ENSG00000203469	0	95	0
ENSG00000236035	2	2	0
ENSG00000221643	2	0	2
ENSG00000122188	1121	3	1118
ENSG00000288644	0	0	0
ENSG00000227417	0	0	0
ENSG00000223505	0	0	0
ENSG00000182004	791	0	791
ENSG00000236430	0	0	0
ENSG00000130768	13	3	16
ENSG00000227050	0	3	3
ENSG00000238231	4	4	0
ENSG00000240750	0	0	0
ENSG00000158156	855	1	858
ENSG00000182118	57	0	57
ENSG00000283799	0	0	0
ENSG00000227934	0	0	0
ENSG00000229595	0	0	0
ENSG00000143633	369	0	369
ENSG00000281912	8	1	7
ENSG00000288208	0	0	0
ENSG00000132773	272	39	312
ENSG00000070759	173	23	179
ENSG00000236872	0	0	0
ENSG00000280670	38	0	38
ENSG00000132763	126	920	136
ENSG00000221953	1	0	1
ENSG00000226164	0	0	0
ENSG00000224014	1	1	0
ENSG00000215795	4	3	1
ENSG00000259865	270	1	269
ENSG00000227671	1202	1	1201
ENSG00000283881	0	0	0
ENSG00000252516	4	0	4
ENSG00000232347	0	0	0
ENSG00000214144	0	0	0
ENSG00000235818	0	0	0
ENSG00000197617	0	0	0
ENSG00000202079	2	2	0
ENSG00000286216	1	3	0
ENSG00000203664	0	0	0
ENSG00000169224	36	1	40
ENSG00000236817	0	5	0
ENSG00000177489	0	0	0
ENSG00000177476	0	0	0
ENSG00000283369	0	0	0
ENSG00000230411	0	0	0
ENSG00000251977	0	0	0
ENSG00000252254	0	0	0
ENSG00000227854	0	0	0
ENSG00000287589	0	0	0
ENSG00000259776	0	0	0
ENSG00000233355	1355	0	1380
ENSG00000234601	0	0	0
ENSG00000231979	0	0	0
ENSG00000215805	0	0	0
ENSG00000287102	0	0	0
ENSG00000217327	0	0	0
ENSG00000228818	1	0	1
ENSG00000202041	0	0	0
ENSG00000223694	0	0	0
ENSG00000233735	0	0	0
ENSG00000133019	9	26	8
ENSG00000162636	1197	3	1194
ENSG00000162639	629	0	629
ENSG00000285923	0	0	0
ENSG00000134186	3760	50	3710
ENSG00000143107	0	0	0
ENSG00000232971	0	0	0
ENSG00000116266	2177	0	2177
ENSG00000228076	0	0	0
ENSG00000203897	0	0	0
ENSG00000237349	0	0	0
ENSG00000244716	52	0	52
ENSG00000228665	0	0	0
ENSG00000228054	0	0	0
ENSG00000273382	10	93	10
ENSG00000215717	2181	0	2274
ENSG00000278249	0	0	0
ENSG00000270066	0	0	0
ENSG00000251484	2	2	0
ENSG00000132676	2583	118	2582
ENSG00000227673	0	0	0
ENSG00000203761	137	76	98
ENSG00000234937	4	4	0
ENSG00000132718	905	2	903
ENSG00000283442	0	0	0
ENSG00000143622	1785	0	1785
ENSG00000132680	1812	1	1811
ENSG00000207475	1	0	1
ENSG00000280466	0	0	0
ENSG00000281394	0	0	0
ENSG00000277817	0	0	0
ENSG00000273002	73	1	72
ENSG00000224276	5	5	0
ENSG00000285677	1	1861	0
ENSG00000163479	3614	1	5473
ENSG00000160803	909	2	907
ENSG00000132698	12	0	12
ENSG00000252236	0	0	0
ENSG00000260238	0	0	0
ENSG00000242252	2	0	2
ENSG00000198952	3058	2	3056
ENSG00000163472	193	206	198
ENSG00000163468	4190	5	4189
ENSG00000132677	0	0	0
ENSG00000237390	0	0	0
ENSG00000207933	0	0	0
ENSG00000254726	2	0	2
ENSG00000186377	0	0	0
ENSG00000186160	0	0	0
ENSG00000225154	0	0	0
ENSG00000225506	0	0	0
ENSG00000225514	0	0	0
ENSG00000224805	8	0	11
ENSG00000162366	101	0	101
ENSG00000226252	2	14	0
ENSG00000225762	7	4	3
ENSG00000186790	0	0	0
ENSG00000237424	60	0	60
ENSG00000189030	0	0	0
ENSG00000162763	0	0	0
ENSG00000143061	9	0	9
ENSG00000135821	8794	8	8786
ENSG00000203740	0	0	0
ENSG00000162374	2	0	2
ENSG00000168275	168	8	216
ENSG00000241563	2	2	0
ENSG00000153207	4063	3	4060
ENSG00000156869	123	0	123
ENSG00000033122	39	20	19
ENSG00000143278	0	0	0
ENSG00000116678	144	0	144
ENSG00000159352	2364	5	2359
ENSG00000158710	14357	6	14351
ENSG00000162734	1680	6	1751
ENSG00000049239	2328	0	2328
ENSG00000186564	7	0	7
ENSG00000244038	3950	5	3945
ENSG00000158747	90	0	90
ENSG00000116690	34	365	35
ENSG00000126091	34	0	35
ENSG00000162383	6	0	6
ENSG00000171163	684	4	680
ENSG00000172456	88	0	88
ENSG00000162946	581	0	581
ENSG00000158786	0	0	0
ENSG00000118733	0	0	0
ENSG00000157870	411	3	520
ENSG00000179085	69	1	68
ENSG00000173080	4	4	0
ENSG00000183347	15	0	15
ENSG00000276470	0	0	0
ENSG00000278852	0	0	0
ENSG00000275915	0	0	0
ENSG00000120937	0	0	0
ENSG00000224904	0	0	0
ENSG00000285646	6	6	0
ENSG00000199347	0	0	0
ENSG00000201801	0	0	0
ENSG00000116685	1357	0	1357
ENSG00000083444	1101	1	1100
ENSG00000287384	0	0	0
ENSG00000270914	0	0	0
ENSG00000116691	476	1	475
ENSG00000202461	1	1	0
ENSG00000276869	0	0	0
ENSG00000243539	0	0	0
ENSG00000120949	252	2	250
ENSG00000201135	0	0	0
ENSG00000227875	0	0	0
ENSG00000285604	0	0	0
ENSG00000283789	0	0	0
ENSG00000263676	0	0	0
ENSG00000200591	0	0	0
ENSG00000162521	3104	4	4545
ENSG00000162520	0	1442	3
ENSG00000224409	0	0	0
ENSG00000162522	86	0	86
ENSG00000116497	1125	1	1141
ENSG00000160097	5	4	1
ENSG00000121905	1	0	1
ENSG00000121900	0	0	0
ENSG00000287691	15	22	0
ENSG00000278966	6	6	0
ENSG00000143222	1423	3	1707
ENSG00000224985	3	286	4
ENSG00000143224	346	104	354
ENSG00000158850	1139	12	1231
ENSG00000158859	32	3	30
ENSG00000158869	4306	0	4306
ENSG00000158874	1	1	0
ENSG00000158882	195	0	323
ENSG00000284035	0	0	0
ENSG00000143257	11	139	0
ENSG00000248485	16	16	0
ENSG00000188931	93	103	1
ENSG00000236484	0	0	0
ENSG00000283696	65	0	65
ENSG00000288093	3	0	3
ENSG00000206921	0	0	0
ENSG00000215840	3	0	3
ENSG00000277882	0	0	0
ENSG00000283317	10	10	0
ENSG00000277762	0	0	0
ENSG00000227139	0	0	0
ENSG00000265107	0	0	0
ENSG00000274415	0	0	0
ENSG00000234190	0	0	0
ENSG00000223728	0	0	0
ENSG00000121634	0	0	0
ENSG00000188092	141	0	141
ENSG00000215859	21	26	0
ENSG00000273059	0	0	5
ENSG00000274372	5	0	5
ENSG00000206791	0	0	0
ENSG00000206585	0	0	0
ENSG00000229828	1	0	1
ENSG00000225080	1	2	0
ENSG00000198658	0	0	0
ENSG00000238382	0	0	0
ENSG00000225919	0	0	0
ENSG00000236497	0	0	0
ENSG00000207190	0	0	0
ENSG00000200508	0	0	0
ENSG00000284928	0	0	0
ENSG00000223949	0	0	0
ENSG00000116688	3200	2	3198
ENSG00000188800	0	0	0
ENSG00000084073	1464	0	1466
ENSG00000231296	0	2	0
ENSG00000049089	214	1	213
ENSG00000227311	0	0	0
ENSG00000213172	0	0	0
ENSG00000284677	1	1	0
ENSG00000187801	115	0	115
ENSG00000260920	110	0	110
ENSG00000158887	88	0	88
ENSG00000255054	0	0	0
ENSG00000228172	7	270	16
ENSG00000117640	514	8	748
ENSG00000272478	0	0	0
ENSG00000127423	16	20	6
ENSG00000182749	154	6	221
ENSG00000207302	0	0	0
ENSG00000117632	1068	0	1068
ENSG00000229786	0	0	0
ENSG00000223624	0	0	0
ENSG00000283938	0	0	0
ENSG00000199385	0	0	0
ENSG00000187147	1393	15	2116
ENSG00000263381	0	0	0
ENSG00000126106	40	729	49
ENSG00000198520	513	7	506
ENSG00000199377	1	1	0
ENSG00000200169	0	0	0
ENSG00000142945	48	7	49
ENSG00000142937	19843	21	21793
ENSG00000264294	0	0	0
ENSG00000200913	0	0	0
ENSG00000202031	0	0	0
ENSG00000207421	0	0	0
ENSG00000281859	0	0	0
ENSG00000234093	0	0	0
ENSG00000142959	8	0	8
ENSG00000173846	436	0	462
ENSG00000117425	17	0	17
ENSG00000202444	0	0	0
ENSG00000226499	1	0	1
ENSG00000070785	278	0	278
ENSG00000253039	0	0	0
ENSG00000229815	0	0	0
ENSG00000232369	0	0	0
ENSG00000268949	0	0	0
ENSG00000126107	1089	1	1090
ENSG00000126088	726	4	724
ENSG00000234315	0	0	0
ENSG00000162408	1002	0	1002
ENSG00000229519	4	4	0
ENSG00000173662	0	0	0
ENSG00000204859	670	7	663
ENSG00000288629	0	0	0
ENSG00000230735	0	14	0
ENSG00000171488	3013	4	3009
ENSG00000226394	1	1	0
ENSG00000237200	6	0	6
ENSG00000070886	0	0	0
ENSG00000276835	0	0	0
ENSG00000265422	0	0	0
ENSG00000223776	0	86	1
ENSG00000273058	35	1	34
ENSG00000230325	7	27	3
ENSG00000119285	1767	1167	2098
ENSG00000226498	0	0	0
ENSG00000237991	0	0	0
ENSG00000244020	0	0	0
ENSG00000288099	0	0	0
ENSG00000225886	8	11	0
ENSG00000206767	0	0	0
ENSG00000226662	0	0	0
ENSG00000207095	0	0	0
ENSG00000287244	0	0	0
ENSG00000231344	0	0	0
ENSG00000230833	0	0	0
ENSG00000117758	1100	1	1099
ENSG00000269971	1	0	1
ENSG00000270031	11	0	11
ENSG00000223062	0	0	0
ENSG00000286433	0	58	0
ENSG00000117751	1426	10	1474
ENSG00000252947	0	0	0
ENSG00000130775	5824	5	5824
ENSG00000117748	2340	76	2269
ENSG00000223643	0	0	0
ENSG00000230239	0	0	0
ENSG00000263811	0	0	0
ENSG00000277234	0	0	0
ENSG00000235241	0	97	0
ENSG00000207005	1	0	1
ENSG00000272426	1	1	0
ENSG00000117122	1	0	1
ENSG00000286898	0	0	0
ENSG00000226526	0	64	0
ENSG00000159363	740	0	775
ENSG00000117118	1197	1	1196
ENSG00000117115	3601	5	3596
ENSG00000204362	0	0	0
ENSG00000282843	0	0	0
ENSG00000142623	0	0	0
ENSG00000142619	0	0	0
ENSG00000266634	0	0	0
ENSG00000199459	0	0	0
ENSG00000273264	0	0	0
ENSG00000282057	1	0	1
ENSG00000272691	0	0	0
ENSG00000199934	0	0	0
ENSG00000230285	0	0	0
ENSG00000142871	1	1	0
ENSG00000226643	0	0	0
ENSG00000234419	0	0	0
ENSG00000276997	3	0	3
ENSG00000222399	0	0	0
ENSG00000267305	1	0	1
ENSG00000143512	2	0	2
ENSG00000143498	201	0	215
ENSG00000225265	12	14	12
ENSG00000154305	2625	84	3033
ENSG00000229399	1	1	0
ENSG00000272750	12	494	8
ENSG00000186063	1377	38	1361
ENSG00000162819	1649	6	1664
ENSG00000287684	8	24	3
ENSG00000234523	2	0	2
ENSG00000287338	2	0	2
ENSG00000187554	572	34	538
ENSG00000236846	1	0	1
ENSG00000226601	0	0	0
ENSG00000164010	235	14	385
ENSG00000164011	238	1	237
ENSG00000233708	0	0	0
ENSG00000237090	0	0	0
ENSG00000225099	1	0	1
ENSG00000284138	4	0	4
ENSG00000283973	2	5	0
ENSG00000207256	0	0	0
ENSG00000283136	0	0	0
ENSG00000277513	0	0	0
ENSG00000154309	191	0	191
ENSG00000226967	0	0	0
ENSG00000231407	0	0	0
ENSG00000229570	0	0	0
ENSG00000203857	0	0	0
ENSG00000226443	0	0	0
ENSG00000249798	0	0	0
ENSG00000239873	0	0	0
ENSG00000203855	0	0	0
ENSG00000240244	0	0	0
ENSG00000260941	7	0	7
ENSG00000198857	4	4	0
ENSG00000143067	109	0	109
ENSG00000134240	0	0	0
ENSG00000134193	104	0	104
ENSG00000215864	0	0	0
ENSG00000227205	0	0	0
ENSG00000226446	0	0	0
ENSG00000134249	0	0	0
ENSG00000092621	294	3	291
ENSG00000027644	0	0	0
ENSG00000241992	0	0	0
ENSG00000234226	0	0	0
ENSG00000137970	108	0	108
ENSG00000223229	0	0	0
ENSG00000285698	0	0	0
ENSG00000228035	0	0	0
ENSG00000287103	0	0	0
ENSG00000226973	0	0	0
ENSG00000274468	0	0	0
ENSG00000130764	932	21	1026
ENSG00000266075	1	1	0
ENSG00000272153	23	138	0
ENSG00000230026	0	0	0
ENSG00000285177	0	1	0
ENSG00000284770	20	94	23
ENSG00000229795	0	0	0
ENSG00000238236	0	0	0
ENSG00000235638	0	0	0
ENSG00000231199	0	0	0
ENSG00000226663	0	0	0
ENSG00000231582	0	0	0
ENSG00000232714	0	0	0
ENSG00000235761	0	0	0
ENSG00000270710	0	0	0
ENSG00000227236	0	0	0
ENSG00000198837	4931	3	5144
ENSG00000160741	1991	0	1991
ENSG00000276584	0	0	0
ENSG00000282386	8	0	8
ENSG00000273026	9	2	7
ENSG00000143578	119	14	153
ENSG00000143543	151	8	163
ENSG00000285641	0	5	4
ENSG00000143545	10	0	10
ENSG00000177954	39355	14	39341
ENSG00000231416	1	0	1
ENSG00000200220	0	0	0
ENSG00000231837	0	0	0
ENSG00000263987	0	0	0
ENSG00000162642	594	0	594
ENSG00000223254	4	4	0
ENSG00000223653	2	24	1
ENSG00000116198	1161	1	1160
ENSG00000169598	332	0	333
ENSG00000226653	0	0	0
ENSG00000207209	0	0	0
ENSG00000272443	0	0	0
ENSG00000272480	0	0	0
ENSG00000288626	0	0	0
ENSG00000162836	222	1	221
ENSG00000207080	0	0	0
ENSG00000231791	0	0	0
ENSG00000244568	0	0	0
ENSG00000271387	0	0	0
ENSG00000116667	388	0	388
ENSG00000230470	0	0	0
ENSG00000232036	0	0	0
ENSG00000285847	2	2	0
ENSG00000286378	0	0	0
ENSG00000215381	0	0	0
ENSG00000261326	99	1	98
ENSG00000284726	8	8	0
ENSG00000125945	410	7	411
ENSG00000201405	0	0	0
ENSG00000271420	1	0	1
ENSG00000204219	315	0	315
ENSG00000232482	0	0	0
ENSG00000285779	0	0	0
ENSG00000162885	143	91	285
ENSG00000270780	0	0	0
ENSG00000232895	0	0	0
ENSG00000273698	0	0	0
ENSG00000273112	8	0	8
ENSG00000173110	1800	15	1785
ENSG00000224203	18	28	0
ENSG00000224515	1	1	0
ENSG00000225217	404	0	404
ENSG00000231586	0	2	0
ENSG00000234211	5	48	0
ENSG00000213075	5	5	0
ENSG00000143125	0	0	0
ENSG00000270380	0	0	0
ENSG00000282887	0	0	0
ENSG00000283999	0	0	0
ENSG00000240194	0	0	0
ENSG00000235407	0	0	0
ENSG00000143105	0	0	0
ENSG00000199710	0	0	0
ENSG00000237415	0	0	0
ENSG00000232791	0	0	0
ENSG00000177301	63	0	63
ENSG00000226828	3	3	0
ENSG00000279774	0	0	0
ENSG00000229960	0	0	0
ENSG00000286486	0	0	0
ENSG00000244066	0	0	0
ENSG00000237759	0	0	0
ENSG00000287531	0	0	0
ENSG00000225855	74	785	25
ENSG00000283701	0	0	0
ENSG00000207134	0	0	0
ENSG00000227773	0	0	0
ENSG00000207144	0	0	0
ENSG00000237872	1	1	0
ENSG00000271267	4	4	0
ENSG00000225082	1	0	1
ENSG00000223503	1	1	0
ENSG00000232519	0	0	0
ENSG00000160752	581	7	1292
ENSG00000121957	90	404	119
ENSG00000235089	0	0	0
ENSG00000285179	0	0	0
ENSG00000223026	0	0	0
ENSG00000225721	0	1973	8
ENSG00000188396	10	35	1
ENSG00000202167	0	0	0
ENSG00000207349	0	0	0
ENSG00000252826	0	0	0
ENSG00000206737	0	0	0
ENSG00000223779	3	0	3
ENSG00000242352	2	0	2
ENSG00000270962	0	0	0
ENSG00000263590	0	0	0
ENSG00000252105	0	0	0
ENSG00000233430	0	0	0
ENSG00000237503	0	0	0
ENSG00000265531	19	0	20
ENSG00000234571	2	3	0
ENSG00000230186	0	0	0
ENSG00000268074	0	0	0
ENSG00000270872	2	0	2
ENSG00000276674	0	0	0
ENSG00000082482	0	0	0
ENSG00000116747	1454	32	1726
ENSG00000118729	0	0	0
ENSG00000134207	2	0	2
ENSG00000163467	5	9	0
ENSG00000243710	2	1	2
ENSG00000117395	564	2	563
ENSG00000116874	211	13	224
ENSG00000065600	296	2	294
ENSG00000009780	323	0	323
ENSG00000023572	328	324	272
ENSG00000077254	2445	1	2444
ENSG00000134644	3395	0	3395
ENSG00000215788	969	0	1043
ENSG00000117834	11	2	10
ENSG00000117625	1569	1	1568
ENSG00000179902	0	0	0
ENSG00000020633	4186	4	4182
ENSG00000121766	393	1	631
ENSG00000143157	2097	4	2094
ENSG00000162614	95	1	95
ENSG00000160781	160	1	160
ENSG00000143344	134	0	134
ENSG00000162613	4191	9	4182
ENSG00000116882	0	0	0
ENSG00000198758	1	0	1
ENSG00000117569	443	0	443
ENSG00000142856	176	75	159
ENSG00000158022	0	0	0
ENSG00000116396	177	0	177
ENSG00000058668	6094	8	6086
ENSG00000163875	1709	1	1708
ENSG00000282872	0	0	0
ENSG00000131238	7381	6	7376
ENSG00000171680	65	0	65
ENSG00000244457	0	0	0
ENSG00000116977	2169	461	3562
ENSG00000229372	0	181	0
ENSG00000274975	0	0	0
ENSG00000229348	1	0	1
ENSG00000242485	698	28	802
ENSG00000264293	0	0	0
ENSG00000272455	36	0	36
ENSG00000225905	0	0	1
ENSG00000225285	0	0	0
ENSG00000179403	2	0	2
ENSG00000215915	18	0	18
ENSG00000236085	0	0	0
ENSG00000234441	0	0	0
ENSG00000227408	0	0	0
ENSG00000223635	0	0	0
ENSG00000135776	834	0	834
ENSG00000199672	0	0	0
ENSG00000201492	0	0	0
ENSG00000229367	0	0	0
ENSG00000135763	575	0	575
ENSG00000213028	0	0	0
ENSG00000225984	0	0	0
ENSG00000178828	0	0	0
ENSG00000235434	0	0	0
ENSG00000169914	433	3	430
ENSG00000188784	0	0	0
ENSG00000242688	0	0	0
ENSG00000177186	0	0	0
ENSG00000177174	0	0	0
ENSG00000269956	27	194	0
ENSG00000162456	0	0	0
ENSG00000079277	1054	1	1220
ENSG00000117407	0	0	0
ENSG00000237950	28	0	28
ENSG00000117408	652	1	651
ENSG00000285649	0	91	0
ENSG00000117410	2339	0	2339
ENSG00000159214	25	2	27
ENSG00000196517	5	3	6
ENSG00000227163	0	0	0
ENSG00000271647	0	0	0
ENSG00000239560	0	0	0
ENSG00000196539	0	0	0
ENSG00000229255	1	0	1
ENSG00000203661	0	0	0
ENSG00000271934	0	0	0
ENSG00000224521	1	0	1
ENSG00000227102	0	0	0
ENSG00000183310	0	0	0
ENSG00000201602	0	0	0
ENSG00000271701	0	0	0
ENSG00000189181	0	0	0
ENSG00000187238	0	0	0
ENSG00000185962	0	0	0
ENSG00000226947	0	0	0
ENSG00000285753	0	0	0
ENSG00000187223	0	0	0
ENSG00000159455	0	0	0
ENSG00000187173	0	0	0
ENSG00000204501	0	0	0
ENSG00000228229	0	0	0
ENSG00000204481	0	0	0
ENSG00000204479	0	0	0
ENSG00000172031	5	0	5
ENSG00000233228	0	0	0
ENSG00000224678	0	0	0
ENSG00000233401	0	0	0
ENSG00000273487	12	0	12
ENSG00000226773	0	0	0
ENSG00000274481	0	0	0
ENSG00000228594	46	0	46
ENSG00000286989	24	0	24
ENSG00000272106	57	1	58
ENSG00000189409	0	0	0
ENSG00000272004	2	403	3
ENSG00000189339	2749	14	3139
ENSG00000269737	45	45	0
ENSG00000215914	0	0	0
ENSG00000008128	22	0	22
ENSG00000268575	18	0	41
ENSG00000227775	99	125	0
ENSG00000008130	6588	6	6582
ENSG00000078369	10408	14	10394
ENSG00000178821	0	0	0
ENSG00000158477	77	1	76
ENSG00000230942	0	0	0
ENSG00000158481	580	0	580
ENSG00000158485	8	0	8
ENSG00000158488	17	0	17
ENSG00000186306	0	0	0
ENSG00000203758	0	0	0
ENSG00000236257	0	0	0
ENSG00000236656	0	0	0
ENSG00000198703	0	0	0
ENSG00000227445	0	0	0
ENSG00000231434	0	0	0
ENSG00000117505	3529	3	3543
ENSG00000229635	1	1	0
ENSG00000207379	0	0	0
ENSG00000212601	0	0	0
ENSG00000162889	3287	5	3282
ENSG00000224114	3	2	1
ENSG00000199349	0	0	0
ENSG00000162892	136	1688	3
ENSG00000162894	10526	6	12075
ENSG00000271680	59	59	0
ENSG00000226945	24	24	0
ENSG00000162896	5	0	5
ENSG00000162897	0	0	0
ENSG00000182795	19	0	19
ENSG00000198890	446	0	446
ENSG00000224550	0	0	0
ENSG00000142669	5906	6	8812
ENSG00000169442	4577	12	9271
ENSG00000225854	1	0	1
ENSG00000176083	310	0	310
ENSG00000229167	0	0	0
ENSG00000142910	0	0	0
ENSG00000162517	994	1	1146
ENSG00000235790	0	0	0
ENSG00000264078	0	0	0
ENSG00000241745	0	0	0
ENSG00000228407	0	0	0
ENSG00000223429	0	0	0
ENSG00000224255	0	0	0
ENSG00000236004	0	0	0
ENSG00000237663	0	0	0
ENSG00000213735	0	0	0
ENSG00000272100	3	177	1
ENSG00000287078	2	0	2
ENSG00000224680	1	0	1
ENSG00000085840	39	0	39
ENSG00000283445	0	0	0
ENSG00000272226	1	1	0
ENSG00000231740	0	0	0
ENSG00000143751	1307	3	1304
ENSG00000272562	12	0	13
ENSG00000163041	7376	6	7371
ENSG00000225518	1	0	1
ENSG00000270598	0	0	0
ENSG00000182827	1199	2	1402
ENSG00000234478	4	209	0
ENSG00000223570	0	0	0
ENSG00000185155	7	0	7
ENSG00000236773	0	0	0
ENSG00000143753	1659	1	1658
ENSG00000201898	0	0	0
ENSG00000237101	1	68	1
ENSG00000143748	658	1	726
ENSG00000221406	0	0	0
ENSG00000229742	0	0	0
ENSG00000206887	0	0	0
ENSG00000143771	641	0	641
ENSG00000266618	0	0	0
ENSG00000229991	0	0	0
ENSG00000233384	0	0	0
ENSG00000234247	0	0	0
ENSG00000183682	85	139	11
ENSG00000237624	1	0	1
ENSG00000228060	5	760	0
ENSG00000201457	0	0	0
ENSG00000163909	3	0	3
ENSG00000225903	0	0	0
ENSG00000116983	255	1	254
ENSG00000225333	0	0	0
ENSG00000252413	0	0	0
ENSG00000090621	2588	3	3340
ENSG00000236994	0	0	0
ENSG00000275406	0	0	0
ENSG00000270287	0	0	0
ENSG00000229965	0	0	0
ENSG00000223282	0	0	0
ENSG00000177770	0	0	0
ENSG00000287627	0	0	0
ENSG00000283933	0	0	0
ENSG00000143369	16	0	16
ENSG00000228126	2	0	2
ENSG00000237781	71	89	115
ENSG00000264553	6	6	0
ENSG00000277452	11	1	10
ENSG00000274963	9	0	9
ENSG00000253047	2	0	2
ENSG00000143420	2685	7	2678
ENSG00000276103	6	0	6
ENSG00000143457	768	1	767
ENSG00000143452	63	0	63
ENSG00000206931	0	0	0
ENSG00000236713	1	1	0
ENSG00000224690	1	1	0
ENSG00000203804	5	200	62
ENSG00000143384	40599	30	40569
ENSG00000154342	0	0	0
ENSG00000276255	0	0	0
ENSG00000284163	0	0	0
ENSG00000143793	215	16	199
ENSG00000162910	212	0	212
ENSG00000224566	2	0	2
ENSG00000287895	1	1	0
ENSG00000280157	8	0	8
ENSG00000227625	0	0	0
ENSG00000198835	24	0	24
ENSG00000203684	2	0	2
ENS