N_unmapped	374792	374792	374792
N_multimapping	4207757	4207757	4207757
N_noFeature	844044	16635500	929183
N_ambiguous	2434555	26657	671392
ENSG00000160072	164	0	164
ENSG00000234396	0	0	0
ENSG00000225972	2616	27	2589
ENSG00000224315	0	0	0
ENSG00000198744	1	0	1
ENSG00000279928	7	0	7
ENSG00000228037	21	2	19
ENSG00000142611	8	0	8
ENSG00000225630	520	4	516
ENSG00000284616	0	0	0
ENSG00000157911	55	362	91
ENSG00000269896	19	0	19
ENSG00000237973	867	45	9290
ENSG00000228463	13	0	19
ENSG00000260972	0	0	0
ENSG00000157933	1427	4	1423
ENSG00000224340	0	0	0
ENSG00000226545	0	0	0
ENSG00000268663	0	0	0
ENSG00000226374	0	0	0
ENSG00000229280	0	0	0
ENSG00000142655	181	36	181
ENSG00000232596	0	0	0
ENSG00000235054	0	0	0
ENSG00000232663	0	0	0
ENSG00000240409	0	0	0
ENSG00000229344	5	4	1
ENSG00000231510	0	0	0
ENSG00000149527	174	10	164
ENSG00000284739	0	0	0
ENSG00000171621	55	0	55
ENSG00000272235	0	0	0
ENSG00000284694	0	0	0
ENSG00000230021	4	6	4
ENSG00000287356	8	9	0
ENSG00000224387	2	2	0
ENSG00000285629	0	0	0
ENSG00000173673	0	0	0
ENSG00000142583	32	1	31
ENSG00000284674	0	0	0
ENSG00000272161	0	0	0
ENSG00000237094	170	0	170
ENSG00000224338	0	0	0
ENSG00000074800	7207	2	7205
ENSG00000116786	1207	0	1355
ENSG00000287727	1	1	0
ENSG00000228423	0	0	0
ENSG00000286448	0	6	0
ENSG00000131686	40	31	20
ENSG00000229305	0	0	0
ENSG00000284703	1	0	1
ENSG00000226457	0	0	0
ENSG00000173614	114	1	113
ENSG00000248527	3656	85	3571
ENSG00000215720	0	0	0
ENSG00000241326	0	0	0
ENSG00000233623	0	0	0
ENSG00000162592	0	36	0
ENSG00000116254	43	0	43
ENSG00000233645	0	0	0
ENSG00000204624	4	0	5
ENSG00000142606	4	53	11
ENSG00000235146	0	0	0
ENSG00000225931	12	0	12
ENSG00000171729	22	0	23
ENSG00000279457	70	0	70
ENSG00000162571	1	0	1
ENSG00000229393	0	0	0
ENSG00000037637	619	0	619
ENSG00000287586	29	0	29
ENSG00000159423	73	0	73
ENSG00000142599	3269	21	3252
ENSG00000227169	0	0	0
ENSG00000283356	0	0	0
ENSG00000011021	375	2	385
ENSG00000142615	1	1	0
ENSG00000215704	0	2	0
ENSG00000157916	1227	40	1585
ENSG00000157881	460	0	460
ENSG00000238290	1	1	0
ENSG00000225387	0	0	0
ENSG00000048707	1715	1	1714
ENSG00000158748	0	0	0
ENSG00000225196	0	0	0
ENSG00000162444	240	0	240
ENSG00000279625	0	0	0
ENSG00000180758	90	0	90
ENSG00000184677	1100	1	1099
ENSG00000230679	1	0	1
ENSG00000270136	0	0	0
ENSG00000288398	51	0	51
ENSG00000224621	0	0	0
ENSG00000285833	0	1	0
ENSG00000131697	147	0	147
ENSG00000284692	0	0	0
ENSG00000284745	0	0	0
ENSG00000280222	0	0	0
ENSG00000227634	0	0	0
ENSG00000285945	0	0	0
ENSG00000229162	3	0	3
ENSG00000197921	0	0	0
ENSG00000233755	0	0	1
ENSG00000233929	2	0	2
ENSG00000271742	0	0	0
ENSG00000226396	15	0	15
ENSG00000169504	232	0	232
ENSG00000234166	0	19	0
ENSG00000235282	0	0	0
ENSG00000055070	1245	2	1926
ENSG00000175087	147	1	146
ENSG00000157191	1502	1	1501
ENSG00000284699	0	0	0
ENSG00000230035	0	0	0
ENSG00000235185	0	0	0
ENSG00000225643	4	0	4
ENSG00000284666	0	0	0
ENSG00000228943	0	0	0
ENSG00000234397	0	0	0
ENSG00000284309	0	0	0
ENSG00000162511	16639	19	23913
ENSG00000158014	0	0	0
ENSG00000204138	428	0	428
ENSG00000233419	0	0	0
ENSG00000235263	0	0	0
ENSG00000228176	0	0	0
ENSG00000231251	0	0	0
ENSG00000142675	30	0	30
ENSG00000197245	0	0	0
ENSG00000261025	1	1	0
ENSG00000116237	393	1	416
ENSG00000130772	263	1	262
ENSG00000215899	0	0	0
ENSG00000271398	0	0	0
ENSG00000225011	0	0	0
ENSG00000235069	0	0	0
ENSG00000284676	0	0	0
ENSG00000237058	0	0	0
ENSG00000233399	0	0	0
ENSG00000090020	835	1	834
ENSG00000157978	2520	0	2520
ENSG00000226944	0	0	0
ENSG00000270282	0	0	0
ENSG00000130770	332	6	563
ENSG00000229044	0	133	0
ENSG00000162512	63	0	63
ENSG00000158006	486	2	484
ENSG00000214812	2	0	2
ENSG00000126698	1130	1	1129
ENSG00000229447	1	0	1
ENSG00000229607	0	0	0
ENSG00000130766	331	0	331
ENSG00000168528	27	0	27
ENSG00000196581	6	0	6
ENSG00000169403	6040	3	6037
ENSG00000084628	0	0	0
ENSG00000060688	458	1	457
ENSG00000171612	50	0	50
ENSG00000270927	0	0	0
ENSG00000188910	0	0	0
ENSG00000230523	0	0	0
ENSG00000116138	301	53	298
ENSG00000158161	557	6	552
ENSG00000142684	0	0	65
ENSG00000234619	0	0	0
ENSG00000121769	7	8	0
ENSG00000142627	26	0	26
ENSG00000284668	0	0	0
ENSG00000233234	0	0	0
ENSG00000142632	100	0	119
ENSG00000234593	0	0	0
ENSG00000158292	56	0	56
ENSG00000270605	25	2	25
ENSG00000189337	154	1	179
ENSG00000232912	35	0	39
ENSG00000235084	0	0	0
ENSG00000235143	0	0	0
ENSG00000225478	0	0	0
ENSG00000225077	0	22	0
ENSG00000028137	11397	4	11393
ENSG00000238249	0	0	0
ENSG00000204464	0	0	0
ENSG00000233372	1	0	1
ENSG00000283259	0	0	0
ENSG00000284543	4	0	4
ENSG00000130939	1113	0	1113
ENSG00000175147	0	27	0
ENSG00000127472	0	0	0
ENSG00000060656	1	0	1
ENSG00000163867	126	2	124
ENSG00000232768	0	0	0
ENSG00000230214	0	0	0
ENSG00000189280	3	3	0
ENSG00000134698	3272	1	3271
ENSG00000134690	24	1	23
ENSG00000272420	3	0	3
ENSG00000132881	30	0	30
ENSG00000273274	0	0	0
ENSG00000116251	1168	1	1167
ENSG00000272510	1	21	1
ENSG00000158286	12	3	12
ENSG00000236648	0	0	0
ENSG00000232273	1	1	0
ENSG00000009709	0	0	0
ENSG00000287396	0	0	0
ENSG00000223589	0	0	0
ENSG00000158008	0	0	0
ENSG00000130940	86	0	171
ENSG00000116771	99	1	127
ENSG00000237301	2	2	0
ENSG00000162585	282	92	292
ENSG00000163879	0	4	0
ENSG00000227527	1	1	0
ENSG00000116954	216	1	215
ENSG00000228589	2	0	2
ENSG00000163873	5	0	5
ENSG00000117215	5	0	5
ENSG00000196449	95	7	124
ENSG00000230163	0	16	1
ENSG00000227538	0	0	0
ENSG00000232208	10	0	10
ENSG00000236500	0	0	0
ENSG00000044012	0	0	0
ENSG00000179051	1182	3	1424
ENSG00000215895	0	0	0
ENSG00000231868	0	12	0
ENSG00000284650	0	0	0
ENSG00000237329	0	0	0
ENSG00000236948	1	0	1
ENSG00000126067	707	0	707
ENSG00000274944	0	0	0
ENSG00000132906	282	0	284
ENSG00000197312	540	1	539
ENSG00000284748	0	0	0
ENSG00000272078	6	91	0
ENSG00000173660	769	0	769
ENSG00000224592	0	0	0
ENSG00000233728	0	10	0
ENSG00000230451	0	0	0
ENSG00000231606	0	0	0
ENSG00000215900	0	0	0
ENSG00000284632	0	0	0
ENSG00000241014	12	0	12
ENSG00000054118	3052	9	3043
ENSG00000254553	0	0	0
ENSG00000284653	0	0	0
ENSG00000237749	0	0	0
ENSG00000276747	12	0	12
ENSG00000284705	0	0	0
ENSG00000228776	0	0	0
ENSG00000159339	1146	2	1144
ENSG00000223814	0	0	0
ENSG00000197982	90	30	96
ENSG00000261781	0	0	0
ENSG00000183317	2	0	2
ENSG00000183386	668	0	668
ENSG00000284743	0	0	0
ENSG00000158315	1	5	0
ENSG00000204084	450	1	523
ENSG00000186973	0	0	0
ENSG00000271806	3	20	2
ENSG00000146463	576	2	644
ENSG00000279214	0	0	0
ENSG00000183520	214	0	214
ENSG00000271741	0	0	0
ENSG00000214141	0	0	0
ENSG00000142686	173	1	172
ENSG00000224751	0	0	0
ENSG00000279096	0	0	0
ENSG00000117148	0	0	0
ENSG00000230585	1	2	0
ENSG00000117000	577	0	577
ENSG00000284989	0	0	0
ENSG00000231630	0	0	0
ENSG00000092853	28	0	29
ENSG00000255811	0	0	0
ENSG00000134697	471	0	475
ENSG00000187513	5	1	4
ENSG00000238145	0	0	0
ENSG00000225142	0	0	0
ENSG00000230138	15	0	15
ENSG00000223390	0	17	0
ENSG00000285823	0	1	0
ENSG00000284720	0	0	0
ENSG00000225028	0	0	0
ENSG00000225671	0	0	0
ENSG00000116151	31	1	31
ENSG00000226147	0	0	0
ENSG00000182873	44	33	14
ENSG00000006555	155	0	155
ENSG00000236111	0	0	0
ENSG00000066056	17	1	16
ENSG00000214114	199	4	195
ENSG00000173436	64	6	64
ENSG00000116544	26	1	25
ENSG00000231900	0	0	0
ENSG00000236723	0	151	4
ENSG00000232467	0	0	0
ENSG00000117016	89	0	89
ENSG00000121310	477	0	477
ENSG00000169213	2	0	2
ENSG00000163866	459	1	475
ENSG00000225779	0	0	0
ENSG00000284601	0	0	0
ENSG00000237130	0	0	0
ENSG00000143001	0	0	0
ENSG00000229716	0	0	0
ENSG00000226133	0	0	0
ENSG00000227416	0	0	0
ENSG00000232335	0	1	0
ENSG00000260971	0	0	0
ENSG00000259832	0	0	0
ENSG00000284696	0	0	0
ENSG00000238242	1	1	0
ENSG00000285839	0	0	0
ENSG00000237290	0	0	0
ENSG00000232762	0	0	0
ENSG00000117419	227	0	227
ENSG00000162384	349	12	360
ENSG00000162391	0	4	0
ENSG00000174348	18	0	25
ENSG00000154198	0	0	0
ENSG00000117859	936	34	916
ENSG00000228121	0	0	0
ENSG00000253313	1	0	1
ENSG00000162396	57	0	57
ENSG00000203995	2	0	2
ENSG00000227742	2	2	0
ENSG00000284686	0	0	0
ENSG00000162378	468	0	468
ENSG00000233079	0	0	0
ENSG00000259818	0	0	0
ENSG00000229444	0	0	0
ENSG00000240563	9	0	9
ENSG00000234318	0	0	0
ENSG00000284773	12	0	12
ENSG00000234481	0	0	0
ENSG00000117862	100	0	100
ENSG00000235612	0	0	0
ENSG00000228369	1	1	0
ENSG00000183431	1178	1	1177
ENSG00000227485	0	0	0
ENSG00000224609	1	0	1
ENSG00000235545	0	0	0
ENSG00000236646	0	0	0
ENSG00000169174	0	0	0
ENSG00000232198	0	0	0
ENSG00000238063	1	1	0
ENSG00000227104	0	0	0
ENSG00000243725	10	0	10
ENSG00000171872	0	0	0
ENSG00000162407	22	0	22
ENSG00000285079	0	0	0
ENSG00000169218	0	0	0
ENSG00000163877	389	2	387
ENSG00000228929	7	1	6
ENSG00000224570	0	0	0
ENSG00000224980	0	0	0
ENSG00000278967	0	0	0
ENSG00000157184	105	18	265
ENSG00000272491	0	0	0
ENSG00000198815	1029	8	1021
ENSG00000134744	1007	4	1006
ENSG00000233910	0	0	0
ENSG00000287703	0	0	0
ENSG00000283039	0	0	0
ENSG00000229032	0	0	0
ENSG00000229294	0	0	0
ENSG00000232993	0	7	0
ENSG00000234088	0	0	0
ENSG00000236973	0	0	0
ENSG00000227947	0	0	0
ENSG00000277397	0	0	0
ENSG00000271200	1	0	1
ENSG00000235446	0	0	0
ENSG00000261196	0	0	0
ENSG00000162385	338	3	335
ENSG00000231413	0	0	0
ENSG00000234264	0	0	0
ENSG00000242391	0	0	0
ENSG00000223883	0	0	0
ENSG00000284808	0	0	0
ENSG00000242267	0	0	0
ENSG00000237227	0	0	0
ENSG00000275350	0	0	0
ENSG00000116652	2	0	4
ENSG00000123080	75	1	74
ENSG00000285778	0	0	0
ENSG00000077549	5004	1	5009
ENSG00000233407	0	0	0
ENSG00000225675	2	0	3
ENSG00000237622	0	0	0
ENSG00000162598	2	0	2
ENSG00000280317	0	0	0
ENSG00000162415	19	0	19
ENSG00000162600	183	0	183
ENSG00000116704	412	0	412
ENSG00000227644	0	0	0
ENSG00000157193	95	3	116
ENSG00000116205	348	2	351
ENSG00000198841	43	0	43
ENSG00000116212	109	0	109
ENSG00000234204	0	0	0
ENSG00000233099	0	0	0
ENSG00000233994	0	0	0
ENSG00000237180	0	0	0
ENSG00000213561	0	0	0
ENSG00000233973	0	0	0
ENSG00000237552	0	0	0
ENSG00000132854	1	0	1
ENSG00000227556	0	0	0
ENSG00000162616	61	0	61
ENSG00000162607	639	2	637
ENSG00000233602	3	0	3
ENSG00000233271	0	0	0
ENSG00000285954	9	9	0
ENSG00000233333	0	0	0
ENSG00000154027	194	2	194
ENSG00000234108	0	0	0
ENSG00000232676	0	0	0
ENSG00000225167	0	0	0
ENSG00000132122	51	0	51
ENSG00000213579	0	0	0
ENSG00000137960	3	0	3
ENSG00000237852	0	0	0
ENSG00000116745	0	0	0
ENSG00000132855	0	0	0
ENSG00000285407	0	0	0
ENSG00000272855	0	0	0
ENSG00000270549	1	1	0
ENSG00000237163	0	0	0
ENSG00000229636	0	0	0
ENSG00000116675	17	0	17
ENSG00000162433	10	0	10
ENSG00000213625	573	0	573
ENSG00000227207	0	0	0
ENSG00000227016	0	0	0
ENSG00000233664	0	0	0
ENSG00000158966	89	0	89
ENSG00000213703	0	0	0
ENSG00000203965	36	0	37
ENSG00000223479	0	0	0
ENSG00000233674	0	0	0
ENSG00000153898	141	0	141
ENSG00000117069	0	0	0
ENSG00000125703	156	0	156
ENSG00000285041	0	0	0
ENSG00000285808	0	0	0
ENSG00000229440	0	0	0
ENSG00000234144	0	0	0
ENSG00000213540	0	0	0
ENSG00000277670	0	0	0
ENSG00000227466	0	0	0
ENSG00000154007	0	0	0
ENSG00000230498	0	0	0
ENSG00000285782	0	0	0
ENSG00000162618	0	0	0
ENSG00000224493	0	0	0
ENSG00000131233	1	1	0
ENSG00000272371	0	0	0
ENSG00000287647	1	3	0
ENSG00000229225	0	0	0
ENSG00000230863	0	0	0
ENSG00000213560	0	0	0
ENSG00000287224	0	0	0
ENSG00000225598	0	0	0
ENSG00000286455	0	0	0
ENSG00000225087	0	0	0
ENSG00000224986	0	0	0
ENSG00000280378	3	0	3
ENSG00000188786	882	0	882
ENSG00000230053	0	0	0
ENSG00000137941	3	0	3
ENSG00000273338	1	0	1
ENSG00000223720	0	0	0
ENSG00000224326	0	0	0
ENSG00000286548	3	1	2
ENSG00000066135	275	3	382
ENSG00000230027	0	0	0
ENSG00000233061	0	0	0
ENSG00000272094	0	0	0
ENSG00000228853	0	0	0
ENSG00000215874	0	0	0
ENSG00000232453	6	0	6
ENSG00000260386	0	0	0
ENSG00000284895	0	0	0
ENSG00000117174	250	1	249
ENSG00000237413	0	0	0
ENSG00000184313	0	0	0
ENSG00000284645	0	0	0
ENSG00000225605	0	0	0
ENSG00000225446	0	0	0
ENSG00000288543	0	0	0
ENSG00000122420	1	0	1
ENSG00000284240	0	0	0
ENSG00000236290	0	0	0
ENSG00000143013	379	0	379
ENSG00000226084	15	0	15
ENSG00000134748	1048	2	1048
ENSG00000142892	340	2	338
ENSG00000219102	4	0	4
ENSG00000184005	31	0	31
ENSG00000230953	14	14	0
ENSG00000287743	1	1	0
ENSG00000229332	0	0	0
ENSG00000227937	0	0	0
ENSG00000229752	0	0	0
ENSG00000237505	3	0	3
ENSG00000285462	0	0	0
ENSG00000233216	1	0	1
ENSG00000197273	0	0	0
ENSG00000226804	0	0	0
ENSG00000285325	0	0	0
ENSG00000230728	0	0	0
ENSG00000162402	2353	1	2352
ENSG00000232846	0	0	0
ENSG00000219201	1	0	1
ENSG00000230787	0	0	0
ENSG00000116641	119	1	118
ENSG00000235927	2	2	3
ENSG00000223920	0	0	0
ENSG00000237453	4	4	0
ENSG00000172260	7	0	7
ENSG00000285473	0	0	0
ENSG00000237959	0	0	0
ENSG00000231364	0	0	0
ENSG00000234578	0	1	0
ENSG00000117480	108	1	107
ENSG00000137944	269	2	267
ENSG00000229505	0	0	0
ENSG00000228187	0	0	0
ENSG00000285201	0	0	0
ENSG00000182183	131	1	131
ENSG00000236407	0	0	0
ENSG00000271949	0	0	0
ENSG00000227062	0	0	0
ENSG00000067334	727	5	722
ENSG00000235011	0	0	0
ENSG00000235673	0	0	0
ENSG00000226938	0	0	0
ENSG00000213559	0	0	0
ENSG00000287587	0	0	0
ENSG00000142949	15	0	15
ENSG00000116133	150	21	151
ENSG00000232882	0	0	0
ENSG00000171502	12	0	12
ENSG00000162399	1	1	0
ENSG00000116157	103	0	103
ENSG00000143036	5	0	5
ENSG00000232672	0	0	0
ENSG00000230817	1	1	0
ENSG00000235613	0	0	0
ENSG00000065243	1082	2	1080
ENSG00000226759	0	0	0
ENSG00000226960	0	0	0
ENSG00000234080	0	0	0
ENSG00000237899	1	0	1
ENSG00000225492	1	0	1
ENSG00000223905	0	0	0
ENSG00000227290	1	1	0
ENSG00000229486	0	0	0
ENSG00000282898	0	0	0
ENSG00000285409	0	0	0
ENSG00000231090	0	0	0
ENSG00000117528	350	0	350
ENSG00000271723	0	0	0
ENSG00000172339	33	0	33
ENSG00000036549	509	1	508
ENSG00000287724	0	14	0
ENSG00000058799	460	0	460
ENSG00000225191	0	0	0
ENSG00000287870	0	0	0
ENSG00000235563	0	0	0
ENSG00000232048	0	0	0
ENSG00000232857	0	0	0
ENSG00000273637	0	0	0
ENSG00000203985	0	0	0
ENSG00000228838	0	6	0
ENSG00000283761	0	0	0
ENSG00000189433	0	0	0
ENSG00000230759	0	0	0
ENSG00000231866	0	0	0
ENSG00000179178	0	0	0
ENSG00000142700	0	0	0
ENSG00000285525	0	0	0
ENSG00000236098	0	0	0
ENSG00000233514	1	0	1
ENSG00000127124	384	2	382
ENSG00000266993	4	19	8
ENSG00000223675	0	0	0
ENSG00000162604	164	0	164
ENSG00000229316	0	0	0
ENSG00000116171	956	0	959
ENSG00000287406	0	0	0
ENSG00000225767	0	0	0
ENSG00000234099	1	1	0
ENSG00000137936	14	2	20
ENSG00000235308	2	2	0
ENSG00000232752	0	0	0
ENSG00000235829	0	0	0
ENSG00000143032	0	0	0
ENSG00000226745	0	0	0
ENSG00000178028	607	1	606
ENSG00000280040	0	0	0
ENSG00000168710	1115	2	1113
ENSG00000117519	21	0	21
ENSG00000270507	0	0	0
ENSG00000238037	0	0	0
ENSG00000215869	1	0	1
ENSG00000134215	743	1	742
ENSG00000227935	0	0	0
ENSG00000229887	0	0	0
ENSG00000228502	4	0	4
ENSG00000236268	0	0	0
ENSG00000271277	0	0	0
ENSG00000236888	0	0	0
ENSG00000279778	0	0	0
ENSG00000232015	0	0	0
ENSG00000230955	0	74	0
ENSG00000230828	0	0	0
ENSG00000188641	1918	1	2101
ENSG00000152078	11	0	11
ENSG00000237279	0	0	0
ENSG00000233359	0	0	0
ENSG00000237954	0	0	0
ENSG00000185668	1	0	1
ENSG00000171492	557	2	555
ENSG00000233129	1	1	0
ENSG00000170989	2712	1	2711
ENSG00000258634	103	0	140
ENSG00000233557	0	0	0
ENSG00000237897	0	0	0
ENSG00000116299	1151	2	1151
ENSG00000137962	7	0	7
ENSG00000227832	0	0	0
ENSG00000286692	0	0	0
ENSG00000260464	8	0	8
ENSG00000237435	0	0	0
ENSG00000231996	0	0	0
ENSG00000273204	1	2	0
ENSG00000079739	378	4	411
ENSG00000117154	0	0	0
ENSG00000162377	123	5	118
ENSG00000224613	0	0	0
ENSG00000215871	0	0	0
ENSG00000287372	0	0	0
ENSG00000232542	0	0	0
ENSG00000231095	0	0	0
ENSG00000116774	2	0	2
ENSG00000287756	0	0	0
ENSG00000269113	0	0	0
ENSG00000284652	0	0	0
ENSG00000023909	187	0	187
ENSG00000069702	808	0	808
ENSG00000232185	0	0	0
ENSG00000230489	1	0	1
ENSG00000228399	1	0	1
ENSG00000236776	0	0	0
ENSG00000285928	0	0	0
ENSG00000224685	0	0	0
ENSG00000287076	0	0	0
ENSG00000237480	0	0	0
ENSG00000271252	0	0	0
ENSG00000230427	0	0	0
ENSG00000235794	0	0	0
ENSG00000286758	0	0	0
ENSG00000237337	0	0	0
ENSG00000233983	0	0	0
ENSG00000198198	1349	71	1538
ENSG00000225183	1	0	1
ENSG00000230402	0	0	0
ENSG00000116793	243	0	243
ENSG00000134201	3	0	3
ENSG00000238122	0	0	0
ENSG00000260879	0	27	0
ENSG00000213366	262	0	262
ENSG00000230864	0	0	0
ENSG00000283354	0	0	0
ENSG00000232918	0	0	0
ENSG00000236360	0	3	0
ENSG00000183298	0	0	14
ENSG00000234332	5	0	5
ENSG00000117525	0	0	0
ENSG00000225079	42	1	41
ENSG00000226483	0	0	0
ENSG00000224238	0	0	0
ENSG00000229537	0	0	0
ENSG00000162699	0	0	0
ENSG00000162692	5	0	5
ENSG00000203914	0	0	0
ENSG00000270457	0	0	0
ENSG00000203858	0	0	0
ENSG00000231987	0	0	0
ENSG00000228057	0	0	0
ENSG00000261593	0	0	0
ENSG00000224445	0	0	0
ENSG00000229842	0	0	0
ENSG00000270631	0	0	0
ENSG00000229201	0	0	0
ENSG00000181656	6	5	1
ENSG00000122481	26	0	26
ENSG00000198162	615	0	615
ENSG00000238198	5	0	5
ENSG00000171517	3	0	3
ENSG00000228852	6	6	0
ENSG00000203864	0	0	0
ENSG00000233482	0	0	0
ENSG00000230250	0	0	0
ENSG00000232878	4	188	0
ENSG00000143079	44	0	44
ENSG00000232450	2	0	2
ENSG00000223575	0	0	0
ENSG00000230768	0	0	0
ENSG00000235202	0	0	0
ENSG00000272715	0	0	0
ENSG00000235038	0	0	0
ENSG00000143093	739	2	737
ENSG00000226415	5	0	5
ENSG00000085491	253	2	280
ENSG00000173947	2	0	2
ENSG00000241361	1	0	1
ENSG00000230434	0	0	0
ENSG00000230718	0	0	0
ENSG00000134198	439	2	437
ENSG00000235595	0	0	0
ENSG00000226053	0	0	0
ENSG00000226128	0	0	0
ENSG00000198799	373	1	413
ENSG00000279513	0	0	0
ENSG00000117620	105	3	105
ENSG00000280186	1	0	1
ENSG00000223906	0	0	0
ENSG00000162688	394	0	394
ENSG00000197106	0	0	0
ENSG00000259946	0	0	0
ENSG00000236137	3	55	4
ENSG00000203859	0	0	0
ENSG00000228086	0	69	0
ENSG00000213421	0	0	0
ENSG00000234020	0	0	0
ENSG00000060718	0	0	0
ENSG00000236804	0	0	0
ENSG00000231072	0	0	0
ENSG00000273406	0	0	0
ENSG00000185946	352	0	352
ENSG00000162627	22	0	22
ENSG00000226715	0	14	0
ENSG00000162695	306	0	306
ENSG00000134184	109	0	161
ENSG00000265808	652	1	651
ENSG00000261290	0	0	0
ENSG00000225923	0	0	0
ENSG00000134247	41	0	41
ENSG00000187481	0	0	0
ENSG00000116752	280	0	280
ENSG00000162664	169	0	169
ENSG00000236866	0	0	0
ENSG00000134253	4	0	4
ENSG00000277655	0	0	0
ENSG00000223416	0	0	0
ENSG00000213226	0	0	0
ENSG00000179571	1	0	1
ENSG00000227850	0	0	0
ENSG00000243967	0	0	0
ENSG00000235777	0	0	0
ENSG00000260246	0	52	0
ENSG00000173218	130	0	130
ENSG00000285532	0	0	0
ENSG00000226755	0	0	0
ENSG00000232650	0	0	0
ENSG00000183508	896	2	894
ENSG00000277095	0	0	0
ENSG00000236806	0	0	0
ENSG00000234283	0	0	0
ENSG00000237188	1	0	1
ENSG00000232780	0	0	0
ENSG00000274927	0	0	0
ENSG00000264145	0	0	0
ENSG00000238256	0	0	0
ENSG00000198765	0	0	0
ENSG00000224335	0	0	0
ENSG00000277702	0	0	0
ENSG00000143398	669	0	669
ENSG00000196505	292	0	292
ENSG00000225871	17	43	0
ENSG00000223489	0	0	0
ENSG00000230546	0	0	0
ENSG00000213262	0	0	0
ENSG00000287015	0	0	0
ENSG00000241720	0	25	0
ENSG00000235526	0	0	0
ENSG00000228347	0	0	0
ENSG00000276975	1	0	1
ENSG00000236012	0	0	0
ENSG00000270911	1	1	0
ENSG00000272824	14	0	14
ENSG00000134200	0	0	0
ENSG00000234257	0	0	0
ENSG00000065183	451	0	480
ENSG00000227082	2	0	2
ENSG00000228626	0	0	0
ENSG00000226126	0	0	0
ENSG00000163393	296	2	294
ENSG00000163156	482	8	481
ENSG00000143631	1	1	0
ENSG00000156150	0	37	0
ENSG00000228453	0	0	0
ENSG00000274642	1	0	1
ENSG00000177551	0	0	0
ENSG00000197323	914	1	913
ENSG00000237975	0	0	0
ENSG00000261168	2	0	2
ENSG00000287980	0	0	0
ENSG00000229283	0	0	0
ENSG00000271419	0	0	0
ENSG00000226172	0	0	0
ENSG00000079335	466	7	528
ENSG00000143119	10143	5	10138
ENSG00000237278	0	41	0
ENSG00000285062	0	0	0
ENSG00000233432	0	0	0
ENSG00000227700	0	0	0
ENSG00000229911	0	0	0
ENSG00000143520	0	0	0
ENSG00000171943	64	0	64
ENSG00000270719	0	0	0
ENSG00000155761	2	29	2
ENSG00000230806	0	0	0
ENSG00000116830	268	0	268
ENSG00000234422	0	0	0
ENSG00000227056	0	0	0
ENSG00000143614	1292	2	1290
ENSG00000227091	0	0	0
ENSG00000169418	5	0	5
ENSG00000214204	0	0	0
ENSG00000081026	37	3	34
ENSG00000225650	0	0	0
ENSG00000227179	0	0	0
ENSG00000224965	1	0	1
ENSG00000228127	0	0	0
ENSG00000226984	0	0	0
ENSG00000186150	0	0	0
ENSG00000143554	464	3	461
ENSG00000143458	430	3	427
ENSG00000230932	0	0	0
ENSG00000073754	0	0	0
ENSG00000228826	0	0	0
ENSG00000233907	0	0	0
ENSG00000225036	0	0	0
ENSG00000228420	0	0	0
ENSG00000233839	0	0	0
ENSG00000250890	0	0	0
ENSG00000232240	0	0	0
ENSG00000280649	38	10	50
ENSG00000131781	85	21	75
ENSG00000223599	0	0	0
ENSG00000230921	0	0	0
ENSG00000286151	11	0	11
ENSG00000234388	0	0	0
ENSG00000235015	0	0	0
ENSG00000271736	59	0	59
ENSG00000235988	1	0	1
ENSG00000233717	0	0	0
ENSG00000231551	54	18	37
ENSG00000227295	4	0	4
ENSG00000163155	47	23	29
ENSG00000243613	0	88	1
ENSG00000241975	12	0	12
ENSG00000271143	0	0	0
ENSG00000270976	0	0	0
ENSG00000228217	0	0	0
ENSG00000270342	0	0	0
ENSG00000143552	2	2	0
ENSG00000175984	22	0	22
ENSG00000231100	0	0	0
ENSG00000116824	2117	1	2116
ENSG00000235887	0	0	0
ENSG00000237460	0	0	0
ENSG00000236327	0	0	0
ENSG00000223804	38	9	29
ENSG00000236887	0	0	0
ENSG00000024526	0	0	0
ENSG00000236480	0	0	0
ENSG00000235756	0	0	0
ENSG00000173810	0	0	0
ENSG00000235005	0	0	0
ENSG00000271890	0	0	0
ENSG00000238107	0	0	0
ENSG00000227425	0	0	0
ENSG00000233222	0	17	1
ENSG00000225279	0	0	0
ENSG00000229101	0	0	0
ENSG00000224927	0	0	0
ENSG00000239216	0	0	0
ENSG00000283360	1	1	0
ENSG00000117262	43	0	43
ENSG00000227907	1	1	0
ENSG00000143624	1406	7	1579
ENSG00000227970	0	0	0
ENSG00000261055	3	0	3
ENSG00000231613	0	0	0
ENSG00000137947	646	1	645
ENSG00000236689	0	0	0
ENSG00000233589	0	0	0
ENSG00000117586	71	0	71
ENSG00000230946	0	0	0
ENSG00000226028	0	0	0
ENSG00000162728	0	0	0
ENSG00000229021	1	0	1
ENSG00000203825	0	0	0
ENSG00000184371	138	1	137
ENSG00000233449	0	0	0
ENSG00000242943	0	0	0
ENSG00000233203	1	0	1
ENSG00000232499	0	0	0
ENSG00000232265	0	0	0
ENSG00000163154	878	0	881
ENSG00000232995	14	0	14
ENSG00000236957	0	0	0
ENSG00000238087	0	0	0
ENSG00000227777	0	0	0
ENSG00000177173	5	0	5
ENSG00000277406	54	1	53
ENSG00000238022	0	0	0
ENSG00000231671	2	0	2
ENSG00000162729	521	0	521
ENSG00000143158	196	18	327
ENSG00000271092	0	0	0
ENSG00000238118	0	0	0
ENSG00000276118	0	0	0
ENSG00000232148	0	0	0
ENSG00000278811	1	32	0
ENSG00000000460	54	109	64
ENSG00000188859	1	0	1
ENSG00000275075	0	0	0
ENSG00000135862	89	0	89
ENSG00000232952	0	0	0
ENSG00000158473	557	0	557
ENSG00000227722	0	0	0
ENSG00000285922	0	0	0
ENSG00000275801	3	0	3
ENSG00000143198	338	0	338
ENSG00000143318	13	2	11
ENSG00000232188	0	0	0
ENSG00000232212	0	0	0
ENSG00000143621	1236	11	1228
ENSG00000241042	0	0	0
ENSG00000143155	406	0	406
ENSG00000260322	0	0	0
ENSG00000223495	0	0	0
ENSG00000143156	46	3	58
ENSG00000198771	4132	18	4255
ENSG00000225462	0	0	0
ENSG00000237756	1	1	0
ENSG00000116147	3	0	4
ENSG00000213064	1099	0	1193
ENSG00000203307	0	0	0
ENSG00000143179	150	0	185
ENSG00000271187	0	0	0
ENSG00000274562	0	0	0
ENSG00000143315	193	0	193
ENSG00000116199	507	2	505
ENSG00000231175	0	0	0
ENSG00000143185	46	1	45
ENSG00000235145	0	0	0
ENSG00000116260	1301	2	1299
ENSG00000272931	9	0	9
ENSG00000143190	445	2	487
ENSG00000225475	0	0	0
ENSG00000230898	0	0	0
ENSG00000232223	0	0	0
ENSG00000224698	0	0	0
ENSG00000287697	2	3	3
ENSG00000075945	282	0	303
ENSG00000235303	0	0	0
ENSG00000234810	2	0	2
ENSG00000232750	1	1	0
ENSG00000224468	0	0	0
ENSG00000235628	0	0	0
ENSG00000232551	0	0	0
ENSG00000092607	0	0	0
ENSG00000238270	0	0	0
ENSG00000285894	0	0	0
ENSG00000236025	0	0	0
ENSG00000230687	0	0	0
ENSG00000230704	0	0	0
ENSG00000283255	0	0	0
ENSG00000227741	7	65	7
ENSG00000237049	0	0	0
ENSG00000286754	0	0	0
ENSG00000232751	0	0	0
ENSG00000236364	2	35	0
ENSG00000117091	1650	9	4004
ENSG00000235378	0	0	0
ENSG00000143171	0	0	0
ENSG00000275767	0	0	0
ENSG00000224718	0	0	0
ENSG00000047410	3901	11	4007
ENSG00000231992	0	0	0
ENSG00000018625	2	0	2
ENSG00000171806	98	0	107
ENSG00000287919	1	0	1
ENSG00000229914	1	0	1
ENSG00000233882	0	0	0
ENSG00000198358	0	0	0
ENSG00000229407	0	0	0
ENSG00000134216	0	0	0
ENSG00000230748	0	0	0
ENSG00000254154	0	0	0
ENSG00000162694	40	0	41
ENSG00000238108	0	0	0
ENSG00000214262	0	94	0
ENSG00000183853	0	0	0
ENSG00000215835	6	0	6
ENSG00000118197	366	0	366
ENSG00000135842	7637	14	7623
ENSG00000229258	0	0	0
ENSG00000287472	0	0	0
ENSG00000241318	0	0	0
ENSG00000228238	1	0	1
ENSG00000232393	0	0	0
ENSG00000121454	27	82	0
ENSG00000184155	0	0	0
ENSG00000058085	0	0	0
ENSG00000260088	0	0	0
ENSG00000287978	58	0	58
ENSG00000116815	290	0	290
ENSG00000232917	0	0	0
ENSG00000233057	0	0	0
ENSG00000237131	0	0	0
ENSG00000233946	0	0	0
ENSG00000143167	268	1	267
ENSG00000143184	122	1	121
ENSG00000231966	2	0	2
ENSG00000176320	0	0	0
ENSG00000260976	0	0	0
ENSG00000235215	0	0	0
ENSG00000223450	0	0	0
ENSG00000224691	0	0	0
ENSG00000286572	0	0	0
ENSG00000235101	0	0	0
ENSG00000228215	2	0	2
ENSG00000177807	1	1	0
ENSG00000233626	1	1	0
ENSG00000233691	1	1	0
ENSG00000283518	0	0	0
ENSG00000271527	0	0	0
ENSG00000143228	20	0	20
ENSG00000235827	0	0	0
ENSG00000231615	1	0	1
ENSG00000231714	0	0	0
ENSG00000174514	12	3	17
ENSG00000143178	58	0	58
ENSG00000224837	0	0	0
ENSG00000116833	1	0	1
ENSG00000227740	6	0	6
ENSG00000260990	0	1	0
ENSG00000000457	303	22	391
ENSG00000143507	79	0	79
ENSG00000285638	0	0	0
ENSG00000226520	0	0	0
ENSG00000284592	0	0	0
ENSG00000230987	0	0	0
ENSG00000232527	0	0	0
ENSG00000215833	0	0	0
ENSG00000228167	0	0	0
ENSG00000225325	0	0	0
ENSG00000223344	0	0	0
ENSG00000228191	0	0	0
ENSG00000229961	32	1	31
ENSG00000150732	0	0	0
ENSG00000157064	5	0	5
ENSG00000288139	0	0	0
ENSG00000226015	12	1	11
ENSG00000215808	0	0	0
ENSG00000059588	515	1	514
ENSG00000231512	0	0	0
ENSG00000237379	0	0	0
ENSG00000232959	0	21	0
ENSG00000122224	901	11	890
ENSG00000162782	0	0	0
ENSG00000238051	0	0	0
ENSG00000233196	0	0	0
ENSG00000229220	0	0	0
ENSG00000143653	137	0	137
ENSG00000135837	1695	3	1692
ENSG00000158711	1018	8	1018
ENSG00000227747	0	0	0
ENSG00000228081	0	0	0
ENSG00000228020	0	0	0
ENSG00000234975	19	0	19
ENSG00000162851	105	0	105
ENSG00000271427	0	0	0
ENSG00000261817	0	0	0
ENSG00000143353	107	0	135
ENSG00000197965	1879	4	1875
ENSG00000143493	206	0	206
ENSG00000230777	1	1	0
ENSG00000179397	4	0	4
ENSG00000224540	0	0	0
ENSG00000117592	2254	3	2251
ENSG00000186197	31	0	31
ENSG00000229067	0	0	0
ENSG00000230231	1	2	0
ENSG00000227711	0	0	0
ENSG00000261182	0	0	0
ENSG00000228879	0	0	0
ENSG00000227925	0	0	0
ENSG00000162670	0	0	0
ENSG00000225712	0	0	0
ENSG00000162761	0	0	0
ENSG00000143199	5	5	0
ENSG00000179930	0	0	0
ENSG00000007908	1	1	0
ENSG00000092978	115	0	115
ENSG00000143499	248	1	247
ENSG00000188404	18869	20	18849
ENSG00000227735	0	0	0
ENSG00000243062	0	0	0
ENSG00000143196	0	0	0
ENSG00000228504	0	0	0
ENSG00000274702	0	0	0
ENSG00000226211	0	0	0
ENSG00000236942	0	0	0
ENSG00000287205	0	0	0
ENSG00000203697	3	0	3
ENSG00000116574	246	0	246
ENSG00000287929	0	0	0
ENSG00000186283	461	1	460
ENSG00000224896	0	0	0
ENSG00000226292	0	0	0
ENSG00000121481	245	0	246
ENSG00000227940	0	0	0
ENSG00000117139	813	1	812
ENSG00000143248	13	0	13
ENSG00000278455	0	0	0
ENSG00000224810	0	0	0
ENSG00000162814	1	0	1
ENSG00000225172	0	0	0
ENSG00000261642	0	0	0
ENSG00000228239	0	0	0
ENSG00000237283	0	0	0
ENSG00000116132	0	0	0
ENSG00000238042	2	0	2
ENSG00000271475	0	0	0
ENSG00000231877	0	0	0
ENSG00000116679	3433	5	3428
ENSG00000228536	0	0	0
ENSG00000230550	0	1	0
ENSG00000229242	0	0	0
ENSG00000253326	1	0	1
ENSG00000228470	1	1	0
ENSG00000152092	0	0	0
ENSG00000234984	0	0	0
ENSG00000231648	0	0	0
ENSG00000229983	0	0	0
ENSG00000215149	0	0	0
ENSG00000225122	0	0	0
ENSG00000225920	5	5	0
ENSG00000143476	9	0	9
ENSG00000121486	405	2	403
ENSG00000228437	0	0	0
ENSG00000214837	19	0	19
ENSG00000057252	1165	2	1163
ENSG00000225982	0	0	0
ENSG00000285718	0	0	0
ENSG00000234070	0	0	0
ENSG00000233620	0	0	0
ENSG00000237783	0	0	0
ENSG00000272906	7	7	18
ENSG00000233018	0	0	0
ENSG00000123685	24	0	24
ENSG00000224783	0	0	0
ENSG00000162852	754	0	754
ENSG00000232792	0	1	0
ENSG00000273004	4	0	4
ENSG00000143842	135	0	135
ENSG00000268062	4	4	0
ENSG00000237409	0	0	0
ENSG00000116962	330	0	330
ENSG00000288078	0	0	0
ENSG00000271399	0	0	0
ENSG00000229757	3	3	0
ENSG00000232679	0	0	0
ENSG00000159388	3704	5	3699
ENSG00000220749	11	0	11
ENSG00000181450	85	0	85
ENSG00000223519	9	2	41
ENSG00000120333	232	7	238
ENSG00000286285	7	0	7
ENSG00000225300	0	0	0
ENSG00000223842	1	1	0
ENSG00000162753	0	0	0
ENSG00000228247	0	0	0
ENSG00000231424	0	0	0
ENSG00000143355	0	0	0
ENSG00000287177	0	0	0
ENSG00000237193	0	0	0
ENSG00000223490	0	0	0
ENSG00000121644	293	0	293
ENSG00000174502	0	0	0
ENSG00000224286	0	0	0
ENSG00000158715	58	0	58
ENSG00000143195	3	0	3
ENSG00000162849	14	4	10
ENSG00000232824	1	1	0
ENSG00000273416	1	0	1
ENSG00000234142	2	0	3
ENSG00000282111	0	0	0
ENSG00000233410	0	0	0
ENSG00000067533	143	2	141
ENSG00000228955	0	0	0
ENSG00000270443	0	0	0
ENSG00000116209	2072	4	2068
ENSG00000224702	0	0	0
ENSG00000271811	0	0	0
ENSG00000224278	0	0	0
ENSG00000235492	0	0	0
ENSG00000287808	4	95	5
ENSG00000271588	0	0	0
ENSG00000229840	0	0	0
ENSG00000116161	541	22	536
ENSG00000226486	0	0	0
ENSG00000227687	0	0	0
ENSG00000231814	0	0	0
ENSG00000286210	0	0	0
ENSG00000287364	0	0	0
ENSG00000225063	0	0	0
ENSG00000260698	7	0	7
ENSG00000277007	4	0	4
ENSG00000229016	0	0	0
ENSG00000077157	980	3	991
ENSG00000152104	1	0	1
ENSG00000236975	0	0	0
ENSG00000215834	0	0	0
ENSG00000286541	0	0	0
ENSG00000117650	2	0	2
ENSG00000235021	0	0	0
ENSG00000203724	0	0	0
ENSG00000225006	0	0	0
ENSG00000287633	0	0	0
ENSG00000158764	0	0	0
ENSG00000223375	0	0	0
ENSG00000230714	0	0	0
ENSG00000261065	0	3	0
ENSG00000260855	2	0	2
ENSG00000188783	1	0	1
ENSG00000236206	0	0	0
ENSG00000168118	261	0	261
ENSG00000181101	0	0	0
ENSG00000173726	1031	1	1030
ENSG00000282852	0	0	0
ENSG00000152382	155	2	153
ENSG00000143839	0	0	0
ENSG00000232100	0	0	0
ENSG00000261024	0	0	0
ENSG00000230547	0	0	0
ENSG00000229703	0	0	0
ENSG00000176754	0	0	0
ENSG00000232309	0	0	0
ENSG00000227953	3	34	3
ENSG00000232215	0	0	0
ENSG00000135829	2933	4	3025
ENSG00000228289	0	0	0
ENSG00000134717	366	3	363
ENSG00000232989	0	0	0
ENSG00000233537	0	0	0
ENSG00000116668	127	10	118
ENSG00000143756	326	1	325
ENSG00000278180	0	0	0
ENSG00000143702	501	1	575
ENSG00000232341	0	0	0
ENSG00000287676	0	0	0
ENSG00000236792	0	0	0
ENSG00000143207	1140	2	1138
ENSG00000270859	0	0	0
ENSG00000238224	0	0	0
ENSG00000286775	0	0	0
ENSG00000122176	0	0	0
ENSG00000229120	1	1	0
ENSG00000237492	0	0	0
ENSG00000230404	0	0	0
ENSG00000213036	0	0	0
ENSG00000227230	0	32	0
ENSG00000236230	0	0	0
ENSG00000026751	1361	2	1359
ENSG00000150681	1125	1	1542
ENSG00000116906	535	0	535
ENSG00000092969	0	0	0
ENSG00000157181	196	0	196
ENSG00000250762	0	0	0
ENSG00000236720	0	0	0
ENSG00000227421	1	0	1
ENSG00000227240	3	0	3
ENSG00000076258	37	0	37
ENSG00000286073	0	0	0
ENSG00000231084	1	1	0
ENSG00000232085	0	43	0
ENSG00000117697	359	1	358
ENSG00000279333	0	0	1
ENSG00000235083	0	0	0
ENSG00000162669	0	0	0
ENSG00000197067	0	0	0
ENSG00000229652	0	0	0
ENSG00000132681	15	0	15
ENSG00000225904	0	0	0
ENSG00000270920	0	0	0
ENSG00000281664	0	0	0
ENSG00000143641	657	0	913
ENSG00000227630	2	0	2
ENSG00000228830	0	624	0
ENSG00000010932	0	0	0
ENSG00000282849	0	0	0
ENSG00000276520	0	0	0
ENSG00000226640	0	0	0
ENSG00000010072	140	122	140
ENSG00000135766	235	2	233
ENSG00000232626	1	0	1
ENSG00000232096	0	0	0
ENSG00000279261	0	0	0
ENSG00000213051	0	0	0
ENSG00000238054	0	0	0
ENSG00000163534	381	0	381
ENSG00000168243	2	0	2
ENSG00000281453	0	0	0
ENSG00000237469	0	0	0
ENSG00000224939	0	0	0
ENSG00000227613	0	0	0
ENSG00000116183	3	0	3
ENSG00000270106	1	0	1
ENSG00000232194	4	0	4
ENSG00000235152	0	0	0
ENSG00000231612	0	0	0
ENSG00000237980	1	0	1
ENSG00000271036	0	0	0
ENSG00000230849	0	0	0
ENSG00000170382	118	120	2
ENSG00000228664	0	0	0
ENSG00000226868	0	0	0
ENSG00000279401	0	0	0
ENSG00000272362	0	0	0
ENSG00000287450	0	0	0
ENSG00000237011	0	0	0
ENSG00000233583	0	1	0
ENSG00000066027	1426	4	1422
ENSG00000286263	1	0	1
ENSG00000227006	1	1	0
ENSG00000236372	0	0	0
ENSG00000224525	0	0	0
ENSG00000188770	0	0	0
ENSG00000173728	0	0	0
ENSG00000094975	434	2	432
ENSG00000225811	0	0	0
ENSG00000273093	0	0	0
ENSG00000162772	21	0	21
ENSG00000227818	0	0	0
ENSG00000135828	759	2	757
ENSG00000224227	3	0	3
ENSG00000286398	0	0	0
ENSG00000076356	132	1	131
ENSG00000215819	0	0	0
ENSG00000185523	0	0	1
ENSG00000236108	0	0	0
ENSG00000116711	70	0	70
ENSG00000231684	0	0	0
ENSG00000226750	0	0	0
ENSG00000285665	3	0	3
ENSG00000231022	0	0	0
ENSG00000224436	0	0	0
ENSG00000228208	0	0	0
ENSG00000273384	1	0	1
ENSG00000238061	0	0	0
ENSG00000234915	0	0	0
ENSG00000143845	11	0	15
ENSG00000235862	0	0	0
ENSG00000069812	0	0	0
ENSG00000227585	0	0	0
ENSG00000157060	0	0	0
ENSG00000237213	0	0	0
ENSG00000236439	9	0	9
ENSG00000224260	0	0	0
ENSG00000213045	1	1	0
ENSG00000287220	0	0	0
ENSG00000230063	0	0	0
ENSG00000235467	0	0	0
ENSG00000123684	2009	1	2008
ENSG00000117707	0	0	0
ENSG00000228044	0	0	0
ENSG00000225338	1	0	1
ENSG00000224407	0	256	0
ENSG00000232463	1	1	0
ENSG00000237457	0	0	0
ENSG00000225171	4	2	2
ENSG00000226843	0	0	0
ENSG00000235386	0	0	0
ENSG00000123836	293	77	293
ENSG00000213690	0	0	0
ENSG00000223982	0	0	0
ENSG00000229832	0	0	0
ENSG00000117691	193	0	193
ENSG00000225233	0	0	0
ENSG00000274895	0	0	0
ENSG00000237514	0	0	0
ENSG00000287856	0	0	0
ENSG00000228067	0	0	0
ENSG00000284299	0	0	0
ENSG00000226375	1	0	1
ENSG00000203705	200	1	199
ENSG00000224040	0	0	0
ENSG00000228686	8	8	0
ENSG00000279838	16	0	16
ENSG00000174175	79	0	79
ENSG00000236401	0	0	0
ENSG00000241475	0	0	0
ENSG00000215800	0	0	0
ENSG00000286421	0	0	0
ENSG00000270936	0	0	0
ENSG00000008118	0	0	0
ENSG00000171161	503	1	502
ENSG00000241505	0	0	0
ENSG00000224535	0	0	0
ENSG00000282097	0	0	0
ENSG00000261453	4	4	0
ENSG00000231020	0	0	0
ENSG00000270818	0	0	0
ENSG00000196878	17	0	17
ENSG00000133059	617	1	616
ENSG00000225561	0	0	0
ENSG00000224668	0	0	0
ENSG00000242529	0	0	0
ENSG00000074964	311	1	310
ENSG00000223847	0	0	0
ENSG00000277704	0	0	0
ENSG00000116918	255	8	254
ENSG00000274020	146	0	178
ENSG00000287445	3	0	3
ENSG00000259815	0	0	0
ENSG00000240963	0	0	0
ENSG00000226570	0	0	0
ENSG00000198929	2	0	2
ENSG00000272167	0	0	0
ENSG00000230628	0	0	0
ENSG00000162771	0	0	0
ENSG00000227579	0	0	0
ENSG00000176393	663	2	978
ENSG00000174606	408	1	407
ENSG00000179914	35	0	35
ENSG00000235750	2838	1	2837
ENSG00000284376	0	0	0
ENSG00000121446	0	0	0
ENSG00000226758	2	0	2
ENSG00000230199	0	0	0
ENSG00000236905	0	2	0
ENSG00000233304	0	0	0
ENSG00000288007	0	0	0
ENSG00000227887	0	0	0
ENSG00000116903	506	2	625
ENSG00000228255	0	0	0
ENSG00000226196	0	0	0
ENSG00000287354	0	2	0
ENSG00000233827	0	0	0
ENSG00000198797	0	0	0
ENSG00000271746	0	0	0
ENSG00000234233	0	0	0
ENSG00000151414	961	2	959
ENSG00000177614	3	1	2
ENSG00000223794	0	0	0
ENSG00000235182	0	0	0
ENSG00000213041	0	0	0
ENSG00000287157	0	0	0
ENSG00000233920	0	0	0
ENSG00000183831	0	0	0
ENSG00000225755	0	0	0
ENSG00000143858	30	44	1
ENSG00000197472	2	0	2
ENSG00000230184	0	0	0
ENSG00000234004	0	0	0
ENSG00000232436	0	0	0
ENSG00000231718	0	0	0
ENSG00000283952	0	0	0
ENSG00000230019	0	0	0
ENSG00000136643	249	0	249
ENSG00000232537	0	0	0
ENSG00000226036	0	0	0
ENSG00000285521	0	0	0
ENSG00000236317	0	0	0
ENSG00000176855	0	0	0
ENSG00000227728	0	0	0
ENSG00000133069	443	6	437
ENSG00000162877	18	0	18
ENSG00000233461	19	0	19
ENSG00000225401	0	0	0
ENSG00000228190	0	0	0
ENSG00000135747	0	0	0
ENSG00000227237	1	1	0
ENSG00000069248	676	1	675
ENSG00000232812	0	0	0
ENSG00000231666	0	0	0
ENSG00000226986	0	0	0
ENSG00000242042	0	0	0
ENSG00000234464	0	0	0
ENSG00000253148	0	0	0
ENSG00000227751	0	245	0
ENSG00000090104	19	0	19
ENSG00000285280	6	421	3
ENSG00000232892	0	0	0
ENSG00000236950	0	0	0
ENSG00000236468	0	0	0
ENSG00000143322	333	0	333
ENSG00000185220	128	0	128
ENSG00000226003	1	1	0
ENSG00000230813	0	0	0
ENSG00000226862	2	0	3
ENSG00000236101	0	0	0
ENSG00000162769	131	0	131
ENSG00000133065	358	0	358
ENSG00000278684	0	0	0
ENSG00000236775	0	0	0
ENSG00000042781	0	0	0
ENSG00000234754	0	0	0
ENSG00000233084	2	0	2
ENSG00000227815	1	0	1
ENSG00000287046	0	0	0
ENSG00000223774	0	0	1
ENSG00000228863	15	2366	12
ENSG00000228646	0	0	0
ENSG00000229112	0	0	0
ENSG00000233332	0	0	0
ENSG00000231984	0	0	0
ENSG00000286213	0	0	0
ENSG00000226876	0	0	0
ENSG00000277462	28	0	28
ENSG00000225591	1	0	1
ENSG00000035687	707	0	707
ENSG00000213080	0	0	0
ENSG00000180287	0	0	0
ENSG00000226693	0	0	0
ENSG00000234678	22	339	1
ENSG00000231272	0	0	0
ENSG00000223828	0	0	0
ENSG00000163431	2	1	2
ENSG00000230124	281	1	335
ENSG00000226723	0	0	0
ENSG00000272672	0	0	0
ENSG00000143473	0	1	0
ENSG00000228982	0	0	0
ENSG00000235096	0	0	0
ENSG00000237250	0	0	0
ENSG00000007341	48	23	69
ENSG00000286747	0	0	0
ENSG00000236069	0	0	0
ENSG00000236244	0	0	0
ENSG00000272865	0	0	0
ENSG00000117222	620	1	619
ENSG00000143324	324	0	324
ENSG00000229871	0	0	0
ENSG00000225222	0	0	0
ENSG00000118193	5	0	5
ENSG00000234116	0	0	0
ENSG00000231940	2	0	2
ENSG00000198842	0	0	0
ENSG00000286619	1	0	1
ENSG00000198756	18	0	18
ENSG00000259823	1	1	0
ENSG00000271558	0	0	0
ENSG00000227554	0	0	0
ENSG00000178596	0	0	0
ENSG00000135749	335	1	350
ENSG00000143786	62	1	63
ENSG00000224584	0	0	0
ENSG00000054282	175	14	196
ENSG00000183780	3	0	3
ENSG00000229663	1	1	0
ENSG00000162702	595	2	593
ENSG00000251508	0	0	0
ENSG00000238272	0	0	0
ENSG00000228530	0	0	0
ENSG00000235060	0	0	0
ENSG00000143194	1	0	1
ENSG00000229531	1	1	0
ENSG00000271329	0	0	0
ENSG00000054267	1663	5	1658
ENSG00000261831	0	0	0
ENSG00000287921	0	0	0
ENSG00000177800	0	0	0
ENSG00000225620	0	0	0
ENSG00000232166	0	0	0
ENSG00000175137	1119	0	1119
ENSG00000134245	8	29	6
ENSG00000234041	0	0	0
ENSG00000227373	10	1	9
ENSG00000231905	0	0	0
ENSG00000228175	2	1	1
ENSG00000069275	1383	6	1377
ENSG00000143674	33	0	33
ENSG00000237317	0	0	0
ENSG00000187889	0	0	0
ENSG00000134375	302	1	301
ENSG00000097046	87	1	86
ENSG00000232113	0	0	0
ENSG00000282718	0	0	0
ENSG00000231378	0	0	0
ENSG00000235605	0	0	0
ENSG00000223525	0	0	0
ENSG00000224857	0	0	0
ENSG00000273367	0	0	0
ENSG00000230604	0	0	0
ENSG00000231605	0	0	0
ENSG00000236358	4	0	4
ENSG00000203737	2	0	2
ENSG00000238003	0	0	0
ENSG00000215873	0	0	0
ENSG00000287008	0	0	0
ENSG00000185420	78	0	78
ENSG00000076321	221	0	221
ENSG00000272175	0	0	0
ENSG00000231564	0	0	0
ENSG00000135778	276	15	277
ENSG00000213070	0	0	0
ENSG00000282265	0	0	0
ENSG00000250536	0	0	0
ENSG00000229747	0	0	0
ENSG00000117280	1038	0	1038
ENSG00000233985	0	0	0
ENSG00000232175	0	0	0
ENSG00000287423	0	0	0
ENSG00000286774	0	0	0
ENSG00000236719	0	0	0
ENSG00000136636	79	0	79
ENSG00000225486	0	0	0
ENSG00000227043	0	0	0
ENSG00000163874	441	0	441
ENSG00000285777	0	0	0
ENSG00000237249	0	0	0
ENSG00000286109	0	0	0
ENSG00000213068	0	0	0
ENSG00000054392	47	1	48
ENSG00000227994	0	0	0
ENSG00000286552	0	0	0
ENSG00000225711	0	0	0
ENSG00000122223	899	21	878
ENSG00000235869	0	0	0
ENSG00000188739	6	0	6
ENSG00000286666	0	0	0
ENSG00000135750	1	0	1
ENSG00000273198	0	0	0
ENSG00000203730	1	1	0
ENSG00000225719	0	0	0
ENSG00000273483	1	0	1
ENSG00000287987	0	0	0
ENSG00000203729	0	0	0
ENSG00000232809	0	0	0
ENSG00000284623	0	0	0
ENSG00000285981	0	0	0
ENSG00000261729	1	0	1
ENSG00000223869	0	0	0
ENSG00000229228	1	0	1
ENSG00000215796	0	0	0
ENSG00000185221	0	0	0
ENSG00000233047	0	0	0
ENSG00000143341	11	0	11
ENSG00000228309	0	0	0
ENSG00000229739	3	0	3
ENSG00000116703	0	0	0
ENSG00000273874	0	0	0
ENSG00000278791	0	8428	38
ENSG00000278757	2	0	2
ENSG00000264341	0	0	0
ENSG00000264101	0	0	0
ENSG00000265141	0	0	0
ENSG00000221083	0	0	0
ENSG00000252404	0	0	0
ENSG00000222511	0	0	0
ENSG00000265392	0	0	0
ENSG00000243267	1	0	1
ENSG00000201725	0	0	0
ENSG00000274258	0	0	0
ENSG00000239149	4	0	4
ENSG00000252151	0	0	0
ENSG00000252969	0	0	0
ENSG00000252417	0	0	0
ENSG00000200975	0	0	0
ENSG00000201609	0	0	0
ENSG00000238482	0	0	0
ENSG00000252956	0	0	0
ENSG00000265606	0	0	0
ENSG00000284357	0	0	0
ENSG00000278034	0	0	0
ENSG00000207237	0	0	0
ENSG00000222784	0	0	0
ENSG00000266210	0	0	0
ENSG00000265961	0	0	0
ENSG00000251866	0	0	0
ENSG00000252691	0	0	0
ENSG00000264371	0	0	0
ENSG00000253005	1	0	1
ENSG00000238316	0	0	0
ENSG00000207941	0	0	0
ENSG00000264773	2	0	2
ENSG00000252448	0	0	0
ENSG00000200421	0	0	0
ENSG00000222282	1	1	0
ENSG00000199963	0	0	0
ENSG00000264698	0	0	0
ENSG00000207328	0	0	0
ENSG00000207466	0	0	0
ENSG00000252368	0	0	0
ENSG00000206779	0	0	0
ENSG00000265596	0	0	0
ENSG00000212541	3	3	0
ENSG00000200796	0	0	0
ENSG00000252190	0	0	0
ENSG00000264613	0	0	0
ENSG00000199240	0	0	0
ENSG00000277168	0	0	0
ENSG00000283724	0	0	0
ENSG00000284410	0	0	0
ENSG00000252018	0	0	0
ENSG00000206627	0	0	0
ENSG00000283414	0	0	0
ENSG00000207508	0	0	0
ENSG00000200171	0	0	0
ENSG00000207194	0	0	0
ENSG00000283477	0	0	0
ENSG00000264834	0	0	0
ENSG00000263675	3	0	3
ENSG00000266188	0	0	0
ENSG00000206981	0	0	0
ENSG00000200174	0	0	0
ENSG00000265822	0	0	0
ENSG00000265815	0	0	0
ENSG00000238653	0	0	0
ENSG00000212624	0	0	0
ENSG00000200575	0	0	0
ENSG00000212360	0	0	0
ENSG00000242860	0	0	0
ENSG00000263908	0	0	0
ENSG00000283690	0	0	0
ENSG00000199921	0	0	0
ENSG00000251825	0	0	0
ENSG00000201153	0	0	0
ENSG00000222624	0	0	0
ENSG00000223152	0	0	0
ENSG00000212308	0	0	0
ENSG00000279049	0	5	0
ENSG00000276081	0	0	0
ENSG00000239640	0	0	0
ENSG00000252338	0	0	0
ENSG00000251785	0	0	0
ENSG00000239319	0	0	0
ENSG00000222849	0	0	0
ENSG00000283749	0	0	0
ENSG00000251958	0	0	0
ENSG00000251767	0	0	0
ENSG00000243437	0	0	0
ENSG00000202263	0	0	0
ENSG00000199318	0	0	0
ENSG00000199666	0	0	0
ENSG00000200601	0	0	0
ENSG00000242482	0	0	0
ENSG00000212366	0	0	0
ENSG00000201620	0	0	0
ENSG00000206817	0	0	0
ENSG00000284247	0	0	0
ENSG00000200839	0	0	0
ENSG00000264963	0	0	0
ENSG00000264271	0	0	0
ENSG00000239504	0	0	0
ENSG00000284202	0	0	0
ENSG00000251720	0	0	0
ENSG00000274321	0	0	0
ENSG00000198974	0	0	0
ENSG00000212248	0	0	0
ENSG00000207962	1	0	1
ENSG00000276884	0	0	0
ENSG00000207234	1	0	1
ENSG00000202259	0	0	0
ENSG00000212459	0	0	0
ENSG00000278287	0	0	0
ENSG00000277565	0	0	0
ENSG00000263526	0	0	0
ENSG00000211575	0	0	1
ENSG00000275823	0	0	0
ENSG00000277689	0	0	0
ENSG00000274199	0	0	0
ENSG00000202254	0	0	0
ENSG00000244256	1	0	1
ENSG00000201491	0	0	0
ENSG00000199831	0	0	0
ENSG00000275455	0	0	0
ENSG00000252162	0	0	0
ENSG00000272051	0	0	0
ENSG00000283899	0	0	0
ENSG00000200800	0	0	0
ENSG00000207502	0	0	0
ENSG00000252530	0	0	0
ENSG00000200536	0	0	0
ENSG00000211543	0	0	0
ENSG00000252797	0	0	0
ENSG00000212266	0	0	0
ENSG00000222209	0	0	0
ENSG00000277141	0	0	0
ENSG00000215930	0	0	0
ENSG00000238761	0	0	0
ENSG00000201114	0	0	0
ENSG00000206679	0	0	0
ENSG00000264419	0	0	0
ENSG00000222069	0	0	0
ENSG00000274428	0	0	0
ENSG00000199879	0	0	0
ENSG00000274408	0	0	0
ENSG00000283676	0	0	0
ENSG00000252005	0	0	0
ENSG00000252510	0	0	0
ENSG00000207340	17	0	17
ENSG00000252830	0	0	0
ENSG00000274450	0	0	0
ENSG00000252135	6	0	6
ENSG00000278596	2	2	0
ENSG00000238825	0	0	0
ENSG00000201183	4	4	0
ENSG00000202408	0	0	0
ENSG00000252744	0	0	0
ENSG00000273768	0	0	0
ENSG00000242565	0	0	0
ENSG00000239984	0	0	0
ENSG00000283296	0	0	0
ENSG00000252717	0	0	0
ENSG00000194297	0	0	0
ENSG00000199565	0	0	0
ENSG00000277313	0	0	0
ENSG00000274940	0	0	0
ENSG00000207341	0	0	0
ENSG00000207472	0	0	0
ENSG00000206880	0	0	0
ENSG00000252552	1	1	0
ENSG00000199849	0	0	0
ENSG00000252407	0	0	0
ENSG00000212538	0	0	0
ENSG00000251813	0	0	0
ENSG00000207108	0	0	0
ENSG00000201312	0	0	0
ENSG00000207039	0	0	0
ENSG00000202491	0	0	0
ENSG00000201596	0	0	0
ENSG00000276839	3	0	3
ENSG00000207974	0	0	0
ENSG00000273629	0	0	0
ENSG00000201493	0	0	0
ENSG00000215952	0	0	0
ENSG00000200139	0	0	0
ENSG00000283575	0	0	0
ENSG00000238765	0	0	0
ENSG00000264916	0	0	0
ENSG00000212338	0	0	0
ENSG00000206659	0	0	0
ENSG00000253025	0	0	0
ENSG00000201619	0	0	0
ENSG00000201544	1	0	1
ENSG00000202498	0	0	0
ENSG00000221545	0	0	0
ENSG00000252906	0	0	0
ENSG00000206692	0	0	0
ENSG00000202329	0	0	0
ENSG00000242794	0	0	0
ENSG00000212144	0	0	0
ENSG00000283340	0	0	0
ENSG00000252860	0	0	0
ENSG00000252501	0	0	0
ENSG00000263390	0	0	0
ENSG00000207181	1	0	1
ENSG00000265744	0	0	0
ENSG00000264377	0	0	0
ENSG00000207149	0	0	0
ENSG00000283936	0	0	0
ENSG00000284485	0	0	0
ENSG00000201638	0	0	0
ENSG00000275213	0	0	0
ENSG00000239494	2	0	2
ENSG00000212230	0	0	0
ENSG00000252371	0	0	0
ENSG00000199442	0	0	0
ENSG00000200033	0	0	0
ENSG00000239690	0	0	0
ENSG00000202184	0	0	0
ENSG00000241395	0	0	0
ENSG00000200982	0	0	0
ENSG00000275207	0	0	0
ENSG00000202300	0	0	0
ENSG00000222407	0	0	0
ENSG00000222986	0	0	0
ENSG00000265435	0	0	0
ENSG00000272262	0	0	0
ENSG00000200495	0	0	0
ENSG00000202609	0	0	0
ENSG00000252553	0	0	0
ENSG00000206764	0	0	0
ENSG00000222240	0	0	0
ENSG00000212187	0	0	0
ENSG00000206637	0	0	0
ENSG00000253097	0	0	0
ENSG00000200036	0	0	0
ENSG00000201421	0	0	0
ENSG00000212610	0	0	0
ENSG00000252484	0	0	0
ENSG00000201944	0	0	0
ENSG00000200327	0	0	0
ENSG00000206905	0	0	0
ENSG00000200972	0	0	0
ENSG00000243051	0	0	0
ENSG00000252011	0	0	0
ENSG00000207326	0	0	0
ENSG00000212205	0	0	0
ENSG00000253042	0	0	0
ENSG00000274121	0	0	0
ENSG00000264358	0	0	0
ENSG00000206640	0	0	0
ENSG00000212527	0	0	0
ENSG00000252879	0	0	0
ENSG00000252612	0	0	0
ENSG00000202264	0	0	0
ENSG00000285609	0	0	0
ENSG00000206762	0	0	0
ENSG00000252084	0	0	0
ENSG00000200085	0	0	0
ENSG00000264500	0	0	0
ENSG00000202025	0	0	0
ENSG00000225545	0	0	0
ENSG00000206990	0	0	0
ENSG00000230175	0	0	0
ENSG00000225272	0	0	0
ENSG00000215838	1	1	0
ENSG00000273365	0	0	0
ENSG00000224358	2	0	2
ENSG00000230659	0	0	0
ENSG00000162545	23	0	23
ENSG00000090432	425	1	424
ENSG00000215520	0	0	0
ENSG00000183114	0	0	0
ENSG00000158825	1430	2	1428
ENSG00000158828	376	69	1483
ENSG00000284005	0	0	0
ENSG00000117242	26	1116	86
ENSG00000234473	0	0	0
ENSG00000238754	0	0	0
ENSG00000134371	475	2	473
ENSG00000221680	0	0	0
ENSG00000162630	27	0	27
ENSG00000276735	0	0	0
ENSG00000232077	0	0	0
ENSG00000229639	0	0	0
ENSG00000287453	0	0	0
ENSG00000270615	0	0	0
ENSG00000287283	0	0	0
ENSG00000240692	0	0	0
ENSG00000229359	0	0	0
ENSG00000237919	0	0	0
ENSG00000066557	127	1	126
ENSG00000244389	0	0	0
ENSG00000228988	0	0	0
ENSG00000118454	292	1	291
ENSG00000226088	1	1	0
ENSG00000116761	22	0	22
ENSG00000278636	0	0	0
ENSG00000271992	0	0	0
ENSG00000233020	0	0	0
ENSG00000237033	0	0	0
ENSG00000226208	0	0	0
ENSG00000007968	169	0	169
ENSG00000235052	1	0	1
ENSG00000117318	208	0	208
ENSG00000285802	3	0	3
ENSG00000229239	0	0	0
ENSG00000142676	17483	60	17423
ENSG00000057757	576	3	573
ENSG00000011009	844	2	843
ENSG00000117308	120	0	120
ENSG00000273844	0	0	0
ENSG00000235748	0	0	0
ENSG00000237861	0	0	0
ENSG00000221879	0	0	0
ENSG00000230260	0	0	0
ENSG00000199241	0	0	0
ENSG00000226919	0	2	0
ENSG00000223963	0	0	0
ENSG00000215802	0	0	0
ENSG00000233615	0	0	0
ENSG00000238085	0	0	0
ENSG00000265831	0	0	0
ENSG00000224348	0	0	0
ENSG00000286496	0	0	0
ENSG00000287516	1	0	1
ENSG00000287738	0	0	0
ENSG00000132703	0	0	0
ENSG00000276632	0	0	0
ENSG00000223603	0	0	0
ENSG00000132693	0	0	0
ENSG00000235226	0	0	0
ENSG00000158716	149	0	149
ENSG00000181036	1079	1	1078
ENSG00000158714	27	50	79
ENSG00000212161	0	0	0
ENSG00000243284	0	2	0
ENSG00000272668	38	24	19
ENSG00000213085	94	2	92
ENSG00000266458	0	0	0
ENSG00000287040	1	1	0
ENSG00000279430	1	0	1
ENSG00000162723	1	0	1
ENSG00000273933	0	0	0
ENSG00000256029	4	21	23
ENSG00000188004	1	0	1
ENSG00000266580	0	0	0
ENSG00000254545	0	12	0
ENSG00000203620	0	0	0
ENSG00000269967	0	0	0
ENSG00000228634	0	0	0
ENSG00000284702	0	0	0
ENSG00000221040	0	0	0
ENSG00000287217	0	0	0
ENSG00000163399	1879	24	4953
ENSG00000212385	0	0	0
ENSG00000233154	6	0	8
ENSG00000230381	1	0	1
ENSG00000200547	0	2	0
ENSG00000224950	21	0	30
ENSG00000286276	13	22	0
ENSG00000177888	132	0	132
ENSG00000243364	63	0	63
ENSG00000251246	0	0	0
ENSG00000143590	6	0	6
ENSG00000202027	0	0	0
ENSG00000169242	34	1	33
ENSG00000169241	264	0	264
ENSG00000223452	0	0	0
ENSG00000163463	42	0	42
ENSG00000273088	0	0	0
ENSG00000284586	0	0	0
ENSG00000169231	182	5	384
ENSG00000236263	0	79	2
ENSG00000236675	51	51	0
ENSG00000177628	595	1	594
ENSG00000116521	568	0	568
ENSG00000176444	962	1	961
ENSG00000143630	24	0	29
ENSG00000143627	0	5	0
ENSG00000253074	0	0	0
ENSG00000252116	0	0	0
ENSG00000228523	0	0	0
ENSG00000223263	0	0	0
ENSG00000207504	0	0	0
ENSG00000238139	0	0	0
ENSG00000197721	9	0	9
ENSG00000244703	0	0	0
ENSG00000226289	0	0	0
ENSG00000285239	0	0	0
ENSG00000234219	2	3	0
ENSG00000174059	24	0	24
ENSG00000285719	0	0	0
ENSG00000284237	0	0	0
ENSG00000158731	0	0	0
ENSG00000201746	1	0	1
ENSG00000264881	0	0	0
ENSG00000199562	0	0	0
ENSG00000264501	0	0	0
ENSG00000284735	1	1	0
ENSG00000284642	3	0	3
ENSG00000142657	3948	5	3943
ENSG00000271989	0	3	0
ENSG00000251503	0	0	0
ENSG00000175279	1	0	1
ENSG00000160049	361	1	429
ENSG00000203469	0	33	0
ENSG00000236035	1	1	0
ENSG00000221643	1	0	1
ENSG00000122188	429	0	429
ENSG00000288644	0	0	0
ENSG00000227417	0	0	0
ENSG00000223505	0	0	0
ENSG00000182004	329	4	325
ENSG00000236430	1	1	0
ENSG00000130768	4	0	8
ENSG00000227050	0	7	0
ENSG00000238231	1	1	0
ENSG00000240750	2	0	2
ENSG00000158156	753	1	756
ENSG00000182118	12	0	12
ENSG00000283799	0	0	0
ENSG00000227934	0	0	0
ENSG00000229595	0	0	0
ENSG00000143633	183	0	183
ENSG00000281912	2	0	2
ENSG00000288208	0	0	0
ENSG00000132773	142	27	159
ENSG00000070759	172	5	174
ENSG00000236872	0	0	0
ENSG00000280670	62	0	62
ENSG00000132763	40	404	42
ENSG00000221953	0	0	0
ENSG00000226164	0	0	0
ENSG00000224014	0	0	0
ENSG00000215795	1	0	1
ENSG00000259865	21	0	21
ENSG00000227671	445	1	444
ENSG00000283881	0	0	0
ENSG00000252516	3	0	3
ENSG00000232347	0	0	0
ENSG00000214144	0	0	0
ENSG00000235818	0	0	0
ENSG00000197617	0	0	0
ENSG00000202079	0	0	0
ENSG00000286216	1	1	0
ENSG00000203664	0	0	0
ENSG00000169224	16	0	16
ENSG00000236817	0	0	0
ENSG00000177489	0	0	0
ENSG00000177476	0	0	0
ENSG00000283369	0	0	0
ENSG00000230411	0	0	0
ENSG00000251977	0	0	0
ENSG00000252254	0	0	0
ENSG00000227854	0	0	0
ENSG00000287589	0	0	0
ENSG00000259776	0	0	0
ENSG00000233355	370	2	373
ENSG00000234601	0	0	0
ENSG00000231979	0	0	0
ENSG00000215805	0	0	0
ENSG00000287102	0	0	0
ENSG00000217327	0	0	0
ENSG00000228818	0	0	0
ENSG00000202041	0	0	0
ENSG00000223694	0	0	0
ENSG00000233735	0	0	0
ENSG00000133019	2	5	2
ENSG00000162636	344	0	344
ENSG00000162639	345	1	344
ENSG00000285923	1	0	1
ENSG00000134186	1585	25	1560
ENSG00000143107	0	0	0
ENSG00000232971	0	0	0
ENSG00000116266	844	1	843
ENSG00000228076	0	0	0
ENSG00000203897	0	0	0
ENSG00000237349	0	0	0
ENSG00000244716	23	0	23
ENSG00000228665	0	0	0
ENSG00000228054	0	0	0
ENSG00000273382	10	83	8
ENSG00000215717	817	5	893
ENSG00000278249	0	0	0
ENSG00000270066	0	0	0
ENSG00000251484	0	0	0
ENSG00000132676	1115	111	1115
ENSG00000227673	0	0	0
ENSG00000203761	93	35	76
ENSG00000234937	0	0	0
ENSG00000132718	587	0	587
ENSG00000283442	0	0	0
ENSG00000143622	1043	0	1043
ENSG00000132680	770	0	770
ENSG00000207475	2	0	2
ENSG00000280466	0	0	0
ENSG00000281394	0	0	0
ENSG00000277817	0	0	0
ENSG00000273002	22	0	24
ENSG00000224276	0	0	0
ENSG00000285677	2	1049	0
ENSG00000163479	2080	0	3127
ENSG00000160803	452	0	452
ENSG00000132698	4	0	4
ENSG00000252236	0	0	0
ENSG00000260238	0	1	0
ENSG00000242252	3	0	3
ENSG00000198952	2017	1	2016
ENSG00000163472	148	154	163
ENSG00000163468	1855	1	1855
ENSG00000132677	1	0	1
ENSG00000237390	0	0	0
ENSG00000207933	0	0	0
ENSG00000254726	5	0	5
ENSG00000186377	0	0	0
ENSG00000186160	0	0	0
ENSG00000225154	0	0	0
ENSG00000225506	1	0	1
ENSG00000225514	0	0	0
ENSG00000224805	19	1	19
ENSG00000162366	544	0	544
ENSG00000226252	1	40	1
ENSG00000225762	1	1	0
ENSG00000186790	1	0	1
ENSG00000237424	41	0	41
ENSG00000189030	0	0	0
ENSG00000162763	0	0	0
ENSG00000143061	0	0	0
ENSG00000135821	9662	18	9644
ENSG00000203740	0	0	0
ENSG00000162374	2	0	2
ENSG00000168275	35	5	68
ENSG00000241563	1	0	1
ENSG00000153207	1792	1	1791
ENSG00000156869	43	0	43
ENSG00000033122	9	3	6
ENSG00000143278	0	0	0
ENSG00000116678	90	0	90
ENSG00000159352	1776	2	1774
ENSG00000158710	18381	4	18377
ENSG00000162734	873	6	933
ENSG00000049239	1632	2	1630
ENSG00000186564	5	0	5
ENSG00000244038	2240	4	2236
ENSG00000158747	66	0	66
ENSG00000116690	2	117	2
ENSG00000126091	14	0	14
ENSG00000162383	49	0	49
ENSG00000171163	385	2	383
ENSG00000172456	88	0	88
ENSG00000162946	268	0	268
ENSG00000158786	0	0	0
ENSG00000118733	0	0	0
ENSG00000157870	267	7	320
ENSG00000179085	80	0	80
ENSG00000173080	0	0	0
ENSG00000183347	15	0	15
ENSG00000276470	0	0	0
ENSG00000278852	0	0	0
ENSG00000275915	0	0	0
ENSG00000120937	0	0	0
ENSG00000224904	0	0	0
ENSG00000285646	1	1	0
ENSG00000199347	0	0	0
ENSG00000201801	0	0	0
ENSG00000116685	1131	2	1129
ENSG00000083444	931	0	931
ENSG00000287384	0	0	0
ENSG00000270914	0	0	0
ENSG00000116691	379	1	378
ENSG00000202461	0	0	0
ENSG00000276869	0	0	0
ENSG00000243539	0	0	0
ENSG00000120949	242	1	241
ENSG00000201135	0	0	0
ENSG00000227875	0	0	0
ENSG00000285604	0	0	0
ENSG00000283789	0	0	0
ENSG00000263676	0	0	0
ENSG00000200591	0	0	0
ENSG00000162521	1331	8	1730
ENSG00000162520	1	401	7
ENSG00000224409	0	0	0
ENSG00000162522	39	2	37
ENSG00000116497	425	0	436
ENSG00000160097	5	5	1
ENSG00000121905	1	1	1
ENSG00000121900	0	0	1
ENSG00000287691	14	15	0
ENSG00000278966	1	1	0
ENSG00000143222	608	0	860
ENSG00000224985	1	253	0
ENSG00000143224	259	61	263
ENSG00000158850	653	7	707
ENSG00000158859	14	1	13
ENSG00000158869	4134	1	4133
ENSG00000158874	1	1	0
ENSG00000158882	110	0	163
ENSG00000284035	0	0	0
ENSG00000143257	3	56	0
ENSG00000248485	8	8	0
ENSG00000188931	41	42	1
ENSG00000236484	0	0	0
ENSG00000283696	38	0	38
ENSG00000288093	5	0	5
ENSG00000206921	0	0	0
ENSG00000215840	1	0	1
ENSG00000277882	0	0	0
ENSG00000283317	8	7	1
ENSG00000277762	0	0	0
ENSG00000227139	0	0	0
ENSG00000265107	0	0	0
ENSG00000274415	0	0	0
ENSG00000234190	0	0	0
ENSG00000223728	0	0	0
ENSG00000121634	0	0	0
ENSG00000188092	62	0	62
ENSG00000215859	3	3	0
ENSG00000273059	0	0	0
ENSG00000274372	3	0	3
ENSG00000206791	0	0	0
ENSG00000206585	0	0	0
ENSG00000229828	3	0	3
ENSG00000225080	0	0	0
ENSG00000198658	0	0	0
ENSG00000238382	0	0	0
ENSG00000225919	0	0	0
ENSG00000236497	0	0	0
ENSG00000207190	0	0	0
ENSG00000200508	0	0	0
ENSG00000284928	0	0	0
ENSG00000223949	0	0	0
ENSG00000116688	1624	1	1623
ENSG00000188800	1	1	0
ENSG00000084073	407	0	408
ENSG00000231296	0	1	0
ENSG00000049089	159	3	156
ENSG00000227311	0	0	0
ENSG00000213172	1	0	1
ENSG00000284677	1	1	0
ENSG00000187801	26	1	25
ENSG00000260920	17	0	17
ENSG00000158887	56	0	56
ENSG00000255054	0	0	0
ENSG00000228172	3	154	3
ENSG00000117640	280	1	385
ENSG00000272478	0	0	0
ENSG00000127423	5	4	1
ENSG00000182749	116	4	169
ENSG00000207302	0	0	0
ENSG00000117632	376	1	375
ENSG00000229786	0	0	0
ENSG00000223624	0	0	0
ENSG00000283938	0	0	0
ENSG00000199385	0	0	0
ENSG00000187147	755	8	1188
ENSG00000263381	0	0	0
ENSG00000126106	32	439	34
ENSG00000198520	298	3	295
ENSG00000199377	0	0	0
ENSG00000200169	0	0	0
ENSG00000142945	17	3	15
ENSG00000142937	11049	13	12988
ENSG00000264294	0	0	0
ENSG00000200913	4	0	4
ENSG00000202031	0	0	0
ENSG00000207421	0	0	0
ENSG00000281859	0	0	0
ENSG00000234093	0	0	0
ENSG00000142959	10	0	10
ENSG00000173846	297	2	317
ENSG00000117425	15	0	15
ENSG00000202444	0	0	0
ENSG00000226499	3	0	3
ENSG00000070785	135	0	135
ENSG00000253039	0	0	0
ENSG00000229815	0	0	0
ENSG00000232369	0	0	0
ENSG00000268949	0	0	0
ENSG00000126107	652	2	652
ENSG00000126088	410	2	410
ENSG00000234315	0	0	0
ENSG00000162408	334	0	334
ENSG00000229519	3	3	0
ENSG00000173662	0	0	0
ENSG00000204859	405	10	395
ENSG00000288629	0	0	0
ENSG00000230735	0	5	0
ENSG00000171488	802	0	802
ENSG00000226394	0	0	0
ENSG00000237200	0	0	0
ENSG00000070886	0	0	0
ENSG00000276835	0	0	0
ENSG00000265422	0	0	0
ENSG00000223776	0	45	0
ENSG00000273058	14	0	14
ENSG00000230325	5	10	0
ENSG00000119285	529	363	627
ENSG00000226498	0	0	0
ENSG00000237991	0	0	0
ENSG00000244020	0	0	0
ENSG00000288099	0	0	0
ENSG00000225886	2	3	0
ENSG00000206767	0	0	0
ENSG00000226662	0	0	0
ENSG00000207095	0	0	0
ENSG00000287244	0	0	0
ENSG00000231344	0	0	0
ENSG00000230833	0	0	0
ENSG00000117758	389	0	389
ENSG00000269971	0	0	0
ENSG00000270031	0	0	0
ENSG00000223062	0	0	0
ENSG00000286433	0	46	0
ENSG00000117751	566	7	605
ENSG00000252947	1	0	1
ENSG00000130775	5739	4	5736
ENSG00000117748	1052	13	1040
ENSG00000223643	0	0	0
ENSG00000230239	0	0	0
ENSG00000263811	0	0	0
ENSG00000277234	0	0	0
ENSG00000235241	0	55	0
ENSG00000207005	0	0	0
ENSG00000272426	0	0	0
ENSG00000117122	1	1	1
ENSG00000286898	0	1	0
ENSG00000226526	0	56	0
ENSG00000159363	568	0	592
ENSG00000117118	815	0	815
ENSG00000117115	1511	1	1510
ENSG00000204362	0	0	0
ENSG00000282843	0	0	0
ENSG00000142623	0	0	0
ENSG00000142619	0	0	0
ENSG00000266634	0	0	0
ENSG00000199459	0	0	0
ENSG00000273264	0	0	0
ENSG00000282057	0	0	0
ENSG00000272691	0	0	0
ENSG00000199934	0	0	0
ENSG00000230285	0	0	0
ENSG00000142871	1	1	0
ENSG00000226643	0	0	0
ENSG00000234419	0	0	0
ENSG00000276997	4	0	4
ENSG00000222399	0	0	0
ENSG00000267305	0	0	0
ENSG00000143512	2	0	2
ENSG00000143498	49	0	57
ENSG00000225265	9	8	9
ENSG00000154305	1020	54	1183
ENSG00000229399	0	0	0
ENSG00000272750	6	214	9
ENSG00000186063	408	22	403
ENSG00000162819	510	2	525
ENSG00000287684	1	2	1
ENSG00000234523	0	0	0
ENSG00000287338	3	0	3
ENSG00000187554	572	71	501
ENSG00000236846	0	0	0
ENSG00000226601	0	0	0
ENSG00000164010	202	6	318
ENSG00000164011	139	0	139
ENSG00000233708	0	0	0
ENSG00000237090	0	0	0
ENSG00000225099	0	0	0
ENSG00000284138	5	0	5
ENSG00000283973	0	3	1
ENSG00000207256	0	0	0
ENSG00000283136	0	0	0
ENSG00000277513	0	0	0
ENSG00000154309	71	1	70
ENSG00000226967	0	0	0
ENSG00000231407	1	2	1
ENSG00000229570	0	0	0
ENSG00000203857	0	0	0
ENSG00000226443	0	0	0
ENSG00000249798	0	0	0
ENSG00000239873	0	0	0
ENSG00000203855	0	0	0
ENSG00000240244	0	0	0
ENSG00000260941	1	0	1
ENSG00000198857	5	5	0
ENSG00000143067	27	0	27
ENSG00000134240	0	0	0
ENSG00000134193	44	0	44
ENSG00000215864	0	0	0
ENSG00000227205	0	0	0
ENSG00000226446	0	0	0
ENSG00000134249	0	0	0
ENSG00000092621	76	0	76
ENSG00000027644	0	0	0
ENSG00000241992	0	0	0
ENSG00000234226	0	0	0
ENSG00000137970	37	1	36
ENSG00000223229	0	0	0
ENSG00000285698	0	0	0
ENSG00000228035	0	0	0
ENSG00000287103	0	0	0
ENSG00000226973	0	0	0
ENSG00000274468	0	0	0
ENSG00000130764	505	11	561
ENSG00000266075	1	2	0
ENSG00000272153	15	80	1
ENSG00000230026	1	0	1
ENSG00000285177	0	0	0
ENSG00000284770	7	39	7
ENSG00000229795	0	0	0
ENSG00000238236	0	0	0
ENSG00000235638	0	0	0
ENSG00000231199	0	0	0
ENSG00000226663	0	0	0
ENSG00000231582	0	0	0
ENSG00000232714	0	0	0
ENSG00000235761	0	0	0
ENSG00000270710	0	0	0
ENSG00000227236	0	0	0
ENSG00000198837	3247	3	3403
ENSG00000160741	1448	0	1448
ENSG00000276584	0	0	0
ENSG00000282386	5	1	4
ENSG00000273026	7	3	4
ENSG00000143578	54	8	65
ENSG00000143543	114	0	121
ENSG00000285641	0	5	0
ENSG00000143545	4	0	4
ENSG00000177954	24672	7	24665
ENSG00000231416	1	0	1
ENSG00000200220	0	0	0
ENSG00000231837	0	0	0
ENSG00000263987	0	0	0
ENSG00000162642	251	0	251
ENSG00000223254	0	0	0
ENSG00000223653	1	35	1
ENSG00000116198	501	0	501
ENSG00000169598	175	0	175
ENSG00000226653	0	0	0
ENSG00000207209	0	0	0
ENSG00000272443	0	0	0
ENSG00000272480	0	0	0
ENSG00000288626	0	0	0
ENSG00000162836	100	0	100
ENSG00000207080	0	0	0
ENSG00000231791	0	0	0
ENSG00000244568	0	0	0
ENSG00000271387	1	0	1
ENSG00000116667	333	1	332
ENSG00000230470	0	0	0
ENSG00000232036	0	0	0
ENSG00000285847	1	1	0
ENSG00000286378	0	0	0
ENSG00000215381	0	0	0
ENSG00000261326	41	0	41
ENSG00000284726	0	0	0
ENSG00000125945	194	7	193
ENSG00000201405	0	0	0
ENSG00000271420	0	0	0
ENSG00000204219	105	0	105
ENSG00000232482	0	0	0
ENSG00000285779	0	0	0
ENSG00000162885	93	37	152
ENSG00000270780	0	0	0
ENSG00000232895	0	0	0
ENSG00000273698	0	0	0
ENSG00000273112	99	1	98
ENSG00000173110	1669	4	1665
ENSG00000224203	6	6	0
ENSG00000224515	0	0	0
ENSG00000225217	322	0	322
ENSG00000231586	0	1	0
ENSG00000234211	2	28	0
ENSG00000213075	0	0	0
ENSG00000143125	0	0	0
ENSG00000270380	0	0	0
ENSG00000282887	0	0	0
ENSG00000283999	0	0	0
ENSG00000240194	0	0	0
ENSG00000235407	0	0	0
ENSG00000143105	0	0	0
ENSG00000199710	0	0	0
ENSG00000237415	0	0	0
ENSG00000232791	0	0	0
ENSG00000177301	18	0	18
ENSG00000226828	1	1	0
ENSG00000279774	1	0	1
ENSG00000229960	0	0	0
ENSG00000286486	0	0	0
ENSG00000244066	0	0	0
ENSG00000237759	0	0	0
ENSG00000287531	0	0	0
ENSG00000225855	41	429	15
ENSG00000283701	0	0	0
ENSG00000207134	0	0	0
ENSG00000227773	0	0	0
ENSG00000207144	0	0	0
ENSG00000237872	0	0	0
ENSG00000271267	3	3	0
ENSG00000225082	0	0	0
ENSG00000223503	1	1	0
ENSG00000232519	1	1	0
ENSG00000160752	306	6	697
ENSG00000121957	52	117	75
ENSG00000235089	0	0	0
ENSG00000285179	0	0	0
ENSG00000223026	0	0	0
ENSG00000225721	0	1952	3
ENSG00000188396	7	29	1
ENSG00000202167	0	0	0
ENSG00000207349	0	0	0
ENSG00000252826	0	0	0
ENSG00000206737	0	0	0
ENSG00000223779	1	0	1
ENSG00000242352	0	0	0
ENSG00000270962	0	0	0
ENSG00000263590	0	0	0
ENSG00000252105	0	0	0
ENSG00000233430	0	0	0
ENSG00000237503	0	0	0
ENSG00000265531	23	0	28
ENSG00000234571	3	8	0
ENSG00000230186	0	1	0
ENSG00000268074	0	0	0
ENSG00000270872	4	0	4
ENSG00000276674	0	0	0
ENSG00000082482	0	0	0
ENSG00000116747	292	7	315
ENSG00000118729	0	0	0
ENSG00000134207	0	0	0
ENSG00000163467	2	1	2
ENSG00000243710	4	1	4
ENSG00000117395	276	1	276
ENSG00000116874	62	8	68
ENSG00000065600	126	0	126
ENSG00000009780	106	0	106
ENSG00000023572	87	24	72
ENSG00000077254	895	1	894
ENSG00000134644	1353	5	1348
ENSG00000215788	469	9	507
ENSG00000117834	14	3	11
ENSG00000117625	561	1	560
ENSG00000179902	0	1	1
ENSG00000020633	3634	4	3630
ENSG00000121766	215	1	348
ENSG00000143157	873	2	871
ENSG00000162614	35	2	36
ENSG00000160781	107	0	108
ENSG00000143344	48	0	48
ENSG00000162613	1356	6	1350
ENSG00000116882	0	0	0
ENSG00000198758	0	0	0
ENSG00000117569	115	0	115
ENSG00000142856	59	38	59
ENSG00000158022	2	0	2
ENSG00000116396	84	0	84
ENSG00000058668	3707	6	3701
ENSG00000163875	574	0	574
ENSG00000282872	0	0	0
ENSG00000131238	5091	5	5086
ENSG00000171680	7	0	7
ENSG00000244457	0	0	0
ENSG00000116977	880	149	1333
ENSG00000229372	0	127	1
ENSG00000274975	0	0	0
ENSG00000229348	0	0	0
ENSG00000242485	433	14	491
ENSG00000264293	0	0	0
ENSG00000272455	18	0	18
ENSG00000225905	0	0	0
ENSG00000225285	0	0	0
ENSG00000179403	1	0	1
ENSG00000215915	12	0	12
ENSG00000236085	0	0	0
ENSG00000234441	0	0	0
ENSG00000227408	0	0	0
ENSG00000223635	0	0	0
ENSG00000135776	212	0	212
ENSG00000199672	0	0	0
ENSG00000201492	3	3	0
ENSG00000229367	0	0	0
ENSG00000135763	211	0	211
ENSG00000213028	1	1	0
ENSG00000225984	0	0	0
ENSG00000178828	0	0	0
ENSG00000235434	0	0	0
ENSG00000169914	166	0	166
ENSG00000188784	0	0	0
ENSG00000242688	0	0	0
ENSG00000177186	0	0	0
ENSG00000177174	0	0	0
ENSG00000269956	10	142	0
ENSG00000162456	1	0	1
ENSG00000079277	783	0	915
ENSG00000117407	2	0	2
ENSG00000237950	14	0	14
ENSG00000117408	433	2	431
ENSG00000285649	0	41	0
ENSG00000117410	2999	1	2998
ENSG00000159214	29	1	38
ENSG00000196517	24	9	25
ENSG00000227163	0	0	0
ENSG00000271647	0	0	0
ENSG00000239560	0	0	0
ENSG00000196539	0	0	0
ENSG00000229255	0	0	0
ENSG00000203661	0	0	0
ENSG00000271934	0	0	0
ENSG00000224521	1	0	1
ENSG00000227102	0	0	0
ENSG00000183310	0	0	0
ENSG00000201602	0	0	0
ENSG00000271701	0	0	0
ENSG00000189181	0	0	0
ENSG00000187238	0	0	0
ENSG00000185962	0	0	0
ENSG00000226947	0	0	0
ENSG00000285753	0	0	0
ENSG00000187223	0	0	0
ENSG00000159455	0	0	0
ENSG00000187173	0	0	0
ENSG00000204501	0	0	0
ENSG00000228229	0	0	0
ENSG00000204481	0	0	0
ENSG00000204479	0	0	0
ENSG00000172031	5	0	5
ENSG00000233228	0	0	0
ENSG00000224678	0	0	0
ENSG00000233401	0	0	0
ENSG00000273487	3	0	3
ENSG00000226773	0	0	0
ENSG00000274481	0	0	0
ENSG00000228594	63	0	63
ENSG00000286989	13	0	13
ENSG00000272106	37	3	37
ENSG00000189409	5	1	4
ENSG00000272004	0	96	1
ENSG00000189339	1356	9	1444
ENSG00000269737	56	55	1
ENSG00000215914	0	0	0
ENSG00000008128	50	0	51
ENSG00000268575	27	0	60
ENSG00000227775	269	308	1
ENSG00000008130	6269	9	6260
ENSG00000078369	6020	13	6007
ENSG00000178821	1	0	1
ENSG00000158477	17	0	17
ENSG00000230942	0	0	0
ENSG00000158481	282	0	282
ENSG00000158485	10	0	10
ENSG00000158488	34	0	34
ENSG00000186306	0	0	0
ENSG00000203758	0	0	0
ENSG00000236257	1	0	1
ENSG00000236656	0	0	0
ENSG00000198703	0	0	0
ENSG00000227445	0	0	0
ENSG00000231434	0	0	0
ENSG00000117505	970	4	1023
ENSG00000229635	1	1	0
ENSG00000207379	0	0	0
ENSG00000212601	0	0	0
ENSG00000162889	2153	2	2151
ENSG00000224114	110	6	104
ENSG00000199349	0	0	0
ENSG00000162892	55	538	2
ENSG00000162894	4527	5	5007
ENSG00000271680	12	12	0
ENSG00000226945	16	16	0
ENSG00000162896	2	0	2
ENSG00000162897	0	0	0
ENSG00000182795	6	0	6
ENSG00000198890	173	2	171
ENSG00000224550	0	0	0
ENSG00000142669	5567	3	8270
ENSG00000169442	2718	6	5362
ENSG00000225854	2	1	1
ENSG00000176083	154	0	154
ENSG00000229167	0	0	0
ENSG00000142910	4	0	4
ENSG00000162517	567	1	677
ENSG00000235790	0	1	0
ENSG00000264078	0	0	0
ENSG00000241745	0	0	0
ENSG00000228407	0	0	0
ENSG00000223429	0	0	0
ENSG00000224255	0	0	0
ENSG00000236004	0	0	0
ENSG00000237663	0	0	0
ENSG00000213735	0	0	0
ENSG00000272100	0	92	0
ENSG00000287078	1	0	1
ENSG00000224680	1	0	1
ENSG00000085840	10	0	10
ENSG00000283445	0	0	0
ENSG00000272226	2	2	0
ENSG00000231740	0	0	0
ENSG00000143751	468	2	466
ENSG00000272562	7	0	8
ENSG00000163041	7003	10	6994
ENSG00000225518	0	0	0
ENSG00000270598	0	0	0
ENSG00000182827	300	2	372
ENSG00000234478	0	74	0
ENSG00000223570	0	0	0
ENSG00000185155	1	0	1
ENSG00000236773	0	0	0
ENSG00000143753	787	0	787
ENSG00000201898	0	0	0
ENSG00000237101	0	29	1
ENSG00000143748	257	1	286
ENSG00000221406	0	0	0
ENSG00000229742	0	0	0
ENSG00000206887	0	0	0
ENSG00000143771	361	1	360
ENSG00000266618	0	0	0
ENSG00000229991	0	0	0
ENSG00000233384	0	0	0
ENSG00000234247	0	0	0
ENSG00000183682	43	68	1
ENSG00000237624	0	0	0
ENSG00000228060	4	393	0
ENSG00000201457	0	0	0
ENSG00000163909	3	0	3
ENSG00000225903	0	0	0
ENSG00000116983	123	0	123
ENSG00000225333	0	0	0
ENSG00000252413	0	0	0
ENSG00000090621	1279	4	1664
ENSG00000236994	0	0	0
ENSG00000275406	0	0	0
ENSG00000270287	0	0	0
ENSG00000229965	0	0	0
ENSG00000223282	0	0	0
ENSG00000177770	0	0	0
ENSG00000287627	0	0	0
ENSG00000283933	0	0	0
ENSG00000143369	9	0	9
ENSG00000228126	0	0	0
ENSG00000237781	42	89	99
ENSG00000264553	2	2	0
ENSG00000277452	5	0	5
ENSG00000274963	7	0	7
ENSG00000253047	0	0	0
ENSG00000143420	1548	7	1541
ENSG00000276103	1	0	1
ENSG00000143457	246	1	245
ENSG00000143452	16	0	16
ENSG00000206931	0	0	0
ENSG00000236713	0	0	0
ENSG00000224690	0	0	0
ENSG00000203804	2	165	69
ENSG00000143384	17577	20	17558
ENSG00000154342	0	0	0
ENSG00000276255	0	0	0
ENSG00000284163	0	0	0
ENSG00000143793	151	8	143
ENSG00000162910	164	0	164
ENSG00000224566	1	1	0
ENSG00000287895	1	0	1
ENSG00000280157	1	0	1
ENSG00000227625	0	0	0
ENSG00000198835	6	0	6
ENSG00000203684	1	0	1
ENSG00000181873	176	0	176
ENSG00000162913	17	4	18
ENSG00000269934	26	72	38
ENSG00000270110	7	8	0
ENSG00000286773	0	0	0
ENSG00000287315	34	116	13
ENSG00000270104	0	0	0
ENSG00000154370	399	0	522
ENSG00000270094	0	123	0
ENSG00000284311	0	0	0
ENSG00000162931	24	16	13
ENSG00000230841	0	0	0
ENSG00000266174	0	0	0
ENSG00000279306	0	0	0
ENSG00000215811	3	0	3
ENSG00000202056	0	0	0
ENSG00000251823	0	0	0
ENSG00000171960	185	0	331
ENSG00000234917	0	1	1
ENSG00000065978	7929	15	7914
ENSG00000164007	1	0	1
ENSG00000117385	370	0	370
