N_unmapped	1235384	1235384	1235384
N_multimapping	3779357	3779357	3779357
N_noFeature	1830806	34888335	2026231
N_ambiguous	3954454	64268	1556486
ENSG00000160072	460	1	459
ENSG00000234396	0	0	0
ENSG00000225972	19	0	19
ENSG00000224315	0	0	0
ENSG00000198744	17	0	17
ENSG00000279928	19	0	19
ENSG00000228037	45	4	41
ENSG00000142611	14	0	14
ENSG00000225630	1953	29	1924
ENSG00000284616	0	0	0
ENSG00000157911	106	831	196
ENSG00000269896	65	0	65
ENSG00000237973	282	5	314
ENSG00000228463	9	0	14
ENSG00000260972	0	0	0
ENSG00000157933	4018	6	4012
ENSG00000224340	1	1	0
ENSG00000226545	0	0	0
ENSG00000268663	0	0	0
ENSG00000226374	0	1	0
ENSG00000229280	0	0	0
ENSG00000142655	399	79	398
ENSG00000232596	0	0	0
ENSG00000235054	0	0	0
ENSG00000232663	0	0	0
ENSG00000240409	0	0	0
ENSG00000229344	6	1	5
ENSG00000231510	0	0	0
ENSG00000149527	412	8	404
ENSG00000284739	0	0	0
ENSG00000171621	164	0	164
ENSG00000272235	0	0	0
ENSG00000284694	0	0	0
ENSG00000230021	8	48	8
ENSG00000287356	12	7	7
ENSG00000224387	10	9	1
ENSG00000285629	0	0	0
ENSG00000173673	0	0	0
ENSG00000142583	172	0	172
ENSG00000284674	0	0	0
ENSG00000272161	1	0	1
ENSG00000237094	214	0	214
ENSG00000224338	0	0	0
ENSG00000074800	18216	5	18214
ENSG00000116786	2642	1	2970
ENSG00000287727	3	3	0
ENSG00000228423	0	0	0
ENSG00000286448	0	6	0
ENSG00000131686	76	36	68
ENSG00000229305	0	0	0
ENSG00000284703	2	0	2
ENSG00000226457	0	0	0
ENSG00000173614	389	2	387
ENSG00000248527	8493	297	8196
ENSG00000215720	0	0	0
ENSG00000241326	0	0	0
ENSG00000233623	1	0	1
ENSG00000162592	1	62	0
ENSG00000116254	15	0	15
ENSG00000233645	0	0	0
ENSG00000204624	13	0	15
ENSG00000142606	8	95	20
ENSG00000235146	0	0	0
ENSG00000225931	16	3	13
ENSG00000171729	56	0	57
ENSG00000279457	111	0	111
ENSG00000162571	13	3	10
ENSG00000229393	5	3	2
ENSG00000037637	1367	0	1367
ENSG00000287586	59	0	59
ENSG00000159423	158	0	158
ENSG00000142599	7617	48	7570
ENSG00000227169	0	0	0
ENSG00000283356	0	0	0
ENSG00000011021	962	1	988
ENSG00000142615	1	1	0
ENSG00000215704	4	14	0
ENSG00000157916	2565	92	3394
ENSG00000157881	1011	0	1011
ENSG00000238290	0	0	0
ENSG00000225387	0	0	0
ENSG00000048707	4361	0	4361
ENSG00000158748	27	0	27
ENSG00000225196	0	0	0
ENSG00000162444	488	0	488
ENSG00000279625	0	1	0
ENSG00000180758	209	0	209
ENSG00000184677	2903	1	2902
ENSG00000230679	1	2	2
ENSG00000270136	0	0	0
ENSG00000288398	194	0	194
ENSG00000224621	0	0	0
ENSG00000285833	0	2	0
ENSG00000131697	429	0	435
ENSG00000284692	0	0	0
ENSG00000284745	0	0	0
ENSG00000280222	0	0	0
ENSG00000227634	0	0	0
ENSG00000285945	0	0	0
ENSG00000229162	7	0	7
ENSG00000197921	0	0	0
ENSG00000233755	2	0	3
ENSG00000233929	0	0	0
ENSG00000271742	0	0	0
ENSG00000226396	23	0	23
ENSG00000169504	1603	0	1603
ENSG00000234166	0	44	0
ENSG00000235282	0	0	0
ENSG00000055070	3485	4	5441
ENSG00000175087	734	1	733
ENSG00000157191	4127	14	4113
ENSG00000284699	0	0	0
ENSG00000230035	0	0	0
ENSG00000235185	0	0	0
ENSG00000225643	12	0	12
ENSG00000284666	0	0	0
ENSG00000228943	1	1	0
ENSG00000234397	0	0	0
ENSG00000284309	0	0	0
ENSG00000162511	35018	18	61078
ENSG00000158014	0	0	0
ENSG00000204138	1632	0	1632
ENSG00000233419	0	0	0
ENSG00000235263	0	0	0
ENSG00000228176	0	0	0
ENSG00000231251	0	0	0
ENSG00000142675	105	0	105
ENSG00000197245	1	0	1
ENSG00000261025	1	0	1
ENSG00000116237	1543	2	1620
ENSG00000130772	618	0	618
ENSG00000215899	0	0	0
ENSG00000271398	5	5	0
ENSG00000225011	0	0	0
ENSG00000235069	0	0	0
ENSG00000284676	0	0	0
ENSG00000237058	1	1	0
ENSG00000233399	0	0	0
ENSG00000090020	1693	0	1693
ENSG00000157978	7191	2	7189
ENSG00000226944	0	0	0
ENSG00000270282	0	0	0
ENSG00000130770	926	47	1406
ENSG00000229044	0	307	0
ENSG00000162512	158	0	158
ENSG00000158006	1426	0	1426
ENSG00000214812	1	0	1
ENSG00000126698	3487	7	3480
ENSG00000229447	2	0	2
ENSG00000229607	0	0	0
ENSG00000130766	661	0	661
ENSG00000168528	101	0	101
ENSG00000196581	42	0	42
ENSG00000169403	10334	2	10332
ENSG00000084628	0	0	0
ENSG00000060688	1424	0	1424
ENSG00000171612	176	0	176
ENSG00000270927	0	0	0
ENSG00000188910	0	0	0
ENSG00000230523	0	0	0
ENSG00000116138	1210	240	1099
ENSG00000158161	1529	0	1529
ENSG00000142684	0	0	139
ENSG00000234619	0	0	0
ENSG00000121769	28	29	0
ENSG00000142627	83	0	83
ENSG00000284668	0	0	0
ENSG00000233234	0	0	0
ENSG00000142632	211	0	255
ENSG00000234593	0	0	0
ENSG00000158292	57	0	57
ENSG00000270605	99	2	100
ENSG00000189337	81	1	89
ENSG00000232912	80	1	80
ENSG00000235084	3	0	3
ENSG00000235143	0	0	0
ENSG00000225478	0	0	0
ENSG00000225077	2	65	2
ENSG00000028137	21098	6	21092
ENSG00000238249	3	1	2
ENSG00000204464	0	0	0
ENSG00000233372	3	0	3
ENSG00000283259	0	0	0
ENSG00000284543	8	0	8
ENSG00000130939	3001	1	3000
ENSG00000175147	1	10	1
ENSG00000127472	1	0	1
ENSG00000060656	6	0	6
ENSG00000163867	520	2	518
ENSG00000232768	0	0	0
ENSG00000230214	0	0	0
ENSG00000189280	4	4	0
ENSG00000134698	5894	0	5894
ENSG00000134690	129	0	129
ENSG00000272420	7	0	7
ENSG00000132881	84	0	84
ENSG00000273274	0	0	0
ENSG00000116251	4562	2	4562
ENSG00000272510	2	35	13
ENSG00000158286	35	14	37
ENSG00000236648	0	0	0
ENSG00000232273	1	0	1
ENSG00000009709	0	0	0
ENSG00000287396	0	0	0
ENSG00000223589	0	0	0
ENSG00000158008	2	1	1
ENSG00000130940	189	0	341
ENSG00000116771	331	6	408
ENSG00000237301	13	13	0
ENSG00000162585	473	177	505
ENSG00000163879	1	5	1
ENSG00000227527	3	3	0
ENSG00000116954	654	0	654
ENSG00000228589	4	0	4
ENSG00000163873	3	0	3
ENSG00000117215	28	0	28
ENSG00000196449	291	11	345
ENSG00000230163	0	62	0
ENSG00000227538	0	0	0
ENSG00000232208	58	0	58
ENSG00000236500	0	0	0
ENSG00000044012	0	0	0
ENSG00000179051	4250	2	4977
ENSG00000215895	0	0	0
ENSG00000231868	0	6	0
ENSG00000284650	0	0	0
ENSG00000237329	0	0	0
ENSG00000236948	2	0	2
ENSG00000126067	2134	0	2134
ENSG00000274944	0	0	0
ENSG00000132906	660	0	670
ENSG00000197312	2082	0	2082
ENSG00000284748	0	0	0
ENSG00000272078	15	167	0
ENSG00000173660	1925	1	1924
ENSG00000224592	0	0	0
ENSG00000233728	0	30	1
ENSG00000230451	0	0	0
ENSG00000231606	0	0	0
ENSG00000215900	0	0	0
ENSG00000284632	0	0	0
ENSG00000241014	10	0	10
ENSG00000054118	8590	8	8582
ENSG00000254553	0	0	0
ENSG00000284653	0	0	0
ENSG00000237749	2	0	2
ENSG00000276747	11	0	11
ENSG00000284705	0	0	0
ENSG00000228776	0	0	0
ENSG00000159339	3497	2	3495
ENSG00000223814	0	0	0
ENSG00000197982	188	60	194
ENSG00000261781	0	0	0
ENSG00000183317	1	0	1
ENSG00000183386	1216	0	1216
ENSG00000284743	0	0	0
ENSG00000158315	2	7	0
ENSG00000204084	1249	0	1458
ENSG00000186973	0	0	0
ENSG00000271806	8	44	11
ENSG00000146463	2105	2	2371
ENSG00000279214	1	0	1
ENSG00000183520	695	0	695
ENSG00000271741	0	0	0
ENSG00000214141	0	0	0
ENSG00000142686	315	0	315
ENSG00000224751	0	0	0
ENSG00000279096	0	0	0
ENSG00000117148	0	0	0
ENSG00000230585	5	6	0
ENSG00000117000	1581	0	1581
ENSG00000284989	0	0	0
ENSG00000231630	0	0	0
ENSG00000092853	92	0	102
ENSG00000255811	0	0	0
ENSG00000134697	1288	1	1292
ENSG00000187513	6	0	6
ENSG00000238145	0	0	0
ENSG00000225142	0	0	0
ENSG00000230138	72	0	72
ENSG00000223390	0	24	1
ENSG00000285823	0	1	0
ENSG00000284720	0	0	0
ENSG00000225028	0	0	0
ENSG00000225671	0	0	0
ENSG00000116151	100	1	101
ENSG00000226147	1	0	1
ENSG00000182873	70	36	40
ENSG00000006555	338	0	338
ENSG00000236111	0	0	0
ENSG00000066056	74	1	73
ENSG00000214114	651	17	634
ENSG00000173436	277	8	277
ENSG00000116544	45	0	45
ENSG00000231900	0	0	0
ENSG00000236723	0	362	8
ENSG00000232467	0	0	0
ENSG00000117016	199	0	199
ENSG00000121310	802	6	796
ENSG00000169213	2	0	2
ENSG00000163866	935	2	995
ENSG00000225779	0	0	0
ENSG00000284601	0	0	0
ENSG00000237130	0	0	0
ENSG00000143001	0	0	0
ENSG00000229716	0	0	0
ENSG00000226133	0	0	0
ENSG00000227416	0	0	0
ENSG00000232335	0	10	0
ENSG00000260971	0	0	0
ENSG00000259832	0	0	0
ENSG00000284696	0	0	0
ENSG00000238242	0	0	0
ENSG00000285839	0	0	0
ENSG00000237290	0	0	0
ENSG00000232762	0	0	0
ENSG00000117419	543	1	542
ENSG00000162384	897	35	929
ENSG00000162391	2	12	0
ENSG00000174348	41	0	46
ENSG00000154198	0	0	0
ENSG00000117859	2454	61	2428
ENSG00000228121	0	0	0
ENSG00000253313	0	0	0
ENSG00000162396	146	0	146
ENSG00000203995	8	1	7
ENSG00000227742	0	0	0
ENSG00000284686	0	0	0
ENSG00000162378	1648	0	1648
ENSG00000233079	1	0	1
ENSG00000259818	0	0	0
ENSG00000229444	0	0	1
ENSG00000240563	47	0	47
ENSG00000234318	1	0	1
ENSG00000284773	20	1	19
ENSG00000234481	0	0	0
ENSG00000117862	144	1	144
ENSG00000235612	0	0	0
ENSG00000228369	0	0	0
ENSG00000183431	3356	5	3351
ENSG00000227485	0	0	0
ENSG00000224609	1	0	1
ENSG00000235545	2	0	2
ENSG00000236646	0	0	0
ENSG00000169174	0	0	0
ENSG00000232198	0	0	0
ENSG00000238063	3	1	2
ENSG00000227104	0	0	0
ENSG00000243725	18	0	18
ENSG00000171872	0	0	0
ENSG00000162407	25	0	25
ENSG00000285079	0	0	0
ENSG00000169218	0	0	0
ENSG00000163877	1135	6	1129
ENSG00000228929	6	0	6
ENSG00000224570	0	0	0
ENSG00000224980	0	0	0
ENSG00000278967	0	1	0
ENSG00000157184	257	50	644
ENSG00000272491	2	0	6
ENSG00000198815	3357	9	3348
ENSG00000134744	3541	6	3535
ENSG00000233910	0	0	0
ENSG00000287703	0	0	0
ENSG00000283039	0	0	0
ENSG00000229032	0	0	0
ENSG00000229294	0	0	0
ENSG00000232993	0	5	0
ENSG00000234088	0	0	0
ENSG00000236973	0	0	0
ENSG00000227947	0	0	0
ENSG00000277397	0	0	0
ENSG00000271200	1	0	1
ENSG00000235446	0	0	0
ENSG00000261196	0	0	0
ENSG00000162385	905	1	904
ENSG00000231413	0	0	0
ENSG00000234264	0	0	0
ENSG00000242391	0	0	0
ENSG00000223883	0	0	0
ENSG00000284808	0	0	0
ENSG00000242267	0	0	0
ENSG00000237227	0	0	0
ENSG00000275350	0	0	0
ENSG00000116652	5	0	6
ENSG00000123080	223	1	223
ENSG00000285778	0	0	0
ENSG00000077549	12036	8	12036
ENSG00000233407	0	0	0
ENSG00000225675	9	0	11
ENSG00000237622	0	0	0
ENSG00000162598	4	0	4
ENSG00000280317	0	0	0
ENSG00000162415	77	0	77
ENSG00000162600	775	0	775
ENSG00000116704	1228	0	1228
ENSG00000227644	0	0	0
ENSG00000157193	264	7	328
ENSG00000116205	1023	0	1047
ENSG00000198841	109	0	109
ENSG00000116212	255	0	255
ENSG00000234204	0	0	0
ENSG00000233099	1	0	1
ENSG00000233994	2	0	2
ENSG00000237180	0	0	0
ENSG00000213561	0	0	0
ENSG00000233973	0	0	0
ENSG00000237552	0	0	0
ENSG00000132854	0	0	0
ENSG00000227556	0	0	0
ENSG00000162616	303	2	302
ENSG00000162607	2326	2	2324
ENSG00000233602	3	0	3
ENSG00000233271	0	0	0
ENSG00000285954	42	42	0
ENSG00000233333	0	0	0
ENSG00000154027	447	0	448
ENSG00000234108	0	0	0
ENSG00000232676	0	0	0
ENSG00000225167	0	0	0
ENSG00000132122	227	0	227
ENSG00000213579	0	0	0
ENSG00000137960	4	0	4
ENSG00000237852	1	0	1
ENSG00000116745	0	0	0
ENSG00000132855	0	0	0
ENSG00000285407	0	0	0
ENSG00000272855	1	0	1
ENSG00000270549	0	0	0
ENSG00000237163	0	0	0
ENSG00000229636	0	0	0
ENSG00000116675	35	0	35
ENSG00000162433	22	0	22
ENSG00000213625	1882	0	1882
ENSG00000227207	0	0	0
ENSG00000227016	0	0	0
ENSG00000233664	0	0	0
ENSG00000158966	172	0	172
ENSG00000213703	0	0	0
ENSG00000203965	149	1	151
ENSG00000223479	0	0	0
ENSG00000233674	0	0	0
ENSG00000153898	208	0	208
ENSG00000117069	0	0	0
ENSG00000125703	745	0	745
ENSG00000285041	0	0	0
ENSG00000285808	0	0	0
ENSG00000229440	0	0	0
ENSG00000234144	0	0	0
ENSG00000213540	0	0	0
ENSG00000277670	0	0	0
ENSG00000227466	0	0	0
ENSG00000154007	0	0	0
ENSG00000230498	0	0	0
ENSG00000285782	0	0	0
ENSG00000162618	1	0	1
ENSG00000224493	0	0	0
ENSG00000131233	0	0	0
ENSG00000272371	0	0	0
ENSG00000287647	2	2	1
ENSG00000229225	0	0	0
ENSG00000230863	0	0	0
ENSG00000213560	0	0	0
ENSG00000287224	0	0	0
ENSG00000225598	0	0	0
ENSG00000286455	0	0	0
ENSG00000225087	0	0	0
ENSG00000224986	0	0	0
ENSG00000280378	16	0	16
ENSG00000188786	2089	6	2084
ENSG00000230053	0	0	0
ENSG00000137941	27	1	26
ENSG00000273338	0	0	0
ENSG00000223720	0	0	0
ENSG00000224326	0	0	0
ENSG00000286548	7	1	7
ENSG00000066135	700	2	993
ENSG00000230027	0	0	0
ENSG00000233061	0	0	0
ENSG00000272094	0	0	0
ENSG00000228853	0	0	0
ENSG00000215874	1	0	1
ENSG00000232453	15	3	12
ENSG00000260386	1	0	1
ENSG00000284895	0	0	0
ENSG00000117174	1001	2	1000
ENSG00000237413	0	0	0
ENSG00000184313	1	0	1
ENSG00000284645	0	0	0
ENSG00000225605	0	0	0
ENSG00000225446	0	0	0
ENSG00000288543	0	0	0
ENSG00000122420	0	0	0
ENSG00000284240	0	0	0
ENSG00000236290	0	0	0
ENSG00000143013	1012	0	1012
ENSG00000226084	49	0	49
ENSG00000134748	2966	4	2962
ENSG00000142892	1472	0	1472
ENSG00000219102	6	0	6
ENSG00000184005	94	1	93
ENSG00000230953	28	28	0
ENSG00000287743	0	0	0
ENSG00000229332	0	0	0
ENSG00000227937	0	0	0
ENSG00000229752	0	0	0
ENSG00000237505	3	1	2
ENSG00000285462	0	0	0
ENSG00000233216	0	0	0
ENSG00000197273	0	0	0
ENSG00000226804	0	0	0
ENSG00000285325	0	0	0
ENSG00000230728	0	0	0
ENSG00000162402	6680	0	6680
ENSG00000232846	0	0	0
ENSG00000219201	8	0	8
ENSG00000230787	0	0	0
ENSG00000116641	297	7	291
ENSG00000235927	2	8	2
ENSG00000223920	0	0	0
ENSG00000237453	1	1	0
ENSG00000172260	53	1	53
ENSG00000285473	0	0	0
ENSG00000237959	0	0	0
ENSG00000231364	1	1	0
ENSG00000234578	0	2	0
ENSG00000117480	223	0	223
ENSG00000137944	567	1	566
ENSG00000229505	0	0	0
ENSG00000228187	0	0	0
ENSG00000285201	0	0	0
ENSG00000182183	397	1	396
ENSG00000236407	0	0	0
ENSG00000271949	0	0	0
ENSG00000227062	0	0	0
ENSG00000067334	2110	2	2108
ENSG00000235011	0	0	0
ENSG00000235673	1	1	0
ENSG00000226938	0	0	0
ENSG00000213559	0	0	0
ENSG00000287587	0	0	0
ENSG00000142949	75	0	75
ENSG00000116133	195	14	214
ENSG00000232882	1	0	1
ENSG00000171502	69	0	69
ENSG00000162399	1	0	1
ENSG00000116157	343	1	342
ENSG00000143036	10	0	10
ENSG00000232672	0	0	0
ENSG00000230817	0	0	0
ENSG00000235613	0	0	0
ENSG00000065243	2874	1	2873
ENSG00000226759	0	0	0
ENSG00000226960	0	0	0
ENSG00000234080	0	0	0
ENSG00000237899	6	0	6
ENSG00000225492	11	0	11
ENSG00000223905	0	0	0
ENSG00000227290	0	0	0
ENSG00000229486	0	0	0
ENSG00000282898	0	0	0
ENSG00000285409	0	0	0
ENSG00000231090	7	0	7
ENSG00000117528	1049	1	1048
ENSG00000271723	0	0	0
ENSG00000172339	77	0	77
ENSG00000036549	1797	0	1797
ENSG00000287724	0	25	0
ENSG00000058799	963	0	963
ENSG00000225191	0	0	0
ENSG00000287870	1	0	1
ENSG00000235563	0	0	0
ENSG00000232048	0	0	0
ENSG00000232857	0	0	0
ENSG00000273637	0	0	0
ENSG00000203985	2	0	2
ENSG00000228838	0	7	0
ENSG00000283761	2	0	2
ENSG00000189433	0	0	0
ENSG00000230759	0	0	0
ENSG00000231866	0	0	0
ENSG00000179178	2	0	2
ENSG00000142700	0	0	0
ENSG00000285525	0	0	0
ENSG00000236098	0	0	0
ENSG00000233514	1	0	1
ENSG00000127124	809	0	809
ENSG00000266993	14	60	9
ENSG00000223675	0	0	0
ENSG00000162604	480	0	480
ENSG00000229316	0	0	0
ENSG00000116171	2426	1	2433
ENSG00000287406	0	0	0
ENSG00000225767	0	0	0
ENSG00000234099	0	0	0
ENSG00000137936	63	8	69
ENSG00000235308	4	4	0
ENSG00000232752	0	0	0
ENSG00000235829	0	0	0
ENSG00000143032	0	0	0
ENSG00000226745	0	0	0
ENSG00000178028	1304	3	1301
ENSG00000280040	0	0	0
ENSG00000168710	3298	1	3297
ENSG00000117519	82	0	82
ENSG00000270507	0	0	0
ENSG00000238037	0	0	0
ENSG00000215869	3	0	3
ENSG00000134215	2218	0	2218
ENSG00000227935	0	0	0
ENSG00000229887	0	0	0
ENSG00000228502	34	0	34
ENSG00000236268	0	0	0
ENSG00000271277	0	0	0
ENSG00000236888	0	0	0
ENSG00000279778	0	0	0
ENSG00000232015	0	0	0
ENSG00000230955	0	209	0
ENSG00000230828	0	0	0
ENSG00000188641	4968	2	5367
ENSG00000152078	18	0	18
ENSG00000237279	0	0	0
ENSG00000233359	0	0	0
ENSG00000237954	0	0	0
ENSG00000185668	3	0	3
ENSG00000171492	1965	0	1965
ENSG00000233129	0	0	0
ENSG00000170989	8623	3	8621
ENSG00000258634	198	0	292
ENSG00000233557	0	0	0
ENSG00000237897	0	0	0
ENSG00000116299	2319	1	2319
ENSG00000137962	24	0	24
ENSG00000227832	0	0	0
ENSG00000286692	0	0	0
ENSG00000260464	18	0	18
ENSG00000237435	0	0	0
ENSG00000231996	0	0	0
ENSG00000273204	3	6	0
ENSG00000079739	1078	7	1182
ENSG00000117154	0	0	0
ENSG00000162377	335	19	316
ENSG00000224613	0	0	0
ENSG00000215871	0	0	0
ENSG00000287372	0	0	0
ENSG00000232542	0	0	0
ENSG00000231095	0	0	0
ENSG00000116774	2	0	2
ENSG00000287756	0	0	0
ENSG00000269113	1	0	1
ENSG00000284652	1	0	1
ENSG00000023909	636	0	636
ENSG00000069702	2402	2	2400
ENSG00000232185	0	0	0
ENSG00000230489	13	0	13
ENSG00000228399	2	0	2
ENSG00000236776	0	0	0
ENSG00000285928	10	10	0
ENSG00000224685	0	0	0
ENSG00000287076	0	0	0
ENSG00000237480	0	0	0
ENSG00000271252	0	0	0
ENSG00000230427	0	0	0
ENSG00000235794	0	0	0
ENSG00000286758	0	0	0
ENSG00000237337	0	0	0
ENSG00000233983	0	0	0
ENSG00000198198	3214	140	3631
ENSG00000225183	0	0	0
ENSG00000230402	0	0	0
ENSG00000116793	525	1	524
ENSG00000134201	12	0	12
ENSG00000238122	0	0	0
ENSG00000260879	0	70	0
ENSG00000213366	631	0	631
ENSG00000230864	0	0	0
ENSG00000283354	0	0	0
ENSG00000232918	0	0	0
ENSG00000236360	0	7	1
ENSG00000183298	1	0	22
ENSG00000234332	24	1	23
ENSG00000117525	1	0	1
ENSG00000225079	54	0	54
ENSG00000226483	0	0	0
ENSG00000224238	0	0	0
ENSG00000229537	0	0	0
ENSG00000162699	0	0	0
ENSG00000162692	5	0	5
ENSG00000203914	1	0	1
ENSG00000270457	0	0	0
ENSG00000203858	0	0	0
ENSG00000231987	0	0	0
ENSG00000228057	3	0	3
ENSG00000261593	0	0	0
ENSG00000224445	0	0	0
ENSG00000229842	0	0	0
ENSG00000270631	0	0	0
ENSG00000229201	0	0	0
ENSG00000181656	6	4	2
ENSG00000122481	58	0	58
ENSG00000198162	2379	1	2378
ENSG00000238198	13	2	11
ENSG00000171517	16	0	16
ENSG00000228852	12	12	0
ENSG00000203864	0	0	0
ENSG00000233482	0	0	0
ENSG00000230250	0	0	0
ENSG00000232878	0	401	0
ENSG00000143079	157	0	157
ENSG00000232450	20	0	20
ENSG00000223575	0	0	0
ENSG00000230768	0	0	0
ENSG00000235202	0	0	0
ENSG00000272715	0	0	0
ENSG00000235038	0	0	0
ENSG00000143093	1952	1	1951
ENSG00000226415	8	0	8
ENSG00000085491	1192	5	1261
ENSG00000173947	15	0	15
ENSG00000241361	2	0	2
ENSG00000230434	0	0	0
ENSG00000230718	0	0	0
ENSG00000134198	1048	0	1048
ENSG00000235595	0	0	0
ENSG00000226053	0	0	0
ENSG00000226128	0	0	0
ENSG00000198799	1239	1	1415
ENSG00000279513	0	0	0
ENSG00000117620	620	4	618
ENSG00000280186	0	0	0
ENSG00000223906	1	1	0
ENSG00000162688	1315	0	1315
ENSG00000197106	0	0	0
ENSG00000259946	0	0	0
ENSG00000236137	1	110	1
ENSG00000203859	0	0	0
ENSG00000228086	1	202	0
ENSG00000213421	1	0	1
ENSG00000234020	0	0	0
ENSG00000060718	0	0	0
ENSG00000236804	0	0	0
ENSG00000231072	0	0	0
ENSG00000273406	0	0	0
ENSG00000185946	925	1	924
ENSG00000162627	6	0	6
ENSG00000226715	0	21	0
ENSG00000162695	1408	2	1406
ENSG00000134184	345	0	464
ENSG00000265808	2365	0	2365
ENSG00000261290	0	0	0
ENSG00000225923	0	0	0
ENSG00000134247	78	0	78
ENSG00000187481	0	0	0
ENSG00000116752	840	0	840
ENSG00000162664	812	2	810
ENSG00000236866	0	0	0
ENSG00000134253	7	2	5
ENSG00000277655	0	0	0
ENSG00000223416	1	0	1
ENSG00000213226	0	0	0
ENSG00000179571	2	0	2
ENSG00000227850	2	0	2
ENSG00000243967	0	0	0
ENSG00000235777	1	1	0
ENSG00000260246	1	120	0
ENSG00000173218	353	1	352
ENSG00000285532	0	0	0
ENSG00000226755	0	0	0
ENSG00000232650	0	0	0
ENSG00000183508	3105	0	3105
ENSG00000277095	0	0	0
ENSG00000236806	2	0	2
ENSG00000234283	1	1	0
ENSG00000237188	1	0	1
ENSG00000232780	0	0	0
ENSG00000274927	0	0	0
ENSG00000264145	0	0	0
ENSG00000238256	0	0	0
ENSG00000198765	0	0	0
ENSG00000224335	0	0	0
ENSG00000277702	0	0	0
ENSG00000143398	1873	0	1873
ENSG00000196505	1018	7	1015
ENSG00000225871	21	72	0
ENSG00000223489	0	0	0
ENSG00000230546	0	0	0
ENSG00000213262	2	2	0
ENSG00000287015	0	0	0
ENSG00000241720	0	28	0
ENSG00000235526	0	0	0
ENSG00000228347	0	0	0
ENSG00000276975	0	0	0
ENSG00000236012	0	0	0
ENSG00000270911	3	3	0
ENSG00000272824	5	0	5
ENSG00000134200	1	1	0
ENSG00000234257	0	0	0
ENSG00000065183	1419	5	1539
ENSG00000227082	5	0	5
ENSG00000228626	0	0	0
ENSG00000226126	0	0	0
ENSG00000163393	563	0	563
ENSG00000163156	1030	11	1026
ENSG00000143631	4	5	0
ENSG00000156150	0	94	0
ENSG00000228453	0	0	0
ENSG00000274642	0	0	0
ENSG00000177551	0	0	0
ENSG00000197323	3242	0	3242
ENSG00000237975	0	0	1
ENSG00000261168	1	0	1
ENSG00000287980	0	0	0
ENSG00000229283	0	0	0
ENSG00000271419	0	0	0
ENSG00000226172	0	0	0
ENSG00000079335	1519	25	1695
ENSG00000143119	22447	6	22441
ENSG00000237278	0	177	0
ENSG00000285062	0	0	0
ENSG00000233432	0	0	0
ENSG00000227700	0	0	0
ENSG00000229911	0	0	0
ENSG00000143520	0	0	0
ENSG00000171943	291	7	285
ENSG00000270719	0	0	0
ENSG00000155761	13	121	13
ENSG00000230806	0	0	0
ENSG00000116830	717	0	717
ENSG00000234422	0	0	0
ENSG00000227056	1	1	0
ENSG00000143614	3761	3	3759
ENSG00000227091	0	0	0
ENSG00000169418	0	0	0
ENSG00000214204	0	0	0
ENSG00000081026	166	17	149
ENSG00000225650	0	0	0
ENSG00000227179	0	0	0
ENSG00000224965	2	0	2
ENSG00000228127	0	0	0
ENSG00000226984	1	1	0
ENSG00000186150	0	0	0
ENSG00000143554	910	3	907
ENSG00000143458	1639	1	1638
ENSG00000230932	0	0	0
ENSG00000073754	0	0	0
ENSG00000228826	2	0	2
ENSG00000233907	0	0	0
ENSG00000225036	0	0	0
ENSG00000228420	0	0	0
ENSG00000233839	0	0	0
ENSG00000250890	0	0	0
ENSG00000232240	0	0	0
ENSG00000280649	53	24	81
ENSG00000131781	338	65	312
ENSG00000223599	4	0	4
ENSG00000230921	0	0	0
ENSG00000286151	15	0	15
ENSG00000234388	0	0	0
ENSG00000235015	0	0	0
ENSG00000271736	51	0	51
ENSG00000235988	1	0	1
ENSG00000233717	0	0	0
ENSG00000231551	138	43	95
ENSG00000227295	7	0	7
ENSG00000163155	103	63	56
ENSG00000243613	0	180	0
ENSG00000241975	15	0	15
ENSG00000271143	0	0	0
ENSG00000270976	0	0	0
ENSG00000228217	1	0	1
ENSG00000270342	0	0	0
ENSG00000143552	3	1	2
ENSG00000175984	53	0	53
ENSG00000231100	0	0	0
ENSG00000116824	5670	2	5668
ENSG00000235887	1	0	1
ENSG00000237460	0	0	0
ENSG00000236327	0	0	0
ENSG00000223804	98	49	49
ENSG00000236887	0	0	0
ENSG00000024526	24	0	30
ENSG00000236480	0	0	0
ENSG00000235756	0	0	0
ENSG00000173810	0	0	0
ENSG00000235005	0	0	0
ENSG00000271890	0	0	0
ENSG00000238107	0	0	0
ENSG00000227425	0	0	0
ENSG00000233222	0	40	0
ENSG00000225279	1	0	1
ENSG00000229101	0	0	0
ENSG00000224927	0	0	0
ENSG00000239216	0	0	0
ENSG00000283360	6	5	1
ENSG00000117262	128	0	128
ENSG00000227907	2	2	0
ENSG00000143624	3317	3	3688
ENSG00000227970	0	0	0
ENSG00000261055	11	0	11
ENSG00000231613	3	0	3
ENSG00000137947	1526	0	1526
ENSG00000236689	0	0	0
ENSG00000233589	0	6	0
ENSG00000117586	305	0	305
ENSG00000230946	0	0	0
ENSG00000226028	0	0	0
ENSG00000162728	0	1	0
ENSG00000229021	0	0	0
ENSG00000203825	0	0	0
ENSG00000184371	444	0	444
ENSG00000233449	0	0	0
ENSG00000242943	0	0	0
ENSG00000233203	0	0	0
ENSG00000232499	1	0	1
ENSG00000232265	1	0	1
ENSG00000163154	1990	1	2001
ENSG00000232995	18	0	18
ENSG00000236957	0	0	0
ENSG00000238087	0	0	0
ENSG00000227777	3	3	0
ENSG00000177173	6	0	6
ENSG00000277406	135	0	135
ENSG00000238022	0	0	0
ENSG00000231671	4	0	4
ENSG00000162729	1251	0	1252
ENSG00000143158	582	58	767
ENSG00000271092	6	0	6
ENSG00000238118	2	0	3
ENSG00000276118	0	0	0
ENSG00000232148	0	0	0
ENSG00000278811	28	95	18
ENSG00000000460	187	322	224
ENSG00000188859	5	0	5
ENSG00000275075	0	0	0
ENSG00000135862	566	1	565
ENSG00000232952	0	0	0
ENSG00000158473	1497	0	1497
ENSG00000227722	0	0	0
ENSG00000285922	0	0	0
ENSG00000275801	5	0	5
ENSG00000143198	719	0	719
ENSG00000143318	8	3	5
ENSG00000232188	0	0	0
ENSG00000232212	0	0	0
ENSG00000143621	3872	23	3858
ENSG00000241042	0	0	0
ENSG00000143155	1485	0	1485
ENSG00000260322	0	0	0
ENSG00000223495	0	0	0
ENSG00000143156	141	10	175
ENSG00000198771	13681	37	14008
ENSG00000225462	0	0	0
ENSG00000237756	0	0	0
ENSG00000116147	19	0	20
ENSG00000213064	3607	1	4060
ENSG00000203307	0	0	0
ENSG00000143179	351	0	445
ENSG00000271187	0	0	0
ENSG00000274562	0	0	0
ENSG00000143315	646	0	646
ENSG00000116199	1597	0	1597
ENSG00000231175	0	0	0
ENSG00000143185	179	1	178
ENSG00000235145	1	0	1
ENSG00000116260	2372	0	2372
ENSG00000272931	15	0	15
ENSG00000143190	1382	1	1521
ENSG00000225475	1	0	1
ENSG00000230898	0	0	0
ENSG00000232223	0	0	0
ENSG00000224698	0	1	0
ENSG00000287697	3	9	6
ENSG00000075945	868	0	931
ENSG00000235303	0	0	0
ENSG00000234810	5	0	5
ENSG00000232750	1	1	0
ENSG00000224468	2	2	0
ENSG00000235628	0	0	0
ENSG00000232551	0	0	0
ENSG00000092607	0	0	0
ENSG00000238270	0	0	0
ENSG00000285894	0	0	0
ENSG00000236025	0	0	0
ENSG00000230687	0	0	0
ENSG00000230704	0	0	0
ENSG00000283255	0	0	0
ENSG00000227741	11	191	4
ENSG00000237049	0	0	0
ENSG00000286754	0	0	0
ENSG00000232751	0	0	0
ENSG00000236364	5	99	0
ENSG00000117091	3963	11	9209
ENSG00000235378	0	1	0
ENSG00000143171	0	0	0
ENSG00000275767	0	0	0
ENSG00000224718	0	0	0
ENSG00000047410	9802	12	10176
ENSG00000231992	0	0	0
ENSG00000018625	4	0	4
ENSG00000171806	246	1	276
ENSG00000287919	0	0	0
ENSG00000229914	3	0	3
ENSG00000233882	0	0	0
ENSG00000198358	1	2	0
ENSG00000229407	0	0	0
ENSG00000134216	0	0	0
ENSG00000230748	0	0	0
ENSG00000254154	1	0	1
ENSG00000162694	170	0	173
ENSG00000238108	0	0	0
ENSG00000214262	0	454	0
ENSG00000183853	1	0	1
ENSG00000215835	22	0	22
ENSG00000118197	881	0	883
ENSG00000135842	10147	5	10142
ENSG00000229258	1	0	1
ENSG00000287472	0	0	0
ENSG00000241318	0	0	0
ENSG00000228238	10	0	10
ENSG00000232393	0	0	0
ENSG00000121454	68	166	0
ENSG00000184155	0	0	0
ENSG00000058085	0	0	0
ENSG00000260088	1	2	1
ENSG00000287978	81	0	81
ENSG00000116815	651	0	651
ENSG00000232917	0	0	0
ENSG00000233057	0	0	0
ENSG00000237131	0	0	0
ENSG00000233946	0	0	0
ENSG00000143167	743	0	743
ENSG00000143184	342	0	345
ENSG00000231966	5	0	5
ENSG00000176320	1	0	1
ENSG00000260976	0	0	0
ENSG00000235215	1	1	0
ENSG00000223450	0	0	0
ENSG00000224691	0	0	0
ENSG00000286572	0	0	0
ENSG00000235101	6	1	5
ENSG00000228215	6	0	6
ENSG00000177807	9	2	7
ENSG00000233626	2	2	0
ENSG00000233691	0	0	0
ENSG00000283518	0	0	0
ENSG00000271527	0	0	0
ENSG00000143228	68	0	68
ENSG00000235827	0	0	0
ENSG00000231615	0	0	0
ENSG00000231714	0	0	0
ENSG00000174514	54	7	60
ENSG00000143178	119	0	119
ENSG00000224837	0	0	0
ENSG00000116833	1	0	1
ENSG00000227740	6	0	6
ENSG00000260990	0	1	0
ENSG00000000457	813	73	1068
ENSG00000143507	345	0	345
ENSG00000285638	0	0	0
ENSG00000226520	0	0	0
ENSG00000284592	0	0	0
ENSG00000230987	0	0	0
ENSG00000232527	0	0	0
ENSG00000215833	0	0	0
ENSG00000228167	0	0	0
ENSG00000225325	0	0	0
ENSG00000223344	0	0	0
ENSG00000228191	0	0	0
ENSG00000229961	142	0	142
ENSG00000150732	0	0	0
ENSG00000157064	4	0	5
ENSG00000288139	0	0	0
ENSG00000226015	44	4	40
ENSG00000215808	0	0	0
ENSG00000059588	1293	0	1293
ENSG00000231512	0	0	0
ENSG00000237379	0	0	0
ENSG00000232959	0	62	0
ENSG00000122224	2896	25	2872
ENSG00000162782	0	0	0
ENSG00000238051	0	0	0
ENSG00000233196	0	0	0
ENSG00000229220	0	0	0
ENSG00000143653	407	1	406
ENSG00000135837	5104	2	5102
ENSG00000158711	5143	13	5143
ENSG00000227747	0	0	0
ENSG00000228081	1	0	1
ENSG00000228020	0	0	0
ENSG00000234975	14	0	14
ENSG00000162851	323	0	323
ENSG00000271427	3	0	3
ENSG00000261817	0	0	0
ENSG00000143353	309	1	347
ENSG00000197965	1510	0	1510
ENSG00000143493	713	1	712
ENSG00000230777	3	3	0
ENSG00000179397	11	0	11
ENSG00000224540	0	0	0
ENSG00000117592	4741	0	4742
ENSG00000186197	35	0	35
ENSG00000229067	0	0	0
ENSG00000230231	2	6	0
ENSG00000227711	0	0	0
ENSG00000261182	0	0	0
ENSG00000228879	0	0	0
ENSG00000227925	0	0	0
ENSG00000162670	0	0	0
ENSG00000225712	0	0	0
ENSG00000162761	0	0	0
ENSG00000143199	9	0	9
ENSG00000179930	0	0	0
ENSG00000007908	1	1	0
ENSG00000092978	505	1	504
ENSG00000143499	854	1	853
ENSG00000188404	59857	19	59838
ENSG00000227735	0	0	0
ENSG00000243062	0	0	0
ENSG00000143196	0	0	0
ENSG00000228504	0	0	0
ENSG00000274702	0	0	0
ENSG00000226211	0	0	0
ENSG00000236942	0	0	0
ENSG00000287205	0	0	0
ENSG00000203697	7	0	7
ENSG00000116574	839	1	838
ENSG00000287929	0	1	0
ENSG00000186283	1165	5	1160
ENSG00000224896	0	0	0
ENSG00000226292	0	0	0
ENSG00000121481	1094	0	1095
ENSG00000227940	0	0	0
ENSG00000117139	2140	2	2138
ENSG00000143248	17	0	17
ENSG00000278455	0	0	0
ENSG00000224810	0	0	0
ENSG00000162814	0	0	0
ENSG00000225172	0	0	0
ENSG00000261642	0	0	0
ENSG00000228239	0	0	0
ENSG00000237283	0	0	0
ENSG00000116132	0	0	0
ENSG00000238042	3	0	3
ENSG00000271475	0	0	0
ENSG00000231877	0	0	0
ENSG00000116679	8201	2	8199
ENSG00000228536	0	0	0
ENSG00000230550	0	5	0
ENSG00000229242	0	0	0
ENSG00000253326	7	0	7
ENSG00000228470	1	1	0
ENSG00000152092	0	0	0
ENSG00000234984	0	0	0
ENSG00000231648	0	0	0
ENSG00000229983	0	0	0
ENSG00000215149	0	0	0
ENSG00000225122	0	0	0
ENSG00000225920	8	9	0
ENSG00000143476	78	0	78
ENSG00000121486	1596	2	1594
ENSG00000228437	1	0	1
ENSG00000214837	36	0	36
ENSG00000057252	3553	1	3552
ENSG00000225982	0	0	0
ENSG00000285718	0	0	0
ENSG00000234070	0	0	0
ENSG00000233620	0	0	0
ENSG00000237783	0	0	0
ENSG00000272906	10	11	27
ENSG00000233018	0	0	0
ENSG00000123685	95	0	95
ENSG00000224783	0	0	0
ENSG00000162852	2785	0	2785
ENSG00000232792	0	1	0
ENSG00000273004	10	0	10
ENSG00000143842	247	0	247
ENSG00000268062	6	6	0
ENSG00000237409	1	1	0
ENSG00000116962	451	0	451
ENSG00000288078	0	0	0
ENSG00000271399	0	0	0
ENSG00000229757	1	4	0
ENSG00000232679	0	0	0
ENSG00000159388	10102	5	10097
ENSG00000220749	22	0	22
ENSG00000181450	459	0	459
ENSG00000223519	23	14	83
ENSG00000120333	752	16	773
ENSG00000286285	28	0	28
ENSG00000225300	2	0	2
ENSG00000223842	3	3	0
ENSG00000162753	1	0	1
ENSG00000228247	0	0	0
ENSG00000231424	2	0	2
ENSG00000143355	0	0	0
ENSG00000287177	0	0	0
ENSG00000237193	0	0	0
ENSG00000223490	0	0	0
ENSG00000121644	1136	0	1136
ENSG00000174502	0	0	0
ENSG00000224286	0	0	0
ENSG00000158715	230	0	230
ENSG00000143195	15	0	15
ENSG00000162849	35	10	26
ENSG00000232824	0	0	0
ENSG00000273416	3	0	3
ENSG00000234142	1	0	5
ENSG00000282111	1	0	1
ENSG00000233410	0	0	0
ENSG00000067533	583	0	583
ENSG00000228955	0	0	0
ENSG00000270443	0	0	0
ENSG00000116209	5170	0	5170
ENSG00000224702	0	0	0
ENSG00000271811	0	0	0
ENSG00000224278	0	0	0
ENSG00000235492	0	0	0
ENSG00000287808	14	256	13
ENSG00000271588	0	0	0
ENSG00000229840	0	0	0
ENSG00000116161	1922	84	1887
ENSG00000226486	0	0	0
ENSG00000227687	0	0	0
ENSG00000231814	0	0	0
ENSG00000286210	0	0	0
ENSG00000287364	0	0	0
ENSG00000225063	0	0	0
ENSG00000260698	23	0	23
ENSG00000277007	14	0	14
ENSG00000229016	0	0	0
ENSG00000077157	2286	3	2308
ENSG00000152104	13	2	11
ENSG00000236975	0	0	0
ENSG00000215834	0	0	0
ENSG00000286541	0	0	0
ENSG00000117650	23	0	23
ENSG00000235021	0	0	0
ENSG00000203724	2	0	2
ENSG00000225006	0	0	0
ENSG00000287633	0	0	0
ENSG00000158764	3	0	4
ENSG00000223375	0	0	0
ENSG00000230714	0	0	0
ENSG00000261065	0	15	1
ENSG00000260855	25	9	16
ENSG00000188783	0	0	0
ENSG00000236206	0	0	0
ENSG00000168118	952	0	954
ENSG00000181101	0	0	0
ENSG00000173726	2970	1	2969
ENSG00000282852	0	0	0
ENSG00000152382	635	11	624
ENSG00000143839	0	0	0
ENSG00000232100	0	0	0
ENSG00000261024	0	0	0
ENSG00000230547	0	0	0
ENSG00000229703	0	0	0
ENSG00000176754	0	0	0
ENSG00000232309	0	0	0
ENSG00000227953	7	70	10
ENSG00000232215	0	0	0
ENSG00000135829	8869	2	9122
ENSG00000228289	0	0	0
ENSG00000134717	1539	2	1537
ENSG00000232989	0	0	0
ENSG00000233537	0	0	0
ENSG00000116668	379	22	357
ENSG00000143756	1552	0	1552
ENSG00000278180	0	0	0
ENSG00000143702	1699	1	1935
ENSG00000232341	1	0	1
ENSG00000287676	3	0	3
ENSG00000236792	0	0	0
ENSG00000143207	2399	0	2399
ENSG00000270859	0	0	0
ENSG00000238224	0	0	0
ENSG00000286775	0	0	0
ENSG00000122176	1	0	1
ENSG00000229120	0	0	0
ENSG00000237492	0	0	0
ENSG00000230404	0	0	0
ENSG00000213036	0	0	0
ENSG00000227230	3	112	0
ENSG00000236230	0	0	0
ENSG00000026751	3193	2	3191
ENSG00000150681	3088	0	3876
ENSG00000116906	1376	0	1376
ENSG00000092969	12	0	12
ENSG00000157181	624	1	623
ENSG00000250762	0	0	0
ENSG00000236720	0	0	0
ENSG00000227421	1	0	1
ENSG00000227240	3	0	3
ENSG00000076258	116	0	116
ENSG00000286073	1	0	1
ENSG00000231084	6	6	0
ENSG00000232085	0	128	0
ENSG00000117697	1274	0	1275
ENSG00000279333	0	0	2
ENSG00000235083	0	0	0
ENSG00000162669	1	0	1
ENSG00000197067	0	0	0
ENSG00000229652	0	0	0
ENSG00000132681	17	0	17
ENSG00000225904	0	0	0
ENSG00000270920	0	0	0
ENSG00000281664	0	0	0
ENSG00000143641	1686	1	2391
ENSG00000227630	12	0	12
ENSG00000228830	0	1869	3
ENSG00000010932	13	2	11
ENSG00000282849	0	0	0
ENSG00000276520	0	0	0
ENSG00000226640	0	0	0
ENSG00000010072	397	188	391
ENSG00000135766	262	4	258
ENSG00000232626	1	0	1
ENSG00000232096	1	1	0
ENSG00000279261	2	0	2
ENSG00000213051	2	0	2
ENSG00000238054	0	0	0
ENSG00000163534	2869	1	2868
ENSG00000168243	1	0	1
ENSG00000281453	0	0	0
ENSG00000237469	0	0	0
ENSG00000224939	0	0	0
ENSG00000227613	0	0	0
ENSG00000116183	1	0	1
ENSG00000270106	1	0	1
ENSG00000232194	1	0	1
ENSG00000235152	0	0	0
ENSG00000231612	0	0	0
ENSG00000237980	9	0	9
ENSG00000271036	0	0	0
ENSG00000230849	0	0	0
ENSG00000170382	245	245	3
ENSG00000228664	0	0	0
ENSG00000226868	0	0	0
ENSG00000279401	0	0	0
ENSG00000272362	0	0	0
ENSG00000287450	0	0	0
ENSG00000237011	0	0	0
ENSG00000233583	0	0	0
ENSG00000066027	4104	8	4096
ENSG00000286263	1	0	1
ENSG00000227006	5	4	1
ENSG00000236372	0	0	0
ENSG00000224525	0	0	0
ENSG00000188770	0	0	0
ENSG00000173728	3	3	0
ENSG00000094975	1639	1	1638
ENSG00000225811	0	0	0
ENSG00000273093	0	0	0
ENSG00000162772	70	0	70
ENSG00000227818	0	0	0
ENSG00000135828	2167	1	2166
ENSG00000224227	1	0	1
ENSG00000286398	0	0	0
ENSG00000076356	258	0	258
ENSG00000215819	0	0	0
ENSG00000185523	3	0	4
ENSG00000236108	0	0	0
ENSG00000116711	223	0	223
ENSG00000231684	4	0	4
ENSG00000226750	0	0	0
ENSG00000285665	14	0	14
ENSG00000231022	0	0	0
ENSG00000224436	0	0	0
ENSG00000228208	0	0	0
ENSG00000273384	1	0	1
ENSG00000238061	1	0	1
ENSG00000234915	0	0	0
ENSG00000143845	19	1	39
ENSG00000235862	0	0	0
ENSG00000069812	0	0	0
ENSG00000227585	0	0	0
ENSG00000157060	0	0	0
ENSG00000237213	0	0	0
ENSG00000236439	40	2	39
ENSG00000224260	0	0	0
ENSG00000213045	2	2	0
ENSG00000287220	0	0	0
ENSG00000230063	0	0	0
ENSG00000235467	0	0	0
ENSG00000123684	5759	0	5759
ENSG00000117707	5	0	5
ENSG00000228044	0	0	0
ENSG00000225338	1	1	0
ENSG00000224407	0	706	0
ENSG00000232463	0	0	0
ENSG00000237457	0	0	0
ENSG00000225171	1	0	1
ENSG00000226843	0	0	0
ENSG00000235386	0	0	0
ENSG00000123836	669	114	669
ENSG00000213690	0	0	0
ENSG00000223982	0	0	0
ENSG00000229832	2	1	1
ENSG00000117691	372	0	372
ENSG00000225233	0	0	0
ENSG00000274895	0	0	0
ENSG00000237514	0	0	0
ENSG00000287856	0	0	0
ENSG00000228067	0	0	0
ENSG00000284299	0	0	0
ENSG00000226375	2	0	2
ENSG00000203705	465	5	460
ENSG00000224040	1	0	1
ENSG00000228686	30	30	0
ENSG00000279838	37	1	36
ENSG00000174175	385	0	385
ENSG00000236401	0	0	0
ENSG00000241475	0	0	0
ENSG00000215800	0	0	0
ENSG00000286421	0	0	0
ENSG00000270936	0	0	0
ENSG00000008118	0	0	0
ENSG00000171161	1374	3	1371
ENSG00000241505	0	0	0
ENSG00000224535	0	0	0
ENSG00000282097	0	0	0
ENSG00000261453	1	1	0
ENSG00000231020	0	0	0
ENSG00000270818	0	0	0
ENSG00000196878	37	0	37
ENSG00000133059	1413	0	1413
ENSG00000225561	0	0	0
ENSG00000224668	0	0	0
ENSG00000242529	0	0	0
ENSG00000074964	693	0	693
ENSG00000223847	0	0	0
ENSG00000277704	0	0	0
ENSG00000116918	1049	15	1049
ENSG00000274020	209	2	281
ENSG00000287445	4	0	4
ENSG00000259815	0	0	0
ENSG00000240963	0	0	0
ENSG00000226570	0	0	0
ENSG00000198929	5	0	5
ENSG00000272167	0	0	0
ENSG00000230628	0	0	0
ENSG00000162771	0	0	0
ENSG00000227579	0	0	0
ENSG00000176393	1651	0	2577
ENSG00000174606	1319	0	1319
ENSG00000179914	58	0	58
ENSG00000235750	7351	4	7347
ENSG00000284376	0	0	0
ENSG00000121446	1	1	0
ENSG00000226758	2	0	2
ENSG00000230199	1	0	1
ENSG00000236905	2	3	1
ENSG00000233304	0	0	1
ENSG00000288007	3	0	5
ENSG00000227887	0	0	0
ENSG00000116903	1487	1	1669
ENSG00000228255	0	0	0
ENSG00000226196	0	0	0
ENSG00000287354	0	10	0
ENSG00000233827	0	0	0
ENSG00000198797	0	0	0
ENSG00000271746	0	0	0
ENSG00000234233	0	0	0
ENSG00000151414	3587	0	3587
ENSG00000177614	7	1	6
ENSG00000223794	0	0	0
ENSG00000235182	0	1	0
ENSG00000213041	0	0	0
ENSG00000287157	0	0	0
ENSG00000233920	0	0	0
ENSG00000183831	0	0	0
ENSG00000225755	0	0	0
ENSG00000143858	65	88	1
ENSG00000197472	1	0	1
ENSG00000230184	0	0	0
ENSG00000234004	1	0	1
ENSG00000232436	0	0	0
ENSG00000231718	0	0	0
ENSG00000283952	0	0	0
ENSG00000230019	0	0	0
ENSG00000136643	788	0	788
ENSG00000232537	0	0	0
ENSG00000226036	1	1	0
ENSG00000285521	1	1	0
ENSG00000236317	4	0	4
ENSG00000176855	0	0	0
ENSG00000227728	0	0	0
ENSG00000133069	501	7	494
ENSG00000162877	22	1	21
ENSG00000233461	67	0	67
ENSG00000225401	0	0	0
ENSG00000228190	0	0	0
ENSG00000135747	0	0	0
ENSG00000227237	2	2	0
ENSG00000069248	2020	0	2020
ENSG00000232812	0	0	0
ENSG00000231666	1	1	0
ENSG00000226986	1	0	1
ENSG00000242042	0	0	0
ENSG00000234464	0	0	0
ENSG00000253148	0	0	0
ENSG00000227751	0	729	0
ENSG00000090104	72	0	72
ENSG00000285280	17	793	13
ENSG00000232892	0	0	0
ENSG00000236950	0	0	0
ENSG00000236468	0	0	0
ENSG00000143322	899	0	899
ENSG00000185220	427	0	427
ENSG00000226003	1	1	1
ENSG00000230813	0	0	0
ENSG00000226862	14	0	14
ENSG00000236101	0	0	0
ENSG00000162769	392	0	392
ENSG00000133065	1150	2	1149
ENSG00000278684	0	0	0
ENSG00000236775	0	0	0
ENSG00000042781	0	0	0
ENSG00000234754	0	0	0
ENSG00000233084	6	0	6
ENSG00000227815	2	0	2
ENSG00000287046	1	0	1
ENSG00000223774	0	0	0
ENSG00000228863	34	5264	28
ENSG00000228646	0	0	0
ENSG00000229112	0	0	0
ENSG00000233332	0	0	0
ENSG00000231984	0	0	0
ENSG00000286213	0	0	0
ENSG00000226876	0	0	0
ENSG00000277462	84	0	84
ENSG00000225591	1	0	1
ENSG00000035687	2004	0	2004
ENSG00000213080	1	0	1
ENSG00000180287	1	0	1
ENSG00000226693	0	0	0
ENSG00000234678	50	976	0
ENSG00000231272	0	0	0
ENSG00000223828	0	0	0
ENSG00000163431	2	1	1
ENSG00000230124	574	0	672
ENSG00000226723	0	0	0
ENSG00000272672	3	0	3
ENSG00000143473	3	5	0
ENSG00000228982	0	0	0
ENSG00000235096	0	0	0
ENSG00000237250	0	0	0
ENSG00000007341	169	42	276
ENSG00000286747	1	0	1
ENSG00000236069	0	1	0
ENSG00000236244	0	0	0
ENSG00000272865	0	0	0
ENSG00000117222	1721	0	1721
ENSG00000143324	1191	0	1191
ENSG00000229871	0	0	0
ENSG00000225222	0	0	0
ENSG00000118193	71	0	71
ENSG00000234116	0	0	0
ENSG00000231940	0	0	0
ENSG00000198842	0	0	0
ENSG00000286619	45	0	46
ENSG00000198756	255	0	255
ENSG00000259823	4	2	2
ENSG00000271558	0	0	0
ENSG00000227554	0	0	0
ENSG00000178596	0	0	0
ENSG00000135749	671	18	713
ENSG00000143786	34	0	35
ENSG00000224584	0	0	0
ENSG00000054282	609	51	646
ENSG00000183780	20	0	20
ENSG00000229663	1	1	0
ENSG00000162702	1598	1	1597
ENSG00000251508	0	0	0
ENSG00000238272	0	0	0
ENSG00000228530	0	0	0
ENSG00000235060	0	0	0
ENSG00000143194	0	0	0
ENSG00000229531	0	0	0
ENSG00000271329	1	0	1
ENSG00000054267	4701	7	4694
ENSG00000261831	0	0	0
ENSG00000287921	0	0	0
ENSG00000177800	0	0	0
ENSG00000225620	0	0	0
ENSG00000232166	0	0	0
ENSG00000175137	2559	6	2553
ENSG00000134245	16	123	10
ENSG00000234041	0	0	0
ENSG00000227373	4	0	4
ENSG00000231905	0	0	0
ENSG00000228175	2	2	0
ENSG00000069275	5711	3	5708
ENSG00000143674	105	0	105
ENSG00000237317	0	0	0
ENSG00000187889	0	0	0
ENSG00000134375	857	0	857
ENSG00000097046	338	4	334
ENSG00000232113	0	0	0
ENSG00000282718	0	0	0
ENSG00000231378	1	1	0
ENSG00000235605	0	0	1
ENSG00000223525	0	0	0
ENSG00000224857	0	0	0
ENSG00000273367	4	0	4
ENSG00000230604	0	0	0
ENSG00000231605	0	0	0
ENSG00000236358	6	1	6
ENSG00000203737	3	0	3
ENSG00000238003	0	0	0
ENSG00000215873	0	0	0
ENSG00000287008	0	0	0
ENSG00000185420	227	0	228
ENSG00000076321	843	0	843
ENSG00000272175	0	0	3
ENSG00000231564	1	1	0
ENSG00000135778	665	46	679
ENSG00000213070	0	0	0
ENSG00000282265	0	0	0
ENSG00000250536	0	0	0
ENSG00000229747	0	0	0
ENSG00000117280	3066	0	3066
ENSG00000233985	0	0	0
ENSG00000232175	0	0	0
ENSG00000287423	0	0	0
ENSG00000286774	0	0	0
ENSG00000236719	0	0	0
ENSG00000136636	205	0	205
ENSG00000225486	0	0	0
ENSG00000227043	0	0	0
ENSG00000163874	746	2	744
ENSG00000285777	0	0	0
ENSG00000237249	0	0	0
ENSG00000286109	0	0	0
ENSG00000213068	0	0	0
ENSG00000054392	150	0	160
ENSG00000227994	0	0	0
ENSG00000286552	0	0	0
ENSG00000225711	0	0	0
ENSG00000122223	1841	38	1805
ENSG00000235869	0	0	0
ENSG00000188739	38	1	37
ENSG00000286666	0	0	0
ENSG00000135750	3	0	3
ENSG00000273198	0	0	0
ENSG00000203730	1	1	0
ENSG00000225719	0	0	0
ENSG00000273483	0	0	0
ENSG00000287987	0	0	0
ENSG00000203729	2	0	2
ENSG00000232809	0	0	0
ENSG00000284623	0	0	0
ENSG00000285981	0	0	0
ENSG00000261729	0	0	0
ENSG00000223869	0	0	0
ENSG00000229228	1	0	1
ENSG00000215796	0	0	0
ENSG00000185221	0	0	0
ENSG00000233047	0	0	0
ENSG00000143341	8	0	8
ENSG00000228309	0	0	0
ENSG00000229739	9	0	9
ENSG00000116703	0	0	0
ENSG00000273874	0	0	0
ENSG00000278791	0	10	0
ENSG00000278757	0	0	0
ENSG00000264341	0	0	0
ENSG00000264101	0	0	0
ENSG00000265141	1	1	0
ENSG00000221083	0	0	0
ENSG00000252404	0	0	0
ENSG00000222511	0	0	0
ENSG00000265392	0	0	0
ENSG00000243267	1	0	1
ENSG00000201725	0	0	0
ENSG00000274258	0	0	0
ENSG00000239149	4	0	4
ENSG00000252151	0	0	0
ENSG00000252969	0	0	0
ENSG00000252417	0	0	0
ENSG00000200975	0	0	0
ENSG00000201609	0	0	0
ENSG00000238482	0	0	0
ENSG00000252956	0	0	0
ENSG00000265606	0	0	0
ENSG00000284357	0	0	0
ENSG00000278034	0	0	0
ENSG00000207237	0	0	0
ENSG00000222784	0	0	0
ENSG00000266210	0	0	0
ENSG00000265961	0	0	0
ENSG00000251866	0	0	0
ENSG00000252691	0	0	0
ENSG00000264371	0	0	0
ENSG00000253005	2	0	2
ENSG00000238316	0	0	0
ENSG00000207941	0	0	0
ENSG00000264773	3	0	3
ENSG00000252448	4	4	0
ENSG00000200421	0	0	0
ENSG00000222282	1	1	0
ENSG00000199963	0	0	0
ENSG00000264698	0	0	0
ENSG00000207328	0	0	0
ENSG00000207466	0	0	0
ENSG00000252368	0	0	0
ENSG00000206779	0	0	0
ENSG00000265596	0	0	0
ENSG00000212541	5	5	0
ENSG00000200796	0	0	0
ENSG00000252190	0	0	0
ENSG00000264613	0	0	0
ENSG00000199240	0	0	0
ENSG00000277168	0	0	0
ENSG00000283724	0	0	0
ENSG00000284410	0	0	0
ENSG00000252018	0	0	0
ENSG00000206627	0	0	0
ENSG00000283414	0	0	0
ENSG00000207508	0	0	0
ENSG00000200171	0	0	0
ENSG00000207194	0	0	0
ENSG00000283477	0	0	0
ENSG00000264834	0	0	0
ENSG00000263675	5	0	5
ENSG00000266188	0	0	0
ENSG00000206981	0	0	0
ENSG00000200174	0	0	0
ENSG00000265822	0	0	0
ENSG00000265815	0	0	0
ENSG00000238653	0	0	0
ENSG00000212624	0	0	0
ENSG00000200575	0	0	0
ENSG00000212360	0	0	0
ENSG00000242860	0	0	0
ENSG00000263908	0	0	0
ENSG00000283690	0	0	0
ENSG00000199921	0	0	0
ENSG00000251825	0	0	0
ENSG00000201153	0	0	0
ENSG00000222624	0	0	0
ENSG00000223152	0	0	0
ENSG00000212308	0	0	0
ENSG00000279049	0	24	0
ENSG00000276081	0	0	0
ENSG00000239640	0	0	0
ENSG00000252338	0	0	0
ENSG00000251785	0	0	0
ENSG00000239319	0	0	0
ENSG00000222849	0	0	0
ENSG00000283749	0	0	0
ENSG00000251958	0	0	0
ENSG00000251767	0	0	0
ENSG00000243437	1	1	0
ENSG00000202263	0	0	0
ENSG00000199318	1	1	0
ENSG00000199666	0	0	0
ENSG00000200601	0	0	0
ENSG00000242482	0	0	0
ENSG00000212366	0	0	0
ENSG00000201620	0	0	0
ENSG00000206817	0	0	0
ENSG00000284247	0	0	0
ENSG00000200839	0	0	0
ENSG00000264963	0	0	0
ENSG00000264271	0	0	0
ENSG00000239504	0	0	0
ENSG00000284202	0	0	0
ENSG00000251720	0	0	0
ENSG00000274321	0	0	0
ENSG00000198974	0	0	0
ENSG00000212248	0	0	0
ENSG00000207962	0	0	0
ENSG00000276884	0	0	0
ENSG00000207234	0	0	0
ENSG00000202259	0	0	0
ENSG00000212459	0	0	0
ENSG00000278287	0	0	0
ENSG00000277565	0	0	0
ENSG00000263526	0	0	0
ENSG00000211575	0	0	0
ENSG00000275823	0	0	0
ENSG00000277689	0	0	0
ENSG00000274199	0	1	0
ENSG00000202254	0	0	0
ENSG00000244256	1	0	1
ENSG00000201491	0	0	0
ENSG00000199831	0	0	0
ENSG00000275455	0	0	0
ENSG00000252162	0	0	0
ENSG00000272051	0	0	0
ENSG00000283899	0	0	0
ENSG00000200800	0	0	0
ENSG00000207502	0	0	0
ENSG00000252530	0	0	0
ENSG00000200536	0	0	0
ENSG00000211543	0	0	0
ENSG00000252797	0	0	0
ENSG00000212266	0	0	0
ENSG00000222209	0	0	0
ENSG00000277141	0	0	0
ENSG00000215930	1	0	1
ENSG00000238761	0	0	0
ENSG00000201114	0	0	0
ENSG00000206679	0	0	0
ENSG00000264419	0	0	0
ENSG00000222069	1	1	0
ENSG00000274428	0	0	0
ENSG00000199879	1	0	1
ENSG00000274408	0	0	0
ENSG00000283676	0	0	0
ENSG00000252005	0	0	0
ENSG00000252510	0	0	0
ENSG00000207340	3	0	3
ENSG00000252830	0	0	0
ENSG00000274450	0	0	0
ENSG00000252135	0	0	0
ENSG00000278596	0	0	0
ENSG00000238825	0	0	0
ENSG00000201183	2	0	2
ENSG00000202408	0	0	0
ENSG00000252744	0	0	0
ENSG00000273768	0	0	0
ENSG00000242565	0	0	0
ENSG00000239984	0	0	0
ENSG00000283296	0	0	0
ENSG00000252717	0	0	0
ENSG00000194297	0	0	0
ENSG00000199565	0	0	0
ENSG00000277313	0	0	0
ENSG00000274940	0	0	0
ENSG00000207341	0	0	0
ENSG00000207472	0	0	0
ENSG00000206880	0	0	0
ENSG00000252552	0	0	0
ENSG00000199849	0	0	0
ENSG00000252407	0	0	0
ENSG00000212538	0	0	0
ENSG00000251813	0	0	0
ENSG00000207108	0	0	0
ENSG00000201312	0	0	0
ENSG00000207039	0	0	0
ENSG00000202491	0	0	0
ENSG00000201596	0	0	0
ENSG00000276839	0	0	0
ENSG00000207974	0	0	0
ENSG00000273629	1	0	1
ENSG00000201493	0	0	0
ENSG00000215952	0	0	0
ENSG00000200139	0	0	0
ENSG00000283575	0	0	0
ENSG00000238765	0	0	0
ENSG00000264916	0	0	0
ENSG00000212338	0	0	0
ENSG00000206659	0	0	0
ENSG00000253025	0	0	0
ENSG00000201619	0	0	0
ENSG00000201544	1	0	1
ENSG00000202498	0	0	0
ENSG00000221545	0	0	0
ENSG00000252906	0	0	0
ENSG00000206692	0	0	0
ENSG00000202329	0	0	0
ENSG00000242794	0	0	0
ENSG00000212144	0	0	0
ENSG00000283340	0	0	0
ENSG00000252860	0	0	0
ENSG00000252501	0	0	0
ENSG00000263390	0	0	0
ENSG00000207181	0	0	0
ENSG00000265744	0	0	0
ENSG00000264377	1	0	1
ENSG00000207149	0	0	0
ENSG00000283936	0	0	0
ENSG00000284485	0	0	0
ENSG00000201638	0	0	0
ENSG00000275213	0	0	0
ENSG00000239494	2	0	2
ENSG00000212230	0	0	0
ENSG00000252371	0	0	0
ENSG00000199442	0	0	0
ENSG00000200033	0	0	0
ENSG00000239690	0	0	0
ENSG00000202184	0	0	0
ENSG00000241395	0	0	0
ENSG00000200982	0	0	0
ENSG00000275207	0	0	0
ENSG00000202300	0	0	0
ENSG00000222407	0	0	0
ENSG00000222986	0	0	0
ENSG00000265435	0	0	0
ENSG00000272262	1	1	0
ENSG00000200495	0	0	0
ENSG00000202609	0	0	0
ENSG00000252553	0	0	0
ENSG00000206764	0	0	0
ENSG00000222240	0	0	0
ENSG00000212187	0	0	0
ENSG00000206637	0	0	0
ENSG00000253097	0	0	0
ENSG00000200036	0	0	0
ENSG00000201421	0	0	0
ENSG00000212610	0	0	0
ENSG00000252484	0	0	0
ENSG00000201944	0	0	0
ENSG00000200327	0	0	0
ENSG00000206905	0	0	0
ENSG00000200972	0	0	0
ENSG00000243051	1	0	1
ENSG00000252011	0	0	0
ENSG00000207326	0	0	0
ENSG00000212205	1	1	0
ENSG00000253042	0	0	0
ENSG00000274121	0	0	0
ENSG00000264358	0	0	0
ENSG00000206640	0	0	0
ENSG00000212527	0	0	0
ENSG00000252879	0	0	0
ENSG00000252612	0	0	0
ENSG00000202264	0	0	0
ENSG00000285609	0	0	0
ENSG00000206762	3	3	0
ENSG00000252084	0	0	0
ENSG00000200085	0	0	0
ENSG00000264500	6	5	1
ENSG00000202025	0	0	0
ENSG00000225545	0	0	0
ENSG00000206990	0	0	0
ENSG00000230175	1	1	0
ENSG00000225272	0	0	0
ENSG00000215838	1	0	1
ENSG00000273365	2	1	1
ENSG00000224358	7	1	6
ENSG00000230659	0	0	0
ENSG00000162545	83	0	83
ENSG00000090432	933	0	933
ENSG00000215520	0	0	0
ENSG00000183114	0	0	0
ENSG00000158825	1528	0	1528
ENSG00000158828	610	280	1916
ENSG00000284005	0	0	0
ENSG00000117242	116	1321	381
ENSG00000234473	0	0	0
ENSG00000238754	0	0	0
ENSG00000134371	1663	5	1662
ENSG00000221680	0	0	0
ENSG00000162630	117	0	121
ENSG00000276735	0	0	0
ENSG00000232077	0	0	0
ENSG00000229639	0	0	0
ENSG00000287453	0	0	0
ENSG00000270615	0	0	0
ENSG00000287283	0	0	0
ENSG00000240692	0	0	0
ENSG00000229359	0	0	0
ENSG00000237919	0	1	0
ENSG00000066557	567	1	566
ENSG00000244389	0	0	0
ENSG00000228988	0	0	0
ENSG00000118454	883	3	882
ENSG00000226088	3	3	0
ENSG00000116761	39	0	39
ENSG00000278636	0	0	0
ENSG00000271992	0	0	0
ENSG00000233020	0	0	0
ENSG00000237033	0	0	0
ENSG00000226208	0	0	0
ENSG00000007968	509	1	508
ENSG00000235052	6	0	6
ENSG00000117318	689	0	689
ENSG00000285802	7	0	7
ENSG00000229239	1	0	1
ENSG00000142676	43145	30	43116
ENSG00000057757	1494	0	1494
ENSG00000011009	1668	2	1668
ENSG00000117308	237	0	237
ENSG00000273844	0	0	0
ENSG00000235748	0	0	0
ENSG00000237861	1	0	1
ENSG00000221879	0	0	0
ENSG00000230260	0	0	0
ENSG00000199241	0	0	0
ENSG00000226919	0	2	0
ENSG00000223963	0	0	0
ENSG00000215802	0	0	0
ENSG00000233615	0	0	0
ENSG00000238085	1	0	1
ENSG00000265831	0	0	0
ENSG00000224348	0	0	0
ENSG00000286496	0	0	0
ENSG00000287516	0	0	0
ENSG00000287738	0	0	0
ENSG00000132703	0	0	0
ENSG00000276632	0	0	0
ENSG00000223603	0	0	0
ENSG00000132693	0	0	0
ENSG00000235226	0	0	0
ENSG00000158716	205	0	205
ENSG00000181036	909	21	888
ENSG00000158714	96	35	353
ENSG00000212161	0	0	0
ENSG00000243284	1	2	1
ENSG00000272668	158	18	144
ENSG00000213085	76	3	73
ENSG00000266458	0	0	0
ENSG00000287040	0	0	0
ENSG00000279430	2	0	2
ENSG00000162723	5	2	3
ENSG00000273933	0	0	0
ENSG00000256029	5	108	19
ENSG00000188004	3	0	3
ENSG00000266580	0	0	0
ENSG00000254545	0	12	0
ENSG00000203620	0	0	0
ENSG00000269967	2	0	2
ENSG00000228634	5	5	0
ENSG00000284702	0	0	0
ENSG00000221040	0	0	0
ENSG00000287217	0	0	0
ENSG00000163399	5522	57	14256
ENSG00000212385	0	0	0
ENSG00000233154	14	0	14
ENSG00000230381	0	0	0
ENSG00000200547	0	0	0
ENSG00000224950	34	1	49
ENSG00000286276	11	27	0
ENSG00000177888	910	0	910
ENSG00000243364	148	0	148
ENSG00000251246	0	0	0
ENSG00000143590	43	0	43
ENSG00000202027	0	0	0
ENSG00000169242	65	3	62
ENSG00000169241	806	1	805
ENSG00000223452	0	0	0
ENSG00000163463	102	0	102
ENSG00000273088	0	0	0
ENSG00000284586	0	0	0
ENSG00000169231	233	1	542
ENSG00000236263	0	56	4
ENSG00000236675	87	87	0
ENSG00000177628	1569	0	1569
ENSG00000116521	1644	0	1644
ENSG00000176444	1968	1	1967
ENSG00000143630	34	0	45
ENSG00000143627	0	11	0
ENSG00000253074	0	0	0
ENSG00000252116	0	0	0
ENSG00000228523	0	0	0
ENSG00000223263	0	0	0
ENSG00000207504	0	0	0
ENSG00000238139	0	0	0
ENSG00000197721	12	0	12
ENSG00000244703	1	0	1
ENSG00000226289	0	0	0
ENSG00000285239	0	0	0
ENSG00000234219	7	7	1
ENSG00000174059	32	0	32
ENSG00000285719	0	0	0
ENSG00000284237	1	0	1
ENSG00000158731	0	0	0
ENSG00000201746	0	0	0
ENSG00000264881	0	0	0
ENSG00000199562	0	0	0
ENSG00000264501	0	0	0
ENSG00000284735	4	3	1
ENSG00000284642	19	1	18
ENSG00000142657	7310	5	7305
ENSG00000271989	0	5	0
ENSG00000251503	0	0	0
ENSG00000175279	6	0	6
ENSG00000160049	1166	0	1378
ENSG00000203469	0	134	0
ENSG00000236035	0	0	0
ENSG00000221643	1	0	1
ENSG00000122188	1520	1	1519
ENSG00000288644	0	0	0
ENSG00000227417	0	0	0
ENSG00000223505	0	0	0
ENSG00000182004	939	0	939
ENSG00000236430	0	0	0
ENSG00000130768	21	0	45
ENSG00000227050	0	25	0
ENSG00000238231	1	1	0
ENSG00000240750	3	0	3
ENSG00000158156	1771	3	1769
ENSG00000182118	59	0	59
ENSG00000283799	0	0	0
ENSG00000227934	1	0	1
ENSG00000229595	0	0	0
ENSG00000143633	455	0	455
ENSG00000281912	8	0	8
ENSG00000288208	0	0	0
ENSG00000132773	409	48	467
ENSG00000070759	297	28	303
ENSG00000236872	0	0	0
ENSG00000280670	55	0	55
ENSG00000132763	164	936	182
ENSG00000221953	0	0	0
ENSG00000226164	0	0	0
ENSG00000224014	1	0	1
ENSG00000215795	1	1	0
ENSG00000259865	203	0	203
ENSG00000227671	1267	2	1265
ENSG00000283881	0	0	0
ENSG00000252516	3	0	3
ENSG00000232347	0	0	0
ENSG00000214144	0	0	0
ENSG00000235818	0	0	0
ENSG00000197617	0	0	0
ENSG00000202079	0	0	0
ENSG00000286216	0	0	0
ENSG00000203664	0	0	0
ENSG00000169224	82	0	84
ENSG00000236817	0	2	0
ENSG00000177489	0	0	0
ENSG00000177476	0	0	0
ENSG00000283369	0	0	0
ENSG00000230411	0	0	0
ENSG00000251977	0	0	0
ENSG00000252254	0	0	0
ENSG00000227854	0	0	0
ENSG00000287589	0	0	0
ENSG00000259776	0	0	0
ENSG00000233355	523	1	532
ENSG00000234601	0	0	0
ENSG00000231979	0	0	0
ENSG00000215805	0	0	0
ENSG00000287102	0	0	0
ENSG00000217327	0	0	0
ENSG00000228818	0	0	0
ENSG00000202041	0	0	0
ENSG00000223694	0	0	0
ENSG00000233735	0	0	0
ENSG00000133019	7	10	7
ENSG00000162636	1246	3	1243
ENSG00000162639	795	1	794
ENSG00000285923	3	0	3
ENSG00000134186	4326	66	4260
ENSG00000143107	0	0	0
ENSG00000232971	0	0	0
ENSG00000116266	2510	0	2510
ENSG00000228076	0	0	0
ENSG00000203897	0	0	0
ENSG00000237349	1	0	1
ENSG00000244716	84	0	84
ENSG00000228665	2	0	2
ENSG00000228054	0	0	0
ENSG00000273382	14	147	15
ENSG00000215717	2312	2	2458
ENSG00000278249	0	0	0
ENSG00000270066	0	0	0
ENSG00000251484	0	0	0
ENSG00000132676	2913	170	2911
ENSG00000227673	0	0	0
ENSG00000203761	145	112	81
ENSG00000234937	2	2	0
ENSG00000132718	1339	1	1338
ENSG00000283442	1	1	0
ENSG00000143622	2041	3	2038
ENSG00000132680	2235	0	2235
ENSG00000207475	1	0	1
ENSG00000280466	0	0	0
ENSG00000281394	0	0	0
ENSG00000277817	0	0	0
ENSG00000273002	64	2	63
ENSG00000224276	4	3	1
ENSG00000285677	4	2390	1
ENSG00000163479	4759	1	7145
ENSG00000160803	1366	1	1365
ENSG00000132698	15	1	14
ENSG00000252236	0	0	0
ENSG00000260238	0	0	0
ENSG00000242252	4	0	4
ENSG00000198952	3368	5	3364
ENSG00000163472	340	165	360
ENSG00000163468	4718	1	4720
ENSG00000132677	0	0	0
ENSG00000237390	0	0	0
ENSG00000207933	0	0	0
ENSG00000254726	8	0	8
ENSG00000186377	0	0	0
ENSG00000186160	0	0	0
ENSG00000225154	0	0	0
ENSG00000225506	0	0	0
ENSG00000225514	0	0	0
ENSG00000224805	9	0	14
ENSG00000162366	547	0	547
ENSG00000226252	11	63	1
ENSG00000225762	6	6	0
ENSG00000186790	0	0	0
ENSG00000237424	126	0	126
ENSG00000189030	0	0	0
ENSG00000162763	0	0	0
ENSG00000143061	7	0	7
ENSG00000135821	14861	4	14857
ENSG00000203740	0	0	0
ENSG00000162374	4	0	4
ENSG00000168275	199	5	284
ENSG00000241563	0	0	0
ENSG00000153207	4316	4	4312
ENSG00000156869	159	0	159
ENSG00000033122	28	17	12
ENSG00000143278	0	0	0
ENSG00000116678	233	0	233
ENSG00000159352	3595	7	3588
ENSG00000158710	29869	10	29859
ENSG00000162734	3017	12	3189
ENSG00000049239	3285	0	3285
ENSG00000186564	11	0	11
ENSG00000244038	5449	7	5442
ENSG00000158747	81	0	81
ENSG00000116690	32	389	29
ENSG00000126091	38	1	38
ENSG00000162383	33	0	33
ENSG00000171163	797	6	791
ENSG00000172456	122	0	122
ENSG00000162946	866	0	866
ENSG00000158786	0	0	0
ENSG00000118733	0	0	0
ENSG00000157870	759	14	852
ENSG00000179085	103	0	103
ENSG00000173080	1	1	0
ENSG00000183347	52	0	52
ENSG00000276470	0	0	0
ENSG00000278852	0	0	0
ENSG00000275915	0	0	0
ENSG00000120937	0	0	0
ENSG00000224904	1	0	1
ENSG00000285646	15	13	2
ENSG00000199347	0	0	0
ENSG00000201801	1	1	0
ENSG00000116685	2137	0	2137
ENSG00000083444	1683	1	1682
ENSG00000287384	0	0	0
ENSG00000270914	0	0	0
ENSG00000116691	668	1	667
ENSG00000202461	1	1	0
ENSG00000276869	0	0	0
ENSG00000243539	0	0	0
ENSG00000120949	478	2	476
ENSG00000201135	0	0	0
ENSG00000227875	0	0	0
ENSG00000285604	0	0	0
ENSG00000283789	0	0	0
ENSG00000263676	0	0	0
ENSG00000200591	1	1	0
ENSG00000162521	3850	4	5617
ENSG00000162520	0	1768	3
ENSG00000224409	0	0	0
ENSG00000162522	104	1	103
ENSG00000116497	1426	2	1458
ENSG00000160097	12	5	7
ENSG00000121905	3	0	3
ENSG00000121900	1	0	1
ENSG00000287691	21	22	0
ENSG00000278966	8	8	0
ENSG00000143222	1713	1	2253
ENSG00000224985	6	546	0
ENSG00000143224	459	147	472
ENSG00000158850	1561	17	1697
ENSG00000158859	34	5	30
ENSG00000158869	6739	3	6736
ENSG00000158874	3	3	0
ENSG00000158882	227	0	383
ENSG00000284035	0	0	0
ENSG00000143257	13	169	0
ENSG00000248485	14	14	0
ENSG00000188931	110	123	1
ENSG00000236484	2	2	0
ENSG00000283696	86	0	86
ENSG00000288093	9	0	9
ENSG00000206921	0	0	0
ENSG00000215840	6	0	6
ENSG00000277882	0	0	0
ENSG00000283317	10	10	0
ENSG00000277762	0	0	0
ENSG00000227139	0	0	0
ENSG00000265107	0	0	0
ENSG00000274415	0	0	0
ENSG00000234190	0	0	0
ENSG00000223728	0	0	0
ENSG00000121634	0	0	0
ENSG00000188092	150	0	150
ENSG00000215859	18	20	0
ENSG00000273059	0	0	2
ENSG00000274372	2	0	2
ENSG00000206791	1	1	0
ENSG00000206585	0	0	0
ENSG00000229828	0	0	0
ENSG00000225080	5	5	0
ENSG00000198658	3	1	2
ENSG00000238382	0	0	0
ENSG00000225919	0	0	0
ENSG00000236497	0	0	0
ENSG00000207190	0	0	0
ENSG00000200508	0	0	0
ENSG00000284928	0	0	0
ENSG00000223949	1	0	1
ENSG00000116688	3339	1	3338
ENSG00000188800	0	0	0
ENSG00000084073	1740	0	1742
ENSG00000231296	0	2	0
ENSG00000049089	375	4	371
ENSG00000227311	0	0	0
ENSG00000213172	0	0	0
ENSG00000284677	0	0	0
ENSG00000187801	122	0	122
ENSG00000260920	94	0	94
ENSG00000158887	134	1	133
ENSG00000255054	0	0	0
ENSG00000228172	12	373	21
ENSG00000117640	695	5	915
ENSG00000272478	0	0	0
ENSG00000127423	13	16	5
ENSG00000182749	229	10	337
ENSG00000207302	0	0	0
ENSG00000117632	1497	0	1497
ENSG00000229786	0	0	0
ENSG00000223624	0	0	0
ENSG00000283938	0	0	0
ENSG00000199385	0	0	0
ENSG00000187147	2053	27	3191
ENSG00000263381	0	0	0
ENSG00000126106	59	1150	74
ENSG00000198520	441	1	440
ENSG00000199377	0	0	0
ENSG00000200169	0	0	0
ENSG00000142945	91	8	97
ENSG00000142937	26260	34	29243
ENSG00000264294	0	0	0
ENSG00000200913	0	0	0
ENSG00000202031	0	0	0
ENSG00000207421	0	0	0
ENSG00000281859	0	0	0
ENSG00000234093	2	2	0
ENSG00000142959	12	0	12
ENSG00000173846	523	5	548
ENSG00000117425	18	1	17
ENSG00000202444	0	0	0
ENSG00000226499	2	0	2
ENSG00000070785	345	0	345
ENSG00000253039	0	0	0
ENSG00000229815	0	0	0
ENSG00000232369	1	0	1
ENSG00000268949	0	0	0
ENSG00000126107	1609	0	1613
ENSG00000126088	977	4	977
ENSG00000234315	0	0	0
ENSG00000162408	1083	0	1083
ENSG00000229519	5	5	0
ENSG00000173662	0	0	0
ENSG00000204859	916	10	906
ENSG00000288629	0	0	0
ENSG00000230735	0	13	0
ENSG00000171488	3462	0	3462
ENSG00000226394	0	0	0
ENSG00000237200	2	0	2
ENSG00000070886	0	0	0
ENSG00000276835	0	0	0
ENSG00000265422	0	0	0
ENSG00000223776	1	121	1
ENSG00000273058	24	0	24
ENSG00000230325	6	48	0
ENSG00000119285	1825	1301	2169
ENSG00000226498	1	0	1
ENSG00000237991	0	0	0
ENSG00000244020	0	0	0
ENSG00000288099	0	0	0
ENSG00000225886	4	6	0
ENSG00000206767	0	0	0
ENSG00000226662	0	0	0
ENSG00000207095	0	0	0
ENSG00000287244	0	0	0
ENSG00000231344	0	0	0
ENSG00000230833	0	0	0
ENSG00000117758	1348	0	1348
ENSG00000269971	0	0	0
ENSG00000270031	6	0	6
ENSG00000223062	0	0	0
ENSG00000286433	0	118	0
ENSG00000117751	1740	13	1845
ENSG00000252947	0	0	0
ENSG00000130775	10830	5	10833
ENSG00000117748	3054	122	2940
ENSG00000223643	0	0	0
ENSG00000230239	0	0	0
ENSG00000263811	0	0	0
ENSG00000277234	0	0	0
ENSG00000235241	0	133	0
ENSG00000207005	0	0	0
ENSG00000272426	6	1	5
ENSG00000117122	1	0	1
ENSG00000286898	0	0	0
ENSG00000226526	0	115	0
ENSG00000159363	1294	0	1354
ENSG00000117118	1601	0	1601
ENSG00000117115	4745	1	4744
ENSG00000204362	0	0	0
ENSG00000282843	0	0	0
ENSG00000142623	0	0	0
ENSG00000142619	0	0	0
ENSG00000266634	0	0	0
ENSG00000199459	0	0	0
ENSG00000273264	0	0	0
ENSG00000282057	0	0	0
ENSG00000272691	0	0	0
ENSG00000199934	0	0	0
ENSG00000230285	0	0	0
ENSG00000142871	1	1	1
ENSG00000226643	0	0	0
ENSG00000234419	0	0	0
ENSG00000276997	7	0	7
ENSG00000222399	0	0	0
ENSG00000267305	0	0	0
ENSG00000143512	5	0	5
ENSG00000143498	233	0	246
ENSG00000225265	22	14	21
ENSG00000154305	3737	84	4290
ENSG00000229399	0	0	0
ENSG00000272750	22	634	19
ENSG00000186063	1679	52	1657
ENSG00000162819	1929	7	1947
ENSG00000287684	6	23	1
ENSG00000234523	0	0	0
ENSG00000287338	2	0	2
ENSG00000187554	896	88	808
ENSG00000236846	2	0	2
ENSG00000226601	1	0	1
ENSG00000164010	399	10	623
ENSG00000164011	323	0	323
ENSG00000233708	0	0	0
ENSG00000237090	0	0	0
ENSG00000225099	0	0	0
ENSG00000284138	19	0	19
ENSG00000283973	1	13	0
ENSG00000207256	0	0	0
ENSG00000283136	0	0	0
ENSG00000277513	0	0	0
ENSG00000154309	268	0	268
ENSG00000226967	0	0	0
ENSG00000231407	1	4	1
ENSG00000229570	0	0	0
ENSG00000203857	0	0	0
ENSG00000226443	4	0	4
ENSG00000249798	0	0	0
ENSG00000239873	1	0	1
ENSG00000203855	1	1	0
ENSG00000240244	0	0	0
ENSG00000260941	5	0	5
ENSG00000198857	5	5	0
ENSG00000143067	122	0	122
ENSG00000134240	0	0	0
ENSG00000134193	40	0	40
ENSG00000215864	0	0	0
ENSG00000227205	0	0	0
ENSG00000226446	0	0	0
ENSG00000134249	0	0	0
ENSG00000092621	179	0	179
ENSG00000027644	6	1	9
ENSG00000241992	0	0	0
ENSG00000234226	0	0	0
ENSG00000137970	225	0	225
ENSG00000223229	0	0	0
ENSG00000285698	0	0	0
ENSG00000228035	0	0	0
ENSG00000287103	0	0	0
ENSG00000226973	0	0	0
ENSG00000274468	0	0	0
ENSG00000130764	1227	20	1425
ENSG00000266075	3	1	2
ENSG00000272153	18	232	4
ENSG00000230026	0	0	0
ENSG00000285177	0	1	0
ENSG00000284770	17	163	17
ENSG00000229795	1	0	1
ENSG00000238236	0	0	0
ENSG00000235638	0	0	0
ENSG00000231199	0	0	0
ENSG00000226663	0	0	0
ENSG00000231582	0	0	0
ENSG00000232714	0	0	0
ENSG00000235761	0	0	0
ENSG00000270710	0	0	0
ENSG00000227236	0	0	0
ENSG00000198837	7137	3	7506
ENSG00000160741	3428	1	3427
ENSG00000276584	0	0	0
ENSG00000282386	7	1	6
ENSG00000273026	3	1	2
ENSG00000143578	175	36	220
ENSG00000143543	213	11	248
ENSG00000285641	0	8	2
ENSG00000143545	27	0	27
ENSG00000177954	51470	19	51452
ENSG00000231416	1	0	1
ENSG00000200220	0	0	0
ENSG00000231837	0	0	0
ENSG00000263987	0	0	0
ENSG00000162642	683	0	683
ENSG00000223254	0	0	0
ENSG00000223653	1	76	3
ENSG00000116198	1502	8	1498
ENSG00000169598	449	1	452
ENSG00000226653	0	0	0
ENSG00000207209	0	0	0
ENSG00000272443	0	0	0
ENSG00000272480	0	0	0
ENSG00000288626	0	0	0
ENSG00000162836	320	0	320
ENSG00000207080	0	0	0
ENSG00000231791	0	0	0
ENSG00000244568	0	0	0
ENSG00000271387	0	0	0
ENSG00000116667	838	0	838
ENSG00000230470	0	0	0
ENSG00000232036	0	0	0
ENSG00000285847	2	2	0
ENSG00000286378	0	0	0
ENSG00000215381	0	0	0
ENSG00000261326	116	0	116
ENSG00000284726	6	6	0
ENSG00000125945	555	7	559
ENSG00000201405	0	0	0
ENSG00000271420	4	0	4
ENSG00000204219	299	0	301
ENSG00000232482	0	0	0
ENSG00000285779	0	0	0
ENSG00000162885	308	83	551
ENSG00000270780	0	0	0
ENSG00000232895	0	0	0
ENSG00000273698	0	0	0
ENSG00000273112	16	4	12
ENSG00000173110	1890	10	1880
ENSG00000224203	7	15	0
ENSG00000224515	1	1	0
ENSG00000225217	292	0	292
ENSG00000231586	3	2	1
ENSG00000234211	2	88	0
ENSG00000213075	6	6	0
ENSG00000143125	0	0	0
ENSG00000270380	0	0	0
ENSG00000282887	0	0	0
ENSG00000283999	0	0	0
ENSG00000240194	0	0	0
ENSG00000235407	0	0	0
ENSG00000143105	0	0	0
ENSG00000199710	0	0	0
ENSG00000237415	0	0	0
ENSG00000232791	0	0	0
ENSG00000177301	98	1	97
ENSG00000226828	5	6	0
ENSG00000279774	2	1	1
ENSG00000229960	0	0	0
ENSG00000286486	1	0	1
ENSG00000244066	0	0	0
ENSG00000237759	0	0	0
ENSG00000287531	0	0	0
ENSG00000225855	112	1051	27
ENSG00000283701	0	0	0
ENSG00000207134	0	0	0
ENSG00000227773	0	0	0
ENSG00000207144	0	0	0
ENSG00000237872	0	0	0
ENSG00000271267	5	5	0
ENSG00000225082	6	0	6
ENSG00000223503	3	3	0
ENSG00000232519	0	0	0
ENSG00000160752	660	10	1604
ENSG00000121957	145	491	205
ENSG00000235089	0	0	0
ENSG00000285179	0	0	0
ENSG00000223026	0	0	0
ENSG00000225721	1	3019	17
ENSG00000188396	11	37	4
ENSG00000202167	0	0	0
ENSG00000207349	0	0	0
ENSG00000252826	0	0	0
ENSG00000206737	0	0	0
ENSG00000223779	2	0	2
ENSG00000242352	0	0	0
ENSG00000270962	0	0	0
ENSG00000263590	0	0	0
ENSG00000252105	0	0	0
ENSG00000233430	0	0	0
ENSG00000237503	0	0	0
ENSG00000265531	19	0	30
ENSG00000234571	5	16	0
ENSG00000230186	0	2	0
ENSG00000268074	0	0	0
ENSG00000270872	3	0	3
ENSG00000276674	0	0	0
ENSG00000082482	0	0	0
ENSG00000116747	1579	20	1842
ENSG00000118729	0	0	0
ENSG00000134207	2	0	2
ENSG00000163467	5	7	1
ENSG00000243710	2	1	2
ENSG00000117395	771	1	771
ENSG00000116874	247	16	264
ENSG00000065600	402	2	400
ENSG00000009780	413	0	413
ENSG00000023572	392	312	305
ENSG00000077254	2848	3	2845
ENSG00000134644	4665	1	4664
ENSG00000215788	1138	4	1212
ENSG00000117834	36	7	33
ENSG00000117625	1751	0	1751
ENSG00000179902	6	0	7
ENSG00000020633	8375	4	8371
ENSG00000121766	621	1	928
ENSG00000143157	2792	4	2788
ENSG00000162614	237	4	242
ENSG00000160781	56	0	56
ENSG00000143344	172	0	172
ENSG00000162613	4640	5	4637
ENSG00000116882	0	0	0
ENSG00000198758	1	0	1
ENSG00000117569	485	0	485
ENSG00000142856	231	124	221
ENSG00000158022	0	0	0
ENSG00000116396	169	0	169
ENSG00000058668	9115	4	9111
ENSG00000163875	2047	1	2046
ENSG00000282872	0	0	0
ENSG00000131238	9851	4	9849
ENSG00000171680	95	0	95
ENSG00000244457	0	0	0
ENSG00000116977	2425	471	3966
ENSG00000229372	0	271	0
ENSG00000274975	0	0	0
ENSG00000229348	0	0	0
ENSG00000242485	858	47	972
ENSG00000264293	0	0	0
ENSG00000272455	59	0	59
ENSG00000225905	1	0	1
ENSG00000225285	0	0	0
ENSG00000179403	0	0	0
ENSG00000215915	35	0	35
ENSG00000236085	0	0	0
ENSG00000234441	0	0	0
ENSG00000227408	0	0	0
ENSG00000223635	0	0	0
ENSG00000135776	883	0	883
ENSG00000199672	0	0	0
ENSG00000201492	2	2	0
ENSG00000229367	0	0	0
ENSG00000135763	678	0	678
ENSG00000213028	1	1	0
ENSG00000225984	0	0	0
ENSG00000178828	0	0	0
ENSG00000235434	0	0	0
ENSG00000169914	398	0	398
ENSG00000188784	0	0	0
ENSG00000242688	0	0	0
ENSG00000177186	0	0	0
ENSG00000177174	0	0	0
ENSG00000269956	19	329	0
ENSG00000162456	0	0	0
ENSG00000079277	1537	1	1846
ENSG00000117407	1	0	1
ENSG00000237950	29	0	29
ENSG00000117408	1144	0	1144
ENSG00000285649	1	139	1
ENSG00000117410	3779	1	3778
ENSG00000159214	48	0	58
ENSG00000196517	29	11	29
ENSG00000227163	0	0	0
ENSG00000271647	0	0	0
ENSG00000239560	0	0	0
ENSG00000196539	1	1	0
ENSG00000229255	1	0	1
ENSG00000203661	0	0	0
ENSG00000271934	0	0	0
ENSG00000224521	0	0	0
ENSG00000227102	0	0	0
ENSG00000183310	0	0	0
ENSG00000201602	0	0	0
ENSG00000271701	0	0	0
ENSG00000189181	0	0	0
ENSG00000187238	0	0	0
ENSG00000185962	0	0	0
ENSG00000226947	0	0	0
ENSG00000285753	0	0	0
ENSG00000187223	0	0	0
ENSG00000159455	0	0	0
ENSG00000187173	0	0	0
ENSG00000204501	0	0	0
ENSG00000228229	0	0	0
ENSG00000204481	0	0	0
ENSG00000204479	0	0	0
ENSG00000172031	11	0	11
ENSG00000233228	0	0	0
ENSG00000224678	0	0	0
ENSG00000233401	0	0	0
ENSG00000273487	4	0	4
ENSG00000226773	0	0	0
ENSG00000274481	0	0	0
ENSG00000228594	88	0	88
ENSG00000286989	26	0	26
ENSG00000272106	72	2	73
ENSG00000189409	6	2	4
ENSG00000272004	0	482	8
ENSG00000189339	4145	19	4620
ENSG00000269737	253	254	2
ENSG00000215914	4	0	4
ENSG00000008128	74	0	74
ENSG00000268575	114	0	204
ENSG00000227775	252	355	1
ENSG00000008130	10176	13	10163
ENSG00000078369	13807	11	13796
ENSG00000178821	1	0	1
ENSG00000158477	124	0	124
ENSG00000230942	2	0	2
ENSG00000158481	865	0	865
ENSG00000158485	24	0	24
ENSG00000158488	58	0	58
ENSG00000186306	0	0	0
ENSG00000203758	0	0	0
ENSG00000236257	0	0	0
ENSG00000236656	0	0	0
ENSG00000198703	0	0	0
ENSG00000227445	0	0	0
ENSG00000231434	1	0	1
ENSG00000117505	4021	5	4076
ENSG00000229635	6	6	0
ENSG00000207379	0	0	0
ENSG00000212601	0	0	0
ENSG00000162889	4906	3	4903
ENSG00000224114	225	0	225
ENSG00000199349	1	1	0
ENSG00000162892	155	1724	0
ENSG00000162894	14315	7	15877
ENSG00000271680	52	52	0
ENSG00000226945	30	30	0
ENSG00000162896	2	0	2
ENSG00000162897	0	0	0
ENSG00000182795	70	0	70
ENSG00000198890	515	5	510
ENSG00000224550	1	0	1
ENSG00000142669	12243	6	17500
ENSG00000169442	6675	15	13659
ENSG00000225854	2	0	2
ENSG00000176083	676	1	675
ENSG00000229167	0	0	0
ENSG00000142910	0	0	0
ENSG00000162517	1611	1	1915
ENSG00000235790	0	0	0
ENSG00000264078	0	0	0
ENSG00000241745	0	0	0
ENSG00000228407	0	0	0
ENSG00000223429	0	0	0
ENSG00000224255	0	0	0
ENSG00000236004	0	0	0
ENSG00000237663	0	0	0
ENSG00000213735	0	0	0
ENSG00000272100	4	196	0
ENSG00000287078	3	0	3
ENSG00000224680	4	0	4
ENSG00000085840	71	0	71
ENSG00000283445	8	0	8
ENSG00000272226	6	5	1
ENSG00000231740	2	0	2
ENSG00000143751	1745	0	1745
ENSG00000272562	13	0	13
ENSG00000163041	10065	1	10064
ENSG00000225518	1	0	1
ENSG00000270598	0	0	0
ENSG00000182827	1481	5	1773
ENSG00000234478	6	303	0
ENSG00000223570	0	0	0
ENSG00000185155	16	0	16
ENSG00000236773	1	0	1
ENSG00000143753	2003	0	2003
ENSG00000201898	0	0	0
ENSG00000237101	3	90	3
ENSG00000143748	758	1	847
ENSG00000221406	0	0	0
ENSG00000229742	0	0	0
ENSG00000206887	0	0	0
ENSG00000143771	924	0	924
ENSG00000266618	0	0	0
ENSG00000229991	0	0	0
ENSG00000233384	0	0	0
ENSG00000234247	0	0	0
ENSG00000183682	83	111	16
ENSG00000237624	0	0	0
ENSG00000228060	12	1088	1
ENSG00000201457	0	0	0
ENSG00000163909	5	0	5
ENSG00000225903	0	0	0
ENSG00000116983	254	1	253
ENSG00000225333	0	0	0
ENSG00000252413	0	0	0
ENSG00000090621	3374	1	4450
ENSG00000236994	0	0	0
ENSG00000275406	0	0	0
ENSG00000270287	0	0	0
ENSG00000229965	2	0	2
ENSG00000223282	0	0	0
ENSG00000177770	0	0	0
ENSG00000287627	0	0	0
ENSG00000283933	0	0	0
ENSG00000143369	28	0	28
ENSG00000228126	3	0	3
ENSG00000237781	77	114	175
ENSG00000264553	11	11	0
ENSG00000277452	15	0	15
ENSG00000274963	11	1	10
ENSG00000253047	2	0	2
ENSG00000143420	3824	3	3821
ENSG00000276103	1	0	1
ENSG00000143457	932	0	932
ENSG00000143452	71	0	71
ENSG00000206931	0	0	0
ENSG00000236713	1	1	0
ENSG00000224690	0	0	0
ENSG00000203804	5	190	112
ENSG000001433