N_unmapped	131930	131930	131930
N_multimapping	1434908	1434908	1434908
N_noFeature	879002	15223256	965129
N_ambiguous	1599756	24221	595076
ENSG00000160072	147	0	147
ENSG00000234396	0	0	0
ENSG00000225972	4	0	4
ENSG00000224315	0	0	0
ENSG00000198744	2	0	2
ENSG00000279928	7	0	7
ENSG00000228037	21	0	21
ENSG00000142611	1	0	1
ENSG00000225630	807	8	799
ENSG00000284616	0	0	0
ENSG00000157911	27	308	55
ENSG00000269896	18	0	18
ENSG00000237973	495	2	499
ENSG00000228463	3	0	4
ENSG00000260972	0	0	0
ENSG00000157933	1141	1	1140
ENSG00000224340	0	0	0
ENSG00000226545	0	0	0
ENSG00000268663	0	0	0
ENSG00000226374	0	0	0
ENSG00000229280	0	0	0
ENSG00000142655	109	13	109
ENSG00000232596	0	0	0
ENSG00000235054	0	0	0
ENSG00000232663	0	0	0
ENSG00000240409	0	0	0
ENSG00000229344	4	0	4
ENSG00000231510	0	0	0
ENSG00000149527	65	0	65
ENSG00000284739	0	0	0
ENSG00000171621	52	0	52
ENSG00000272235	0	0	0
ENSG00000284694	0	0	0
ENSG00000230021	1	9	1
ENSG00000287356	4	4	2
ENSG00000224387	3	3	0
ENSG00000285629	0	0	0
ENSG00000173673	0	0	0
ENSG00000142583	18	0	18
ENSG00000284674	0	0	0
ENSG00000272161	0	0	0
ENSG00000237094	119	0	119
ENSG00000224338	0	0	0
ENSG00000074800	6064	5	6059
ENSG00000116786	752	0	834
ENSG00000287727	0	0	0
ENSG00000228423	0	0	0
ENSG00000286448	0	1	0
ENSG00000131686	21	26	8
ENSG00000229305	0	0	0
ENSG00000284703	0	0	0
ENSG00000226457	0	0	0
ENSG00000173614	123	1	122
ENSG00000248527	3913	103	3810
ENSG00000215720	0	0	0
ENSG00000241326	0	0	0
ENSG00000233623	0	0	0
ENSG00000162592	0	8	0
ENSG00000116254	5	0	5
ENSG00000233645	0	0	0
ENSG00000204624	2	0	2
ENSG00000142606	3	28	3
ENSG00000235146	0	0	0
ENSG00000225931	9	0	9
ENSG00000171729	27	0	28
ENSG00000279457	51	0	51
ENSG00000162571	0	0	0
ENSG00000229393	1	0	1
ENSG00000037637	604	0	604
ENSG00000287586	46	1	45
ENSG00000159423	65	0	65
ENSG00000142599	3020	21	3002
ENSG00000227169	0	0	0
ENSG00000283356	0	0	0
ENSG00000011021	263	0	272
ENSG00000142615	0	0	0
ENSG00000215704	2	10	0
ENSG00000157916	1143	29	1450
ENSG00000157881	316	0	316
ENSG00000238290	0	0	0
ENSG00000225387	0	0	0
ENSG00000048707	1187	0	1187
ENSG00000158748	0	0	0
ENSG00000225196	1	1	0
ENSG00000162444	422	1	421
ENSG00000279625	0	0	0
ENSG00000180758	95	0	95
ENSG00000184677	757	0	757
ENSG00000230679	1	0	1
ENSG00000270136	0	0	0
ENSG00000288398	26	0	26
ENSG00000224621	0	0	0
ENSG00000285833	0	0	0
ENSG00000131697	70	0	70
ENSG00000284692	0	0	0
ENSG00000284745	0	0	0
ENSG00000280222	0	0	0
ENSG00000227634	0	0	0
ENSG00000285945	0	0	0
ENSG00000229162	3	0	3
ENSG00000197921	0	0	0
ENSG00000233755	0	0	0
ENSG00000233929	0	0	0
ENSG00000271742	0	0	0
ENSG00000226396	12	0	12
ENSG00000169504	560	0	560
ENSG00000234166	0	11	0
ENSG00000235282	0	0	0
ENSG00000055070	1058	1	1741
ENSG00000175087	203	0	203
ENSG00000157191	1483	11	1472
ENSG00000284699	0	0	0
ENSG00000230035	0	0	0
ENSG00000235185	0	0	0
ENSG00000225643	2	0	2
ENSG00000284666	0	0	0
ENSG00000228943	0	0	0
ENSG00000234397	0	0	0
ENSG00000284309	0	0	0
ENSG00000162511	11676	13	24321
ENSG00000158014	0	0	0
ENSG00000204138	356	0	356
ENSG00000233419	0	0	0
ENSG00000235263	0	0	0
ENSG00000228176	0	0	0
ENSG00000231251	0	0	0
ENSG00000142675	29	0	29
ENSG00000197245	0	0	0
ENSG00000261025	1	1	0
ENSG00000116237	436	1	457
ENSG00000130772	253	0	253
ENSG00000215899	1	0	1
ENSG00000271398	2	2	0
ENSG00000225011	0	0	0
ENSG00000235069	0	0	0
ENSG00000284676	0	0	0
ENSG00000237058	2	2	0
ENSG00000233399	0	0	0
ENSG00000090020	728	0	728
ENSG00000157978	1565	2	1563
ENSG00000226944	1	0	1
ENSG00000270282	0	0	0
ENSG00000130770	384	18	493
ENSG00000229044	0	134	0
ENSG00000162512	36	0	36
ENSG00000158006	362	0	362
ENSG00000214812	1	0	1
ENSG00000126698	1182	5	1177
ENSG00000229447	1	0	1
ENSG00000229607	0	0	0
ENSG00000130766	191	0	191
ENSG00000168528	17	0	17
ENSG00000196581	9	0	9
ENSG00000169403	6902	3	6899
ENSG00000084628	0	0	0
ENSG00000060688	445	0	445
ENSG00000171612	56	0	56
ENSG00000270927	0	0	0
ENSG00000188910	1	1	0
ENSG00000230523	0	0	0
ENSG00000116138	312	69	276
ENSG00000158161	536	0	536
ENSG00000142684	0	0	32
ENSG00000234619	0	0	0
ENSG00000121769	11	11	0
ENSG00000142627	17	0	17
ENSG00000284668	0	0	0
ENSG00000233234	0	0	0
ENSG00000142632	48	0	59
ENSG00000234593	0	0	0
ENSG00000158292	12	0	12
ENSG00000270605	52	0	54
ENSG00000189337	74	0	83
ENSG00000232912	87	0	90
ENSG00000235084	1	0	1
ENSG00000235143	0	0	0
ENSG00000225478	0	0	0
ENSG00000225077	1	16	1
ENSG00000028137	9494	6	9488
ENSG00000238249	2	2	0
ENSG00000204464	0	0	0
ENSG00000233372	1	0	1
ENSG00000283259	0	0	0
ENSG00000284543	1	0	1
ENSG00000130939	1129	0	1129
ENSG00000175147	1	10	1
ENSG00000127472	0	0	0
ENSG00000060656	1	0	1
ENSG00000163867	248	1	247
ENSG00000232768	0	0	0
ENSG00000230214	0	0	0
ENSG00000189280	1	1	0
ENSG00000134698	3849	3	3846
ENSG00000134690	48	0	48
ENSG00000272420	1	0	1
ENSG00000132881	14	0	14
ENSG00000273274	0	0	0
ENSG00000116251	1468	0	1469
ENSG00000272510	1	6	5
ENSG00000158286	27	8	26
ENSG00000236648	0	0	0
ENSG00000232273	0	0	0
ENSG00000009709	0	0	0
ENSG00000287396	0	0	0
ENSG00000223589	0	0	0
ENSG00000158008	0	0	0
ENSG00000130940	58	0	96
ENSG00000116771	70	2	91
ENSG00000237301	1	1	0
ENSG00000162585	112	68	115
ENSG00000163879	0	2	0
ENSG00000227527	0	0	0
ENSG00000116954	386	0	386
ENSG00000228589	9	0	9
ENSG00000163873	0	0	0
ENSG00000117215	2	0	2
ENSG00000196449	127	1	140
ENSG00000230163	0	25	0
ENSG00000227538	0	0	0
ENSG00000232208	24	0	24
ENSG00000236500	0	0	0
ENSG00000044012	0	0	0
ENSG00000179051	1081	2	1366
ENSG00000215895	0	0	0
ENSG00000231868	0	0	0
ENSG00000284650	0	0	0
ENSG00000237329	0	0	0
ENSG00000236948	0	0	0
ENSG00000126067	760	0	760
ENSG00000274944	0	0	0
ENSG00000132906	283	0	291
ENSG00000197312	585	0	585
ENSG00000284748	0	0	0
ENSG00000272078	3	41	0
ENSG00000173660	697	1	696
ENSG00000224592	0	0	0
ENSG00000233728	0	6	0
ENSG00000230451	0	0	0
ENSG00000231606	0	0	0
ENSG00000215900	0	0	0
ENSG00000284632	0	0	0
ENSG00000241014	3	0	3
ENSG00000054118	2903	5	2898
ENSG00000254553	0	0	0
ENSG00000284653	0	0	0
ENSG00000237749	0	0	0
ENSG00000276747	2	0	2
ENSG00000284705	0	0	0
ENSG00000228776	0	0	0
ENSG00000159339	1481	1	1480
ENSG00000223814	0	0	0
ENSG00000197982	68	14	68
ENSG00000261781	0	0	0
ENSG00000183317	2	0	2
ENSG00000183386	503	0	503
ENSG00000284743	0	0	0
ENSG00000158315	2	3	0
ENSG00000204084	435	0	521
ENSG00000186973	0	0	0
ENSG00000271806	9	12	9
ENSG00000146463	574	1	628
ENSG00000279214	0	0	0
ENSG00000183520	259	0	259
ENSG00000271741	0	0	0
ENSG00000214141	0	0	0
ENSG00000142686	130	1	129
ENSG00000224751	0	0	0
ENSG00000279096	0	0	0
ENSG00000117148	0	0	0
ENSG00000230585	0	2	0
ENSG00000117000	636	0	636
ENSG00000284989	0	0	0
ENSG00000231630	0	0	0
ENSG00000092853	41	0	48
ENSG00000255811	0	0	0
ENSG00000134697	409	0	411
ENSG00000187513	1	0	1
ENSG00000238145	0	0	0
ENSG00000225142	0	0	0
ENSG00000230138	23	0	23
ENSG00000223390	0	4	0
ENSG00000285823	0	0	0
ENSG00000284720	0	0	0
ENSG00000225028	0	0	0
ENSG00000225671	0	0	0
ENSG00000116151	16	0	18
ENSG00000226147	0	0	0
ENSG00000182873	45	27	21
ENSG00000006555	115	0	115
ENSG00000236111	0	0	0
ENSG00000066056	14	0	14
ENSG00000214114	438	7	431
ENSG00000173436	111	2	111
ENSG00000116544	1	0	1
ENSG00000231900	0	0	0
ENSG00000236723	0	168	10
ENSG00000232467	0	0	0
ENSG00000117016	52	0	52
ENSG00000121310	336	0	336
ENSG00000169213	0	0	0
ENSG00000163866	359	0	384
ENSG00000225779	0	0	0
ENSG00000284601	0	0	0
ENSG00000237130	0	0	0
ENSG00000143001	0	0	0
ENSG00000229716	0	0	0
ENSG00000226133	0	0	0
ENSG00000227416	0	0	0
ENSG00000232335	0	7	0
ENSG00000260971	0	0	0
ENSG00000259832	0	0	0
ENSG00000284696	0	0	0
ENSG00000238242	0	0	0
ENSG00000285839	0	0	0
ENSG00000237290	0	0	0
ENSG00000232762	0	0	0
ENSG00000117419	160	0	160
ENSG00000162384	317	12	332
ENSG00000162391	1	5	0
ENSG00000174348	7	0	8
ENSG00000154198	0	0	0
ENSG00000117859	886	39	866
ENSG00000228121	0	0	0
ENSG00000253313	0	0	0
ENSG00000162396	26	0	26
ENSG00000203995	0	0	0
ENSG00000227742	1	0	1
ENSG00000284686	0	0	0
ENSG00000162378	474	0	474
ENSG00000233079	0	0	0
ENSG00000259818	0	0	0
ENSG00000229444	0	0	0
ENSG00000240563	9	0	9
ENSG00000234318	0	0	0
ENSG00000284773	7	0	7
ENSG00000234481	0	0	0
ENSG00000117862	36	0	36
ENSG00000235612	0	0	0
ENSG00000228369	0	0	0
ENSG00000183431	1094	1	1093
ENSG00000227485	0	0	0
ENSG00000224609	0	0	1
ENSG00000235545	0	0	0
ENSG00000236646	0	0	0
ENSG00000169174	0	0	0
ENSG00000232198	0	0	0
ENSG00000238063	0	0	0
ENSG00000227104	0	0	0
ENSG00000243725	5	0	5
ENSG00000171872	0	0	0
ENSG00000162407	13	0	13
ENSG00000285079	1	0	1
ENSG00000169218	0	0	0
ENSG00000163877	469	2	467
ENSG00000228929	4	0	4
ENSG00000224570	1	1	0
ENSG00000224980	0	0	0
ENSG00000278967	0	0	0
ENSG00000157184	79	28	256
ENSG00000272491	3	0	7
ENSG00000198815	1144	3	1141
ENSG00000134744	846	4	845
ENSG00000233910	0	0	0
ENSG00000287703	0	0	0
ENSG00000283039	0	0	0
ENSG00000229032	0	0	0
ENSG00000229294	0	0	0
ENSG00000232993	0	1	0
ENSG00000234088	0	0	0
ENSG00000236973	0	0	0
ENSG00000227947	0	0	0
ENSG00000277397	0	0	0
ENSG00000271200	0	0	0
ENSG00000235446	0	0	0
ENSG00000261196	0	0	0
ENSG00000162385	338	0	338
ENSG00000231413	0	0	0
ENSG00000234264	0	0	0
ENSG00000242391	0	0	0
ENSG00000223883	0	0	0
ENSG00000284808	1	0	1
ENSG00000242267	0	0	0
ENSG00000237227	0	0	0
ENSG00000275350	0	0	0
ENSG00000116652	3	0	5
ENSG00000123080	66	1	65
ENSG00000285778	0	0	0
ENSG00000077549	5471	4	5469
ENSG00000233407	0	0	0
ENSG00000225675	2	0	2
ENSG00000237622	0	0	0
ENSG00000162598	0	0	0
ENSG00000280317	0	0	0
ENSG00000162415	32	1	31
ENSG00000162600	325	0	325
ENSG00000116704	323	0	323
ENSG00000227644	0	0	0
ENSG00000157193	80	3	98
ENSG00000116205	270	1	280
ENSG00000198841	45	0	45
ENSG00000116212	96	0	96
ENSG00000234204	0	0	0
ENSG00000233099	1	0	1
ENSG00000233994	2	0	2
ENSG00000237180	0	0	0
ENSG00000213561	0	0	0
ENSG00000233973	0	0	0
ENSG00000237552	0	0	0
ENSG00000132854	0	0	0
ENSG00000227556	0	0	0
ENSG00000162616	77	1	76
ENSG00000162607	944	2	942
ENSG00000233602	2	0	2
ENSG00000233271	0	0	0
ENSG00000285954	11	11	0
ENSG00000233333	0	0	0
ENSG00000154027	169	0	170
ENSG00000234108	0	0	0
ENSG00000232676	0	0	0
ENSG00000225167	0	0	0
ENSG00000132122	91	0	91
ENSG00000213579	0	0	0
ENSG00000137960	1	0	1
ENSG00000237852	1	0	1
ENSG00000116745	0	0	0
ENSG00000132855	0	0	0
ENSG00000285407	0	0	0
ENSG00000272855	0	0	0
ENSG00000270549	0	0	0
ENSG00000237163	0	0	0
ENSG00000229636	0	0	0
ENSG00000116675	19	0	19
ENSG00000162433	24	0	24
ENSG00000213625	1232	2	1230
ENSG00000227207	0	0	0
ENSG00000227016	0	0	0
ENSG00000233664	0	0	0
ENSG00000158966	56	0	56
ENSG00000213703	0	0	0
ENSG00000203965	43	0	44
ENSG00000223479	0	0	0
ENSG00000233674	0	0	0
ENSG00000153898	87	0	87
ENSG00000117069	0	0	0
ENSG00000125703	287	0	287
ENSG00000285041	0	0	0
ENSG00000285808	0	0	0
ENSG00000229440	0	0	0
ENSG00000234144	0	0	0
ENSG00000213540	0	0	0
ENSG00000277670	0	0	0
ENSG00000227466	0	0	0
ENSG00000154007	0	0	0
ENSG00000230498	0	0	0
ENSG00000285782	0	0	0
ENSG00000162618	0	0	0
ENSG00000224493	0	0	0
ENSG00000131233	0	0	0
ENSG00000272371	0	0	0
ENSG00000287647	0	1	0
ENSG00000229225	0	0	0
ENSG00000230863	0	0	0
ENSG00000213560	0	0	0
ENSG00000287224	0	0	0
ENSG00000225598	0	0	0
ENSG00000286455	0	0	0
ENSG00000225087	0	0	0
ENSG00000224986	1	0	1
ENSG00000280378	10	0	10
ENSG00000188786	909	3	906
ENSG00000230053	0	0	0
ENSG00000137941	25	0	25
ENSG00000273338	0	0	0
ENSG00000223720	0	0	0
ENSG00000224326	0	0	0
ENSG00000286548	5	3	2
ENSG00000066135	237	3	342
ENSG00000230027	0	0	0
ENSG00000233061	0	0	0
ENSG00000272094	0	0	0
ENSG00000228853	0	0	0
ENSG00000215874	0	0	0
ENSG00000232453	11	0	11
ENSG00000260386	1	0	1
ENSG00000284895	0	0	0
ENSG00000117174	268	0	268
ENSG00000237413	0	0	0
ENSG00000184313	3	0	3
ENSG00000284645	1	0	1
ENSG00000225605	0	0	0
ENSG00000225446	0	0	0
ENSG00000288543	0	0	0
ENSG00000122420	4	0	4
ENSG00000284240	0	0	0
ENSG00000236290	0	0	0
ENSG00000143013	495	0	495
ENSG00000226084	21	0	21
ENSG00000134748	916	1	918
ENSG00000142892	365	0	365
ENSG00000219102	5	0	5
ENSG00000184005	59	0	59
ENSG00000230953	3	3	0
ENSG00000287743	0	0	0
ENSG00000229332	0	0	0
ENSG00000227937	0	0	0
ENSG00000229752	0	0	0
ENSG00000237505	7	0	8
ENSG00000285462	0	0	0
ENSG00000233216	0	0	0
ENSG00000197273	0	0	0
ENSG00000226804	0	0	0
ENSG00000285325	0	0	0
ENSG00000230728	0	0	0
ENSG00000162402	1798	1	1797
ENSG00000232846	0	0	0
ENSG00000219201	0	0	0
ENSG00000230787	0	0	0
ENSG00000116641	87	5	82
ENSG00000235927	1	1	1
ENSG00000223920	0	0	0
ENSG00000237453	0	0	0
ENSG00000172260	22	0	22
ENSG00000285473	0	0	0
ENSG00000237959	0	0	0
ENSG00000231364	1	1	0
ENSG00000234578	0	0	0
ENSG00000117480	101	0	101
ENSG00000137944	381	0	381
ENSG00000229505	0	0	0
ENSG00000228187	0	0	0
ENSG00000285201	0	0	0
ENSG00000182183	82	0	82
ENSG00000236407	0	0	0
ENSG00000271949	0	0	0
ENSG00000227062	0	0	0
ENSG00000067334	732	2	730
ENSG00000235011	0	0	0
ENSG00000235673	1	1	0
ENSG00000226938	0	0	0
ENSG00000213559	0	0	0
ENSG00000287587	0	0	0
ENSG00000142949	14	0	14
ENSG00000116133	103	3	115
ENSG00000232882	0	0	0
ENSG00000171502	15	1	14
ENSG00000162399	1	1	0
ENSG00000116157	98	0	98
ENSG00000143036	4	0	4
ENSG00000232672	0	0	0
ENSG00000230817	0	0	0
ENSG00000235613	0	0	0
ENSG00000065243	1769	3	1767
ENSG00000226759	0	0	0
ENSG00000226960	0	0	0
ENSG00000234080	0	0	0
ENSG00000237899	1	0	1
ENSG00000225492	21	0	21
ENSG00000223905	0	0	0
ENSG00000227290	1	1	0
ENSG00000229486	0	0	0
ENSG00000282898	0	0	0
ENSG00000285409	0	0	0
ENSG00000231090	1	0	1
ENSG00000117528	371	0	371
ENSG00000271723	0	0	0
ENSG00000172339	39	0	39
ENSG00000036549	451	0	451
ENSG00000287724	0	11	0
ENSG00000058799	579	1	578
ENSG00000225191	0	0	0
ENSG00000287870	0	0	0
ENSG00000235563	0	0	0
ENSG00000232048	0	0	0
ENSG00000232857	0	0	0
ENSG00000273637	0	0	0
ENSG00000203985	0	0	0
ENSG00000228838	0	2	0
ENSG00000283761	0	0	0
ENSG00000189433	0	0	0
ENSG00000230759	0	0	0
ENSG00000231866	0	0	0
ENSG00000179178	0	0	0
ENSG00000142700	0	0	0
ENSG00000285525	0	0	0
ENSG00000236098	0	0	0
ENSG00000233514	0	0	0
ENSG00000127124	238	0	238
ENSG00000266993	14	39	7
ENSG00000223675	0	0	0
ENSG00000162604	269	1	268
ENSG00000229316	0	0	0
ENSG00000116171	880	1	879
ENSG00000287406	0	0	0
ENSG00000225767	0	0	0
ENSG00000234099	0	0	0
ENSG00000137936	18	2	18
ENSG00000235308	6	6	0
ENSG00000232752	0	0	0
ENSG00000235829	0	0	0
ENSG00000143032	0	0	0
ENSG00000226745	0	0	0
ENSG00000178028	459	1	458
ENSG00000280040	0	0	0
ENSG00000168710	1195	0	1195
ENSG00000117519	29	0	29
ENSG00000270507	0	0	0
ENSG00000238037	0	0	0
ENSG00000215869	0	0	0
ENSG00000134215	797	0	797
ENSG00000227935	0	0	0
ENSG00000229887	0	0	0
ENSG00000228502	4	0	4
ENSG00000236268	0	0	0
ENSG00000271277	0	0	0
ENSG00000236888	0	0	0
ENSG00000279778	0	0	0
ENSG00000232015	0	0	0
ENSG00000230955	0	86	0
ENSG00000230828	0	0	0
ENSG00000188641	1788	1	1925
ENSG00000152078	4	0	4
ENSG00000237279	0	0	0
ENSG00000233359	0	0	0
ENSG00000237954	0	0	0
ENSG00000185668	0	0	0
ENSG00000171492	787	0	787
ENSG00000233129	0	0	0
ENSG00000170989	1980	2	1978
ENSG00000258634	80	0	125
ENSG00000233557	0	0	0
ENSG00000237897	0	0	0
ENSG00000116299	1108	0	1109
ENSG00000137962	26	0	26
ENSG00000227832	0	0	0
ENSG00000286692	0	0	0
ENSG00000260464	0	0	0
ENSG00000237435	0	0	0
ENSG00000231996	0	0	0
ENSG00000273204	0	0	0
ENSG00000079739	335	7	353
ENSG00000117154	0	0	0
ENSG00000162377	123	4	119
ENSG00000224613	0	0	0
ENSG00000215871	0	0	0
ENSG00000287372	0	0	0
ENSG00000232542	0	0	0
ENSG00000231095	0	0	0
ENSG00000116774	2	0	2
ENSG00000287756	0	0	0
ENSG00000269113	0	0	0
ENSG00000284652	1	0	1
ENSG00000023909	194	0	194
ENSG00000069702	394	0	394
ENSG00000232185	0	0	0
ENSG00000230489	3	0	3
ENSG00000228399	0	0	0
ENSG00000236776	0	0	0
ENSG00000285928	2	2	0
ENSG00000224685	0	0	0
ENSG00000287076	0	0	0
ENSG00000237480	0	0	0
ENSG00000271252	0	0	0
ENSG00000230427	0	0	0
ENSG00000235794	0	0	0
ENSG00000286758	0	0	0
ENSG00000237337	0	0	0
ENSG00000233983	0	0	0
ENSG00000198198	721	65	892
ENSG00000225183	0	0	0
ENSG00000230402	0	0	0
ENSG00000116793	255	1	254
ENSG00000134201	7	0	7
ENSG00000238122	0	0	0
ENSG00000260879	0	16	0
ENSG00000213366	200	0	200
ENSG00000230864	0	0	0
ENSG00000283354	0	0	0
ENSG00000232918	0	0	0
ENSG00000236360	0	0	0
ENSG00000183298	1	0	2
ENSG00000234332	6	0	6
ENSG00000117525	2	0	2
ENSG00000225079	23	0	23
ENSG00000226483	0	0	0
ENSG00000224238	0	0	0
ENSG00000229537	0	0	0
ENSG00000162699	0	0	0
ENSG00000162692	1	0	1
ENSG00000203914	0	0	0
ENSG00000270457	1	0	1
ENSG00000203858	0	0	0
ENSG00000231987	0	0	0
ENSG00000228057	2	1	1
ENSG00000261593	0	0	0
ENSG00000224445	0	0	0
ENSG00000229842	0	0	0
ENSG00000270631	0	0	0
ENSG00000229201	0	0	0
ENSG00000181656	2	1	1
ENSG00000122481	31	0	31
ENSG00000198162	623	0	623
ENSG00000238198	4	0	4
ENSG00000171517	16	2	14
ENSG00000228852	5	5	0
ENSG00000203864	0	0	0
ENSG00000233482	0	0	0
ENSG00000230250	0	0	0
ENSG00000232878	1	139	0
ENSG00000143079	57	2	55
ENSG00000232450	11	0	11
ENSG00000223575	0	0	0
ENSG00000230768	0	0	0
ENSG00000235202	0	0	0
ENSG00000272715	0	0	0
ENSG00000235038	0	0	0
ENSG00000143093	657	0	657
ENSG00000226415	4	0	4
ENSG00000085491	532	3	547
ENSG00000173947	1	0	1
ENSG00000241361	1	0	1
ENSG00000230434	0	0	0
ENSG00000230718	0	0	0
ENSG00000134198	744	0	744
ENSG00000235595	0	0	0
ENSG00000226053	0	0	0
ENSG00000226128	1	1	0
ENSG00000198799	342	0	376
ENSG00000279513	0	0	0
ENSG00000117620	242	2	242
ENSG00000280186	2	0	2
ENSG00000223906	0	0	0
ENSG00000162688	355	0	355
ENSG00000197106	0	0	0
ENSG00000259946	0	0	0
ENSG00000236137	2	109	2
ENSG00000203859	0	0	0
ENSG00000228086	0	50	0
ENSG00000213421	0	0	0
ENSG00000234020	0	0	0
ENSG00000060718	0	0	0
ENSG00000236804	0	0	0
ENSG00000231072	0	0	0
ENSG00000273406	0	0	0
ENSG00000185946	443	2	441
ENSG00000162627	2	0	2
ENSG00000226715	0	1	0
ENSG00000162695	491	0	491
ENSG00000134184	0	0	0
ENSG00000265808	943	2	941
ENSG00000261290	0	0	0
ENSG00000225923	0	0	0
ENSG00000134247	36	0	36
ENSG00000187481	0	0	0
ENSG00000116752	343	0	343
ENSG00000162664	255	0	255
ENSG00000236866	0	0	0
ENSG00000134253	5	1	4
ENSG00000277655	0	0	0
ENSG00000223416	0	0	0
ENSG00000213226	0	0	0
ENSG00000179571	0	0	0
ENSG00000227850	0	0	0
ENSG00000243967	0	0	0
ENSG00000235777	0	0	0
ENSG00000260246	0	0	0
ENSG00000173218	66	0	66
ENSG00000285532	0	0	0
ENSG00000226755	0	0	0
ENSG00000232650	0	0	0
ENSG00000183508	714	2	712
ENSG00000277095	0	0	0
ENSG00000236806	0	0	0
ENSG00000234283	0	0	0
ENSG00000237188	0	0	0
ENSG00000232780	0	0	0
ENSG00000274927	0	0	0
ENSG00000264145	0	0	0
ENSG00000238256	0	0	0
ENSG00000198765	0	0	0
ENSG00000224335	0	0	0
ENSG00000277702	0	0	0
ENSG00000143398	680	0	680
ENSG00000196505	457	1	457
ENSG00000225871	16	39	0
ENSG00000223489	0	0	0
ENSG00000230546	0	0	0
ENSG00000213262	0	0	0
ENSG00000287015	0	0	0
ENSG00000241720	0	5	0
ENSG00000235526	0	0	0
ENSG00000228347	0	0	0
ENSG00000276975	1	0	1
ENSG00000236012	0	0	0
ENSG00000270911	0	0	0
ENSG00000272824	0	0	0
ENSG00000134200	0	0	0
ENSG00000234257	0	0	0
ENSG00000065183	437	4	463
ENSG00000227082	3	0	3
ENSG00000228626	0	0	0
ENSG00000226126	0	0	0
ENSG00000163393	366	0	366
ENSG00000163156	520	13	513
ENSG00000143631	0	0	0
ENSG00000156150	0	45	0
ENSG00000228453	0	0	0
ENSG00000274642	0	0	0
ENSG00000177551	0	0	0
ENSG00000197323	1268	0	1268
ENSG00000237975	0	0	0
ENSG00000261168	0	0	0
ENSG00000287980	0	0	0
ENSG00000229283	0	0	0
ENSG00000271419	0	0	0
ENSG00000226172	0	0	0
ENSG00000079335	470	4	516
ENSG00000143119	12434	3	12431
ENSG00000237278	0	34	0
ENSG00000285062	0	0	0
ENSG00000233432	0	0	0
ENSG00000227700	0	0	0
ENSG00000229911	0	0	0
ENSG00000143520	0	0	0
ENSG00000171943	150	3	147
ENSG00000270719	0	0	0
ENSG00000155761	2	28	3
ENSG00000230806	0	0	0
ENSG00000116830	193	0	193
ENSG00000234422	0	0	0
ENSG00000227056	0	0	0
ENSG00000143614	1455	0	1455
ENSG00000227091	0	0	0
ENSG00000169418	0	0	0
ENSG00000214204	0	0	0
ENSG00000081026	38	10	28
ENSG00000225650	0	0	0
ENSG00000227179	0	0	0
ENSG00000224965	0	0	0
ENSG00000228127	0	0	0
ENSG00000226984	1	1	0
ENSG00000186150	0	0	0
ENSG00000143554	554	1	553
ENSG00000143458	458	0	458
ENSG00000230932	0	0	0
ENSG00000073754	0	0	0
ENSG00000228826	1	0	1
ENSG00000233907	0	0	0
ENSG00000225036	0	0	0
ENSG00000228420	1	0	1
ENSG00000233839	0	0	0
ENSG00000250890	0	0	0
ENSG00000232240	0	0	0
ENSG00000280649	14	10	25
ENSG00000131781	120	24	105
ENSG00000223599	4	0	4
ENSG00000230921	0	0	0
ENSG00000286151	2	0	2
ENSG00000234388	0	0	0
ENSG00000235015	0	0	0
ENSG00000271736	21	0	21
ENSG00000235988	0	0	0
ENSG00000233717	0	0	0
ENSG00000231551	43	13	31
ENSG00000227295	0	0	0
ENSG00000163155	71	51	27
ENSG00000243613	0	51	0
ENSG00000241975	10	0	10
ENSG00000271143	0	0	0
ENSG00000270976	0	0	0
ENSG00000228217	1	0	1
ENSG00000270342	0	0	0
ENSG00000143552	76	0	76
ENSG00000175984	18	1	17
ENSG00000231100	0	0	0
ENSG00000116824	1880	1	1879
ENSG00000235887	0	0	0
ENSG00000237460	0	0	0
ENSG00000236327	0	0	0
ENSG00000223804	42	6	36
ENSG00000236887	0	0	0
ENSG00000024526	14	0	15
ENSG00000236480	0	0	0
ENSG00000235756	0	0	0
ENSG00000173810	0	0	0
ENSG00000235005	0	0	0
ENSG00000271890	0	0	0
ENSG00000238107	0	0	0
ENSG00000227425	0	0	0
ENSG00000233222	0	15	0
ENSG00000225279	4	1	3
ENSG00000229101	0	0	0
ENSG00000224927	0	0	0
ENSG00000239216	0	0	0
ENSG00000283360	0	0	0
ENSG00000117262	31	0	31
ENSG00000227907	0	0	0
ENSG00000143624	1286	2	1399
ENSG00000227970	0	0	0
ENSG00000261055	4	0	4
ENSG00000231613	1	0	1
ENSG00000137947	655	0	655
ENSG00000236689	0	0	0
ENSG00000233589	0	1	0
ENSG00000117586	103	0	103
ENSG00000230946	1	1	0
ENSG00000226028	0	0	0
ENSG00000162728	1	0	1
ENSG00000229021	0	0	0
ENSG00000203825	0	0	0
ENSG00000184371	397	0	397
ENSG00000233449	0	0	0
ENSG00000242943	0	0	0
ENSG00000233203	0	0	0
ENSG00000232499	0	0	0
ENSG00000232265	2	0	2
ENSG00000163154	991	1	996
ENSG00000232995	8	0	8
ENSG00000236957	0	0	0
ENSG00000238087	0	0	0
ENSG00000227777	2	1	1
ENSG00000177173	8	0	8
ENSG00000277406	38	1	37
ENSG00000238022	0	0	0
ENSG00000231671	0	0	0
ENSG00000162729	253	0	253
ENSG00000143158	266	10	318
ENSG00000271092	5	1	4
ENSG00000238118	0	0	0
ENSG00000276118	0	0	0
ENSG00000232148	0	0	0
ENSG00000278811	8	41	0
ENSG00000000460	66	125	77
ENSG00000188859	1	0	2
ENSG00000275075	0	0	0
ENSG00000135862	45	0	45
ENSG00000232952	0	0	0
ENSG00000158473	508	1	507
ENSG00000227722	0	0	0
ENSG00000285922	0	0	0
ENSG00000275801	0	0	0
ENSG00000143198	270	0	270
ENSG00000143318	14	2	12
ENSG00000232188	0	0	0
ENSG00000232212	0	0	0
ENSG00000143621	1171	9	1168
ENSG00000241042	0	0	0
ENSG00000143155	587	1	586
ENSG00000260322	0	0	0
ENSG00000223495	0	0	0
ENSG00000143156	32	3	41
ENSG00000198771	4866	13	4895
ENSG00000225462	0	0	0
ENSG00000237756	1	1	0
ENSG00000116147	1	0	1
ENSG00000213064	1324	0	1430
ENSG00000203307	0	0	0
ENSG00000143179	93	0	119
ENSG00000271187	0	0	0
ENSG00000274562	0	0	0
ENSG00000143315	193	0	193
ENSG00000116199	484	0	484
ENSG00000231175	0	0	0
ENSG00000143185	91	0	91
ENSG00000235145	1	0	1
ENSG00000116260	792	1	791
ENSG00000272931	7	1	6
ENSG00000143190	483	1	543
ENSG00000225475	0	0	0
ENSG00000230898	0	0	0
ENSG00000232223	0	0	0
ENSG00000224698	0	0	0
ENSG00000287697	0	7	1
ENSG00000075945	295	1	323
ENSG00000235303	0	0	0
ENSG00000234810	1	0	1
ENSG00000232750	1	1	0
ENSG00000224468	0	0	0
ENSG00000235628	0	0	0
ENSG00000232551	0	0	0
ENSG00000092607	0	0	0
ENSG00000238270	0	0	0
ENSG00000285894	0	0	0
ENSG00000236025	0	0	0
ENSG00000230687	0	0	0
ENSG00000230704	0	0	0
ENSG00000283255	0	0	0
ENSG00000227741	4	35	3
ENSG00000237049	0	0	0
ENSG00000286754	0	0	0
ENSG00000232751	0	0	0
ENSG00000236364	1	26	0
ENSG00000117091	1456	6	3758
ENSG00000235378	0	1	0
ENSG00000143171	0	0	0
ENSG00000275767	0	0	0
ENSG00000224718	0	0	0
ENSG00000047410	2937	3	3129
ENSG00000231992	0	0	0
ENSG00000018625	2	0	2
ENSG00000171806	153	0	165
ENSG00000287919	0	0	0
ENSG00000229914	1	0	1
ENSG00000233882	0	0	0
ENSG00000198358	0	1	0
ENSG00000229407	0	0	0
ENSG00000134216	0	0	0
ENSG00000230748	0	0	0
ENSG00000254154	0	0	0
ENSG00000162694	50	0	50
ENSG00000238108	0	0	0
ENSG00000214262	0	106	0
ENSG00000183853	0	0	0
ENSG00000215835	5	0	5
ENSG00000118197	375	1	374
ENSG00000135842	8795	13	8782
ENSG00000229258	0	2	0
ENSG00000287472	0	0	0
ENSG00000241318	0	0	0
ENSG00000228238	1	0	1
ENSG00000232393	0	0	0
ENSG00000121454	17	60	0
ENSG00000184155	0	0	0
ENSG00000058085	0	0	0
ENSG00000260088	1	0	1
ENSG00000287978	43	0	43
ENSG00000116815	517	1	516
ENSG00000232917	0	0	0
ENSG00000233057	1	0	1
ENSG00000237131	0	0	0
ENSG00000233946	0	0	0
ENSG00000143167	109	0	109
ENSG00000143184	48	0	48
ENSG00000231966	1	0	1
ENSG00000176320	0	0	0
ENSG00000260976	0	0	0
ENSG00000235215	0	0	0
ENSG00000223450	0	0	0
ENSG00000224691	0	0	0
ENSG00000286572	0	0	0
ENSG00000235101	1	1	0
ENSG00000228215	7	0	7
ENSG00000177807	1	0	1
ENSG00000233626	1	1	0
ENSG00000233691	0	0	0
ENSG00000283518	0	0	0
ENSG00000271527	0	0	0
ENSG00000143228	25	1	24
ENSG00000235827	0	0	0
ENSG00000231615	1	0	1
ENSG00000231714	0	0	0
ENSG00000174514	19	7	22
ENSG00000143178	50	0	50
ENSG00000224837	0	0	0
ENSG00000116833	3	0	3
ENSG00000227740	3	0	3
ENSG00000260990	0	0	0
ENSG00000000457	268	20	372
ENSG00000143507	80	0	80
ENSG00000285638	0	0	0
ENSG00000226520	0	0	0
ENSG00000284592	0	0	0
ENSG00000230987	0	0	0
ENSG00000232527	0	0	0
ENSG00000215833	0	0	0
ENSG00000228167	0	0	0
ENSG00000225325	0	0	0
ENSG00000223344	0	0	0
ENSG00000228191	0	0	0
ENSG00000229961	58	0	58
ENSG00000150732	0	0	0
ENSG00000157064	2	0	2
ENSG00000288139	0	0	0
ENSG00000226015	19	2	17
ENSG00000215808	0	0	0
ENSG00000059588	453	1	453
ENSG00000231512	0	0	0
ENSG00000237379	0	0	0
ENSG00000232959	0	28	0
ENSG00000122224	577	17	560
ENSG00000162782	0	0	0
ENSG00000238051	0	0	0
ENSG00000233196	1	1	0
ENSG00000229220	0	0	0
ENSG00000143653	264	1	263
ENSG00000135837	1570	0	1570
ENSG00000158711	1411	6	1415
ENSG00000227747	0	0	0
ENSG00000228081	0	0	0
ENSG00000228020	0	0	0
ENSG00000234975	22	0	22
ENSG00000162851	100	0	100
ENSG00000271427	2	0	2
ENSG00000261817	0	0	0
ENSG00000143353	248	0	256
ENSG00000197965	1830	1	1829
ENSG00000143493	209	0	209
ENSG00000230777	2	2	0
ENSG00000179397	5	0	5
ENSG00000224540	0	0	0
ENSG00000117592	1847	0	1847
ENSG00000186197	18	0	18
ENSG00000229067	0	0	0
ENSG00000230231	0	1	0
ENSG00000227711	0	0	0
ENSG00000261182	0	0	0
ENSG00000228879	0	0	0
ENSG00000227925	1	0	1
ENSG00000162670	0	0	0
ENSG00000225712	0	0	0
ENSG00000162761	0	0	0
ENSG00000143199	1	0	1
ENSG00000179930	0	0	0
ENSG00000007908	0	0	0
ENSG00000092978	147	0	147
ENSG00000143499	269	0	269
ENSG00000188404	41221	27	41194
ENSG00000227735	0	0	0
ENSG00000243062	0	0	0
ENSG00000143196	0	0	0
ENSG00000228504	0	0	0
ENSG00000274702	0	0	0
ENSG00000226211	0	0	0
ENSG00000236942	0	0	0
ENSG00000287205	0	0	0
ENSG00000203697	8	0	8
ENSG00000116574	297	1	296
ENSG00000287929	0	0	0
ENSG00000186283	444	2	442
ENSG00000224896	0	0	0
ENSG00000226292	0	0	0
ENSG00000121481	368	0	369
ENSG00000227940	0	0	0
ENSG00000117139	914	0	914
ENSG00000143248	7	0	7
ENSG00000278455	0	0	0
ENSG00000224810	0	0	0
ENSG00000162814	0	0	0
ENSG00000225172	0	0	0
ENSG00000261642	0	0	0
ENSG00000228239	0	0	0
ENSG00000237283	0	0	0
ENSG00000116132	0	0	0
ENSG00000238042	4	0	4
ENSG00000271475	0	0	0
ENSG00000231877	0	0	0
ENSG00000116679	3374	5	3369
ENSG00000228536	0	0	0
ENSG00000230550	0	1	0
ENSG00000229242	0	0	0
ENSG00000253326	0	0	0
ENSG00000228470	0	0	0
ENSG00000152092	0	0	0
ENSG00000234984	0	0	0
ENSG00000231648	0	0	0
ENSG00000229983	0	0	0
ENSG00000215149	0	0	0
ENSG00000225122	0	0	0
ENSG00000225920	5	5	0
ENSG00000143476	44	0	44
ENSG00000121486	589	0	589
ENSG00000228437	2	1	1
ENSG00000214837	9	0	9
ENSG00000057252	1080	0	1080
ENSG00000225982	0	0	0
ENSG00000285718	0	0	0
ENSG00000234070	0	0	0
ENSG00000233620	0	0	0
ENSG00000237783	0	0	0
ENSG00000272906	6	0	14
ENSG00000233018	0	0	0
ENSG00000123685	34	0	34
ENSG00000224783	0	0	0
ENSG00000162852	891	0	891
ENSG00000232792	0	1	0
ENSG00000273004	6	0	6
ENSG00000143842	58	0	58
ENSG00000268062	4	4	0
ENSG00000237409	1	1	0
ENSG00000116962	305	2	303
ENSG00000288078	0	0	0
ENSG00000271399	0	0	0
ENSG00000229757	0	0	0
ENSG00000232679	0	0	0
ENSG00000159388	4112	4	4108
ENSG00000220749	9	0	9
ENSG00000181450	104	0	104
ENSG00000223519	14	5	64
ENSG00000120333	300	7	307
ENSG00000286285	10	0	10
ENSG00000225300	0	0	0
ENSG00000223842	2	2	0
ENSG00000162753	0	0	0
ENSG00000228247	0	0	0
ENSG00000231424	1	0	1
ENSG00000143355	0	0	0
ENSG00000287177	0	0	0
ENSG00000237193	0	0	0
ENSG00000223490	0	0	0
ENSG00000121644	388	0	388
ENSG00000174502	0	0	0
ENSG00000224286	0	0	0
ENSG00000158715	220	1	219
ENSG00000143195	10	0	10
ENSG00000162849	9	1	8
ENSG00000232824	0	0	0
ENSG00000273416	0	0	0
ENSG00000234142	0	0	1
ENSG00000282111	0	0	0
ENSG00000233410	1	0	1
ENSG00000067533	206	0	206
ENSG00000228955	0	0	0
ENSG00000270443	0	0	0
ENSG00000116209	2869	0	2869
ENSG00000224702	0	0	0
ENSG00000271811	0	0	0
ENSG00000224278	0	0	0
ENSG00000235492	0	0	0
ENSG00000287808	6	35	6
ENSG00000271588	0	0	0
ENSG00000229840	0	0	0
ENSG00000116161	769	39	752
ENSG00000226486	0	0	0
ENSG00000227687	0	0	0
ENSG00000231814	0	0	0
ENSG00000286210	0	0	0
ENSG00000287364	0	0	0
ENSG00000225063	0	0	0
ENSG00000260698	4	0	4
ENSG00000277007	8	0	8
ENSG00000229016	0	0	0
ENSG00000077157	1434	0	1453
ENSG00000152104	4	3	1
ENSG00000236975	0	0	0
ENSG00000215834	0	0	0
ENSG00000286541	0	0	0
ENSG00000117650	16	0	16
ENSG00000235021	0	0	0
ENSG00000203724	1	0	1
ENSG00000225006	0	0	0
ENSG00000287633	0	0	0
ENSG00000158764	1	0	2
ENSG00000223375	0	0	0
ENSG00000230714	0	0	0
ENSG00000261065	0	2	0
ENSG00000260855	12	6	6
ENSG00000188783	0	0	0
ENSG00000236206	0	0	0
ENSG00000168118	372	1	371
ENSG00000181101	0	0	0
ENSG00000173726	1191	0	1191
ENSG00000282852	0	0	0
ENSG00000152382	189	2	187
ENSG00000143839	0	0	0
ENSG00000232100	0	0	0
ENSG00000261024	0	0	0
ENSG00000230547	0	0	0
ENSG00000229703	0	0	0
ENSG00000176754	0	0	0
ENSG00000232309	0	0	0
ENSG00000227953	5	53	7
ENSG00000232215	1	0	1
ENSG00000135829	2571	1	2605
ENSG00000228289	0	0	0
ENSG00000134717	549	0	549
ENSG00000232989	0	0	0
ENSG00000233537	0	0	0
ENSG00000116668	152	14	138
ENSG00000143756	549	0	549
ENSG00000278180	0	0	0
ENSG00000143702	551	2	612
ENSG00000232341	0	0	0
ENSG00000287676	0	0	0
ENSG00000236792	0	0	0
ENSG00000143207	1661	1	1660
ENSG00000270859	0	0	0
ENSG00000238224	0	0	0
ENSG00000286775	0	0	0
ENSG00000122176	0	0	0
ENSG00000229120	0	0	0
ENSG00000237492	0	0	0
ENSG00000230404	0	0	0
ENSG00000213036	0	0	0
ENSG00000227230	1	38	0
ENSG00000236230	0	0	0
ENSG00000026751	793	0	793
ENSG00000150681	3200	0	3851
ENSG00000116906	572	0	572
ENSG00000092969	0	0	0
ENSG00000157181	252	0	252
ENSG00000250762	0	0	0
ENSG00000236720	0	0	0
ENSG00000227421	1	0	1
ENSG00000227240	2	0	2
ENSG00000076258	44	0	44
ENSG00000286073	0	0	0
ENSG00000231084	5	5	0
ENSG00000232085	0	26	0
ENSG00000117697	577	2	575
ENSG00000279333	0	0	1
ENSG00000235083	0	0	0
ENSG00000162669	0	0	0
ENSG00000197067	0	0	0
ENSG00000229652	0	0	0
ENSG00000132681	15	0	15
ENSG00000225904	0	0	0
ENSG00000270920	0	0	0
ENSG00000281664	0	0	0
ENSG00000143641	415	0	601
ENSG00000227630	2	0	2
ENSG00000228830	0	564	0
ENSG00000010932	1	0	1
ENSG00000282849	0	0	0
ENSG00000276520	0	0	0
ENSG00000226640	0	0	0
ENSG00000010072	192	37	189
ENSG00000135766	95	1	94
ENSG00000232626	1	0	1
ENSG00000232096	0	0	0
ENSG00000279261	0	0	0
ENSG00000213051	0	0	0
ENSG00000238054	0	0	0
ENSG00000163534	261	0	261
ENSG00000168243	0	0	0
ENSG00000281453	0	0	0
ENSG00000237469	0	0	0
ENSG00000224939	0	0	0
ENSG00000227613	0	0	0
ENSG00000116183	1	0	1
ENSG00000270106	0	0	0
ENSG00000232194	0	0	0
ENSG00000235152	0	0	0
ENSG00000231612	0	0	0
ENSG00000237980	3	0	3
ENSG00000271036	0	0	0
ENSG00000230849	0	0	0
ENSG00000170382	102	108	1
ENSG00000228664	0	0	0
ENSG00000226868	0	0	0
ENSG00000279401	0	0	0
ENSG00000272362	0	0	0
ENSG00000287450	0	0	0
ENSG00000237011	0	0	0
ENSG00000233583	0	0	0
ENSG00000066027	2859	1	2858
ENSG00000286263	0	0	0
ENSG00000227006	0	0	0
ENSG00000236372	0	0	0
ENSG00000224525	0	0	0
ENSG00000188770	0	0	0
ENSG00000173728	2	2	0
ENSG00000094975	562	0	562
ENSG00000225811	0	0	0
ENSG00000273093	0	0	0
ENSG00000162772	56	0	56
ENSG00000227818	0	0	0
ENSG00000135828	1254	1	1253
ENSG00000224227	0	0	0
ENSG00000286398	0	0	0
ENSG00000076356	87	0	87
ENSG00000215819	0	0	0
ENSG00000185523	1	0	1
ENSG00000236108	0	0	0
ENSG00000116711	105	0	105
ENSG00000231684	1	0	1
ENSG00000226750	0	0	0
ENSG00000285665	7	0	7
ENSG00000231022	0	0	0
ENSG00000224436	0	0	0
ENSG00000228208	0	0	0
ENSG00000273384	0	0	0
ENSG00000238061	0	0	0
ENSG00000234915	0	0	0
ENSG00000143845	2	0	5
ENSG00000235862	0	0	0
ENSG00000069812	1	0	1
ENSG00000227585	0	0	0
ENSG00000157060	0	0	0
ENSG00000237213	0	0	0
ENSG00000236439	17	0	17
ENSG00000224260	0	0	0
ENSG00000213045	2	3	0
ENSG00000287220	0	0	0
ENSG00000230063	0	0	0
ENSG00000235467	0	0	0
ENSG00000123684	3468	0	3470
ENSG00000117707	0	0	0
ENSG00000228044	0	0	0
ENSG00000225338	0	0	0
ENSG00000224407	0	186	0
ENSG00000232463	0	0	0
ENSG00000237457	0	0	0
ENSG00000225171	3	0	3
ENSG00000226843	0	0	0
ENSG00000235386	0	0	0
ENSG00000123836	218	32	218
ENSG00000213690	0	0	0
ENSG00000223982	0	0	0
ENSG00000229832	1	1	0
ENSG00000117691	114	0	114
ENSG00000225233	0	0	0
ENSG00000274895	0	0	0
ENSG00000237514	0	0	0
ENSG00000287856	0	0	0
ENSG00000228067	0	0	0
ENSG00000284299	0	0	0
ENSG00000226375	1	0	1
ENSG00000203705	231	0	231
ENSG00000224040	0	0	0
ENSG00000228686	17	17	0
ENSG00000279838	10	0	10
ENSG00000174175	144	0	144
ENSG00000236401	0	0	0
ENSG00000241475	0	0	0
ENSG00000215800	0	0	0
ENSG00000286421	0	0	0
ENSG00000270936	0	0	0
ENSG00000008118	0	0	0
ENSG00000171161	434	0	434
ENSG00000241505	0	0	0
ENSG00000224535	0	0	0
ENSG00000282097	0	0	0
ENSG00000261453	6	6	0
ENSG00000231020	0	0	0
ENSG00000270818	0	0	0
ENSG00000196878	5	0	5
ENSG00000133059	464	1	463
ENSG00000225561	0	0	0
ENSG00000224668	0	0	0
ENSG00000242529	0	0	0
ENSG00000074964	273	1	272
ENSG00000223847	0	0	0
ENSG00000277704	0	0	0
ENSG00000116918	541	8	541
ENSG00000274020	112	3	142
ENSG00000287445	2	0	2
ENSG00000259815	0	0	0
ENSG00000240963	0	0	0
ENSG00000226570	0	0	0
ENSG00000198929	0	0	0
ENSG00000272167	0	0	0
ENSG00000230628	0	0	0
ENSG00000162771	0	0	0
ENSG00000227579	0	0	0
ENSG00000176393	1123	2	1710
ENSG00000174606	426	0	426
ENSG00000179914	17	0	17
ENSG00000235750	3661	1	3660
ENSG00000284376	0	0	0
ENSG00000121446	2	1	1
ENSG00000226758	1	0	1
ENSG00000230199	0	0	0
ENSG00000236905	0	0	0
ENSG00000233304	0	0	0
ENSG00000288007	1	0	2
ENSG00000227887	0	0	0
ENSG00000116903	669	0	703
ENSG00000228255	0	0	0
ENSG00000226196	0	0	0
ENSG00000287354	0	3	0
ENSG00000233827	0	0	0
ENSG00000198797	0	0	0
ENSG00000271746	0	0	0
ENSG00000234233	0	0	0
ENSG00000151414	1963	1	1962
ENSG00000177614	3	0	3
ENSG00000223794	0	0	0
ENSG00000235182	0	0	0
ENSG00000213041	0	0	0
ENSG00000287157	0	0	0
ENSG00000233920	0	0	0
ENSG00000183831	0	0	0
ENSG00000225755	0	0	0
ENSG00000143858	43	63	1
ENSG00000197472	2	0	2
ENSG00000230184	0	0	0
ENSG00000234004	0	0	0
ENSG00000232436	0	0	0
ENSG00000231718	0	0	0
ENSG00000283952	0	0	0
ENSG00000230019	0	0	0
ENSG00000136643	296	0	296
ENSG00000232537	0	0	0
ENSG00000226036	0	0	0
ENSG00000285521	0	0	0
ENSG00000236317	2	0	2
ENSG00000176855	0	0	0
ENSG00000227728	0	0	0
ENSG00000133069	132	5	127
ENSG00000162877	9	0	9
ENSG00000233461	31	0	31
ENSG00000225401	1	0	1
ENSG00000228190	0	0	0
ENSG00000135747	1	0	1
ENSG00000227237	1	1	0
ENSG00000069248	595	0	595
ENSG00000232812	0	0	0
ENSG00000231666	0	0	0
ENSG00000226986	0	0	0
ENSG00000242042	0	0	0
ENSG00000234464	0	0	0
ENSG00000253148	0	0	0
ENSG00000227751	0	287	0
ENSG00000090104	21	1	20
ENSG00000285280	12	655	8
ENSG00000232892	0	0	0
ENSG00000236950	0	0	0
ENSG00000236468	0	0	0
ENSG00000143322	305	0	305
ENSG00000185220	148	0	148
ENSG00000226003	0	0	0
ENSG00000230813	0	0	0
ENSG00000226862	12	0	14
ENSG00000236101	0	0	0
ENSG00000162769	185	0	185
ENSG00000133065	267	0	267
ENSG00000278684	0	0	0
ENSG00000236775	0	0	0
ENSG00000042781	0	0	0
ENSG00000234754	0	0	0
ENSG00000233084	2	0	2
ENSG00000227815	3	0	3
ENSG00000287046	0	0	0
ENSG00000223774	0	0	0
ENSG00000228863	9	2309	8
ENSG00000228646	0	0	0
ENSG00000229112	0	0	0
ENSG00000233332	0	0	0
ENSG00000231984	0	0	0
ENSG00000286213	0	0	0
ENSG00000226876	0	0	0
ENSG00000277462	41	0	41
ENSG00000225591	0	0	0
ENSG00000035687	742	2	740
ENSG00000213080	0	0	0
ENSG00000180287	0	0	0
ENSG00000226693	0	0	0
ENSG00000234678	45	633	2
ENSG00000231272	0	0	0
ENSG00000223828	0	0	0
ENSG00000163431	1	1	0
ENSG00000230124	203	0	246
ENSG00000226723	2	0	2
ENSG00000272672	2	0	2
ENSG00000143473	0	1	0
ENSG00000228982	0	0	0
ENSG00000235096	0	0	0
ENSG00000237250	0	0	0
ENSG00000007341	55	12	102
ENSG00000286747	0	0	0
ENSG00000236069	0	0	0
ENSG00000236244	0	0	0
ENSG00000272865	0	0	0
ENSG00000117222	594	0	594
ENSG00000143324	399	1	398
ENSG00000229871	0	0	0
ENSG00000225222	0	0	0
ENSG00000118193	14	0	14
ENSG00000234116	0	0	0
ENSG00000231940	1	0	1
ENSG00000198842	1	0	1
ENSG00000286619	30	1	29
ENSG00000198756	43	0	43
ENSG00000259823	4	4	0
ENSG00000271558	0	0	0
ENSG00000227554	0	0	0
ENSG00000178596	0	0	0
ENSG00000135749	155	9	172
ENSG00000143786	19	0	20
ENSG00000224584	0	0	0
ENSG00000054282	196	18	208
ENSG00000183780	19	0	19
ENSG00000229663	1	1	0
ENSG00000162702	786	0	786
ENSG00000251508	0	0	0
ENSG00000238272	0	0	0
ENSG00000228530	0	0	0
ENSG00000235060	0	0	0
ENSG00000143194	2	0	2
ENSG00000229531	0	0	0
ENSG00000271329	0	0	0
ENSG00000054267	1914	1	1913
ENSG00000261831	1	0	1
ENSG00000287921	0	0	0
ENSG00000177800	0	0	0
ENSG00000225620	0	0	0
ENSG00000232166	0	0	0
ENSG00000175137	976	1	975
ENSG00000134245	6	51	5
ENSG00000234041	0	0	0
ENSG00000227373	3	0	3
ENSG00000231905	0	0	0
ENSG00000228175	1	1	0
ENSG00000069275	1742	2	1740
ENSG00000143674	39	0	39
ENSG00000237317	0	0	0
ENSG00000187889	0	0	0
ENSG00000134375	401	2	399
ENSG00000097046	55	0	55
ENSG00000232113	0	0	0
ENSG00000282718	0	0	0
ENSG00000231378	0	0	0
ENSG00000235605	0	1	0
ENSG00000223525	1	0	1
ENSG00000224857	0	0	0
ENSG00000273367	1	0	1
ENSG00000230604	0	0	0
ENSG00000231605	0	0	0
ENSG00000236358	1	0	1
ENSG00000203737	0	0	0
ENSG00000238003	0	0	0
ENSG00000215873	0	0	0
ENSG00000287008	0	0	0
ENSG00000185420	73	0	73
ENSG00000076321	184	1	183
ENSG00000272175	0	0	0
ENSG00000231564	0	0	0
ENSG00000135778	168	17	177
ENSG00000213070	0	0	0
ENSG00000282265	0	0	0
ENSG00000250536	0	0	0
ENSG00000229747	0	0	0
ENSG00000117280	1006	2	1004
ENSG00000233985	0	0	0
ENSG00000232175	0	0	0
ENSG00000287423	0	0	0
ENSG00000286774	0	0	0
ENSG00000236719	0	0	0
ENSG00000136636	65	0	65
ENSG00000225486	0	0	0
ENSG00000227043	0	0	0
ENSG00000163874	235	0	235
ENSG00000285777	1	0	1
ENSG00000237249	0	0	0
ENSG00000286109	0	0	0
ENSG00000213068	0	0	0
ENSG00000054392	40	0	43
ENSG00000227994	0	0	0
ENSG00000286552	0	0	0
ENSG00000225711	0	0	0
ENSG00000122223	636	13	623
ENSG00000235869	0	0	0
ENSG00000188739	9	0	9
ENSG00000286666	0	0	0
ENSG00000135750	3	0	3
ENSG00000273198	0	0	0
ENSG00000203730	2	2	0
ENSG00000225719	0	0	0
ENSG00000273483	2	0	2
ENSG00000287987	0	0	0
ENSG00000203729	0	0	0
ENSG00000232809	0	0	0
ENSG00000284623	0	0	0
ENSG00000285981	0	0	0
ENSG00000261729	0	0	0
ENSG00000223869	0	0	0
ENSG00000229228	0	0	0
ENSG00000215796	0	0	0
ENSG00000185221	0	0	0
ENSG00000233047	0	0	0
ENSG00000143341	3	0	3
ENSG00000228309	0	0	0
ENSG00000229739	8	0	8
ENSG00000116703	0	0	0
ENSG00000273874	0	0	0
ENSG00000278791	0	0	0
ENSG00000278757	0	0	0
ENSG00000264341	0	0	0
ENSG00000264101	0	0	0
ENSG00000265141	0	0	0
ENSG00000221083	0	0	0
ENSG00000252404	0	0	0
ENSG00000222511	0	0	0
ENSG00000265392	0	0	0
ENSG00000243267	1	0	1
ENSG00000201725	0	0	0
ENSG00000274258	0	0	0
ENSG00000239149	2	0	2
ENSG00000252151	0	0	0
ENSG00000252969	0	0	0
ENSG00000252417	0	0	0
ENSG00000200975	0	0	0
ENSG00000201609	0	0	0
ENSG00000238482	0	0	0
ENSG00000252956	0	0	0
ENSG00000265606	0	0	0
ENSG00000284357	0	0	0
ENSG00000278034	0	0	0
ENSG00000207237	0	0	0
ENSG00000222784	0	0	0
ENSG00000266210	0	0	0
ENSG00000265961	0	0	0
ENSG00000251866	0	0	0
ENSG00000252691	0	0	0
ENSG00000264371	0	0	0
ENSG00000253005	1	0	1
ENSG00000238316	0	0	0
ENSG00000207941	0	0	0
ENSG00000264773	1	0	1
ENSG00000252448	2	2	0
ENSG00000200421	0	0	0
ENSG00000222282	0	0	0
ENSG00000199963	0	0	0
ENSG00000264698	0	0	0
ENSG00000207328	0	0	0
ENSG00000207466	0	0	0
ENSG00000252368	0	0	0
ENSG00000206779	0	0	0
ENSG00000265596	0	0	0
ENSG00000212541	5	5	0
ENSG00000200796	0	0	0
ENSG00000252190	0	0	0
ENSG00000264613	0	0	0
ENSG00000199240	0	0	0
ENSG00000277168	0	0	0
ENSG00000283724	0	0	0
ENSG00000284410	0	0	0
ENSG00000252018	0	0	0
ENSG00000206627	0	0	0
ENSG00000283414	0	0	0
ENSG00000207508	0	0	0
ENSG00000200171	0	0	0
ENSG00000207194	0	0	0
ENSG00000283477	0	0	0
ENSG00000264834	0	0	0
ENSG00000263675	0	0	0
ENSG00000266188	0	0	0
ENSG00000206981	0	0	0
ENSG00000200174	0	0	0
ENSG00000265822	0	0	0
ENSG00000265815	0	0	0
ENSG00000238653	0	0	0
ENSG00000212624	0	0	0
ENSG00000200575	0	0	0
ENSG00000212360	0	0	0
ENSG00000242860	0	0	0
ENSG00000263908	0	0	0
ENSG00000283690	0	0	0
ENSG00000199921	0	0	0
ENSG00000251825	0	0	0
ENSG00000201153	0	0	0
ENSG00000222624	0	0	0
ENSG00000223152	0	0	0
ENSG00000212308	0	0	0
ENSG00000279049	0	11	0
ENSG00000276081	0	0	0
ENSG00000239640	0	0	0
ENSG00000252338	0	0	0
ENSG00000251785	0	0	0
ENSG00000239319	0	0	0
ENSG00000222849	0	0	0
ENSG00000283749	0	0	0
ENSG00000251958	0	0	0
ENSG00000251767	0	0	0
ENSG00000243437	0	0	0
ENSG00000202263	0	0	0
ENSG00000199318	0	0	0
ENSG00000199666	0	0	0
ENSG00000200601	0	0	0
ENSG00000242482	0	0	0
ENSG00000212366	0	0	0
ENSG00000201620	0	0	0
ENSG00000206817	0	0	0
ENSG00000284247	0	0	0
ENSG00000200839	0	0	0
ENSG00000264963	0	0	0
ENSG00000264271	0	0	0
ENSG00000239504	0	0	0
ENSG00000284202	0	0	0
ENSG00000251720	0	0	0
ENSG00000274321	0	0	0
ENSG00000198974	0	0	0
ENSG00000212248	0	0	0
ENSG00000207962	0	0	0
ENSG00000276884	0	0	0
ENSG00000207234	0	0	0
ENSG00000202259	0	0	0
ENSG00000212459	0	0	0
ENSG00000278287	0	0	0
ENSG00000277565	0	0	0
ENSG00000263526	0	0	0
ENSG00000211575	0	0	0
ENSG00000275823	0	0	0
ENSG00000277689	0	0	0
ENSG00000274199	0	1	0
ENSG00000202254	0	0	0
ENSG00000244256	0	0	0
ENSG00000201491	0	0	0
ENSG00000199831	0	0	0
ENSG00000275455	0	0	0
ENSG00000252162	0	0	0
ENSG00000272051	0	0	0
ENSG00000283899	0	0	0
ENSG00000200800	0	0	0
ENSG00000207502	0	0	0
ENSG00000252530	0	0	0
ENSG00000200536	0	0	0
ENSG00000211543	0	0	0
ENSG00000252797	0	0	0
ENSG00000212266	0	0	0
ENSG00000222209	0	0	0
ENSG00000277141	0	0	0
ENSG00000215930	0	0	0
ENSG00000238761	0	0	0
ENSG00000201114	0	0	0
ENSG00000206679	0	0	0
ENSG00000264419	0	0	0
ENSG00000222069	0	0	0
ENSG00000274428	0	0	0
ENSG00000199879	1	0	1
ENSG00000274408	0	0	0
ENSG00000283676	0	0	0
ENSG00000252005	0	0	0
ENSG00000252510	0	0	0
ENSG00000207340	1	0	1
ENSG00000252830	0	0	0
ENSG00000274450	0	0	0
ENSG00000252135	0	0	0
ENSG00000278596	0	0	0
ENSG00000238825	0	0	0
ENSG00000201183	2	1	1
ENSG00000202408	0	0	0
ENSG00000252744	0	0	0
ENSG00000273768	0	0	0
ENSG00000242565	0	0	0
ENSG00000239984	0	0	0
ENSG00000283296	0	0	0
ENSG00000252717	0	0	0
ENSG00000194297	0	0	0
ENSG00000199565	0	0	0
ENSG00000277313	0	0	0
ENSG00000274940	0	0	0
ENSG00000207341	0	0	0
ENSG00000207472	0	0	0
ENSG00000206880	0	0	0
ENSG00000252552	0	0	0
ENSG00000199849	0	0	0
ENSG00000252407	0	0	0
ENSG00000212538	0	0	0
ENSG00000251813	0	0	0
ENSG00000207108	0	0	0
ENSG00000201312	0	0	0
ENSG00000207039	0	0	0
ENSG00000202491	0	0	0
ENSG00000201596	0	0	0
ENSG00000276839	0	0	0
ENSG00000207974	0	0	0
ENSG00000273629	1	0	1
ENSG00000201493	0	0	0
ENSG00000215952	0	0	0
ENSG00000200139	0	0	0
ENSG00000283575	0	0	0
ENSG00000238765	0	0	0
ENSG00000264916	0	0	0
ENSG00000212338	0	0	0
ENSG00000206659	0	0	0
ENSG00000253025	0	0	0
ENSG00000201619	0	0	0
ENSG00000201544	1	1	0
ENSG00000202498	0	0	0
ENSG00000221545	0	0	0
ENSG00000252906	0	0	0
ENSG00000206692	0	0	0
ENSG00000202329	0	0	0
ENSG00000242794	0	0	0
ENSG00000212144	0	0	0
ENSG00000283340	0	0	0
ENSG00000252860	0	0	0
ENSG00000252501	0	0	0
ENSG00000263390	0	0	0
ENSG00000207181	0	0	0
ENSG00000265744	0	0	0
ENSG00000264377	0	0	0
ENSG00000207149	0	0	0
ENSG00000283936	0	0	0
ENSG00000284485	0	0	0
ENSG00000201638	0	0	0
ENSG00000275213	0	0	0
ENSG00000239494	3	1	2
ENSG00000212230	0	0	0
ENSG00000252371	0	0	0
ENSG00000199442	0	0	0
ENSG00000200033	0	0	0
ENSG00000239690	0	0	0
ENSG00000202184	0	0	0
ENSG00000241395	0	0	0
ENSG00000200982	0	0	0
ENSG00000275207	0	0	0
ENSG00000202300	0	0	0
ENSG00000222407	0	0	0
ENSG00000222986	0	0	0
ENSG00000265435	0	0	0
ENSG00000272262	0	0	0
ENSG00000200495	0	0	0
ENSG00000202609	0	0	0
ENSG00000252553	0	0	0
ENSG00000206764	0	0	0
ENSG00000222240	0	0	0
ENSG00000212187	0	0	0
ENSG00000206637	0	0	0
ENSG00000253097	0	0	0
ENSG00000200036	0	0	0
ENSG00000201421	0	0	0
ENSG00000212610	0	0	0
ENSG00000252484	0	0	0
ENSG00000201944	0	0	0
ENSG00000200327	0	0	0
ENSG00000206905	0	0	0
ENSG00000200972	0	0	0
ENSG00000243051	0	0	0
ENSG00000252011	0	0	0
ENSG00000207326	0	0	0
ENSG00000212205	1	1	0
ENSG00000253042	1	1	0
ENSG00000274121	0	0	0
ENSG00000264358	0	0	0
ENSG00000206640	0	0	0
ENSG00000212527	0	0	0
ENSG00000252879	0	0	0
ENSG00000252612	1	0	1
ENSG00000202264	0	0	0
ENSG00000285609	0	0	0
ENSG00000206762	5	5	0
ENSG00000252084	0	0	0
ENSG00000200085	0	0	0
ENSG00000264500	2	2	0
ENSG00000202025	0	0	0
ENSG00000225545	0	0	0
ENSG00000206990	0	0	0
ENSG00000230175	0	0	0
ENSG00000225272	0	0	0
ENSG00000215838	3	0	3
ENSG00000273365	1	0	1
ENSG00000224358	1	0	1
ENSG00000230659	0	0	0
ENSG00000162545	15	0	15
ENSG00000090432	351	2	349
ENSG00000215520	0	0	0
ENSG00000183114	0	0	0
ENSG00000158825	1172	0	1172
ENSG00000158828	238	30	1166
ENSG00000284005	0	0	0
ENSG00000117242	28	935	51
ENSG00000234473	1	0	1
ENSG00000238754	0	0	0
ENSG00000134371	605	1	605
ENSG00000221680	0	0	0
ENSG00000162630	31	0	32
ENSG00000276735	0	0	0
ENSG00000232077	1	0	1
ENSG00000229639	0	0	0
ENSG00000287453	0	0	0
ENSG00000270615	0	0	0
ENSG00000287283	0	0	0
ENSG00000240692	0	0	0
ENSG00000229359	0	0	0
ENSG00000237919	0	0	0
ENSG00000066557	197	0	197
ENSG00000244389	0	0	0
ENSG00000228988	0	0	0
ENSG00000118454	264	0	264
ENSG00000226088	0	0	0
ENSG00000116761	7	0	7
ENSG00000278636	0	0	0
ENSG00000271992	0	0	0
ENSG00000233020	0	0	0
ENSG00000237033	0	0	0
ENSG00000226208	0	0	0
ENSG00000007968	168	1	167
ENSG00000235052	0	0	0
ENSG00000117318	99	0	99
ENSG00000285802	3	0	3
ENSG00000229239	0	0	0
ENSG00000142676	15086	39	15047
ENSG00000057757	524	0	524
ENSG00000011009	554	0	554
ENSG00000117308	81	1	80
ENSG00000273844	0	0	0
ENSG00000235748	0	0	0
ENSG00000237861	0	0	0
ENSG00000221879	0	0	0
ENSG00000230260	0	0	0
ENSG00000199241	0	0	0
ENSG00000226919	0	2	0
ENSG00000223963	0	0	0
ENSG00000215802	0	0	0
ENSG00000233615	0	0	0
ENSG00000238085	0	0	0
ENSG00000265831	0	0	0
ENSG00000224348	0	0	0
ENSG00000286496	0	0	0
ENSG00000287516	0	0	0
ENSG00000287738	0	0	0
ENSG00000132703	0	0	0
ENSG00000276632	0	0	0
ENSG00000223603	0	0	0
ENSG00000132693	0	0	0
ENSG00000235226	0	0	0
ENSG00000158716	101	0	101
ENSG00000181036	234	0	234
ENSG00000158714	10	29	38
ENSG00000212161	0	0	0
ENSG00000243284	2	1	3
ENSG00000272668	43	17	28
ENSG00000213085	92	0	93
ENSG00000266458	0	0	0
ENSG00000287040	2	1	1
ENSG00000279430	2	0	2
ENSG00000162723	0	0	0
ENSG00000273933	1	1	0
ENSG00000256029	2	12	10
ENSG00000188004	1	0	1
ENSG00000266580	0	0	0
ENSG00000254545	0	4	0
ENSG00000203620	0	0	0
ENSG00000269967	1	0	1
ENSG00000228634	1	1	0
ENSG00000284702	0	0	0
ENSG00000221040	0	0	0
ENSG00000287217	0	0	0
ENSG00000163399	1652	8	4711
ENSG00000212385	0	0	0
ENSG00000233154	8	0	9
ENSG00000230381	0	0	0
ENSG00000200547	0	1	0
ENSG00000224950	17	0	24
ENSG00000286276	4	11	0
ENSG00000177888	229	0	229
ENSG00000243364	65	0	65
ENSG00000251246	0	0	0
ENSG00000143590	10	0	10
ENSG00000202027	0	0	0
ENSG00000169242	14	1	13
ENSG00000169241	271	1	270
ENSG00000223452	0	0	0
ENSG00000163463	54	0	54
ENSG00000273088	0	0	0
ENSG00000284586	0	0	0
ENSG00000169231	142	2	327
ENSG00000236263	0	61	4
ENSG00000236675	74	74	0
ENSG00000177628	589	0	589
ENSG00000116521	404	0	404
ENSG00000176444	705	1	704
ENSG00000143630	16	0	17
ENSG00000143627	0	1	0
ENSG00000253074	0	0	0
ENSG00000252116	0	0	0
ENSG00000228523	0	0	0
ENSG00000223263	1	1	0
ENSG00000207504	0	0	0
ENSG00000238139	0	0	0
ENSG00000197721	6	0	6
ENSG00000244703	3	0	3
ENSG00000226289	0	0	0
ENSG00000285239	0	0	0
ENSG00000234219	2	2	0
ENSG00000174059	5	0	5
ENSG00000285719	0	0	0
ENSG00000284237	0	0	0
ENSG00000158731	0	0	0
ENSG00000201746	0	0	0
ENSG00000264881	0	0	0
ENSG00000199562	0	0	0
ENSG00000264501	0	0	0
ENSG00000284735	5	5	0
ENSG00000284642	11	1	10
ENSG00000142657	4711	3	4708
ENSG00000271989	0	1	0
ENSG00000251503	0	0	0
ENSG00000175279	5	0	5
ENSG00000160049	295	0	330
ENSG00000203469	0	22	0
ENSG00000236035	0	0	0
ENSG00000221643	0	0	0
ENSG00000122188	244	0	244
ENSG00000288644	0	0	0
ENSG00000227417	0	0	0
ENSG00000223505	0	0	0
ENSG00000182004	420	0	420
ENSG00000236430	0	0	0
ENSG00000130768	24	3	30
ENSG00000227050	0	7	2
ENSG00000238231	2	2	0
ENSG00000240750	0	0	0
ENSG00000158156	1021	0	1021
ENSG00000182118	24	0	24
ENSG00000283799	0	0	0
ENSG00000227934	1	1	0
ENSG00000229595	0	0	0
ENSG00000143633	172	0	172
ENSG00000281912	5	0	5
ENSG00000288208	0	0	0
ENSG00000132773	130	28	137
ENSG00000070759	205	5	218
ENSG00000236872	0	0	0
ENSG00000280670	18	0	18
ENSG00000132763	36	503	40
ENSG00000221953	0	0	0
ENSG00000226164	0	0	0
ENSG00000224014	1	0	1
ENSG00000215795	0	0	0
ENSG00000259865	166	1	165
ENSG00000227671	639	0	639
ENSG00000283881	0	0	0
ENSG00000252516	1	0	1
ENSG00000232347	0	0	0
ENSG00000214144	0	0	0
ENSG00000235818	0	0	0
ENSG00000197617	0	0	0
ENSG00000202079	0	0	0
ENSG00000286216	1	3	0
ENSG00000203664	0	0	0
ENSG00000169224	78	0	81
ENSG00000236817	0	3	0
ENSG00000177489	0	0	0
ENSG00000177476	0	0	0
ENSG00000283369	0	0	0
ENSG00000230411	0	0	0
ENSG00000251977	0	0	0
ENSG00000252254	0	0	0
ENSG00000227854	0	0	0
ENSG00000287589	0	0	0
ENSG00000259776	0	0	0
ENSG00000233355	502	0	517
ENSG00000234601	0	0	0
ENSG00000231979	0	0	0
ENSG00000215805	0	0	0
ENSG00000287102	0	0	0
ENSG00000217327	0	0	0
ENSG00000228818	1	0	1
ENSG00000202041	0	0	0
ENSG00000223694	0	0	0
ENSG00000233735	0	0	0
ENSG00000133019	3	15	3
ENSG00000162636	403	1	402
ENSG00000162639	260	0	260
ENSG00000285923	1	0	1
ENSG00000134186	1825	13	1812
ENSG00000143107	0	0	0
ENSG00000232971	0	0	0
ENSG00000116266	1523	0	1524
ENSG00000228076	0	1	0
ENSG00000203897	0	0	0
ENSG00000237349	0	0	0
ENSG00000244716	23	0	23
ENSG00000228665	0	0	0
ENSG00000228054	0	0	0
ENSG00000273382	4	57	3
ENSG00000215717	1407	2	1461
ENSG00000278249	0	0	0
ENSG00000270066	0	0	0
ENSG00000251484	0	0	0
ENSG00000132676	1128	67	1127
ENSG00000227673	0	0	0
ENSG00000203761	71	51	49
ENSG00000234937	1	1	0
ENSG00000132718	339	0	339
ENSG00000283442	0	0	0
ENSG00000143622	1360	0	1360
ENSG00000132680	834	1	833
ENSG00000207475	0	0	0
ENSG00000280466	0	0	0
ENSG00000281394	0	0	0
ENSG00000277817	0	0	0
ENSG00000273002	30	0	30
ENSG00000224276	4	4	1
ENSG00000285677	0	791	0
ENSG00000163479	2015	1	2805
ENSG00000160803	359	0	359
ENSG00000132698	10	0	10
ENSG00000252236	0	0	0
ENSG00000260238	0	0	0
ENSG00000242252	4	0	4
ENSG00000198952	1589	4	1585
ENSG00000163472	122	138	121
ENSG00000163468	1533	0	1534
ENSG00000132677	0	0	0
ENSG00000237390	0	0	0
ENSG00000207933	0	0	0
ENSG00000254726	1	0	1
ENSG00000186377	2	1	1
ENSG00000186160	0	0	0
ENSG00000225154	0	0	0
ENSG00000225506	0	0	0
ENSG00000225514	0	0	0
ENSG00000224805	19	0	25
ENSG00000162366	210	0	210
ENSG00000226252	7	47	1
ENSG00000225762	1	1	0
ENSG00000186790	0	0	0
ENSG00000237424	35	0	35
ENSG00000189030	0	0	0
ENSG00000162763	0	0	0
ENSG00000143061	5	0	5
ENSG00000135821	8769	3	8766
ENSG00000203740	0	0	0
ENSG00000162374	1	0	1
ENSG00000168275	98	1	121
ENSG00000241563	0	0	0
ENSG00000153207	1791	0	1791
ENSG00000156869	73	0	73
ENSG00000033122	14	7	7
ENSG00000143278	0	0	0
ENSG00000116678	79	0	79
ENSG00000159352	1810	2	1808
ENSG00000158710	17902	6	17896
ENSG00000162734	1167	5	1196
ENSG00000049239	735	0	735
ENSG00000186564	4	0	4
ENSG00000244038	1436	1	1435
ENSG00000158747	27	0	27
ENSG00000116690	8	197	6
ENSG00000126091	15	0	15
ENSG00000162383	8	0	8
ENSG00000171163	316	1	315
ENSG00000172456	34	0	34
ENSG00000162946	317	1	316
ENSG00000158786	0	0	0
ENSG00000118733	0	0	0
ENSG00000157870	146	0	174
ENSG00000179085	27	0	27
ENSG00000173080	0	0	0
ENSG00000183347	63	1	62
ENSG00000276470	0	0	0
ENSG00000278852	0	0	0
ENSG00000275915	0	0	0
ENSG00000120937	0	0	0
ENSG00000224904	0	0	0
ENSG00000285646	5	4	1
ENSG00000199347	0	0	0
ENSG00000201801	0	0	0
ENSG00000116685	876	0	876
ENSG00000083444	720	0	720
ENSG00000287384	0	0	0
ENSG00000270914	0	0	0
ENSG00000116691	196	0	196
ENSG00000202461	1	1	0
ENSG00000276869	0	0	0
ENSG00000243539	0	0	0
ENSG00000120949	269	0	269
ENSG00000201135	0	0	0
ENSG00000227875	0	0	0
ENSG00000285604	0	0	0
ENSG00000283789	0	0	0
ENSG00000263676	0	0	0
ENSG00000200591	0	0	0
ENSG00000162521	1205	1	1856
ENSG00000162520	0	651	1
ENSG00000224409	0	0	0
ENSG00000162522	52	1	51
ENSG00000116497	501	0	507
ENSG00000160097	3	2	2
ENSG00000121905	1	0	2
ENSG00000121900	0	1	0
ENSG00000287691	20	24	0
ENSG00000278966	12	11	1
ENSG00000143222	623	1	782
ENSG00000224985	3	162	1
ENSG00000143224	132	38	135
ENSG00000158850	447	4	482
ENSG00000158859	16	1	15
ENSG00000158869	3780	0	3780
ENSG00000158874	1	1	0
ENSG00000158882	93	0	141
ENSG00000284035	0	0	0
ENSG00000143257	9	57	0
ENSG00000248485	6	6	0
ENSG00000188931	24	30	0
ENSG00000236484	0	0	0
ENSG00000283696	12	0	12
ENSG00000288093	3	0	3
ENSG00000206921	0	0	0
ENSG00000215840	0	0	0
ENSG00000277882	0	0	0
ENSG00000283317	0	0	0
ENSG00000277762	0	0	0
ENSG00000227139	0	0	0
ENSG00000265107	0	0	0
ENSG00000274415	0	0	0
ENSG00000234190	0	0	0
ENSG00000223728	0	0	0
ENSG00000121634	0	0	0
ENSG00000188092	58	0	58
ENSG00000215859	8	10	0
ENSG00000273059	0	0	2
ENSG00000274372	2	0	2
ENSG00000206791	0	0	0
ENSG00000206585	0	0	0
ENSG00000229828	0	0	0
ENSG00000225080	0	0	0
ENSG00000198658	1	0	1
ENSG00000238382	0	0	0
ENSG00000225919	0	0	0
ENSG00000236497	0	0	0
ENSG00000207190	0	0	0
ENSG00000200508	0	0	0
ENSG00000284928	0	0	0
ENSG00000223949	0	0	0
ENSG00000116688	1872	2	1870
ENSG00000188800	0	0	0
ENSG00000084073	807	1	807
ENSG00000231296	0	1	0
ENSG00000049089	113	0	113
ENSG00000227311	0	0	0
ENSG00000213172	0	0	0
ENSG00000284677	0	0	0
ENSG00000187801	28	0	28
ENSG00000260920	33	0	33
ENSG00000158887	73	0	73
ENSG00000255054	0	0	0
ENSG00000228172	5	138	13
ENSG00000117640	297	3	427
ENSG00000272478	0	0	0
ENSG00000127423	10	8	4
ENSG00000182749	105	13	139
ENSG00000207302	0	0	0
ENSG00000117632	488	0	488
ENSG00000229786	0	0	0
ENSG00000223624	0	0	0
ENSG00000283938	0	0	0
ENSG00000199385	0	0	0
ENSG00000187147	610	7	955
ENSG00000263381	0	0	0
ENSG00000126106	22	346	28
ENSG00000198520	236	1	235
ENSG00000199377	0	0	0
ENSG00000200169	0	0	0
ENSG00000142945	34	3	35
ENSG00000142937	10261	7	10970
ENSG00000264294	0	0	0
ENSG00000200913	0	0	0
ENSG00000202031	0	0	0
ENSG00000207421	0	0	0
ENSG00000281859	0	0	0
ENSG00000234093	1	0	1
ENSG00000142959	11	1	10
ENSG00000173846	257	0	268
ENSG00000117425	7	0	7
ENSG00000202444	0	0	0
ENSG00000226499	1	0	1
ENSG00000070785	109	0	109
ENSG00000253039	0	0	0
ENSG00000229815	0	0	0
ENSG00000232369	0	0	0
ENSG00000268949	0	0	0
ENSG00000126107	494	0	494
ENSG00000126088	370	1	369
ENSG00000234315	0	0	0
ENSG00000162408	348	0	348
ENSG00000229519	0	0	0
ENSG00000173662	0	0	0
ENSG00000204859	347	4	343
ENSG00000288629	0	0	0
ENSG00000230735	0	5	0
ENSG00000171488	1107	2	1105
ENSG00000226394	0	0	0
ENSG00000237200	1	0	1
ENSG00000070886	2	0	2
ENSG00000276835	0	0	0
ENSG00000265422	0	0	0
ENSG00000223776	0	24	1
ENSG00000273058	9	2	7
ENSG00000230325	4	11	3
ENSG00000119285	416	570	519
ENSG00000226498	0	0	0
ENSG00000237991	0	0	0
ENSG00000244020	0	0	0
ENSG00000288099	0	0	0
ENSG00000225886	20	27	0
ENSG00000206767	0	0	0
ENSG00000226662	0	0	0
ENSG00000207095	0	0	0
ENSG00000287244	0	0	0
ENSG00000231344	1	0	1
ENSG00000230833	0	0	0
ENSG00000117758	686	0	686
ENSG00000269971	0	0	0
ENSG00000270031	1	0	1
ENSG00000223062	0	0	0
ENSG00000286433	0	29	0
ENSG00000117751	655	7	677
ENSG00000252947	0	0	0
ENSG00000130775	4888	2	4894
ENSG00000117748	953	70	891
ENSG00000223643	0	0	0
ENSG00000230239	0	0	0
ENSG00000263811	0	0	0
ENSG00000277234	0	0	0
ENSG00000235241	0	59	0
ENSG00000207005	0	0	0
ENSG00000272426	1	1	0
ENSG00000117122	0	0	0
ENSG00000286898	0	0	0
ENSG00000226526	0	23	0
ENSG00000159363	279	0	295
ENSG00000117118	607	0	607
ENSG00000117115	4617	1	4616
ENSG00000204362	0	0	0
ENSG00000282843	0	0	0
ENSG00000142623	0	0	0
ENSG00000142619	0	0	0
ENSG00000266634	0	0	0
ENSG00000199459	0	0	0
ENSG00000273264	0	0	0
ENSG00000282057	0	0	0
ENSG00000272691	0	0	0
ENSG00000199934	0	0	0
ENSG00000230285	0	0	0
ENSG00000142871	0	0	0
ENSG00000226643	0	0	0
ENSG00000234419	0	0	0
ENSG00000276997	2	0	2
ENSG00000222399	1	0	1
ENSG00000267305	0	0	0
ENSG00000143512	4	0	4
ENSG00000143498	55	0	58
ENSG00000225265	1	3	1
ENSG00000154305	1335	63	1556
ENSG00000229399	2	2	0
ENSG00000272750	16	280	15
ENSG00000186063	431	5	432
ENSG00000162819	1062	1	1062
ENSG00000287684	0	2	0
ENSG00000234523	0	0	0
ENSG00000287338	2	0	2
ENSG00000187554	509	68	441
ENSG00000236846	0	0	0
ENSG00000226601	0	0	0
ENSG00000164010	121	6	201
ENSG00000164011	94	0	94
ENSG00000233708	0	0	0
ENSG00000237090	0	0	0
ENSG00000225099	0	0	0
ENSG00000284138	2	0	2
ENSG00000283973	0	2	0
ENSG00000207256	0	0	0
ENSG00000283136	0	0	0
ENSG00000277513	0	0	0
ENSG00000154309	66	0	66
ENSG00000226967	0	0	0
ENSG00000231407	1	0	1
ENSG00000229570	0	0	0
ENSG00000203857	0	0	0
ENSG00000226443	1	0	1
ENSG00000249798	0	0	0
ENSG00000239873	0	0	0
ENSG00000203855	0	0	0
ENSG00000240244	0	0	0
ENSG00000260941	3	0	3
ENSG00000198857	5	5	0
ENSG00000143067	65	1	64
ENSG00000134240	0	0	0
ENSG00000134193	21	0	21
ENSG00000215864	0	0	0
ENSG00000227205	0	0	0
ENSG00000226446	0	0	0
ENSG00000134249	0	0	0
ENSG00000092621	38	0	38
ENSG00000027644	1	0	1
ENSG00000241992	0	0	0
ENSG00000234226	0	0	0
ENSG00000137970	49	0	49
ENSG00000223229	0	0	0
ENSG00000285698	0	0	0
ENSG00000228035	0	0	0
ENSG00000287103	0	0	0
ENSG00000226973	0	0	0
ENSG00000274468	0	0	0
ENSG00000130764	401	3	427
ENSG00000266075	1	1	0
ENSG00000272153	8	36	1
ENSG00000230026	0	0	0
ENSG00000285177	0	0	0
ENSG00000284770	16	50	17
ENSG00000229795	0	0	0
ENSG00000238236	0	0	0
ENSG00000235638	0	0	0
ENSG00000231199	0	0	0
ENSG00000226663	0	0	0
ENSG00000231582	0	0	0
ENSG00000232714	0	0	0
ENSG00000235761	0	0	0
ENSG00000270710	0	0	0
ENSG00000227236	0	0	0
ENSG00000198837	2403	5	2489
ENSG00000160741	1299	0	1299
ENSG00000276584	0	0	0
ENSG00000282386	0	0	0
ENSG00000273026	4	2	2
ENSG00000143578	47	10	57
ENSG00000143543	137	1	147
ENSG00000285641	0	4	1
ENSG00000143545	13	2	11
ENSG00000177954	17707	7	17700
ENSG00000231416	2	1	1
ENSG00000200220	0	0	0
ENSG00000231837	3	3	0
ENSG00000263987	0	0	0
ENSG00000162642	302	0	302
ENSG00000223254	1	1	0
ENSG00000223653	1	18	1
ENSG00000116198	351	1	351
ENSG00000169598	132	0	133
ENSG00000226653	0	0	0
ENSG00000207209	0	0	0
ENSG00000272443	0	0	0
ENSG00000272480	0	0	0
ENSG00000288626	0	0	0
ENSG00000162836	99	2	97
ENSG00000207080	0	0	0
ENSG00000231791	0	0	0
ENSG00000244568	0	0	0
ENSG00000271387	1	0	1
ENSG00000116667	128	0	128
ENSG00000230470	0	0	0
ENSG00000232036	0	0	0
ENSG00000285847	0	0	0
ENSG00000286378	0	0	0
ENSG00000215381	0	0	0
ENSG00000261326	66	0	66
ENSG00000284726	2	2	0
ENSG00000125945	152	2	153
ENSG00000201405	0	0	0
ENSG00000271420	3	0	3
ENSG00000204219	110	0	110
ENSG00000232482	0	0	0
ENSG00000285779	0	0	0
ENSG00000162885	73	36	168
ENSG00000270780	0	0	0
ENSG00000232895	0	0	0
ENSG00000273698	0	0	0
ENSG00000273112	10	0	10
ENSG00000173110	2364	4	2360
ENSG00000224203	5	11	0
ENSG00000224515	0	0	0
ENSG00000225217	394	0	394
ENSG00000231586	0	3	0
ENSG00000234211	1	52	0
ENSG00000213075	3	3	0
ENSG00000143125	0	0	0
ENSG00000270380	0	0	0
ENSG00000282887	0	0	0
ENSG00000283999	0	0	0
ENSG00000240194	0	0	0
ENSG00000235407	0	0	0
ENSG00000143105	0	0	0
ENSG00000199710	0	0	0
ENSG00000237415	1	0	1
ENSG00000232791	0	0	0
ENSG00000177301	18	1	17
ENSG00000226828	0	0	0
ENSG00000279774	0	0	0
ENSG00000229960	0	0	0
ENSG00000286486	0	0	0
ENSG00000244066	0	0	0
ENSG00000237759	0	0	0
ENSG00000287531	0	0	0
ENSG00000225855	58	452	12
ENSG00000283701	0	0	0
ENSG00000207134	0	0	0
ENSG00000227773	1	0	1
ENSG00000207144	0	0	0
ENSG00000237872	0	0	0
ENSG00000271267	2	2	0
ENSG00000225082	0	0	0
ENSG00000223503	0	0	0
ENSG00000232519	0	0	0
ENSG00000160752	269	8	664
ENSG00000121957	54	170	90
ENSG00000235089	0	0	0
ENSG00000285179	0	0	0
ENSG00000223026	0	0	0
ENSG00000225721	2	717	5
ENSG00000188396	7	17	1
ENSG00000202167	0	0	0
ENSG00000207349	0	0	0
ENSG00000252826	0	0	0
ENSG00000206737	0	0	0
ENSG00000223779	2	0	2
ENSG00000242352	1	1	0
ENSG00000270962	0	0	0
ENSG00000263590	0	0	0
ENSG00000252105	0	0	0
ENSG00000233430	1	0	1
ENSG00000237503	0	0	0
ENSG00000265531	39	1	45
ENSG00000234571	6	13	0
ENSG00000230186	0	1	0
ENSG00000268074	0	0	0
ENSG00000270872	6	0	6
ENSG00000276674	0	0	0
ENSG00000082482	0	0	0
ENSG00000116747	539	18	683
ENSG00000118729	0	0	0
ENSG00000134207	0	0	0
ENSG00000163467	2	3	0
ENSG00000243710	2	2	4
ENSG00000117395	299	3	300
ENSG00000116874	78	4	81
ENSG00000065600	147	0	147
ENSG00000009780	144	0	144
ENSG00000023572	168	197	123
ENSG00000077254	1118	3	1115
ENSG00000134644	1233	0	1233
ENSG00000215788	451	1	473
ENSG00000117834	51	10	45
ENSG00000117625	681	1	680
ENSG00000179902	2	2	1
ENSG00000020633	1644	0	1644
ENSG00000121766	198	4	328
ENSG00000143157	845	0	845
ENSG00000162614	121	1	121
ENSG00000160781	98	0	98
ENSG00000143344	78	0	78
ENSG00000162613	1581	2	1579
ENSG00000116882	0	0	0
ENSG00000198758	0	0	0
ENSG00000117569	169	0	169
ENSG00000142856	149	25	150
ENSG00000158022	0	0	0
ENSG00000116396	67	0	67
ENSG00000058668	2369	1	2368
ENSG00000163875	703	0	703
ENSG00000282872	0	0	0
ENSG00000131238	4918	6	4912
ENSG00000171680	19	0	19
ENSG00000244457	0	0	0
ENSG00000116977	902	154	1544
ENSG00000229372	0	79	0
ENSG00000274975	0	0	0
ENSG00000229348	0	0	0
ENSG00000242485	322	16	385
ENSG00000264293	0	0	0
ENSG00000272455	30	0	30
ENSG00000225905	0	0	0
ENSG00000225285	0	0	0
ENSG00000179403	0	0	0
ENSG00000215915	11	0	11
ENSG00000236085	0	0	0
ENSG00000234441	0	0	0
ENSG00000227408	0	0	0
ENSG00000223635	0	0	0
ENSG00000135776	321	0	321
ENSG00000199672	0	0	0
ENSG00000201492	0	0	0
ENSG00000229367	0	0	0
ENSG00000135763	168	0	168
ENSG00000213028	0	0	0
ENSG00000225984	0	0	0
ENSG00000178828	0	0	0
ENSG00000235434	0	0	0
ENSG00000169914	127	0	127
ENSG00000188784	0	0	0
ENSG00000242688	0	0	0
ENSG00000177186	0	0	0
ENSG00000177174	0	0	0
ENSG00000269956	20	153	0
ENSG00000162456	0	0	0
ENSG00000079277	805	2	936
ENSG00000117407	2	1	1
ENSG00000237950	13	0	13
ENSG00000117408	258	0	258
ENSG00000285649	1	24	1
ENSG00000117410	2358	0	2358
ENSG00000159214	14	1	16
ENSG00000196517	6	2	7
ENSG00000227163	0	0	0
ENSG00000271647	0	0	0
ENSG00000239560	0	0	0
ENSG00000196539	0	0	0
ENSG00000229255	0	0	0
ENSG00000203661	0	0	0
ENSG00000271934	0	0	0
ENSG00000224521	0	0	0
ENSG00000227102	0	0	0
ENSG00000183310	0	0	0
ENSG00000201602	0	0	0
ENSG00000271701	0	0	0
ENSG00000189181	0	0	0
ENSG00000187238	0	0	0
ENSG00000185962	0	0	0
ENSG00000226947	0	0	0
ENSG00000285753	0	0	0
ENSG00000187223	0	0	0
ENSG00000159455	0	0	0
ENSG00000187173	0	0	0
ENSG00000204501	0	0	0
ENSG00000228229	0	0	0
ENSG00000204481	0	0	0
ENSG00000204479	0	0	0
ENSG00000172031	3	0	3
ENSG00000233228	0	0	0
ENSG00000224678	0	0	0
ENSG00000233401	0	0	0
ENSG00000273487	3	0	3
ENSG00000226773	0	0	0
ENSG00000274481	0	0	0
ENSG00000228594	24	0	24
ENSG00000286989	18	0	18
ENSG00000272106	19	0	19
ENSG00000189409	1	1	0
ENSG00000272004	0	200	2
ENSG00000189339	1154	11	1345
ENSG00000269737	10	10	0
ENSG00000215914	0	0	0
ENSG00000008128	16	0	17
ENSG00000268575	26	0	45
ENSG00000227775	74	95	0
ENSG00000008130	7293	10	7283
ENSG00000078369	5982	12	5970
ENSG00000178821	1	0	1
ENSG00000158477	15	0	15
ENSG00000230942	1	0	1
ENSG00000158481	220	1	219
ENSG00000158485	7	0	7
ENSG00000158488	12	0	12
ENSG00000186306	0	0	0
ENSG00000203758	0	0	0
ENSG00000236257	0	0	0
ENSG00000236656	0	0	0
ENSG00000198703	0	0	0
ENSG00000227445	0	0	0
ENSG00000231434	0	0	0
ENSG00000117505	1665	2	1667
ENSG00000229635	2	2	0
ENSG00000207379	0	0	0
ENSG00000212601	0	0	0
ENSG00000162889	1969	1	1968
ENSG00000224114	62	0	62
ENSG00000199349	0	0	0
ENSG00000162892	52	485	0
ENSG00000162894	2554	0	2987
ENSG00000271680	16	16	0
ENSG00000226945	8	8	0
ENSG00000162896	1	0	1
ENSG00000162897	1	0	1
ENSG00000182795	23	0	23
ENSG00000198890	101	0	101
ENSG00000224550	1	0	1
ENSG00000142669	5288	3	8162
ENSG00000169442	2622	1	5352
ENSG00000225854	0	0	0
ENSG00000176083	43	0	43
ENSG00000229167	0	0	0
ENSG00000142910	0	0	0
ENSG00000162517	513	1	576
ENSG00000235790	0	0	0
ENSG00000264078	0	0	0
ENSG00000241745	0	0	0
ENSG00000228407	0	0	0
ENSG00000223429	0	0	0
ENSG00000224255	0	0	0
ENSG00000236004	0	0	0
ENSG00000237663	0	0	0
ENSG00000213735	0	0	0
ENSG00000272100	1	65	0
ENSG00000287078	0	0	0
ENSG00000224680	0	0	0
ENSG00000085840	31	0	31
ENSG00000283445	7	0	7
ENSG00000272226	2	2	0
ENSG00000231740	0	0	0
ENSG00000143751	587	0	587
ENSG00000272562	12	0	12
ENSG00000163041	7174	5	7169
ENSG00000225518	1	0	1
ENSG00000270598	0	0	0
ENSG00000182827	483	3	533
ENSG00000234478	1	54	0
ENSG00000223570	0	0	0
ENSG00000185155	2	0	2
ENSG00000236773	0	0	0
ENSG00000143753	924	1	923
ENSG00000201898	0	0	0
ENSG00000237101	1	25	1
ENSG00000143748	201	1	225
ENSG00000221406	0	0	0
ENSG00000229742	0	0	0
ENSG00000206887	0	0	0
ENSG00000143771	447	0	447
ENSG00000266618	0	0	0
ENSG00000229991	0	0	0
ENSG00000233384	0	0	0
ENSG00000234247	0	0	0
ENSG00000183682	41	69	2
ENSG00000237624	0	0	0
ENSG00000228060	2	295	0
ENSG00000201457	0	0	0
ENSG00000163909	0	0	0
ENSG00000225903	0	0	0
ENSG00000116983	39	0	39
ENSG00000225333	0	0	0
ENSG00000252413	0	0	0
ENSG00000090621	1022	1	1314
ENSG00000236994	0	0	0
ENSG00000275406	0	0	0
ENSG00000270287	0	0	0
ENSG00000229965	0	0	0
ENSG00000223282	0	0	0
ENSG00000177770	0	0	0
ENSG00000287627	0	0	0
ENSG00000283933	0	0	0
ENSG00000143369	9	0	9
ENSG00000228126	0	0	0
ENSG00000237781	82	66	157
ENSG00000264553	9	8	1
ENSG00000277452	5	0	5
ENSG00000274963	5	0	5
ENSG00000253047	0	0	0
ENSG00000143420	1315	3	1312
ENSG00000276103	1	0	1
ENSG00000143457	266	1	265
ENSG00000143452	34	0	34
ENSG00000206931	0	0	0
ENSG00000236713	1	0	1
ENSG00000224690	0	0	0
ENSG00000203804	2	189	62
ENSG00000143384	30804	20	30784
ENSG00000154342	0	0	0
ENSG00000276255	2	0	2
ENSG00000284163	0	0	0
ENSG00000143793	102	7	95
ENSG00000162910	100	1	99
ENSG00000224566	2	0	2
ENSG00000287895	3	3	0
ENSG00000280157	1	0	1
ENSG00000227625	0	0	0
ENSG00000198835	6	0	6
ENSG00000203684	2	0	2
ENSG00000181873	99	1	98
ENSG00000162913	11	0	11
ENSG00000269934	24	4	41
ENSG00000270110	4	5	0
ENSG00000286773	0	0	0
ENSG00000287315	10	43	6
ENSG00000270104	0	0	0
ENSG00000154370	286	0	387
ENSG00000270094	0	102	0
ENSG00000284311	0	0	0
ENSG00000162931	11	9	4
ENSG00000230841	0	0	0
ENSG00000266174	0	0	0
ENSG00000279306	1	0	1
ENSG00000215811	1	0	1
ENSG00000202056	0	0	0
ENSG00000251823	0	0	0
ENSG00000171960	137	0	233
ENSG00000234917	0	0	0
ENSG00000065978	6050	9	6041
ENSG00000164007	0	0	0
ENSG00000117385	304	1	303
ENSG00000228452	0	5	0
ENSG00000001460	28	11	28
ENSG0000