N_unmapped	125674	125674	125674
N_multimapping	1141246	1141246	1141246
N_noFeature	1696338	19084632	1848143
N_ambiguous	1825443	35239	810705
ENSG00000160072	422	0	422
ENSG00000234396	0	0	1
ENSG00000225972	3	0	3
ENSG00000224315	0	0	0
ENSG00000198744	1	0	1
ENSG00000279928	2	0	2
ENSG00000228037	18	1	17
ENSG00000142611	3	0	3
ENSG00000225630	883	11	872
ENSG00000284616	0	0	0
ENSG00000157911	62	523	124
ENSG00000269896	26	0	26
ENSG00000237973	448	3	451
ENSG00000228463	24	0	39
ENSG00000260972	0	0	0
ENSG00000157933	2292	1	2291
ENSG00000224340	0	0	0
ENSG00000226545	0	0	0
ENSG00000268663	0	0	0
ENSG00000226374	0	0	0
ENSG00000229280	0	0	0
ENSG00000142655	235	37	235
ENSG00000232596	0	0	0
ENSG00000235054	0	0	0
ENSG00000232663	1	1	0
ENSG00000240409	0	0	0
ENSG00000229344	1	0	1
ENSG00000231510	0	0	0
ENSG00000149527	305	17	288
ENSG00000284739	0	0	0
ENSG00000171621	81	0	81
ENSG00000272235	0	0	0
ENSG00000284694	0	0	0
ENSG00000230021	5	16	5
ENSG00000287356	8	4	4
ENSG00000224387	5	5	0
ENSG00000285629	0	0	0
ENSG00000173673	0	0	0
ENSG00000142583	56	1	55
ENSG00000284674	0	0	0
ENSG00000272161	0	0	0
ENSG00000237094	319	0	319
ENSG00000224338	0	0	0
ENSG00000074800	8007	8	8000
ENSG00000116786	1553	2	1704
ENSG00000287727	4	4	0
ENSG00000228423	0	0	0
ENSG00000286448	0	15	0
ENSG00000131686	46	68	7
ENSG00000229305	0	0	0
ENSG00000284703	0	0	0
ENSG00000226457	0	0	0
ENSG00000173614	231	2	230
ENSG00000248527	3285	122	3163
ENSG00000215720	0	0	0
ENSG00000241326	0	0	0
ENSG00000233623	0	0	0
ENSG00000162592	0	38	0
ENSG00000116254	9	0	9
ENSG00000233645	0	0	0
ENSG00000204624	11	0	13
ENSG00000142606	3	78	7
ENSG00000235146	0	0	0
ENSG00000225931	43	5	38
ENSG00000171729	51	1	52
ENSG00000279457	84	0	84
ENSG00000162571	4	1	3
ENSG00000229393	7	5	2
ENSG00000037637	697	1	696
ENSG00000287586	38	0	38
ENSG00000159423	95	0	95
ENSG00000142599	5890	55	5846
ENSG00000227169	0	0	0
ENSG00000283356	0	0	0
ENSG00000011021	562	1	593
ENSG00000142615	0	0	0
ENSG00000215704	4	8	0
ENSG00000157916	1973	64	2494
ENSG00000157881	741	1	740
ENSG00000238290	0	0	0
ENSG00000225387	0	0	0
ENSG00000048707	2189	5	2184
ENSG00000158748	43	1	42
ENSG00000225196	0	0	0
ENSG00000162444	342	0	342
ENSG00000279625	0	0	0
ENSG00000180758	174	0	174
ENSG00000184677	1760	2	1758
ENSG00000230679	2	0	3
ENSG00000270136	0	0	0
ENSG00000288398	107	0	107
ENSG00000224621	0	0	0
ENSG00000285833	0	2	0
ENSG00000131697	254	1	255
ENSG00000284692	0	0	0
ENSG00000284745	0	0	0
ENSG00000280222	0	0	0
ENSG00000227634	0	0	0
ENSG00000285945	0	0	0
ENSG00000229162	4	1	3
ENSG00000197921	0	0	0
ENSG00000233755	0	2	0
ENSG00000233929	0	0	0
ENSG00000271742	0	0	0
ENSG00000226396	12	0	12
ENSG00000169504	517	1	516
ENSG00000234166	0	13	0
ENSG00000235282	0	0	0
ENSG00000055070	1445	7	2322
ENSG00000175087	259	2	257
ENSG00000157191	1923	16	1907
ENSG00000284699	0	0	0
ENSG00000230035	0	0	0
ENSG00000235185	0	0	0
ENSG00000225643	4	0	4
ENSG00000284666	0	0	0
ENSG00000228943	1	1	0
ENSG00000234397	0	0	0
ENSG00000284309	0	0	0
ENSG00000162511	16557	30	26883
ENSG00000158014	0	0	0
ENSG00000204138	492	1	491
ENSG00000233419	0	0	0
ENSG00000235263	0	0	0
ENSG00000228176	0	0	0
ENSG00000231251	0	0	0
ENSG00000142675	37	0	37
ENSG00000197245	1	0	1
ENSG00000261025	0	0	0
ENSG00000116237	513	4	534
ENSG00000130772	283	0	283
ENSG00000215899	0	0	0
ENSG00000271398	1	1	0
ENSG00000225011	0	0	0
ENSG00000235069	0	0	0
ENSG00000284676	0	0	0
ENSG00000237058	0	0	0
ENSG00000233399	0	0	0
ENSG00000090020	1013	3	1010
ENSG00000157978	3060	3	3057
ENSG00000226944	0	0	0
ENSG00000270282	0	0	0
ENSG00000130770	493	18	745
ENSG00000229044	0	131	0
ENSG00000162512	70	0	70
ENSG00000158006	485	1	484
ENSG00000214812	2	0	2
ENSG00000126698	1304	2	1302
ENSG00000229447	6	0	6
ENSG00000229607	0	0	0
ENSG00000130766	310	0	310
ENSG00000168528	35	0	35
ENSG00000196581	12	0	12
ENSG00000169403	8092	4	8088
ENSG00000084628	0	0	0
ENSG00000060688	536	0	536
ENSG00000171612	75	0	75
ENSG00000270927	0	0	0
ENSG00000188910	1	1	0
ENSG00000230523	0	0	0
ENSG00000116138	541	135	479
ENSG00000158161	674	5	670
ENSG00000142684	0	0	64
ENSG00000234619	0	0	0
ENSG00000121769	25	25	0
ENSG00000142627	34	0	34
ENSG00000284668	0	0	0
ENSG00000233234	0	0	0
ENSG00000142632	122	0	135
ENSG00000234593	0	0	0
ENSG00000158292	17	0	17
ENSG00000270605	62	0	65
ENSG00000189337	204	3	227
ENSG00000232912	122	1	132
ENSG00000235084	5	0	5
ENSG00000235143	0	0	0
ENSG00000225478	0	0	0
ENSG00000225077	1	16	1
ENSG00000028137	11329	6	11323
ENSG00000238249	0	0	0
ENSG00000204464	0	0	0
ENSG00000233372	1	0	1
ENSG00000283259	0	0	0
ENSG00000284543	5	0	5
ENSG00000130939	1620	1	1619
ENSG00000175147	3	25	6
ENSG00000127472	0	0	0
ENSG00000060656	5	0	5
ENSG00000163867	276	3	273
ENSG00000232768	0	0	0
ENSG00000230214	0	0	0
ENSG00000189280	8	8	0
ENSG00000134698	4812	10	4802
ENSG00000134690	45	0	45
ENSG00000272420	3	0	3
ENSG00000132881	46	0	46
ENSG00000273274	0	0	0
ENSG00000116251	2054	5	2050
ENSG00000272510	3	27	9
ENSG00000158286	42	12	40
ENSG00000236648	0	0	0
ENSG00000232273	3	1	2
ENSG00000009709	0	0	0
ENSG00000287396	0	0	0
ENSG00000223589	0	0	0
ENSG00000158008	0	0	0
ENSG00000130940	108	1	213
ENSG00000116771	158	5	193
ENSG00000237301	8	8	0
ENSG00000162585	393	118	406
ENSG00000163879	2	6	2
ENSG00000227527	1	1	0
ENSG00000116954	348	1	347
ENSG00000228589	6	0	6
ENSG00000163873	1	0	1
ENSG00000117215	1	0	1
ENSG00000196449	129	7	164
ENSG00000230163	0	40	0
ENSG00000227538	0	0	0
ENSG00000232208	18	0	18
ENSG00000236500	0	0	0
ENSG00000044012	0	0	0
ENSG00000179051	1489	2	1745
ENSG00000215895	0	0	0
ENSG00000231868	1	2	0
ENSG00000284650	0	0	0
ENSG00000237329	0	0	0
ENSG00000236948	0	0	0
ENSG00000126067	863	0	863
ENSG00000274944	0	0	0
ENSG00000132906	304	1	307
ENSG00000197312	818	1	817
ENSG00000284748	0	0	0
ENSG00000272078	9	114	1
ENSG00000173660	906	2	905
ENSG00000224592	0	0	0
ENSG00000233728	0	17	0
ENSG00000230451	0	0	0
ENSG00000231606	0	0	0
ENSG00000215900	0	0	0
ENSG00000284632	0	0	0
ENSG00000241014	12	0	12
ENSG00000054118	3912	13	3899
ENSG00000254553	0	0	0
ENSG00000284653	0	0	0
ENSG00000237749	1	0	1
ENSG00000276747	1	0	1
ENSG00000284705	0	0	0
ENSG00000228776	0	0	0
ENSG00000159339	2621	2	2619
ENSG00000223814	0	0	0
ENSG00000197982	115	37	120
ENSG00000261781	0	0	0
ENSG00000183317	2	0	2
ENSG00000183386	398	0	398
ENSG00000284743	0	0	0
ENSG00000158315	1	4	0
ENSG00000204084	657	2	763
ENSG00000186973	0	0	0
ENSG00000271806	4	19	2
ENSG00000146463	719	0	813
ENSG00000279214	0	0	0
ENSG00000183520	245	0	245
ENSG00000271741	0	0	0
ENSG00000214141	0	0	0
ENSG00000142686	131	0	131
ENSG00000224751	0	0	0
ENSG00000279096	0	0	0
ENSG00000117148	0	0	0
ENSG00000230585	0	2	0
ENSG00000117000	838	1	837
ENSG00000284989	0	0	0
ENSG00000231630	0	0	0
ENSG00000092853	29	1	31
ENSG00000255811	0	0	0
ENSG00000134697	580	2	584
ENSG00000187513	1	0	1
ENSG00000238145	0	0	0
ENSG00000225142	0	0	0
ENSG00000230138	33	0	33
ENSG00000223390	0	20	1
ENSG00000285823	0	0	2
ENSG00000284720	0	0	0
ENSG00000225028	0	0	0
ENSG00000225671	0	0	0
ENSG00000116151	51	1	50
ENSG00000226147	0	0	0
ENSG00000182873	61	52	15
ENSG00000006555	155	0	155
ENSG00000236111	0	0	0
ENSG00000066056	9	2	7
ENSG00000214114	311	16	295
ENSG00000173436	124	4	124
ENSG00000116544	22	0	22
ENSG00000231900	0	0	0
ENSG00000236723	2	183	8
ENSG00000232467	0	0	0
ENSG00000117016	97	0	97
ENSG00000121310	689	2	687
ENSG00000169213	0	0	0
ENSG00000163866	448	0	488
ENSG00000225779	0	0	0
ENSG00000284601	0	0	0
ENSG00000237130	0	0	0
ENSG00000143001	0	0	0
ENSG00000229716	0	0	0
ENSG00000226133	0	0	0
ENSG00000227416	0	0	0
ENSG00000232335	0	3	0
ENSG00000260971	0	0	0
ENSG00000259832	0	0	0
ENSG00000284696	0	0	0
ENSG00000238242	0	0	0
ENSG00000285839	0	0	0
ENSG00000237290	0	0	0
ENSG00000232762	0	0	0
ENSG00000117419	243	1	242
ENSG00000162384	440	15	457
ENSG00000162391	1	6	0
ENSG00000174348	2	0	2
ENSG00000154198	0	0	0
ENSG00000117859	1133	53	1100
ENSG00000228121	0	0	0
ENSG00000253313	1	0	1
ENSG00000162396	55	0	55
ENSG00000203995	0	0	1
ENSG00000227742	0	1	0
ENSG00000284686	0	0	0
ENSG00000162378	736	0	736
ENSG00000233079	0	0	0
ENSG00000259818	0	0	0
ENSG00000229444	0	0	0
ENSG00000240563	11	0	11
ENSG00000234318	0	0	0
ENSG00000284773	24	0	24
ENSG00000234481	0	0	0
ENSG00000117862	113	0	113
ENSG00000235612	0	0	0
ENSG00000228369	0	0	0
ENSG00000183431	1336	3	1333
ENSG00000227485	0	0	0
ENSG00000224609	5	0	5
ENSG00000235545	0	0	0
ENSG00000236646	0	0	0
ENSG00000169174	0	0	0
ENSG00000232198	0	0	0
ENSG00000238063	5	0	5
ENSG00000227104	0	0	0
ENSG00000243725	12	0	12
ENSG00000171872	0	0	0
ENSG00000162407	9	0	9
ENSG00000285079	2	0	2
ENSG00000169218	0	0	0
ENSG00000163877	558	7	551
ENSG00000228929	4	0	4
ENSG00000224570	0	0	0
ENSG00000224980	0	0	0
ENSG00000278967	0	0	0
ENSG00000157184	128	27	322
ENSG00000272491	2	0	5
ENSG00000198815	1461	9	1452
ENSG00000134744	1538	10	1528
ENSG00000233910	0	0	0
ENSG00000287703	0	0	0
ENSG00000283039	0	0	0
ENSG00000229032	0	0	0
ENSG00000229294	0	0	0
ENSG00000232993	0	0	0
ENSG00000234088	0	0	0
ENSG00000236973	0	0	0
ENSG00000227947	0	0	0
ENSG00000277397	0	0	0
ENSG00000271200	0	0	0
ENSG00000235446	0	0	0
ENSG00000261196	0	0	0
ENSG00000162385	370	2	368
ENSG00000231413	0	0	0
ENSG00000234264	0	0	0
ENSG00000242391	0	1	0
ENSG00000223883	0	0	0
ENSG00000284808	0	0	0
ENSG00000242267	0	0	0
ENSG00000237227	0	0	0
ENSG00000275350	0	0	0
ENSG00000116652	4	1	3
ENSG00000123080	76	0	76
ENSG00000285778	0	0	0
ENSG00000077549	6377	6	6375
ENSG00000233407	0	0	0
ENSG00000225675	5	0	6
ENSG00000237622	0	0	0
ENSG00000162598	1	0	1
ENSG00000280317	0	0	0
ENSG00000162415	27	1	26
ENSG00000162600	285	1	285
ENSG00000116704	482	2	480
ENSG00000227644	0	0	0
ENSG00000157193	164	4	209
ENSG00000116205	511	2	528
ENSG00000198841	45	0	45
ENSG00000116212	140	0	140
ENSG00000234204	0	0	0
ENSG00000233099	0	0	0
ENSG00000233994	2	0	2
ENSG00000237180	0	0	0
ENSG00000213561	0	0	0
ENSG00000233973	0	0	0
ENSG00000237552	0	0	0
ENSG00000132854	1	0	1
ENSG00000227556	0	0	0
ENSG00000162616	84	5	81
ENSG00000162607	1084	3	1081
ENSG00000233602	1	0	1
ENSG00000233271	0	0	0
ENSG00000285954	20	20	0
ENSG00000233333	0	0	0
ENSG00000154027	293	1	295
ENSG00000234108	0	0	0
ENSG00000232676	0	0	0
ENSG00000225167	0	0	0
ENSG00000132122	111	0	111
ENSG00000213579	0	0	0
ENSG00000137960	1	0	1
ENSG00000237852	0	0	0
ENSG00000116745	0	0	0
ENSG00000132855	0	0	0
ENSG00000285407	0	0	0
ENSG00000272855	0	0	0
ENSG00000270549	0	0	0
ENSG00000237163	0	0	0
ENSG00000229636	0	0	0
ENSG00000116675	25	0	25
ENSG00000162433	21	0	21
ENSG00000213625	901	0	901
ENSG00000227207	0	0	0
ENSG00000227016	0	0	0
ENSG00000233664	0	0	0
ENSG00000158966	64	0	64
ENSG00000213703	0	0	0
ENSG00000203965	71	0	73
ENSG00000223479	0	0	0
ENSG00000233674	0	0	0
ENSG00000153898	131	0	131
ENSG00000117069	0	0	0
ENSG00000125703	266	0	266
ENSG00000285041	0	0	0
ENSG00000285808	0	0	0
ENSG00000229440	0	0	0
ENSG00000234144	0	0	0
ENSG00000213540	0	0	0
ENSG00000277670	0	0	0
ENSG00000227466	0	0	0
ENSG00000154007	0	0	0
ENSG00000230498	0	0	0
ENSG00000285782	0	0	0
ENSG00000162618	0	0	0
ENSG00000224493	0	0	0
ENSG00000131233	1	1	0
ENSG00000272371	0	0	0
ENSG00000287647	2	4	1
ENSG00000229225	0	0	0
ENSG00000230863	0	0	0
ENSG00000213560	0	0	0
ENSG00000287224	0	0	0
ENSG00000225598	0	0	0
ENSG00000286455	0	0	0
ENSG00000225087	0	0	0
ENSG00000224986	0	0	0
ENSG00000280378	21	0	21
ENSG00000188786	1150	3	1147
ENSG00000230053	0	0	0
ENSG00000137941	27	0	27
ENSG00000273338	0	0	0
ENSG00000223720	0	0	0
ENSG00000224326	0	0	0
ENSG00000286548	6	1	5
ENSG00000066135	296	6	398
ENSG00000230027	0	0	0
ENSG00000233061	0	0	0
ENSG00000272094	0	0	0
ENSG00000228853	0	0	0
ENSG00000215874	0	0	0
ENSG00000232453	6	1	5
ENSG00000260386	2	0	2
ENSG00000284895	0	0	0
ENSG00000117174	383	1	382
ENSG00000237413	0	0	0
ENSG00000184313	0	0	0
ENSG00000284645	0	0	0
ENSG00000225605	0	0	0
ENSG00000225446	0	0	0
ENSG00000288543	0	0	0
ENSG00000122420	8	0	8
ENSG00000284240	0	0	0
ENSG00000236290	2	1	1
ENSG00000143013	444	0	444
ENSG00000226084	7	0	7
ENSG00000134748	1275	9	1266
ENSG00000142892	461	0	461
ENSG00000219102	5	0	5
ENSG00000184005	84	1	83
ENSG00000230953	11	11	0
ENSG00000287743	0	0	0
ENSG00000229332	0	0	0
ENSG00000227937	0	0	0
ENSG00000229752	0	0	0
ENSG00000237505	0	0	0
ENSG00000285462	0	0	0
ENSG00000233216	0	0	0
ENSG00000197273	0	0	0
ENSG00000226804	0	0	0
ENSG00000285325	0	0	0
ENSG00000230728	0	0	0
ENSG00000162402	2719	4	2715
ENSG00000232846	0	0	0
ENSG00000219201	2	0	2
ENSG00000230787	0	0	0
ENSG00000116641	114	4	110
ENSG00000235927	4	8	3
ENSG00000223920	0	0	0
ENSG00000237453	4	4	0
ENSG00000172260	10	1	9
ENSG00000285473	0	0	0
ENSG00000237959	0	0	0
ENSG00000231364	0	0	0
ENSG00000234578	0	0	0
ENSG00000117480	208	0	208
ENSG00000137944	383	1	382
ENSG00000229505	0	0	0
ENSG00000228187	0	0	0
ENSG00000285201	0	0	0
ENSG00000182183	198	0	198
ENSG00000236407	0	0	0
ENSG00000271949	0	0	0
ENSG00000227062	0	0	0
ENSG00000067334	870	6	864
ENSG00000235011	0	0	0
ENSG00000235673	0	0	0
ENSG00000226938	0	0	0
ENSG00000213559	0	0	0
ENSG00000287587	0	0	0
ENSG00000142949	25	0	25
ENSG00000116133	277	7	303
ENSG00000232882	1	0	1
ENSG00000171502	19	0	19
ENSG00000162399	3	2	1
ENSG00000116157	171	1	170
ENSG00000143036	1	0	1
ENSG00000232672	0	0	0
ENSG00000230817	1	1	0
ENSG00000235613	1	0	1
ENSG00000065243	2087	4	2083
ENSG00000226759	0	0	0
ENSG00000226960	0	0	0
ENSG00000234080	0	0	0
ENSG00000237899	1	0	1
ENSG00000225492	12	1	12
ENSG00000223905	0	0	0
ENSG00000227290	0	0	0
ENSG00000229486	0	0	0
ENSG00000282898	0	0	0
ENSG00000285409	0	0	0
ENSG00000231090	2	0	2
ENSG00000117528	524	1	523
ENSG00000271723	0	0	0
ENSG00000172339	39	0	39
ENSG00000036549	718	2	716
ENSG00000287724	0	25	0
ENSG00000058799	593	0	593
ENSG00000225191	0	0	0
ENSG00000287870	1	0	1
ENSG00000235563	0	0	0
ENSG00000232048	0	0	0
ENSG00000232857	0	0	0
ENSG00000273637	0	0	0
ENSG00000203985	0	0	0
ENSG00000228838	1	10	0
ENSG00000283761	1	0	1
ENSG00000189433	2	2	0
ENSG00000230759	0	0	0
ENSG00000231866	0	0	0
ENSG00000179178	1	0	1
ENSG00000142700	0	0	0
ENSG00000285525	1	0	1
ENSG00000236098	0	0	0
ENSG00000233514	0	0	0
ENSG00000127124	326	2	324
ENSG00000266993	10	64	2
ENSG00000223675	0	0	0
ENSG00000162604	259	0	259
ENSG00000229316	0	0	0
ENSG00000116171	993	3	990
ENSG00000287406	0	0	0
ENSG00000225767	0	0	0
ENSG00000234099	0	0	0
ENSG00000137936	23	1	26
ENSG00000235308	4	4	0
ENSG00000232752	0	0	0
ENSG00000235829	0	0	0
ENSG00000143032	0	0	0
ENSG00000226745	0	0	0
ENSG00000178028	796	1	795
ENSG00000280040	0	0	0
ENSG00000168710	1459	0	1459
ENSG00000117519	55	0	55
ENSG00000270507	0	0	0
ENSG00000238037	0	0	0
ENSG00000215869	0	0	0
ENSG00000134215	945	2	943
ENSG00000227935	0	0	0
ENSG00000229887	0	0	0
ENSG00000228502	7	0	7
ENSG00000236268	0	0	0
ENSG00000271277	0	0	0
ENSG00000236888	0	0	0
ENSG00000279778	0	0	0
ENSG00000232015	0	0	0
ENSG00000230955	0	107	1
ENSG00000230828	0	0	0
ENSG00000188641	2637	1	2855
ENSG00000152078	7	0	7
ENSG00000237279	0	0	0
ENSG00000233359	0	0	0
ENSG00000237954	0	0	0
ENSG00000185668	0	0	0
ENSG00000171492	837	1	836
ENSG00000233129	0	0	0
ENSG00000170989	3163	6	3157
ENSG00000258634	115	0	164
ENSG00000233557	0	0	0
ENSG00000237897	0	0	0
ENSG00000116299	1845	0	1845
ENSG00000137962	20	0	20
ENSG00000227832	0	0	0
ENSG00000286692	0	0	0
ENSG00000260464	7	1	7
ENSG00000237435	0	0	0
ENSG00000231996	0	0	0
ENSG00000273204	0	1	0
ENSG00000079739	475	6	525
ENSG00000117154	0	0	0
ENSG00000162377	129	11	118
ENSG00000224613	0	0	0
ENSG00000215871	0	0	0
ENSG00000287372	0	0	0
ENSG00000232542	1	0	1
ENSG00000231095	1	0	1
ENSG00000116774	5	0	5
ENSG00000287756	0	0	0
ENSG00000269113	0	0	0
ENSG00000284652	1	0	1
ENSG00000023909	207	0	207
ENSG00000069702	317	1	316
ENSG00000232185	0	0	0
ENSG00000230489	7	0	7
ENSG00000228399	0	0	0
ENSG00000236776	0	0	0
ENSG00000285928	2	2	0
ENSG00000224685	0	0	0
ENSG00000287076	0	0	0
ENSG00000237480	0	0	0
ENSG00000271252	0	0	0
ENSG00000230427	0	0	0
ENSG00000235794	0	0	0
ENSG00000286758	0	0	0
ENSG00000237337	0	0	0
ENSG00000233983	0	0	0
ENSG00000198198	1644	106	1942
ENSG00000225183	0	0	0
ENSG00000230402	0	0	0
ENSG00000116793	352	2	350
ENSG00000134201	4	0	4
ENSG00000238122	0	0	0
ENSG00000260879	0	45	0
ENSG00000213366	335	0	335
ENSG00000230864	0	0	0
ENSG00000283354	0	0	0
ENSG00000232918	0	0	0
ENSG00000236360	0	0	0
ENSG00000183298	0	0	6
ENSG00000234332	18	1	17
ENSG00000117525	3	0	3
ENSG00000225079	8	0	8
ENSG00000226483	0	0	0
ENSG00000224238	0	0	0
ENSG00000229537	0	0	0
ENSG00000162699	0	0	0
ENSG00000162692	0	0	0
ENSG00000203914	0	0	0
ENSG00000270457	1	0	1
ENSG00000203858	0	0	0
ENSG00000231987	0	0	0
ENSG00000228057	0	0	0
ENSG00000261593	0	0	0
ENSG00000224445	0	0	0
ENSG00000229842	0	0	0
ENSG00000270631	0	0	0
ENSG00000229201	0	0	0
ENSG00000181656	9	5	4
ENSG00000122481	35	0	35
ENSG00000198162	839	1	838
ENSG00000238198	2	1	1
ENSG00000171517	5	0	5
ENSG00000228852	13	13	0
ENSG00000203864	0	0	0
ENSG00000233482	0	0	0
ENSG00000230250	0	0	0
ENSG00000232878	3	222	0
ENSG00000143079	57	0	57
ENSG00000232450	6	0	6
ENSG00000223575	1	0	1
ENSG00000230768	0	0	0
ENSG00000235202	0	0	0
ENSG00000272715	0	0	0
ENSG00000235038	0	0	0
ENSG00000143093	1083	0	1083
ENSG00000226415	4	0	4
ENSG00000085491	434	5	478
ENSG00000173947	6	0	6
ENSG00000241361	1	0	1
ENSG00000230434	0	0	0
ENSG00000230718	0	0	0
ENSG00000134198	649	1	648
ENSG00000235595	0	0	0
ENSG00000226053	0	0	0
ENSG00000226128	0	0	0
ENSG00000198799	555	0	640
ENSG00000279513	2	0	2
ENSG00000117620	255	5	254
ENSG00000280186	0	0	0
ENSG00000223906	0	0	0
ENSG00000162688	545	2	543
ENSG00000197106	0	0	0
ENSG00000259946	0	0	0
ENSG00000236137	1	118	0
ENSG00000203859	0	0	0
ENSG00000228086	1	104	0
ENSG00000213421	0	0	0
ENSG00000234020	0	0	0
ENSG00000060718	0	0	0
ENSG00000236804	0	0	0
ENSG00000231072	0	0	0
ENSG00000273406	0	0	0
ENSG00000185946	806	2	804
ENSG00000162627	1	0	1
ENSG00000226715	0	6	0
ENSG00000162695	583	0	583
ENSG00000134184	0	0	0
ENSG00000265808	1079	0	1079
ENSG00000261290	0	0	0
ENSG00000225923	0	0	0
ENSG00000134247	73	0	73
ENSG00000187481	0	0	0
ENSG00000116752	326	0	326
ENSG00000162664	269	0	269
ENSG00000236866	0	0	0
ENSG00000134253	9	2	7
ENSG00000277655	0	0	0
ENSG00000223416	0	0	0
ENSG00000213226	0	0	0
ENSG00000179571	2	0	2
ENSG00000227850	0	0	0
ENSG00000243967	0	0	0
ENSG00000235777	0	0	0
ENSG00000260246	0	0	0
ENSG00000173218	69	0	69
ENSG00000285532	0	0	0
ENSG00000226755	0	0	0
ENSG00000232650	1	0	1
ENSG00000183508	750	0	750
ENSG00000277095	0	0	0
ENSG00000236806	0	0	0
ENSG00000234283	0	0	0
ENSG00000237188	1	0	1
ENSG00000232780	0	0	0
ENSG00000274927	0	0	0
ENSG00000264145	0	0	0
ENSG00000238256	0	0	0
ENSG00000198765	0	0	0
ENSG00000224335	0	0	0
ENSG00000277702	0	0	0
ENSG00000143398	913	1	912
ENSG00000196505	467	2	466
ENSG00000225871	34	73	0
ENSG00000223489	0	0	0
ENSG00000230546	0	0	0
ENSG00000213262	1	1	0
ENSG00000287015	0	0	0
ENSG00000241720	1	30	0
ENSG00000235526	0	0	0
ENSG00000228347	0	0	0
ENSG00000276975	2	0	2
ENSG00000236012	0	0	0
ENSG00000270911	1	1	0
ENSG00000272824	0	0	0
ENSG00000134200	1	1	0
ENSG00000234257	0	0	0
ENSG00000065183	596	6	654
ENSG00000227082	3	0	3
ENSG00000228626	0	0	0
ENSG00000226126	0	0	0
ENSG00000163393	547	0	547
ENSG00000163156	515	13	508
ENSG00000143631	1	1	0
ENSG00000156150	0	49	0
ENSG00000228453	0	0	0
ENSG00000274642	1	0	1
ENSG00000177551	0	0	0
ENSG00000197323	1458	2	1456
ENSG00000237975	0	0	0
ENSG00000261168	1	0	1
ENSG00000287980	0	0	0
ENSG00000229283	0	0	0
ENSG00000271419	0	0	0
ENSG00000226172	0	0	0
ENSG00000079335	693	10	786
ENSG00000143119	11207	7	11200
ENSG00000237278	0	85	0
ENSG00000285062	0	0	0
ENSG00000233432	1	1	0
ENSG00000227700	0	0	0
ENSG00000229911	0	0	0
ENSG00000143520	0	0	0
ENSG00000171943	120	2	118
ENSG00000270719	0	0	0
ENSG00000155761	5	62	6
ENSG00000230806	0	1	0
ENSG00000116830	333	0	333
ENSG00000234422	0	0	0
ENSG00000227056	1	1	0
ENSG00000143614	1677	3	1674
ENSG00000227091	0	0	0
ENSG00000169418	0	0	0
ENSG00000214204	0	0	0
ENSG00000081026	108	13	95
ENSG00000225650	0	0	0
ENSG00000227179	0	0	0
ENSG00000224965	1	0	1
ENSG00000228127	3	3	0
ENSG00000226984	1	1	0
ENSG00000186150	0	0	0
ENSG00000143554	586	3	583
ENSG00000143458	619	6	613
ENSG00000230932	0	0	0
ENSG00000073754	1	0	1
ENSG00000228826	0	0	0
ENSG00000233907	0	0	0
ENSG00000225036	0	0	0
ENSG00000228420	0	0	0
ENSG00000233839	0	0	0
ENSG00000250890	0	0	0
ENSG00000232240	0	0	0
ENSG00000280649	33	8	48
ENSG00000131781	166	40	152
ENSG00000223599	0	0	0
ENSG00000230921	0	0	0
ENSG00000286151	4	0	4
ENSG00000234388	0	0	0
ENSG00000235015	0	0	0
ENSG00000271736	9	0	9
ENSG00000235988	0	0	0
ENSG00000233717	0	0	0
ENSG00000231551	103	38	65
ENSG00000227295	4	0	4
ENSG00000163155	79	41	39
ENSG00000243613	0	105	0
ENSG00000241975	34	0	34
ENSG00000271143	0	0	0
ENSG00000270976	0	0	0
ENSG00000228217	0	0	0
ENSG00000270342	0	0	0
ENSG00000143552	5	4	1
ENSG00000175984	38	0	38
ENSG00000231100	0	0	0
ENSG00000116824	2112	1	2111
ENSG00000235887	0	0	0
ENSG00000237460	0	0	0
ENSG00000236327	0	0	0
ENSG00000223804	54	20	34
ENSG00000236887	0	0	0
ENSG00000024526	3	0	3
ENSG00000236480	0	0	0
ENSG00000235756	0	0	0
ENSG00000173810	0	0	0
ENSG00000235005	0	0	0
ENSG00000271890	0	0	0
ENSG00000238107	0	0	0
ENSG00000227425	0	0	0
ENSG00000233222	0	33	0
ENSG00000225279	0	0	0
ENSG00000229101	0	0	0
ENSG00000224927	0	0	0
ENSG00000239216	0	0	0
ENSG00000283360	3	3	0
ENSG00000117262	57	0	57
ENSG00000227907	1	1	0
ENSG00000143624	2383	4	2619
ENSG00000227970	0	0	0
ENSG00000261055	9	0	9
ENSG00000231613	4	0	4
ENSG00000137947	719	2	717
ENSG00000236689	0	0	0
ENSG00000233589	0	0	0
ENSG00000117586	144	0	144
ENSG00000230946	1	0	1
ENSG00000226028	0	0	0
ENSG00000162728	0	0	0
ENSG00000229021	1	0	1
ENSG00000203825	0	0	0
ENSG00000184371	456	1	455
ENSG00000233449	0	0	0
ENSG00000242943	0	0	0
ENSG00000233203	0	0	0
ENSG00000232499	0	0	0
ENSG00000232265	3	0	3
ENSG00000163154	1119	1	1119
ENSG00000232995	15	1	15
ENSG00000236957	0	0	0
ENSG00000238087	0	0	0
ENSG00000227777	0	0	0
ENSG00000177173	11	0	11
ENSG00000277406	56	0	56
ENSG00000238022	0	0	0
ENSG00000231671	1	0	1
ENSG00000162729	713	1	712
ENSG00000143158	224	24	350
ENSG00000271092	1	0	1
ENSG00000238118	0	0	0
ENSG00000276118	0	0	0
ENSG00000232148	0	0	0
ENSG00000278811	14	50	2
ENSG00000000460	79	161	107
ENSG00000188859	2	0	3
ENSG00000275075	0	0	0
ENSG00000135862	161	2	159
ENSG00000232952	0	0	0
ENSG00000158473	1109	2	1107
ENSG00000227722	0	0	0
ENSG00000285922	0	0	0
ENSG00000275801	2	0	2
ENSG00000143198	347	0	347
ENSG00000143318	15	3	12
ENSG00000232188	0	0	0
ENSG00000232212	0	0	0
ENSG00000143621	1355	14	1349
ENSG00000241042	0	0	0
ENSG00000143155	543	3	540
ENSG00000260322	0	0	0
ENSG00000223495	0	0	0
ENSG00000143156	58	0	73
ENSG00000198771	5448	16	5596
ENSG00000225462	0	0	0
ENSG00000237756	0	0	0
ENSG00000116147	5	0	5
ENSG00000213064	1455	1	1605
ENSG00000203307	0	0	0
ENSG00000143179	117	2	151
ENSG00000271187	0	0	0
ENSG00000274562	0	0	0
ENSG00000143315	283	0	283
ENSG00000116199	617	1	616
ENSG00000231175	0	0	0
ENSG00000143185	19	2	17
ENSG00000235145	0	0	0
ENSG00000116260	1138	3	1135
ENSG00000272931	8	0	8
ENSG00000143190	710	2	795
ENSG00000225475	0	0	0
ENSG00000230898	0	0	0
ENSG00000232223	0	0	0
ENSG00000224698	0	0	0
ENSG00000287697	3	6	5
ENSG00000075945	324	1	353
ENSG00000235303	0	0	0
ENSG00000234810	4	0	4
ENSG00000232750	0	0	0
ENSG00000224468	0	0	0
ENSG00000235628	0	0	0
ENSG00000232551	0	0	0
ENSG00000092607	1	0	1
ENSG00000238270	0	0	0
ENSG00000285894	0	0	0
ENSG00000236025	0	0	0
ENSG00000230687	0	0	0
ENSG00000230704	0	0	0
ENSG00000283255	0	0	0
ENSG00000227741	6	63	7
ENSG00000237049	0	0	0
ENSG00000286754	0	0	0
ENSG00000232751	1	1	0
ENSG00000236364	1	36	1
ENSG00000117091	2053	13	5004
ENSG00000235378	0	1	0
ENSG00000143171	2	1	1
ENSG00000275767	0	0	0
ENSG00000224718	0	0	0
ENSG00000047410	5226	19	5448
ENSG00000231992	0	0	0
ENSG00000018625	2	0	2
ENSG00000171806	161	0	180
ENSG00000287919	0	0	0
ENSG00000229914	2	0	2
ENSG00000233882	0	0	0
ENSG00000198358	0	1	0
ENSG00000229407	0	0	0
ENSG00000134216	0	0	0
ENSG00000230748	0	0	0
ENSG00000254154	1	0	1
ENSG00000162694	40	0	41
ENSG00000238108	0	0	0
ENSG00000214262	0	151	0
ENSG00000183853	0	0	0
ENSG00000215835	11	0	11
ENSG00000118197	429	2	430
ENSG00000135842	12322	21	12301
ENSG00000229258	1	0	1
ENSG00000287472	0	0	0
ENSG00000241318	0	0	0
ENSG00000228238	2	0	2
ENSG00000232393	0	0	0
ENSG00000121454	47	125	0
ENSG00000184155	0	0	0
ENSG00000058085	0	0	0
ENSG00000260088	0	2	1
ENSG00000287978	69	0	69
ENSG00000116815	548	0	548
ENSG00000232917	0	0	0
ENSG00000233057	0	0	0
ENSG00000237131	0	0	0
ENSG00000233946	0	0	0
ENSG00000143167	247	0	247
ENSG00000143184	35	0	35
ENSG00000231966	4	1	3
ENSG00000176320	0	0	0
ENSG00000260976	0	0	0
ENSG00000235215	0	0	0
ENSG00000223450	0	0	0
ENSG00000224691	0	0	0
ENSG00000286572	1	0	1
ENSG00000235101	7	4	3
ENSG00000228215	6	0	6
ENSG00000177807	13	5	8
ENSG00000233626	0	0	0
ENSG00000233691	0	0	0
ENSG00000283518	0	0	0
ENSG00000271527	0	0	0
ENSG00000143228	30	0	31
ENSG00000235827	0	0	0
ENSG00000231615	0	0	0
ENSG00000231714	0	0	0
ENSG00000174514	27	15	29
ENSG00000143178	76	0	76
ENSG00000224837	0	0	0
ENSG00000116833	0	0	0
ENSG00000227740	8	0	10
ENSG00000260990	0	0	0
ENSG00000000457	387	61	496
ENSG00000143507	121	0	121
ENSG00000285638	0	0	0
ENSG00000226520	0	0	0
ENSG00000284592	0	0	0
ENSG00000230987	0	0	0
ENSG00000232527	0	0	0
ENSG00000215833	0	0	0
ENSG00000228167	0	0	0
ENSG00000225325	0	0	0
ENSG00000223344	0	0	0
ENSG00000228191	0	0	0
ENSG00000229961	76	1	75
ENSG00000150732	0	0	0
ENSG00000157064	5	0	5
ENSG00000288139	0	0	0
ENSG00000226015	26	3	23
ENSG00000215808	0	0	0
ENSG00000059588	767	1	766
ENSG00000231512	1	0	1
ENSG00000237379	1	0	1
ENSG00000232959	0	29	0
ENSG00000122224	1107	14	1093
ENSG00000162782	0	0	0
ENSG00000238051	0	0	0
ENSG00000233196	0	0	0
ENSG00000229220	0	0	0
ENSG00000143653	215	2	213
ENSG00000135837	2220	1	2219
ENSG00000158711	1796	7	1806
ENSG00000227747	0	0	0
ENSG00000228081	1	0	1
ENSG00000228020	0	0	0
ENSG00000234975	10	0	10
ENSG00000162851	149	0	149
ENSG00000271427	7	0	7
ENSG00000261817	0	0	0
ENSG00000143353	175	0	190
ENSG00000197965	1426	1	1425
ENSG00000143493	246	0	246
ENSG00000230777	4	5	1
ENSG00000179397	7	0	7
ENSG00000224540	0	0	0
ENSG00000117592	1734	1	1733
ENSG00000186197	16	0	16
ENSG00000229067	0	0	0
ENSG00000230231	0	0	0
ENSG00000227711	0	0	0
ENSG00000261182	0	0	0
ENSG00000228879	0	0	0
ENSG00000227925	0	0	0
ENSG00000162670	0	0	0
ENSG00000225712	0	0	0
ENSG00000162761	0	0	0
ENSG00000143199	7	3	4
ENSG00000179930	0	0	0
ENSG00000007908	1	1	0
ENSG00000092978	159	0	159
ENSG00000143499	431	0	431
ENSG00000188404	35974	43	35931
ENSG00000227735	0	0	0
ENSG00000243062	0	0	0
ENSG00000143196	0	0	0
ENSG00000228504	0	0	0
ENSG00000274702	0	0	0
ENSG00000226211	0	0	0
ENSG00000236942	0	0	0
ENSG00000287205	1	0	1
ENSG00000203697	2	0	2
ENSG00000116574	332	0	332
ENSG00000287929	0	0	0
ENSG00000186283	614	3	611
ENSG00000224896	0	0	0
ENSG00000226292	0	0	0
ENSG00000121481	362	0	363
ENSG00000227940	0	0	0
ENSG00000117139	1095	0	1095
ENSG00000143248	14	0	14
ENSG00000278455	0	0	0
ENSG00000224810	0	0	0
ENSG00000162814	0	0	0
ENSG00000225172	0	0	0
ENSG00000261642	0	0	0
ENSG00000228239	0	0	0
ENSG00000237283	0	0	0
ENSG00000116132	0	0	0
ENSG00000238042	3	0	3
ENSG00000271475	0	0	0
ENSG00000231877	0	0	0
ENSG00000116679	4825	11	4814
ENSG00000228536	0	0	0
ENSG00000230550	0	4	0
ENSG00000229242	0	0	0
ENSG00000253326	4	0	4
ENSG00000228470	1	1	0
ENSG00000152092	0	0	0
ENSG00000234984	0	0	0
ENSG00000231648	0	0	0
ENSG00000229983	0	0	0
ENSG00000215149	0	0	0
ENSG00000225122	0	0	0
ENSG00000225920	15	15	0
ENSG00000143476	25	0	25
ENSG00000121486	600	2	598
ENSG00000228437	0	0	0
ENSG00000214837	26	0	26
ENSG00000057252	1499	2	1497
ENSG00000225982	0	0	0
ENSG00000285718	0	0	0
ENSG00000234070	0	0	0
ENSG00000233620	0	0	0
ENSG00000237783	0	0	0
ENSG00000272906	13	5	40
ENSG00000233018	0	0	0
ENSG00000123685	38	0	38
ENSG00000224783	0	0	0
ENSG00000162852	1258	2	1256
ENSG00000232792	0	1	0
ENSG00000273004	8	0	8
ENSG00000143842	75	0	75
ENSG00000268062	4	4	0
ENSG00000237409	1	1	0
ENSG00000116962	354	0	354
ENSG00000288078	0	0	0
ENSG00000271399	0	0	0
ENSG00000229757	0	0	0
ENSG00000232679	0	0	0
ENSG00000159388	5678	11	5667
ENSG00000220749	24	0	24
ENSG00000181450	127	0	127
ENSG00000223519	16	9	38
ENSG00000120333	348	3	355
ENSG00000286285	6	0	6
ENSG00000225300	0	0	0
ENSG00000223842	0	0	0
ENSG00000162753	0	0	0
ENSG00000228247	0	0	0
ENSG00000231424	0	0	0
ENSG00000143355	0	0	0
ENSG00000287177	0	0	0
ENSG00000237193	0	0	0
ENSG00000223490	0	0	0
ENSG00000121644	430	0	430
ENSG00000174502	0	0	0
ENSG00000224286	0	0	0
ENSG00000158715	306	0	306
ENSG00000143195	16	1	15
ENSG00000162849	8	2	6
ENSG00000232824	0	0	0
ENSG00000273416	0	0	0
ENSG00000234142	2	0	2
ENSG00000282111	0	0	0
ENSG00000233410	1	0	1
ENSG00000067533	207	1	206
ENSG00000228955	3	3	0
ENSG00000270443	0	0	0
ENSG00000116209	2726	0	2726
ENSG00000224702	0	0	0
ENSG00000271811	0	0	0
ENSG00000224278	0	0	0
ENSG00000235492	0	0	0
ENSG00000287808	8	107	8
ENSG00000271588	0	0	0
ENSG00000229840	0	0	0
ENSG00000116161	747	37	728
ENSG00000226486	0	0	0
ENSG00000227687	0	0	0
ENSG00000231814	0	0	0
ENSG00000286210	0	0	0
ENSG00000287364	0	0	0
ENSG00000225063	0	0	0
ENSG00000260698	19	0	19
ENSG00000277007	10	0	10
ENSG00000229016	0	0	0
ENSG00000077157	2169	2	2210
ENSG00000152104	4	3	1
ENSG00000236975	1	0	1
ENSG00000215834	0	0	0
ENSG00000286541	0	0	0
ENSG00000117650	7	0	8
ENSG00000235021	0	0	0
ENSG00000203724	0	0	0
ENSG00000225006	0	0	0
ENSG00000287633	0	0	0
ENSG00000158764	2	0	3
ENSG00000223375	0	0	0
ENSG00000230714	0	0	0
ENSG00000261065	0	6	0
ENSG00000260855	7	0	7
ENSG00000188783	0	0	0
ENSG00000236206	0	0	0
ENSG00000168118	411	0	415
ENSG00000181101	0	0	0
ENSG00000173726	1487	2	1485
ENSG00000282852	0	0	0
ENSG00000152382	221	16	205
ENSG00000143839	0	0	0
ENSG00000232100	0	0	0
ENSG00000261024	0	0	0
ENSG00000230547	0	0	0
ENSG00000229703	0	0	0
ENSG00000176754	0	0	0
ENSG00000232309	0	0	0
ENSG00000227953	7	26	12
ENSG00000232215	0	0	0
ENSG00000135829	3568	8	3667
ENSG00000228289	0	0	0
ENSG00000134717	589	2	587
ENSG00000232989	0	0	0
ENSG00000233537	0	0	0
ENSG00000116668	188	24	164
ENSG00000143756	586	0	586
ENSG00000278180	0	0	0
ENSG00000143702	706	2	806
ENSG00000232341	1	0	1
ENSG00000287676	2	0	2
ENSG00000236792	0	0	0
ENSG00000143207	1848	2	1846
ENSG00000270859	0	0	0
ENSG00000238224	0	0	0
ENSG00000286775	0	0	0
ENSG00000122176	0	0	0
ENSG00000229120	0	0	0
ENSG00000237492	0	0	0
ENSG00000230404	0	0	0
ENSG00000213036	0	0	0
ENSG00000227230	1	56	0
ENSG00000236230	0	0	0
ENSG00000026751	565	2	563
ENSG00000150681	1531	3	2013
ENSG00000116906	746	1	745
ENSG00000092969	4	0	4
ENSG00000157181	336	2	334
ENSG00000250762	1	1	0
ENSG00000236720	0	0	0
ENSG00000227421	1	0	1
ENSG00000227240	2	0	2
ENSG00000076258	53	0	53
ENSG00000286073	0	0	0
ENSG00000231084	2	2	0
ENSG00000232085	0	47	0
ENSG00000117697	509	0	509
ENSG00000279333	0	0	1
ENSG00000235083	0	0	0
ENSG00000162669	0	0	0
ENSG00000197067	0	0	0
ENSG00000229652	0	0	0
ENSG00000132681	26	0	26
ENSG00000225904	0	0	0
ENSG00000270920	0	0	0
ENSG00000281664	0	0	0
ENSG00000143641	781	2	1087
ENSG00000227630	1	0	1
ENSG00000228830	0	869	0
ENSG00000010932	1	0	1
ENSG00000282849	1	0	2
ENSG00000276520	0	0	0
ENSG00000226640	0	0	0
ENSG00000010072	197	152	189
ENSG00000135766	322	4	318
ENSG00000232626	0	0	0
ENSG00000232096	0	0	0
ENSG00000279261	0	0	0
ENSG00000213051	1	0	1
ENSG00000238054	0	0	0
ENSG00000163534	1188	1	1187
ENSG00000168243	1	0	1
ENSG00000281453	0	0	0
ENSG00000237469	0	0	0
ENSG00000224939	1	0	1
ENSG00000227613	0	0	0
ENSG00000116183	1	0	1
ENSG00000270106	0	0	0
ENSG00000232194	0	0	0
ENSG00000235152	0	0	0
ENSG00000231612	0	0	0
ENSG00000237980	6	0	6
ENSG00000271036	0	0	0
ENSG00000230849	0	0	0
ENSG00000170382	248	257	0
ENSG00000228664	0	0	0
ENSG00000226868	0	0	0
ENSG00000279401	0	0	0
ENSG00000272362	0	0	0
ENSG00000287450	0	0	0
ENSG00000237011	0	0	0
ENSG00000233583	0	0	0
ENSG00000066027	2059	6	2053
ENSG00000286263	0	0	0
ENSG00000227006	2	2	0
ENSG00000236372	0	0	0
ENSG00000224525	0	0	0
ENSG00000188770	0	0	0
ENSG00000173728	3	3	0
ENSG00000094975	725	1	724
ENSG00000225811	0	0	0
ENSG00000273093	0	0	0
ENSG00000162772	32	0	32
ENSG00000227818	0	0	0
ENSG00000135828	1493	1	1492
ENSG00000224227	0	0	0
ENSG00000286398	0	0	0
ENSG00000076356	201	0	201
ENSG00000215819	0	0	0
ENSG00000185523	1	0	1
ENSG00000236108	0	0	0
ENSG00000116711	103	1	102
ENSG00000231684	0	0	0
ENSG00000226750	0	0	0
ENSG00000285665	4	0	4
ENSG00000231022	0	0	0
ENSG00000224436	0	0	0
ENSG00000228208	0	0	0
ENSG00000273384	1	0	1
ENSG00000238061	4	0	4
ENSG00000234915	1	1	0
ENSG00000143845	10	0	20
ENSG00000235862	0	0	0
ENSG00000069812	0	0	0
ENSG00000227585	0	0	0
ENSG00000157060	0	0	0
ENSG00000237213	0	0	0
ENSG00000236439	8	0	8
ENSG00000224260	0	0	0
ENSG00000213045	3	3	0
ENSG00000287220	0	0	0
ENSG00000230063	0	0	0
ENSG00000235467	0	0	0
ENSG00000123684	3597	8	3589
ENSG00000117707	3	0	3
ENSG00000228044	0	0	0
ENSG00000225338	0	0	0
ENSG00000224407	0	308	0
ENSG00000232463	1	1	0
ENSG00000237457	0	0	0
ENSG00000225171	4	0	4
ENSG00000226843	0	0	0
ENSG00000235386	0	0	0
ENSG00000123836	473	56	473
ENSG00000213690	0	0	0
ENSG00000223982	0	0	0
ENSG00000229832	2	0	2
ENSG00000117691	197	0	197
ENSG00000225233	0	0	0
ENSG00000274895	0	0	0
ENSG00000237514	0	0	0
ENSG00000287856	0	0	0
ENSG00000228067	0	0	0
ENSG00000284299	0	0	0
ENSG00000226375	0	0	0
ENSG00000203705	284	1	283
ENSG00000224040	0	0	0
ENSG00000228686	25	25	0
ENSG00000279838	29	1	28
ENSG00000174175	235	0	235
ENSG00000236401	0	0	0
ENSG00000241475	0	0	0
ENSG00000215800	0	0	0
ENSG00000286421	0	0	0
ENSG00000270936	0	0	0
ENSG00000008118	0	0	0
ENSG00000171161	624	2	622
ENSG00000241505	0	0	0
ENSG00000224535	0	0	0
ENSG00000282097	0	0	0
ENSG00000261453	0	0	0
ENSG00000231020	0	0	0
ENSG00000270818	0	0	0
ENSG00000196878	6	0	6
ENSG00000133059	759	0	759
ENSG00000225561	1	0	1
ENSG00000224668	0	0	0
ENSG00000242529	0	0	0
ENSG00000074964	468	0	468
ENSG00000223847	0	0	0
ENSG00000277704	0	0	0
ENSG00000116918	420	14	419
ENSG00000274020	149	2	196
ENSG00000287445	2	0	2
ENSG00000259815	0	0	0
ENSG00000240963	0	0	0
ENSG00000226570	0	0	0
ENSG00000198929	3	0	3
ENSG00000272167	0	0	0
ENSG00000230628	0	0	0
ENSG00000162771	0	0	0
ENSG00000227579	0	0	0
ENSG00000176393	854	0	1308
ENSG00000174606	549	1	548
ENSG00000179914	5	0	5
ENSG00000235750	4294	7	4287
ENSG00000284376	0	0	0
ENSG00000121446	1	0	1
ENSG00000226758	2	0	2
ENSG00000230199	0	0	0
ENSG00000236905	1	0	1
ENSG00000233304	0	0	0
ENSG00000288007	2	0	4
ENSG00000227887	0	0	0
ENSG00000116903	781	0	925
ENSG00000228255	0	0	0
ENSG00000226196	0	0	0
ENSG00000287354	0	1	0
ENSG00000233827	0	0	0
ENSG00000198797	0	0	0
ENSG00000271746	1	0	1
ENSG00000234233	0	0	0
ENSG00000151414	1462	3	1459
ENSG00000177614	5	0	5
ENSG00000223794	0	0	0
ENSG00000235182	0	0	0
ENSG00000213041	0	0	0
ENSG00000287157	0	0	0
ENSG00000233920	0	0	0
ENSG00000183831	0	0	0
ENSG00000225755	0	0	0
ENSG00000143858	93	138	0
ENSG00000197472	0	0	0
ENSG00000230184	0	0	0
ENSG00000234004	0	0	0
ENSG00000232436	0	0	0
ENSG00000231718	0	0	0
ENSG00000283952	0	0	0
ENSG00000230019	0	0	0
ENSG00000136643	366	1	365
ENSG00000232537	0	0	0
ENSG00000226036	0	0	0
ENSG00000285521	0	0	0
ENSG00000236317	0	0	0
ENSG00000176855	0	0	0
ENSG00000227728	0	0	0
ENSG00000133069	173	1	172
ENSG00000162877	3	0	3
ENSG00000233461	53	0	53
ENSG00000225401	1	0	1
ENSG00000228190	0	0	0
ENSG00000135747	1	0	1
ENSG00000227237	0	0	0
ENSG00000069248	871	1	870
ENSG00000232812	0	0	0
ENSG00000231666	0	0	0
ENSG00000226986	1	0	1
ENSG00000242042	0	0	0
ENSG00000234464	0	0	0
ENSG00000253148	0	0	0
ENSG00000227751	0	258	0
ENSG00000090104	30	3	27
ENSG00000285280	28	496	17
ENSG00000232892	0	0	0
ENSG00000236950	0	0	0
ENSG00000236468	0	0	0
ENSG00000143322	451	1	450
ENSG00000185220	198	0	198
ENSG00000226003	1	0	1
ENSG00000230813	2	0	2
ENSG00000226862	13	0	15
ENSG00000236101	0	0	0
ENSG00000162769	398	1	397
ENSG00000133065	476	1	475
ENSG00000278684	0	0	0
ENSG00000236775	0	0	0
ENSG00000042781	0	0	0
ENSG00000234754	0	0	0
ENSG00000233084	7	0	7
ENSG00000227815	4	0	4
ENSG00000287046	1	0	1
ENSG00000223774	0	1	0
ENSG00000228863	22	2970	16
ENSG00000228646	0	0	0
ENSG00000229112	0	0	0
ENSG00000233332	1	1	0
ENSG00000231984	0	0	0
ENSG00000286213	0	0	0
ENSG00000226876	0	0	0
ENSG00000277462	57	0	57
ENSG00000225591	0	0	0
ENSG00000035687	854	3	851
ENSG00000213080	0	0	0
ENSG00000180287	0	0	0
ENSG00000226693	0	0	0
ENSG00000234678	56	510	0
ENSG00000231272	0	0	0
ENSG00000223828	0	0	0
ENSG00000163431	4	2	3
ENSG00000230124	354	0	432
ENSG00000226723	0	0	0
ENSG00000272672	0	0	0
ENSG00000143473	1	2	0
ENSG00000228982	0	0	0
ENSG00000235096	0	0	0
ENSG00000237250	0	0	0
ENSG00000007341	80	31	109
ENSG00000286747	0	0	0
ENSG00000236069	0	0	0
ENSG00000236244	0	0	0
ENSG00000272865	0	0	0
ENSG00000117222	778	1	777
ENSG00000143324	479	0	479
ENSG00000229871	0	0	0
ENSG00000225222	0	0	0
ENSG00000118193	12	0	12
ENSG00000234116	0	0	0
ENSG00000231940	2	0	2
ENSG00000198842	0	0	0
ENSG00000286619	68	0	68
ENSG00000198756	28	0	28
ENSG00000259823	6	6	0
ENSG00000271558	0	0	0
ENSG00000227554	0	0	0
ENSG00000178596	0	0	0
ENSG00000135749	397	20	431
ENSG00000143786	19	0	23
ENSG00000224584	0	0	0
ENSG00000054282	251	22	269
ENSG00000183780	16	0	16
ENSG00000229663	4	4	0
ENSG00000162702	980	1	979
ENSG00000251508	0	0	0
ENSG00000238272	0	0	0
ENSG00000228530	0	0	0
ENSG00000235060	0	0	0
ENSG00000143194	1	0	1
ENSG00000229531	0	0	0
ENSG00000271329	0	0	0
ENSG00000054267	2506	16	2490
ENSG00000261831	0	0	0
ENSG00000287921	0	0	0
ENSG00000177800	0	0	0
ENSG00000225620	0	0	0
ENSG00000232166	1	0	1
ENSG00000175137	1615	9	1606
ENSG00000134245	18	44	10
ENSG00000234041	0	0	0
ENSG00000227373	7	0	7
ENSG00000231905	0	0	0
ENSG00000228175	0	0	0
ENSG00000069275	2066	9	2057
ENSG00000143674	48	0	48
ENSG00000237317	0	0	0
ENSG00000187889	0	0	0
ENSG00000134375	400	2	398
ENSG00000097046	129	0	129
ENSG00000232113	0	0	0
ENSG00000282718	0	0	0
ENSG00000231378	0	0	0
ENSG00000235605	0	0	0
ENSG00000223525	0	0	0
ENSG00000224857	0	0	0
ENSG00000273367	1	0	1
ENSG00000230604	1	1	0
ENSG00000231605	0	0	0
ENSG00000236358	4	0	4
ENSG00000203737	2	0	2
ENSG00000238003	0	0	0
ENSG00000215873	0	0	0
ENSG00000287008	0	0	0
ENSG00000185420	97	0	97
ENSG00000076321	343	1	342
ENSG00000272175	0	1	3
ENSG00000231564	0	0	0
ENSG00000135778	199	42	211
ENSG00000213070	0	0	0
ENSG00000282265	0	0	0
ENSG00000250536	1	0	1
ENSG00000229747	0	0	0
ENSG00000117280	1291	1	1290
ENSG00000233985	0	0	0
ENSG00000232175	0	0	0
ENSG00000287423	0	0	0
ENSG00000286774	0	0	0
ENSG00000236719	0	0	0
ENSG00000136636	88	0	88
ENSG00000225486	0	0	0
ENSG00000227043	0	0	0
ENSG00000163874	576	0	576
ENSG00000285777	0	0	0
ENSG00000237249	0	0	0
ENSG00000286109	0	0	0
ENSG00000213068	0	0	0
ENSG00000054392	36	0	37
ENSG00000227994	0	0	0
ENSG00000286552	0	0	0
ENSG00000225711	0	0	0
ENSG00000122223	649	16	633
ENSG00000235869	0	0	0
ENSG00000188739	11	0	11
ENSG00000286666	0	0	0
ENSG00000135750	0	0	0
ENSG00000273198	0	0	0
ENSG00000203730	2	2	0
ENSG00000225719	0	0	0
ENSG00000273483	0	0	0
ENSG00000287987	0	0	0
ENSG00000203729	2	0	2
ENSG00000232809	0	0	0
ENSG00000284623	0	0	0
ENSG00000285981	0	0	0
ENSG00000261729	0	0	0
ENSG00000223869	0	0	0
ENSG00000229228	1	1	0
ENSG00000215796	0	0	0
ENSG00000185221	0	0	0
ENSG00000233047	0	0	0
ENSG00000143341	2	0	2
ENSG00000228309	0	0	0
ENSG00000229739	11	0	11
ENSG00000116703	2	2	0
ENSG00000273874	0	0	0
ENSG00000278791	0	3	0
ENSG00000278757	0	0	0
ENSG00000264341	0	0	0
ENSG00000264101	0	0	0
ENSG00000265141	0	0	0
ENSG00000221083	0	0	0
ENSG00000252404	0	0	0
ENSG00000222511	0	0	0
ENSG00000265392	0	0	0
ENSG00000243267	1	0	1
ENSG00000201725	1	0	1
ENSG00000274258	0	0	0
ENSG00000239149	1	0	1
ENSG00000252151	0	0	0
ENSG00000252969	0	0	0
ENSG00000252417	0	0	0
ENSG00000200975	0	0	0
ENSG00000201609	0	0	0
ENSG00000238482	0	0	0
ENSG00000252956	0	0	0
ENSG00000265606	0	0	0
ENSG00000284357	0	0	0
ENSG00000278034	0	0	0
ENSG00000207237	0	0	0
ENSG00000222784	0	0	0
ENSG00000266210	0	0	0
ENSG00000265961	0	0	0
ENSG00000251866	0	0	0
ENSG00000252691	0	0	0
ENSG00000264371	0	0	0
ENSG00000253005	6	0	6
ENSG00000238316	0	0	0
ENSG00000207941	0	0	0
ENSG00000264773	1	0	1
ENSG00000252448	0	0	0
ENSG00000200421	0	0	0
ENSG00000222282	2	2	0
ENSG00000199963	0	0	0
ENSG00000264698	0	0	0
ENSG00000207328	0	0	0
ENSG00000207466	0	0	0
ENSG00000252368	0	0	0
ENSG00000206779	0	0	0
ENSG00000265596	0	0	0
ENSG00000212541	1	1	0
ENSG00000200796	0	0	0
ENSG00000252190	0	0	0
ENSG00000264613	0	0	0
ENSG00000199240	0	0	0
ENSG00000277168	0	0	0
ENSG00000283724	0	0	0
ENSG00000284410	0	0	0
ENSG00000252018	0	0	0
ENSG00000206627	0	0	0
ENSG00000283414	0	0	0
ENSG00000207508	0	0	0
ENSG00000200171	0	0	0
ENSG00000207194	0	0	0
ENSG00000283477	0	0	0
ENSG00000264834	0	0	0
ENSG00000263675	9	0	9
ENSG00000266188	0	0	0
ENSG00000206981	0	0	0
ENSG00000200174	0	0	0
ENSG00000265822	0	0	0
ENSG00000265815	0	0	0
ENSG00000238653	0	0	0
ENSG00000212624	0	0	0
ENSG00000200575	0	0	0
ENSG00000212360	0	0	0
ENSG00000242860	0	0	0
ENSG00000263908	0	0	0
ENSG00000283690	0	0	0
ENSG00000199921	0	0	0
ENSG00000251825	0	0	0
ENSG00000201153	0	0	0
ENSG00000222624	0	0	0
ENSG00000223152	0	0	0
ENSG00000212308	0	0	0
ENSG00000279049	0	19	0
ENSG00000276081	0	0	0
ENSG00000239640	0	0	0
ENSG00000252338	0	0	0
ENSG00000251785	0	0	0
ENSG00000239319	0	0	0
ENSG00000222849	0	0	0
ENSG00000283749	0	0	0
ENSG00000251958	0	0	0
ENSG00000251767	0	0	0
ENSG00000243437	0	0	0
ENSG00000202263	0	0	0
ENSG00000199318	0	0	0
ENSG00000199666	0	0	0
ENSG00000200601	0	0	0
ENSG00000242482	0	0	0
ENSG00000212366	0	0	0
ENSG00000201620	0	0	0
ENSG00000206817	0	0	0
ENSG00000284247	0	0	0
ENSG00000200839	0	0	0
ENSG00000264963	0	0	0
ENSG00000264271	0	0	0
ENSG00000239504	0	0	0
ENSG00000284202	0	0	0
ENSG00000251720	1	1	0
ENSG00000274321	0	0	0
ENSG00000198974	0	0	0
ENSG00000212248	0	0	0
ENSG00000207962	3	0	3
ENSG00000276884	0	0	0
ENSG00000207234	4	0	4
ENSG00000202259	0	0	0
ENSG00000212459	0	0	0
ENSG00000278287	0	0	0
ENSG00000277565	0	0	0
ENSG00000263526	0	0	0
ENSG00000211575	0	0	0
ENSG00000275823	0	0	0
ENSG00000277689	0	0	0
ENSG00000274199	0	0	0
ENSG00000202254	0	0	0
ENSG00000244256	2	0	2
ENSG00000201491	0	0	0
ENSG00000199831	0	0	0
ENSG00000275455	0	0	0
ENSG00000252162	0	0	0
ENSG00000272051	0	0	0
ENSG00000283899	0	0	0
ENSG00000200800	0	0	0
ENSG00000207502	0	0	0
ENSG00000252530	0	0	0
ENSG00000200536	1	1	0
ENSG00000211543	0	0	0
ENSG00000252797	2	2	0
ENSG00000212266	0	0	0
ENSG00000222209	0	0	0
ENSG00000277141	0	0	0
ENSG00000215930	0	0	0
ENSG00000238761	0	0	0
ENSG00000201114	0	0	0
ENSG00000206679	0	0	0
ENSG00000264419	0	0	0
ENSG00000222069	0	0	0
ENSG00000274428	0	0	0
ENSG00000199879	1	0	1
ENSG00000274408	0	0	0
ENSG00000283676	0	0	0
ENSG00000252005	0	0	0
ENSG00000252510	0	0	0
ENSG00000207340	1	0	1
ENSG00000252830	0	0	0
ENSG00000274450	0	0	0
ENSG00000252135	0	0	0
ENSG00000278596	0	0	0
ENSG00000238825	0	0	0
ENSG00000201183	4	3	1
ENSG00000202408	0	0	0
ENSG00000252744	0	0	0
ENSG00000273768	0	0	0
ENSG00000242565	0	0	0
ENSG00000239984	0	0	0
ENSG00000283296	0	0	0
ENSG00000252717	0	0	0
ENSG00000194297	0	0	0
ENSG00000199565	0	0	0
ENSG00000277313	0	0	0
ENSG00000274940	0	0	0
ENSG00000207341	0	0	0
ENSG00000207472	0	0	0
ENSG00000206880	0	0	0
ENSG00000252552	1	1	0
ENSG00000199849	0	0	0
ENSG00000252407	0	0	0
ENSG00000212538	0	0	0
ENSG00000251813	0	0	0
ENSG00000207108	0	0	0
ENSG00000201312	0	0	0
ENSG00000207039	0	0	0
ENSG00000202491	0	0	0
ENSG00000201596	0	0	0
ENSG00000276839	0	0	0
ENSG00000207974	0	0	0
ENSG00000273629	0	0	0
ENSG00000201493	0	0	0
ENSG00000215952	0	0	0
ENSG00000200139	0	0	0
ENSG00000283575	0	0	0
ENSG00000238765	0	0	0
ENSG00000264916	0	0	0
ENSG00000212338	0	0	0
ENSG00000206659	0	0	0
ENSG00000253025	0	0	0
ENSG00000201619	0	0	0
ENSG00000201544	3	0	3
ENSG00000202498	0	0	0
ENSG00000221545	0	0	0
ENSG00000252906	0	0	0
ENSG00000206692	0	0	0
ENSG00000202329	0	0	0
ENSG00000242794	0	0	0
ENSG00000212144	0	0	0
ENSG00000283340	0	0	0
ENSG00000252860	0	0	0
ENSG00000252501	0	0	0
ENSG00000263390	0	0	0
ENSG00000207181	1	0	1
ENSG00000265744	0	0	0
ENSG00000264377	0	0	0
ENSG00000207149	0	0	0
ENSG00000283936	0	0	0
ENSG00000284485	0	0	0
ENSG00000201638	0	0	0
ENSG00000275213	0	0	0
ENSG00000239494	1	1	0
ENSG00000212230	0	0	0
ENSG00000252371	0	0	0
ENSG00000199442	0	0	0
ENSG00000200033	1	0	1
ENSG00000239690	0	0	0
ENSG00000202184	0	0	0
ENSG00000241395	1	0	1
ENSG00000200982	0	0	0
ENSG00000275207	0	0	0
ENSG00000202300	0	0	0
ENSG00000222407	0	0	0
ENSG00000222986	0	0	0
ENSG00000265435	0	0	0
ENSG00000272262	0	0	0
ENSG00000200495	0	0	0
ENSG00000202609	0	0	0
ENSG00000252553	0	0	0
ENSG00000206764	0	0	0
ENSG00000222240	0	0	0
ENSG00000212187	0	0	0
ENSG00000206637	0	0	0
ENSG00000253097	0	0	0
ENSG00000200036	0	0	0
ENSG00000201421	0	0	0
ENSG00000212610	0	0	0
ENSG00000252484	0	0	0
ENSG00000201944	0	0	0
ENSG00000200327	0	0	0
ENSG00000206905	0	0	0
ENSG00000200972	0	0	0
ENSG00000243051	0	0	0
ENSG00000252011	0	0	0
ENSG00000207326	0	0	0
ENSG00000212205	2	2	0
ENSG00000253042	0	0	0
ENSG00000274121	0	0	0
ENSG00000264358	0	0	0
ENSG00000206640	0	0	0
ENSG00000212527	0	0	0
ENSG00000252879	0	0	0
ENSG00000252612	2	0	2
ENSG00000202264	0	0	0
ENSG00000285609	0	0	0
ENSG00000206762	0	0	0
ENSG00000252084	0	0	0
ENSG00000200085	0	0	0
ENSG00000264500	8	8	0
ENSG00000202025	0	0	0
ENSG00000225545	0	0	0
ENSG00000206990	0	0	0
ENSG00000230175	1	1	0
ENSG00000225272	0	0	0
ENSG00000215838	1	0	1
ENSG00000273365	0	0	0
ENSG00000224358	3	0	3
ENSG00000230659	0	0	0
ENSG00000162545	33	0	33
ENSG00000090432	437	0	437
ENSG00000215520	0	0	0
ENSG00000183114	0	0	0
ENSG00000158825	1081	0	1081
ENSG00000158828	338	80	1353
ENSG00000284005	0	0	0
ENSG00000117242	52	1037	110
ENSG00000234473	2	0	2
ENSG00000238754	0	0	0
ENSG00000134371	654	3	651
ENSG00000221680	0	0	0
ENSG00000162630	43	0	43
ENSG00000276735	0	0	0
ENSG00000232077	0	0	0
ENSG00000229639	0	0	0
ENSG00000287453	0	0	0
ENSG00000270615	0	0	0
ENSG00000287283	0	0	0
ENSG00000240692	0	0	0
ENSG00000229359	0	0	0
ENSG00000237919	0	1	0
ENSG00000066557	196	0	196
ENSG00000244389	0	0	0
ENSG00000228988	0	0	0
ENSG00000118454	357	2	355
ENSG00000226088	1	1	0
ENSG00000116761	17	0	17
ENSG00000278636	0	0	0
ENSG00000271992	2	0	2
ENSG00000233020	0	0	0
ENSG00000237033	0	0	0
ENSG00000226208	0	0	0
ENSG00000007968	195	0	195
ENSG00000235052	3	0	3
ENSG00000117318	424	0	424
ENSG00000285802	6	0	6
ENSG00000229239	1	0	1
ENSG00000142676	20035	120	19915
ENSG00000057757	584	0	584
ENSG00000011009	969	1	969
ENSG00000117308	96	0	96
ENSG00000273844	0	0	0
ENSG00000235748	0	0	0
ENSG00000237861	2	0	2
ENSG00000221879	0	0	0
ENSG00000230260	0	1	0
ENSG00000199241	0	0	0
ENSG00000226919	0	4	0
ENSG00000223963	0	0	0
ENSG00000215802	0	0	0
ENSG00000233615	0	0	0
ENSG00000238085	0	0	0
ENSG00000265831	0	0	0
ENSG00000224348	0	0	0
ENSG00000286496	0	0	0
ENSG00000287516	0	0	0
ENSG00000287738	0	0	0
ENSG00000132703	0	0	0
ENSG00000276632	0	0	0
ENSG00000223603	0	0	0
ENSG00000132693	0	0	0
ENSG00000235226	0	0	0
ENSG00000158716	141	0	141
ENSG00000181036	163	5	158
ENSG00000158714	23	30	56
ENSG00000212161	0	0	0
ENSG00000243284	1	0	1
ENSG00000272668	61	43	21
ENSG00000213085	116	1	115
ENSG00000266458	1	0	1
ENSG00000287040	0	0	0
ENSG00000279430	4	0	4
ENSG00000162723	0	0	0
ENSG00000273933	0	0	0
ENSG00000256029	3	16	10
ENSG00000188004	0	0	0
ENSG00000266580	0	0	0
ENSG00000254545	0	26	0
ENSG00000203620	0	0	0
ENSG00000269967	2	1	1
ENSG00000228634	1	1	0
ENSG00000284702	0	0	0
ENSG00000221040	0	0	0
ENSG00000287217	1	0	1
ENSG00000163399	2448	30	6236
ENSG00000212385	0	0	0
ENSG00000233154	10	0	10
ENSG00000230381	1	0	1
ENSG00000200547	0	0	0
ENSG00000224950	65	0	81
ENSG00000286276	9	25	0
ENSG00000177888	264	0	264
ENSG00000243364	101	0	101
ENSG00000251246	0	0	0
ENSG00000143590	9	0	9
ENSG00000202027	0	0	0
ENSG00000169242	63	0	63
ENSG00000169241	390	4	386
ENSG00000223452	0	0	0
ENSG00000163463	96	0	96
ENSG00000273088	0	0	0
ENSG00000284586	0	0	0
ENSG00000169231	288	4	571
ENSG00000236263	0	117	71
ENSG00000236675	43	43	1
ENSG00000177628	1048	2	1046
ENSG00000116521	739	0	739
ENSG00000176444	1323	2	1321
ENSG00000143630	35	0	39
ENSG00000143627	0	4	0
ENSG00000253074	0	0	0
ENSG00000252116	0	0	0
ENSG00000228523	0	0	0
ENSG00000223263	1	1	0
ENSG00000207504	0	0	0
ENSG00000238139	0	0	0
ENSG00000197721	3	0	3
ENSG00000244703	0	0	0
ENSG00000226289	0	0	0
ENSG00000285239	0	0	0
ENSG00000234219	2	2	0
ENSG00000174059	7	0	7
ENSG00000285719	0	0	0
ENSG00000284237	1	0	1
ENSG00000158731	0	0	0
ENSG00000201746	1	0	1
ENSG00000264881	0	0	0
ENSG00000199562	0	0	0
ENSG00000264501	0	0	0
ENSG00000284735	2	2	0
ENSG00000284642	7	4	3
ENSG00000142657	5493	11	5482
ENSG00000271989	0	1	0
ENSG00000251503	0	0	0
ENSG00000175279	3	0	3
ENSG00000160049	435	1	528
ENSG00000203469	0	57	0
ENSG00000236035	0	0	0
ENSG00000221643	3	0	3
ENSG00000122188	496	0	496
ENSG00000288644	0	0	0
ENSG00000227417	0	0	0
ENSG00000223505	0	0	0
ENSG00000182004	439	0	439
ENSG00000236430	0	0	0
ENSG00000130768	14	1	22
ENSG00000227050	0	17	0
ENSG00000238231	2	2	0
ENSG00000240750	0	0	0
ENSG00000158156	1258	1	1266
ENSG00000182118	36	0	36
ENSG00000283799	0	0	0
ENSG00000227934	2	2	0
ENSG00000229595	0	0	0
ENSG00000143633	222	0	222
ENSG00000281912	4	0	4
ENSG00000288208	0	0	0
ENSG00000132773	191	39	222
ENSG00000070759	216	12	223
ENSG00000236872	0	0	0
ENSG00000280670	176	0	176
ENSG00000132763	73	490	80
ENSG00000221953	0	0	0
ENSG00000226164	0	0	0
ENSG00000224014	2	0	2
ENSG00000215795	2	2	0
ENSG00000259865	95	0	95
ENSG00000227671	1322	1	1321
ENSG00000283881	0	0	0
ENSG00000252516	7	0	7
ENSG00000232347	0	0	0
ENSG00000214144	0	0	0
ENSG00000235818	0	0	0
ENSG00000197617	0	0	0
ENSG00000202079	0	0	0
ENSG00000286216	0	0	0
ENSG00000203664	0	0	0
ENSG00000169224	50	0	50
ENSG00000236817	0	0	0
ENSG00000177489	0	0	0
ENSG00000177476	1	0	1
ENSG00000283369	0	0	0
ENSG00000230411	0	0	0
ENSG00000251977	0	0	0
ENSG00000252254	0	0	0
ENSG00000227854	0	0	0
ENSG00000287589	0	0	0
ENSG00000259776	0	0	0
ENSG00000233355	524	3	529
ENSG00000234601	0	0	0
ENSG00000231979	0	0	0
ENSG00000215805	0	0	0
ENSG00000287102	0	0	0
ENSG00000217327	0	0	0
ENSG00000228818	0	0	0
ENSG00000202041	0	0	0
ENSG00000223694	0	0	0
ENSG00000233735	0	0	0
ENSG00000133019	1	8	1
ENSG00000162636	475	2	473
ENSG00000162639	356	1	355
ENSG00000285923	2	0	2
ENSG00000134186	2425	36	2389
ENSG00000143107	1	0	1
ENSG00000232971	0	0	0
ENSG00000116266	1339	8	1331
ENSG00000228076	0	0	0
ENSG00000203897	0	0	0
ENSG00000237349	0	0	0
ENSG00000244716	21	0	21
ENSG00000228665	0	0	0
ENSG00000228054	0	0	0
ENSG00000273382	6	102	5
ENSG00000215717	1421	1	1521
ENSG00000278249	0	0	0
ENSG00000270066	0	0	0
ENSG00000251484	0	0	0
ENSG00000132676	1514	103	1515
ENSG00000227673	0	0	0
ENSG00000203761	145	57	121
ENSG00000234937	0	0	0
ENSG00000132718	464	1	463
ENSG00000283442	0	0	0
ENSG00000143622	1327	1	1326
ENSG00000132680	1178	0	1178
ENSG00000207475	0	0	0
ENSG00000280466	0	0	0
ENSG00000281394	0	0	0
ENSG00000277817	2	0	2
ENSG00000273002	66	0	69
ENSG00000224276	2	3	0
ENSG00000285677	0	1188	0
ENSG00000163479	2354	4	3538
ENSG00000160803	528	2	526
ENSG00000132698	15	0	15
ENSG00000252236	0	0	0
ENSG00000260238	0	0	0
ENSG00000242252	1	0	1
ENSG00000198952	1675	4	1671
ENSG00000163472	159	114	181
ENSG00000163468	1847	2	1845
ENSG00000132677	0	0	0
ENSG00000237390	0	0	0
ENSG00000207933	0	0	0
ENSG00000254726	1	0	1
ENSG00000186377	0	0	0
ENSG00000186160	0	0	0
ENSG00000225154	0	0	0
ENSG00000225506	2	0	2
ENSG00000225514	0	0	0
ENSG00000224805	14	0	16
ENSG00000162366	160	0	160
ENSG00000226252	7	40	0
ENSG00000225762	3	3	0
ENSG00000186790	0	0	0
ENSG00000237424	48	0	48
ENSG00000189030	0	0	0
ENSG00000162763	0	0	0
ENSG00000143061	3	0	3
ENSG00000135821	10330	25	10305
ENSG00000203740	0	0	0
ENSG00000162374	1	0	1
ENSG00000168275	98	7	147
ENSG00000241563	1	1	0
ENSG00000153207	2776	5	2771
ENSG00000156869	59	0	59
ENSG00000033122	24	12	13
ENSG00000143278	0	0	0
ENSG00000116678	69	0	69
ENSG00000159352	1843	7	1836
ENSG00000158710	19474	10	19464
ENSG00000162734	1075	12	1127
ENSG00000049239	1579	1	1578
ENSG00000186564	6	0	6
ENSG00000244038	2260	3	2257
ENSG00000158747	48	0	48
ENSG00000116690	16	246	12
ENSG00000126091	28	0	28
ENSG00000162383	4	0	4
ENSG00000171163	699	2	697
ENSG00000172456	59	1	58
ENSG00000162946	466	0	466
ENSG00000158786	0	0	0
ENSG00000118733	0	0	0
ENSG00000157870	263	4	341
ENSG00000179085	95	0	95
ENSG00000173080	1	1	0
ENSG00000183347	38	0	38
ENSG00000276470	0	0	0
ENSG00000278852	0	0	0
ENSG00000275915	0	0	0
ENSG00000120937	0	0	0
ENSG00000224904	0	0	0
ENSG00000285646	4	3	1
ENSG00000199347	0	0	0
ENSG00000201801	0	0	0
ENSG00000116685	1051	0	1051
ENSG00000083444	760	1	759
ENSG00000287384	1	1	0
ENSG00000270914	0	0	0
ENSG00000116691	556	0	556
ENSG00000202461	4	4	0
ENSG00000276869	0	0	0
ENSG00000243539	0	0	0
ENSG00000120949	237	0	237
ENSG00000201135	0	0	0
ENSG00000227875	0	0	0
ENSG00000285604	0	0	0
ENSG00000283789	0	0	0
ENSG00000263676	0	0	0
ENSG00000200591	0	0	0
ENSG00000162521	1698	2	2433
ENSG00000162520	0	736	1
ENSG00000224409	0	0	0
ENSG00000162522	68	2	66
ENSG00000116497	605	1	612
ENSG00000160097	4	4	0
ENSG00000121905	0	0	0
ENSG00000121900	0	0	0
ENSG00000287691	27	32	0
ENSG00000278966	5	5	0
ENSG00000143222	716	0	928
ENSG00000224985	1	213	0
ENSG00000143224	286	71	288
ENSG00000158850	722	5	788
ENSG00000158859	22	0	22
ENSG00000158869	3252	1	3251
ENSG00000158874	18	18	0
ENSG00000158882	125	0	193
ENSG00000284035	0	0	0
ENSG00000143257	6	74	0
ENSG00000248485	23	23	0
ENSG00000188931	60	76	1
ENSG00000236484	1	1	0
ENSG00000283696	29	0	29
ENSG00000288093	4	0	4
ENSG00000206921	0	0	0
ENSG00000215840	2	0	2
ENSG00000277882	0	0	0
ENSG00000283317	6	5	1
ENSG00000277762	0	0	0
ENSG00000227139	0	0	0
ENSG00000265107	0	0	0
ENSG00000274415	0	0	0
ENSG00000234190	0	0	0
ENSG00000223728	0	0	0
ENSG00000121634	0	0	0
ENSG00000188092	102	1	101
ENSG00000215859	12	15	0
ENSG00000273059	0	0	3
ENSG00000274372	2	0	2
ENSG00000206791	0	0	0
ENSG00000206585	0	0	0
ENSG00000229828	0	0	0
ENSG00000225080	3	3	0
ENSG00000198658	1	0	1
ENSG00000238382	0	0	0
ENSG00000225919	0	0	0
ENSG00000236497	0	0	0
ENSG00000207190	0	0	0
ENSG00000200508	0	0	0
ENSG00000284928	0	0	0
ENSG00000223949	0	0	0
ENSG00000116688	1620	2	1618
ENSG00000188800	0	0	0
ENSG00000084073	636	0	638
ENSG00000231296	0	2	0
ENSG00000049089	246	2	244
ENSG00000227311	0	0	0
ENSG00000213172	0	0	0
ENSG00000284677	2	2	0
ENSG00000187801	34	0	34
ENSG00000260920	36	0	36
ENSG00000158887	124	0	124
ENSG00000255054	0	0	0
ENSG00000228172	5	225	13
ENSG00000117640	469	6	651
ENSG00000272478	0	0	0
ENSG00000127423	11	11	6
ENSG00000182749	100	11	144
ENSG00000207302	0	0	0
ENSG00000117632	511	0	511
ENSG00000229786	0	0	0
ENSG00000223624	0	0	0
ENSG00000283938	0	0	0
ENSG00000199385	0	0	0
ENSG00000187147	894	13	1292
ENSG00000263381	0	0	0
ENSG00000126106	36	405	42
ENSG00000198520	459	7	452
ENSG00000199377	0	0	0
ENSG00000200169	0	0	0
ENSG00000142945	30	4	29
ENSG00000142937	13427	29	15149
ENSG00000264294	0	0	0
ENSG00000200913	3	0	3
ENSG00000202031	0	0	0
ENSG00000207421	0	0	0
ENSG00000281859	0	0	0
ENSG00000234093	0	0	0
ENSG00000142959	8	0	8
ENSG00000173846	514	4	545
ENSG00000117425	23	1	22
ENSG00000202444	0	0	0
ENSG00000226499	1	0	1
ENSG00000070785	158	0	158
ENSG00000253039	0	0	0
ENSG00000229815	0	0	0
ENSG00000232369	0	0	0
ENSG00000268949	0	0	0
ENSG00000126107	741	0	744
ENSG00000126088	406	4	405
ENSG00000234315	0	0	0
ENSG00000162408	468	0	468
ENSG00000229519	3	3	0
ENSG00000173662	2	2	0
ENSG00000204859	688	13	675
ENSG00000288629	0	0	0
ENSG00000230735	1	15	1
ENSG00000171488	1295	2	1293
ENSG00000226394	0	0	0
ENSG00000237200	3	0	3
ENSG00000070886	0	0	0
ENSG00000276835	0	0	0
ENSG00000265422	0	0	0
ENSG00000223776	2	75	6
ENSG00000273058	23	3	20
ENSG00000230325	10	31	6
ENSG00000119285	865	721	1011
ENSG00000226498	0	0	0
ENSG00000237991	0	0	0
ENSG00000244020	0	0	0
ENSG00000288099	0	0	0
ENSG00000225886	12	15	0
ENSG00000206767	0	0	0
ENSG00000226662	0	0	0
ENSG00000207095	0	0	0
ENSG00000287244	0	0	0
ENSG00000231344	2	0	2
ENSG00000230833	0	0	0
ENSG00000117758	644	2	642
ENSG00000269971	0	0	0
ENSG00000270031	2	0	2
ENSG00000223062	0	0	0
ENSG00000286433	0	53	0
ENSG00000117751	788	9	832
ENSG00000252947	0	0	0
ENSG00000130775	7057	13	7052
ENSG00000117748	1307	85	1230
ENSG00000223643	0	0	0
ENSG00000230239	0	0	0
ENSG00000263811	0	0	0
ENSG00000277234	0	0	0
ENSG00000235241	0	41	0
ENSG00000207005	0	0	0
ENSG00000272426	2	1	1
ENSG00000117122	2	1	1
ENSG00000286898	0	0	0
ENSG00000226526	0	62	0
ENSG00000159363	628	0	666
ENSG00000117118	780	1	779
ENSG00000117115	4724	7	4717
ENSG00000204362	0	0	0
ENSG00000282843	0	0	0
ENSG00000142623	0	0	0
ENSG00000142619	0	0	0
ENSG00000266634	0	0	0
ENSG00000199459	0	0	0
ENSG00000273264	0	0	0
ENSG00000282057	0	0	0
ENSG00000272691	0	0	0
ENSG00000199934	0	0	0
ENSG00000230285	0	0	0
ENSG00000142871	5	5	0
ENSG00000226643	0	0	0
ENSG00000234419	0	0	0
ENSG00000276997	12	0	12
ENSG00000222399	0	0	0
ENSG00000267305	0	0	0
ENSG00000143512	2	0	2
ENSG00000143498	89	0	99
ENSG00000225265	7	10	7
ENSG00000154305	1715	36	2018
ENSG00000229399	1	1	0
ENSG00000272750	18	342	13
ENSG00000186063	591	28	584
ENSG00000162819	868	1	887
ENSG00000287684	4	12	1
ENSG00000234523	0	0	0
ENSG00000287338	5	0	5
ENSG00000187554	789	63	726
ENSG00000236846	2	0	2
ENSG00000226601	0	0	0
ENSG00000164010	205	14	324
ENSG00000164011	158	0	158
ENSG00000233708	0	0	0
ENSG00000237090	0	0	0
ENSG00000225099	0	0	0
ENSG00000284138	0	0	0
ENSG00000283973	0	2	1
ENSG00000207256	0	0	0
ENSG00000283136	0	0	0
ENSG00000277513	0	0	0
ENSG00000154309	91	1	90
ENSG00000226967	0	0	0
ENSG00000231407	0	1	0
ENSG00000229570	0	0	0
ENSG00000203857	0	0	0
ENSG00000226443	1	0	1
ENSG00000249798	0	0	0
ENSG00000239873	0	0	0
ENSG00000203855	1	1	0
ENSG00000240244	0	0	0
ENSG00000260941	1	0	1
ENSG00000198857	7	6	1
ENSG00000143067	70	0	70
ENSG00000134240	0	0	0
ENSG00000134193	27	0	27
ENSG00000215864	0	0	0
ENSG00000227205	0	0	0
ENSG00000226446	0	0	0
ENSG00000134249	0	0	0
ENSG00000092621	137	0	137
ENSG00000027644	2	0	2
ENSG00000241992	0	0	0
ENSG00000234226	0	0	0
ENSG00000137970	36	0	36
ENSG00000223229	0	0	0
ENSG00000285698	0	0	0
ENSG00000228035	0	0	0
ENSG00000287103	0	0	0
ENSG00000226973	0	0	0
ENSG00000274468	0	0	0
ENSG00000130764	626	15	732
ENSG00000266075	2	2	0
ENSG00000272153	21	140	2
ENSG00000230026	0	0	0
ENSG00000285177	0	1	0
ENSG00000284770	12	70	12
ENSG00000229795	0	0	0
ENSG00000238236	0	0	0
ENSG00000235638	0	0	0
ENSG00000231199	0	0	0
ENSG00000226663	0	0	0
ENSG00000231582	0	0	0
ENSG00000232714	0	0	0
ENSG00000235761	0	0	0
ENSG00000270710	0	0	0
ENSG00000227236	0	0	0
ENSG00000198837	4949	8	5225
ENSG00000160741	2023	0	2023
ENSG00000276584	0	0	0
ENSG00000282386	6	1	6
ENSG00000273026	5	1	4
ENSG00000143578	52	14	71
ENSG00000143543	135	4	149
ENSG00000285641	0	4	3
ENSG00000143545	9	1	8
ENSG00000177954	24968	9	24959
ENSG00000231416	1	0	1
ENSG00000200220	0	0	0
ENSG00000231837	0	0	0
ENSG00000263987	0	0	0
ENSG00000162642	366	0	366
ENSG00000223254	2	2	0
ENSG00000223653	0	54	0
ENSG00000116198	598	6	595
ENSG00000169598	230	0	233
ENSG00000226653	0	0	0
ENSG00000207209	0	0	0
ENSG00000272443	0	0	0
ENSG00000272480	0	0	0
ENSG00000288626	0	0	0
ENSG00000162836	203	3	200
ENSG00000207080	0	0	0
ENSG00000231791	0	0	0
ENSG00000244568	0	0	0
ENSG00000271387	0	0	0
ENSG00000116667	66	1	65
ENSG00000230470	0	0	0
ENSG00000232036	0	0	0
ENSG00000285847	0	0	0
ENSG00000286378	0	0	0
ENSG00000215381	0	0	0
ENSG00000261326	102	0	102
ENSG00000284726	3	3	0
ENSG00000125945	230	6	230
ENSG00000201405	0	0	0
ENSG00000271420	4	0	4
ENSG00000204219	206	0	206
ENSG00000232482	0	0	0
ENSG00000285779	0	0	0
ENSG00000162885	159	45	264
ENSG00000270780	0	0	0
ENSG00000232895	0	0	0
ENSG00000273698	0	0	0
ENSG00000273112	23	1	22
ENSG00000173110	3551	13	3538
ENSG00000224203	3	7	0
ENSG00000224515	1	1	0
ENSG00000225217	493	0	493
ENSG00000231586	0	1	0
ENSG00000234211	5	65	0
ENSG00000213075	4	4	0
ENSG00000143125	0	0	1
ENSG00000270380	0	1	0
ENSG00000282887	0	0	0
ENSG00000283999	0	0	0
ENSG00000240194	0	0	0
ENSG00000235407	0	0	0
ENSG00000143105	0	0	0
ENSG00000199710	0	0	0
ENSG00000237415	0	0	0
ENSG00000232791	0	0	0
ENSG00000177301	51	1	50
ENSG00000226828	2	4	0
ENSG00000279774	0	0	0
ENSG00000229960	0	0	0
ENSG00000286486	0	0	0
ENSG00000244066	0	0	0
ENSG00000237759	0	0	0
ENSG00000287531	0	0	0
ENSG00000225855	88	569	18
ENSG00000283701	0	0	0
ENSG00000207134	1	0	1
ENSG00000227773	0	0	0
ENSG00000207144	0	0	0
ENSG00000237872	1	1	0
ENSG00000271267	7	7	0
ENSG00000225082	0	0	0
ENSG00000223503	1	1	0
ENSG00000232519	1	1	0
ENSG00000160752	401	7	882
ENSG00000121957	75	185	124
ENSG00000235089	0	0	0
ENSG00000285179	0	0	0
ENSG00000223026	0	0	0
ENSG00000225721	2	1748	8
ENSG00000188396	14	49	1
ENSG00000202167	0	0	0
ENSG00000207349	0	0	0
ENSG00000252826	0	0	0
ENSG00000206737	0	0	0
ENSG00000223779	0	0	0
ENSG00000242352	3	0	3
ENSG00000270962	0	0	0
ENSG00000263590	0	0	0
ENSG00000252105	0	0	0
ENSG00000233430	0	0	0
ENSG00000237503	0	0	0
ENSG00000265531	61	0	69
ENSG00000234571	13	20	1
ENSG00000230186	0	1	0
ENSG00000268074	0	0	0
ENSG00000270872	1	0	1
ENSG00000276674	0	0	0
ENSG00000082482	0	0	0
ENSG00000116747	555	16	609
ENSG00000118729	0	0	0
ENSG00000134207	3	0	3
ENSG00000163467	3	3	0
ENSG00000243710	3	2	2
ENSG00000117395	321	0	322
ENSG00000116874	103	9	111
ENSG00000065600	179	3	176
ENSG00000009780	174	0	174
ENSG00000023572	143	69	127
ENSG00000077254	1450	1	1449
ENSG00000134644	1743	2	1741
ENSG00000215788	876	1	944
ENSG00000117834	29	12	20
ENSG00000117625	784	4	780
ENSG00000179902	1	0	1
ENSG00000020633	1978	6	1972
ENSG00000121766	259	1	389
ENSG00000143157	1116	3	1113
ENSG00000162614	75	0	82
ENSG00000160781	60	1	59
ENSG00000143344	89	0	89
ENSG00000162613	2017	6	2013
ENSG00000116882	0	0	0
ENSG00000198758	0	0	0
ENSG00000117569	214	1	213
ENSG00000142856	139	70	127
ENSG00000158022	0	0	0
ENSG00000116396	141	2	139
ENSG00000058668	3714	7	3707
ENSG00000163875	811	1	810
ENSG00000282872	0	0	0
ENSG00000131238	6120	9	6113
ENSG00000171680	58	0	58
ENSG00000244457	0	0	0
ENSG00000116977	1545	240	2425
ENSG00000229372	0	188	0
ENSG00000274975	0	0	0
ENSG00000229348	0	0	0
ENSG00000242485	425	23	498
ENSG00000264293	0	0	0
ENSG00000272455	37	0	37
ENSG00000225905	0	0	0
ENSG00000225285	0	0	0
ENSG00000179403	0	0	0
ENSG00000215915	5	0	5
ENSG00000236085	0	0	0
ENSG00000234441	0	0	0
ENSG00000227408	0	0	0
ENSG00000223635	0	0	0
ENSG00000135776	359	1	358
ENSG00000199672	0	0	0
ENSG00000201492	0	0	0
ENSG00000229367	0	0	0
ENSG00000135763	256	0	256
ENSG00000213028	0	0	0
ENSG00000225984	0	0	0
ENSG00000178828	0	0	0
ENSG00000235434	0	0	0
ENSG00000169914	283	1	282
ENSG00000188784	0	0	0
ENSG00000242688	0	0	0
ENSG00000177186	0	0	0
ENSG00000177174	0	0	0
ENSG00000269956	31	276	0
ENSG00000162456	0	0	0
ENSG00000079277	1280	0	1525
ENSG00000117407	1	0	1
ENSG00000237950	22	2	20
ENSG00000117408	418	0	418
ENSG00000285649	0	49	0
ENSG00000117410	3510	1	3509
ENSG00000159214	18	1	21
ENSG00000196517	4	4	4
ENSG00000227163	0	0	0
ENSG00000271647	0	0	0
ENSG00000239560	0	0	0
ENSG00000196539	0	0	0
ENSG00000229255	1	0	1
ENSG00000203661	0	0	0
ENSG00000271934	0	0	0
ENSG00000224521	0	0	0
ENSG00000227102	0	0	0
ENSG00000183310	0	0	0
ENSG00000201602	0	0	0
ENSG00000271701	0	0	0
ENSG00000189181	0	0	0
ENSG00000187238	0	0	0
ENSG00000185962	0	0	0
ENSG00000226947	0	0	0
ENSG00000285753	0	0	0
ENSG00000187223	0	0	0
ENSG00000159455	0	0	0
ENSG00000187173	0	0	0
ENSG00000204501	0	0	0
ENSG00000228229	0	0	0
ENSG00000204481	0	0	0
ENSG00000204479	0	0	0
ENSG00000172031	5	0	5
ENSG00000233228	0	0	0
ENSG00000224678	0	0	0
ENSG00000233401	0	0	0
ENSG00000273487	6	0	6
ENSG00000226773	0	0	0
ENSG00000274481	0	0	0
ENSG00000228594	70	0	70
ENSG00000286989	34	0	34
ENSG00000272106	38	5	40
ENSG00000189409	2	1	1
ENSG00000272004	0	36	0
ENSG00000189339	1355	5	1386
ENSG00000269737	63	63	0
ENSG00000215914	2	0	2
ENSG00000008128	25	0	25
ENSG00000268575	41	0	71
ENSG00000227775	460	496	1
ENSG00000008130	11041	15	11026
ENSG00000078369	6953	23	6930
ENSG00000178821	1	0	1
ENSG00000158477	30	0	30
ENSG00000230942	1	0	1
ENSG00000158481	356	0	356
ENSG00000158485	7	0	7
ENSG00000158488	28	0	28
ENSG00000186306	0	0	0
ENSG00000203758	0	0	0
ENSG00000236257	0	0	0
ENSG00000236656	0	0	0
ENSG00000198703	0	0	0
ENSG00000227445	0	0	0
ENSG00000231434	0	0	0
ENSG00000117505	1378	2	1441
ENSG00000229635	1	1	0
ENSG00000207379	0	0	0
ENSG00000212601	0	0	0
ENSG00000162889	2499	1	2498
ENSG00000224114	1	0	1
ENSG00000199349	0	0	0
ENSG00000162892	75	781	3
ENSG00000162894	5318	8	6019
ENSG00000271680	33	33	0
ENSG00000226945	17	17	0
ENSG00000162896	1	0	1
ENSG00000162897	0	0	0
ENSG00000182795	28	0	28
ENSG00000198890	209	0	209
ENSG00000224550	1	0	1
ENSG00000142669	6040	4	8776
ENSG00000169442	3066	6	5859
ENSG00000225854	0	0	0
ENSG00000176083	106	0	106
ENSG00000229167	0	0	0
ENSG00000142910	0	0	0
ENSG00000162517	646	1	782
ENSG00000235790	0	2	0
ENSG00000264078	0	0	0
ENSG00000241745	0	0	0
ENSG00000228407	1	1	0
ENSG00000223429	0	0	0
ENSG00000224255	0	0	0
ENSG00000236004	0	0	0
ENSG00000237663	0	0	0
ENSG00000213735	0	0	0
ENSG00000272100	1	94	0
ENSG00000287078	2	0	2
ENSG00000224680	4	1	3
ENSG00000085840	23	0	23
ENSG00000283445	1	0	1
ENSG00000272226	6	6	0
ENSG00000231740	0	0	0
ENSG00000143751	675	1	674
ENSG00000272562	14	1	14
ENSG00000163041	8582	12	8571
ENSG00000225518	1	0	1
ENSG00000270598	0	0	0
ENSG00000182827	473	5	568
ENSG00000234478	3	103	0
ENSG00000223570	0	0	0
ENSG00000185155	4	1	3
ENSG00000236773	0	0	0
ENSG00000143753	1182	1	1181
ENSG00000201898	0	0	0
ENSG00000237101	0	40	2
ENSG00000143748	341	3	380
ENSG00000221406	0	0	0
ENSG00000229742	0	0	0
ENSG00000206887	0	0	0
ENSG00000143771	415	2	413
ENSG00000266618	0	0	0
ENSG00000229991	0	0	0
ENSG00000233384	0	0	0
ENSG00000234247	0	0	0
ENSG00000183682	93	124	1
ENSG00000237624	0	0	0
ENSG00000228060	8	512	2
ENSG00000201457	0	0	0
ENSG00000163909	5	0	5
ENSG00000225903	0	0	0
ENSG00000116983	141	0	141
ENSG00000225333	0	0	0
ENSG00000252413	0	0	0
ENSG00000090621	1642	5	2143
ENSG00000236994	0	0	0
ENSG00000275406	0	0	0
ENSG00000270287	0	0	0
ENSG00000229965	0	0	0
ENSG00000223282	0	0	0
ENSG00000177770	0	0	0
ENSG00000287627	0	0	0
ENSG00000283933	0	0	0
ENSG00000143369	15	0	15
ENSG00000228126	0	0	0
ENSG00000237781	86	137	175
ENSG00000264553	12	11	1
ENSG00000277452	7	0	7
ENSG00000274963	5	0	5
ENSG00000253047	1	0	1
ENSG00000143420	1634	14	1620
ENSG00000276103	2	0	2
ENSG00000143457	470	1	469
ENSG00000143452	66	0	66
ENSG00000206931	0	0	0
ENSG00000236713	1	1	0
ENSG00000224690	0	0	0
ENSG00000203804	6	264	83
ENSG00000143384	35506	50	35456
ENSG00000154342	0	0	0
ENSG00000276255	2	0	2
ENSG00000284163	0	0	0
ENSG00000143793	185	3	182
ENSG00000162910	246	0	246
ENSG00000224566	1	0	1
ENSG00000287895	3	3	0
ENSG00000280157	7	0	7
ENSG00000227625	0	0	0
ENSG00000198835	7	0	7
ENSG00000203684	1	0	1
ENSG00000181873	200	0	200
ENSG00000162913	14	14	20
ENSG00000269934	31	98	66
ENSG00000270110	9	13	0
ENSG00000286773	0	0	0
ENSG00000287315	58	194	15
ENSG00000270104	0	0	0
ENSG00000154370	483	0	615
ENSG00000270094	0	132	0
ENSG00000284311	0	0	0
ENSG00000162931	12	13	6
ENSG00000230841	0	0	0
ENSG00000266174	0	