N_unmapped	1966731	1966731	1966731
N_multimapping	2362693	2362693	2362693
N_noFeature	2597780	37869491	2818367
N_ambiguous	3896760	66505	1696073
ENSG00000160072	645	1	644
ENSG00000234396	1	0	1
ENSG00000225972	11	0	11
ENSG00000224315	1	0	1
ENSG00000198744	24	0	24
ENSG00000279928	79	0	79
ENSG00000228037	43	0	43
ENSG00000142611	19	0	19
ENSG00000225630	1499	12	1487
ENSG00000284616	0	0	0
ENSG00000157911	168	978	295
ENSG00000269896	54	0	54
ENSG00000237973	205	1	232
ENSG00000228463	24	0	36
ENSG00000260972	0	0	0
ENSG00000157933	4698	9	4689
ENSG00000224340	0	0	0
ENSG00000226545	0	0	0
ENSG00000268663	0	0	0
ENSG00000226374	0	0	0
ENSG00000229280	0	0	0
ENSG00000142655	603	89	602
ENSG00000232596	0	0	0
ENSG00000235054	0	0	0
ENSG00000232663	4	4	0
ENSG00000240409	1	0	1
ENSG00000229344	9	0	12
ENSG00000231510	0	0	0
ENSG00000149527	763	19	745
ENSG00000284739	0	0	0
ENSG00000171621	213	0	213
ENSG00000272235	0	0	0
ENSG00000284694	0	0	0
ENSG00000230021	6	47	6
ENSG00000287356	13	16	5
ENSG00000224387	18	16	3
ENSG00000285629	0	0	0
ENSG00000173673	0	0	0
ENSG00000142583	182	1	181
ENSG00000284674	0	0	0
ENSG00000272161	0	0	0
ENSG00000237094	282	0	282
ENSG00000224338	0	0	0
ENSG00000074800	20713	6	20709
ENSG00000116786	3083	0	3456
ENSG00000287727	6	6	0
ENSG00000228423	0	0	0
ENSG00000286448	0	12	0
ENSG00000131686	77	78	20
ENSG00000229305	0	0	0
ENSG00000284703	1	0	1
ENSG00000226457	0	0	0
ENSG00000173614	369	1	368
ENSG00000248527	6904	163	6741
ENSG00000215720	0	0	0
ENSG00000241326	0	0	0
ENSG00000233623	0	0	0
ENSG00000162592	1	70	0
ENSG00000116254	8	0	8
ENSG00000233645	0	0	0
ENSG00000204624	14	0	16
ENSG00000142606	32	176	54
ENSG00000235146	0	0	0
ENSG00000225931	37	6	31
ENSG00000171729	87	0	91
ENSG00000279457	204	1	203
ENSG00000162571	10	0	10
ENSG00000229393	15	13	2
ENSG00000037637	1608	0	1608
ENSG00000287586	120	1	119
ENSG00000159423	266	0	266
ENSG00000142599	7969	43	7932
ENSG00000227169	0	0	0
ENSG00000283356	0	0	0
ENSG00000011021	1153	1	1188
ENSG00000142615	0	0	0
ENSG00000215704	3	14	0
ENSG00000157916	3071	129	4047
ENSG00000157881	1227	0	1227
ENSG00000238290	0	0	0
ENSG00000225387	0	0	0
ENSG00000048707	4096	0	4096
ENSG00000158748	36	0	36
ENSG00000225196	0	0	0
ENSG00000162444	426	0	426
ENSG00000279625	0	2	0
ENSG00000180758	201	0	201
ENSG00000184677	3447	0	3447
ENSG00000230679	4	2	4
ENSG00000270136	0	0	0
ENSG00000288398	173	0	173
ENSG00000224621	0	0	0
ENSG00000285833	0	2	0
ENSG00000131697	407	0	413
ENSG00000284692	0	0	0
ENSG00000284745	0	0	0
ENSG00000280222	0	0	0
ENSG00000227634	0	0	0
ENSG00000285945	0	0	0
ENSG00000229162	10	2	8
ENSG00000197921	0	0	0
ENSG00000233755	0	1	0
ENSG00000233929	0	0	0
ENSG00000271742	1	0	1
ENSG00000226396	34	0	34
ENSG00000169504	1243	0	1243
ENSG00000234166	0	35	0
ENSG00000235282	0	0	0
ENSG00000055070	3953	4	6018
ENSG00000175087	611	1	610
ENSG00000157191	4504	38	4466
ENSG00000284699	0	0	0
ENSG00000230035	0	0	0
ENSG00000235185	0	0	0
ENSG00000225643	8	0	8
ENSG00000284666	0	0	0
ENSG00000228943	1	0	1
ENSG00000234397	0	0	0
ENSG00000284309	0	0	0
ENSG00000162511	35563	21	62433
ENSG00000158014	1	1	0
ENSG00000204138	1615	0	1615
ENSG00000233419	0	0	0
ENSG00000235263	0	0	0
ENSG00000228176	0	0	0
ENSG00000231251	0	0	0
ENSG00000142675	158	0	159
ENSG00000197245	1	0	1
ENSG00000261025	0	0	0
ENSG00000116237	1441	5	1499
ENSG00000130772	652	0	652
ENSG00000215899	0	0	0
ENSG00000271398	2	2	0
ENSG00000225011	0	0	0
ENSG00000235069	0	0	0
ENSG00000284676	0	0	0
ENSG00000237058	1	1	0
ENSG00000233399	0	0	0
ENSG00000090020	2200	1	2199
ENSG00000157978	9467	4	9463
ENSG00000226944	1	0	1
ENSG00000270282	0	0	0
ENSG00000130770	1119	52	1626
ENSG00000229044	0	271	0
ENSG00000162512	216	1	215
ENSG00000158006	1662	1	1661
ENSG00000214812	1	0	1
ENSG00000126698	3574	3	3571
ENSG00000229447	7	0	7
ENSG00000229607	0	0	0
ENSG00000130766	799	0	799
ENSG00000168528	113	0	113
ENSG00000196581	107	0	107
ENSG00000169403	10823	3	10820
ENSG00000084628	0	0	0
ENSG00000060688	1487	0	1487
ENSG00000171612	139	0	139
ENSG00000270927	0	0	0
ENSG00000188910	2	2	0
ENSG00000230523	0	0	0
ENSG00000116138	1233	288	1088
ENSG00000158161	1588	8	1581
ENSG00000142684	0	0	118
ENSG00000234619	0	0	0
ENSG00000121769	37	37	0
ENSG00000142627	114	0	114
ENSG00000284668	0	0	0
ENSG00000233234	0	0	0
ENSG00000142632	235	0	270
ENSG00000234593	0	0	0
ENSG00000158292	87	0	87
ENSG00000270605	126	0	129
ENSG00000189337	112	2	125
ENSG00000232912	102	0	108
ENSG00000235084	5	0	5
ENSG00000235143	0	0	0
ENSG00000225478	0	0	0
ENSG00000225077	3	50	3
ENSG00000028137	24012	6	24006
ENSG00000238249	6	5	1
ENSG00000204464	0	0	0
ENSG00000233372	1	0	1
ENSG00000283259	0	0	0
ENSG00000284543	18	0	18
ENSG00000130939	3251	0	3251
ENSG00000175147	2	17	4
ENSG00000127472	0	0	0
ENSG00000060656	9	0	9
ENSG00000163867	648	3	645
ENSG00000232768	1	1	0
ENSG00000230214	0	0	0
ENSG00000189280	8	8	0
ENSG00000134698	6752	2	6750
ENSG00000134690	149	0	149
ENSG00000272420	6	0	6
ENSG00000132881	96	0	96
ENSG00000273274	0	0	0
ENSG00000116251	4478	2	4478
ENSG00000272510	4	43	19
ENSG00000158286	83	18	80
ENSG00000236648	1	0	1
ENSG00000232273	4	2	2
ENSG00000009709	0	0	0
ENSG00000287396	0	0	0
ENSG00000223589	0	0	0
ENSG00000158008	1	1	0
ENSG00000130940	233	1	454
ENSG00000116771	372	8	449
ENSG00000237301	15	15	0
ENSG00000162585	700	221	745
ENSG00000163879	0	13	0
ENSG00000227527	1	1	0
ENSG00000116954	638	0	638
ENSG00000228589	10	0	10
ENSG00000163873	5	0	5
ENSG00000117215	18	0	18
ENSG00000196449	265	14	321
ENSG00000230163	0	63	0
ENSG00000227538	0	0	0
ENSG00000232208	114	0	114
ENSG00000236500	0	0	0
ENSG00000044012	0	0	0
ENSG00000179051	4683	3	5549
ENSG00000215895	0	0	0
ENSG00000231868	0	1	0
ENSG00000284650	0	0	0
ENSG00000237329	0	0	0
ENSG00000236948	5	0	5
ENSG00000126067	2456	0	2456
ENSG00000274944	0	0	0
ENSG00000132906	721	1	731
ENSG00000197312	2139	0	2139
ENSG00000284748	0	0	0
ENSG00000272078	19	241	0
ENSG00000173660	1931	5	1926
ENSG00000224592	0	0	0
ENSG00000233728	0	27	0
ENSG00000230451	0	0	0
ENSG00000231606	0	0	0
ENSG00000215900	0	0	0
ENSG00000284632	0	0	0
ENSG00000241014	25	0	25
ENSG00000054118	8631	12	8619
ENSG00000254553	0	0	0
ENSG00000284653	0	0	0
ENSG00000237749	10	0	10
ENSG00000276747	3	0	3
ENSG00000284705	0	0	0
ENSG00000228776	0	0	0
ENSG00000159339	3627	3	3624
ENSG00000223814	0	0	0
ENSG00000197982	239	61	248
ENSG00000261781	0	0	0
ENSG00000183317	1	0	1
ENSG00000183386	2579	1	2578
ENSG00000284743	0	0	0
ENSG00000158315	2	5	0
ENSG00000204084	1754	4	2026
ENSG00000186973	1	0	1
ENSG00000271806	15	74	15
ENSG00000146463	2035	1	2237
ENSG00000279214	1	0	1
ENSG00000183520	816	1	815
ENSG00000271741	0	0	0
ENSG00000214141	1	1	0
ENSG00000142686	448	2	446
ENSG00000224751	0	0	0
ENSG00000279096	0	0	0
ENSG00000117148	0	0	0
ENSG00000230585	4	4	0
ENSG00000117000	1550	0	1550
ENSG00000284989	0	0	0
ENSG00000231630	0	0	0
ENSG00000092853	86	0	98
ENSG00000255811	0	0	0
ENSG00000134697	1427	6	1434
ENSG00000187513	10	3	7
ENSG00000238145	0	0	0
ENSG00000225142	0	0	0
ENSG00000230138	91	0	91
ENSG00000223390	0	29	1
ENSG00000285823	0	0	1
ENSG00000284720	0	0	0
ENSG00000225028	0	0	0
ENSG00000225671	0	0	0
ENSG00000116151	92	2	98
ENSG00000226147	0	0	0
ENSG00000182873	102	70	40
ENSG00000006555	481	0	481
ENSG00000236111	0	0	0
ENSG00000066056	93	1	92
ENSG00000214114	686	23	663
ENSG00000173436	256	4	256
ENSG00000116544	50	3	47
ENSG00000231900	0	0	0
ENSG00000236723	3	376	12
ENSG00000232467	0	0	0
ENSG00000117016	228	0	228
ENSG00000121310	1205	4	1201
ENSG00000169213	3	0	3
ENSG00000163866	990	0	1053
ENSG00000225779	1	0	1
ENSG00000284601	0	0	0
ENSG00000237130	0	0	0
ENSG00000143001	0	0	0
ENSG00000229716	0	0	0
ENSG00000226133	0	0	0
ENSG00000227416	0	0	0
ENSG00000232335	0	12	0
ENSG00000260971	0	0	0
ENSG00000259832	0	0	0
ENSG00000284696	0	0	0
ENSG00000238242	0	0	0
ENSG00000285839	0	0	0
ENSG00000237290	0	0	0
ENSG00000232762	1	1	0
ENSG00000117419	581	0	581
ENSG00000162384	1028	36	1089
ENSG00000162391	2	31	0
ENSG00000174348	30	0	41
ENSG00000154198	1	0	1
ENSG00000117859	2667	73	2638
ENSG00000228121	0	0	0
ENSG00000253313	0	0	0
ENSG00000162396	166	0	166
ENSG00000203995	1	0	1
ENSG00000227742	3	3	0
ENSG00000284686	1	0	1
ENSG00000162378	1334	0	1334
ENSG00000233079	0	0	0
ENSG00000259818	0	0	0
ENSG00000229444	0	0	0
ENSG00000240563	22	0	22
ENSG00000234318	1	0	1
ENSG00000284773	48	0	48
ENSG00000234481	0	0	0
ENSG00000117862	169	0	169
ENSG00000235612	0	0	0
ENSG00000228369	0	0	0
ENSG00000183431	4053	1	4052
ENSG00000227485	0	0	0
ENSG00000224609	1	0	2
ENSG00000235545	1	0	1
ENSG00000236646	0	0	0
ENSG00000169174	1	0	1
ENSG00000232198	0	0	0
ENSG00000238063	4	0	4
ENSG00000227104	0	0	0
ENSG00000243725	21	0	21
ENSG00000171872	0	0	0
ENSG00000162407	26	0	26
ENSG00000285079	0	0	0
ENSG00000169218	0	0	0
ENSG00000163877	1200	16	1184
ENSG00000228929	10	0	10
ENSG00000224570	0	0	0
ENSG00000224980	0	0	0
ENSG00000278967	0	0	0
ENSG00000157184	308	81	709
ENSG00000272491	7	0	9
ENSG00000198815	3517	0	3517
ENSG00000134744	3603	10	3594
ENSG00000233910	0	0	0
ENSG00000287703	0	0	0
ENSG00000283039	0	0	0
ENSG00000229032	0	0	0
ENSG00000229294	0	0	0
ENSG00000232993	0	10	0
ENSG00000234088	0	0	0
ENSG00000236973	0	0	0
ENSG00000227947	0	0	0
ENSG00000277397	0	0	0
ENSG00000271200	0	2	0
ENSG00000235446	0	0	0
ENSG00000261196	0	0	0
ENSG00000162385	862	3	859
ENSG00000231413	0	0	0
ENSG00000234264	0	0	0
ENSG00000242391	0	0	0
ENSG00000223883	0	0	0
ENSG00000284808	0	0	0
ENSG00000242267	0	0	0
ENSG00000237227	0	0	0
ENSG00000275350	0	0	0
ENSG00000116652	7	0	9
ENSG00000123080	221	8	215
ENSG00000285778	0	0	0
ENSG00000077549	14844	7	14842
ENSG00000233407	0	0	0
ENSG00000225675	6	0	8
ENSG00000237622	0	0	0
ENSG00000162598	0	0	0
ENSG00000280317	0	0	0
ENSG00000162415	89	0	89
ENSG00000162600	632	0	632
ENSG00000116704	1310	1	1311
ENSG00000227644	0	1	0
ENSG00000157193	328	5	409
ENSG00000116205	972	0	1002
ENSG00000198841	109	0	109
ENSG00000116212	296	0	296
ENSG00000234204	0	0	0
ENSG00000233099	1	0	1
ENSG00000233994	1	0	1
ENSG00000237180	0	0	0
ENSG00000213561	0	0	0
ENSG00000233973	0	0	0
ENSG00000237552	0	0	0
ENSG00000132854	1	0	1
ENSG00000227556	0	0	0
ENSG00000162616	208	3	207
ENSG00000162607	2207	3	2204
ENSG00000233602	3	0	3
ENSG00000233271	0	0	0
ENSG00000285954	52	52	0
ENSG00000233333	0	0	0
ENSG00000154027	552	1	554
ENSG00000234108	0	0	0
ENSG00000232676	0	0	0
ENSG00000225167	0	0	0
ENSG00000132122	281	0	281
ENSG00000213579	1	0	1
ENSG00000137960	4	0	4
ENSG00000237852	1	0	1
ENSG00000116745	1	0	1
ENSG00000132855	1	1	0
ENSG00000285407	0	0	0
ENSG00000272855	1	0	1
ENSG00000270549	0	0	0
ENSG00000237163	0	0	0
ENSG00000229636	0	0	0
ENSG00000116675	37	0	37
ENSG00000162433	43	0	43
ENSG00000213625	2255	0	2255
ENSG00000227207	0	0	0
ENSG00000227016	0	0	0
ENSG00000233664	0	0	0
ENSG00000158966	215	1	214
ENSG00000213703	0	0	0
ENSG00000203965	157	0	163
ENSG00000223479	0	0	0
ENSG00000233674	0	0	0
ENSG00000153898	261	0	261
ENSG00000117069	0	0	0
ENSG00000125703	656	0	656
ENSG00000285041	0	0	0
ENSG00000285808	0	0	0
ENSG00000229440	0	0	0
ENSG00000234144	0	0	0
ENSG00000213540	0	0	0
ENSG00000277670	0	0	0
ENSG00000227466	0	0	0
ENSG00000154007	0	0	0
ENSG00000230498	2	2	0
ENSG00000285782	0	0	0
ENSG00000162618	3	0	3
ENSG00000224493	0	0	0
ENSG00000131233	0	0	0
ENSG00000272371	1	0	1
ENSG00000287647	0	3	0
ENSG00000229225	0	0	0
ENSG00000230863	0	0	0
ENSG00000213560	0	0	0
ENSG00000287224	0	0	0
ENSG00000225598	0	0	0
ENSG00000286455	0	0	0
ENSG00000225087	0	0	0
ENSG00000224986	0	0	0
ENSG00000280378	41	0	41
ENSG00000188786	2319	8	2311
ENSG00000230053	0	0	0
ENSG00000137941	27	2	25
ENSG00000273338	2	1	1
ENSG00000223720	0	0	0
ENSG00000224326	0	0	0
ENSG00000286548	9	0	9
ENSG00000066135	719	2	1083
ENSG00000230027	0	0	0
ENSG00000233061	0	0	0
ENSG00000272094	1	0	1
ENSG00000228853	0	0	0
ENSG00000215874	0	0	0
ENSG00000232453	11	1	10
ENSG00000260386	1	0	1
ENSG00000284895	0	0	0
ENSG00000117174	1005	0	1005
ENSG00000237413	0	0	0
ENSG00000184313	5	0	5
ENSG00000284645	0	0	0
ENSG00000225605	0	0	0
ENSG00000225446	0	0	0
ENSG00000288543	0	0	0
ENSG00000122420	0	0	0
ENSG00000284240	0	0	0
ENSG00000236290	0	0	0
ENSG00000143013	1204	0	1204
ENSG00000226084	46	1	45
ENSG00000134748	3120	3	3118
ENSG00000142892	1311	0	1311
ENSG00000219102	9	0	9
ENSG00000184005	81	0	81
ENSG00000230953	25	24	1
ENSG00000287743	1	1	0
ENSG00000229332	0	0	0
ENSG00000227937	0	0	0
ENSG00000229752	0	0	0
ENSG00000237505	4	0	4
ENSG00000285462	0	0	0
ENSG00000233216	0	0	0
ENSG00000197273	0	0	0
ENSG00000226804	0	0	0
ENSG00000285325	0	0	0
ENSG00000230728	0	0	0
ENSG00000162402	6779	2	6777
ENSG00000232846	0	0	0
ENSG00000219201	3	0	3
ENSG00000230787	1	0	1
ENSG00000116641	267	7	260
ENSG00000235927	7	8	4
ENSG00000223920	0	0	0
ENSG00000237453	0	0	0
ENSG00000172260	39	0	39
ENSG00000285473	0	0	0
ENSG00000237959	0	0	0
ENSG00000231364	1	1	0
ENSG00000234578	0	1	0
ENSG00000117480	382	0	382
ENSG00000137944	850	1	849
ENSG00000229505	0	0	0
ENSG00000228187	0	0	0
ENSG00000285201	0	0	0
ENSG00000182183	319	4	316
ENSG00000236407	0	0	0
ENSG00000271949	0	0	0
ENSG00000227062	0	0	0
ENSG00000067334	2108	2	2106
ENSG00000235011	0	0	0
ENSG00000235673	0	0	0
ENSG00000226938	0	0	0
ENSG00000213559	0	0	0
ENSG00000287587	0	0	0
ENSG00000142949	62	1	61
ENSG00000116133	269	43	261
ENSG00000232882	0	0	0
ENSG00000171502	56	0	56
ENSG00000162399	2	1	1
ENSG00000116157	490	1	489
ENSG00000143036	3	0	3
ENSG00000232672	0	0	0
ENSG00000230817	0	0	0
ENSG00000235613	0	0	0
ENSG00000065243	3124	8	3116
ENSG00000226759	0	0	0
ENSG00000226960	0	0	0
ENSG00000234080	0	0	0
ENSG00000237899	5	0	5
ENSG00000225492	8	0	8
ENSG00000223905	0	0	0
ENSG00000227290	0	0	0
ENSG00000229486	0	0	0
ENSG00000282898	0	0	0
ENSG00000285409	0	0	0
ENSG00000231090	5	0	5
ENSG00000117528	1189	0	1189
ENSG00000271723	0	0	0
ENSG00000172339	87	0	87
ENSG00000036549	1635	1	1634
ENSG00000287724	0	24	0
ENSG00000058799	1153	0	1153
ENSG00000225191	0	0	0
ENSG00000287870	2	0	2
ENSG00000235563	0	0	0
ENSG00000232048	0	0	0
ENSG00000232857	0	0	0
ENSG00000273637	0	0	0
ENSG00000203985	0	0	0
ENSG00000228838	0	11	0
ENSG00000283761	6	1	5
ENSG00000189433	1	1	0
ENSG00000230759	0	0	0
ENSG00000231866	0	0	0
ENSG00000179178	3	0	3
ENSG00000142700	0	0	0
ENSG00000285525	0	0	0
ENSG00000236098	0	0	0
ENSG00000233514	0	0	0
ENSG00000127124	931	1	930
ENSG00000266993	31	100	16
ENSG00000223675	0	0	0
ENSG00000162604	552	1	551
ENSG00000229316	0	0	0
ENSG00000116171	2676	1	2681
ENSG00000287406	0	0	0
ENSG00000225767	1	1	0
ENSG00000234099	0	0	0
ENSG00000137936	71	4	84
ENSG00000235308	13	13	0
ENSG00000232752	0	0	0
ENSG00000235829	0	0	0
ENSG00000143032	0	0	0
ENSG00000226745	0	0	0
ENSG00000178028	1643	5	1638
ENSG00000280040	1	0	1
ENSG00000168710	3417	0	3417
ENSG00000117519	102	0	102
ENSG00000270507	0	0	0
ENSG00000238037	0	0	0
ENSG00000215869	0	0	0
ENSG00000134215	1867	2	1865
ENSG00000227935	0	0	0
ENSG00000229887	0	0	0
ENSG00000228502	32	0	32
ENSG00000236268	0	0	0
ENSG00000271277	0	0	0
ENSG00000236888	0	0	0
ENSG00000279778	0	0	0
ENSG00000232015	0	0	0
ENSG00000230955	0	275	1
ENSG00000230828	0	0	0
ENSG00000188641	4673	1	4989
ENSG00000152078	20	0	20
ENSG00000237279	0	0	0
ENSG00000233359	0	0	0
ENSG00000237954	0	0	0
ENSG00000185668	1	0	1
ENSG00000171492	2228	2	2226
ENSG00000233129	0	0	0
ENSG00000170989	8152	2	8151
ENSG00000258634	215	0	345
ENSG00000233557	0	0	0
ENSG00000237897	0	0	0
ENSG00000116299	3622	1	3622
ENSG00000137962	34	0	34
ENSG00000227832	0	0	0
ENSG00000286692	0	0	0
ENSG00000260464	14	0	15
ENSG00000237435	0	0	0
ENSG00000231996	0	0	0
ENSG00000273204	4	3	3
ENSG00000079739	1126	2	1251
ENSG00000117154	3	0	3
ENSG00000162377	350	16	334
ENSG00000224613	0	0	0
ENSG00000215871	0	0	0
ENSG00000287372	0	0	0
ENSG00000232542	3	0	3
ENSG00000231095	0	0	0
ENSG00000116774	3	0	3
ENSG00000287756	0	0	0
ENSG00000269113	0	0	0
ENSG00000284652	0	0	0
ENSG00000023909	627	1	626
ENSG00000069702	2501	2	2499
ENSG00000232185	0	0	0
ENSG00000230489	9	0	9
ENSG00000228399	3	0	3
ENSG00000236776	0	0	0
ENSG00000285928	8	8	0
ENSG00000224685	0	0	0
ENSG00000287076	0	0	0
ENSG00000237480	0	0	0
ENSG00000271252	0	0	0
ENSG00000230427	0	0	0
ENSG00000235794	0	0	0
ENSG00000286758	0	0	0
ENSG00000237337	0	0	0
ENSG00000233983	0	0	0
ENSG00000198198	3521	193	4061
ENSG00000225183	3	0	3
ENSG00000230402	0	0	0
ENSG00000116793	675	1	674
ENSG00000134201	7	0	7
ENSG00000238122	0	0	0
ENSG00000260879	0	53	1
ENSG00000213366	918	0	918
ENSG00000230864	0	0	0
ENSG00000283354	0	0	0
ENSG00000232918	0	0	0
ENSG00000236360	0	5	1
ENSG00000183298	2	0	22
ENSG00000234332	21	0	21
ENSG00000117525	3	0	3
ENSG00000225079	69	0	69
ENSG00000226483	0	0	0
ENSG00000224238	0	0	0
ENSG00000229537	0	0	0
ENSG00000162699	0	0	0
ENSG00000162692	0	0	0
ENSG00000203914	0	0	0
ENSG00000270457	0	0	0
ENSG00000203858	0	0	0
ENSG00000231987	0	0	0
ENSG00000228057	1	0	1
ENSG00000261593	0	0	0
ENSG00000224445	0	0	0
ENSG00000229842	0	0	0
ENSG00000270631	0	0	0
ENSG00000229201	0	0	0
ENSG00000181656	6	6	0
ENSG00000122481	70	0	70
ENSG00000198162	2206	1	2205
ENSG00000238198	14	3	11
ENSG00000171517	7	0	7
ENSG00000228852	18	18	0
ENSG00000203864	0	0	0
ENSG00000233482	0	0	0
ENSG00000230250	0	0	0
ENSG00000232878	5	322	0
ENSG00000143079	205	0	205
ENSG00000232450	17	0	17
ENSG00000223575	0	0	0
ENSG00000230768	0	0	0
ENSG00000235202	0	0	0
ENSG00000272715	1	0	1
ENSG00000235038	0	0	0
ENSG00000143093	2201	0	2201
ENSG00000226415	18	0	18
ENSG00000085491	1007	7	1062
ENSG00000173947	9	0	9
ENSG00000241361	2	0	2
ENSG00000230434	0	0	0
ENSG00000230718	0	0	0
ENSG00000134198	1202	1	1202
ENSG00000235595	1	0	1
ENSG00000226053	0	0	0
ENSG00000226128	0	0	0
ENSG00000198799	1277	1	1435
ENSG00000279513	1	0	1
ENSG00000117620	670	10	669
ENSG00000280186	0	0	0
ENSG00000223906	0	0	0
ENSG00000162688	1117	1	1116
ENSG00000197106	0	0	0
ENSG00000259946	0	0	0
ENSG00000236137	5	189	1
ENSG00000203859	0	0	0
ENSG00000228086	1	146	0
ENSG00000213421	0	0	0
ENSG00000234020	0	0	0
ENSG00000060718	0	0	0
ENSG00000236804	1	0	1
ENSG00000231072	0	0	0
ENSG00000273406	1	1	0
ENSG00000185946	1028	0	1028
ENSG00000162627	0	0	0
ENSG00000226715	0	20	0
ENSG00000162695	1683	0	1683
ENSG00000134184	322	0	433
ENSG00000265808	2182	0	2182
ENSG00000261290	0	0	0
ENSG00000225923	0	0	0
ENSG00000134247	111	0	111
ENSG00000187481	0	0	0
ENSG00000116752	843	0	843
ENSG00000162664	872	3	869
ENSG00000236866	0	0	0
ENSG00000134253	18	3	16
ENSG00000277655	0	0	0
ENSG00000223416	2	0	2
ENSG00000213226	0	0	0
ENSG00000179571	1	0	1
ENSG00000227850	0	0	0
ENSG00000243967	0	0	0
ENSG00000235777	1	1	0
ENSG00000260246	0	112	0
ENSG00000173218	393	0	393
ENSG00000285532	0	0	0
ENSG00000226755	1	0	1
ENSG00000232650	0	0	0
ENSG00000183508	2429	0	2429
ENSG00000277095	0	0	0
ENSG00000236806	1	0	1
ENSG00000234283	0	0	0
ENSG00000237188	2	0	2
ENSG00000232780	0	0	0
ENSG00000274927	0	0	0
ENSG00000264145	0	0	0
ENSG00000238256	0	0	0
ENSG00000198765	0	0	0
ENSG00000224335	0	0	0
ENSG00000277702	0	0	0
ENSG00000143398	2029	1	2028
ENSG00000196505	1049	2	1047
ENSG00000225871	45	120	0
ENSG00000223489	0	0	0
ENSG00000230546	0	0	0
ENSG00000213262	2	2	0
ENSG00000287015	0	0	0
ENSG00000241720	0	4	0
ENSG00000235526	0	0	0
ENSG00000228347	1	0	1
ENSG00000276975	2	0	2
ENSG00000236012	0	0	0
ENSG00000270911	2	2	0
ENSG00000272824	2	0	2
ENSG00000134200	3	3	0
ENSG00000234257	0	0	0
ENSG00000065183	1435	2	1560
ENSG00000227082	3	0	4
ENSG00000228626	0	0	0
ENSG00000226126	0	0	0
ENSG00000163393	644	0	644
ENSG00000163156	1262	22	1256
ENSG00000143631	2	2	0
ENSG00000156150	0	130	0
ENSG00000228453	0	0	0
ENSG00000274642	3	3	0
ENSG00000177551	1	0	1
ENSG00000197323	3485	0	3485
ENSG00000237975	2	0	2
ENSG00000261168	2	0	2
ENSG00000287980	0	0	0
ENSG00000229283	0	0	0
ENSG00000271419	0	0	0
ENSG00000226172	0	0	0
ENSG00000079335	1382	16	1511
ENSG00000143119	24344	6	24338
ENSG00000237278	0	159	0
ENSG00000285062	0	0	0
ENSG00000233432	0	0	0
ENSG00000227700	0	0	0
ENSG00000229911	0	0	0
ENSG00000143520	0	0	0
ENSG00000171943	260	8	254
ENSG00000270719	0	0	0
ENSG00000155761	1	126	2
ENSG00000230806	1	2	0
ENSG00000116830	735	0	736
ENSG00000234422	0	0	0
ENSG00000227056	0	0	0
ENSG00000143614	4221	1	4220
ENSG00000227091	0	0	0
ENSG00000169418	9	0	9
ENSG00000214204	0	0	0
ENSG00000081026	122	21	101
ENSG00000225650	3	3	0
ENSG00000227179	0	0	0
ENSG00000224965	3	0	3
ENSG00000228127	1	1	0
ENSG00000226984	1	1	0
ENSG00000186150	0	0	0
ENSG00000143554	1690	4	1686
ENSG00000143458	1611	3	1608
ENSG00000230932	0	0	0
ENSG00000073754	4	0	4
ENSG00000228826	1	0	1
ENSG00000233907	0	0	0
ENSG00000225036	0	0	0
ENSG00000228420	0	0	0
ENSG00000233839	1	0	1
ENSG00000250890	0	0	0
ENSG00000232240	0	0	0
ENSG00000280649	68	18	116
ENSG00000131781	314	75	279
ENSG00000223599	4	0	4
ENSG00000230921	0	0	0
ENSG00000286151	23	0	23
ENSG00000234388	0	0	0
ENSG00000235015	0	0	0
ENSG00000271736	5	0	5
ENSG00000235988	0	0	0
ENSG00000233717	0	0	0
ENSG00000231551	173	60	114
ENSG00000227295	10	0	10
ENSG00000163155	139	75	74
ENSG00000243613	0	208	0
ENSG00000241975	45	0	45
ENSG00000271143	0	0	0
ENSG00000270976	0	0	0
ENSG00000228217	1	0	1
ENSG00000270342	0	0	0
ENSG00000143552	6	2	4
ENSG00000175984	59	0	59
ENSG00000231100	0	0	0
ENSG00000116824	6289	3	6286
ENSG00000235887	0	0	0
ENSG00000237460	0	0	0
ENSG00000236327	0	0	0
ENSG00000223804	89	21	68
ENSG00000236887	0	0	0
ENSG00000024526	14	0	15
ENSG00000236480	3	2	1
ENSG00000235756	0	0	0
ENSG00000173810	0	0	0
ENSG00000235005	0	0	0
ENSG00000271890	0	0	0
ENSG00000238107	0	0	0
ENSG00000227425	0	0	0
ENSG00000233222	0	45	0
ENSG00000225279	1	0	1
ENSG00000229101	0	0	0
ENSG00000224927	0	0	0
ENSG00000239216	0	0	0
ENSG00000283360	5	5	0
ENSG00000117262	172	1	172
ENSG00000227907	1	1	0
ENSG00000143624	4235	6	4659
ENSG00000227970	0	0	0
ENSG00000261055	12	2	10
ENSG00000231613	10	0	10
ENSG00000137947	1378	1	1377
ENSG00000236689	0	0	0
ENSG00000233589	0	1	0
ENSG00000117586	272	0	272
ENSG00000230946	1	0	1
ENSG00000226028	0	0	0
ENSG00000162728	1	0	1
ENSG00000229021	0	0	0
ENSG00000203825	0	0	0
ENSG00000184371	797	0	797
ENSG00000233449	0	0	0
ENSG00000242943	0	0	0
ENSG00000233203	0	0	0
ENSG00000232499	5	0	5
ENSG00000232265	4	0	4
ENSG00000163154	2046	0	2054
ENSG00000232995	20	2	20
ENSG00000236957	1	0	1
ENSG00000238087	0	0	0
ENSG00000227777	4	3	1
ENSG00000177173	9	0	9
ENSG00000277406	161	0	161
ENSG00000238022	0	0	0
ENSG00000231671	2	0	2
ENSG00000162729	1495	0	1495
ENSG00000143158	538	52	783
ENSG00000271092	8	0	8
ENSG00000238118	0	0	0
ENSG00000276118	0	0	0
ENSG00000232148	0	0	0
ENSG00000278811	20	100	0
ENSG00000000460	147	342	191
ENSG00000188859	3	0	4
ENSG00000275075	0	0	0
ENSG00000135862	413	0	413
ENSG00000232952	0	0	0
ENSG00000158473	1829	2	1827
ENSG00000227722	0	0	0
ENSG00000285922	0	0	0
ENSG00000275801	1	0	1
ENSG00000143198	810	1	809
ENSG00000143318	7	5	2
ENSG00000232188	0	0	1
ENSG00000232212	0	0	0
ENSG00000143621	4099	18	4085
ENSG00000241042	0	0	0
ENSG00000143155	1459	0	1459
ENSG00000260322	0	0	0
ENSG00000223495	0	0	0
ENSG00000143156	140	12	190
ENSG00000198771	13110	40	13423
ENSG00000225462	0	0	0
ENSG00000237756	1	1	0
ENSG00000116147	10	0	10
ENSG00000213064	3974	1	4425
ENSG00000203307	0	0	0
ENSG00000143179	411	0	505
ENSG00000271187	0	0	0
ENSG00000274562	0	0	0
ENSG00000143315	657	0	657
ENSG00000116199	1602	0	1602
ENSG00000231175	0	0	0
ENSG00000143185	358	0	359
ENSG00000235145	1	0	1
ENSG00000116260	2792	1	2791
ENSG00000272931	20	0	20
ENSG00000143190	1395	5	1599
ENSG00000225475	0	0	0
ENSG00000230898	0	0	0
ENSG00000232223	0	0	0
ENSG00000224698	0	0	0
ENSG00000287697	1	8	8
ENSG00000075945	952	0	1015
ENSG00000235303	0	0	0
ENSG00000234810	5	0	5
ENSG00000232750	0	0	0
ENSG00000224468	1	1	0
ENSG00000235628	0	0	0
ENSG00000232551	0	0	0
ENSG00000092607	0	0	0
ENSG00000238270	0	0	0
ENSG00000285894	0	0	0
ENSG00000236025	0	0	0
ENSG00000230687	0	0	0
ENSG00000230704	0	0	0
ENSG00000283255	0	0	0
ENSG00000227741	14	189	13
ENSG00000237049	0	0	0
ENSG00000286754	0	0	0
ENSG00000232751	0	0	0
ENSG00000236364	4	97	0
ENSG00000117091	3851	12	8881
ENSG00000235378	0	0	0
ENSG00000143171	0	0	0
ENSG00000275767	0	0	0
ENSG00000224718	2	2	0
ENSG00000047410	9325	21	9750
ENSG00000231992	0	0	0
ENSG00000018625	2	0	2
ENSG00000171806	363	0	389
ENSG00000287919	0	0	0
ENSG00000229914	2	0	2
ENSG00000233882	0	0	0
ENSG00000198358	0	1	0
ENSG00000229407	0	0	0
ENSG00000134216	0	0	0
ENSG00000230748	0	0	0
ENSG00000254154	2	0	2
ENSG00000162694	186	0	188
ENSG00000238108	0	0	0
ENSG00000214262	0	452	0
ENSG00000183853	1	0	1
ENSG00000215835	19	0	19
ENSG00000118197	997	2	996
ENSG00000135842	12869	6	12863
ENSG00000229258	1	0	1
ENSG00000287472	0	0	0
ENSG00000241318	0	0	0
ENSG00000228238	5	0	5
ENSG00000232393	0	0	0
ENSG00000121454	73	211	1
ENSG00000184155	0	0	0
ENSG00000058085	1	1	0
ENSG00000260088	2	0	3
ENSG00000287978	191	0	191
ENSG00000116815	918	1	917
ENSG00000232917	0	0	0
ENSG00000233057	4	0	4
ENSG00000237131	0	0	0
ENSG00000233946	0	0	0
ENSG00000143167	518	1	517
ENSG00000143184	195	2	195
ENSG00000231966	2	0	2
ENSG00000176320	2	0	2
ENSG00000260976	0	0	0
ENSG00000235215	0	0	0
ENSG00000223450	0	0	0
ENSG00000224691	0	0	0
ENSG00000286572	0	0	0
ENSG00000235101	6	4	2
ENSG00000228215	7	0	7
ENSG00000177807	10	4	6
ENSG00000233626	3	3	0
ENSG00000233691	0	0	0
ENSG00000283518	0	0	0
ENSG00000271527	0	0	0
ENSG00000143228	92	0	94
ENSG00000235827	0	0	0
ENSG00000231615	2	0	2
ENSG00000231714	0	0	0
ENSG00000174514	64	10	76
ENSG00000143178	180	0	180
ENSG00000224837	1	0	1
ENSG00000116833	4	0	4
ENSG00000227740	17	0	17
ENSG00000260990	0	0	0
ENSG00000000457	884	85	1159
ENSG00000143507	375	0	375
ENSG00000285638	0	0	0
ENSG00000226520	0	0	0
ENSG00000284592	0	0	0
ENSG00000230987	0	0	0
ENSG00000232527	0	0	0
ENSG00000215833	0	0	0
ENSG00000228167	0	0	0
ENSG00000225325	0	0	0
ENSG00000223344	0	0	0
ENSG00000228191	0	0	0
ENSG00000229961	186	0	186
ENSG00000150732	0	0	0
ENSG00000157064	2	0	2
ENSG00000288139	0	0	0
ENSG00000226015	56	7	50
ENSG00000215808	0	0	0
ENSG00000059588	1373	2	1371
ENSG00000231512	1	0	1
ENSG00000237379	1	1	0
ENSG00000232959	0	63	0
ENSG00000122224	2845	40	2806
ENSG00000162782	1	0	1
ENSG00000238051	0	0	0
ENSG00000233196	2	2	0
ENSG00000229220	0	0	0
ENSG00000143653	406	0	406
ENSG00000135837	4859	1	4858
ENSG00000158711	4917	17	4922
ENSG00000227747	0	0	0
ENSG00000228081	0	0	0
ENSG00000228020	0	0	0
ENSG00000234975	15	0	15
ENSG00000162851	346	0	346
ENSG00000271427	6	0	6
ENSG00000261817	0	0	0
ENSG00000143353	288	0	332
ENSG00000197965	2331	1	2330
ENSG00000143493	712	1	711
ENSG00000230777	6	6	0
ENSG00000179397	15	0	15
ENSG00000224540	0	0	0
ENSG00000117592	4110	0	4110
ENSG00000186197	33	0	33
ENSG00000229067	0	0	0
ENSG00000230231	0	1	0
ENSG00000227711	0	0	0
ENSG00000261182	0	0	0
ENSG00000228879	0	0	0
ENSG00000227925	0	0	0
ENSG00000162670	0	0	0
ENSG00000225712	0	0	0
ENSG00000162761	0	0	0
ENSG00000143199	7	0	7
ENSG00000179930	0	0	0
ENSG00000007908	2	2	0
ENSG00000092978	492	0	492
ENSG00000143499	926	0	926
ENSG00000188404	65783	20	65763
ENSG00000227735	0	0	0
ENSG00000243062	0	0	0
ENSG00000143196	0	0	0
ENSG00000228504	1	1	0
ENSG00000274702	0	0	0
ENSG00000226211	0	0	0
ENSG00000236942	0	0	0
ENSG00000287205	0	0	0
ENSG00000203697	5	0	5
ENSG00000116574	1055	1	1054
ENSG00000287929	0	0	0
ENSG00000186283	1450	8	1442
ENSG00000224896	0	0	0
ENSG00000226292	0	0	0
ENSG00000121481	1016	2	1014
ENSG00000227940	0	0	0
ENSG00000117139	2183	1	2182
ENSG00000143248	27	0	27
ENSG00000278455	0	0	0
ENSG00000224810	0	0	0
ENSG00000162814	0	0	0
ENSG00000225172	0	0	0
ENSG00000261642	0	0	0
ENSG00000228239	0	0	0
ENSG00000237283	0	0	0
ENSG00000116132	0	0	0
ENSG00000238042	2	0	2
ENSG00000271475	0	0	0
ENSG00000231877	0	0	0
ENSG00000116679	9017	1	9016
ENSG00000228536	0	0	0
ENSG00000230550	0	3	0
ENSG00000229242	0	0	0
ENSG00000253326	13	0	13
ENSG00000228470	3	3	0
ENSG00000152092	0	0	0
ENSG00000234984	0	0	0
ENSG00000231648	0	0	0
ENSG00000229983	0	0	0
ENSG00000215149	0	0	0
ENSG00000225122	0	0	0
ENSG00000225920	16	16	0
ENSG00000143476	108	0	108
ENSG00000121486	1357	1	1356
ENSG00000228437	0	0	0
ENSG00000214837	62	0	62
ENSG00000057252	3547	1	3546
ENSG00000225982	0	0	0
ENSG00000285718	0	0	0
ENSG00000234070	0	0	0
ENSG00000233620	0	0	0
ENSG00000237783	0	0	0
ENSG00000272906	12	8	30
ENSG00000233018	0	0	0
ENSG00000123685	84	1	83
ENSG00000224783	0	0	0
ENSG00000162852	2388	2	2386
ENSG00000232792	1	1	0
ENSG00000273004	6	0	6
ENSG00000143842	309	1	308
ENSG00000268062	10	10	0
ENSG00000237409	0	0	0
ENSG00000116962	542	1	541
ENSG00000288078	0	0	0
ENSG00000271399	0	0	0
ENSG00000229757	3	4	0
ENSG00000232679	0	0	0
ENSG00000159388	8580	2	8579
ENSG00000220749	22	0	22
ENSG00000181450	329	1	328
ENSG00000223519	29	10	107
ENSG00000120333	779	18	806
ENSG00000286285	26	0	26
ENSG00000225300	1	0	1
ENSG00000223842	6	6	0
ENSG00000162753	0	0	0
ENSG00000228247	0	0	0
ENSG00000231424	2	0	2
ENSG00000143355	0	0	0
ENSG00000287177	0	0	0
ENSG00000237193	0	0	0
ENSG00000223490	0	0	0
ENSG00000121644	1068	0	1068
ENSG00000174502	0	0	0
ENSG00000224286	0	0	0
ENSG00000158715	197	0	197
ENSG00000143195	19	0	19
ENSG00000162849	50	11	39
ENSG00000232824	0	0	0
ENSG00000273416	0	0	0
ENSG00000234142	4	0	5
ENSG00000282111	0	0	0
ENSG00000233410	1	0	1
ENSG00000067533	592	0	592
ENSG00000228955	1	1	0
ENSG00000270443	0	0	0
ENSG00000116209	5414	1	5413
ENSG00000224702	0	0	0
ENSG00000271811	0	0	0
ENSG00000224278	0	0	0
ENSG00000235492	0	0	0
ENSG00000287808	8	265	9
ENSG00000271588	0	0	0
ENSG00000229840	0	0	0
ENSG00000116161	1708	91	1677
ENSG00000226486	0	0	0
ENSG00000227687	0	0	0
ENSG00000231814	0	0	0
ENSG00000286210	0	0	0
ENSG00000287364	0	0	0
ENSG00000225063	0	0	0
ENSG00000260698	27	0	27
ENSG00000277007	15	0	15
ENSG00000229016	0	0	0
ENSG00000077157	2548	2	2598
ENSG00000152104	11	6	5
ENSG00000236975	1	0	1
ENSG00000215834	0	0	0
ENSG00000286541	0	0	0
ENSG00000117650	29	0	29
ENSG00000235021	1	0	1
ENSG00000203724	2	0	2
ENSG00000225006	0	0	0
ENSG00000287633	0	0	0
ENSG00000158764	1	0	1
ENSG00000223375	0	0	0
ENSG00000230714	0	0	0
ENSG00000261065	0	15	0
ENSG00000260855	13	7	6
ENSG00000188783	0	0	0
ENSG00000236206	0	0	0
ENSG00000168118	919	2	922
ENSG00000181101	0	0	0
ENSG00000173726	3097	1	3096
ENSG00000282852	0	0	0
ENSG00000152382	614	17	597
ENSG00000143839	1	0	1
ENSG00000232100	0	0	0
ENSG00000261024	1	1	0
ENSG00000230547	0	0	0
ENSG00000229703	0	0	0
ENSG00000176754	0	0	0
ENSG00000232309	0	0	0
ENSG00000227953	18	94	12
ENSG00000232215	2	0	2
ENSG00000135829	9778	5	10039
ENSG00000228289	0	0	0
ENSG00000134717	1413	0	1413
ENSG00000232989	0	0	0
ENSG00000233537	0	0	0
ENSG00000116668	309	26	284
ENSG00000143756	1421	1	1420
ENSG00000278180	0	0	0
ENSG00000143702	1628	2	1866
ENSG00000232341	0	0	0
ENSG00000287676	5	0	5
ENSG00000236792	0	0	0
ENSG00000143207	2518	1	2517
ENSG00000270859	0	0	0
ENSG00000238224	0	0	0
ENSG00000286775	0	0	0
ENSG00000122176	3	0	3
ENSG00000229120	0	0	0
ENSG00000237492	0	0	0
ENSG00000230404	0	0	0
ENSG00000213036	0	0	0
ENSG00000227230	3	119	0
ENSG00000236230	1	1	0
ENSG00000026751	4304	5	4299
ENSG00000150681	3141	0	4012
ENSG00000116906	1636	1	1635
ENSG00000092969	3	0	3
ENSG00000157181	604	0	604
ENSG00000250762	1	1	0
ENSG00000236720	0	0	0
ENSG00000227421	5	0	5
ENSG00000227240	4	0	4
ENSG00000076258	111	0	111
ENSG00000286073	0	0	0
ENSG00000231084	11	11	0
ENSG00000232085	0	124	0
ENSG00000117697	1242	0	1242
ENSG00000279333	0	0	8
ENSG00000235083	0	0	0
ENSG00000162669	0	0	0
ENSG00000197067	1	1	0
ENSG00000229652	0	0	0
ENSG00000132681	0	0	0
ENSG00000225904	0	0	0
ENSG00000270920	0	0	0
ENSG00000281664	0	0	0
ENSG00000143641	1718	1	2577
ENSG00000227630	11	1	10
ENSG00000228830	0	2028	3
ENSG00000010932	8	2	6
ENSG00000282849	0	0	0
ENSG00000276520	0	0	0
ENSG00000226640	0	0	0
ENSG00000010072	447	210	437
ENSG00000135766	336	7	329
ENSG00000232626	0	0	0
ENSG00000232096	0	0	0
ENSG00000279261	2	0	2
ENSG00000213051	2	0	2
ENSG00000238054	0	0	0
ENSG00000163534	1372	0	1372
ENSG00000168243	4	0	4
ENSG00000281453	0	0	0
ENSG00000237469	0	0	0
ENSG00000224939	1	0	1
ENSG00000227613	0	0	0
ENSG00000116183	0	0	0
ENSG00000270106	0	0	0
ENSG00000232194	0	0	0
ENSG00000235152	0	0	0
ENSG00000231612	0	0	0
ENSG00000237980	10	0	10
ENSG00000271036	0	0	0
ENSG00000230849	1	0	1
ENSG00000170382	310	310	6
ENSG00000228664	0	0	0
ENSG00000226868	0	0	0
ENSG00000279401	0	0	0
ENSG00000272362	0	0	0
ENSG00000287450	0	0	0
ENSG00000237011	0	0	0
ENSG00000233583	0	1	0
ENSG00000066027	5138	9	5129
ENSG00000286263	0	0	0
ENSG00000227006	6	5	1
ENSG00000236372	0	0	0
ENSG00000224525	0	0	0
ENSG00000188770	0	0	0
ENSG00000173728	4	4	0
ENSG00000094975	1596	0	1596
ENSG00000225811	0	0	0
ENSG00000273093	2	0	2
ENSG00000162772	61	0	61
ENSG00000227818	0	0	0
ENSG00000135828	1892	1	1891
ENSG00000224227	1	0	1
ENSG00000286398	0	0	0
ENSG00000076356	263	0	263
ENSG00000215819	0	0	0
ENSG00000185523	1	0	1
ENSG00000236108	1	1	0
ENSG00000116711	244	0	244
ENSG00000231684	3	0	3
ENSG00000226750	0	0	0
ENSG00000285665	8	0	8
ENSG00000231022	0	0	0
ENSG00000224436	0	0	0
ENSG00000228208	0	0	0
ENSG00000273384	1	0	1
ENSG00000238061	1	0	1
ENSG00000234915	0	0	0
ENSG00000143845	20	0	38
ENSG00000235862	0	0	3
ENSG00000069812	0	0	0
ENSG00000227585	0	0	0
ENSG00000157060	0	0	0
ENSG00000237213	0	0	0
ENSG00000236439	60	0	60
ENSG00000224260	0	0	0
ENSG00000213045	4	4	0
ENSG00000287220	0	0	0
ENSG00000230063	0	0	0
ENSG00000235467	0	0	0
ENSG00000123684	6529	2	6527
ENSG00000117707	7	0	7
ENSG00000228044	0	0	0
ENSG00000225338	1	1	0
ENSG00000224407	0	860	0
ENSG00000232463	1	1	0
ENSG00000237457	0	0	0
ENSG00000225171	7	0	7
ENSG00000226843	0	0	0
ENSG00000235386	0	0	0
ENSG00000123836	937	88	937
ENSG00000213690	0	0	0
ENSG00000223982	0	0	0
ENSG00000229832	3	0	3
ENSG00000117691	422	0	422
ENSG00000225233	0	0	0
ENSG00000274895	0	0	0
ENSG00000237514	0	0	0
ENSG00000287856	0	0	0
ENSG00000228067	0	0	0
ENSG00000284299	0	0	0
ENSG00000226375	0	0	0
ENSG00000203705	564	2	562
ENSG00000224040	0	0	0
ENSG00000228686	28	28	0
ENSG00000279838	27	2	25
ENSG00000174175	487	0	487
ENSG00000236401	0	0	0
ENSG00000241475	0	0	0
ENSG00000215800	0	0	0
ENSG00000286421	0	0	0
ENSG00000270936	0	0	0
ENSG00000008118	0	0	0
ENSG00000171161	1465	5	1460
ENSG00000241505	0	0	0
ENSG00000224535	0	0	0
ENSG00000282097	0	0	0
ENSG00000261453	4	4	0
ENSG00000231020	0	0	0
ENSG00000270818	0	0	0
ENSG00000196878	20	0	20
ENSG00000133059	1514	1	1513
ENSG00000225561	0	0	0
ENSG00000224668	0	0	0
ENSG00000242529	0	0	0
ENSG00000074964	1027	0	1027
ENSG00000223847	0	0	0
ENSG00000277704	0	0	0
ENSG00000116918	1191	15	1190
ENSG00000274020	256	4	343
ENSG00000287445	5	0	5
ENSG00000259815	1	1	0
ENSG00000240963	0	0	0
ENSG00000226570	0	0	0
ENSG00000198929	2	0	2
ENSG00000272167	0	0	0
ENSG00000230628	1	0	1
ENSG00000162771	0	3	0
ENSG00000227579	0	0	0
ENSG00000176393	2229	1	3399
ENSG00000174606	1218	0	1218
ENSG00000179914	21	0	21
ENSG00000235750	6211	3	6208
ENSG00000284376	0	0	0
ENSG00000121446	2	2	0
ENSG00000226758	0	0	0
ENSG00000230199	1	0	1
ENSG00000236905	3	1	2
ENSG00000233304	0	0	0
ENSG00000288007	1	0	2
ENSG00000227887	0	0	0
ENSG00000116903	1470	0	1670
ENSG00000228255	0	0	0
ENSG00000226196	0	0	0
ENSG00000287354	0	3	0
ENSG00000233827	0	0	0
ENSG00000198797	0	0	0
ENSG00000271746	5	1	5
ENSG00000234233	0	0	0
ENSG00000151414	3434	1	3433
ENSG00000177614	19	0	19
ENSG00000223794	0	0	0
ENSG00000235182	0	2	0
ENSG00000213041	0	0	0
ENSG00000287157	0	0	0
ENSG00000233920	0	0	0
ENSG00000183831	0	0	0
ENSG00000225755	1	1	0
ENSG00000143858	106	161	1
ENSG00000197472	0	0	0
ENSG00000230184	0	0	0
ENSG00000234004	3	0	3
ENSG00000232436	0	0	0
ENSG00000231718	0	0	0
ENSG00000283952	0	0	0
ENSG00000230019	0	0	0
ENSG00000136643	802	0	802
ENSG00000232537	0	0	0
ENSG00000226036	0	0	0
ENSG00000285521	0	0	0
ENSG00000236317	0	0	0
ENSG00000176855	0	0	0
ENSG00000227728	0	0	0
ENSG00000133069	296	6	290
ENSG00000162877	51	0	51
ENSG00000233461	60	1	60
ENSG00000225401	0	0	0
ENSG00000228190	0	0	0
ENSG00000135747	0	0	0
ENSG00000227237	0	0	0
ENSG00000069248	1877	0	1877
ENSG00000232812	0	0	0
ENSG00000231666	0	0	0
ENSG00000226986	2	0	2
ENSG00000242042	0	0	0
ENSG00000234464	0	0	0
ENSG00000253148	0	0	0
ENSG00000227751	0	869	0
ENSG00000090104	101	0	101
ENSG00000285280	35	899	7
ENSG00000232892	0	0	0
ENSG00000236950	0	0	0
ENSG00000236468	0	0	0
ENSG00000143322	937	1	936
ENSG00000185220	439	0	439
ENSG00000226003	1	1	0
ENSG00000230813	1	0	1
ENSG00000226862	18	0	22
ENSG00000236101	0	0	0
ENSG00000162769	469	0	469
ENSG00000133065	1153	0	1153
ENSG00000278684	0	0	0
ENSG00000236775	0	0	0
ENSG00000042781	0	0	0
ENSG00000234754	0	0	0
ENSG00000233084	7	0	7
ENSG00000227815	5	0	5
ENSG00000287046	0	0	0
ENSG00000223774	0	0	2
ENSG00000228863	24	5050	16
ENSG00000228646	0	0	0
ENSG00000229112	0	0	0
ENSG00000233332	0	0	0
ENSG00000231984	0	0	0
ENSG00000286213	0	0	0
ENSG00000226876	0	0	0
ENSG00000277462	95	0	95
ENSG00000225591	0	0	0
ENSG00000035687	2160	2	2158
ENSG00000213080	1	0	1
ENSG00000180287	0	0	0
ENSG00000226693	0	0	0
ENSG00000234678	112	1289	0
ENSG00000231272	0	0	0
ENSG00000223828	0	0	0
ENSG00000163431	7	7	2
ENSG00000230124	721	1	859
ENSG00000226723	0	0	0
ENSG00000272672	0	0	0
ENSG00000143473	1	9	0
ENSG00000228982	0	0	0
ENSG00000235096	0	0	0
ENSG00000237250	0	0	0
ENSG00000007341	130	37	202
ENSG00000286747	0	0	0
ENSG00000236069	1	1	0
ENSG00000236244	1	1	0
ENSG00000272865	0	0	0
ENSG00000117222	1523	1	1522
ENSG00000143324	1122	1	1121
ENSG00000229871	0	0	0
ENSG00000225222	0	0	0
ENSG00000118193	75	0	75
ENSG00000234116	0	0	0
ENSG00000231940	8	0	8
ENSG00000198842	1	0	1
ENSG00000286619	0	0	0
ENSG00000198756	264	0	264
ENSG00000259823	3	1	2
ENSG00000271558	0	0	0
ENSG00000227554	0	0	0
ENSG00000178596	0	0	0
ENSG00000135749	568	20	612
ENSG00000143786	40	1	42
ENSG00000224584	0	0	0
ENSG00000054282	540	46	592
ENSG00000183780	21	0	21
ENSG00000229663	2	2	0
ENSG00000162702	1933	0	1933
ENSG00000251508	0	0	0
ENSG00000238272	0	0	0
ENSG00000228530	0	0	0
ENSG00000235060	0	0	0
ENSG00000143194	2	0	2
ENSG00000229531	0	0	0
ENSG00000271329	1	0	1
ENSG00000054267	4498	11	4489
ENSG00000261831	0	0	0
ENSG00000287921	0	0	0
ENSG00000177800	0	0	0
ENSG00000225620	0	0	0
ENSG00000232166	0	0	0
ENSG00000175137	2900	3	2897
ENSG00000134245	30	95	14
ENSG00000234041	0	0	0
ENSG00000227373	27	0	27
ENSG00000231905	0	0	0
ENSG00000228175	8	5	3
ENSG00000069275	6006	5	6001
ENSG00000143674	82	0	82
ENSG00000237317	0	0	0
ENSG00000187889	0	0	0
ENSG00000134375	1038	1	1037
ENSG00000097046	258	4	254
ENSG00000232113	0	0	0
ENSG00000282718	0	0	0
ENSG00000231378	0	0	0
ENSG00000235605	0	0	2
ENSG00000223525	1	0	1
ENSG00000224857	2	2	0
ENSG00000273367	1	0	1
ENSG00000230604	1	1	0
ENSG00000231605	0	0	0
ENSG00000236358	2	2	2
ENSG00000203737	0	0	0
ENSG00000238003	2	0	2
ENSG00000215873	0	0	0
ENSG00000287008	0	0	0
ENSG00000185420	248	0	248
ENSG00000076321	786	0	786
ENSG00000272175	0	0	2
ENSG00000231564	0	0	0
ENSG00000135778	497	49	512
ENSG00000213070	0	0	0
ENSG00000282265	0	0	0
ENSG00000250536	1	0	1
ENSG00000229747	0	0	0
ENSG00000117280	3474	2	3472
ENSG00000233985	0	0	0
ENSG00000232175	0	0	0
ENSG00000287423	0	0	0
ENSG00000286774	1	0	1
ENSG00000236719	0	0	0
ENSG00000136636	227	0	227
ENSG00000225486	0	0	0
ENSG00000227043	0	0	0
ENSG00000163874	876	2	874
ENSG00000285777	1	0	1
ENSG00000237249	0	0	0
ENSG00000286109	0	0	0
ENSG00000213068	0	0	0
ENSG00000054392	154	0	157
ENSG00000227994	0	0	0
ENSG00000286552	0	0	0
ENSG00000225711	0	0	0
ENSG00000122223	2599	38	2562
ENSG00000235869	0	0	0
ENSG00000188739	43	0	43
ENSG00000286666	0	0	0
ENSG00000135750	15	0	15
ENSG00000273198	1	0	1
ENSG00000203730	4	4	0
ENSG00000225719	0	0	0
ENSG00000273483	1	0	1
ENSG00000287987	0	0	0
ENSG00000203729	0	0	0
ENSG00000232809	0	0	0
ENSG00000284623	0	0	0
ENSG00000285981	0	0	0
ENSG00000261729	0	0	0
ENSG00000223869	0	0	0
ENSG00000229228	3	0	3
ENSG00000215796	0	0	0
ENSG00000185221	0	0	0
ENSG00000233047	0	0	0
ENSG00000143341	10	0	10
ENSG00000228309	0	0	0
ENSG00000229739	17	0	17
ENSG00000116703	0	0	0
ENSG00000273874	0	0	0
ENSG00000278791	0	17	0
ENSG00000278757	0	0	0
ENSG00000264341	0	0	0
ENSG00000264101	0	0	0
ENSG00000265141	0	0	0
ENSG00000221083	0	0	0
ENSG00000252404	1	0	1
ENSG00000222511	0	0	0
ENSG00000265392	0	0	0
ENSG00000243267	4	0	4
ENSG00000201725	1	0	1
ENSG00000274258	1	0	1
ENSG00000239149	3	0	3
ENSG00000252151	0	0	0
ENSG00000252969	0	0	0
ENSG00000252417	0	0	0
ENSG00000200975	0	0	0
ENSG00000201609	0	0	0
ENSG00000238482	0	0	0
ENSG00000252956	0	0	0
ENSG00000265606	0	0	0
ENSG00000284357	0	0	0
ENSG00000278034	0	0	0
ENSG00000207237	0	0	0
ENSG00000222784	0	0	0
ENSG00000266210	0	0	0
ENSG00000265961	0	0	0
ENSG00000251866	0	0	0
ENSG00000252691	0	0	0
ENSG00000264371	0	0	0
ENSG00000253005	4	0	4
ENSG00000238316	0	0	0
ENSG00000207941	0	0	0
ENSG00000264773	4	0	4
ENSG00000252448	4	4	0
ENSG00000200421	0	0	0
ENSG00000222282	8	8	0
ENSG00000199963	0	0	0
ENSG00000264698	0	0	0
ENSG00000207328	0	0	0
ENSG00000207466	0	0	0
ENSG00000252368	0	0	0
ENSG00000206779	0	0	0
ENSG00000265596	0	0	0
ENSG00000212541	34	34	0
ENSG00000200796	0	0	0
ENSG00000252190	0	0	0
ENSG00000264613	0	0	0
ENSG00000199240	0	0	0
ENSG00000277168	0	0	0
ENSG00000283724	0	0	0
ENSG00000284410	0	0	0
ENSG00000252018	0	0	0
ENSG00000206627	0	0	0
ENSG00000283414	0	0	0
ENSG00000207508	0	0	0
ENSG00000200171	0	0	0
ENSG00000207194	0	0	0
ENSG00000283477	0	0	0
ENSG00000264834	0	0	0
ENSG00000263675	5	0	5
ENSG00000266188	0	0	0
ENSG00000206981	0	0	0
ENSG00000200174	0	0	0
ENSG00000265822	0	0	0
ENSG00000265815	0	0	0
ENSG00000238653	0	0	0
ENSG00000212624	0	0	0
ENSG00000200575	0	0	0
ENSG00000212360	0	0	0
ENSG00000242860	0	0	0
ENSG00000263908	0	0	0
ENSG00000283690	0	0	0
ENSG00000199921	0	0	0
ENSG00000251825	0	0	0
ENSG00000201153	0	0	0
ENSG00000222624	0	0	0
ENSG00000223152	0	0	0
ENSG00000212308	0	0	0
ENSG00000279049	0	30	0
ENSG00000276081	0	0	0
ENSG00000239640	0	0	0
ENSG00000252338	0	0	0
ENSG00000251785	0	0	0
ENSG00000239319	0	0	0
ENSG00000222849	0	0	0
ENSG00000283749	0	0	0
ENSG00000251958	0	0	0
ENSG00000251767	0	0	0
ENSG00000243437	0	0	0
ENSG00000202263	0	0	0
ENSG00000199318	0	0	0
ENSG00000199666	0	0	0
ENSG00000200601	0	0	0
ENSG00000242482	0	0	0
ENSG00000212366	0	0	0
ENSG00000201620	0	0	0
ENSG00000206817	0	0	0
ENSG00000284247	0	0	0
ENSG00000200839	0	0	0
ENSG00000264963	0	0	0
ENSG00000264271	0	0	0
ENSG00000239504	0	0	0
ENSG00000284202	0	0	0
ENSG00000251720	0	0	0
ENSG00000274321	0	0	0
ENSG00000198974	1	0	1
ENSG00000212248	0	0	0
ENSG00000207962	0	0	0
ENSG00000276884	0	0	0
ENSG00000207234	3	0	3
ENSG00000202259	0	0	0
ENSG00000212459	0	0	0
ENSG00000278287	0	0	0
ENSG00000277565	0	0	0
ENSG00000263526	0	0	0
ENSG00000211575	0	0	0
ENSG00000275823	0	0	0
ENSG00000277689	0	0	0
ENSG00000274199	0	0	0
ENSG00000202254	0	0	0
ENSG00000244256	4	0	4
ENSG00000201491	0	0	0
ENSG00000199831	0	0	0
ENSG00000275455	0	0	0
ENSG00000252162	0	0	0
ENSG00000272051	0	0	0
ENSG00000283899	0	0	0
ENSG00000200800	0	0	0
ENSG00000207502	0	0	0
ENSG00000252530	0	0	0
ENSG00000200536	1	1	0
ENSG00000211543	0	0	0
ENSG00000252797	0	0	0
ENSG00000212266	0	0	0
ENSG00000222209	0	0	0
ENSG00000277141	0	0	0
ENSG00000215930	1	0	1
ENSG00000238761	0	0	0
ENSG00000201114	0	0	0
ENSG00000206679	0	0	0
ENSG00000264419	0	0	0
ENSG00000222069	0	0	0
ENSG00000274428	1	1	0
ENSG00000199879	0	0	0
ENSG00000274408	0	0	0
ENSG00000283676	1	0	1
ENSG00000252005	0	0	0
ENSG00000252510	0	0	0
ENSG00000207340	1	0	1
ENSG00000252830	0	0	0
ENSG00000274450	0	0	0
ENSG00000252135	1	1	0
ENSG00000278596	0	0	0
ENSG00000238825	0	0	0
ENSG00000201183	1	1	0
ENSG00000202408	0	0	0
ENSG00000252744	0	0	0
ENSG00000273768	2	2	0
ENSG00000242565	0	0	0
ENSG00000239984	0	0	0
ENSG00000283296	0	0	0
ENSG00000252717	0	0	0
ENSG00000194297	0	0	0
ENSG00000199565	0	0	0
ENSG00000277313	0	0	0
ENSG00000274940	0	0	0
ENSG00000207341	0	0	0
ENSG00000207472	0	0	0
ENSG00000206880	0	0	0
ENSG00000252552	0	0	0
ENSG00000199849	0	0	0
ENSG00000252407	0	0	0
ENSG00000212538	0	0	0
ENSG00000251813	0	0	0
ENSG00000207108	0	0	0
ENSG00000201312	0	0	0
ENSG00000207039	0	0	0
ENSG00000202491	0	0	0
ENSG00000201596	0	0	0
ENSG00000276839	0	0	0
ENSG00000207974	0	0	0
ENSG00000273629	1	0	1
ENSG00000201493	0	0	0
ENSG00000215952	0	0	0
ENSG00000200139	0	0	0
ENSG00000283575	0	0	0
ENSG00000238765	0	0	0
ENSG00000264916	0	0	0
ENSG00000212338	0	0	0
ENSG00000206659	0	0	0
ENSG00000253025	0	0	0
ENSG00000201619	0	0	0
ENSG00000201544	4	0	4
ENSG00000202498	0	0	0
ENSG00000221545	0	0	0
ENSG00000252906	0	0	0
ENSG00000206692	0	0	0
ENSG00000202329	0	0	0
ENSG00000242794	0	0	0
ENSG00000212144	0	0	0
ENSG00000283340	0	0	0
ENSG00000252860	0	0	0
ENSG00000252501	0	0	0
ENSG00000263390	0	0	0
ENSG00000207181	0	0	0
ENSG00000265744	0	0	0
ENSG00000264377	0	0	0
ENSG00000207149	0	0	0
ENSG00000283936	0	0	0
ENSG00000284485	0	0	0
ENSG00000201638	0	0	0
ENSG00000275213	0	0	0
ENSG00000239494	1	1	0
ENSG00000212230	0	0	0
ENSG00000252371	0	0	0
ENSG00000199442	0	0	0
ENSG00000200033	0	0	0
ENSG00000239690	0	0	0
ENSG00000202184	0	0	0
ENSG00000241395	0	0	0
ENSG00000200982	0	0	0
ENSG00000275207	0	0	0
ENSG00000202300	0	0	0
ENSG00000222407	0	0	0
ENSG00000222986	0	0	0
ENSG00000265435	0	0	0
ENSG00000272262	0	0	0
ENSG00000200495	0	0	0
ENSG00000202609	0	0	0
ENSG00000252553	0	0	0
ENSG00000206764	0	0	0
ENSG00000222240	0	0	0
ENSG00000212187	0	0	0
ENSG00000206637	0	0	0
ENSG00000253097	0	0	0
ENSG00000200036	0	0	0
ENSG00000201421	0	0	0
ENSG00000212610	0	0	0
ENSG00000252484	0	0	0
ENSG00000201944	0	0	0
ENSG00000200327	0	0	0
ENSG00000206905	0	0	0
ENSG00000200972	0	0	0
ENSG00000243051	0	0	0
ENSG00000252011	0	0	0
ENSG00000207326	0	0	0
ENSG00000212205	3	3	0
ENSG00000253042	0	0	0
ENSG00000274121	0	0	0
ENSG00000264358	0	0	0
ENSG00000206640	0	0	0
ENSG00000212527	0	0	0
ENSG00000252879	0	0	0
ENSG00000252612	2	0	2
ENSG00000202264	0	0	0
ENSG00000285609	0	0	0
ENSG00000206762	4	4	0
ENSG00000252084	0	0	0
ENSG00000200085	0	0	0
ENSG00000264500	10	8	2
ENSG00000202025	0	0	0
ENSG00000225545	0	0	0
ENSG00000206990	0	0	0
ENSG00000230175	1	1	0
ENSG00000225272	0	0	0
ENSG00000215838	1	0	1
ENSG00000273365	5	1	4
ENSG00000224358	8	0	8
ENSG00000230659	1	0	1
ENSG00000162545	90	0	90
ENSG00000090432	1103	1	1102
ENSG00000215520	0	0	0
ENSG00000183114	0	0	0
ENSG00000158825	1849	1	1848
ENSG00000158828	650	319	2226
ENSG00000284005	0	0	0
ENSG00000117242	167	1611	449
ENSG00000234473	2	0	2
ENSG00000238754	0	0	0
ENSG00000134371	1642	5	1640
ENSG00000221680	0	0	0
ENSG00000162630	58	1	60
ENSG00000276735	2	2	0
ENSG00000232077	2	0	2
ENSG00000229639	0	0	0
ENSG00000287453	0	0	0
ENSG00000270615	0	0	0
ENSG00000287283	0	0	0
ENSG00000240692	0	0	0
ENSG00000229359	0	0	0
ENSG00000237919	0	0	0
ENSG00000066557	653	0	653
ENSG00000244389	0	0	0
ENSG00000228988	0	0	0
ENSG00000118454	889	0	889
ENSG00000226088	3	3	0
ENSG00000116761	26	0	26
ENSG00000278636	0	0	0
ENSG00000271992	2	0	2
ENSG00000233020	0	0	0
ENSG00000237033	0	0	0
ENSG00000226208	0	0	0
ENSG00000007968	476	1	475
ENSG00000235052	3	0	3
ENSG00000117318	737	0	737
ENSG00000285802	5	0	5
ENSG00000229239	0	0	0
ENSG00000142676	43617	45	43572
ENSG00000057757	1602	2	1600
ENSG00000011009	2395	1	2395
ENSG00000117308	271	2	269
ENSG00000273844	0	0	0
ENSG00000235748	0	0	0
ENSG00000237861	0	0	0
ENSG00000221879	0	0	0
ENSG00000230260	0	0	0
ENSG00000199241	0	0	0
ENSG00000226919	0	2	0
ENSG00000223963	0	0	0
ENSG00000215802	0	0	0
ENSG00000233615	0	0	0
ENSG00000238085	0	0	0
ENSG00000265831	0	0	0
ENSG00000224348	0	0	0
ENSG00000286496	5	0	5
ENSG00000287516	0	0	0
ENSG00000287738	0	0	0
ENSG00000132703	0	0	0
ENSG00000276632	0	0	0
ENSG00000223603	0	0	0
ENSG00000132693	0	0	0
ENSG00000235226	0	0	0
ENSG00000158716	276	0	276
ENSG00000181036	1407	9	1398
ENSG00000158714	70	59	295
ENSG00000212161	0	0	0
ENSG00000243284	1	0	2
ENSG00000272668	83	44	41
ENSG00000213085	133	0	133
ENSG00000266458	0	0	0
ENSG00000287040	2	2	0
ENSG00000279430	5	0	5
ENSG00000162723	2	0	2
ENSG00000273933	0	0	0
ENSG00000256029	11	97	36
ENSG00000188004	1	0	1
ENSG00000266580	0	0	0
ENSG00000254545	0	22	0
ENSG00000203620	1	0	1
ENSG00000269967	6	0	6
ENSG00000228634	4	4	0
ENSG00000284702	0	0	0
ENSG00000221040	0	0	0
ENSG00000287217	1	0	1
ENSG00000163399	5404	45	15213
ENSG00000212385	0	0	0
ENSG00000233154	17	0	17
ENSG00000230381	0	0	0
ENSG00000200547	0	0	0
ENSG00000224950	86	0	106
ENSG00000286276	7	27	0
ENSG00000177888	772	1	771
ENSG00000243364	195	1	194
ENSG00000251246	0	0	0
ENSG00000143590	52	0	52
ENSG00000202027	0	0	0
ENSG00000169242	92	0	92
ENSG00000169241	892	1	891
ENSG00000223452	0	0	0
ENSG00000163463	161	0	161
ENSG00000273088	0	0	0
ENSG00000284586	0	0	0
ENSG00000169231	321	5	684
ENSG00000236263	0	111	10
ENSG00000236675	126	125	1
ENSG00000177628	1826	2	1824
ENSG00000116521	2090	1	2089
ENSG00000176444	2577	1	2576
ENSG00000143630	47	1	51
ENSG00000143627	0	5	0
ENSG00000253074	0	0	0
ENSG00000252116	0	0	0
ENSG00000228523	0	0	0
ENSG00000223263	2	2	0
ENSG00000207504	0	0	0
ENSG00000238139	0	0	0
ENSG00000197721	8	0	8
ENSG00000244703	0	0	0
ENSG00000226289	0	0	0
ENSG00000285239	0	0	0
ENSG00000234219	2	1	1
ENSG00000174059	63	0	63
ENSG00000285719	0	0	0
ENSG00000284237	1	0	1
ENSG00000158731	0	0	0
ENSG00000201746	1	0	1
ENSG00000264881	1	1	0
ENSG00000199562	0	0	0
ENSG00000264501	0	0	0
ENSG00000284735	1	1	0
ENSG00000284642	30	3	27
ENSG00000142657	10726	6	10720
ENSG00000271989	0	2	0
ENSG00000251503	1	1	0
ENSG00000175279	7	1	6
ENSG00000160049	1139	0	1344
ENSG00000203469	0	117	0
ENSG00000236035	0	0	0
ENSG00000221643	1	0	1
ENSG00000122188	1576	0	1576
ENSG00000288644	0	0	0
ENSG00000227417	0	0	0
ENSG00000223505	2	2	0
ENSG00000182004	911	0	911
ENSG00000236430	1	1	0
ENSG00000130768	53	4	66
ENSG00000227050	0	15	2
ENSG00000238231	3	2	1
ENSG00000240750	0	0	0
ENSG00000158156	2272	1	2272
ENSG00000182118	62	0	62
ENSG00000283799	0	0	0
ENSG00000227934	2	1	1
ENSG00000229595	0	0	0
ENSG00000143633	450	0	450
ENSG00000281912	5	0	5
ENSG00000288208	0	0	0
ENSG00000132773	380	59	431
ENSG00000070759	343	25	349
ENSG00000236872	0	0	0
ENSG00000280670	85	0	85
ENSG00000132763	164	1051	187
ENSG00000221953	0	0	0
ENSG00000226164	0	0	0
ENSG00000224014	1	0	1
ENSG00000215795	3	2	1
ENSG00000259865	299	1	298
ENSG00000227671	1696	0	1696
ENSG00000283881	0	0	0
ENSG00000252516	13	0	13
ENSG00000232347	1	1	0
ENSG00000214144	0	0	0
ENSG00000235818	0	0	0
ENSG00000197617	0	0	0
ENSG00000202079	0	0	0
ENSG00000286216	0	2	0
ENSG00000203664	0	0	0
ENSG00000169224	51	1	56
ENSG00000236817	0	5	0
ENSG00000177489	0	0	0
ENSG00000177476	0	0	0
ENSG00000283369	0	0	0
ENSG00000230411	0	0	0
ENSG00000251977	0	0	0
ENSG00000252254	0	0	0
ENSG00000227854	0	0	0
ENSG00000287589	0	0	0
ENSG00000259776	0	0	0
ENSG00000233355	1218	1	1235
ENSG00000234601	0	0	0
ENSG00000231979	0	0	0
ENSG00000215805	0	0	0
ENSG00000287102	0	0	0
ENSG00000217327	0	0	0
ENSG00000228818	0	0	0
ENSG00000202041	0	0	0
ENSG00000223694	0	0	0
ENSG00000233735	0	0	0
ENSG00000133019	15	18	15
ENSG00000162636	1257	7	1250
ENSG00000162639	1010	2	1008
ENSG00000285923	2	0	2
ENSG00000134186	4955	46	4909
ENSG00000143107	3	0	3
ENSG00000232971	0	0	0
ENSG00000116266	2720	0	2720
ENSG00000228076	0	0	0
ENSG00000203897	0	0	0
ENSG00000237349	0	0	0
ENSG00000244716	79	0	79
ENSG00000228665	2	0	2
ENSG00000228054	0	0	0
ENSG00000273382	26	135	17
ENSG00000215717	2367	1	2492
ENSG00000278249	0	0	0
ENSG00000270066	0	0	0
ENSG00000251484	0	0	0
ENSG00000132676	3322	192	3315
ENSG00000227673	1	1	0
ENSG00000203761	250	128	192
ENSG00000234937	3	3	0
ENSG00000132718	1791	0	1791
ENSG00000283442	1	1	0
ENSG00000143622	2205	3	2202
ENSG00000132680	2203	3	2200
ENSG00000207475	2	0	2
ENSG00000280466	0	0	0
ENSG00000281394	0	0	0
ENSG00000277817	2	0	2
ENSG00000273002	84	0	86
ENSG00000224276	2	2	0
ENSG00000285677	3	2565	0
ENSG00000163479	5263	2	7823
ENSG00000160803	1711	0	1711
ENSG00000132698	23	0	23
ENSG00000252236	0	0	0
ENSG00000260238	0	0	0
ENSG00000242252	12	0	12
ENSG00000198952	3934	2	3932
ENSG00000163472	351	223	373
ENSG00000163468	4973	4	4977
ENSG00000132677	0	0	0
ENSG00000237390	0	0	0
ENSG00000207933	0	0	0
ENSG00000254726	1	0	1
ENSG00000186377	1	0	1
ENSG00000186160	0	0	0
ENSG00000225154	0	0	0
ENSG00000225506	2	0	3
ENSG00000225514	0	0	0
ENSG00000224805	21	1	37
ENSG00000162366	202	0	202
ENSG00000226252	8	44	1
ENSG00000225762	1	0	1
ENSG00000186790	1	0	1
ENSG00000237424	117	0	117
ENSG00000189030	0	0	0
ENSG00000162763	0	0	0
ENSG00000143061	13	0	13
ENSG00000135821	15007	3	15004
ENSG00000203740	0	0	0
ENSG00000162374	3	1	2
ENSG00000168275	173	13	232
ENSG00000241563	2	1	1
ENSG00000153207	4378	3	4375
ENSG00000156869	334	1	333
ENSG00000033122	44	21	23
ENSG00000143278	0	0	0
ENSG00000116678	197	0	197
ENSG00000159352	4035	4	4031
ENSG00000158710	37063	16	37048
ENSG00000162734	3428	13	3604
ENSG00000049239	3556	1	3555
ENSG00000186564	12	0	12
ENSG00000244038	6437	9	6428
ENSG00000158747	39	2	38
ENSG00000116690	54	444	56
ENSG00000126091	48	0	49
ENSG00000162383	57	1	56
ENSG00000171163	1108	2	1106
ENSG00000172456	107	0	107
ENSG00000162946	674	0	675
ENSG00000158786	0	0	0
ENSG00000118733	0	0	0
ENSG00000157870	1021	22	1197
ENSG00000179085	190	0	190
ENSG00000173080	4	4	0
ENSG00000183347	26	0	26
ENSG00000276470	0	0	0
ENSG00000278852	0	0	0
ENSG00000275915	0	0	0
ENSG00000120937	0	0	0
ENSG00000224904	0	0	0
ENSG00000285646	27	23	4
ENSG00000199347	0	0	0
ENSG00000201801	1	1	0
ENSG00000116685	2650	0	2650
ENSG00000083444	2421	0	2421
ENSG00000287384	0	0	0
ENSG00000270914	0	0	0
ENSG00000116691	904	1	903
ENSG00000202461	8	8	0
ENSG00000276869	0	0	0
ENSG00000243539	0	0	0
ENSG00000120949	584	1	583
ENSG00000201135	0	0	0
ENSG00000227875	0	0	0
ENSG00000285604	0	0	0
ENSG00000283789	0	0	0
ENSG00000263676	0	0	0
ENSG00000200591	0	0	0
ENSG00000162521	3948	7	5878
ENSG00000162520	0	1930	7
ENSG00000224409	0	0	0
ENSG00000162522	192	1	191
ENSG00000116497	1659	0	1690
ENSG00000160097	12	10	2
ENSG00000121905	1	1	1
ENSG00000121900	3	0	4
ENSG00000287691	23	28	1
ENSG00000278966	9	9	0
ENSG00000143222	1964	3	2552
ENSG00000224985	9	598	2
ENSG00000143224	634	167	658
ENSG00000158850	1891	28	2047
ENSG00000158859	63	6	58
ENSG00000158869	10367	4	10363
ENSG00000158874	5	5	0
ENSG00000158882	372	0	564
ENSG00000284035	1	0	1
ENSG00000143257	17	209	0
ENSG00000248485	35	35	0
ENSG00000188931	107	119	0
ENSG00000236484	0	0	0
ENSG00000283696	92	0	92
ENSG00000288093	6	0	6
ENSG00000206921	0	0	0
ENSG00000215840	2	0	2
ENSG00000277882	0	0	0
ENSG00000283317	21	21	0
ENSG00000277762	0	0	0
ENSG00000227139	0	0	0
ENSG00000265107	0	0	0
ENSG00000274415	0	0	0
ENSG00000234190	0	0	0
ENSG00000223728	0	0	0
ENSG00000121634	0	0	0
ENSG00000188092	188	0	188
ENSG00000215859	26	28	0
ENSG00000273059	0	0	2
ENSG00000274372	6	0	6
ENSG00000206791	0	0	0
ENSG00000206585	0	0	0
ENSG00000229828	0	0	0
ENSG00000225080	6	6	0
ENSG00000198658	3	0	3
ENSG00000238382	0	0	0
ENSG00000225919	0	0	0
ENSG00000236497	0	0	0
ENSG00000207190	0	0	0
ENSG00000200508	0	0	0
ENSG00000284928	0	0	0
ENSG00000223949	0	0	0
ENSG00000116688	4940	1	4939
ENSG00000188800	0	0	0
ENSG00000084073	1815	1	1817
ENSG00000231296	1	4	0
ENSG00000049089	782	4	778
ENSG00000227311	0	0	0
ENSG00000213172	0	0	0
ENSG00000284677	0	1	0
ENSG00000187801	96	0	96
ENSG00000260920	110	0	110
ENSG00000158887	154	1	153
ENSG00000255054	0	0	0
ENSG00000228172	13	466	27
ENSG00000117640	1057	10	1353
ENSG00000272478	0	0	0
ENSG00000127423	20	24	7
ENSG00000182749	312	19	423
ENSG00000207302	0	0	0
ENSG00000117632	1478	0	1478
ENSG00000229786	0	0	0
ENSG00000223624	1	1	0
ENSG00000283938	0	0	0
ENSG00000199385	0	0	0
ENSG00000187147	2438	37	3723
ENSG00000263381	0	0	0
ENSG00000126106	71	1303	90
ENSG00000198520	838	8	830
ENSG00000199377	0	0	0
ENSG00000200169	0	0	0
ENSG00000142945	100	6	113
ENSG00000142937	22442	23	25059
ENSG00000264294	0	0	0
ENSG00000200913	0	0	0
ENSG00000202031	0	0	0
ENSG00000207421	0	0	0
ENSG00000281859	0	0	0
ENSG00000234093	2	2	0
ENSG00000142959	14	0	14
ENSG00000173846	682	2	716
ENSG00000117425	42	2	40
ENSG00000202444	0	0	0
ENSG00000226499	1	0	1
ENSG00000070785	345	0	345
ENSG00000253039	0	0	0
ENSG00000229815	0	0	0
ENSG00000232369	0	0	0
ENSG00000268949	0	0	0
ENSG00000126107	1962	4	1965
ENSG00000126088	1135	5	1137
ENSG00000234315	0	0	0
ENSG00000162408	1213	0	1213
ENSG00000229519	5	5	0
ENSG00000173662	0	0	0
ENSG00000204859	1345	15	1330
ENSG00000288629	0	0	0
ENSG00000230735	0	15	0
ENSG00000171488	3508	4	3504
ENSG00000226394	0	0	0
ENSG00000237200	6	0	6
ENSG00000070886	0	0	0
ENSG00000276835	0	0	0
ENSG00000265422	0	0	0
ENSG00000223776	4	111	7
ENSG00000273058	39	0	39
ENSG00000230325	6	29	10
ENSG00000119285	1723	1435	2074
ENSG00000226498	0	0	0
ENSG00000237991	2	0	2
ENSG00000244020	0	0	0
ENSG00000288099	0	0	0
ENSG00000225886	3	8	0
ENSG00000206767	0	0	0
ENSG00000226662	0	0	0
ENSG00000207095	0	0	0
ENSG00000287244	0	0	0
ENSG00000231344	0	0	0
ENSG00000230833	1	0	1
ENSG00000117758	1408	2	1406
ENSG00000269971	1	0	1
ENSG00000270031	9	0	9
ENSG00000223062	0	0	0
ENSG00000286433	0	131	0
ENSG00000117751	1795	11	1915
ENSG00000252947	0	0	0
ENSG00000130775	11730	8	11730
ENSG00000117748	3018	113	2913
ENSG00000223643	0	0	0
ENSG00000230239	0	0	0
ENSG00000263811	0	0	0
ENSG00000277234	0	0	0
ENSG00000235241	0	108	0
ENSG00000207005	0	0	0
ENSG00000272426	0	0	0
ENSG00000117122	0	1	1
ENSG00000286898	0	1	1
ENSG00000226526	0	140	1
ENSG00000159363	1782	3	1864
ENSG00000117118	1666	0	1666
ENSG00000117115	5031	2	5029
ENSG00000204362	0	0	0
ENSG00000282843	0	0	0
ENSG00000142623	0	0	0
ENSG00000142619	0	0	0
ENSG00000266634	0	0	0
ENSG00000199459	0	0	0
ENSG00000273264	0	0	0
ENSG00000282057	1	0	1
ENSG00000272691	1	0	1
ENSG00000199934	0	0	0
ENSG00000230285	0	0	0
ENSG00000142871	4	4	0
ENSG00000226643	0	0	0
ENSG00000234419	0	0	0
ENSG00000276997	14	0	14
ENSG00000222399	0	0	0
ENSG00000267305	1	0	1
ENSG00000143512	5	0	5
ENSG00000143498	216	0	226
ENSG00000225265	11	10	11
ENSG00000154305	3667	97	4222
ENSG00000229399	2	2	0
ENSG00000272750	18	645	18
ENSG00000186063	1270	50	1258
ENSG00000162819	2098	2	2127
ENSG00000287684	4	19	3
ENSG00000234523	0	0	0
ENSG00000287338	8	0	8
ENSG00000187554	1038	58	980
ENSG00000236846	4	0	4
ENSG00000226601	1	0	1
ENSG00000164010	436	16	674
ENSG00000164011	368	0	368
ENSG00000233708	0	0	0
ENSG00000237090	0	0	1
ENSG00000225099	0	0	0
ENSG00000284138	1	0	1
ENSG00000283973	1	2	0
ENSG00000207256	0	0	0
ENSG00000283136	0	0	0
ENSG00000277513	0	0	0
ENSG00000154309	245	0	245
ENSG00000226967	0	0	0
ENSG00000231407	0	4	0
ENSG00000229570	0	0	0
ENSG00000203857	0	0	0
ENSG00000226443	3	0	3
ENSG00000249798	0	0	0
ENSG00000239873	1	0	1
ENSG00000203855	0	0	0
ENSG00000240244	2	0	2
ENSG00000260941	10	0	10
ENSG00000198857	2	2	0
ENSG00000143067	126	0	126
ENSG00000134240	0	0	0
ENSG00000134193	111	0	111
ENSG00000215864	0	0	0
ENSG00000227205	0	0	0
ENSG00000226446	0	0	0
ENSG00000134249	0	0	0
ENSG00000092621	328	1	327
ENSG00000027644	2	0	3
ENSG00000241992	0	0	0
ENSG00000234226	0	0	0
ENSG00000137970	252	0	252
ENSG00000223229	0	0	0
ENSG00000285698	0	0	0
ENSG00000228035	0	0	0
ENSG00000287103	0	0	0
ENSG00000226973	0	0	0
ENSG00000274468	0	0	0
ENSG00000130764	1373	26	1603
ENSG00000266075	3	5	0
ENSG00000272153	27	276	5
ENSG00000230026	0	0	0
ENSG00000285177	1	0	1
ENSG00000284770	41	108	41
ENSG00000229795	0	0	0
ENSG00000238236	0	0	0
ENSG00000235638	0	0	0
ENSG00000231199	0	0	0
ENSG00000226663	0	0	0
ENSG00000231582	0	0	0
ENSG00000232714	0	0	0
ENSG00000235761	0	0	0
ENSG00000270710	0	0	0
ENSG00000227236	0	0	0
ENSG00000198837	9747	4	10220
ENSG00000160741	4358	1	4358
ENSG00000276584	0	0	0
ENSG00000282386	7	1	6
ENSG00000273026	15	7	8
ENSG00000143578	171	46	201
ENSG00000143543	188	7	228
ENSG00000285641	0	9	2
ENSG00000143545	28	2	26
ENSG00000177954	48460	14	48447
ENSG00000231416	3	0	3
ENSG00000200220	0	0	0
ENSG00000231837	1	1	0
ENSG00000263987	0	0	0
ENSG00000162642	800	0	800
ENSG00000223254	5	5	0
ENSG00000223653	2	97	4
ENSG00000116198	1569	8	1566
ENSG00000169598	523	0	528
ENSG00000226653	0	0	0
ENSG00000207209	0	0	0
ENSG00000272443	0	0	0
ENSG00000272480	0	0	0
ENSG00000288626	0	0	0
ENSG00000162836	218	1	217
ENSG00000207080	0	0	0
ENSG00000231791	0	0	0
ENSG00000244568	0	0	0
ENSG00000271387	0	0	0
ENSG00000116667	1009	0	1009
ENSG00000230470	0	0	0
ENSG00000232036	0	0	0
ENSG00000285847	2	2	0
ENSG00000286378	0	0	0
ENSG00000215381	0	0	0
ENSG00000261326	200	0	200
ENSG00000284726	9	10	0
ENSG00000125945	575	13	577
ENSG00000201405	0	0	0
ENSG00000271420	4	0	4
ENSG00000204219	378	0	378
ENSG00000232482	0	0	0
ENSG00000285779	0	0	0
ENSG00000162885	190	98	379
ENSG00000270780	0	0	0
ENSG00000232895	0	0	0
ENSG00000273698	0	0	0
ENSG00000273112	29	3	26
ENSG00000173110	3946	17	3929
ENSG00000224203	9	21	0
ENSG00000224515	0	0	0
ENSG00000225217	1281	3	1278
ENSG00000231586	0	2	0
ENSG00000234211	1	54	0
ENSG00000213075	2	2	0
ENSG00000143125	0	0	0
ENSG00000270380	0	0	0
ENSG00000282887	0	0	0
ENSG00000283999	0	0	0
ENSG00000240194	0	0	0
ENSG00000235407	0	0	0
ENSG00000143105	0	0	0
ENSG00000199710	0	0	0
ENSG00000237415	1	0	1
ENSG00000232791	0	0	0
ENSG00000177301	85	1	84
ENSG00000226828	4	4	0
ENSG00000279774	1	0	1
ENSG00000229960	0	0	0
ENSG00000286486	0	0	0
ENSG00000244066	0	0	0
ENSG00000237759	0	0	0
ENSG00000287531	0	0	0
ENSG00000225855	146	1334	35
ENSG00000283701	0	0	0
ENSG00000207134	0	0	0
ENSG00000227773	0	0	0
ENSG00000207144	0	0	0
ENSG00000237872	1	1	0
ENSG00000271267	9	9	0
ENSG00000225082	2	0	2
ENSG00000223503	5	5	1
ENSG00000232519	3	3	1
ENSG00000160752	821	9	2014
ENSG00000121957	121	531	217
ENSG00000235089	0	0	0
ENSG00000285179	0	0	0
ENSG00000223026	0	0	0
ENSG00000225721	0	2655	6
ENSG00000188396	27	59	4
ENSG00000202167	0	0	0
ENSG00000207349	0	0	0
ENSG00000252826	0	0	0
ENSG00000206737	0	0	0
ENSG00000223779	6	0	6
ENSG00000242352	0	0	0
ENSG00000270962	0	0	0
ENSG00000263590	1	0	1
ENSG00000252105	0	0	0
ENSG00000233430	0	0	0
ENSG00000237503	0	0	0
ENSG00000265531	28	0	30
ENSG00000234571	9	10	1
ENSG00000230186	0	4	0
ENSG00000268074	0	0	0
ENSG00000270872	17	0	17
ENSG00000276674	0	0	0
ENSG00000082482	0	0	0
ENSG00000116747	1488	28	1789
ENSG00000118729	0	0	0
ENSG00000134207	1	0	1
ENSG00000163467	9	15	2
ENSG00000243710	11	1	11
ENSG00000117395	878	0	880
ENSG00000116874	257	18	268
ENSG00000065600	477	1	476
ENSG00000009780	420	0	420
ENSG00000023572	363	389	257
ENSG00000077254	2900	3	2897
ENSG00000134644	4590	2	4588
ENSG00000215788	1314	1	1417
ENSG00000117834	56	19	39
ENSG00000117625	1946	3	1943
ENSG00000179902	8	1	8
ENSG00000020633	10005	6	9999
ENSG00000121766	649	0	920
ENSG00000143157	2794	3	2791
ENSG00000162614	235	1	239
ENSG00000160781	101	0	101
ENSG00000143344	214	0	214
ENSG00000162613	4762	5	4759
ENSG00000116882	0	0	0
ENSG00000198758	1	0	1
ENSG00000117569	501	0	501
ENSG00000142856	210	155	188
ENSG00000158022	0	0	0
ENSG00000116396	204	1	203
ENSG00000058668	10123	5	10118
ENSG00000163875	2207	1	2206
ENSG00000282872	0	0	0
ENSG00000131238	12865	8	12865
ENSG00000171680	106	1	105
ENSG00000244457	0	0	0
ENSG00000116977	2711	482	4425
ENSG00000229372	0	315	0
ENSG00000274975	0	0	0
ENSG00000229348	0	0	0
ENSG00000242485	1011	40	1149
ENSG00000264293	0	0	0
ENSG00000272455	77	0	77
ENSG00000225905	0	0	0
ENSG00000225285	0	0	0
ENSG00000179403	2	0	2
ENSG00000215915	65	0	65
ENSG00000236085	0	0	0
ENSG00000234441	0	0	0
ENSG00000227408	0	0	0
ENSG00000223635	0	0	0
ENSG00000135776	971	0	971
ENSG00000199672	0	0	0
ENSG00000201492	3	3	0
ENSG00000229367	0	0	0
ENSG00000135763	580	0	580
ENSG00000213028	0	0	0
ENSG00000225984	0	0	0
ENSG00000178828	0	0	0
ENSG00000235434	0	0	0
ENSG00000169914	449	3	446
ENSG00000188784	0	0	0
ENSG00000242688	0	0	0
ENSG00000177186	0	0	0
ENSG00000177174	0	0	0
ENSG00000269956	42	466	0
ENSG00000162456	0	0	0
ENSG00000079277	2202	0	2626
ENSG00000117407	3	0	3
ENSG00000237950	38	0	38
ENSG00000117408	1244	0	1244
ENSG00000285649	1	146	0
ENSG00000117410	5080	0	5081
ENSG00000159214	63	0	71
ENSG00000196517	11	8	11
ENSG00000227163	0	0	0
ENSG00000271647	0	0	0
ENSG00000239560	0	0	0
ENSG00000196539	0	0	0
ENSG00000229255	1	0	1
ENSG00000203661	0	0	0
ENSG00000271934	0	0	0
ENSG00000224521	0	0	0
ENSG00000227102	0	0	0
ENSG00000183310	0	0	0
ENSG00000201602	0	0	0
ENSG00000271701	0	0	0
ENSG00000189181	0	0	0
ENSG00000187238	0	0	0
ENSG00000185962	0	0	0
ENSG00000226947	0	0	0
ENSG00000285753	0	0	0
ENSG00000187223	0	0	0
ENSG00000159455	0	0	0
ENSG00000187173	0	0	0
ENSG00000204501	0	0	0
ENSG00000228229	0	0	0
ENSG00000204481	0	0	0
ENSG00000204479	0	0	0
ENSG00000172031	16	0	16
ENSG00000233228	0	0	0
ENSG00000224678	0	0	0
ENSG00000233401	1	0	1
ENSG00000273487	9	0	9
ENSG00000226773	0	0	0
ENSG00000274481	0	0	0
ENSG00000228594	182	1	182
ENSG00000286989	71	0	72
ENSG00000272106	116	4	118
ENSG00000189409	11	1	10
ENSG00000272004	0	291	4
ENSG00000189339	3461	19	3738
ENSG00000269737	83	81	2
ENSG00000215914	4	0	4
ENSG00000008128	75	0	75
ENSG00000268575	118	2	207
ENSG00000227775	650	754	2
ENSG00000008130	13156	13	13143
ENSG00000078369	15380	15	15365
ENSG00000178821	0	0	0
ENSG00000158477	86	0	86
ENSG00000230942	2	1	1
ENSG00000158481	1192	0	1192
ENSG00000158485	16	0	16
ENSG00000158488	99	0	99
ENSG00000186306	0	0	0
ENSG00000203758	0	0	0
ENSG00000236257	0	0	0
ENSG00000236656	0	0	0
ENSG00000198703	0	0	0
ENSG00000227445	0	0	0
ENSG00000231434	2	0	2
ENSG00000117505	4368	2	4429
ENSG00000229635	9	9	0
ENSG00000207379	0	0	0
ENSG00000212601	0	0	0
ENSG00000162889	5889	2	5887
ENSG00000224114	221	4	217
ENSG00000199349	3	3	0
ENSG00000162892	159	1671	1
ENSG00000162894	13271	4	14780
ENSG00000271680	56	56	0
ENSG00000226945	32	32	0
ENSG00000162896	1	0	1
ENSG00000162897	0	0	0
ENSG00000182795	49	0	49
ENSG00000198890	522	1	521
ENSG00000224550	0	0	0
ENSG00000142669	17268	8	24379
ENSG00000169442	6494	19	13174
ENSG00000225854	1	1	0
ENSG00000176083	763	0	763
ENSG00000229167	0	0	0
ENSG00000142910	3	0	3
ENSG00000162517	1720	0	2021
ENSG00000235790	2	1	2
ENSG00000264078	1	0	1
ENSG00000241745	0	0	0
ENSG00000228407	1	0	1
ENSG00000223429	0	0	0
ENSG00000224255	0	0	0
ENSG00000236004	0	0	0
ENSG00000237663	0	0	0
ENSG00000213735	0	0	0
ENSG00000272100	8	281	3
ENSG00000287078	2	0	2
ENSG00000224680	2	0	2
ENSG00000085840	85	4	82
ENSG00000283445	2	0	2
ENSG00000272226	3	3	0
ENSG00000231740	0	0	0
ENSG00000143751	1568	1	1567
ENSG00000272562	14	0	14
ENSG00000163041	9465	2	9463
ENSG00000225518	2	0	2
ENSG00000270598	0	0	0
ENSG00000182827	1250	4	1480
ENSG00000234478	5	239	0
ENSG00000223570	0	0	0
ENSG00000185155	27	0	27
ENSG00000236773	4	0	4
ENSG00000143753	2244	0	2244
ENSG00000201898	0	0	0
ENSG00000237101	10	99	8
ENSG00000143748	764	0	861
ENSG00000221406	1	0	1
ENSG00000229742	0	0	0
ENSG00000206887	0	0	0
ENSG00000143771	937	0	937
ENSG00000266618	0	0	0
ENSG00000229991	0	0	0
ENSG00000233384	0	0	0
ENSG00000234247	0	0	0
ENSG00000183682	144	228	9
ENSG00000237624	3	0	3
ENSG00000228060	8	1370	0
ENSG00000201457	0	0	0
ENSG00000163909	9	0	9
ENSG00000225903	0	0	0
ENSG00000116983	225	0	225
ENSG00000225333	0	0	0
ENSG00000252413	0	0	0
ENSG00000090621	4346	4	5704
ENSG00000236994	0	0	0
ENSG00000275406	0	0	0
ENSG00000270287	0	0	0
ENSG00000229965	0	0	0
ENSG00000223282	0	0	0
ENSG00000177770	1	0	1
ENSG00000287627	0	0	0
ENSG00000283933	0	0	0
ENSG00000143369	42	0	42
ENSG00000228126	0	0	0
ENSG00000237781	90	233	202
ENSG00000264553	12	9	3
ENSG00000277452	11	0	11
ENSG00000274963	12	1	11
ENSG00000253047	3	0	3
ENSG00000143420	4231	8	4223
ENSG00000276103	2	0	2
ENSG00000143457	1154	1	