N_unmapped	101084	101084	101084
N_multimapping	3144263	3144263	3144263
N_noFeature	997913	19756892	1115283
N_ambiguous	2327923	33596	815490
ENSG00000160072	380	1	380
ENSG00000234396	0	1	0
ENSG00000225972	3	0	3
ENSG00000224315	0	0	0
ENSG00000198744	0	0	0
ENSG00000279928	7	0	7
ENSG00000228037	24	2	22
ENSG00000142611	1	0	1
ENSG00000225630	878	10	868
ENSG00000284616	0	0	0
ENSG00000157911	53	465	110
ENSG00000269896	17	1	16
ENSG00000237973	599	3	606
ENSG00000228463	6	0	9
ENSG00000260972	0	0	0
ENSG00000157933	2162	4	2158
ENSG00000224340	0	0	0
ENSG00000226545	0	0	0
ENSG00000268663	0	0	0
ENSG00000226374	0	0	0
ENSG00000229280	0	0	0
ENSG00000142655	242	37	242
ENSG00000232596	0	0	0
ENSG00000235054	0	0	0
ENSG00000232663	0	0	0
ENSG00000240409	1	0	1
ENSG00000229344	1	0	1
ENSG00000231510	0	0	0
ENSG00000149527	193	12	181
ENSG00000284739	0	0	0
ENSG00000171621	69	0	69
ENSG00000272235	0	0	0
ENSG00000284694	0	0	0
ENSG00000230021	4	17	4
ENSG00000287356	6	4	3
ENSG00000224387	0	0	0
ENSG00000285629	0	0	0
ENSG00000173673	0	0	0
ENSG00000142583	83	0	83
ENSG00000284674	0	0	0
ENSG00000272161	0	0	0
ENSG00000237094	130	0	130
ENSG00000224338	0	0	0
ENSG00000074800	9178	7	9171
ENSG00000116786	1370	4	1521
ENSG00000287727	6	6	0
ENSG00000228423	0	0	0
ENSG00000286448	0	3	0
ENSG00000131686	45	54	11
ENSG00000229305	0	0	0
ENSG00000284703	1	1	0
ENSG00000226457	0	0	0
ENSG00000173614	189	0	189
ENSG00000248527	5839	135	5704
ENSG00000215720	0	0	0
ENSG00000241326	0	0	0
ENSG00000233623	2	0	2
ENSG00000162592	0	31	0
ENSG00000116254	7	1	7
ENSG00000233645	0	0	0
ENSG00000204624	11	0	11
ENSG00000142606	5	93	8
ENSG00000235146	0	0	0
ENSG00000225931	15	1	14
ENSG00000171729	25	0	28
ENSG00000279457	120	0	120
ENSG00000162571	4	0	4
ENSG00000229393	1	1	0
ENSG00000037637	728	1	727
ENSG00000287586	70	0	70
ENSG00000159423	103	0	103
ENSG00000142599	3578	17	3565
ENSG00000227169	0	0	0
ENSG00000283356	0	0	0
ENSG00000011021	516	0	522
ENSG00000142615	0	0	0
ENSG00000215704	3	7	0
ENSG00000157916	1450	59	1913
ENSG00000157881	553	1	552
ENSG00000238290	0	0	0
ENSG00000225387	0	0	0
ENSG00000048707	1808	4	1804
ENSG00000158748	11	1	10
ENSG00000225196	0	0	0
ENSG00000162444	382	0	382
ENSG00000279625	0	0	0
ENSG00000180758	104	0	104
ENSG00000184677	1172	1	1171
ENSG00000230679	0	0	0
ENSG00000270136	0	0	0
ENSG00000288398	85	0	85
ENSG00000224621	0	0	0
ENSG00000285833	0	0	0
ENSG00000131697	197	0	198
ENSG00000284692	0	0	0
ENSG00000284745	0	0	0
ENSG00000280222	0	0	0
ENSG00000227634	0	0	0
ENSG00000285945	0	0	0
ENSG00000229162	5	0	5
ENSG00000197921	0	0	0
ENSG00000233755	1	0	2
ENSG00000233929	2	0	2
ENSG00000271742	0	0	0
ENSG00000226396	16	0	16
ENSG00000169504	718	0	718
ENSG00000234166	0	20	0
ENSG00000235282	0	0	0
ENSG00000055070	1703	6	2650
ENSG00000175087	288	0	288
ENSG00000157191	2329	16	2314
ENSG00000284699	0	0	0
ENSG00000230035	0	0	0
ENSG00000235185	0	0	0
ENSG00000225643	9	0	9
ENSG00000284666	0	0	0
ENSG00000228943	2	2	0
ENSG00000234397	0	0	0
ENSG00000284309	0	0	0
ENSG00000162511	18114	21	31509
ENSG00000158014	0	0	0
ENSG00000204138	640	3	637
ENSG00000233419	0	0	0
ENSG00000235263	0	0	0
ENSG00000228176	0	0	0
ENSG00000231251	0	0	0
ENSG00000142675	33	0	33
ENSG00000197245	0	0	0
ENSG00000261025	1	1	0
ENSG00000116237	531	1	549
ENSG00000130772	360	0	360
ENSG00000215899	0	0	0
ENSG00000271398	0	0	0
ENSG00000225011	0	0	0
ENSG00000235069	0	0	0
ENSG00000284676	0	0	0
ENSG00000237058	2	2	0
ENSG00000233399	0	0	0
ENSG00000090020	956	0	956
ENSG00000157978	3333	2	3331
ENSG00000226944	0	0	0
ENSG00000270282	0	0	0
ENSG00000130770	474	22	701
ENSG00000229044	0	172	1
ENSG00000162512	62	0	62
ENSG00000158006	581	1	580
ENSG00000214812	3	0	3
ENSG00000126698	1405	9	1396
ENSG00000229447	5	0	5
ENSG00000229607	0	0	0
ENSG00000130766	290	2	288
ENSG00000168528	57	0	57
ENSG00000196581	19	0	19
ENSG00000169403	5852	8	5844
ENSG00000084628	0	0	0
ENSG00000060688	567	0	567
ENSG00000171612	92	1	91
ENSG00000270927	0	0	0
ENSG00000188910	0	0	0
ENSG00000230523	0	0	0
ENSG00000116138	518	120	469
ENSG00000158161	671	3	668
ENSG00000142684	0	0	58
ENSG00000234619	0	0	0
ENSG00000121769	8	8	0
ENSG00000142627	22	0	22
ENSG00000284668	0	0	0
ENSG00000233234	0	0	0
ENSG00000142632	101	0	121
ENSG00000234593	0	0	0
ENSG00000158292	50	0	50
ENSG00000270605	54	0	57
ENSG00000189337	47	0	53
ENSG00000232912	48	0	52
ENSG00000235084	3	0	3
ENSG00000235143	0	0	0
ENSG00000225478	0	0	0
ENSG00000225077	0	12	0
ENSG00000028137	11581	12	11569
ENSG00000238249	4	4	0
ENSG00000204464	0	0	0
ENSG00000233372	0	0	0
ENSG00000283259	0	0	0
ENSG00000284543	5	0	5
ENSG00000130939	1445	2	1443
ENSG00000175147	1	9	1
ENSG00000127472	0	0	0
ENSG00000060656	10	0	10
ENSG00000163867	258	0	258
ENSG00000232768	0	0	0
ENSG00000230214	0	0	0
ENSG00000189280	5	5	0
ENSG00000134698	3326	8	3318
ENSG00000134690	54	0	54
ENSG00000272420	3	0	3
ENSG00000132881	59	0	59
ENSG00000273274	0	0	0
ENSG00000116251	2212	4	2210
ENSG00000272510	1	25	10
ENSG00000158286	19	7	21
ENSG00000236648	0	0	0
ENSG00000232273	0	0	0
ENSG00000009709	0	0	0
ENSG00000287396	0	0	0
ENSG00000223589	0	0	0
ENSG00000158008	0	0	0
ENSG00000130940	114	3	239
ENSG00000116771	169	3	203
ENSG00000237301	0	1	0
ENSG00000162585	391	104	410
ENSG00000163879	2	5	1
ENSG00000227527	3	3	0
ENSG00000116954	336	0	336
ENSG00000228589	4	0	4
ENSG00000163873	0	0	0
ENSG00000117215	14	0	14
ENSG00000196449	152	5	186
ENSG00000230163	0	25	0
ENSG00000227538	0	0	0
ENSG00000232208	48	0	48
ENSG00000236500	0	0	0
ENSG00000044012	0	0	0
ENSG00000179051	1777	3	2167
ENSG00000215895	0	0	0
ENSG00000231868	0	4	0
ENSG00000284650	0	0	0
ENSG00000237329	0	0	0
ENSG00000236948	6	0	6
ENSG00000126067	1048	0	1048
ENSG00000274944	0	0	0
ENSG00000132906	398	1	401
ENSG00000197312	890	2	888
ENSG00000284748	0	0	0
ENSG00000272078	10	137	1
ENSG00000173660	1120	1	1119
ENSG00000224592	0	0	0
ENSG00000233728	0	20	0
ENSG00000230451	0	0	0
ENSG00000231606	0	0	0
ENSG00000215900	0	0	0
ENSG00000284632	0	0	0
ENSG00000241014	11	0	11
ENSG00000054118	3871	10	3861
ENSG00000254553	0	0	0
ENSG00000284653	0	0	0
ENSG00000237749	0	0	0
ENSG00000276747	12	0	12
ENSG00000284705	0	0	0
ENSG00000228776	0	0	0
ENSG00000159339	2164	2	2162
ENSG00000223814	0	0	0
ENSG00000197982	130	36	133
ENSG00000261781	0	0	0
ENSG00000183317	2	0	2
ENSG00000183386	430	0	430
ENSG00000284743	0	0	0
ENSG00000158315	1	4	0
ENSG00000204084	512	1	609
ENSG00000186973	0	0	0
ENSG00000271806	1	26	1
ENSG00000146463	760	1	846
ENSG00000279214	0	0	0
ENSG00000183520	268	0	268
ENSG00000271741	0	0	0
ENSG00000214141	0	0	0
ENSG00000142686	141	0	141
ENSG00000224751	0	0	0
ENSG00000279096	0	0	0
ENSG00000117148	0	0	0
ENSG00000230585	0	0	0
ENSG00000117000	765	0	765
ENSG00000284989	0	0	0
ENSG00000231630	0	0	0
ENSG00000092853	32	0	36
ENSG00000255811	0	0	0
ENSG00000134697	576	3	577
ENSG00000187513	5	0	5
ENSG00000238145	0	0	0
ENSG00000225142	0	0	0
ENSG00000230138	24	0	24
ENSG00000223390	1	13	0
ENSG00000285823	2	1	2
ENSG00000284720	0	0	0
ENSG00000225028	0	0	0
ENSG00000225671	0	0	0
ENSG00000116151	32	0	33
ENSG00000226147	0	0	0
ENSG00000182873	43	36	12
ENSG00000006555	187	0	187
ENSG00000236111	0	0	0
ENSG00000066056	10	0	10
ENSG00000214114	395	13	382
ENSG00000173436	126	4	126
ENSG00000116544	21	1	20
ENSG00000231900	0	0	0
ENSG00000236723	0	185	10
ENSG00000232467	0	0	0
ENSG00000117016	96	0	96
ENSG00000121310	406	0	406
ENSG00000169213	1	0	1
ENSG00000163866	474	0	499
ENSG00000225779	0	0	0
ENSG00000284601	0	0	0
ENSG00000237130	0	0	0
ENSG00000143001	0	0	0
ENSG00000229716	0	0	0
ENSG00000226133	0	0	0
ENSG00000227416	0	0	0
ENSG00000232335	0	4	0
ENSG00000260971	0	0	0
ENSG00000259832	0	0	0
ENSG00000284696	0	0	0
ENSG00000238242	0	0	0
ENSG00000285839	0	0	0
ENSG00000237290	0	0	0
ENSG00000232762	0	0	0
ENSG00000117419	252	0	252
ENSG00000162384	430	19	451
ENSG00000162391	0	4	0
ENSG00000174348	18	0	25
ENSG00000154198	0	0	0
ENSG00000117859	1092	32	1082
ENSG00000228121	0	0	0
ENSG00000253313	0	0	0
ENSG00000162396	95	1	94
ENSG00000203995	4	0	4
ENSG00000227742	0	0	0
ENSG00000284686	0	0	0
ENSG00000162378	661	0	661
ENSG00000233079	0	0	0
ENSG00000259818	0	0	0
ENSG00000229444	0	0	0
ENSG00000240563	33	0	33
ENSG00000234318	1	0	1
ENSG00000284773	24	0	24
ENSG00000234481	0	0	0
ENSG00000117862	95	0	95
ENSG00000235612	0	0	0
ENSG00000228369	0	0	0
ENSG00000183431	1339	2	1337
ENSG00000227485	0	0	0
ENSG00000224609	0	0	0
ENSG00000235545	1	0	1
ENSG00000236646	0	0	0
ENSG00000169174	0	0	0
ENSG00000232198	0	0	0
ENSG00000238063	1	0	1
ENSG00000227104	0	0	0
ENSG00000243725	5	0	5
ENSG00000171872	0	0	0
ENSG00000162407	19	0	19
ENSG00000285079	0	0	0
ENSG00000169218	0	0	0
ENSG00000163877	538	6	532
ENSG00000228929	2	1	1
ENSG00000224570	0	0	0
ENSG00000224980	0	0	0
ENSG00000278967	0	0	0
ENSG00000157184	135	40	330
ENSG00000272491	2	0	3
ENSG00000198815	1489	9	1480
ENSG00000134744	1322	4	1318
ENSG00000233910	0	0	0
ENSG00000287703	0	0	0
ENSG00000283039	0	0	0
ENSG00000229032	0	0	0
ENSG00000229294	0	0	0
ENSG00000232993	0	7	0
ENSG00000234088	0	0	0
ENSG00000236973	0	0	0
ENSG00000227947	0	0	0
ENSG00000277397	0	0	0
ENSG00000271200	0	0	0
ENSG00000235446	0	0	0
ENSG00000261196	0	0	0
ENSG00000162385	399	1	398
ENSG00000231413	0	0	0
ENSG00000234264	0	0	0
ENSG00000242391	0	0	0
ENSG00000223883	0	0	0
ENSG00000284808	0	0	0
ENSG00000242267	0	0	0
ENSG00000237227	0	0	0
ENSG00000275350	0	0	0
ENSG00000116652	2	0	2
ENSG00000123080	91	0	91
ENSG00000285778	0	0	0
ENSG00000077549	6811	11	6804
ENSG00000233407	0	0	0
ENSG00000225675	2	0	3
ENSG00000237622	0	0	0
ENSG00000162598	0	0	0
ENSG00000280317	0	0	0
ENSG00000162415	33	0	33
ENSG00000162600	316	0	316
ENSG00000116704	569	1	569
ENSG00000227644	0	0	0
ENSG00000157193	117	5	152
ENSG00000116205	451	2	466
ENSG00000198841	58	0	58
ENSG00000116212	120	0	120
ENSG00000234204	0	0	0
ENSG00000233099	0	0	0
ENSG00000233994	2	0	2
ENSG00000237180	0	0	0
ENSG00000213561	0	0	0
ENSG00000233973	0	0	0
ENSG00000237552	0	0	0
ENSG00000132854	0	0	0
ENSG00000227556	0	0	0
ENSG00000162616	96	4	92
ENSG00000162607	991	0	991
ENSG00000233602	0	0	0
ENSG00000233271	0	0	0
ENSG00000285954	20	20	0
ENSG00000233333	0	0	0
ENSG00000154027	222	0	224
ENSG00000234108	0	0	0
ENSG00000232676	0	0	0
ENSG00000225167	0	0	0
ENSG00000132122	74	0	74
ENSG00000213579	0	0	0
ENSG00000137960	1	0	1
ENSG00000237852	2	0	2
ENSG00000116745	0	0	0
ENSG00000132855	0	0	0
ENSG00000285407	0	0	0
ENSG00000272855	0	0	0
ENSG00000270549	0	0	0
ENSG00000237163	0	0	0
ENSG00000229636	0	0	0
ENSG00000116675	31	0	31
ENSG00000162433	11	0	11
ENSG00000213625	1189	2	1187
ENSG00000227207	0	0	0
ENSG00000227016	0	0	0
ENSG00000233664	0	0	0
ENSG00000158966	83	0	83
ENSG00000213703	0	0	0
ENSG00000203965	72	0	76
ENSG00000223479	0	0	0
ENSG00000233674	0	0	0
ENSG00000153898	89	0	89
ENSG00000117069	0	0	0
ENSG00000125703	319	0	319
ENSG00000285041	0	0	0
ENSG00000285808	0	0	0
ENSG00000229440	0	0	0
ENSG00000234144	0	0	0
ENSG00000213540	0	0	0
ENSG00000277670	0	0	0
ENSG00000227466	0	0	0
ENSG00000154007	0	0	0
ENSG00000230498	0	0	0
ENSG00000285782	0	0	0
ENSG00000162618	0	0	0
ENSG00000224493	0	0	0
ENSG00000131233	0	0	0
ENSG00000272371	0	0	0
ENSG00000287647	0	2	0
ENSG00000229225	0	0	0
ENSG00000230863	0	0	0
ENSG00000213560	0	0	0
ENSG00000287224	2	0	2
ENSG00000225598	0	0	0
ENSG00000286455	0	0	0
ENSG00000225087	0	0	0
ENSG00000224986	0	0	0
ENSG00000280378	7	0	7
ENSG00000188786	1130	3	1127
ENSG00000230053	0	0	0
ENSG00000137941	25	2	23
ENSG00000273338	2	0	2
ENSG00000223720	0	0	0
ENSG00000224326	0	0	0
ENSG00000286548	3	1	2
ENSG00000066135	337	1	468
ENSG00000230027	0	0	0
ENSG00000233061	0	0	0
ENSG00000272094	0	0	0
ENSG00000228853	0	0	0
ENSG00000215874	0	0	0
ENSG00000232453	12	4	8
ENSG00000260386	0	0	0
ENSG00000284895	0	0	0
ENSG00000117174	401	1	400
ENSG00000237413	0	0	0
ENSG00000184313	4	0	4
ENSG00000284645	0	0	0
ENSG00000225605	0	0	0
ENSG00000225446	0	0	0
ENSG00000288543	0	0	0
ENSG00000122420	2	0	2
ENSG00000284240	0	0	0
ENSG00000236290	1	1	0
ENSG00000143013	450	2	448
ENSG00000226084	9	0	9
ENSG00000134748	1222	6	1216
ENSG00000142892	545	3	542
ENSG00000219102	11	0	11
ENSG00000184005	65	0	65
ENSG00000230953	5	5	0
ENSG00000287743	0	0	0
ENSG00000229332	0	0	0
ENSG00000227937	0	0	0
ENSG00000229752	0	0	0
ENSG00000237505	2	0	2
ENSG00000285462	0	0	0
ENSG00000233216	0	0	0
ENSG00000197273	0	0	0
ENSG00000226804	0	0	0
ENSG00000285325	0	0	0
ENSG00000230728	0	0	0
ENSG00000162402	2719	5	2714
ENSG00000232846	0	0	0
ENSG00000219201	1	0	1
ENSG00000230787	0	0	0
ENSG00000116641	157	7	150
ENSG00000235927	8	12	9
ENSG00000223920	0	0	0
ENSG00000237453	0	0	0
ENSG00000172260	23	0	23
ENSG00000285473	0	0	0
ENSG00000237959	0	0	0
ENSG00000231364	0	0	0
ENSG00000234578	0	1	0
ENSG00000117480	157	0	157
ENSG00000137944	329	0	329
ENSG00000229505	0	0	0
ENSG00000228187	0	0	0
ENSG00000285201	0	0	0
ENSG00000182183	166	1	165
ENSG00000236407	0	0	0
ENSG00000271949	0	0	0
ENSG00000227062	0	0	0
ENSG00000067334	841	10	831
ENSG00000235011	0	0	0
ENSG00000235673	0	0	0
ENSG00000226938	0	0	0
ENSG00000213559	0	0	0
ENSG00000287587	0	0	0
ENSG00000142949	23	0	23
ENSG00000116133	216	6	229
ENSG00000232882	0	0	0
ENSG00000171502	19	0	19
ENSG00000162399	3	2	1
ENSG00000116157	203	1	202
ENSG00000143036	0	0	0
ENSG00000232672	0	0	0
ENSG00000230817	0	0	0
ENSG00000235613	0	0	0
ENSG00000065243	1387	2	1385
ENSG00000226759	0	0	0
ENSG00000226960	0	0	0
ENSG00000234080	0	0	0
ENSG00000237899	4	0	4
ENSG00000225492	3	0	3
ENSG00000223905	0	0	0
ENSG00000227290	0	0	0
ENSG00000229486	0	0	0
ENSG00000282898	0	0	0
ENSG00000285409	0	0	0
ENSG00000231090	0	0	0
ENSG00000117528	543	2	541
ENSG00000271723	0	0	0
ENSG00000172339	35	0	35
ENSG00000036549	715	1	714
ENSG00000287724	0	12	0
ENSG00000058799	628	0	628
ENSG00000225191	0	0	0
ENSG00000287870	0	0	0
ENSG00000235563	0	0	0
ENSG00000232048	0	0	0
ENSG00000232857	0	0	0
ENSG00000273637	0	0	0
ENSG00000203985	0	0	0
ENSG00000228838	0	4	0
ENSG00000283761	2	1	1
ENSG00000189433	0	0	0
ENSG00000230759	0	0	0
ENSG00000231866	0	0	0
ENSG00000179178	0	0	0
ENSG00000142700	0	0	0
ENSG00000285525	0	0	0
ENSG00000236098	0	0	0
ENSG00000233514	0	0	0
ENSG00000127124	406	0	406
ENSG00000266993	5	26	1
ENSG00000223675	0	0	0
ENSG00000162604	286	1	285
ENSG00000229316	0	0	0
ENSG00000116171	1149	0	1150
ENSG00000287406	0	0	0
ENSG00000225767	0	0	0
ENSG00000234099	0	0	0
ENSG00000137936	17	1	20
ENSG00000235308	2	2	0
ENSG00000232752	0	0	0
ENSG00000235829	0	0	0
ENSG00000143032	0	0	0
ENSG00000226745	0	0	0
ENSG00000178028	692	2	690
ENSG00000280040	0	0	0
ENSG00000168710	1454	1	1453
ENSG00000117519	58	0	58
ENSG00000270507	0	0	0
ENSG00000238037	0	0	0
ENSG00000215869	0	0	0
ENSG00000134215	943	1	942
ENSG00000227935	0	0	0
ENSG00000229887	0	0	0
ENSG00000228502	6	0	6
ENSG00000236268	0	0	0
ENSG00000271277	0	0	0
ENSG00000236888	0	0	0
ENSG00000279778	0	0	0
ENSG00000232015	0	0	0
ENSG00000230955	0	98	0
ENSG00000230828	0	0	0
ENSG00000188641	2407	1	2623
ENSG00000152078	15	0	15
ENSG00000237279	0	0	0
ENSG00000233359	0	0	0
ENSG00000237954	0	0	0
ENSG00000185668	1	0	1
ENSG00000171492	972	3	969
ENSG00000233129	0	0	0
ENSG00000170989	3692	6	3686
ENSG00000258634	94	2	142
ENSG00000233557	0	0	0
ENSG00000237897	0	0	0
ENSG00000116299	808	0	808
ENSG00000137962	22	0	22
ENSG00000227832	0	0	0
ENSG00000286692	0	0	0
ENSG00000260464	6	0	6
ENSG00000237435	0	0	0
ENSG00000231996	0	0	0
ENSG00000273204	1	2	2
ENSG00000079739	582	15	661
ENSG00000117154	0	0	0
ENSG00000162377	151	6	145
ENSG00000224613	0	0	0
ENSG00000215871	0	0	0
ENSG00000287372	0	0	0
ENSG00000232542	1	0	1
ENSG00000231095	0	0	0
ENSG00000116774	2	0	2
ENSG00000287756	0	0	0
ENSG00000269113	0	0	0
ENSG00000284652	0	0	0
ENSG00000023909	263	0	263
ENSG00000069702	931	1	930
ENSG00000232185	0	0	0
ENSG00000230489	7	1	6
ENSG00000228399	2	0	2
ENSG00000236776	0	0	0
ENSG00000285928	1	1	0
ENSG00000224685	0	0	0
ENSG00000287076	0	0	0
ENSG00000237480	0	0	0
ENSG00000271252	0	0	0
ENSG00000230427	0	0	0
ENSG00000235794	0	0	0
ENSG00000286758	0	0	0
ENSG00000237337	0	0	0
ENSG00000233983	0	0	0
ENSG00000198198	1467	87	1703
ENSG00000225183	0	0	0
ENSG00000230402	0	0	0
ENSG00000116793	282	1	281
ENSG00000134201	11	0	11
ENSG00000238122	0	0	0
ENSG00000260879	0	31	1
ENSG00000213366	349	1	348
ENSG00000230864	0	0	0
ENSG00000283354	0	0	0
ENSG00000232918	0	0	0
ENSG00000236360	0	1	0
ENSG00000183298	0	0	8
ENSG00000234332	10	1	9
ENSG00000117525	0	0	0
ENSG00000225079	12	0	12
ENSG00000226483	0	0	0
ENSG00000224238	0	0	0
ENSG00000229537	0	0	0
ENSG00000162699	0	0	0
ENSG00000162692	2	0	2
ENSG00000203914	0	0	0
ENSG00000270457	0	0	0
ENSG00000203858	0	0	0
ENSG00000231987	0	0	0
ENSG00000228057	1	0	1
ENSG00000261593	0	0	0
ENSG00000224445	0	0	0
ENSG00000229842	0	0	0
ENSG00000270631	0	0	0
ENSG00000229201	0	0	0
ENSG00000181656	4	3	1
ENSG00000122481	35	0	35
ENSG00000198162	962	0	962
ENSG00000238198	4	3	1
ENSG00000171517	3	0	3
ENSG00000228852	4	4	0
ENSG00000203864	0	0	0
ENSG00000233482	0	0	0
ENSG00000230250	0	0	0
ENSG00000232878	2	219	0
ENSG00000143079	95	0	95
ENSG00000232450	9	0	9
ENSG00000223575	0	0	0
ENSG00000230768	0	0	0
ENSG00000235202	0	0	0
ENSG00000272715	0	0	0
ENSG00000235038	0	0	0
ENSG00000143093	955	1	954
ENSG00000226415	7	0	7
ENSG00000085491	424	2	454
ENSG00000173947	4	0	4
ENSG00000241361	3	0	3
ENSG00000230434	0	0	0
ENSG00000230718	1	1	0
ENSG00000134198	408	0	408
ENSG00000235595	0	0	0
ENSG00000226053	0	0	0
ENSG00000226128	0	0	0
ENSG00000198799	537	0	590
ENSG00000279513	1	0	1
ENSG00000117620	297	4	296
ENSG00000280186	0	0	0
ENSG00000223906	0	0	0
ENSG00000162688	438	0	438
ENSG00000197106	0	0	0
ENSG00000259946	0	0	0
ENSG00000236137	0	117	1
ENSG00000203859	0	0	0
ENSG00000228086	0	77	0
ENSG00000213421	0	0	0
ENSG00000234020	0	0	0
ENSG00000060718	0	0	0
ENSG00000236804	0	0	0
ENSG00000231072	0	0	0
ENSG00000273406	0	0	0
ENSG00000185946	451	1	450
ENSG00000162627	1	0	1
ENSG00000226715	0	8	0
ENSG00000162695	602	1	601
ENSG00000134184	153	0	201
ENSG00000265808	1051	0	1051
ENSG00000261290	0	0	0
ENSG00000225923	0	0	0
ENSG00000134247	44	1	43
ENSG00000187481	0	0	0
ENSG00000116752	452	2	450
ENSG00000162664	336	1	335
ENSG00000236866	0	0	0
ENSG00000134253	3	0	3
ENSG00000277655	0	0	0
ENSG00000223416	0	0	0
ENSG00000213226	0	0	0
ENSG00000179571	1	0	1
ENSG00000227850	0	0	0
ENSG00000243967	0	0	0
ENSG00000235777	0	0	0
ENSG00000260246	0	49	0
ENSG00000173218	148	0	148
ENSG00000285532	0	0	0
ENSG00000226755	0	0	0
ENSG00000232650	0	0	0
ENSG00000183508	1349	0	1349
ENSG00000277095	0	0	0
ENSG00000236806	1	1	0
ENSG00000234283	0	0	0
ENSG00000237188	1	0	1
ENSG00000232780	0	0	0
ENSG00000274927	0	0	0
ENSG00000264145	0	0	0
ENSG00000238256	0	0	0
ENSG00000198765	0	0	0
ENSG00000224335	0	0	0
ENSG00000277702	0	0	0
ENSG00000143398	804	2	802
ENSG00000196505	456	1	455
ENSG00000225871	17	36	0
ENSG00000223489	0	0	0
ENSG00000230546	0	0	0
ENSG00000213262	0	0	0
ENSG00000287015	0	0	0
ENSG00000241720	0	0	0
ENSG00000235526	0	0	0
ENSG00000228347	0	0	0
ENSG00000276975	1	0	1
ENSG00000236012	0	0	0
ENSG00000270911	1	1	0
ENSG00000272824	1	0	1
ENSG00000134200	0	0	0
ENSG00000234257	0	0	0
ENSG00000065183	591	3	641
ENSG00000227082	2	0	2
ENSG00000228626	0	0	0
ENSG00000226126	0	0	0
ENSG00000163393	313	0	313
ENSG00000163156	521	10	521
ENSG00000143631	2	3	0
ENSG00000156150	0	48	2
ENSG00000228453	0	0	0
ENSG00000274642	0	0	0
ENSG00000177551	0	0	0
ENSG00000197323	1369	1	1368
ENSG00000237975	1	0	2
ENSG00000261168	2	0	2
ENSG00000287980	0	0	0
ENSG00000229283	0	0	0
ENSG00000271419	0	0	0
ENSG00000226172	0	0	0
ENSG00000079335	742	11	808
ENSG00000143119	11415	7	11408
ENSG00000237278	0	53	0
ENSG00000285062	0	0	0
ENSG00000233432	1	1	0
ENSG00000227700	0	0	0
ENSG00000229911	0	0	0
ENSG00000143520	0	0	0
ENSG00000171943	102	0	102
ENSG00000270719	0	0	0
ENSG00000155761	4	50	7
ENSG00000230806	0	0	0
ENSG00000116830	235	1	234
ENSG00000234422	0	0	0
ENSG00000227056	0	0	0
ENSG00000143614	1480	1	1479
ENSG00000227091	0	0	0
ENSG00000169418	0	0	0
ENSG00000214204	1	0	1
ENSG00000081026	68	5	63
ENSG00000225650	0	0	0
ENSG00000227179	0	0	0
ENSG00000224965	0	0	0
ENSG00000228127	0	0	0
ENSG00000226984	0	0	0
ENSG00000186150	0	0	0
ENSG00000143554	561	0	561
ENSG00000143458	586	1	585
ENSG00000230932	0	0	0
ENSG00000073754	0	0	0
ENSG00000228826	2	0	2
ENSG00000233907	0	0	0
ENSG00000225036	0	0	0
ENSG00000228420	0	0	0
ENSG00000233839	0	0	0
ENSG00000250890	0	0	0
ENSG00000232240	0	0	0
ENSG00000280649	39	8	53
ENSG00000131781	207	31	192
ENSG00000223599	1	0	1
ENSG00000230921	0	0	0
ENSG00000286151	0	0	0
ENSG00000234388	0	0	0
ENSG00000235015	0	0	0
ENSG00000271736	22	0	22
ENSG00000235988	0	0	0
ENSG00000233717	0	0	0
ENSG00000231551	61	10	51
ENSG00000227295	5	1	4
ENSG00000163155	75	35	42
ENSG00000243613	0	87	0
ENSG00000241975	10	0	10
ENSG00000271143	0	0	0
ENSG00000270976	0	0	0
ENSG00000228217	3	0	3
ENSG00000270342	0	0	0
ENSG00000143552	3	1	2
ENSG00000175984	27	0	27
ENSG00000231100	0	0	0
ENSG00000116824	2376	4	2372
ENSG00000235887	0	0	0
ENSG00000237460	0	0	0
ENSG00000236327	0	0	0
ENSG00000223804	53	18	35
ENSG00000236887	0	0	0
ENSG00000024526	8	0	9
ENSG00000236480	0	0	0
ENSG00000235756	0	0	0
ENSG00000173810	0	0	0
ENSG00000235005	1	0	1
ENSG00000271890	0	0	0
ENSG00000238107	0	0	0
ENSG00000227425	0	0	0
ENSG00000233222	0	16	0
ENSG00000225279	1	1	0
ENSG00000229101	0	0	0
ENSG00000224927	0	0	0
ENSG00000239216	0	0	0
ENSG00000283360	0	0	0
ENSG00000117262	73	0	73
ENSG00000227907	0	0	0
ENSG00000143624	1514	2	1698
ENSG00000227970	0	0	0
ENSG00000261055	4	0	4
ENSG00000231613	2	0	2
ENSG00000137947	657	3	654
ENSG00000236689	0	0	0
ENSG00000233589	0	1	0
ENSG00000117586	206	1	205
ENSG00000230946	0	0	0
ENSG00000226028	0	0	0
ENSG00000162728	0	0	0
ENSG00000229021	3	0	3
ENSG00000203825	1	0	1
ENSG00000184371	292	0	292
ENSG00000233449	0	0	0
ENSG00000242943	0	0	0
ENSG00000233203	0	0	0
ENSG00000232499	2	0	2
ENSG00000232265	5	0	5
ENSG00000163154	1086	1	1086
ENSG00000232995	9	0	9
ENSG00000236957	0	0	0
ENSG00000238087	0	0	0
ENSG00000227777	1	0	1
ENSG00000177173	4	0	4
ENSG00000277406	71	0	71
ENSG00000238022	0	0	0
ENSG00000231671	0	0	0
ENSG00000162729	605	0	605
ENSG00000143158	256	30	390
ENSG00000271092	4	0	4
ENSG00000238118	0	0	0
ENSG00000276118	0	0	0
ENSG00000232148	0	0	0
ENSG00000278811	10	38	0
ENSG00000000460	56	174	76
ENSG00000188859	1	0	1
ENSG00000275075	0	0	0
ENSG00000135862	178	0	178
ENSG00000232952	0	0	0
ENSG00000158473	775	2	773
ENSG00000227722	0	0	0
ENSG00000285922	0	0	0
ENSG00000275801	3	0	3
ENSG00000143198	319	0	319
ENSG00000143318	14	3	11
ENSG00000232188	0	0	0
ENSG00000232212	0	0	0
ENSG00000143621	1594	17	1585
ENSG00000241042	0	0	0
ENSG00000143155	588	4	584
ENSG00000260322	0	0	0
ENSG00000223495	0	0	0
ENSG00000143156	40	4	53
ENSG00000198771	6336	26	6470
ENSG00000225462	0	0	0
ENSG00000237756	0	0	0
ENSG00000116147	1	0	1
ENSG00000213064	1721	2	1912
ENSG00000203307	0	0	0
ENSG00000143179	141	1	171
ENSG00000271187	0	0	0
ENSG00000274562	0	0	0
ENSG00000143315	267	1	266
ENSG00000116199	651	0	651
ENSG00000231175	0	0	0
ENSG00000143185	80	0	80
ENSG00000235145	1	0	1
ENSG00000116260	1304	1	1303
ENSG00000272931	5	0	5
ENSG00000143190	617	3	696
ENSG00000225475	0	0	0
ENSG00000230898	0	0	0
ENSG00000232223	0	0	0
ENSG00000224698	0	0	0
ENSG00000287697	0	9	0
ENSG00000075945	403	1	438
ENSG00000235303	0	0	0
ENSG00000234810	12	0	12
ENSG00000232750	0	0	0
ENSG00000224468	0	0	0
ENSG00000235628	0	0	0
ENSG00000232551	0	0	0
ENSG00000092607	0	0	0
ENSG00000238270	0	0	0
ENSG00000285894	0	0	0
ENSG00000236025	0	0	0
ENSG00000230687	0	0	0
ENSG00000230704	0	0	0
ENSG00000283255	0	0	0
ENSG00000227741	4	86	3
ENSG00000237049	0	0	0
ENSG00000286754	0	0	0
ENSG00000232751	0	0	0
ENSG00000236364	2	32	0
ENSG00000117091	2034	12	4817
ENSG00000235378	0	0	0
ENSG00000143171	0	0	0
ENSG00000275767	0	0	0
ENSG00000224718	0	0	0
ENSG00000047410	3960	14	4167
ENSG00000231992	0	0	0
ENSG00000018625	0	0	0
ENSG00000171806	210	0	227
ENSG00000287919	1	0	1
ENSG00000229914	2	0	2
ENSG00000233882	0	0	0
ENSG00000198358	0	0	0
ENSG00000229407	0	0	0
ENSG00000134216	0	0	0
ENSG00000230748	0	0	0
ENSG00000254154	2	0	2
ENSG00000162694	77	3	77
ENSG00000238108	0	0	0
ENSG00000214262	0	192	1
ENSG00000183853	0	0	0
ENSG00000215835	7	0	7
ENSG00000118197	435	0	437
ENSG00000135842	7170	9	7161
ENSG00000229258	0	1	0
ENSG00000287472	0	0	0
ENSG00000241318	0	0	0
ENSG00000228238	1	0	1
ENSG00000232393	0	0	0
ENSG00000121454	28	73	0
ENSG00000184155	0	0	0
ENSG00000058085	0	0	0
ENSG00000260088	0	2	0
ENSG00000287978	47	0	47
ENSG00000116815	480	1	479
ENSG00000232917	0	0	0
ENSG00000233057	1	0	1
ENSG00000237131	0	0	0
ENSG00000233946	0	0	0
ENSG00000143167	377	0	377
ENSG00000143184	27	0	27
ENSG00000231966	3	0	3
ENSG00000176320	1	0	1
ENSG00000260976	0	0	0
ENSG00000235215	0	0	0
ENSG00000223450	0	0	0
ENSG00000224691	0	0	0
ENSG00000286572	0	0	0
ENSG00000235101	2	0	2
ENSG00000228215	10	0	10
ENSG00000177807	7	1	6
ENSG00000233626	0	0	0
ENSG00000233691	1	1	0
ENSG00000283518	0	0	0
ENSG00000271527	0	0	0
ENSG00000143228	25	0	25
ENSG00000235827	0	0	0
ENSG00000231615	1	0	1
ENSG00000231714	0	0	0
ENSG00000174514	23	3	24
ENSG00000143178	79	0	79
ENSG00000224837	0	0	0
ENSG00000116833	1	0	1
ENSG00000227740	7	0	8
ENSG00000260990	0	0	0
ENSG00000000457	394	37	534
ENSG00000143507	153	0	153
ENSG00000285638	0	0	0
ENSG00000226520	0	0	0
ENSG00000284592	0	0	0
ENSG00000230987	0	0	0
ENSG00000232527	0	0	0
ENSG00000215833	0	0	0
ENSG00000228167	0	0	0
ENSG00000225325	0	0	0
ENSG00000223344	0	0	0
ENSG00000228191	0	0	0
ENSG00000229961	68	0	68
ENSG00000150732	0	0	0
ENSG00000157064	7	0	7
ENSG00000288139	0	0	0
ENSG00000226015	18	5	13
ENSG00000215808	0	0	0
ENSG00000059588	626	0	626
ENSG00000231512	0	0	0
ENSG00000237379	0	0	0
ENSG00000232959	0	36	0
ENSG00000122224	1125	14	1111
ENSG00000162782	0	0	0
ENSG00000238051	0	0	0
ENSG00000233196	0	0	0
ENSG00000229220	0	0	0
ENSG00000143653	256	1	255
ENSG00000135837	2024	5	2019
ENSG00000158711	1961	3	1962
ENSG00000227747	0	0	0
ENSG00000228081	0	0	0
ENSG00000228020	0	0	0
ENSG00000234975	15	0	15
ENSG00000162851	173	0	173
ENSG00000271427	0	0	0
ENSG00000261817	0	0	0
ENSG00000143353	198	0	217
ENSG00000197965	746	1	745
ENSG00000143493	281	0	282
ENSG00000230777	2	3	0
ENSG00000179397	13	0	13
ENSG00000224540	0	0	0
ENSG00000117592	3540	1	3539
ENSG00000186197	12	0	12
ENSG00000229067	0	0	0
ENSG00000230231	1	2	0
ENSG00000227711	0	0	0
ENSG00000261182	0	0	0
ENSG00000228879	0	0	0
ENSG00000227925	0	0	0
ENSG00000162670	0	0	0
ENSG00000225712	0	0	0
ENSG00000162761	0	0	0
ENSG00000143199	4	0	4
ENSG00000179930	0	0	0
ENSG00000007908	2	2	0
ENSG00000092978	161	0	161
ENSG00000143499	387	0	387
ENSG00000188404	39190	50	39140
ENSG00000227735	0	0	0
ENSG00000243062	0	0	0
ENSG00000143196	0	0	0
ENSG00000228504	0	0	0
ENSG00000274702	0	0	0
ENSG00000226211	0	0	0
ENSG00000236942	0	0	0
ENSG00000287205	0	0	0
ENSG00000203697	5	0	5
ENSG00000116574	514	2	512
ENSG00000287929	0	0	0
ENSG00000186283	664	2	662
ENSG00000224896	0	0	0
ENSG00000226292	0	0	0
ENSG00000121481	463	0	464
ENSG00000227940	0	0	0
ENSG00000117139	1001	1	1000
ENSG00000143248	6	0	6
ENSG00000278455	0	0	0
ENSG00000224810	0	0	0
ENSG00000162814	0	0	0
ENSG00000225172	0	0	0
ENSG00000261642	0	0	0
ENSG00000228239	0	0	0
ENSG00000237283	0	0	0
ENSG00000116132	0	0	0
ENSG00000238042	0	0	0
ENSG00000271475	0	0	0
ENSG00000231877	0	0	0
ENSG00000116679	5414	9	5405
ENSG00000228536	0	0	0
ENSG00000230550	0	3	0
ENSG00000229242	0	0	0
ENSG00000253326	0	0	0
ENSG00000228470	2	2	0
ENSG00000152092	0	0	0
ENSG00000234984	0	0	0
ENSG00000231648	0	0	0
ENSG00000229983	0	0	0
ENSG00000215149	0	0	0
ENSG00000225122	0	0	0
ENSG00000225920	6	6	0
ENSG00000143476	21	1	21
ENSG00000121486	698	0	698
ENSG00000228437	0	0	0
ENSG00000214837	20	0	20
ENSG00000057252	1623	0	1623
ENSG00000225982	0	0	0
ENSG00000285718	0	0	0
ENSG00000234070	0	0	0
ENSG00000233620	0	0	0
ENSG00000237783	0	0	0
ENSG00000272906	11	4	25
ENSG00000233018	0	0	0
ENSG00000123685	36	2	34
ENSG00000224783	0	0	0
ENSG00000162852	1215	3	1212
ENSG00000232792	0	1	0
ENSG00000273004	9	0	9
ENSG00000143842	110	0	110
ENSG00000268062	1	1	0
ENSG00000237409	0	0	0
ENSG00000116962	297	1	296
ENSG00000288078	0	0	0
ENSG00000271399	0	0	0
ENSG00000229757	1	1	0
ENSG00000232679	0	0	0
ENSG00000159388	4653	7	4646
ENSG00000220749	20	0	20
ENSG00000181450	165	0	165
ENSG00000223519	17	8	59
ENSG00000120333	366	4	376
ENSG00000286285	12	0	12
ENSG00000225300	0	0	0
ENSG00000223842	3	3	0
ENSG00000162753	0	0	0
ENSG00000228247	0	0	0
ENSG00000231424	2	0	2
ENSG00000143355	0	0	0
ENSG00000287177	0	0	0
ENSG00000237193	0	0	0
ENSG00000223490	0	0	0
ENSG00000121644	508	0	508
ENSG00000174502	0	0	0
ENSG00000224286	0	0	0
ENSG00000158715	143	1	142
ENSG00000143195	6	0	6
ENSG00000162849	15	2	14
ENSG00000232824	0	0	0
ENSG00000273416	1	0	1
ENSG00000234142	3	0	4
ENSG00000282111	0	0	0
ENSG00000233410	1	0	1
ENSG00000067533	281	0	281
ENSG00000228955	1	1	0
ENSG00000270443	0	0	0
ENSG00000116209	2756	2	2754
ENSG00000224702	0	0	0
ENSG00000271811	0	0	0
ENSG00000224278	0	0	0
ENSG00000235492	0	0	0
ENSG00000287808	5	82	4
ENSG00000271588	0	0	0
ENSG00000229840	0	0	0
ENSG00000116161	831	38	816
ENSG00000226486	0	0	0
ENSG00000227687	0	0	0
ENSG00000231814	0	0	0
ENSG00000286210	0	0	0
ENSG00000287364	0	0	0
ENSG00000225063	0	0	0
ENSG00000260698	6	0	6
ENSG00000277007	3	0	3
ENSG00000229016	0	0	0
ENSG00000077157	1191	1	1208
ENSG00000152104	4	0	4
ENSG00000236975	1	0	1
ENSG00000215834	0	0	0
ENSG00000286541	0	0	0
ENSG00000117650	13	0	13
ENSG00000235021	0	0	0
ENSG00000203724	0	0	0
ENSG00000225006	0	0	0
ENSG00000287633	0	0	0
ENSG00000158764	1	0	1
ENSG00000223375	0	0	0
ENSG00000230714	0	0	0
ENSG00000261065	0	4	0
ENSG00000260855	8	1	7
ENSG00000188783	0	0	0
ENSG00000236206	0	0	0
ENSG00000168118	577	1	577
ENSG00000181101	0	0	0
ENSG00000173726	1515	0	1515
ENSG00000282852	0	0	0
ENSG00000152382	266	5	261
ENSG00000143839	0	0	0
ENSG00000232100	0	0	0
ENSG00000261024	0	0	0
ENSG00000230547	0	0	0
ENSG00000229703	0	0	0
ENSG00000176754	0	0	0
ENSG00000232309	0	0	0
ENSG00000227953	5	46	9
ENSG00000232215	1	0	1
ENSG00000135829	3426	3	3504
ENSG00000228289	0	0	0
ENSG00000134717	690	0	690
ENSG00000232989	0	0	0
ENSG00000233537	0	0	0
ENSG00000116668	171	12	159
ENSG00000143756	707	0	707
ENSG00000278180	0	0	0
ENSG00000143702	658	1	758
ENSG00000232341	1	0	1
ENSG00000287676	1	0	1
ENSG00000236792	0	0	0
ENSG00000143207	1513	1	1512
ENSG00000270859	0	0	0
ENSG00000238224	0	0	0
ENSG00000286775	0	0	0
ENSG00000122176	1	0	1
ENSG00000229120	0	0	0
ENSG00000237492	0	0	0
ENSG00000230404	0	0	0
ENSG00000213036	0	0	0
ENSG00000227230	1	49	0
ENSG00000236230	0	0	0
ENSG00000026751	996	1	995
ENSG00000150681	2446	5	3040
ENSG00000116906	669	0	669
ENSG00000092969	5	1	5
ENSG00000157181	317	2	315
ENSG00000250762	0	0	0
ENSG00000236720	0	0	0
ENSG00000227421	0	0	0
ENSG00000227240	3	0	3
ENSG00000076258	55	0	55
ENSG00000286073	1	0	1
ENSG00000231084	7	7	0
ENSG00000232085	0	53	0
ENSG00000117697	592	0	592
ENSG00000279333	0	0	4
ENSG00000235083	0	0	0
ENSG00000162669	0	0	0
ENSG00000197067	0	0	0
ENSG00000229652	0	0	0
ENSG00000132681	33	0	33
ENSG00000225904	0	0	0
ENSG00000270920	0	0	0
ENSG00000281664	0	0	0
ENSG00000143641	821	0	1165
ENSG00000227630	4	0	4
ENSG00000228830	0	891	0
ENSG00000010932	8	0	8
ENSG00000282849	0	0	0
ENSG00000276520	0	0	0
ENSG00000226640	0	0	0
ENSG00000010072	196	97	194
ENSG00000135766	190	1	189
ENSG00000232626	0	0	0
ENSG00000232096	0	0	0
ENSG00000279261	0	0	0
ENSG00000213051	0	0	0
ENSG00000238054	0	0	0
ENSG00000163534	1282	2	1280
ENSG00000168243	2	0	2
ENSG00000281453	0	0	0
ENSG00000237469	0	0	0
ENSG00000224939	0	0	0
ENSG00000227613	0	0	0
ENSG00000116183	1	0	1
ENSG00000270106	1	0	1
ENSG00000232194	0	0	0
ENSG00000235152	0	0	0
ENSG00000231612	1	0	1
ENSG00000237980	6	0	6
ENSG00000271036	0	0	0
ENSG00000230849	1	0	1
ENSG00000170382	143	147	0
ENSG00000228664	0	0	0
ENSG00000226868	0	0	0
ENSG00000279401	0	0	0
ENSG00000272362	0	0	0
ENSG00000287450	0	0	0
ENSG00000237011	0	0	0
ENSG00000233583	0	0	0
ENSG00000066027	2369	6	2363
ENSG00000286263	0	0	0
ENSG00000227006	4	2	2
ENSG00000236372	0	0	0
ENSG00000224525	0	0	0
ENSG00000188770	0	0	0
ENSG00000173728	1	1	0
ENSG00000094975	693	2	691
ENSG00000225811	0	0	0
ENSG00000273093	0	0	0
ENSG00000162772	34	0	34
ENSG00000227818	0	0	0
ENSG00000135828	1153	5	1148
ENSG00000224227	0	0	0
ENSG00000286398	0	0	0
ENSG00000076356	125	0	125
ENSG00000215819	0	0	0
ENSG00000185523	1	0	1
ENSG00000236108	0	0	0
ENSG00000116711	108	0	108
ENSG00000231684	1	0	1
ENSG00000226750	0	0	0
ENSG00000285665	5	0	5
ENSG00000231022	0	0	0
ENSG00000224436	0	0	0
ENSG00000228208	0	0	0
ENSG00000273384	0	0	0
ENSG00000238061	1	0	1
ENSG00000234915	1	1	0
ENSG00000143845	11	0	18
ENSG00000235862	0	0	0
ENSG00000069812	0	0	0
ENSG00000227585	0	0	0
ENSG00000157060	0	0	0
ENSG00000237213	0	0	0
ENSG00000236439	7	0	7
ENSG00000224260	0	0	0
ENSG00000213045	0	0	0
ENSG00000287220	0	0	0
ENSG00000230063	0	0	0
ENSG00000235467	0	0	0
ENSG00000123684	3271	2	3270
ENSG00000117707	1	0	1
ENSG00000228044	0	0	0
ENSG00000225338	1	0	1
ENSG00000224407	0	344	0
ENSG00000232463	0	0	0
ENSG00000237457	0	0	0
ENSG00000225171	3	0	3
ENSG00000226843	0	0	0
ENSG00000235386	0	0	0
ENSG00000123836	436	61	436
ENSG00000213690	0	0	0
ENSG00000223982	0	0	0
ENSG00000229832	0	0	0
ENSG00000117691	196	0	196
ENSG00000225233	0	0	0
ENSG00000274895	0	0	0
ENSG00000237514	0	0	0
ENSG00000287856	0	0	0
ENSG00000228067	0	0	0
ENSG00000284299	0	0	0
ENSG00000226375	0	0	0
ENSG00000203705	259	5	254
ENSG00000224040	1	0	1
ENSG00000228686	18	18	0
ENSG00000279838	25	1	24
ENSG00000174175	320	0	320
ENSG00000236401	0	0	0
ENSG00000241475	0	0	0
ENSG00000215800	0	0	0
ENSG00000286421	0	0	0
ENSG00000270936	0	0	0
ENSG00000008118	0	0	0
ENSG00000171161	789	1	788
ENSG00000241505	0	0	0
ENSG00000224535	0	0	0
ENSG00000282097	0	0	0
ENSG00000261453	0	0	0
ENSG00000231020	0	0	0
ENSG00000270818	0	0	0
ENSG00000196878	14	0	14
ENSG00000133059	677	1	676
ENSG00000225561	0	0	0
ENSG00000224668	0	0	0
ENSG00000242529	0	0	0
ENSG00000074964	407	1	406
ENSG00000223847	0	0	0
ENSG00000277704	0	0	0
ENSG00000116918	595	10	594
ENSG00000274020	103	0	128
ENSG00000287445	8	0	8
ENSG00000259815	0	0	0
ENSG00000240963	0	0	0
ENSG00000226570	0	0	0
ENSG00000198929	1	0	1
ENSG00000272167	0	0	0
ENSG00000230628	0	0	0
ENSG00000162771	0	0	0
ENSG00000227579	0	0	0
ENSG00000176393	821	1	1226
ENSG00000174606	532	0	532
ENSG00000179914	48	0	48
ENSG00000235750	3517	2	3515
ENSG00000284376	0	0	0
ENSG00000121446	2	1	1
ENSG00000226758	2	0	2
ENSG00000230199	0	0	0
ENSG00000236905	1	1	0
ENSG00000233304	0	0	0
ENSG00000288007	2	0	2
ENSG00000227887	0	0	0
ENSG00000116903	692	1	786
ENSG00000228255	0	0	0
ENSG00000226196	0	0	0
ENSG00000287354	0	4	0
ENSG00000233827	0	0	0
ENSG00000198797	0	0	0
ENSG00000271746	0	0	0
ENSG00000234233	0	0	0
ENSG00000151414	1874	2	1872
ENSG00000177614	3	0	3
ENSG00000223794	0	0	0
ENSG00000235182	0	0	0
ENSG00000213041	0	0	0
ENSG00000287157	0	0	0
ENSG00000233920	0	0	0
ENSG00000183831	0	0	0
ENSG00000225755	1	1	0
ENSG00000143858	41	58	1
ENSG00000197472	0	0	0
ENSG00000230184	0	0	0
ENSG00000234004	0	0	0
ENSG00000232436	0	0	0
ENSG00000231718	0	0	0
ENSG00000283952	0	0	0
ENSG00000230019	0	0	0
ENSG00000136643	317	1	316
ENSG00000232537	0	0	0
ENSG00000226036	1	1	0
ENSG00000285521	0	0	0
ENSG00000236317	2	0	2
ENSG00000176855	0	0	0
ENSG00000227728	0	0	0
ENSG00000133069	339	0	339
ENSG00000162877	4	0	4
ENSG00000233461	27	0	27
ENSG00000225401	0	0	0
ENSG00000228190	0	0	0
ENSG00000135747	2	0	2
ENSG00000227237	1	0	1
ENSG00000069248	907	0	907
ENSG00000232812	0	0	0
ENSG00000231666	0	0	0
ENSG00000226986	0	0	0
ENSG00000242042	0	0	0
ENSG00000234464	0	0	0
ENSG00000253148	0	0	0
ENSG00000227751	0	392	1
ENSG00000090104	54	2	52
ENSG00000285280	13	602	10
ENSG00000232892	0	0	0
ENSG00000236950	0	0	0
ENSG00000236468	0	0	0
ENSG00000143322	423	0	423
ENSG00000185220	223	0	223
ENSG00000226003	1	1	0
ENSG00000230813	1	0	1
ENSG00000226862	6	0	6
ENSG00000236101	0	0	0
ENSG00000162769	219	0	219
ENSG00000133065	444	0	444
ENSG00000278684	0	0	0
ENSG00000236775	0	0	0
ENSG00000042781	0	0	0
ENSG00000234754	0	0	0
ENSG00000233084	7	0	7
ENSG00000227815	1	0	1
ENSG00000287046	0	0	0
ENSG00000223774	0	2	0
ENSG00000228863	14	2794	15
ENSG00000228646	0	0	0
ENSG00000229112	0	0	0
ENSG00000233332	0	0	0
ENSG00000231984	0	0	0
ENSG00000286213	0	0	0
ENSG00000226876	0	0	0
ENSG00000277462	59	0	59
ENSG00000225591	1	0	1
ENSG00000035687	896	1	895
ENSG00000213080	2	0	2
ENSG00000180287	0	0	0
ENSG00000226693	0	0	0
ENSG00000234678	28	436	1
ENSG00000231272	0	0	0
ENSG00000223828	0	0	0
ENSG00000163431	4	0	6
ENSG00000230124	338	0	383
ENSG00000226723	0	0	0
ENSG00000272672	0	0	0
ENSG00000143473	0	4	0
ENSG00000228982	0	0	0
ENSG00000235096	0	0	0
ENSG00000237250	0	0	0
ENSG00000007341	84	34	144
ENSG00000286747	0	0	0
ENSG00000236069	0	0	0
ENSG00000236244	0	0	0
ENSG00000272865	1	1	0
ENSG00000117222	773	2	771
ENSG00000143324	458	1	457
ENSG00000229871	0	0	0
ENSG00000225222	0	0	0
ENSG00000118193	6	0	6
ENSG00000234116	0	0	0
ENSG00000231940	0	0	0
ENSG00000198842	0	0	0
ENSG00000286619	31	0	31
ENSG00000198756	50	0	50
ENSG00000259823	5	5	0
ENSG00000271558	0	0	0
ENSG00000227554	0	0	0
ENSG00000178596	0	0	0
ENSG00000135749	284	12	308
ENSG00000143786	35	0	36
ENSG00000224584	0	0	0
ENSG00000054282	219	20	240
ENSG00000183780	7	0	7
ENSG00000229663	2	2	0
ENSG00000162702	851	1	850
ENSG00000251508	0	0	0
ENSG00000238272	0	0	0
ENSG00000228530	0	0	0
ENSG00000235060	1	1	0
ENSG00000143194	0	0	0
ENSG00000229531	0	0	0
ENSG00000271329	1	0	1
ENSG00000054267	2043	16	2027
ENSG00000261831	0	0	0
ENSG00000287921	0	0	0
ENSG00000177800	0	0	0
ENSG00000225620	0	0	0
ENSG00000232166	0	0	0
ENSG00000175137	1660	1	1659
ENSG00000134245	13	71	9
ENSG00000234041	0	0	0
ENSG00000227373	12	0	12
ENSG00000231905	0	0	0
ENSG00000228175	0	0	0
ENSG00000069275	2426	3	2423
ENSG00000143674	40	0	40
ENSG00000237317	0	0	0
ENSG00000187889	0	0	0
ENSG00000134375	428	1	427
ENSG00000097046	79	1	78
ENSG00000232113	0	0	0
ENSG00000282718	0	0	0
ENSG00000231378	0	0	0
ENSG00000235605	0	1	0
ENSG00000223525	0	0	0
ENSG00000224857	0	0	0
ENSG00000273367	2	0	2
ENSG00000230604	1	1	0
ENSG00000231605	0	0	0
ENSG00000236358	1	0	2
ENSG00000203737	0	0	0
ENSG00000238003	0	0	0
ENSG00000215873	0	0	0
ENSG00000287008	0	0	0
ENSG00000185420	97	1	97
ENSG00000076321	345	1	344
ENSG00000272175	0	0	2
ENSG00000231564	0	0	0
ENSG00000135778	243	27	252
ENSG00000213070	0	0	0
ENSG00000282265	0	0	0
ENSG00000250536	0	0	0
ENSG00000229747	0	0	0
ENSG00000117280	1325	3	1322
ENSG00000233985	0	0	0
ENSG00000232175	0	0	0
ENSG00000287423	0	0	0
ENSG00000286774	0	0	0
ENSG00000236719	0	0	0
ENSG00000136636	82	0	82
ENSG00000225486	0	0	0
ENSG00000227043	0	0	0
ENSG00000163874	407	0	407
ENSG00000285777	0	0	0
ENSG00000237249	0	0	0
ENSG00000286109	0	0	0
ENSG00000213068	0	0	0
ENSG00000054392	53	0	57
ENSG00000227994	0	0	0
ENSG00000286552	0	0	0
ENSG00000225711	0	0	0
ENSG00000122223	892	23	869
ENSG00000235869	0	0	0
ENSG00000188739	11	0	11
ENSG00000286666	0	0	0
ENSG00000135750	2	0	2
ENSG00000273198	0	0	0
ENSG00000203730	4	4	0
ENSG00000225719	0	0	0
ENSG00000273483	1	0	1
ENSG00000287987	0	0	0
ENSG00000203729	0	0	0
ENSG00000232809	0	0	0
ENSG00000284623	0	0	0
ENSG00000285981	0	0	0
ENSG00000261729	0	0	0
ENSG00000223869	0	0	0
ENSG00000229228	1	0	1
ENSG00000215796	0	0	0
ENSG00000185221	0	0	0
ENSG00000233047	0	0	0
ENSG00000143341	4	0	4
ENSG00000228309	0	0	0
ENSG00000229739	12	0	12
ENSG00000116703	1	1	0
ENSG00000273874	1	0	1
ENSG00000278791	0	6	0
ENSG00000278757	2	0	2
ENSG00000264341	0	0	0
ENSG00000264101	0	0	0
ENSG00000265141	0	0	0
ENSG00000221083	0	0	0
ENSG00000252404	0	0	0
ENSG00000222511	0	0	0
ENSG00000265392	0	0	0
ENSG00000243267	0	0	0
ENSG00000201725	0	0	0
ENSG00000274258	0	0	0
ENSG00000239149	2	0	2
ENSG00000252151	0	0	0
ENSG00000252969	0	0	0
ENSG00000252417	0	0	0
ENSG00000200975	0	0	0
ENSG00000201609	0	0	0
ENSG00000238482	0	0	0
ENSG00000252956	0	0	0
ENSG00000265606	0	0	0
ENSG00000284357	0	0	0
ENSG00000278034	0	0	0
ENSG00000207237	0	0	0
ENSG00000222784	0	0	0
ENSG00000266210	0	0	0
ENSG00000265961	0	0	0
ENSG00000251866	0	0	0
ENSG00000252691	0	0	0
ENSG00000264371	0	0	0
ENSG00000253005	2	0	2
ENSG00000238316	0	0	0
ENSG00000207941	0	0	0
ENSG00000264773	2	0	2
ENSG00000252448	0	0	0
ENSG00000200421	0	0	0
ENSG00000222282	1	1	0
ENSG00000199963	0	0	0
ENSG00000264698	0	0	0
ENSG00000207328	0	0	0
ENSG00000207466	0	0	0
ENSG00000252368	0	0	0
ENSG00000206779	0	0	0
ENSG00000265596	0	0	0
ENSG00000212541	2	2	0
ENSG00000200796	0	0	0
ENSG00000252190	0	0	0
ENSG00000264613	0	0	0
ENSG00000199240	0	0	0
ENSG00000277168	0	0	0
ENSG00000283724	0	0	0
ENSG00000284410	0	0	0
ENSG00000252018	0	0	0
ENSG00000206627	0	0	0
ENSG00000283414	0	0	0
ENSG00000207508	0	0	0
ENSG00000200171	0	0	0
ENSG00000207194	0	0	0
ENSG00000283477	0	0	0
ENSG00000264834	0	0	0
ENSG00000263675	1	0	1
ENSG00000266188	0	0	0
ENSG00000206981	0	0	0
ENSG00000200174	0	0	0
ENSG00000265822	0	0	0
ENSG00000265815	0	0	0
ENSG00000238653	0	0	0
ENSG00000212624	0	0	0
ENSG00000200575	0	0	0
ENSG00000212360	0	0	0
ENSG00000242860	0	0	0
ENSG00000263908	0	0	0
ENSG00000283690	0	0	0
ENSG00000199921	0	0	0
ENSG00000251825	0	0	0
ENSG00000201153	0	0	0
ENSG00000222624	0	0	0
ENSG00000223152	0	0	0
ENSG00000212308	0	0	0
ENSG00000279049	0	17	0
ENSG00000276081	0	0	0
ENSG00000239640	0	0	0
ENSG00000252338	0	0	0
ENSG00000251785	0	0	0
ENSG00000239319	0	0	0
ENSG00000222849	0	0	0
ENSG00000283749	0	0	0
ENSG00000251958	0	0	0
ENSG00000251767	1	0	1
ENSG00000243437	0	0	0
ENSG00000202263	0	0	0
ENSG00000199318	0	0	0
ENSG00000199666	0	0	0
ENSG00000200601	0	0	0
ENSG00000242482	0	0	0
ENSG00000212366	0	0	0
ENSG00000201620	0	0	0
ENSG00000206817	0	0	0
ENSG00000284247	0	0	0
ENSG00000200839	0	0	0
ENSG00000264963	0	0	0
ENSG00000264271	0	0	0
ENSG00000239504	0	0	0
ENSG00000284202	0	0	0
ENSG00000251720	1	1	0
ENSG00000274321	0	0	0
ENSG00000198974	0	0	0
ENSG00000212248	0	0	0
ENSG00000207962	1	0	1
ENSG00000276884	0	0	0
ENSG00000207234	0	0	0
ENSG00000202259	0	0	0
ENSG00000212459	0	0	0
ENSG00000278287	0	0	0
ENSG00000277565	0	0	0
ENSG00000263526	0	0	0
ENSG00000211575	0	0	0
ENSG00000275823	0	0	0
ENSG00000277689	0	0	0
ENSG00000274199	0	1	0
ENSG00000202254	0	0	0
ENSG00000244256	2	0	2
ENSG00000201491	0	0	0
ENSG00000199831	0	0	0
ENSG00000275455	0	0	0
ENSG00000252162	0	0	0
ENSG00000272051	0	0	0
ENSG00000283899	0	0	0
ENSG00000200800	0	0	0
ENSG00000207502	0	0	0
ENSG00000252530	0	0	0
ENSG00000200536	0	0	0
ENSG00000211543	0	0	0
ENSG00000252797	1	1	0
ENSG00000212266	0	0	0
ENSG00000222209	0	0	0
ENSG00000277141	0	0	0
ENSG00000215930	0	0	0
ENSG00000238761	0	0	0
ENSG00000201114	0	0	0
ENSG00000206679	0	0	0
ENSG00000264419	0	0	0
ENSG00000222069	0	0	0
ENSG00000274428	0	0	0
ENSG00000199879	0	0	0
ENSG00000274408	0	0	0
ENSG00000283676	1	0	1
ENSG00000252005	0	0	0
ENSG00000252510	0	0	0
ENSG00000207340	0	0	0
ENSG00000252830	0	0	0
ENSG00000274450	0	0	0
ENSG00000252135	0	0	0
ENSG00000278596	0	0	0
ENSG00000238825	0	0	0
ENSG00000201183	0	0	0
ENSG00000202408	0	0	0
ENSG00000252744	0	0	0
ENSG00000273768	0	0	0
ENSG00000242565	0	0	0
ENSG00000239984	0	0	0
ENSG00000283296	0	0	0
ENSG00000252717	0	0	0
ENSG00000194297	0	0	0
ENSG00000199565	0	0	0
ENSG00000277313	0	0	0
ENSG00000274940	0	0	0
ENSG00000207341	0	0	0
ENSG00000207472	0	0	0
ENSG00000206880	0	0	0
ENSG00000252552	0	0	0
ENSG00000199849	0	0	0
ENSG00000252407	0	0	0
ENSG00000212538	0	0	0
ENSG00000251813	0	0	0
ENSG00000207108	0	0	0
ENSG00000201312	0	0	0
ENSG00000207039	0	0	0
ENSG00000202491	0	0	0
ENSG00000201596	0	0	0
ENSG00000276839	1	0	1
ENSG00000207974	0	0	0
ENSG00000273629	0	0	0
ENSG00000201493	0	0	0
ENSG00000215952	0	0	0
ENSG00000200139	0	0	0
ENSG00000283575	0	0	0
ENSG00000238765	0	0	0
ENSG00000264916	0	0	0
ENSG00000212338	0	0	0
ENSG00000206659	1	0	1
ENSG00000253025	0	0	0
ENSG00000201619	0	0	0
ENSG00000201544	4	2	2
ENSG00000202498	0	0	0
ENSG00000221545	0	0	0
ENSG00000252906	0	0	0
ENSG00000206692	0	0	0
ENSG00000202329	0	0	0
ENSG00000242794	0	0	0
ENSG00000212144	0	0	0
ENSG00000283340	0	0	0
ENSG00000252860	0	0	0
ENSG00000252501	0	0	0
ENSG00000263390	0	0	0
ENSG00000207181	2	0	2
ENSG00000265744	0	0	0
ENSG00000264377	0	0	0
ENSG00000207149	0	0	0
ENSG00000283936	0	0	0
ENSG00000284485	0	0	0
ENSG00000201638	0	0	0
ENSG00000275213	0	0	0
ENSG00000239494	2	1	1
ENSG00000212230	0	0	0
ENSG00000252371	0	0	0
ENSG00000199442	0	0	0
ENSG00000200033	1	0	1
ENSG00000239690	0	0	0
ENSG00000202184	0	0	0
ENSG00000241395	0	0	0
ENSG00000200982	0	0	0
ENSG00000275207	0	0	0
ENSG00000202300	0	0	0
ENSG00000222407	0	0	0
ENSG00000222986	0	0	0
ENSG00000265435	0	0	0
ENSG00000272262	0	0	0
ENSG00000200495	0	0	0
ENSG00000202609	0	0	0
ENSG00000252553	0	0	0
ENSG00000206764	0	0	0
ENSG00000222240	0	0	0
ENSG00000212187	0	0	0
ENSG00000206637	0	0	0
ENSG00000253097	0	0	0
ENSG00000200036	0	0	0
ENSG00000201421	0	0	0
ENSG00000212610	0	0	0
ENSG00000252484	0	0	0
ENSG00000201944	1	0	1
ENSG00000200327	0	0	0
ENSG00000206905	0	0	0
ENSG00000200972	0	0	0
ENSG00000243051	0	0	0
ENSG00000252011	0	0	0
ENSG00000207326	0	0	0
ENSG00000212205	2	2	0
ENSG00000253042	0	0	0
ENSG00000274121	0	0	0
ENSG00000264358	0	0	0
ENSG00000206640	0	0	0
ENSG00000212527	0	0	0
ENSG00000252879	0	0	0
ENSG00000252612	0	0	0
ENSG00000202264	0	0	0
ENSG00000285609	0	0	0
ENSG00000206762	2	2	0
ENSG00000252084	0	0	0
ENSG00000200085	0	0	0
ENSG00000264500	5	5	0
ENSG00000202025	0	0	0
ENSG00000225545	0	0	0
ENSG00000206990	0	0	0
ENSG00000230175	1	1	0
ENSG00000225272	0	0	0
ENSG00000215838	3	3	0
ENSG00000273365	1	0	1
ENSG00000224358	5	0	5
ENSG00000230659	0	0	0
ENSG00000162545	32	0	32
ENSG00000090432	535	1	534
ENSG00000215520	0	0	0
ENSG00000183114	0	0	0
ENSG00000158825	1598	0	1598
ENSG00000158828	362	93	1501
ENSG00000284005	0	0	0
ENSG00000117242	59	1147	142
ENSG00000234473	0	0	0
ENSG00000238754	0	0	0
ENSG00000134371	778	5	776
ENSG00000221680	0	0	0
ENSG00000162630	55	1	57
ENSG00000276735	1	1	0
ENSG00000232077	0	0	0
ENSG00000229639	0	0	0
ENSG00000287453	0	0	0
ENSG00000270615	0	0	0
ENSG00000287283	0	0	0
ENSG00000240692	0	0	0
ENSG00000229359	0	0	0
ENSG00000237919	0	0	0
ENSG00000066557	270	0	270
ENSG00000244389	0	0	0
ENSG00000228988	0	0	0
ENSG00000118454	381	2	379
ENSG00000226088	0	0	0
ENSG00000116761	15	0	15
ENSG00000278636	0	0	0
ENSG00000271992	1	0	1
ENSG00000233020	0	0	0
ENSG00000237033	0	0	0
ENSG00000226208	0	0	0
ENSG00000007968	198	1	197
ENSG00000235052	3	0	3
ENSG00000117318	412	0	412
ENSG00000285802	2	0	2
ENSG00000229239	0	0	0
ENSG00000142676	25613	167	25447
ENSG00000057757	796	4	792
ENSG00000011009	1189	0	1189
ENSG00000117308	117	0	117
ENSG00000273844	0	0	0
ENSG00000235748	0	0	0
ENSG00000237861	2	0	2
ENSG00000221879	0	0	0
ENSG00000230260	0	0	0
ENSG00000199241	0	0	0
ENSG00000226919	0	0	0
ENSG00000223963	0	0	0
ENSG00000215802	0	0	0
ENSG00000233615	0	0	0
ENSG00000238085	0	0	0
ENSG00000265831	0	0	0
ENSG00000224348	0	0	0
ENSG00000286496	2	0	2
ENSG00000287516	0	0	0
ENSG00000287738	0	0	0
ENSG00000132703	0	0	0
ENSG00000276632	0	0	0
ENSG00000223603	0	0	0
ENSG00000132693	0	0	0
ENSG00000235226	0	0	0
ENSG00000158716	147	0	147
ENSG00000181036	604	2	602
ENSG00000158714	41	26	106
ENSG00000212161	0	0	0
ENSG00000243284	0	0	0
ENSG00000272668	24	4	21
ENSG00000213085	37	1	36
ENSG00000266458	0	0	0
ENSG00000287040	0	0	0
ENSG00000279430	2	0	2
ENSG00000162723	0	0	0
ENSG00000273933	0	0	0
ENSG00000256029	1	26	15
ENSG00000188004	0	0	0
ENSG00000266580	0	0	0
ENSG00000254545	0	15	0
ENSG00000203620	0	0	0
ENSG00000269967	0	0	0
ENSG00000228634	2	2	0
ENSG00000284702	0	0	0
ENSG00000221040	0	0	0
ENSG00000287217	0	0	0
ENSG00000163399	2192	32	5871
ENSG00000212385	0	0	0
ENSG00000233154	7	0	7
ENSG00000230381	0	0	0
ENSG00000200547	0	0	0
ENSG00000224950	28	0	33
ENSG00000286276	3	8	0
ENSG00000177888	350	0	350
ENSG00000243364	79	1	78
ENSG00000251246	0	0	0
ENSG00000143590	10	0	10
ENSG00000202027	0	0	0
ENSG00000169242	54	0	54
ENSG00000169241	461	0	461
ENSG00000223452	0	0	0
ENSG00000163463	46	0	46
ENSG00000273088	0	0	0
ENSG00000284586	0	0	0
ENSG00000169231	165	3	413
ENSG00000236263	0	66	5
ENSG00000236675	79	79	0
ENSG00000177628	830	0	830
ENSG00000116521	709	0	709
ENSG00000176444	1087	3	1084
ENSG00000143630	23	0	26
ENSG00000143627	0	3	0
ENSG00000253074	0	0	0
ENSG00000252116	0	0	0
ENSG00000228523	0	0	0
ENSG00000223263	0	0	0
ENSG00000207504	0	0	0
ENSG00000238139	0	0	0
ENSG00000197721	7	0	7
ENSG00000244703	1	0	1
ENSG00000226289	0	0	0
ENSG00000285239	0	0	0
ENSG00000234219	0	0	0
ENSG00000174059	8	0	8
ENSG00000285719	0	0	0
ENSG00000284237	0	0	0
ENSG00000158731	0	0	0
ENSG00000201746	0	0	0
ENSG00000264881	0	0	0
ENSG00000199562	0	0	0
ENSG00000264501	0	0	0
ENSG00000284735	4	4	0
ENSG00000284642	6	2	4
ENSG00000142657	5998	10	5988
ENSG00000271989	0	3	0
ENSG00000251503	0	0	0
ENSG00000175279	1	0	1
ENSG00000160049	490	1	578
ENSG00000203469	0	52	0
ENSG00000236035	1	1	0
ENSG00000221643	1	0	1
ENSG00000122188	427	0	427
ENSG00000288644	0	0	0
ENSG00000227417	0	0	0
ENSG00000223505	0	0	0
ENSG00000182004	485	1	484
ENSG00000236430	0	0	0
ENSG00000130768	10	0	14
ENSG00000227050	0	5	0
ENSG00000238231	1	1	0
ENSG00000240750	0	0	0
ENSG00000158156	1053	0	1054
ENSG00000182118	28	0	28
ENSG00000283799	0	0	0
ENSG00000227934	1	1	0
ENSG00000229595	0	0	0
ENSG00000143633	244	0	244
ENSG00000281912	4	0	4
ENSG00000288208	0	0	0
ENSG00000132773	173	34	206
ENSG00000070759	153	10	165
ENSG00000236872	0	0	0
ENSG00000280670	24	0	24
ENSG00000132763	68	535	74
ENSG00000221953	0	0	0
ENSG00000226164	0	0	0
ENSG00000224014	0	0	0
ENSG00000215795	1	1	0
ENSG00000259865	144	2	142
ENSG00000227671	647	0	647
ENSG00000283881	0	0	0
ENSG00000252516	5	0	5
ENSG00000232347	1	1	0
ENSG00000214144	0	0	0
ENSG00000235818	0	0	0
ENSG00000197617	0	0	0
ENSG00000202079	0	0	0
ENSG00000286216	1	2	0
ENSG00000203664	0	0	0
ENSG00000169224	75	1	79
ENSG00000236817	0	4	0
ENSG00000177489	0	0	0
ENSG00000177476	0	0	0
ENSG00000283369	0	0	0
ENSG00000230411	0	0	0
ENSG00000251977	0	0	0
ENSG00000252254	0	0	0
ENSG00000227854	0	0	0
ENSG00000287589	0	0	0
ENSG00000259776	0	0	0
ENSG00000233355	535	1	544
ENSG00000234601	0	0	0
ENSG00000231979	0	0	0
ENSG00000215805	0	0	0
ENSG00000287102	0	0	0
ENSG00000217327	0	0	0
ENSG00000228818	0	0	0
ENSG00000202041	0	0	0
ENSG00000223694	0	0	0
ENSG00000233735	0	0	0
ENSG00000133019	9	10	9
ENSG00000162636	536	1	535
ENSG00000162639	401	2	399
ENSG00000285923	1	0	1
ENSG00000134186	1946	39	1907
ENSG00000143107	0	0	0
ENSG00000232971	0	0	0
ENSG00000116266	1223	4	1219
ENSG00000228076	0	0	0
ENSG00000203897	0	0	0
ENSG00000237349	0	0	0
ENSG00000244716	29	0	29
ENSG00000228665	1	0	1
ENSG00000228054	0	0	0
ENSG00000273382	6	82	5
ENSG00000215717	1426	4	1501
ENSG00000278249	0	0	0
ENSG00000270066	0	0	0
ENSG00000251484	2	2	0
ENSG00000132676	1326	109	1326
ENSG00000227673	0	0	0
ENSG00000203761	82	33	66
ENSG00000234937	0	0	0
ENSG00000132718	527	2	525
ENSG00000283442	0	0	0
ENSG00000143622	1274	3	1271
ENSG00000132680	1015	1	1014
ENSG00000207475	1	0	1
ENSG00000280466	0	0	0
ENSG00000281394	0	0	0
ENSG00000277817	0	0	0
ENSG00000273002	42	1	42
ENSG00000224276	1	1	0
ENSG00000285677	2	1299	0
ENSG00000163479	2476	2	3770
ENSG00000160803	572	0	572
ENSG00000132698	4	0	4
ENSG00000252236	0	0	0
ENSG00000260238	0	0	0
ENSG00000242252	5	0	5
ENSG00000198952	1950	4	1946
ENSG00000163472	150	142	168
ENSG00000163468	2197	4	2196
ENSG00000132677	0	0	0
ENSG00000237390	0	0	0
ENSG00000207933	0	0	0
ENSG00000254726	1	0	1
ENSG00000186377	0	0	0
ENSG00000186160	0	0	0
ENSG00000225154	0	0	0
ENSG00000225506	0	0	1
ENSG00000225514	0	0	0
ENSG00000224805	30	1	37
ENSG00000162366	635	0	635
ENSG00000226252	7	60	3
ENSG00000225762	1	0	1
ENSG00000186790	0	0	0
ENSG00000237424	52	0	52
ENSG00000189030	0	0	0
ENSG00000162763	0	0	0
ENSG00000143061	5	0	5
ENSG00000135821	10137	19	10118
ENSG00000203740	0	0	0
ENSG00000162374	0	0	0
ENSG00000168275	104	4	155
ENSG00000241563	1	0	1
ENSG00000153207	1999	1	1998
ENSG00000156869	84	0	84
ENSG00000033122	51	13	38
ENSG00000143278	0	0	0
ENSG00000116678	93	0	93
ENSG00000159352	1830	3	1827
ENSG00000158710	17332	10	17322
ENSG00000162734	1554	9	1630
ENSG00000049239	1248	2	1246
ENSG00000186564	7	0	7
ENSG00000244038	2628	3	2625
ENSG00000158747	51	1	50
ENSG00000116690	6	221	6
ENSG00000126091	17	0	17
ENSG00000162383	45	0	45
ENSG00000171163	491	1	490
ENSG00000172456	50	0	50
ENSG00000162946	311	0	311
ENSG00000158786	0	0	0
ENSG00000118733	1	0	1
ENSG00000157870	351	3	444
ENSG00000179085	122	0	122
ENSG00000173080	1	1	0
ENSG00000183347	22	0	22
ENSG00000276470	0	0	0
ENSG00000278852	0	0	0
ENSG00000275915	0	0	0
ENSG00000120937	0	0	0
ENSG00000224904	1	0	1
ENSG00000285646	3	1	2
ENSG00000199347	0	0	0
ENSG00000201801	0	0	0
ENSG00000116685	1283	1	1282
ENSG00000083444	972	0	972
ENSG00000287384	0	0	0
ENSG00000270914	0	0	0
ENSG00000116691	515	0	515
ENSG00000202461	1	1	0
ENSG00000276869	0	0	0
ENSG00000243539	0	0	0
ENSG00000120949	258	0	258
ENSG00000201135	0	0	0
ENSG00000227875	0	0	0
ENSG00000285604	0	0	0
ENSG00000283789	0	0	0
ENSG00000263676	0	0	0
ENSG00000200591	0	0	0
ENSG00000162521	1665	6	2386
ENSG00000162520	0	723	4
ENSG00000224409	0	0	0
ENSG00000162522	57	0	57
ENSG00000116497	610	2	625
ENSG00000160097	3	0	3
ENSG00000121905	1	2	1
ENSG00000121900	1	0	3
ENSG00000287691	17	17	0
ENSG00000278966	4	3	1
ENSG00000143222	821	1	1072
ENSG00000224985	0	251	1
ENSG00000143224	255	75	261
ENSG00000158850	750	8	820
ENSG00000158859	24	0	24
ENSG00000158869	3118	2	3116
ENSG00000158874	2	2	0
ENSG00000158882	163	0	251
ENSG00000284035	0	0	0
ENSG00000143257	6	94	0
ENSG00000248485	7	7	0
ENSG00000188931	42	47	0
ENSG00000236484	0	0	0
ENSG00000283696	42	0	42
ENSG00000288093	3	0	3
ENSG00000206921	0	0	0
ENSG00000215840	1	0	1
ENSG00000277882	0	0	0
ENSG00000283317	6	6	0
ENSG00000277762	0	0	0
ENSG00000227139	0	0	0
ENSG00000265107	0	0	0
ENSG00000274415	0	0	0
ENSG00000234190	0	0	0
ENSG00000223728	0	0	0
ENSG00000121634	0	0	0
ENSG00000188092	62	1	61
ENSG00000215859	7	8	0
ENSG00000273059	0	0	1
ENSG00000274372	0	0	0
ENSG00000206791	0	0	0
ENSG00000206585	0	0	0
ENSG00000229828	1	0	1
ENSG00000225080	1	1	0
ENSG00000198658	1	1	0
ENSG00000238382	0	0	0
ENSG00000225919	0	0	0
ENSG00000236497	0	0	0
ENSG00000207190	0	0	0
ENSG00000200508	0	0	0
ENSG00000284928	0	0	0
ENSG00000223949	0	0	0
ENSG00000116688	1856	1	1855
ENSG00000188800	0	0	0
ENSG00000084073	797	0	798
ENSG00000231296	0	1	0
ENSG00000049089	191	0	191
ENSG00000227311	0	0	0
ENSG00000213172	1	0	1
ENSG00000284677	1	1	0
ENSG00000187801	38	0	38
ENSG00000260920	47	0	47
ENSG00000158887	61	0	61
ENSG00000255054	0	0	0
ENSG00000228172	9	210	15
ENSG00000117640	417	4	588
ENSG00000272478	0	0	0
ENSG00000127423	4	11	1
ENSG00000182749	95	7	141
ENSG00000207302	0	0	0
ENSG00000117632	475	0	475
ENSG00000229786	0	0	0
ENSG00000223624	0	0	0
ENSG00000283938	0	0	0
ENSG00000199385	0	0	0
ENSG00000187147	954	18	1415
ENSG00000263381	0	0	0
ENSG00000126106	32	465	46
ENSG00000198520	443	2	441
ENSG00000199377	0	0	0
ENSG00000200169	0	0	0
ENSG00000142945	27	3	28
ENSG00000142937	15427	36	17379
ENSG00000264294	0	0	0
ENSG00000200913	0	0	0
ENSG00000202031	0	0	0
ENSG00000207421	0	0	0
ENSG00000281859	0	0	0
ENSG00000234093	0	0	0
ENSG00000142959	6	0	6
ENSG00000173846	261	1	270
ENSG00000117425	19	1	18
ENSG00000202444	0	0	0
ENSG00000226499	0	0	0
ENSG00000070785	155	0	155
ENSG00000253039	0	0	0
ENSG00000229815	0	0	0
ENSG00000232369	0	0	0
ENSG00000268949	0	0	0
ENSG00000126107	761	1	763
ENSG00000126088	482	4	481
ENSG00000234315	0	0	0
ENSG00000162408	504	0	505
ENSG00000229519	1	2	0
ENSG00000173662	0	0	0
ENSG00000204859	639	7	632
ENSG00000288629	0	0	0
ENSG00000230735	0	6	0
ENSG00000171488	1621	2	1619
ENSG00000226394	0	0	0
ENSG00000237200	2	0	2
ENSG00000070886	0	0	0
ENSG00000276835	0	0	0
ENSG00000265422	0	0	0
ENSG00000223776	2	57	6
ENSG00000273058	18	0	18
ENSG00000230325	2	4	3
ENSG00000119285	740	637	883
ENSG00000226498	0	0	0
ENSG00000237991	0	0	0
ENSG00000244020	0	0	0
ENSG00000288099	0	0	0
ENSG00000225886	8	9	0
ENSG00000206767	0	0	0
ENSG00000226662	0	0	0
ENSG00000207095	0	0	0
ENSG00000287244	0	0	0
ENSG00000231344	0	0	0
ENSG00000230833	1	0	1
ENSG00000117758	630	1	629
ENSG00000269971	0	0	0
ENSG00000270031	1	0	1
ENSG00000223062	0	0	0
ENSG00000286433	0	58	0
ENSG00000117751	792	5	845
ENSG00000252947	1	0	1
ENSG00000130775	6260	5	6258
ENSG00000117748	1362	41	1324
ENSG00000223643	0	0	0
ENSG00000230239	0	0	0
ENSG00000263811	0	0	0
ENSG00000277234	0	0	0
ENSG00000235241	0	98	0
ENSG00000207005	0	0	0
ENSG00000272426	0	0	0
ENSG00000117122	1	0	1
ENSG00000286898	0	0	0
ENSG00000226526	0	51	0
ENSG00000159363	671	0	695
ENSG00000117118	891	0	891
ENSG00000117115	3417	5	3412
ENSG00000204362	0	0	0
ENSG00000282843	0	0	0
ENSG00000142623	0	0	0
ENSG00000142619	0	0	0
ENSG00000266634	0	0	0
ENSG00000199459	0	0	0
ENSG00000273264	0	0	0
ENSG00000282057	1	0	1
ENSG00000272691	0	0	0
ENSG00000199934	0	0	0
ENSG00000230285	0	0	0
ENSG00000142871	0	0	0
ENSG00000226643	0	0	0
ENSG00000234419	0	0	0
ENSG00000276997	5	0	5
ENSG00000222399	0	0	0
ENSG00000267305	1	0	1
ENSG00000143512	6	0	6
ENSG00000143498	86	0	94
ENSG00000225265	6	8	6
ENSG00000154305	1562	65	1833
ENSG00000229399	0	0	0
ENSG00000272750	14	335	13
ENSG00000186063	764	31	752
ENSG00000162819	1019	4	1032
ENSG00000287684	6	22	1
ENSG00000234523	0	0	0
ENSG00000287338	2	0	2
ENSG00000187554	510	49	461
ENSG00000236846	0	0	0
ENSG00000226601	0	0	0
ENSG00000164010	186	8	308
ENSG00000164011	141	0	141
ENSG00000233708	0	0	0
ENSG00000237090	0	0	0
ENSG00000225099	0	0	0
ENSG00000284138	1	0	1
ENSG00000283973	0	8	0
ENSG00000207256	0	0	0
ENSG00000283136	0	0	0
ENSG00000277513	0	0	0
ENSG00000154309	118	0	118
ENSG00000226967	0	0	0
ENSG00000231407	2	1	2
ENSG00000229570	0	0	0
ENSG00000203857	0	0	0
ENSG00000226443	0	0	0
ENSG00000249798	0	0	0
ENSG00000239873	0	0	0
ENSG00000203855	0	0	0
ENSG00000240244	1	0	1
ENSG00000260941	6	0	6
ENSG00000198857	2	2	0
ENSG00000143067	73	0	73
ENSG00000134240	0	0	0
ENSG00000134193	26	0	26
ENSG00000215864	0	0	0
ENSG00000227205	0	0	0
ENSG00000226446	0	0	0
ENSG00000134249	0	0	0
ENSG00000092621	140	0	140
ENSG00000027644	1	1	0
ENSG00000241992	0	0	0
ENSG00000234226	0	0	0
ENSG00000137970	74	0	74
ENSG00000223229	0	0	0
ENSG00000285698	0	0	0
ENSG00000228035	0	0	0
ENSG00000287103	0	0	0
ENSG00000226973	0	0	0
ENSG00000274468	0	0	0
ENSG00000130764	613	11	725
ENSG00000266075	0	0	0
ENSG00000272153	16	137	2
ENSG00000230026	0	0	0
ENSG00000285177	0	0	0
ENSG00000284770	11	85	13
ENSG00000229795	1	0	1
ENSG00000238236	0	0	0
ENSG00000235638	0	0	0
ENSG00000231199	0	0	0
ENSG00000226663	0	0	0
ENSG00000231582	0	0	0
ENSG00000232714	0	0	0
ENSG00000235761	0	0	0
ENSG00000270710	0	0	0
ENSG00000227236	0	0	0
ENSG00000198837	3679	2	3859
ENSG00000160741	1678	1	1677
ENSG00000276584	0	0	0
ENSG00000282386	4	1	3
ENSG00000273026	6	1	5
ENSG00000143578	71	24	92
ENSG00000143543	138	7	157
ENSG00000285641	0	4	1
ENSG00000143545	14	1	13
ENSG00000177954	28326	11	28315
ENSG00000231416	0	0	0
ENSG00000200220	0	0	0
ENSG00000231837	0	0	0
ENSG00000263987	0	0	0
ENSG00000162642	386	0	386
ENSG00000223254	0	0	0
ENSG00000223653	2	51	2
ENSG00000116198	624	2	622
ENSG00000169598	230	0	230
ENSG00000226653	0	0	0
ENSG00000207209	0	0	0
ENSG00000272443	0	0	0
ENSG00000272480	0	0	0
ENSG00000288626	0	0	0
ENSG00000162836	137	2	135
ENSG00000207080	0	0	0
ENSG00000231791	0	0	0
ENSG00000244568	0	0	0
ENSG00000271387	2	0	2
ENSG00000116667	338	0	338
ENSG00000230470	0	0	0
ENSG00000232036	0	0	0
ENSG00000285847	0	0	0
ENSG00000286378	0	0	0
ENSG00000215381	1	0	1
ENSG00000261326	96	0	96
ENSG00000284726	4	4	0
ENSG00000125945	262	9	262
ENSG00000201405	0	0	0
ENSG00000271420	0	0	0
ENSG00000204219	126	0	126
ENSG00000232482	0	0	0
ENSG00000285779	0	0	0
ENSG00000162885	132	35	260
ENSG00000270780	0	0	0
ENSG00000232895	0	0	0
ENSG00000273698	0	0	0
ENSG00000273112	10	1	9
ENSG00000173110	2318	10	2308
ENSG00000224203	1	2	0
ENSG00000224515	0	0	0
ENSG00000225217	403	1	402
ENSG00000231586	3	3	0
ENSG00000234211	7	80	0
ENSG00000213075	4	4	0
ENSG00000143125	0	0	1
ENSG00000270380	0	1	0
ENSG00000282887	0	0	0
ENSG00000283999	0	0	0
ENSG00000240194	0	0	0
ENSG00000235407	0	0	0
ENSG00000143105	0	0	0
ENSG00000199710	0	0	0
ENSG00000237415	0	0	0
ENSG00000232791	0	0	0
ENSG00000177301	35	1	34
ENSG00000226828	5	5	0
ENSG00000279774	0	0	0
ENSG00000229960	0	0	0
ENSG00000286486	0	0	0
ENSG00000244066	0	0	0
ENSG00000237759	0	0	0
ENSG00000287531	0	0	0
ENSG00000225855	57	550	12
ENSG00000283701	0	0	0
ENSG00000207134	0	0	0
ENSG00000227773	0	0	0
ENSG00000207144	0	0	0
ENSG00000237872	0	0	0
ENSG00000271267	3	3	0
ENSG00000225082	0	0	0
ENSG00000223503	0	0	0
ENSG00000232519	0	0	0
ENSG00000160752	314	9	804
ENSG00000121957	76	223	102
ENSG00000235089	0	0	0
ENSG00000285179	0	0	0
ENSG00000223026	0	0	0
ENSG00000225721	0	1988	6
ENSG00000188396	14	20	4
ENSG00000202167	0	0	0
ENSG00000207349	0	0	0
ENSG00000252826	0	0	0
ENSG00000206737	0	0	0
ENSG00000223779	0	0	0
ENSG00000242352	0	0	0
ENSG00000270962	0	0	0
ENSG00000263590	0	0	0
ENSG00000252105	0	0	0
ENSG00000233430	0	0	0
ENSG00000237503	0	0	0
ENSG00000265531	28	0	32
ENSG00000234571	2	6	0
ENSG00000230186	0	1	0
ENSG00000268074	0	0	0
ENSG00000270872	4	0	4
ENSG00000276674	0	0	0
ENSG00000082482	0	0	0
ENSG00000116747	613	14	746
ENSG00000118729	0	0	0
ENSG00000134207	0	0	0
ENSG00000163467	7	7	3
ENSG00000243710	5	1	4
ENSG00000117395	316	0	316
ENSG00000116874	111	5	119
ENSG00000065600	182	1	181
ENSG00000009780	184	0	184
ENSG00000023572	181	158	144
ENSG00000077254	1355	1	1354
ENSG00000134644	1830	1	1829
ENSG00000215788	789	8	842
ENSG00000117834	27	2	26
ENSG00000117625	829	1	828
ENSG00000179902	0	0	0
ENSG00000020633	3563	3	3560
ENSG00000121766	322	3	492
ENSG00000143157	1117	1	1116
ENSG00000162614	155	3	165
ENSG00000160781	78	0	79
ENSG00000143344	113	0	113
ENSG00000162613	1850	7	1843
ENSG00000116882	0	0	0
ENSG00000198758	1	0	1
ENSG00000117569	229	0	229
ENSG00000142856	120	96	122
ENSG00000158022	0	0	0
ENSG00000116396	116	0	116
ENSG00000058668	3076	5	3071
ENSG00000163875	919	0	919
ENSG00000282872	0	0	0
ENSG00000131238	5090	7	5085
ENSG00000171680	51	1	50
ENSG00000244457	0	0	0
ENSG00000116977	1278	209	2019
ENSG00000229372	0	142	0
ENSG00000274975	0	0	0
ENSG00000229348	1	0	1
ENSG00000242485	451	23	525
ENSG00000264293	0	0	0
ENSG00000272455	27	0	27
ENSG00000225905	0	0	0
ENSG00000225285	0	0	0
ENSG00000179403	1	0	1
ENSG00000215915	18	0	18
ENSG00000236085	0	0	0
ENSG00000234441	0	0	0
ENSG00000227408	0	0	0
ENSG00000223635	0	0	0
ENSG00000135776	456	0	456
ENSG00000199672	0	0	0
ENSG00000201492	2	2	0
ENSG00000229367	0	0	0
ENSG00000135763	258	0	258
ENSG00000213028	0	0	0
ENSG00000225984	0	0	0
ENSG00000178828	0	0	0
ENSG00000235434	0	0	0
ENSG00000169914	214	0	214
ENSG00000188784	0	0	0
ENSG00000242688	0	0	0
ENSG00000177186	0	0	0
ENSG00000177174	0	0	0
ENSG00000269956	14	182	0
ENSG00000162456	0	0	0
ENSG00000079277	878	0	1046
ENSG00000117407	0	0	0
ENSG00000237950	23	0	23
ENSG00000117408	544	1	543
ENSG00000285649	0	36	0
ENSG00000117410	2687	0	2687
ENSG00000159214	23	2	27
ENSG00000196517	26	5	27
ENSG00000227163	0	0	0
ENSG00000271647	0	0	0
ENSG00000239560	0	0	0
ENSG00000196539	0	0	0
ENSG00000229255	1	0	1
ENSG00000203661	0	0	0
ENSG00000271934	0	0	0
ENSG00000224521	0	0	0
ENSG00000227102	0	0	0
ENSG00000183310	0	0	0
ENSG00000201602	0	0	0
ENSG00000271701	0	0	0
ENSG00000189181	0	0	0
ENSG00000187238	0	0	0
ENSG00000185962	0	0	0
ENSG00000226947	0	0	0
ENSG00000285753	0	0	0
ENSG00000187223	0	0	0
ENSG00000159455	0	0	0
ENSG00000187173	0	0	0
ENSG00000204501	0	0	0
ENSG00000228229	0	0	0
ENSG00000204481	0	0	0
ENSG00000204479	0	0	0
ENSG00000172031	7	0	7
ENSG00000233228	0	0	0
ENSG00000224678	0	0	0
ENSG00000233401	0	0	0
ENSG00000273487	4	0	4
ENSG00000226773	0	0	0
ENSG00000274481	0	0	0
ENSG00000228594	89	0	89
ENSG00000286989	20	0	20
ENSG00000272106	34	1	37
ENSG00000189409	3	2	1
ENSG00000272004	1	144	2
ENSG00000189339	1626	7	1764
ENSG00000269737	39	39	0
ENSG00000215914	3	0	3
ENSG00000008128	60	0	60
ENSG00000268575	33	0	61
ENSG00000227775	300	334	0
ENSG00000008130	7042	3	7039
ENSG00000078369	7330	16	7314
ENSG00000178821	1	0	1
ENSG00000158477	47	0	47
ENSG00000230942	1	0	1
ENSG00000158481	282	0	282
ENSG00000158485	4	0	4
ENSG00000158488	13	0	13
ENSG00000186306	0	0	0
ENSG00000203758	0	0	0
ENSG00000236257	0	0	0
ENSG00000236656	0	0	0
ENSG00000198703	0	0	0
ENSG00000227445	0	0	0
ENSG00000231434	0	0	0
ENSG00000117505	1964	5	2015
ENSG00000229635	2	2	0
ENSG00000207379	0	0	0
ENSG00000212601	0	0	0
ENSG00000162889	2944	1	2943
ENSG00000224114	122	6	116
ENSG00000199349	0	0	0
ENSG00000162892	79	902	2
ENSG00000162894	6134	7	6952
ENSG00000271680	21	21	0
ENSG00000226945	20	19	1
ENSG00000162896	2	0	2
ENSG00000162897	0	0	0
ENSG00000182795	47	0	47
ENSG00000198890	236	0	236
ENSG00000224550	0	0	0
ENSG00000142669	7798	13	11333
ENSG00000169442	3945	5	7812
ENSG00000225854	0	0	0
ENSG00000176083	387	0	387
ENSG00000229167	0	0	0
ENSG00000142910	0	0	0
ENSG00000162517	780	0	922
ENSG00000235790	0	0	0
ENSG00000264078	0	0	0
ENSG00000241745	0	0	0
ENSG00000228407	2	2	0
ENSG00000223429	0	0	0
ENSG00000224255	0	0	0
ENSG00000236004	0	0	0
ENSG00000237663	0	0	0
ENSG00000213735	0	0	0
ENSG00000272100	1	97	0
ENSG00000287078	2	0	2
ENSG00000224680	0	0	0
ENSG00000085840	17	0	17
ENSG00000283445	0	0	0
ENSG00000272226	1	1	0
ENSG00000231740	1	1	0
ENSG00000143751	725	1	724
ENSG00000272562	6	0	7
ENSG00000163041	7311	3	7309
ENSG00000225518	4	0	4
ENSG00000270598	0	0	0
ENSG00000182827	631	3	704
ENSG00000234478	2	78	0
ENSG00000223570	0	0	0
ENSG00000185155	6	0	6
ENSG00000236773	1	0	2
ENSG00000143753	1202	9	1194
ENSG00000201898	0	0	0
ENSG00000237101	0	43	0
ENSG00000143748	351	0	394
ENSG00000221406	0	0	0
ENSG00000229742	0	0	0
ENSG00000206887	0	0	0
ENSG00000143771	502	0	502
ENSG00000266618	0	0	0
ENSG00000229991	0	0	0
ENSG00000233384	0	0	0
ENSG00000234247	0	0	0
ENSG00000183682	68	114	4
ENSG00000237624	0	0	0
ENSG00000228060	3	554	2
ENSG00000201457	0	0	0
ENSG00000163909	3	0	3
ENSG00000225903	0	0	0
ENSG00000116983	105	0	105
ENSG00000225333	0	0	0
ENSG00000252413	0	0	0
ENSG00000090621	1669	6	2216
ENSG00000236994	0	0	0
ENSG00000275406	0	0	0
ENSG00000270287	0	0	0
ENSG00000229965	1	0	1
ENSG00000223282	0	0	0
ENSG00000177770	0	0	0
ENSG00000287627	0	0	0
ENSG00000283933	0	0	0
ENSG00000143369	36	0	36
ENSG00000228126	4	0	4
ENSG00000237781	31	98	66
ENSG00000264553	6	6	0
ENSG00000277452	3	0	3
ENSG00000274963	2	0	2
ENSG00000253047	2	0	2
ENSG00000143420	1895	8	1887
ENSG00000276103	1	0	1
ENSG00000143457	344	1	343
ENSG00000143452	17	0	17
ENSG00000206931	0	0	0
ENSG00000236713	1	1	0
ENSG00000224690	0	0	0
ENSG00000203804	2	184	44
ENSG00000143384	25390	29	25362
ENSG00000154342	0	0	0
ENSG00000276255	0	0	0
ENSG00000284163	0	0	0
ENSG00000143793	217	12	205
ENSG00000162910	198	0	198
ENSG00000224566	0	0	0
ENSG00000287895	3	0	3
ENSG00000280157	7	0	7
ENSG00000227625	0	0	0
ENSG00000198835	10	0	10
ENSG00000203684	1	0	1
ENSG00000181873	217	1	216
ENSG00000162913	9	9	12
ENSG00000269934	23	63	57
ENSG00000270110	13	13	0
ENSG00000286773	0	0	0
ENSG00000287315	32	128	7
ENSG00000270104	0	0	0
ENSG00000154370	426	0	586
ENSG00000270094	0	160	0
ENSG00000284311	0	0	0
ENSG00000162931	18	14	8
ENSG00000230841	0	0	0
ENSG00000266174	0	0	0
ENSG00000279306	1	0	1
ENSG00000215811	2	0	2
EN