N_unmapped	188477	188477	188477
N_multimapping	1956287	1956287	1956287
N_noFeature	1238859	23827284	1389670
N_ambiguous	2559359	46992	1100368
ENSG00000160072	224	0	224
ENSG00000234396	2	1	3
ENSG00000225972	5403	182	5221
ENSG00000224315	0	0	0
ENSG00000198744	3	0	3
ENSG00000279928	1	0	1
ENSG00000228037	18	1	17
ENSG00000142611	3	0	3
ENSG00000225630	1335	27	1308
ENSG00000284616	0	0	0
ENSG00000157911	63	415	125
ENSG00000269896	23	0	23
ENSG00000237973	248	69	229
ENSG00000228463	3	0	4
ENSG00000260972	0	0	0
ENSG00000157933	1374	3	1371
ENSG00000224340	0	0	0
ENSG00000226545	0	0	0
ENSG00000268663	0	0	0
ENSG00000226374	0	0	0
ENSG00000229280	0	0	0
ENSG00000142655	260	48	260
ENSG00000232596	0	0	0
ENSG00000235054	0	0	0
ENSG00000232663	0	0	0
ENSG00000240409	0	0	0
ENSG00000229344	19	13	6
ENSG00000231510	0	0	0
ENSG00000149527	97	3	94
ENSG00000284739	0	0	0
ENSG00000171621	133	1	132
ENSG00000272235	1	0	1
ENSG00000284694	0	0	0
ENSG00000230021	3	37	4
ENSG00000287356	6	3	3
ENSG00000224387	3	0	3
ENSG00000285629	0	0	0
ENSG00000173673	0	0	0
ENSG00000142583	99	0	99
ENSG00000284674	0	0	0
ENSG00000272161	1	0	1
ENSG00000237094	76	0	76
ENSG00000224338	0	0	0
ENSG00000074800	12263	4	12259
ENSG00000116786	1503	1	1741
ENSG00000287727	6	6	0
ENSG00000228423	0	0	0
ENSG00000286448	0	1	0
ENSG00000131686	29	34	6
ENSG00000229305	0	0	0
ENSG00000284703	0	0	0
ENSG00000226457	0	1	0
ENSG00000173614	237	0	238
ENSG00000248527	4988	261	4727
ENSG00000215720	0	0	0
ENSG00000241326	0	0	0
ENSG00000233623	0	0	0
ENSG00000162592	1	30	0
ENSG00000116254	53	0	53
ENSG00000233645	0	0	0
ENSG00000204624	4	0	4
ENSG00000142606	9	69	12
ENSG00000235146	0	0	0
ENSG00000225931	12	5	7
ENSG00000171729	40	0	41
ENSG00000279457	93	0	93
ENSG00000162571	3	0	4
ENSG00000229393	1	0	1
ENSG00000037637	855	0	855
ENSG00000287586	15	0	15
ENSG00000159423	115	1	114
ENSG00000142599	5848	32	5818
ENSG00000227169	0	0	0
ENSG00000283356	0	0	0
ENSG00000011021	612	0	631
ENSG00000142615	1	1	0
ENSG00000215704	6	14	0
ENSG00000157916	1995	62	2410
ENSG00000157881	474	1	473
ENSG00000238290	0	0	0
ENSG00000225387	0	0	0
ENSG00000048707	2071	0	2071
ENSG00000158748	8	0	8
ENSG00000225196	0	0	0
ENSG00000162444	357	0	357
ENSG00000279625	0	0	0
ENSG00000180758	109	0	109
ENSG00000184677	1284	1	1283
ENSG00000230679	4	0	4
ENSG00000270136	0	0	0
ENSG00000288398	97	0	97
ENSG00000224621	0	0	0
ENSG00000285833	0	0	0
ENSG00000131697	227	0	230
ENSG00000284692	0	0	0
ENSG00000284745	0	0	0
ENSG00000280222	0	0	0
ENSG00000227634	0	0	0
ENSG00000285945	0	0	0
ENSG00000229162	3	0	3
ENSG00000197921	0	0	0
ENSG00000233755	0	0	0
ENSG00000233929	1	0	1
ENSG00000271742	0	0	0
ENSG00000226396	16	0	16
ENSG00000169504	908	0	908
ENSG00000234166	0	16	0
ENSG00000235282	0	0	0
ENSG00000055070	2416	4	3846
ENSG00000175087	189	0	189
ENSG00000157191	2735	19	2716
ENSG00000284699	0	0	0
ENSG00000230035	0	0	0
ENSG00000235185	0	0	0
ENSG00000225643	0	0	0
ENSG00000284666	0	0	0
ENSG00000228943	2	2	0
ENSG00000234397	0	0	0
ENSG00000284309	0	0	0
ENSG00000162511	20329	9	35221
ENSG00000158014	0	0	0
ENSG00000204138	661	0	661
ENSG00000233419	0	0	0
ENSG00000235263	0	0	0
ENSG00000228176	0	0	0
ENSG00000231251	0	0	0
ENSG00000142675	61	0	61
ENSG00000197245	0	0	0
ENSG00000261025	1	1	0
ENSG00000116237	645	5	670
ENSG00000130772	493	0	493
ENSG00000215899	0	0	0
ENSG00000271398	0	0	0
ENSG00000225011	0	0	0
ENSG00000235069	0	0	0
ENSG00000284676	0	0	0
ENSG00000237058	1	1	0
ENSG00000233399	0	0	0
ENSG00000090020	1194	0	1194
ENSG00000157978	3590	0	3590
ENSG00000226944	0	0	0
ENSG00000270282	0	0	0
ENSG00000130770	424	13	674
ENSG00000229044	0	201	0
ENSG00000162512	376	0	376
ENSG00000158006	547	0	547
ENSG00000214812	0	0	0
ENSG00000126698	2094	3	2091
ENSG00000229447	2	0	2
ENSG00000229607	0	0	0
ENSG00000130766	275	0	275
ENSG00000168528	32	0	32
ENSG00000196581	10	0	10
ENSG00000169403	8430	0	8430
ENSG00000084628	0	0	0
ENSG00000060688	727	0	727
ENSG00000171612	84	0	84
ENSG00000270927	0	0	0
ENSG00000188910	2	2	0
ENSG00000230523	0	0	0
ENSG00000116138	529	104	485
ENSG00000158161	1058	1	1057
ENSG00000142684	0	0	65
ENSG00000234619	0	0	0
ENSG00000121769	16	16	0
ENSG00000142627	7	0	7
ENSG00000284668	0	0	0
ENSG00000233234	0	0	0
ENSG00000142632	100	0	116
ENSG00000234593	0	0	0
ENSG00000158292	43	0	43
ENSG00000270605	49	0	55
ENSG00000189337	3	2	5
ENSG00000232912	162	1	163
ENSG00000235084	3	0	3
ENSG00000235143	0	0	0
ENSG00000225478	0	0	0
ENSG00000225077	4	26	4
ENSG00000028137	17276	8	17268
ENSG00000238249	3	2	1
ENSG00000204464	0	0	0
ENSG00000233372	2	0	2
ENSG00000283259	0	0	0
ENSG00000284543	0	0	0
ENSG00000130939	1550	0	1550
ENSG00000175147	0	3	2
ENSG00000127472	0	0	0
ENSG00000060656	27	0	27
ENSG00000163867	278	0	278
ENSG00000232768	0	0	0
ENSG00000230214	0	0	0
ENSG00000189280	7	7	0
ENSG00000134698	3788	0	3788
ENSG00000134690	108	1	107
ENSG00000272420	3	0	3
ENSG00000132881	29	0	29
ENSG00000273274	0	0	0
ENSG00000116251	1407	1	1407
ENSG00000272510	1	21	3
ENSG00000158286	51	3	53
ENSG00000236648	0	0	0
ENSG00000232273	1	0	1
ENSG00000009709	0	0	0
ENSG00000287396	0	0	0
ENSG00000223589	0	0	0
ENSG00000158008	1	1	0
ENSG00000130940	134	0	229
ENSG00000116771	125	3	159
ENSG00000237301	9	9	0
ENSG00000162585	206	99	227
ENSG00000163879	0	11	0
ENSG00000227527	0	0	0
ENSG00000116954	399	0	399
ENSG00000228589	10	0	10
ENSG00000163873	0	0	0
ENSG00000117215	12	0	12
ENSG00000196449	148	4	174
ENSG00000230163	0	37	0
ENSG00000227538	0	0	0
ENSG00000232208	37	0	37
ENSG00000236500	0	0	0
ENSG00000044012	0	0	0
ENSG00000179051	2541	1	3174
ENSG00000215895	0	0	0
ENSG00000231868	0	4	0
ENSG00000284650	0	0	0
ENSG00000237329	0	0	0
ENSG00000236948	3	0	3
ENSG00000126067	2001	0	2001
ENSG00000274944	0	0	0
ENSG00000132906	479	0	487
ENSG00000197312	1095	0	1095
ENSG00000284748	0	0	0
ENSG00000272078	14	109	0
ENSG00000173660	1415	0	1415
ENSG00000224592	0	0	0
ENSG00000233728	0	16	0
ENSG00000230451	0	0	0
ENSG00000231606	0	0	0
ENSG00000215900	0	0	0
ENSG00000284632	0	0	0
ENSG00000241014	9	0	9
ENSG00000054118	5511	4	5508
ENSG00000254553	0	0	0
ENSG00000284653	0	0	0
ENSG00000237749	0	0	0
ENSG00000276747	32	0	32
ENSG00000284705	0	0	0
ENSG00000228776	0	0	0
ENSG00000159339	1655	1	1654
ENSG00000223814	0	0	0
ENSG00000197982	115	31	114
ENSG00000261781	0	0	0
ENSG00000183317	1	0	1
ENSG00000183386	1435	0	1435
ENSG00000284743	0	0	0
ENSG00000158315	2	7	0
ENSG00000204084	688	1	789
ENSG00000186973	1	0	1
ENSG00000271806	1	26	1
ENSG00000146463	944	1	1086
ENSG00000279214	0	0	0
ENSG00000183520	542	0	542
ENSG00000271741	0	0	0
ENSG00000214141	0	0	0
ENSG00000142686	214	0	214
ENSG00000224751	0	0	0
ENSG00000279096	0	0	0
ENSG00000117148	0	0	0
ENSG00000230585	1	1	0
ENSG00000117000	962	0	962
ENSG00000284989	0	0	0
ENSG00000231630	0	0	0
ENSG00000092853	118	0	126
ENSG00000255811	0	0	0
ENSG00000134697	968	0	979
ENSG00000187513	3	0	3
ENSG00000238145	0	0	0
ENSG00000225142	0	0	0
ENSG00000230138	37	0	37
ENSG00000223390	0	9	0
ENSG00000285823	0	0	0
ENSG00000284720	0	0	0
ENSG00000225028	0	0	0
ENSG00000225671	0	0	0
ENSG00000116151	41	0	41
ENSG00000226147	0	0	0
ENSG00000182873	55	40	26
ENSG00000006555	162	0	162
ENSG00000236111	0	0	0
ENSG00000066056	22	2	20
ENSG00000214114	467	10	457
ENSG00000173436	110	0	110
ENSG00000116544	51	0	51
ENSG00000231900	0	0	0
ENSG00000236723	0	344	5
ENSG00000232467	0	0	0
ENSG00000117016	76	0	76
ENSG00000121310	654	2	652
ENSG00000169213	1	0	1
ENSG00000163866	651	0	688
ENSG00000225779	0	0	0
ENSG00000284601	0	0	0
ENSG00000237130	0	0	0
ENSG00000143001	0	0	0
ENSG00000229716	0	0	0
ENSG00000226133	0	0	0
ENSG00000227416	0	0	0
ENSG00000232335	0	8	0
ENSG00000260971	0	0	0
ENSG00000259832	0	0	0
ENSG00000284696	0	0	0
ENSG00000238242	0	0	0
ENSG00000285839	0	0	0
ENSG00000237290	1	1	0
ENSG00000232762	0	0	0
ENSG00000117419	288	0	288
ENSG00000162384	606	33	618
ENSG00000162391	0	5	0
ENSG00000174348	17	0	22
ENSG00000154198	0	0	0
ENSG00000117859	1433	25	1416
ENSG00000228121	0	0	0
ENSG00000253313	1	0	1
ENSG00000162396	92	0	92
ENSG00000203995	1	0	1
ENSG00000227742	2	2	0
ENSG00000284686	0	0	0
ENSG00000162378	478	0	478
ENSG00000233079	0	0	0
ENSG00000259818	0	0	0
ENSG00000229444	0	0	0
ENSG00000240563	70	0	70
ENSG00000234318	1	0	1
ENSG00000284773	17	0	17
ENSG00000234481	0	0	0
ENSG00000117862	73	0	73
ENSG00000235612	0	0	0
ENSG00000228369	1	1	0
ENSG00000183431	1808	0	1808
ENSG00000227485	0	0	0
ENSG00000224609	3	1	3
ENSG00000235545	0	0	0
ENSG00000236646	0	0	0
ENSG00000169174	0	0	0
ENSG00000232198	0	0	0
ENSG00000238063	0	0	0
ENSG00000227104	0	0	0
ENSG00000243725	9	0	9
ENSG00000171872	0	0	0
ENSG00000162407	9	0	9
ENSG00000285079	1	0	1
ENSG00000169218	0	0	0
ENSG00000163877	660	4	656
ENSG00000228929	2	0	2
ENSG00000224570	0	0	0
ENSG00000224980	0	0	0
ENSG00000278967	0	0	0
ENSG00000157184	198	27	567
ENSG00000272491	5	0	8
ENSG00000198815	1474	2	1472
ENSG00000134744	1595	8	1587
ENSG00000233910	0	0	0
ENSG00000287703	0	0	0
ENSG00000283039	0	0	0
ENSG00000229032	0	0	0
ENSG00000229294	0	0	0
ENSG00000232993	0	4	0
ENSG00000234088	0	0	0
ENSG00000236973	0	0	0
ENSG00000227947	0	0	0
ENSG00000277397	0	0	0
ENSG00000271200	0	0	0
ENSG00000235446	0	0	0
ENSG00000261196	0	0	0
ENSG00000162385	784	0	784
ENSG00000231413	0	0	0
ENSG00000234264	0	0	0
ENSG00000242391	0	0	0
ENSG00000223883	0	0	0
ENSG00000284808	0	0	0
ENSG00000242267	1	0	1
ENSG00000237227	0	0	0
ENSG00000275350	0	0	0
ENSG00000116652	0	0	0
ENSG00000123080	187	1	186
ENSG00000285778	0	0	0
ENSG00000077549	8801	4	8797
ENSG00000233407	0	0	0
ENSG00000225675	8	0	8
ENSG00000237622	0	0	0
ENSG00000162598	1	0	1
ENSG00000280317	0	0	0
ENSG00000162415	18	0	18
ENSG00000162600	380	0	380
ENSG00000116704	544	0	544
ENSG00000227644	0	1	0
ENSG00000157193	167	4	208
ENSG00000116205	542	0	554
ENSG00000198841	54	0	54
ENSG00000116212	155	0	155
ENSG00000234204	0	0	0
ENSG00000233099	0	0	0
ENSG00000233994	0	0	0
ENSG00000237180	0	0	0
ENSG00000213561	0	0	0
ENSG00000233973	0	0	0
ENSG00000237552	0	0	0
ENSG00000132854	0	0	0
ENSG00000227556	0	0	0
ENSG00000162616	89	5	85
ENSG00000162607	1067	2	1065
ENSG00000233602	1	0	1
ENSG00000233271	0	0	0
ENSG00000285954	24	24	0
ENSG00000233333	0	0	0
ENSG00000154027	145	0	150
ENSG00000234108	0	0	0
ENSG00000232676	0	0	0
ENSG00000225167	0	0	0
ENSG00000132122	75	0	75
ENSG00000213579	0	0	0
ENSG00000137960	0	0	0
ENSG00000237852	1	0	1
ENSG00000116745	0	0	0
ENSG00000132855	0	0	0
ENSG00000285407	0	0	0
ENSG00000272855	1	0	1
ENSG00000270549	0	0	0
ENSG00000237163	0	0	0
ENSG00000229636	0	0	0
ENSG00000116675	28	0	28
ENSG00000162433	44	0	44
ENSG00000213625	1666	1	1665
ENSG00000227207	0	0	0
ENSG00000227016	0	0	0
ENSG00000233664	0	0	0
ENSG00000158966	30	0	30
ENSG00000213703	0	0	0
ENSG00000203965	64	1	66
ENSG00000223479	0	0	0
ENSG00000233674	0	0	0
ENSG00000153898	63	0	63
ENSG00000117069	0	0	0
ENSG00000125703	281	1	280
ENSG00000285041	0	0	0
ENSG00000285808	0	0	0
ENSG00000229440	0	0	0
ENSG00000234144	0	0	0
ENSG00000213540	0	0	0
ENSG00000277670	0	0	0
ENSG00000227466	0	0	0
ENSG00000154007	0	0	0
ENSG00000230498	0	0	0
ENSG00000285782	0	0	0
ENSG00000162618	0	0	0
ENSG00000224493	0	0	0
ENSG00000131233	0	0	0
ENSG00000272371	0	0	0
ENSG00000287647	2	5	2
ENSG00000229225	0	0	0
ENSG00000230863	0	0	0
ENSG00000213560	0	0	0
ENSG00000287224	0	0	0
ENSG00000225598	0	0	0
ENSG00000286455	0	0	0
ENSG00000225087	0	0	0
ENSG00000224986	1	0	1
ENSG00000280378	11	0	11
ENSG00000188786	1853	3	1850
ENSG00000230053	0	0	0
ENSG00000137941	41	0	41
ENSG00000273338	0	0	0
ENSG00000223720	0	0	0
ENSG00000224326	0	0	0
ENSG00000286548	28	25	4
ENSG00000066135	445	2	641
ENSG00000230027	0	0	0
ENSG00000233061	0	0	0
ENSG00000272094	0	0	0
ENSG00000228853	0	0	0
ENSG00000215874	0	0	0
ENSG00000232453	10	3	7
ENSG00000260386	0	0	0
ENSG00000284895	0	0	0
ENSG00000117174	336	0	336
ENSG00000237413	0	0	0
ENSG00000184313	1	0	1
ENSG00000284645	0	0	0
ENSG00000225605	0	0	0
ENSG00000225446	0	0	0
ENSG00000288543	0	0	0
ENSG00000122420	0	0	0
ENSG00000284240	0	0	0
ENSG00000236290	0	0	0
ENSG00000143013	568	0	568
ENSG00000226084	16	1	15
ENSG00000134748	1593	5	1588
ENSG00000142892	557	0	557
ENSG00000219102	2	0	2
ENSG00000184005	37	0	37
ENSG00000230953	5	5	0
ENSG00000287743	0	0	0
ENSG00000229332	0	0	0
ENSG00000227937	0	0	0
ENSG00000229752	0	0	0
ENSG00000237505	25	0	25
ENSG00000285462	0	0	0
ENSG00000233216	0	0	0
ENSG00000197273	0	0	0
ENSG00000226804	0	0	0
ENSG00000285325	0	0	0
ENSG00000230728	0	0	0
ENSG00000162402	2797	0	2797
ENSG00000232846	0	0	0
ENSG00000219201	12	0	12
ENSG00000230787	0	0	0
ENSG00000116641	284	4	280
ENSG00000235927	4	14	3
ENSG00000223920	0	0	0
ENSG00000237453	0	0	0
ENSG00000172260	1	0	1
ENSG00000285473	0	0	0
ENSG00000237959	0	0	0
ENSG00000231364	0	0	0
ENSG00000234578	0	0	0
ENSG00000117480	133	0	133
ENSG00000137944	428	0	428
ENSG00000229505	0	0	0
ENSG00000228187	0	0	0
ENSG00000285201	0	0	0
ENSG00000182183	77	1	76
ENSG00000236407	0	0	0
ENSG00000271949	0	0	0
ENSG00000227062	0	0	0
ENSG00000067334	1263	0	1263
ENSG00000235011	0	0	0
ENSG00000235673	0	0	0
ENSG00000226938	0	0	0
ENSG00000213559	0	0	0
ENSG00000287587	0	0	0
ENSG00000142949	27	0	27
ENSG00000116133	176	6	187
ENSG00000232882	0	0	0
ENSG00000171502	13	0	13
ENSG00000162399	2	2	0
ENSG00000116157	159	2	157
ENSG00000143036	3	0	3
ENSG00000232672	0	0	0
ENSG00000230817	0	0	0
ENSG00000235613	1	0	1
ENSG00000065243	1513	1	1512
ENSG00000226759	0	0	0
ENSG00000226960	0	0	0
ENSG00000234080	0	0	0
ENSG00000237899	2	0	2
ENSG00000225492	491	0	491
ENSG00000223905	0	0	0
ENSG00000227290	0	0	0
ENSG00000229486	0	0	0
ENSG00000282898	0	0	0
ENSG00000285409	0	0	0
ENSG00000231090	1	0	1
ENSG00000117528	489	0	489
ENSG00000271723	0	0	0
ENSG00000172339	58	1	57
ENSG00000036549	644	0	644
ENSG00000287724	0	13	1
ENSG00000058799	880	0	880
ENSG00000225191	0	0	0
ENSG00000287870	0	0	0
ENSG00000235563	0	0	0
ENSG00000232048	0	0	0
ENSG00000232857	0	0	0
ENSG00000273637	0	0	0
ENSG00000203985	0	0	0
ENSG00000228838	0	3	0
ENSG00000283761	1	0	1
ENSG00000189433	0	0	0
ENSG00000230759	0	0	0
ENSG00000231866	0	0	0
ENSG00000179178	1	0	1
ENSG00000142700	0	0	0
ENSG00000285525	0	0	0
ENSG00000236098	0	0	0
ENSG00000233514	0	0	0
ENSG00000127124	526	1	525
ENSG00000266993	7	57	10
ENSG00000223675	0	0	0
ENSG00000162604	336	0	336
ENSG00000229316	0	0	0
ENSG00000116171	1550	1	1550
ENSG00000287406	0	0	0
ENSG00000225767	0	0	0
ENSG00000234099	0	0	0
ENSG00000137936	32	4	32
ENSG00000235308	8	8	0
ENSG00000232752	0	0	0
ENSG00000235829	0	0	0
ENSG00000143032	0	0	0
ENSG00000226745	0	0	0
ENSG00000178028	741	0	741
ENSG00000280040	0	0	0
ENSG00000168710	1869	1	1868
ENSG00000117519	38	0	38
ENSG00000270507	0	0	0
ENSG00000238037	0	0	0
ENSG00000215869	1	0	1
ENSG00000134215	809	0	809
ENSG00000227935	0	0	0
ENSG00000229887	0	0	0
ENSG00000228502	9	0	9
ENSG00000236268	0	0	0
ENSG00000271277	0	0	0
ENSG00000236888	0	0	0
ENSG00000279778	0	0	0
ENSG00000232015	0	0	0
ENSG00000230955	0	102	0
ENSG00000230828	0	0	0
ENSG00000188641	4532	1	4857
ENSG00000152078	33	0	33
ENSG00000237279	0	0	0
ENSG00000233359	0	0	0
ENSG00000237954	0	0	0
ENSG00000185668	1	0	1
ENSG00000171492	1299	2	1297
ENSG00000233129	0	0	0
ENSG00000170989	2637	2	2635
ENSG00000258634	179	0	262
ENSG00000233557	0	0	0
ENSG00000237897	0	0	0
ENSG00000116299	908	1	908
ENSG00000137962	10	0	10
ENSG00000227832	0	0	0
ENSG00000286692	0	0	0
ENSG00000260464	8	0	8
ENSG00000237435	0	0	0
ENSG00000231996	0	0	0
ENSG00000273204	0	0	0
ENSG00000079739	516	5	567
ENSG00000117154	0	0	0
ENSG00000162377	195	5	190
ENSG00000224613	0	0	0
ENSG00000215871	0	0	0
ENSG00000287372	0	0	0
ENSG00000232542	1	0	1
ENSG00000231095	0	0	0
ENSG00000116774	5	0	5
ENSG00000287756	0	0	0
ENSG00000269113	0	0	0
ENSG00000284652	0	0	0
ENSG00000023909	214	0	214
ENSG00000069702	479	0	479
ENSG00000232185	0	0	0
ENSG00000230489	2	0	2
ENSG00000228399	1	0	1
ENSG00000236776	0	0	0
ENSG00000285928	3	3	0
ENSG00000224685	0	0	0
ENSG00000287076	0	0	0
ENSG00000237480	0	0	0
ENSG00000271252	0	0	0
ENSG00000230427	1	1	0
ENSG00000235794	0	0	0
ENSG00000286758	0	0	0
ENSG00000237337	0	0	0
ENSG00000233983	0	0	0
ENSG00000198198	1716	96	1960
ENSG00000225183	1	0	1
ENSG00000230402	0	0	0
ENSG00000116793	434	1	433
ENSG00000134201	50	0	50
ENSG00000238122	0	0	0
ENSG00000260879	0	55	0
ENSG00000213366	291	1	290
ENSG00000230864	0	0	0
ENSG00000283354	0	0	0
ENSG00000232918	0	0	0
ENSG00000236360	0	1	0
ENSG00000183298	0	0	74
ENSG00000234332	7	0	7
ENSG00000117525	2	0	2
ENSG00000225079	16	1	15
ENSG00000226483	0	0	0
ENSG00000224238	0	0	0
ENSG00000229537	0	0	0
ENSG00000162699	0	0	0
ENSG00000162692	2	0	2
ENSG00000203914	0	0	0
ENSG00000270457	0	0	0
ENSG00000203858	0	0	0
ENSG00000231987	0	0	0
ENSG00000228057	3	1	2
ENSG00000261593	0	0	0
ENSG00000224445	0	0	0
ENSG00000229842	0	0	0
ENSG00000270631	0	0	0
ENSG00000229201	0	0	0
ENSG00000181656	1	1	0
ENSG00000122481	28	0	28
ENSG00000198162	838	0	838
ENSG00000238198	7	1	6
ENSG00000171517	18	1	17
ENSG00000228852	5	5	0
ENSG00000203864	0	0	0
ENSG00000233482	0	0	0
ENSG00000230250	0	0	0
ENSG00000232878	2	326	0
ENSG00000143079	116	0	116
ENSG00000232450	11	0	11
ENSG00000223575	0	0	0
ENSG00000230768	0	0	0
ENSG00000235202	0	0	0
ENSG00000272715	0	0	0
ENSG00000235038	0	0	0
ENSG00000143093	1281	0	1281
ENSG00000226415	7	0	7
ENSG00000085491	551	3	606
ENSG00000173947	4	0	4
ENSG00000241361	0	0	0
ENSG00000230434	0	0	0
ENSG00000230718	0	0	0
ENSG00000134198	474	0	474
ENSG00000235595	0	0	0
ENSG00000226053	0	0	0
ENSG00000226128	1	1	0
ENSG00000198799	473	0	520
ENSG00000279513	1	0	1
ENSG00000117620	191	1	191
ENSG00000280186	2	0	2
ENSG00000223906	0	0	0
ENSG00000162688	309	0	309
ENSG00000197106	0	0	0
ENSG00000259946	0	0	0
ENSG00000236137	4	128	3
ENSG00000203859	0	0	0
ENSG00000228086	0	52	0
ENSG00000213421	0	0	0
ENSG00000234020	0	0	0
ENSG00000060718	0	0	0
ENSG00000236804	0	0	0
ENSG00000231072	0	0	0
ENSG00000273406	0	0	0
ENSG00000185946	476	0	476
ENSG00000162627	2	0	2
ENSG00000226715	0	74	0
ENSG00000162695	513	0	514
ENSG00000134184	0	0	0
ENSG00000265808	1317	0	1317
ENSG00000261290	0	0	0
ENSG00000225923	0	0	0
ENSG00000134247	94	0	94
ENSG00000187481	0	0	0
ENSG00000116752	474	0	474
ENSG00000162664	396	0	396
ENSG00000236866	0	0	0
ENSG00000134253	3	0	3
ENSG00000277655	0	0	0
ENSG00000223416	0	0	0
ENSG00000213226	0	0	0
ENSG00000179571	1	0	1
ENSG00000227850	0	0	0
ENSG00000243967	0	0	0
ENSG00000235777	0	2	0
ENSG00000260246	0	0	0
ENSG00000173218	168	0	168
ENSG00000285532	0	0	0
ENSG00000226755	0	0	0
ENSG00000232650	0	0	0
ENSG00000183508	2978	0	2978
ENSG00000277095	0	0	0
ENSG00000236806	0	0	0
ENSG00000234283	0	0	0
ENSG00000237188	1	0	1
ENSG00000232780	0	0	0
ENSG00000274927	0	0	0
ENSG00000264145	0	0	0
ENSG00000238256	0	0	0
ENSG00000198765	0	0	0
ENSG00000224335	0	0	0
ENSG00000277702	0	0	0
ENSG00000143398	1383	1	1382
ENSG00000196505	676	1	676
ENSG00000225871	29	82	0
ENSG00000223489	1	0	1
ENSG00000230546	0	0	0
ENSG00000213262	2	2	0
ENSG00000287015	0	0	0
ENSG00000241720	0	15	0
ENSG00000235526	0	0	0
ENSG00000228347	0	0	0
ENSG00000276975	1	0	1
ENSG00000236012	0	0	0
ENSG00000270911	0	0	0
ENSG00000272824	2	0	2
ENSG00000134200	1	1	0
ENSG00000234257	0	0	0
ENSG00000065183	589	0	651
ENSG00000227082	4	0	4
ENSG00000228626	0	0	0
ENSG00000226126	0	0	0
ENSG00000163393	477	1	476
ENSG00000163156	844	3	848
ENSG00000143631	0	3	0
ENSG00000156150	0	83	0
ENSG00000228453	0	0	0
ENSG00000274642	0	0	0
ENSG00000177551	0	0	0
ENSG00000197323	1225	0	1225
ENSG00000237975	1	0	4
ENSG00000261168	1	1	0
ENSG00000287980	0	0	0
ENSG00000229283	0	0	0
ENSG00000271419	0	0	0
ENSG00000226172	0	0	0
ENSG00000079335	469	18	503
ENSG00000143119	21474	4	21470
ENSG00000237278	0	47	0
ENSG00000285062	0	0	0
ENSG00000233432	0	0	0
ENSG00000227700	0	0	0
ENSG00000229911	0	0	0
ENSG00000143520	0	0	0
ENSG00000171943	195	5	192
ENSG00000270719	0	0	0
ENSG00000155761	1	61	1
ENSG00000230806	1	1	0
ENSG00000116830	353	2	351
ENSG00000234422	0	0	0
ENSG00000227056	0	0	0
ENSG00000143614	1662	4	1658
ENSG00000227091	0	0	0
ENSG00000169418	0	0	0
ENSG00000214204	0	0	0
ENSG00000081026	69	10	59
ENSG00000225650	0	0	0
ENSG00000227179	0	0	0
ENSG00000224965	2	0	2
ENSG00000228127	0	0	0
ENSG00000226984	0	0	0
ENSG00000186150	0	0	0
ENSG00000143554	1497	1	1496
ENSG00000143458	739	5	735
ENSG00000230932	0	0	0
ENSG00000073754	1	0	1
ENSG00000228826	1	0	1
ENSG00000233907	0	0	0
ENSG00000225036	0	0	0
ENSG00000228420	0	0	0
ENSG00000233839	0	0	0
ENSG00000250890	0	0	0
ENSG00000232240	0	0	0
ENSG00000280649	19	16	53
ENSG00000131781	183	18	175
ENSG00000223599	7	0	7
ENSG00000230921	0	0	0
ENSG00000286151	50	0	50
ENSG00000234388	0	0	0
ENSG00000235015	0	0	0
ENSG00000271736	85	0	85
ENSG00000235988	0	0	0
ENSG00000233717	0	0	0
ENSG00000231551	77	31	46
ENSG00000227295	7	0	7
ENSG00000163155	96	56	53
ENSG00000243613	0	127	0
ENSG00000241975	11	0	11
ENSG00000271143	0	0	0
ENSG00000270976	0	0	0
ENSG00000228217	0	0	0
ENSG00000270342	0	0	0
ENSG00000143552	6	5	1
ENSG00000175984	35	0	35
ENSG00000231100	0	0	0
ENSG00000116824	2298	0	2298
ENSG00000235887	0	0	0
ENSG00000237460	0	0	0
ENSG00000236327	0	0	0
ENSG00000223804	90	8	82
ENSG00000236887	0	0	0
ENSG00000024526	11	0	15
ENSG00000236480	0	0	0
ENSG00000235756	0	0	0
ENSG00000173810	0	0	0
ENSG00000235005	0	0	0
ENSG00000271890	0	0	0
ENSG00000238107	0	0	0
ENSG00000227425	0	0	0
ENSG00000233222	0	20	0
ENSG00000225279	0	0	0
ENSG00000229101	0	0	0
ENSG00000224927	0	0	0
ENSG00000239216	0	0	0
ENSG00000283360	0	0	0
ENSG00000117262	50	0	50
ENSG00000227907	0	0	0
ENSG00000143624	2806	2	3075
ENSG00000227970	0	0	0
ENSG00000261055	4	0	4
ENSG00000231613	7	0	7
ENSG00000137947	1297	1	1296
ENSG00000236689	0	0	0
ENSG00000233589	0	4	0
ENSG00000117586	206	0	206
ENSG00000230946	1	2	0
ENSG00000226028	0	0	0
ENSG00000162728	0	0	0
ENSG00000229021	2	0	2
ENSG00000203825	0	0	0
ENSG00000184371	447	0	447
ENSG00000233449	0	0	0
ENSG00000242943	0	0	0
ENSG00000233203	0	0	0
ENSG00000232499	2	0	2
ENSG00000232265	2	0	2
ENSG00000163154	1308	1	1315
ENSG00000232995	23	1	23
ENSG00000236957	0	0	0
ENSG00000238087	0	0	0
ENSG00000227777	2	2	0
ENSG00000177173	2	0	2
ENSG00000277406	47	0	47
ENSG00000238022	0	0	0
ENSG00000231671	0	0	0
ENSG00000162729	414	1	413
ENSG00000143158	311	37	435
ENSG00000271092	2	0	2
ENSG00000238118	0	0	0
ENSG00000276118	0	0	0
ENSG00000232148	0	0	0
ENSG00000278811	7	33	0
ENSG00000000460	86	194	110
ENSG00000188859	2	0	2
ENSG00000275075	0	0	0
ENSG00000135862	178	1	177
ENSG00000232952	1	0	1
ENSG00000158473	1336	0	1336
ENSG00000227722	0	0	0
ENSG00000285922	0	0	0
ENSG00000275801	2	0	2
ENSG00000143198	621	0	621
ENSG00000143318	11	4	7
ENSG00000232188	0	0	0
ENSG00000232212	0	0	0
ENSG00000143621	2325	12	2319
ENSG00000241042	0	0	0
ENSG00000143155	775	0	775
ENSG00000260322	0	0	0
ENSG00000223495	0	0	0
ENSG00000143156	89	1	117
ENSG00000198771	7114	13	7206
ENSG00000225462	0	0	0
ENSG00000237756	0	0	0
ENSG00000116147	1	0	1
ENSG00000213064	2366	0	2498
ENSG00000203307	1	0	1
ENSG00000143179	171	0	225
ENSG00000271187	0	0	0
ENSG00000274562	0	0	0
ENSG00000143315	296	1	295
ENSG00000116199	955	1	954
ENSG00000231175	0	0	0
ENSG00000143185	216	0	216
ENSG00000235145	0	0	0
ENSG00000116260	1751	0	1751
ENSG00000272931	6	0	6
ENSG00000143190	630	4	735
ENSG00000225475	0	0	0
ENSG00000230898	0	0	0
ENSG00000232223	0	0	0
ENSG00000224698	0	0	0
ENSG00000287697	1	10	4
ENSG00000075945	528	0	588
ENSG00000235303	0	0	0
ENSG00000234810	18	0	18
ENSG00000232750	1	1	0
ENSG00000224468	0	0	0
ENSG00000235628	0	0	0
ENSG00000232551	0	0	0
ENSG00000092607	0	0	0
ENSG00000238270	0	0	0
ENSG00000285894	0	0	0
ENSG00000236025	0	0	0
ENSG00000230687	0	0	0
ENSG00000230704	0	0	0
ENSG00000283255	0	0	0
ENSG00000227741	14	126	10
ENSG00000237049	0	0	0
ENSG00000286754	0	0	0
ENSG00000232751	0	0	0
ENSG00000236364	0	54	0
ENSG00000117091	2304	5	6811
ENSG00000235378	0	0	0
ENSG00000143171	0	0	0
ENSG00000275767	0	0	0
ENSG00000224718	0	0	0
ENSG00000047410	5308	5	5541
ENSG00000231992	0	0	0
ENSG00000018625	1	0	1
ENSG00000171806	135	0	175
ENSG00000287919	1	0	1
ENSG00000229914	0	0	0
ENSG00000233882	0	0	0
ENSG00000198358	1	2	0
ENSG00000229407	0	0	0
ENSG00000134216	0	0	0
ENSG00000230748	0	0	0
ENSG00000254154	0	0	0
ENSG00000162694	38	0	38
ENSG00000238108	0	0	0
ENSG00000214262	0	132	0
ENSG00000183853	0	0	0
ENSG00000215835	3	0	3
ENSG00000118197	540	1	541
ENSG00000135842	4924	0	4924
ENSG00000229258	0	0	0
ENSG00000287472	0	0	0
ENSG00000241318	1	0	1
ENSG00000228238	2	0	2
ENSG00000232393	0	0	0
ENSG00000121454	30	105	0
ENSG00000184155	0	0	0
ENSG00000058085	0	0	0
ENSG00000260088	32	1	33
ENSG00000287978	74	0	74
ENSG00000116815	565	0	565
ENSG00000232917	0	0	0
ENSG00000233057	1	0	1
ENSG00000237131	0	0	0
ENSG00000233946	0	0	0
ENSG00000143167	294	0	294
ENSG00000143184	30	0	30
ENSG00000231966	4	0	4
ENSG00000176320	0	0	0
ENSG00000260976	0	0	0
ENSG00000235215	3	3	0
ENSG00000223450	0	0	0
ENSG00000224691	0	0	0
ENSG00000286572	0	0	0
ENSG00000235101	2	0	2
ENSG00000228215	8	0	8
ENSG00000177807	5	2	3
ENSG00000233626	0	0	0
ENSG00000233691	0	0	0
ENSG00000283518	0	0	0
ENSG00000271527	0	0	0
ENSG00000143228	50	0	51
ENSG00000235827	0	0	0
ENSG00000231615	2	0	2
ENSG00000231714	0	0	0
ENSG00000174514	10	13	13
ENSG00000143178	115	0	115
ENSG00000224837	0	0	0
ENSG00000116833	1	0	1
ENSG00000227740	5	0	5
ENSG00000260990	0	0	0
ENSG00000000457	450	58	570
ENSG00000143507	217	0	217
ENSG00000285638	0	0	0
ENSG00000226520	0	0	0
ENSG00000284592	0	0	0
ENSG00000230987	0	0	0
ENSG00000232527	0	0	0
ENSG00000215833	0	0	0
ENSG00000228167	0	0	0
ENSG00000225325	0	0	0
ENSG00000223344	0	0	0
ENSG00000228191	0	0	0
ENSG00000229961	9	0	9
ENSG00000150732	0	0	0
ENSG00000157064	9	0	10
ENSG00000288139	0	0	0
ENSG00000226015	33	2	31
ENSG00000215808	0	0	0
ENSG00000059588	470	0	470
ENSG00000231512	0	0	0
ENSG00000237379	0	0	0
ENSG00000232959	0	60	0
ENSG00000122224	902	15	887
ENSG00000162782	0	0	0
ENSG00000238051	0	0	0
ENSG00000233196	0	0	0
ENSG00000229220	0	0	0
ENSG00000143653	240	0	240
ENSG00000135837	2176	0	2176
ENSG00000158711	1515	8	1523
ENSG00000227747	0	0	0
ENSG00000228081	0	0	0
ENSG00000228020	0	0	0
ENSG00000234975	24	0	24
ENSG00000162851	162	0	162
ENSG00000271427	5	0	5
ENSG00000261817	0	0	0
ENSG00000143353	171	0	207
ENSG00000197965	1850	4	1846
ENSG00000143493	406	0	406
ENSG00000230777	1	1	0
ENSG00000179397	8	0	8
ENSG00000224540	0	0	0
ENSG00000117592	3878	1	3878
ENSG00000186197	11	0	11
ENSG00000229067	0	0	0
ENSG00000230231	2	7	0
ENSG00000227711	0	0	0
ENSG00000261182	0	0	0
ENSG00000228879	0	0	0
ENSG00000227925	1	0	1
ENSG00000162670	0	0	0
ENSG00000225712	1	0	1
ENSG00000162761	0	0	0
ENSG00000143199	8	0	8
ENSG00000179930	0	0	0
ENSG00000007908	1	1	0
ENSG00000092978	174	0	174
ENSG00000143499	491	0	491
ENSG00000188404	45352	9	45343
ENSG00000227735	0	0	0
ENSG00000243062	0	0	0
ENSG00000143196	0	0	0
ENSG00000228504	0	0	0
ENSG00000274702	0	0	0
ENSG00000226211	0	0	0
ENSG00000236942	0	0	0
ENSG00000287205	1	0	1
ENSG00000203697	15	0	15
ENSG00000116574	422	1	421
ENSG00000287929	0	1	0
ENSG00000186283	1075	4	1071
ENSG00000224896	0	0	0
ENSG00000226292	0	0	0
ENSG00000121481	401	0	401
ENSG00000227940	0	0	0
ENSG00000117139	1177	0	1177
ENSG00000143248	12	0	12
ENSG00000278455	0	0	0
ENSG00000224810	0	0	0
ENSG00000162814	0	0	0
ENSG00000225172	0	0	0
ENSG00000261642	0	0	0
ENSG00000228239	0	0	0
ENSG00000237283	0	0	0
ENSG00000116132	0	0	0
ENSG00000238042	1	0	1
ENSG00000271475	0	0	0
ENSG00000231877	0	0	0
ENSG00000116679	4088	2	4086
ENSG00000228536	0	0	0
ENSG00000230550	1	1	0
ENSG00000229242	0	0	0
ENSG00000253326	0	0	0
ENSG00000228470	0	0	0
ENSG00000152092	0	0	0
ENSG00000234984	0	0	0
ENSG00000231648	0	0	0
ENSG00000229983	0	0	0
ENSG00000215149	0	0	0
ENSG00000225122	0	0	0
ENSG00000225920	6	6	0
ENSG00000143476	86	0	86
ENSG00000121486	711	0	711
ENSG00000228437	0	0	0
ENSG00000214837	33	0	33
ENSG00000057252	1810	0	1810
ENSG00000225982	0	0	0
ENSG00000285718	0	0	0
ENSG00000234070	0	0	0
ENSG00000233620	0	0	0
ENSG00000237783	0	0	0
ENSG00000272906	9	6	17
ENSG00000233018	0	0	0
ENSG00000123685	50	1	49
ENSG00000224783	0	0	0
ENSG00000162852	1131	0	1131
ENSG00000232792	0	0	0
ENSG00000273004	8	0	8
ENSG00000143842	83	0	83
ENSG00000268062	4	4	0
ENSG00000237409	0	0	0
ENSG00000116962	671	1	670
ENSG00000288078	0	0	0
ENSG00000271399	0	0	0
ENSG00000229757	0	0	0
ENSG00000232679	0	0	0
ENSG00000159388	5288	0	5288
ENSG00000220749	4	0	4
ENSG00000181450	95	0	95
ENSG00000223519	8	10	23
ENSG00000120333	476	15	485
ENSG00000286285	7	0	7
ENSG00000225300	0	0	0
ENSG00000223842	3	3	0
ENSG00000162753	0	0	0
ENSG00000228247	0	0	0
ENSG00000231424	0	0	0
ENSG00000143355	0	0	0
ENSG00000287177	0	0	0
ENSG00000237193	0	0	0
ENSG00000223490	0	0	0
ENSG00000121644	487	0	487
ENSG00000174502	0	0	0
ENSG00000224286	0	0	0
ENSG00000158715	206	0	206
ENSG00000143195	17	1	17
ENSG00000162849	9	2	7
ENSG00000232824	0	0	0
ENSG00000273416	0	0	0
ENSG00000234142	4	0	9
ENSG00000282111	0	0	0
ENSG00000233410	0	0	0
ENSG00000067533	212	0	212
ENSG00000228955	3	3	0
ENSG00000270443	0	0	0
ENSG00000116209	4042	1	4041
ENSG00000224702	0	0	0
ENSG00000271811	0	0	0
ENSG00000224278	0	0	0
ENSG00000235492	0	0	0
ENSG00000287808	7	176	7
ENSG00000271588	0	0	0
ENSG00000229840	0	0	0
ENSG00000116161	946	37	946
ENSG00000226486	0	0	0
ENSG00000227687	0	0	0
ENSG00000231814	0	0	0
ENSG00000286210	0	0	0
ENSG00000287364	0	0	0
ENSG00000225063	0	0	0
ENSG00000260698	23	1	22
ENSG00000277007	3	0	3
ENSG00000229016	0	0	0
ENSG00000077157	1189	1	1220
ENSG00000152104	3	2	1
ENSG00000236975	1	0	1
ENSG00000215834	0	0	0
ENSG00000286541	0	0	0
ENSG00000117650	28	0	28
ENSG00000235021	0	0	0
ENSG00000203724	3	0	3
ENSG00000225006	0	0	0
ENSG00000287633	0	0	0
ENSG00000158764	2	0	3
ENSG00000223375	1	0	1
ENSG00000230714	0	0	0
ENSG00000261065	0	4	0
ENSG00000260855	2	2	0
ENSG00000188783	0	0	0
ENSG00000236206	0	0	0
ENSG00000168118	536	0	536
ENSG00000181101	0	0	0
ENSG00000173726	1258	0	1258
ENSG00000282852	0	0	0
ENSG00000152382	252	6	246
ENSG00000143839	0	0	0
ENSG00000232100	0	0	0
ENSG00000261024	0	0	0
ENSG00000230547	0	0	0
ENSG00000229703	0	0	0
ENSG00000176754	0	0	0
ENSG00000232309	0	0	0
ENSG00000227953	8	21	12
ENSG00000232215	0	0	0
ENSG00000135829	4439	0	4615
ENSG00000228289	0	0	0
ENSG00000134717	678	0	678
ENSG00000232989	0	0	0
ENSG00000233537	0	0	0
ENSG00000116668	222	9	213
ENSG00000143756	561	0	561
ENSG00000278180	0	0	0
ENSG00000143702	652	0	776
ENSG00000232341	0	0	0
ENSG00000287676	0	0	0
ENSG00000236792	0	0	0
ENSG00000143207	1960	0	1960
ENSG00000270859	0	0	0
ENSG00000238224	0	0	0
ENSG00000286775	0	0	0
ENSG00000122176	0	0	0
ENSG00000229120	0	0	0
ENSG00000237492	0	0	0
ENSG00000230404	0	0	0
ENSG00000213036	0	0	0
ENSG00000227230	0	58	0
ENSG00000236230	0	0	0
ENSG00000026751	3343	2	3341
ENSG00000150681	2414	2	3241
ENSG00000116906	1033	0	1033
ENSG00000092969	0	0	0
ENSG00000157181	371	0	371
ENSG00000250762	0	0	0
ENSG00000236720	0	0	0
ENSG00000227421	0	0	0
ENSG00000227240	3	0	3
ENSG00000076258	73	0	73
ENSG00000286073	0	0	0
ENSG00000231084	10	10	0
ENSG00000232085	0	66	0
ENSG00000117697	699	0	700
ENSG00000279333	0	0	2
ENSG00000235083	0	0	0
ENSG00000162669	0	0	0
ENSG00000197067	0	0	0
ENSG00000229652	0	0	0
ENSG00000132681	8	0	8
ENSG00000225904	0	0	0
ENSG00000270920	0	0	0
ENSG00000281664	0	0	0
ENSG00000143641	1157	2	1591
ENSG00000227630	4	1	3
ENSG00000228830	0	965	2
ENSG00000010932	1	0	1
ENSG00000282849	0	0	0
ENSG00000276520	0	0	0
ENSG00000226640	0	0	0
ENSG00000010072	214	54	207
ENSG00000135766	112	2	110
ENSG00000232626	0	0	0
ENSG00000232096	0	0	0
ENSG00000279261	1	0	1
ENSG00000213051	0	0	0
ENSG00000238054	0	0	0
ENSG00000163534	462	0	462
ENSG00000168243	4	0	4
ENSG00000281453	0	0	0
ENSG00000237469	0	0	0
ENSG00000224939	1	0	1
ENSG00000227613	0	0	0
ENSG00000116183	1	0	1
ENSG00000270106	0	0	0
ENSG00000232194	1	0	1
ENSG00000235152	0	0	0
ENSG00000231612	0	0	0
ENSG00000237980	7	0	8
ENSG00000271036	0	0	0
ENSG00000230849	0	0	0
ENSG00000170382	107	110	4
ENSG00000228664	0	0	0
ENSG00000226868	0	0	0
ENSG00000279401	0	0	0
ENSG00000272362	0	0	0
ENSG00000287450	0	0	0
ENSG00000237011	0	0	0
ENSG00000233583	1	1	0
ENSG00000066027	2398	5	2393
ENSG00000286263	0	0	0
ENSG00000227006	3	1	2
ENSG00000236372	0	0	0
ENSG00000224525	0	0	0
ENSG00000188770	0	0	0
ENSG00000173728	2	2	0
ENSG00000094975	750	0	750
ENSG00000225811	0	0	0
ENSG00000273093	0	0	0
ENSG00000162772	280	0	280
ENSG00000227818	0	0	0
ENSG00000135828	1549	4	1545
ENSG00000224227	1	0	1
ENSG00000286398	0	0	0
ENSG00000076356	153	0	153
ENSG00000215819	0	0	0
ENSG00000185523	1	0	2
ENSG00000236108	0	0	0
ENSG00000116711	264	0	264
ENSG00000231684	0	0	0
ENSG00000226750	0	0	0
ENSG00000285665	13	0	13
ENSG00000231022	0	0	0
ENSG00000224436	0	0	0
ENSG00000228208	0	0	0
ENSG00000273384	1	0	1
ENSG00000238061	2	0	2
ENSG00000234915	0	0	0
ENSG00000143845	6	1	9
ENSG00000235862	0	0	0
ENSG00000069812	0	0	0
ENSG00000227585	0	0	0
ENSG00000157060	0	0	0
ENSG00000237213	0	0	0
ENSG00000236439	7	1	7
ENSG00000224260	0	0	0
ENSG00000213045	4	5	0
ENSG00000287220	0	0	0
ENSG00000230063	0	0	0
ENSG00000235467	0	0	0
ENSG00000123684	3118	0	3118
ENSG00000117707	2	0	2
ENSG00000228044	0	0	0
ENSG00000225338	1	1	0
ENSG00000224407	0	436	0
ENSG00000232463	0	0	0
ENSG00000237457	0	0	0
ENSG00000225171	2	0	2
ENSG00000226843	0	0	0
ENSG00000235386	0	0	0
ENSG00000123836	435	86	435
ENSG00000213690	0	0	0
ENSG00000223982	0	0	0
ENSG00000229832	1	0	1
ENSG00000117691	288	0	288
ENSG00000225233	0	0	0
ENSG00000274895	0	0	0
ENSG00000237514	0	0	0
ENSG00000287856	1	0	1
ENSG00000228067	0	0	0
ENSG00000284299	0	0	0
ENSG00000226375	0	0	0
ENSG00000203705	376	3	373
ENSG00000224040	0	0	0
ENSG00000228686	15	15	0
ENSG00000279838	20	3	17
ENSG00000174175	1197	0	1197
ENSG00000236401	0	0	0
ENSG00000241475	0	0	0
ENSG00000215800	0	0	0
ENSG00000286421	0	0	0
ENSG00000270936	0	0	0
ENSG00000008118	0	0	0
ENSG00000171161	784	1	783
ENSG00000241505	0	0	0
ENSG00000224535	0	0	0
ENSG00000282097	0	0	0
ENSG00000261453	0	0	0
ENSG00000231020	0	0	0
ENSG00000270818	0	0	0
ENSG00000196878	12	0	12
ENSG00000133059	691	0	691
ENSG00000225561	0	0	0
ENSG00000224668	0	0	0
ENSG00000242529	0	0	0
ENSG00000074964	664	0	664
ENSG00000223847	0	0	0
ENSG00000277704	0	0	0
ENSG00000116918	396	38	396
ENSG00000274020	216	3	280
ENSG00000287445	8	0	8
ENSG00000259815	0	0	0
ENSG00000240963	0	0	0
ENSG00000226570	0	0	0
ENSG00000198929	3	0	3
ENSG00000272167	0	0	0
ENSG00000230628	0	0	0
ENSG00000162771	0	0	0
ENSG00000227579	0	0	0
ENSG00000176393	1263	0	2001
ENSG00000174606	583	1	583
ENSG00000179914	5	0	5
ENSG00000235750	4988	0	4988
ENSG00000284376	0	0	0
ENSG00000121446	1	0	1
ENSG00000226758	0	0	0
ENSG00000230199	0	0	0
ENSG00000236905	2	3	1
ENSG00000233304	0	0	0
ENSG00000288007	1	0	2
ENSG00000227887	0	0	0
ENSG00000116903	545	0	592
ENSG00000228255	0	0	0
ENSG00000226196	0	0	0
ENSG00000287354	0	2	0
ENSG00000233827	0	0	0
ENSG00000198797	0	0	0
ENSG00000271746	1	0	1
ENSG00000234233	0	0	0
ENSG00000151414	1155	0	1155
ENSG00000177614	5	0	5
ENSG00000223794	0	0	0
ENSG00000235182	0	3	0
ENSG00000213041	0	0	0
ENSG00000287157	0	0	0
ENSG00000233920	0	0	0
ENSG00000183831	0	0	0
ENSG00000225755	0	0	0
ENSG00000143858	66	96	2
ENSG00000197472	1	0	1
ENSG00000230184	0	0	0
ENSG00000234004	1	0	1
ENSG00000232436	0	0	0
ENSG00000231718	0	0	0
ENSG00000283952	0	0	0
ENSG00000230019	0	0	0
ENSG00000136643	597	0	597
ENSG00000232537	0	0	0
ENSG00000226036	2	3	0
ENSG00000285521	0	0	0
ENSG00000236317	3	0	3
ENSG00000176855	0	0	0
ENSG00000227728	1	0	1
ENSG00000133069	569	6	563
ENSG00000162877	17	0	17
ENSG00000233461	73	1	72
ENSG00000225401	0	0	0
ENSG00000228190	0	0	0
ENSG00000135747	0	0	0
ENSG00000227237	0	0	0
ENSG00000069248	940	0	940
ENSG00000232812	0	0	0
ENSG00000231666	0	0	0
ENSG00000226986	1	0	1
ENSG00000242042	0	0	0
ENSG00000234464	0	0	0
ENSG00000253148	0	0	0
ENSG00000227751	0	634	0
ENSG00000090104	62	0	62
ENSG00000285280	16	839	7
ENSG00000232892	0	0	0
ENSG00000236950	0	0	0
ENSG00000236468	0	0	0
ENSG00000143322	485	0	485
ENSG00000185220	232	0	232
ENSG00000226003	1	2	0
ENSG00000230813	0	0	0
ENSG00000226862	8	0	9
ENSG00000236101	0	0	0
ENSG00000162769	166	0	166
ENSG00000133065	520	1	519
ENSG00000278684	0	0	0
ENSG00000236775	0	0	0
ENSG00000042781	0	0	0
ENSG00000234754	0	0	0
ENSG00000233084	3	0	3
ENSG00000227815	1	0	1
ENSG00000287046	1	0	1
ENSG00000223774	1	0	1
ENSG00000228863	13	4521	4
ENSG00000228646	0	0	0
ENSG00000229112	0	0	0
ENSG00000233332	0	0	0
ENSG00000231984	0	0	0
ENSG00000286213	0	0	0
ENSG00000226876	1	1	0
ENSG00000277462	46	0	46
ENSG00000225591	0	0	0
ENSG00000035687	1193	0	1193
ENSG00000213080	4	0	4
ENSG00000180287	0	0	0
ENSG00000226693	0	0	0
ENSG00000234678	41	780	0
ENSG00000231272	0	0	0
ENSG00000223828	0	0	0
ENSG00000163431	1	1	0
ENSG00000230124	316	0	391
ENSG00000226723	0	0	0
ENSG00000272672	2	0	2
ENSG00000143473	0	2	0
ENSG00000228982	0	0	0
ENSG00000235096	0	0	0
ENSG00000237250	0	0	0
ENSG00000007341	99	23	152
ENSG00000286747	1	1	0
ENSG00000236069	0	1	0
ENSG00000236244	0	0	0
ENSG00000272865	0	0	0
ENSG00000117222	952	0	952
ENSG00000143324	562	0	562
ENSG00000229871	0	0	0
ENSG00000225222	0	0	0
ENSG00000118193	32	0	32
ENSG00000234116	0	0	0
ENSG00000231940	2	0	2
ENSG00000198842	0	0	0
ENSG00000286619	1	0	1
ENSG00000198756	13	0	13
ENSG00000259823	1	1	0
ENSG00000271558	0	0	0
ENSG00000227554	0	0	0
ENSG00000178596	0	0	0
ENSG00000135749	214	14	224
ENSG00000143786	10	0	11
ENSG00000224584	0	0	0
ENSG00000054282	387	16	404
ENSG00000183780	1	0	1
ENSG00000229663	0	0	0
ENSG00000162702	716	1	715
ENSG00000251508	0	0	0
ENSG00000238272	0	0	0
ENSG00000228530	0	0	0
ENSG00000235060	0	0	0
ENSG00000143194	0	0	0
ENSG00000229531	1	0	1
ENSG00000271329	0	0	0
ENSG00000054267	2252	7	2248
ENSG00000261831	0	0	0
ENSG00000287921	0	0	0
ENSG00000177800	0	0	0
ENSG00000225620	0	0	0
ENSG00000232166	0	0	0
ENSG00000175137	1399	1	1398
ENSG00000134245	16	68	7
ENSG00000234041	0	0	0
ENSG00000227373	7	0	7
ENSG00000231905	0	0	0
ENSG00000228175	0	0	0
ENSG00000069275	1950	4	1947
ENSG00000143674	51	0	51
ENSG00000237317	1	1	0
ENSG00000187889	0	0	0
ENSG00000134375	500	0	500
ENSG00000097046	194	0	194
ENSG00000232113	0	0	0
ENSG00000282718	0	0	0
ENSG00000231378	0	0	0
ENSG00000235605	0	1	0
ENSG00000223525	0	0	0
ENSG00000224857	0	0	0
ENSG00000273367	1	0	1
ENSG00000230604	0	0	0
ENSG00000231605	0	0	0
ENSG00000236358	2	0	2
ENSG00000203737	2	0	2
ENSG00000238003	0	0	0
ENSG00000215873	0	0	0
ENSG00000287008	0	0	0
ENSG00000185420	98	0	98
ENSG00000076321	345	0	345
ENSG00000272175	0	1	2
ENSG00000231564	0	0	0
ENSG00000135778	487	15	496
ENSG00000213070	0	0	0
ENSG00000282265	0	0	0
ENSG00000250536	0	0	0
ENSG00000229747	0	0	0
ENSG00000117280	1598	1	1597
ENSG00000233985	0	0	0
ENSG00000232175	0	0	0
ENSG00000287423	0	0	0
ENSG00000286774	0	0	0
ENSG00000236719	0	0	0
ENSG00000136636	167	0	167
ENSG00000225486	0	0	0
ENSG00000227043	0	0	0
ENSG00000163874	527	0	527
ENSG00000285777	0	0	0
ENSG00000237249	0	0	0
ENSG00000286109	0	0	0
ENSG00000213068	0	0	0
ENSG00000054392	46	0	48
ENSG00000227994	0	0	0
ENSG00000286552	0	0	0
ENSG00000225711	0	0	0
ENSG00000122223	1125	12	1114
ENSG00000235869	0	0	0
ENSG00000188739	16	0	16
ENSG00000286666	0	0	0
ENSG00000135750	0	0	0
ENSG00000273198	1	0	1
ENSG00000203730	3	3	0
ENSG00000225719	0	0	0
ENSG00000273483	1	0	1
ENSG00000287987	0	0	0
ENSG00000203729	0	0	0
ENSG00000232809	0	0	0
ENSG00000284623	0	0	0
ENSG00000285981	0	0	0
ENSG00000261729	0	0	0
ENSG00000223869	0	0	0
ENSG00000229228	1	0	1
ENSG00000215796	0	0	0
ENSG00000185221	0	0	0
ENSG00000233047	0	0	0
ENSG00000143341	4	0	4
ENSG00000228309	0	0	0
ENSG00000229739	12	0	12
ENSG00000116703	0	0	0
ENSG00000273874	0	0	0
ENSG00000278791	0	23	8
ENSG00000278757	0	0	0
ENSG00000264341	0	0	0
ENSG00000264101	0	0	0
ENSG00000265141	0	0	0
ENSG00000221083	1	0	1
ENSG00000252404	0	0	0
ENSG00000222511	0	0	0
ENSG00000265392	0	0	0
ENSG00000243267	0	0	0
ENSG00000201725	1	0	1
ENSG00000274258	0	0	0
ENSG00000239149	3	0	3
ENSG00000252151	0	0	0
ENSG00000252969	0	0	0
ENSG00000252417	0	0	0
ENSG00000200975	0	0	0
ENSG00000201609	0	0	0
ENSG00000238482	0	0	0
ENSG00000252956	0	0	0
ENSG00000265606	0	0	0
ENSG00000284357	0	0	0
ENSG00000278034	0	0	0
ENSG00000207237	0	0	0
ENSG00000222784	0	0	0
ENSG00000266210	0	0	0
ENSG00000265961	0	0	0
ENSG00000251866	0	0	0
ENSG00000252691	0	0	0
ENSG00000264371	0	0	0
ENSG00000253005	5	0	5
ENSG00000238316	0	0	0
ENSG00000207941	0	0	0
ENSG00000264773	3	0	3
ENSG00000252448	2	2	0
ENSG00000200421	0	0	0
ENSG00000222282	2	2	0
ENSG00000199963	0	0	0
ENSG00000264698	0	0	0
ENSG00000207328	0	0	0
ENSG00000207466	0	0	0
ENSG00000252368	0	0	0
ENSG00000206779	0	0	0
ENSG00000265596	0	0	0
ENSG00000212541	11	11	0
ENSG00000200796	0	0	0
ENSG00000252190	0	0	0
ENSG00000264613	0	0	0
ENSG00000199240	0	0	0
ENSG00000277168	0	0	0
ENSG00000283724	0	0	0
ENSG00000284410	0	0	0
ENSG00000252018	0	0	0
ENSG00000206627	0	0	0
ENSG00000283414	0	0	0
ENSG00000207508	0	0	0
ENSG00000200171	0	0	0
ENSG00000207194	0	0	0
ENSG00000283477	0	0	0
ENSG00000264834	0	0	0
ENSG00000263675	2	0	2
ENSG00000266188	0	0	0
ENSG00000206981	0	0	0
ENSG00000200174	0	0	0
ENSG00000265822	0	0	0
ENSG00000265815	0	0	0
ENSG00000238653	0	0	0
ENSG00000212624	0	0	0
ENSG00000200575	0	0	0
ENSG00000212360	0	0	0
ENSG00000242860	0	0	0
ENSG00000263908	0	0	0
ENSG00000283690	0	0	0
ENSG00000199921	0	0	0
ENSG00000251825	0	0	0
ENSG00000201153	0	0	0
ENSG00000222624	0	0	0
ENSG00000223152	0	0	0
ENSG00000212308	0	0	0
ENSG00000279049	0	12	0
ENSG00000276081	0	0	0
ENSG00000239640	0	0	0
ENSG00000252338	0	0	0
ENSG00000251785	0	0	0
ENSG00000239319	0	0	0
ENSG00000222849	0	0	0
ENSG00000283749	0	0	0
ENSG00000251958	0	0	0
ENSG00000251767	0	0	0
ENSG00000243437	0	0	0
ENSG00000202263	0	0	0
ENSG00000199318	0	0	0
ENSG00000199666	0	0	0
ENSG00000200601	0	0	0
ENSG00000242482	0	0	0
ENSG00000212366	0	0	0
ENSG00000201620	0	0	0
ENSG00000206817	0	0	0
ENSG00000284247	0	0	0
ENSG00000200839	0	0	0
ENSG00000264963	0	0	0
ENSG00000264271	0	0	0
ENSG00000239504	1	0	1
ENSG00000284202	0	0	0
ENSG00000251720	1	1	0
ENSG00000274321	0	0	0
ENSG00000198974	0	0	0
ENSG00000212248	0	0	0
ENSG00000207962	1	0	1
ENSG00000276884	0	0	0
ENSG00000207234	1	0	1
ENSG00000202259	0	0	0
ENSG00000212459	0	0	0
ENSG00000278287	0	0	0
ENSG00000277565	0	0	0
ENSG00000263526	0	0	0
ENSG00000211575	1	0	1
ENSG00000275823	0	0	0
ENSG00000277689	0	0	0
ENSG00000274199	0	0	0
ENSG00000202254	0	0	0
ENSG00000244256	1	0	1
ENSG00000201491	0	0	0
ENSG00000199831	0	0	0
ENSG00000275455	0	0	0
ENSG00000252162	0	0	0
ENSG00000272051	0	0	0
ENSG00000283899	0	0	0
ENSG00000200800	0	0	0
ENSG00000207502	0	0	0
ENSG00000252530	0	0	0
ENSG00000200536	0	0	0
ENSG00000211543	0	0	0
ENSG00000252797	0	0	0
ENSG00000212266	0	0	0
ENSG00000222209	0	0	0
ENSG00000277141	0	0	0
ENSG00000215930	0	0	0
ENSG00000238761	0	0	0
ENSG00000201114	0	0	0
ENSG00000206679	0	0	0
ENSG00000264419	0	0	0
ENSG00000222069	0	0	0
ENSG00000274428	0	0	0
ENSG00000199879	0	0	0
ENSG00000274408	0	0	0
ENSG00000283676	1	0	1
ENSG00000252005	0	0	0
ENSG00000252510	0	0	0
ENSG00000207340	0	0	0
ENSG00000252830	0	0	0
ENSG00000274450	0	0	0
ENSG00000252135	0	0	0
ENSG00000278596	0	0	0
ENSG00000238825	0	0	0
ENSG00000201183	2	1	1
ENSG00000202408	0	0	0
ENSG00000252744	0	0	0
ENSG00000273768	2	0	2
ENSG00000242565	0	0	0
ENSG00000239984	0	0	0
ENSG00000283296	0	0	0
ENSG00000252717	0	0	0
ENSG00000194297	0	0	0
ENSG00000199565	0	0	0
ENSG00000277313	0	0	0
ENSG00000274940	0	0	0
ENSG00000207341	0	0	0
ENSG00000207472	0	0	0
ENSG00000206880	0	0	0
ENSG00000252552	0	0	0
ENSG00000199849	0	0	0
ENSG00000252407	0	0	0
ENSG00000212538	0	0	0
ENSG00000251813	0	0	0
ENSG00000207108	0	0	0
ENSG00000201312	0	0	0
ENSG00000207039	0	0	0
ENSG00000202491	0	0	0
ENSG00000201596	0	0	0
ENSG00000276839	2	0	2
ENSG00000207974	0	0	0
ENSG00000273629	0	0	0
ENSG00000201493	0	0	0
ENSG00000215952	0	0	0
ENSG00000200139	0	0	0
ENSG00000283575	0	0	0
ENSG00000238765	0	0	0
ENSG00000264916	0	0	0
ENSG00000212338	0	0	0
ENSG00000206659	0	0	0
ENSG00000253025	0	0	0
ENSG00000201619	0	0	0
ENSG00000201544	1	0	1
ENSG00000202498	0	0	0
ENSG00000221545	0	0	0
ENSG00000252906	0	0	0
ENSG00000206692	0	0	0
ENSG00000202329	0	0	0
ENSG00000242794	0	0	0
ENSG00000212144	0	0	0
ENSG00000283340	0	0	0
ENSG00000252860	0	0	0
ENSG00000252501	0	0	0
ENSG00000263390	0	0	0
ENSG00000207181	0	0	0
ENSG00000265744	0	0	0
ENSG00000264377	0	0	0
ENSG00000207149	0	0	0
ENSG00000283936	0	0	0
ENSG00000284485	0	0	0
ENSG00000201638	0	0	0
ENSG00000275213	0	0	0
ENSG00000239494	2	1	1
ENSG00000212230	0	0	0
ENSG00000252371	0	0	0
ENSG00000199442	0	0	0
ENSG00000200033	0	0	0
ENSG00000239690	0	0	0
ENSG00000202184	0	0	0
ENSG00000241395	0	0	0
ENSG00000200982	0	0	0
ENSG00000275207	0	0	0
ENSG00000202300	0	0	0
ENSG00000222407	0	0	0
ENSG00000222986	0	0	0
ENSG00000265435	0	0	0
ENSG00000272262	0	0	0
ENSG00000200495	0	0	0
ENSG00000202609	0	0	0
ENSG00000252553	0	0	0
ENSG00000206764	0	0	0
ENSG00000222240	0	0	0
ENSG00000212187	0	0	0
ENSG00000206637	0	0	0
ENSG00000253097	0	0	0
ENSG00000200036	0	0	0
ENSG00000201421	0	0	0
ENSG00000212610	0	0	0
ENSG00000252484	0	0	0
ENSG00000201944	0	0	0
ENSG00000200327	0	0	0
ENSG00000206905	0	0	0
ENSG00000200972	0	0	0
ENSG00000243051	0	0	0
ENSG00000252011	0	0	0
ENSG00000207326	0	0	0
ENSG00000212205	1	1	0
ENSG00000253042	0	0	0
ENSG00000274121	0	0	0
ENSG00000264358	0	0	0
ENSG00000206640	0	0	0
ENSG00000212527	0	0	0
ENSG00000252879	0	0	0
ENSG00000252612	1	0	1
ENSG00000202264	0	0	0
ENSG00000285609	0	0	0
ENSG00000206762	0	0	0
ENSG00000252084	0	0	0
ENSG00000200085	0	0	0
ENSG00000264500	6	6	0
ENSG00000202025	0	0	0
ENSG00000225545	0	0	0
ENSG00000206990	0	0	0
ENSG00000230175	0	0	0
ENSG00000225272	0	0	0
ENSG00000215838	1	0	1
ENSG00000273365	0	0	0
ENSG00000224358	5	1	5
ENSG00000230659	0	0	0
ENSG00000162545	15	0	15
ENSG00000090432	608	0	608
ENSG00000215520	0	0	0
ENSG00000183114	0	0	0
ENSG00000158825	1298	1	1297
ENSG00000158828	458	99	1807
ENSG00000284005	0	0	0
ENSG00000117242	53	1356	145
ENSG00000234473	0	0	0
ENSG00000238754	0	0	0
ENSG00000134371	758	0	758
ENSG00000221680	0	0	0
ENSG00000162630	10	0	10
ENSG00000276735	0	0	0
ENSG00000232077	0	0	0
ENSG00000229639	0	0	0
ENSG00000287453	0	0	0
ENSG00000270615	0	0	0
ENSG00000287283	0	0	0
ENSG00000240692	0	0	0
ENSG00000229359	0	0	0
ENSG00000237919	0	2	0
ENSG00000066557	233	0	233
ENSG00000244389	0	0	0
ENSG00000228988	0	0	0
ENSG00000118454	360	1	359
ENSG00000226088	0	0	0
ENSG00000116761	17	0	17
ENSG00000278636	0	0	0
ENSG00000271992	2	0	2
ENSG00000233020	0	0	0
ENSG00000237033	0	0	0
ENSG00000226208	0	0	0
ENSG00000007968	481	0	481
ENSG00000235052	1	0	1
ENSG00000117318	159	0	159
ENSG00000285802	2	0	2
ENSG00000229239	1	0	1
ENSG00000142676	20877	5	20875
ENSG00000057757	745	0	745
ENSG00000011009	1197	0	1199
ENSG00000117308	159	0	159
ENSG00000273844	0	0	0
ENSG00000235748	0	0	0
ENSG00000237861	3	0	3
ENSG00000221879	0	0	0
ENSG00000230260	0	0	0
ENSG00000199241	0	0	0
ENSG00000226919	0	1	0
ENSG00000223963	0	0	0
ENSG00000215802	0	0	0
ENSG00000233615	0	0	0
ENSG00000238085	0	0	0
ENSG00000265831	0	0	0
ENSG00000224348	0	0	0
ENSG00000286496	0	0	0
ENSG00000287516	0	0	0
ENSG00000287738	0	0	0
ENSG00000132703	0	0	0
ENSG00000276632	0	0	0
ENSG00000223603	0	0	0
ENSG00000132693	0	0	0
ENSG00000235226	0	0	0
ENSG00000158716	158	0	158
ENSG00000181036	562	35	527
ENSG00000158714	129	38	504
ENSG00000212161	0	0	0
ENSG00000243284	1	1	5
ENSG00000272668	108	77	39
ENSG00000213085	377	1	376
ENSG00000266458	0	0	0
ENSG00000287040	1	1	0
ENSG00000279430	4	0	4
ENSG00000162723	1	1	0
ENSG00000273933	0	0	0
ENSG00000256029	3	159	10
ENSG00000188004	0	0	0
ENSG00000266580	0	0	0
ENSG00000254545	2	25	0
ENSG00000203620	0	0	0
ENSG00000269967	5	0	5
ENSG00000228634	2	2	0
ENSG00000284702	0	0	0
ENSG00000221040	0	0	0
ENSG00000287217	0	0	0
ENSG00000163399	2418	27	7495
ENSG00000212385	0	0	0
ENSG00000233154	9	0	9
ENSG00000230381	0	0	0
ENSG00000200547	0	0	0
ENSG00000224950	36	0	50
ENSG00000286276	9	23	0
ENSG00000177888	149	0	149
ENSG00000243364	121	0	121
ENSG00000251246	0	0	0
ENSG00000143590	34	0	34
ENSG00000202027	0	0	0
ENSG00000169242	37	1	36
ENSG00000169241	708	3	705
ENSG00000223452	0	0	0
ENSG00000163463	91	0	91
ENSG00000273088	0	0	0
ENSG00000284586	0	0	0
ENSG00000169231	260	2	553
ENSG00000236263	0	65	7
ENSG00000236675	67	67	0
ENSG00000177628	1425	0	1425
ENSG00000116521	812	0	812
ENSG00000176444	1421	2	1419
ENSG00000143630	18	0	22
ENSG00000143627	0	4	0
ENSG00000253074	0	0	0
ENSG00000252116	0	0	0
ENSG00000228523	0	0	0
ENSG00000223263	3	3	0
ENSG00000207504	0	0	0
ENSG00000238139	0	0	0
ENSG00000197721	27	0	27
ENSG00000244703	2	0	2
ENSG00000226289	0	0	0
ENSG00000285239	0	0	0
ENSG00000234219	2	2	0
ENSG00000174059	14	0	14
ENSG00000285719	0	0	0
ENSG00000284237	1	0	1
ENSG00000158731	0	0	0
ENSG00000201746	0	0	0
ENSG00000264881	0	0	0
ENSG00000199562	0	0	0
ENSG00000264501	0	0	0
ENSG00000284735	4	4	0
ENSG00000284642	14	1	13
ENSG00000142657	7715	2	7713
ENSG00000271989	0	4	0
ENSG00000251503	0	0	0
ENSG00000175279	2	0	2
ENSG00000160049	547	0	649
ENSG00000203469	0	54	0
ENSG00000236035	0	0	0
ENSG00000221643	1	0	1
ENSG00000122188	516	0	516
ENSG00000288644	0	0	0
ENSG00000227417	0	0	0
ENSG00000223505	0	0	0
ENSG00000182004	455	0	455
ENSG00000236430	0	0	0
ENSG00000130768	9	1	10
ENSG00000227050	0	1	1
ENSG00000238231	2	1	1
ENSG00000240750	0	0	0
ENSG00000158156	1287	0	1287
ENSG00000182118	63	0	63
ENSG00000283799	0	0	0
ENSG00000227934	0	0	0
ENSG00000229595	0	0	0
ENSG00000143633	391	0	391
ENSG00000281912	8	0	8
ENSG00000288208	0	0	0
ENSG00000132773	233	23	256
ENSG00000070759	228	13	239
ENSG00000236872	0	0	0
ENSG00000280670	94	0	94
ENSG00000132763	92	714	100
ENSG00000221953	0	0	0
ENSG00000226164	0	0	0
ENSG00000224014	1	0	1
ENSG00000215795	2	1	1
ENSG00000259865	39	0	39
ENSG00000227671	971	2	969
ENSG00000283881	0	0	0
ENSG00000252516	2	0	2
ENSG00000232347	0	0	0
ENSG00000214144	0	0	0
ENSG00000235818	0	0	0
ENSG00000197617	0	0	0
ENSG00000202079	1	1	0
ENSG00000286216	0	0	0
ENSG00000203664	0	0	0
ENSG00000169224	107	1	118
ENSG00000236817	0	11	0
ENSG00000177489	0	0	0
ENSG00000177476	0	0	0
ENSG00000283369	0	0	0
ENSG00000230411	0	0	0
ENSG00000251977	0	0	0
ENSG00000252254	0	0	0
ENSG00000227854	0	0	0
ENSG00000287589	0	0	0
ENSG00000259776	0	0	0
ENSG00000233355	637	0	643
ENSG00000234601	0	0	0
ENSG00000231979	0	0	0
ENSG00000215805	0	0	0
ENSG00000287102	0	0	0
ENSG00000217327	0	0	0
ENSG00000228818	0	0	0
ENSG00000202041	0	0	0
ENSG00000223694	0	0	0
ENSG00000233735	0	0	0
ENSG00000133019	3	6	3
ENSG00000162636	565	0	565
ENSG00000162639	403	0	403
ENSG00000285923	4	0	4
ENSG00000134186	2266	23	2243
ENSG00000143107	1	0	1
ENSG00000232971	0	0	0
ENSG00000116266	1406	1	1405
ENSG00000228076	0	0	0
ENSG00000203897	0	0	0
ENSG00000237349	0	0	0
ENSG00000244716	30	0	30
ENSG00000228665	0	0	0
ENSG00000228054	0	0	0
ENSG00000273382	12	114	12
ENSG00000215717	1391	0	1505
ENSG00000278249	0	0	0
ENSG00000270066	0	0	0
ENSG00000251484	0	0	0
ENSG00000132676	1586	141	1587
ENSG00000227673	0	0	0
ENSG00000203761	97	64	65
ENSG00000234937	2	2	0
ENSG00000132718	820	0	820
ENSG00000283442	0	0	0
ENSG00000143622	1399	0	1399
ENSG00000132680	1136	1	1135
ENSG00000207475	0	0	0
ENSG00000280466	0	0	0
ENSG00000281394	0	0	0
ENSG00000277817	1	0	1
ENSG00000273002	64	0	66
ENSG00000224276	1	1	0
ENSG00000285677	1	1802	0
ENSG00000163479	3001	0	4802
ENSG00000160803	676	1	675
ENSG00000132698	2	0	2
ENSG00000252236	0	0	0
ENSG00000260238	0	0	0
ENSG00000242252	1	0	1
ENSG00000198952	2553	2	2551
ENSG00000163472	217	222	242
ENSG00000163468	2971	0	2977
ENSG00000132677	4	0	4
ENSG00000237390	0	0	0
ENSG00000207933	0	0	0
ENSG00000254726	6	0	6
ENSG00000186377	0	0	0
ENSG00000186160	0	0	0
ENSG00000225154	0	0	0
ENSG00000225506	1	0	1
ENSG00000225514	0	0	0
ENSG00000224805	38	0	55
ENSG00000162366	290	0	290
ENSG00000226252	15	55	2
ENSG00000225762	2	2	0
ENSG00000186790	0	0	0
ENSG00000237424	51	0	51
ENSG00000189030	1	0	1
ENSG00000162763	0	0	0
ENSG00000143061	2	0	2
ENSG00000135821	14141	4	14137
ENSG00000203740	0	0	0
ENSG00000162374	2	0	2
ENSG00000168275	125	5	186
ENSG00000241563	0	0	0
ENSG00000153207	1797	1	1796
ENSG00000156869	57	0	57
ENSG00000033122	16	16	2
ENSG00000143278	0	0	0
ENSG00000116678	154	0	154
ENSG00000159352	2650	2	2648
ENSG00000158710	26354	15	26339
ENSG00000162734	2256	7	2371
ENSG00000049239	1522	0	1522
ENSG00000186564	8	0	8
ENSG00000244038	3405	6	3399
ENSG00000158747	33	0	33
ENSG00000116690	24	235	27
ENSG00000126091	15	0	15
ENSG00000162383	23	0	23
ENSG00000171163	530	2	528
ENSG00000172456	93	0	93
ENSG00000162946	547	0	547
ENSG00000158786	0	0	0
ENSG00000118733	0	0	0
ENSG00000157870	345	4	413
ENSG00000179085	81	0	81
ENSG00000173080	0	0	0
ENSG00000183347	262	0	262
ENSG00000276470	0	0	0
ENSG00000278852	0	0	0
ENSG00000275915	0	0	0
ENSG00000120937	0	0	0
ENSG00000224904	0	0	0
ENSG00000285646	13	10	3
ENSG00000199347	0	0	0
ENSG00000201801	0	0	0
ENSG00000116685	1500	0	1500
ENSG00000083444	1832	1	1831
ENSG00000287384	1	1	0
ENSG00000270914	0	0	0
ENSG00000116691	689	0	689
ENSG00000202461	7	7	0
ENSG00000276869	0	0	0
ENSG00000243539	0	0	0
ENSG00000120949	411	3	408
ENSG00000201135	0	0	0
ENSG00000227875	0	0	0
ENSG00000285604	0	0	0
ENSG00000283789	0	0	0
ENSG00000263676	0	0	0
ENSG00000200591	0	0	0
ENSG00000162521	2207	6	3126
ENSG00000162520	4	920	9
ENSG00000224409	1	0	1
ENSG00000162522	174	2	172
ENSG00000116497	688	0	695
ENSG00000160097	7	5	2
ENSG00000121905	0	1	0
ENSG00000121900	0	0	1
ENSG00000287691	18	22	0
ENSG00000278966	6	6	0
ENSG00000143222	1163	2	1642
ENSG00000224985	9	487	3
ENSG00000143224	234	118	239
ENSG00000158850	1136	8	1244
ENSG00000158859	18	2	17
ENSG00000158869	13113	3	13110
ENSG00000158874	5	5	0
ENSG00000158882	153	0	282
ENSG00000284035	0	0	0
ENSG00000143257	6	135	0
ENSG00000248485	13	12	1
ENSG00000188931	48	55	0
ENSG00000236484	2	2	0
ENSG00000283696	44	0	44
ENSG00000288093	6	0	6
ENSG00000206921	0	0	0
ENSG00000215840	2	1	1
ENSG00000277882	0	0	0
ENSG00000283317	2	2	0
ENSG00000277762	0	0	0
ENSG00000227139	0	0	0
ENSG00000265107	0	0	0
ENSG00000274415	0	0	0
ENSG00000234190	0	0	0
ENSG00000223728	0	0	0
ENSG00000121634	0	0	0
ENSG00000188092	93	0	93
ENSG00000215859	7	9	0
ENSG00000273059	0	0	2
ENSG00000274372	4	0	4
ENSG00000206791	0	0	0
ENSG00000206585	0	0	0
ENSG00000229828	0	0	0
ENSG00000225080	1	1	0
ENSG00000198658	1	0	1
ENSG00000238382	0	0	0
ENSG00000225919	0	0	0
ENSG00000236497	0	0	0
ENSG00000207190	0	0	0
ENSG00000200508	0	0	0
ENSG00000284928	0	0	0
ENSG00000223949	0	0	0
ENSG00000116688	2578	0	2578
ENSG00000188800	0	0	0
ENSG00000084073	736	0	737
ENSG00000231296	0	1	0
ENSG00000049089	95	2	93
ENSG00000227311	0	0	0
ENSG00000213172	1	0	1
ENSG00000284677	0	0	0
ENSG00000187801	40	0	40
ENSG00000260920	35	0	35
ENSG00000158887	168	1	167
ENSG00000255054	0	0	0
ENSG00000228172	4	413	9
ENSG00000117640	546	3	758
ENSG00000272478	0	0	0
ENSG00000127423	18	18	6
ENSG00000182749	208	15	304
ENSG00000207302	0	0	0
ENSG00000117632	715	1	714
ENSG00000229786	0	0	0
ENSG00000223624	0	0	0
ENSG00000283938	0	0	0
ENSG00000199385	0	0	0
ENSG00000187147	1052	26	1677
ENSG00000263381	0	0	0
ENSG00000126106	33	628	56
ENSG00000198520	421	3	418
ENSG00000199377	0	0	0
ENSG00000200169	0	0	0
ENSG00000142945	80	3	91
ENSG00000142937	11189	21	13935
ENSG00000264294	0	0	0
ENSG00000200913	0	0	0
ENSG00000202031	0	0	0
ENSG00000207421	0	0	0
ENSG00000281859	0	0	0
ENSG00000234093	1	0	1
ENSG00000142959	5	0	5
ENSG00000173846	276	0	297
ENSG00000117425	28	2	26
ENSG00000202444	0	0	0
ENSG00000226499	1	0	1
ENSG00000070785	210	0	210
ENSG00000253039	0	0	0
ENSG00000229815	0	0	0
ENSG00000232369	0	0	0
ENSG00000268949	0	0	0
ENSG00000126107	1106	0	1109
ENSG00000126088	696	3	696
ENSG00000234315	0	0	0
ENSG00000162408	529	0	529
ENSG00000229519	2	2	0
ENSG00000173662	1	0	1
ENSG00000204859	650	15	635
ENSG00000288629	0	0	0
ENSG00000230735	1	1	1
ENSG00000171488	1356	1	1355
ENSG00000226394	0	0	0
ENSG00000237200	2	0	2
ENSG00000070886	0	0	0
ENSG00000276835	0	0	0
ENSG00000265422	0	0	0
ENSG00000223776	0	155	3
ENSG00000273058	15	0	15
ENSG00000230325	6	39	3
ENSG00000119285	753	914	914
ENSG00000226498	0	0	0
ENSG00000237991	0	0	0
ENSG00000244020	0	0	0
ENSG00000288099	0	0	0
ENSG00000225886	57	79	0
ENSG00000206767	0	0	0
ENSG00000226662	0	0	0
ENSG00000207095	0	0	0
ENSG00000287244	0	0	0
ENSG00000231344	2	0	2
ENSG00000230833	0	0	0
ENSG00000117758	876	0	876
ENSG00000269971	0	0	0
ENSG00000270031	2	0	2
ENSG00000223062	0	0	0
ENSG00000286433	1	82	1
ENSG00000117751	936	10	1008
ENSG00000252947	0	0	0
ENSG00000130775	9383	5	9381
ENSG00000117748	1477	23	1457
ENSG00000223643	0	0	0
ENSG00000230239	0	0	0
ENSG00000263811	0	0	0
ENSG00000277234	0	0	0
ENSG00000235241	0	137	0
ENSG00000207005	1	0	1
ENSG00000272426	1	1	0
ENSG00000117122	0	0	0
ENSG00000286898	0	0	0
ENSG00000226526	0	60	0
ENSG00000159363	658	0	694
ENSG00000117118	1292	0	1292
ENSG00000117115	3802	1	3801
ENSG00000204362	0	0	0
ENSG00000282843	0	0	0
ENSG00000142623	0	0	0
ENSG00000142619	0	0	0
ENSG00000266634	0	0	0
ENSG00000199459	0	0	0
ENSG00000273264	0	0	0
ENSG00000282057	0	0	0
ENSG00000272691	0	0	0
ENSG00000199934	0	0	0
ENSG00000230285	0	0	0
ENSG00000142871	3	2	1
ENSG00000226643	0	0	0
ENSG00000234419	0	0	0
ENSG00000276997	10	0	10
ENSG00000222399	0	0	0
ENSG00000267305	0	0	0
ENSG00000143512	3	0	3
ENSG00000143498	77	1	85
ENSG00000225265	8	9	8
ENSG00000154305	2408	96	3030
ENSG00000229399	1	1	0
ENSG00000272750	26	716	27
ENSG00000186063	803	39	789
ENSG00000162819	996	0	1020
ENSG00000287684	0	2	0
ENSG00000234523	0	0	0
ENSG00000287338	7	0	7
ENSG00000187554	866	75	791
ENSG00000236846	2	0	2
ENSG00000226601	0	0	0
ENSG00000164010	292	8	512
ENSG00000164011	220	0	220
ENSG00000233708	0	0	0
ENSG00000237090	0	0	0
ENSG00000225099	0	0	0
ENSG00000284138	3	0	3
ENSG00000283973	2	3	1
ENSG00000207256	0	0	0
ENSG00000283136	0	0	0
ENSG00000277513	0	0	0
ENSG00000154309	122	0	122
ENSG00000226967	0	0	0
ENSG00000231407	0	1	0
ENSG00000229570	0	0	0
ENSG00000203857	0	0	0
ENSG00000226443	3	0	3
ENSG00000249798	0	0	0
ENSG00000239873	0	0	0
ENSG00000203855	2	2	0
ENSG00000240244	0	0	0
ENSG00000260941	4	0	4
ENSG00000198857	7	7	0
ENSG00000143067	75	0	75
ENSG00000134240	0	0	0
ENSG00000134193	21	0	21
ENSG00000215864	0	0	0
ENSG00000227205	0	0	0
ENSG00000226446	0	0	0
ENSG00000134249	0	0	0
ENSG00000092621	85	0	85
ENSG00000027644	1	1	0
ENSG00000241992	0	0	0
ENSG00000234226	0	0	0
ENSG00000137970	60	0	60
ENSG00000223229	0	0	0
ENSG00000285698	0	0	0
ENSG00000228035	0	0	0
ENSG00000287103	0	0	0
ENSG00000226973	0	0	0
ENSG00000274468	0	0	0
ENSG00000130764	679	12	726
ENSG00000266075	1	1	0
ENSG00000272153	14	71	2
ENSG00000230026	1	0	1
ENSG00000285177	0	0	0
ENSG00000284770	21	40	21
ENSG00000229795	0	0	0
ENSG00000238236	0	0	0
ENSG00000235638	0	0	0
ENSG00000231199	0	0	0
ENSG00000226663	0	0	0
ENSG00000231582	0	0	0
ENSG00000232714	0	0	0
ENSG00000235761	0	0	0
ENSG00000270710	0	0	0
ENSG00000227236	0	0	0
ENSG00000198837	4276	4	4427
ENSG00000160741	2225	0	2225
ENSG00000276584	0	0	0
ENSG00000282386	5	0	5
ENSG00000273026	3	0	3
ENSG00000143578	93	30	118
ENSG00000143543	154	3	182
ENSG00000285641	0	6	9
ENSG00000143545	43	0	43
ENSG00000177954	29030	6	29024
ENSG00000231416	0	0	0
ENSG00000200220	0	0	0
ENSG00000231837	0	0	0
ENSG00000263987	0	0	0
ENSG00000162642	330	0	330
ENSG00000223254	1	1	0
ENSG00000223653	1	22	1
ENSG00000116198	751	1	751
ENSG00000169598	288	0	289
ENSG00000226653	0	0	0
ENSG00000207209	0	0	0
ENSG00000272443	0	0	0
ENSG00000272480	0	0	0
ENSG00000288626	0	0	0
ENSG00000162836	97	0	97
ENSG00000207080	0	0	0
ENSG00000231791	0	0	0
ENSG00000244568	0	0	0
ENSG00000271387	0	0	0
ENSG00000116667	252	1	251
ENSG00000230470	0	0	0
ENSG00000232036	1	1	0
ENSG00000285847	0	0	0
ENSG00000286378	0	0	0
ENSG00000215381	0	0	0
ENSG00000261326	102	0	102
ENSG00000284726	5	5	0
ENSG00000125945	280	6	283
ENSG00000201405	0	0	0
ENSG00000271420	0	0	0
ENSG00000204219	158	0	158
ENSG00000232482	0	0	0
ENSG00000285779	0	0	0
ENSG00000162885	106	71	182
ENSG00000270780	0	0	0
ENSG00000232895	0	0	0
ENSG00000273698	0	0	0
ENSG00000273112	6	2	4
ENSG00000173110	3027	8	3019
ENSG00000224203	6	11	0
ENSG00000224515	0	0	0
ENSG00000225217	1234	1	1233
ENSG00000231586	4	3	2
ENSG00000234211	4	65	0
ENSG00000213075	0	0	0
ENSG00000143125	0	0	0
ENSG00000270380	0	0	0
ENSG00000282887	0	0	0
ENSG00000283999	0	0	0
ENSG00000240194	0	0	0
ENSG00000235407	0	0	0
ENSG00000143105	0	0	0
ENSG00000199710	0	0	0
ENSG00000237415	1	0	1
ENSG00000232791	0	0	0
ENSG00000177301	46	0	46
ENSG00000226828	6	8	1
ENSG00000279774	0	0	0
ENSG00000229960	0	0	0
ENSG00000286486	0	0	0
ENSG00000244066	0	0	0
ENSG00000237759	0	0	0
ENSG00000287531	0	0	0
ENSG00000225855	73	782	25
ENSG00000283701	0	0	0
ENSG00000207134	0	0	0
ENSG00000227773	1	0	1
ENSG00000207144	0	0	0
ENSG00000237872	0	0	0
ENSG00000271267	0	0	0
ENSG00000225082	2	0	3
ENSG00000223503	0	0	0
ENSG00000232519	1	2	0
ENSG00000160752	573	16	1283
ENSG00000121957	72	229	119
ENSG00000235089	0	0	0
ENSG00000285179	0	0	0
ENSG00000223026	0	0	0
ENSG00000225721	1	2767	16
ENSG00000188396	3	23	1
ENSG00000202167	0	0	0
ENSG00000207349	0	0	0
ENSG00000252826	0	0	0
ENSG00000206737	0	0	0
ENSG00000223779	2	0	2
ENSG00000242352	1	0	1
ENSG00000270962	0	0	0
ENSG00000263590	0	0	0
ENSG00000252105	0	0	0
ENSG00000233430	0	0	0
ENSG00000237503	0	0	0
ENSG00000265531	330	0	398
ENSG00000234571	62	128	2
ENSG00000230186	0	1	0
ENSG00000268074	0	0	0
ENSG00000270872	4	0	4
ENSG00000276674	0	0	0
ENSG00000082482	0	0	0
ENSG00000116747	457	9	511
ENSG00000118729	0	0	0
ENSG00000134207	0	0	0
ENSG00000163467	3	9	0
ENSG00000243710	4	2	4
ENSG00000117395	497	0	499
ENSG00000116874	114	10	123
ENSG00000065600	244	1	243
ENSG00000009780	218	0	218
ENSG00000023572	167	85	122
ENSG00000077254	1545	0	1545
ENSG00000134644	2098	0	2098
ENSG00000215788	598	5	622
ENSG00000117834	26	6	23
ENSG00000117625	799	3	796
ENSG00000179902	1	1	1
ENSG00000020633	3112	1	3111
ENSG00000121766	410	1	610
ENSG00000143157	1498	0	1499
ENSG00000162614	524	3	534
ENSG00000160781	110	0	110
ENSG00000143344	208	0	208
ENSG00000162613	2243	2	2242
ENSG00000116882	0	0	0
ENSG00000198758	0	0	0
ENSG00000117569	215	0	215
ENSG00000142856	126	60	125
ENSG00000158022	0	0	0
ENSG00000116396	92	0	92
ENSG00000058668	3341	0	3341
ENSG00000163875	1035	0	1035
ENSG00000282872	0	0	0
ENSG00000131238	4071	3	4068
ENSG00000171680	46	0	46
ENSG00000244457	0	0	0
ENSG00000116977	1854	262	3035
ENSG00000229372	0	145	0
ENSG00000274975	0	0	0
ENSG00000229348	0	0	0
ENSG00000242485	738	22	838
ENSG00000264293	0	0	0
ENSG00000272455	31	0	31
ENSG00000225905	0	0	0
ENSG00000225285	0	0	0
ENSG00000179403	0	0	0
ENSG00000215915	10	0	10
ENSG00000236085	0	0	0
ENSG00000234441	0	0	0
ENSG00000227408	0	0	0
ENSG00000223635	0	0	0
ENSG00000135776	363	0	363
ENSG00000199672	0	0	0
ENSG00000201492	1	1	0
ENSG00000229367	0	0	0
ENSG00000135763	244	0	244
ENSG00000213028	0	0	0
ENSG00000225984	0	0	0
ENSG00000178828	0	0	0
ENSG00000235434	0	0	0
ENSG00000169914	183	0	183
ENSG00000188784	0	0	0
ENSG00000242688	0	0	0
ENSG00000177186	0	0	0
ENSG00000177174	0	0	0
ENSG00000269956	26	262	0
ENSG00000162456	1	0	1
ENSG00000079277	1073	0	1309
ENSG00000117407	0	0	0
ENSG00000237950	20	0	20
ENSG00000117408	576	0	576
ENSG00000285649	0	59	0
ENSG00000117410	2713	0	2713
ENSG00000159214	42	1	47
ENSG00000196517	68	6	69
ENSG00000227163	0	0	0
ENSG00000271647	0	0	0
ENSG00000239560	0	0	0
ENSG00000196539	0	0	0
ENSG00000229255	0	0	0
ENSG00000203661	0	0	0
ENSG00000271934	0	0	0
ENSG00000224521	0	0	0
ENSG00000227102	0	0	0
ENSG00000183310	0	0	0
ENSG00000201602	0	0	0
ENSG00000271701	0	0	0
ENSG00000189181	0	0	0
ENSG00000187238	0	0	0
ENSG00000185962	0	0	0
ENSG00000226947	0	0	0
ENSG00000285753	0	0	0
ENSG00000187223	0	0	0
ENSG00000159455	0	0	0
ENSG00000187173	0	0	0
ENSG00000204501	0	0	0
ENSG00000228229	0	0	0
ENSG00000204481	0	0	0
ENSG00000204479	0	0	0
ENSG00000172031	3	0	3
ENSG00000233228	0	0	0
ENSG00000224678	0	0	0
ENSG00000233401	0	0	0
ENSG00000273487	2	0	2
ENSG00000226773	0	0	0
ENSG00000274481	0	0	0
ENSG00000228594	52	0	52
ENSG00000286989	19	0	19
ENSG00000272106	32	1	32
ENSG00000189409	1	0	1
ENSG00000272004	0	275	2
ENSG00000189339	2002	12	2267
ENSG00000269737	37	37	0
ENSG00000215914	0	0	0
ENSG00000008128	49	0	54
ENSG00000268575	26	0	56
ENSG00000227775	110	152	0
ENSG00000008130	10395	7	10388
ENSG00000078369	9835	13	9822
ENSG00000178821	0	0	0
ENSG00000158477	34	0	34
ENSG00000230942	0	0	0
ENSG00000158481	178	0	178
ENSG00000158485	9	0	9
ENSG00000158488	7	0	7
ENSG00000186306	0	0	0
ENSG00000203758	0	0	0
ENSG00000236257	0	0	0
ENSG00000236656	0	0	0
ENSG00000198703	0	0	0
ENSG00000227445	0	0	0
ENSG00000231434	0	0	0
ENSG00000117505	1610	0	1630
ENSG00000229635	2	2	0
ENSG00000207379	0	0	0
ENSG00000212601	0	0	0
ENSG00000162889	3157	1	3156
ENSG00000224114	31	0	31
ENSG00000199349	1	1	0
ENSG00000162892	71	628	0
ENSG00000162894	4323	1	4879
ENSG00000271680	23	23	0
ENSG00000226945	16	16	0
ENSG00000162896	2	0	2
ENSG00000162897	0	0	0
ENSG00000182795	61	0	61
ENSG00000198890	256	1	255
ENSG00000224550	0	0	0
ENSG00000142669	15651	4	20692
ENSG00000169442	4194	9	11463
ENSG00000225854	0	0	0
ENSG00000176083	88	0	88
ENSG00000229167	0	0	0
ENSG00000142910	0	0	0
ENSG00000162517	902	0	1098
ENSG00000235790	4	0	5
ENSG00000264078	0	0	0
ENSG00000241745	0	0	0
ENSG00000228407	0	0	0
ENSG00000223429	0	0	0
ENSG00000224255	0	0	0
ENSG00000236004	0	0	0
ENSG00000237663	0	0	0
ENSG00000213735	0	0	0
ENSG00000272100	4	124	0
ENSG00000287078	3	0	3
ENSG00000224680	3	3	0
ENSG00000085840	80	0	80
ENSG00000283445	2	0	2
ENSG00000272226	3	3	0
ENSG00000231740	0	0	0
ENSG00000143751	841	0	841
ENSG00000272562	10	1	9
ENSG00000163041	9027	4	9023
ENSG00000225518	0	0	0
ENSG00000270598	0	0	0
ENSG00000182827	448	6	560
ENSG00000234478	1	119	0
ENSG00000223570	1	1	0
ENSG00000185155	12	0	12
ENSG00000236773	0	0	0
ENSG00000143753	1534	1	1533
ENSG00000201898	0	0	0
ENSG00000237101	1	45	3
ENSG00000143748	388	2	433
ENSG00000221406	0	0	0
ENSG00000229742	0	0	0
ENSG00000206887	0	0	0
ENSG00000143771	774	0	774
ENSG00000266618	0	0	0
ENSG00000229991	0	0	0
ENSG00000233384	0	0	0
ENSG00000234247	0	0	0
ENSG00000183682	67	81	15
ENSG00000237624	0	0	0
ENSG00000228060	3	566	0
ENSG00000201457	0	0	0
ENSG00000163909	5	0	5
ENSG00000225903	0	0	0
ENSG00000116983	52	0	52
ENSG00000225333	0	0	0
ENSG00000252413	0	0	0
ENSG00000090621	1788	1	2350
ENSG00000236994	0	0	0
ENSG00000275406	0	0	0
ENSG00000270287	0	0	0
ENSG00000229965	0	0	0
ENSG00000223282	0	0	0
ENSG00000177770	0	0	0
ENSG00000287627	0	0	0
ENSG00000283933	0	0	0
ENSG00000143369	62	0	62
ENSG00000228126	0	0	0
ENSG00000237781	184	198	394
ENSG00000264553	29	29	0
ENSG00000277452	9	0	9
ENSG00000274963	16	0	16
ENSG00000253047	2	0	2
ENSG00000143420	2408	0	2408
ENSG00000276103	1	0	1
ENSG00000143457	433	0	433
ENSG00000143452	68	0	68
ENSG00000206931	0	0	0
ENSG00000236713	0	0	0
ENSG00000224690	2	2	0
ENSG00000203804	3	438	165
ENSG00000143384	27229	9	27222
ENSG00000154342	0	0	0
ENSG00000276255	1	0	1
ENSG00000284163	0	0	0
ENSG00000143793	151	9	142
ENSG00000162910	152	0	153
ENSG00000224566	1	0	1
ENSG00000287895	3	2	1
ENSG00000280157	6	0	6
ENSG00000227625	0	0	0
ENSG00000198835	11	0	11
ENSG00000203684	3	0	3
ENSG00000181873	179	1	179
ENSG00000162913	7	1	9
ENSG00000269934	31	25	49
ENSG00000270110	5	6	0
ENSG00000286773	0	0	0
ENSG00000287315	45	134	8
ENSG00000270104	3	0	3
ENSG00000154370	526	0	730
ENSG00000270094	0	205	0
E