N_unmapped	230492	230492	230492
N_multimapping	6680745	6680745	6680745
N_noFeature	723160	18047439	802266
N_ambiguous	2865793	27062	685651
ENSG00000160072	244	0	244
ENSG00000234396	0	0	0
ENSG00000225972	3	1	2
ENSG00000224315	0	0	0
ENSG00000198744	5	0	5
ENSG00000279928	8	0	8
ENSG00000228037	17	0	17
ENSG00000142611	6	0	6
ENSG00000225630	983	9	974
ENSG00000284616	0	0	0
ENSG00000157911	49	314	81
ENSG00000269896	17	0	17
ENSG00000237973	473	2	483
ENSG00000228463	14	0	22
ENSG00000260972	0	0	0
ENSG00000157933	1617	2	1615
ENSG00000224340	0	0	0
ENSG00000226545	0	0	0
ENSG00000268663	0	0	0
ENSG00000226374	0	0	0
ENSG00000229280	0	0	0
ENSG00000142655	174	29	174
ENSG00000232596	0	0	0
ENSG00000235054	0	0	0
ENSG00000232663	0	0	0
ENSG00000240409	0	0	0
ENSG00000229344	2	0	2
ENSG00000231510	0	0	0
ENSG00000149527	158	11	148
ENSG00000284739	0	0	0
ENSG00000171621	67	0	67
ENSG00000272235	0	0	0
ENSG00000284694	0	0	0
ENSG00000230021	3	17	3
ENSG00000287356	4	4	2
ENSG00000224387	0	0	0
ENSG00000285629	0	0	0
ENSG00000173673	0	0	0
ENSG00000142583	69	1	68
ENSG00000284674	0	0	0
ENSG00000272161	0	0	0
ENSG00000237094	97	0	97
ENSG00000224338	0	0	0
ENSG00000074800	6892	0	6893
ENSG00000116786	1178	0	1335
ENSG00000287727	6	6	0
ENSG00000228423	1	0	1
ENSG00000286448	0	8	0
ENSG00000131686	28	25	16
ENSG00000229305	0	0	0
ENSG00000284703	2	0	2
ENSG00000226457	0	0	0
ENSG00000173614	117	0	117
ENSG00000248527	4014	94	3920
ENSG00000215720	0	0	0
ENSG00000241326	0	0	0
ENSG00000233623	0	0	0
ENSG00000162592	0	20	0
ENSG00000116254	44	0	44
ENSG00000233645	0	0	0
ENSG00000204624	2	0	2
ENSG00000142606	3	50	10
ENSG00000235146	0	0	0
ENSG00000225931	11	2	9
ENSG00000171729	33	0	35
ENSG00000279457	48	0	48
ENSG00000162571	2	1	1
ENSG00000229393	0	0	1
ENSG00000037637	459	0	459
ENSG00000287586	30	0	30
ENSG00000159423	80	0	80
ENSG00000142599	3553	22	3533
ENSG00000227169	0	0	0
ENSG00000283356	0	0	0
ENSG00000011021	385	1	389
ENSG00000142615	0	0	0
ENSG00000215704	1	4	0
ENSG00000157916	1160	32	1474
ENSG00000157881	416	0	416
ENSG00000238290	0	0	0
ENSG00000225387	0	0	0
ENSG00000048707	1386	1	1385
ENSG00000158748	9	0	9
ENSG00000225196	0	0	0
ENSG00000162444	332	0	332
ENSG00000279625	0	0	0
ENSG00000180758	81	0	81
ENSG00000184677	867	0	867
ENSG00000230679	1	1	1
ENSG00000270136	0	0	0
ENSG00000288398	39	0	39
ENSG00000224621	0	0	0
ENSG00000285833	0	0	0
ENSG00000131697	115	0	115
ENSG00000284692	0	0	0
ENSG00000284745	0	0	0
ENSG00000280222	0	0	0
ENSG00000227634	0	0	0
ENSG00000285945	0	0	0
ENSG00000229162	2	0	2
ENSG00000197921	0	0	0
ENSG00000233755	1	0	1
ENSG00000233929	0	0	0
ENSG00000271742	0	0	0
ENSG00000226396	8	0	8
ENSG00000169504	460	0	460
ENSG00000234166	0	16	0
ENSG00000235282	0	0	0
ENSG00000055070	1437	0	2101
ENSG00000175087	124	0	124
ENSG00000157191	1604	6	1598
ENSG00000284699	0	0	0
ENSG00000230035	0	0	0
ENSG00000235185	0	0	0
ENSG00000225643	2	0	2
ENSG00000284666	0	0	0
ENSG00000228943	0	0	0
ENSG00000234397	0	0	0
ENSG00000284309	0	0	0
ENSG00000162511	12378	7	20597
ENSG00000158014	0	0	0
ENSG00000204138	337	0	337
ENSG00000233419	0	0	0
ENSG00000235263	0	0	0
ENSG00000228176	0	0	0
ENSG00000231251	0	0	0
ENSG00000142675	41	0	42
ENSG00000197245	0	0	0
ENSG00000261025	1	1	0
ENSG00000116237	411	6	418
ENSG00000130772	259	1	258
ENSG00000215899	0	0	0
ENSG00000271398	2	1	1
ENSG00000225011	0	0	0
ENSG00000235069	0	0	0
ENSG00000284676	0	0	0
ENSG00000237058	0	0	0
ENSG00000233399	0	0	0
ENSG00000090020	734	0	734
ENSG00000157978	2037	1	2036
ENSG00000226944	1	0	1
ENSG00000270282	0	0	0
ENSG00000130770	311	19	646
ENSG00000229044	0	109	1
ENSG00000162512	65	1	64
ENSG00000158006	312	0	312
ENSG00000214812	0	0	0
ENSG00000126698	1081	0	1081
ENSG00000229447	5	0	5
ENSG00000229607	0	0	0
ENSG00000130766	227	0	227
ENSG00000168528	48	0	48
ENSG00000196581	5	0	5
ENSG00000169403	5243	1	5242
ENSG00000084628	0	0	0
ENSG00000060688	401	0	401
ENSG00000171612	56	0	56
ENSG00000270927	0	0	0
ENSG00000188910	0	0	0
ENSG00000230523	0	0	0
ENSG00000116138	303	76	276
ENSG00000158161	619	2	617
ENSG00000142684	0	0	109
ENSG00000234619	0	0	0
ENSG00000121769	6	6	0
ENSG00000142627	21	0	21
ENSG00000284668	0	0	0
ENSG00000233234	0	0	0
ENSG00000142632	71	0	87
ENSG00000234593	0	0	0
ENSG00000158292	22	0	22
ENSG00000270605	22	0	26
ENSG00000189337	43	0	50
ENSG00000232912	49	0	51
ENSG00000235084	2	0	2
ENSG00000235143	0	0	0
ENSG00000225478	0	0	0
ENSG00000225077	1	9	0
ENSG00000028137	9521	3	9518
ENSG00000238249	2	2	0
ENSG00000204464	0	0	0
ENSG00000233372	0	0	0
ENSG00000283259	0	0	0
ENSG00000284543	3	0	3
ENSG00000130939	982	0	982
ENSG00000175147	0	9	0
ENSG00000127472	0	0	0
ENSG00000060656	5	0	5
ENSG00000163867	152	2	150
ENSG00000232768	0	0	0
ENSG00000230214	0	0	0
ENSG00000189280	2	2	0
ENSG00000134698	2443	1	2442
ENSG00000134690	46	0	46
ENSG00000272420	3	0	3
ENSG00000132881	28	0	28
ENSG00000273274	0	0	0
ENSG00000116251	1015	0	1015
ENSG00000272510	0	18	6
ENSG00000158286	22	2	25
ENSG00000236648	0	0	0
ENSG00000232273	2	0	2
ENSG00000009709	0	0	0
ENSG00000287396	0	0	0
ENSG00000223589	0	0	0
ENSG00000158008	0	0	0
ENSG00000130940	84	1	175
ENSG00000116771	108	4	129
ENSG00000237301	0	0	0
ENSG00000162585	394	66	412
ENSG00000163879	1	2	0
ENSG00000227527	1	1	0
ENSG00000116954	211	0	211
ENSG00000228589	1	0	1
ENSG00000163873	2	0	2
ENSG00000117215	35	0	35
ENSG00000196449	101	7	129
ENSG00000230163	0	20	0
ENSG00000227538	0	0	0
ENSG00000232208	24	0	24
ENSG00000236500	0	0	0
ENSG00000044012	0	0	0
ENSG00000179051	1327	1	1632
ENSG00000215895	0	0	0
ENSG00000231868	0	4	0
ENSG00000284650	0	0	0
ENSG00000237329	0	0	0
ENSG00000236948	2	0	2
ENSG00000126067	794	0	794
ENSG00000274944	0	0	0
ENSG00000132906	241	1	243
ENSG00000197312	619	0	619
ENSG00000284748	0	0	0
ENSG00000272078	10	102	0
ENSG00000173660	719	1	718
ENSG00000224592	0	0	0
ENSG00000233728	0	11	0
ENSG00000230451	0	0	0
ENSG00000231606	0	0	0
ENSG00000215900	0	0	0
ENSG00000284632	0	0	0
ENSG00000241014	5	0	5
ENSG00000054118	2925	2	2923
ENSG00000254553	0	0	0
ENSG00000284653	0	0	0
ENSG00000237749	0	0	0
ENSG00000276747	4	0	4
ENSG00000284705	0	0	0
ENSG00000228776	0	0	0
ENSG00000159339	902	0	902
ENSG00000223814	0	0	0
ENSG00000197982	112	29	118
ENSG00000261781	0	0	0
ENSG00000183317	0	0	0
ENSG00000183386	285	0	285
ENSG00000284743	0	0	0
ENSG00000158315	0	0	0
ENSG00000204084	396	0	449
ENSG00000186973	0	0	0
ENSG00000271806	5	10	6
ENSG00000146463	569	0	634
ENSG00000279214	0	0	0
ENSG00000183520	208	0	208
ENSG00000271741	0	0	0
ENSG00000214141	0	0	0
ENSG00000142686	103	0	103
ENSG00000224751	0	0	0
ENSG00000279096	0	0	0
ENSG00000117148	0	0	0
ENSG00000230585	1	2	0
ENSG00000117000	512	0	512
ENSG00000284989	0	0	0
ENSG00000231630	0	0	0
ENSG00000092853	23	0	24
ENSG00000255811	0	0	0
ENSG00000134697	450	0	451
ENSG00000187513	1	0	1
ENSG00000238145	0	0	0
ENSG00000225142	0	0	0
ENSG00000230138	21	0	21
ENSG00000223390	0	27	0
ENSG00000285823	0	0	0
ENSG00000284720	0	0	0
ENSG00000225028	0	0	0
ENSG00000225671	0	0	0
ENSG00000116151	28	0	30
ENSG00000226147	0	0	0
ENSG00000182873	31	24	11
ENSG00000006555	100	0	100
ENSG00000236111	0	0	0
ENSG00000066056	5	1	4
ENSG00000214114	257	4	253
ENSG00000173436	74	8	74
ENSG00000116544	28	0	28
ENSG00000231900	0	0	0
ENSG00000236723	0	157	5
ENSG00000232467	0	0	0
ENSG00000117016	65	0	65
ENSG00000121310	382	1	381
ENSG00000169213	0	0	0
ENSG00000163866	368	0	388
ENSG00000225779	0	0	0
ENSG00000284601	0	0	0
ENSG00000237130	0	0	0
ENSG00000143001	0	0	0
ENSG00000229716	0	0	0
ENSG00000226133	0	0	0
ENSG00000227416	0	0	0
ENSG00000232335	0	1	0
ENSG00000260971	0	0	0
ENSG00000259832	0	0	0
ENSG00000284696	0	0	0
ENSG00000238242	0	0	0
ENSG00000285839	0	0	0
ENSG00000237290	0	0	0
ENSG00000232762	0	0	0
ENSG00000117419	151	0	151
ENSG00000162384	256	11	260
ENSG00000162391	0	3	0
ENSG00000174348	6	0	8
ENSG00000154198	0	0	0
ENSG00000117859	858	20	848
ENSG00000228121	0	0	0
ENSG00000253313	0	0	0
ENSG00000162396	53	0	53
ENSG00000203995	2	0	2
ENSG00000227742	0	0	0
ENSG00000284686	0	0	0
ENSG00000162378	401	0	401
ENSG00000233079	0	0	0
ENSG00000259818	0	0	0
ENSG00000229444	0	1	0
ENSG00000240563	10	0	10
ENSG00000234318	0	0	0
ENSG00000284773	6	0	6
ENSG00000234481	0	0	0
ENSG00000117862	157	0	157
ENSG00000235612	0	0	0
ENSG00000228369	0	0	0
ENSG00000183431	933	0	933
ENSG00000227485	0	0	0
ENSG00000224609	2	0	2
ENSG00000235545	0	1	0
ENSG00000236646	0	0	0
ENSG00000169174	0	0	0
ENSG00000232198	0	0	0
ENSG00000238063	3	0	3
ENSG00000227104	0	0	0
ENSG00000243725	7	0	7
ENSG00000171872	0	0	0
ENSG00000162407	9	0	9
ENSG00000285079	0	0	0
ENSG00000169218	0	0	0
ENSG00000163877	383	2	381
ENSG00000228929	4	0	4
ENSG00000224570	1	1	0
ENSG00000224980	0	0	0
ENSG00000278967	0	0	0
ENSG00000157184	123	16	284
ENSG00000272491	1	0	1
ENSG00000198815	996	2	994
ENSG00000134744	927	2	925
ENSG00000233910	0	0	0
ENSG00000287703	0	0	0
ENSG00000283039	0	0	0
ENSG00000229032	1	0	1
ENSG00000229294	1	0	1
ENSG00000232993	0	1	0
ENSG00000234088	0	0	0
ENSG00000236973	0	0	0
ENSG00000227947	0	0	0
ENSG00000277397	0	0	0
ENSG00000271200	0	0	0
ENSG00000235446	0	0	0
ENSG00000261196	0	0	0
ENSG00000162385	430	0	430
ENSG00000231413	0	0	0
ENSG00000234264	0	0	0
ENSG00000242391	0	0	0
ENSG00000223883	0	0	0
ENSG00000284808	0	0	0
ENSG00000242267	0	0	0
ENSG00000237227	0	0	0
ENSG00000275350	0	0	0
ENSG00000116652	1	0	1
ENSG00000123080	72	2	70
ENSG00000285778	0	0	0
ENSG00000077549	4721	1	4728
ENSG00000233407	0	0	0
ENSG00000225675	7	0	7
ENSG00000237622	0	0	0
ENSG00000162598	0	0	0
ENSG00000280317	0	0	0
ENSG00000162415	9	1	9
ENSG00000162600	182	0	182
ENSG00000116704	291	0	291
ENSG00000227644	0	1	0
ENSG00000157193	79	2	96
ENSG00000116205	291	0	300
ENSG00000198841	34	0	34
ENSG00000116212	93	0	93
ENSG00000234204	0	0	0
ENSG00000233099	0	0	0
ENSG00000233994	0	0	0
ENSG00000237180	0	0	0
ENSG00000213561	0	0	0
ENSG00000233973	0	0	0
ENSG00000237552	0	0	0
ENSG00000132854	0	0	0
ENSG00000227556	0	0	0
ENSG00000162616	78	1	77
ENSG00000162607	690	2	688
ENSG00000233602	2	0	2
ENSG00000233271	0	0	0
ENSG00000285954	18	18	0
ENSG00000233333	0	0	0
ENSG00000154027	148	0	148
ENSG00000234108	0	0	0
ENSG00000232676	0	0	0
ENSG00000225167	0	0	0
ENSG00000132122	41	0	41
ENSG00000213579	0	0	0
ENSG00000137960	1	0	1
ENSG00000237852	2	0	2
ENSG00000116745	0	0	0
ENSG00000132855	0	0	0
ENSG00000285407	0	0	0
ENSG00000272855	0	0	0
ENSG00000270549	0	0	0
ENSG00000237163	1	0	1
ENSG00000229636	0	0	0
ENSG00000116675	14	0	14
ENSG00000162433	7	0	7
ENSG00000213625	716	0	716
ENSG00000227207	0	0	0
ENSG00000227016	0	0	0
ENSG00000233664	0	0	0
ENSG00000158966	34	0	34
ENSG00000213703	0	0	0
ENSG00000203965	41	0	44
ENSG00000223479	0	0	0
ENSG00000233674	1	0	1
ENSG00000153898	58	0	58
ENSG00000117069	0	0	0
ENSG00000125703	206	0	206
ENSG00000285041	0	0	0
ENSG00000285808	0	0	0
ENSG00000229440	0	0	0
ENSG00000234144	0	0	0
ENSG00000213540	0	0	0
ENSG00000277670	0	0	0
ENSG00000227466	0	0	0
ENSG00000154007	0	0	0
ENSG00000230498	0	0	0
ENSG00000285782	0	0	0
ENSG00000162618	0	0	0
ENSG00000224493	0	0	0
ENSG00000131233	0	0	0
ENSG00000272371	0	0	0
ENSG00000287647	0	0	0
ENSG00000229225	0	0	0
ENSG00000230863	0	0	0
ENSG00000213560	0	0	0
ENSG00000287224	1	0	1
ENSG00000225598	0	0	0
ENSG00000286455	0	0	0
ENSG00000225087	0	0	0
ENSG00000224986	1	0	1
ENSG00000280378	9	0	9
ENSG00000188786	855	0	855
ENSG00000230053	0	0	0
ENSG00000137941	15	2	13
ENSG00000273338	0	0	0
ENSG00000223720	0	0	0
ENSG00000224326	0	0	0
ENSG00000286548	2	1	2
ENSG00000066135	218	0	322
ENSG00000230027	0	0	0
ENSG00000233061	0	0	0
ENSG00000272094	0	0	0
ENSG00000228853	0	0	0
ENSG00000215874	0	0	0
ENSG00000232453	5	2	3
ENSG00000260386	0	0	0
ENSG00000284895	0	0	0
ENSG00000117174	260	1	259
ENSG00000237413	0	0	0
ENSG00000184313	0	0	0
ENSG00000284645	0	0	0
ENSG00000225605	0	0	0
ENSG00000225446	0	0	0
ENSG00000288543	0	0	0
ENSG00000122420	1	0	1
ENSG00000284240	0	0	0
ENSG00000236290	0	0	0
ENSG00000143013	340	0	340
ENSG00000226084	21	0	21
ENSG00000134748	971	1	970
ENSG00000142892	349	1	348
ENSG00000219102	6	0	6
ENSG00000184005	38	0	38
ENSG00000230953	4	4	0
ENSG00000287743	0	0	0
ENSG00000229332	0	0	0
ENSG00000227937	0	0	0
ENSG00000229752	0	0	0
ENSG00000237505	2	0	2
ENSG00000285462	0	0	0
ENSG00000233216	0	0	0
ENSG00000197273	0	0	0
ENSG00000226804	0	0	0
ENSG00000285325	0	0	0
ENSG00000230728	0	0	0
ENSG00000162402	1889	0	1889
ENSG00000232846	0	0	0
ENSG00000219201	0	0	0
ENSG00000230787	0	0	0
ENSG00000116641	108	1	108
ENSG00000235927	1	2	1
ENSG00000223920	0	0	0
ENSG00000237453	0	0	0
ENSG00000172260	3	0	3
ENSG00000285473	0	0	0
ENSG00000237959	0	0	0
ENSG00000231364	0	0	0
ENSG00000234578	0	1	0
ENSG00000117480	75	0	75
ENSG00000137944	235	1	234
ENSG00000229505	0	0	0
ENSG00000228187	0	0	0
ENSG00000285201	0	0	0
ENSG00000182183	118	1	117
ENSG00000236407	0	0	0
ENSG00000271949	0	0	0
ENSG00000227062	0	0	0
ENSG00000067334	671	0	671
ENSG00000235011	0	0	0
ENSG00000235673	0	0	0
ENSG00000226938	0	0	0
ENSG00000213559	0	0	0
ENSG00000287587	0	0	0
ENSG00000142949	14	0	14
ENSG00000116133	137	2	158
ENSG00000232882	1	0	1
ENSG00000171502	21	0	21
ENSG00000162399	0	0	0
ENSG00000116157	112	1	111
ENSG00000143036	0	0	0
ENSG00000232672	0	0	0
ENSG00000230817	0	0	0
ENSG00000235613	0	0	0
ENSG00000065243	980	1	979
ENSG00000226759	0	0	0
ENSG00000226960	0	0	0
ENSG00000234080	0	0	0
ENSG00000237899	2	0	2
ENSG00000225492	16	0	16
ENSG00000223905	0	0	0
ENSG00000227290	0	0	0
ENSG00000229486	0	0	0
ENSG00000282898	0	0	0
ENSG00000285409	0	0	0
ENSG00000231090	1	0	1
ENSG00000117528	321	1	320
ENSG00000271723	0	0	0
ENSG00000172339	43	0	43
ENSG00000036549	421	0	421
ENSG00000287724	0	16	0
ENSG00000058799	490	0	490
ENSG00000225191	0	0	0
ENSG00000287870	0	0	0
ENSG00000235563	0	0	0
ENSG00000232048	0	0	0
ENSG00000232857	0	0	0
ENSG00000273637	0	0	0
ENSG00000203985	0	0	0
ENSG00000228838	0	0	0
ENSG00000283761	1	1	0
ENSG00000189433	0	0	0
ENSG00000230759	0	0	0
ENSG00000231866	0	0	0
ENSG00000179178	0	0	0
ENSG00000142700	0	0	0
ENSG00000285525	0	0	0
ENSG00000236098	0	0	0
ENSG00000233514	0	0	0
ENSG00000127124	393	0	394
ENSG00000266993	2	30	0
ENSG00000223675	0	0	0
ENSG00000162604	180	1	179
ENSG00000229316	0	0	0
ENSG00000116171	804	0	805
ENSG00000287406	0	0	0
ENSG00000225767	0	0	0
ENSG00000234099	0	0	0
ENSG00000137936	18	1	23
ENSG00000235308	1	1	0
ENSG00000232752	0	0	0
ENSG00000235829	0	0	0
ENSG00000143032	0	0	0
ENSG00000226745	0	0	0
ENSG00000178028	488	4	484
ENSG00000280040	0	0	0
ENSG00000168710	980	0	980
ENSG00000117519	41	0	41
ENSG00000270507	0	0	0
ENSG00000238037	0	0	0
ENSG00000215869	0	0	0
ENSG00000134215	672	0	672
ENSG00000227935	0	0	0
ENSG00000229887	0	0	0
ENSG00000228502	74	0	74
ENSG00000236268	0	0	0
ENSG00000271277	0	0	0
ENSG00000236888	0	0	0
ENSG00000279778	0	0	0
ENSG00000232015	0	0	0
ENSG00000230955	0	53	0
ENSG00000230828	0	0	0
ENSG00000188641	1647	1	1794
ENSG00000152078	13	0	13
ENSG00000237279	0	0	0
ENSG00000233359	0	0	0
ENSG00000237954	0	0	0
ENSG00000185668	1	0	1
ENSG00000171492	627	0	627
ENSG00000233129	1	1	0
ENSG00000170989	2616	1	2615
ENSG00000258634	52	0	91
ENSG00000233557	0	0	0
ENSG00000237897	0	0	0
ENSG00000116299	493	0	493
ENSG00000137962	11	0	11
ENSG00000227832	0	0	0
ENSG00000286692	0	0	0
ENSG00000260464	5	1	6
ENSG00000237435	0	0	0
ENSG00000231996	0	0	0
ENSG00000273204	0	0	0
ENSG00000079739	331	4	366
ENSG00000117154	0	0	0
ENSG00000162377	116	5	111
ENSG00000224613	0	0	0
ENSG00000215871	0	0	0
ENSG00000287372	0	0	0
ENSG00000232542	0	0	0
ENSG00000231095	0	0	0
ENSG00000116774	2	0	2
ENSG00000287756	0	0	0
ENSG00000269113	0	0	0
ENSG00000284652	0	0	0
ENSG00000023909	128	0	128
ENSG00000069702	267	1	266
ENSG00000232185	0	0	0
ENSG00000230489	8	0	8
ENSG00000228399	1	0	1
ENSG00000236776	0	0	0
ENSG00000285928	3	3	0
ENSG00000224685	0	0	0
ENSG00000287076	0	0	0
ENSG00000237480	0	0	0
ENSG00000271252	0	0	0
ENSG00000230427	0	0	0
ENSG00000235794	0	0	0
ENSG00000286758	0	0	0
ENSG00000237337	0	0	0
ENSG00000233983	0	0	0
ENSG00000198198	1013	30	1205
ENSG00000225183	0	0	0
ENSG00000230402	0	0	0
ENSG00000116793	212	0	212
ENSG00000134201	0	0	0
ENSG00000238122	0	0	0
ENSG00000260879	0	37	1
ENSG00000213366	163	0	163
ENSG00000230864	0	0	0
ENSG00000283354	0	0	0
ENSG00000232918	0	0	0
ENSG00000236360	0	1	0
ENSG00000183298	0	0	15
ENSG00000234332	12	0	13
ENSG00000117525	1	0	1
ENSG00000225079	9	0	9
ENSG00000226483	0	0	0
ENSG00000224238	0	0	0
ENSG00000229537	0	0	0
ENSG00000162699	0	0	0
ENSG00000162692	2	0	2
ENSG00000203914	0	0	0
ENSG00000270457	0	0	0
ENSG00000203858	0	0	0
ENSG00000231987	0	0	0
ENSG00000228057	3	0	3
ENSG00000261593	0	0	0
ENSG00000224445	0	0	0
ENSG00000229842	0	0	0
ENSG00000270631	0	0	0
ENSG00000229201	0	0	0
ENSG00000181656	6	4	2
ENSG00000122481	41	0	41
ENSG00000198162	579	0	579
ENSG00000238198	3	0	3
ENSG00000171517	12	0	12
ENSG00000228852	3	3	0
ENSG00000203864	0	0	0
ENSG00000233482	0	0	0
ENSG00000230250	0	0	0
ENSG00000232878	0	148	0
ENSG00000143079	43	0	43
ENSG00000232450	4	1	3
ENSG00000223575	1	0	1
ENSG00000230768	0	0	0
ENSG00000235202	0	0	0
ENSG00000272715	0	0	0
ENSG00000235038	0	0	0
ENSG00000143093	653	0	653
ENSG00000226415	3	0	3
ENSG00000085491	306	6	342
ENSG00000173947	2	0	2
ENSG00000241361	0	0	0
ENSG00000230434	0	0	0
ENSG00000230718	0	0	0
ENSG00000134198	359	0	359
ENSG00000235595	0	0	0
ENSG00000226053	0	0	0
ENSG00000226128	0	0	0
ENSG00000198799	325	0	382
ENSG00000279513	0	0	0
ENSG00000117620	136	1	136
ENSG00000280186	0	0	0
ENSG00000223906	0	0	0
ENSG00000162688	251	0	251
ENSG00000197106	0	0	0
ENSG00000259946	0	0	0
ENSG00000236137	1	56	0
ENSG00000203859	0	0	0
ENSG00000228086	1	38	0
ENSG00000213421	0	0	0
ENSG00000234020	0	0	0
ENSG00000060718	0	0	0
ENSG00000236804	0	0	0
ENSG00000231072	0	0	0
ENSG00000273406	0	0	0
ENSG00000185946	336	0	336
ENSG00000162627	0	0	0
ENSG00000226715	0	15	0
ENSG00000162695	354	1	353
ENSG00000134184	125	0	165
ENSG00000265808	667	1	666
ENSG00000261290	0	0	0
ENSG00000225923	0	0	0
ENSG00000134247	30	0	30
ENSG00000187481	0	0	0
ENSG00000116752	276	0	276
ENSG00000162664	220	0	220
ENSG00000236866	0	0	0
ENSG00000134253	0	0	0
ENSG00000277655	0	0	0
ENSG00000223416	0	0	0
ENSG00000213226	0	0	0
ENSG00000179571	0	0	0
ENSG00000227850	0	0	0
ENSG00000243967	0	0	0
ENSG00000235777	1	1	0
ENSG00000260246	0	40	0
ENSG00000173218	118	0	118
ENSG00000285532	0	0	0
ENSG00000226755	0	0	0
ENSG00000232650	0	0	0
ENSG00000183508	1334	0	1334
ENSG00000277095	0	0	0
ENSG00000236806	0	0	0
ENSG00000234283	0	0	0
ENSG00000237188	3	0	3
ENSG00000232780	0	0	0
ENSG00000274927	0	0	0
ENSG00000264145	0	0	0
ENSG00000238256	0	0	0
ENSG00000198765	0	0	0
ENSG00000224335	0	0	0
ENSG00000277702	0	0	0
ENSG00000143398	709	0	709
ENSG00000196505	320	2	318
ENSG00000225871	8	29	0
ENSG00000223489	0	0	0
ENSG00000230546	0	0	0
ENSG00000213262	0	0	0
ENSG00000287015	0	0	0
ENSG00000241720	0	8	1
ENSG00000235526	0	0	0
ENSG00000228347	0	0	0
ENSG00000276975	1	0	1
ENSG00000236012	0	0	0
ENSG00000270911	0	0	0
ENSG00000272824	0	0	0
ENSG00000134200	2	2	0
ENSG00000234257	0	0	0
ENSG00000065183	392	0	425
ENSG00000227082	5	0	5
ENSG00000228626	0	0	0
ENSG00000226126	0	0	0
ENSG00000163393	217	0	217
ENSG00000163156	434	5	435
ENSG00000143631	0	0	0
ENSG00000156150	0	39	0
ENSG00000228453	0	0	0
ENSG00000274642	0	0	0
ENSG00000177551	0	0	0
ENSG00000197323	818	0	818
ENSG00000237975	0	0	0
ENSG00000261168	1	0	1
ENSG00000287980	0	0	0
ENSG00000229283	0	0	0
ENSG00000271419	0	0	0
ENSG00000226172	0	0	0
ENSG00000079335	401	17	422
ENSG00000143119	9830	2	9828
ENSG00000237278	0	57	0
ENSG00000285062	0	0	0
ENSG00000233432	1	1	0
ENSG00000227700	0	0	0
ENSG00000229911	0	0	0
ENSG00000143520	0	0	0
ENSG00000171943	95	0	95
ENSG00000270719	0	0	0
ENSG00000155761	0	33	0
ENSG00000230806	0	0	0
ENSG00000116830	208	0	208
ENSG00000234422	0	0	0
ENSG00000227056	0	0	0
ENSG00000143614	1078	0	1078
ENSG00000227091	0	0	0
ENSG00000169418	1	0	1
ENSG00000214204	0	0	0
ENSG00000081026	50	5	45
ENSG00000225650	0	0	0
ENSG00000227179	0	0	0
ENSG00000224965	0	0	0
ENSG00000228127	0	0	0
ENSG00000226984	1	1	0
ENSG00000186150	0	0	0
ENSG00000143554	603	1	602
ENSG00000143458	451	2	449
ENSG00000230932	0	0	0
ENSG00000073754	0	0	0
ENSG00000228826	0	0	0
ENSG00000233907	0	0	0
ENSG00000225036	0	0	0
ENSG00000228420	0	0	0
ENSG00000233839	0	0	0
ENSG00000250890	0	0	0
ENSG00000232240	0	0	0
ENSG00000280649	35	7	53
ENSG00000131781	85	15	77
ENSG00000223599	3	0	3
ENSG00000230921	0	0	0
ENSG00000286151	3	0	3
ENSG00000234388	0	0	0
ENSG00000235015	0	0	0
ENSG00000271736	43	0	43
ENSG00000235988	1	0	1
ENSG00000233717	0	0	0
ENSG00000231551	27	7	20
ENSG00000227295	3	0	3
ENSG00000163155	55	29	38
ENSG00000243613	0	56	0
ENSG00000241975	8	0	8
ENSG00000271143	0	0	0
ENSG00000270976	0	0	0
ENSG00000228217	0	0	0
ENSG00000270342	0	0	0
ENSG00000143552	1	1	0
ENSG00000175984	9	0	9
ENSG00000231100	0	0	0
ENSG00000116824	1532	1	1531
ENSG00000235887	0	0	0
ENSG00000237460	0	0	0
ENSG00000236327	0	0	0
ENSG00000223804	62	10	52
ENSG00000236887	0	0	0
ENSG00000024526	2	0	2
ENSG00000236480	0	0	0
ENSG00000235756	0	0	0
ENSG00000173810	0	0	0
ENSG00000235005	0	0	0
ENSG00000271890	0	0	0
ENSG00000238107	0	0	0
ENSG00000227425	0	0	0
ENSG00000233222	0	7	0
ENSG00000225279	0	0	0
ENSG00000229101	0	0	0
ENSG00000224927	0	0	0
ENSG00000239216	0	0	0
ENSG00000283360	1	1	0
ENSG00000117262	31	0	31
ENSG00000227907	1	1	0
ENSG00000143624	1179	0	1295
ENSG00000227970	0	0	0
ENSG00000261055	3	2	1
ENSG00000231613	1	0	1
ENSG00000137947	674	1	673
ENSG00000236689	0	0	0
ENSG00000233589	0	0	0
ENSG00000117586	112	0	112
ENSG00000230946	0	0	0
ENSG00000226028	0	0	0
ENSG00000162728	0	0	0
ENSG00000229021	0	0	0
ENSG00000203825	0	0	0
ENSG00000184371	236	0	236
ENSG00000233449	0	0	0
ENSG00000242943	0	0	0
ENSG00000233203	0	0	0
ENSG00000232499	0	0	0
ENSG00000232265	1	0	1
ENSG00000163154	917	0	925
ENSG00000232995	9	1	9
ENSG00000236957	0	0	0
ENSG00000238087	0	0	0
ENSG00000227777	0	0	0
ENSG00000177173	2	0	2
ENSG00000277406	4	0	4
ENSG00000238022	0	0	0
ENSG00000231671	0	0	0
ENSG00000162729	423	0	423
ENSG00000143158	218	34	410
ENSG00000271092	2	0	2
ENSG00000238118	0	0	0
ENSG00000276118	0	0	0
ENSG00000232148	0	0	0
ENSG00000278811	2	14	0
ENSG00000000460	58	101	73
ENSG00000188859	2	0	2
ENSG00000275075	0	0	0
ENSG00000135862	229	0	229
ENSG00000232952	0	0	0
ENSG00000158473	675	0	675
ENSG00000227722	0	0	0
ENSG00000285922	0	0	0
ENSG00000275801	4	0	4
ENSG00000143198	391	0	391
ENSG00000143318	0	0	0
ENSG00000232188	0	0	1
ENSG00000232212	0	0	0
ENSG00000143621	1078	12	1068
ENSG00000241042	0	0	0
ENSG00000143155	464	0	464
ENSG00000260322	0	0	0
ENSG00000223495	0	0	0
ENSG00000143156	30	3	40
ENSG00000198771	4113	14	4313
ENSG00000225462	0	0	0
ENSG00000237756	0	0	0
ENSG00000116147	6	0	6
ENSG00000213064	1060	0	1146
ENSG00000203307	0	0	0
ENSG00000143179	91	0	118
ENSG00000271187	0	0	0
ENSG00000274562	0	0	0
ENSG00000143315	169	1	168
ENSG00000116199	488	0	488
ENSG00000231175	0	0	0
ENSG00000143185	73	0	73
ENSG00000235145	0	0	0
ENSG00000116260	1252	0	1252
ENSG00000272931	12	0	12
ENSG00000143190	425	2	494
ENSG00000225475	0	0	0
ENSG00000230898	0	0	0
ENSG00000232223	0	0	0
ENSG00000224698	0	0	0
ENSG00000287697	1	3	3
ENSG00000075945	193	0	220
ENSG00000235303	0	0	0
ENSG00000234810	3	0	3
ENSG00000232750	0	0	0
ENSG00000224468	1	1	0
ENSG00000235628	0	0	0
ENSG00000232551	0	0	0
ENSG00000092607	0	0	0
ENSG00000238270	0	0	0
ENSG00000285894	0	0	0
ENSG00000236025	0	0	0
ENSG00000230687	0	0	0
ENSG00000230704	0	0	0
ENSG00000283255	0	0	0
ENSG00000227741	6	120	3
ENSG00000237049	0	0	0
ENSG00000286754	0	0	0
ENSG00000232751	0	0	0
ENSG00000236364	0	24	0
ENSG00000117091	1554	10	3899
ENSG00000235378	0	0	0
ENSG00000143171	0	0	0
ENSG00000275767	0	0	0
ENSG00000224718	0	0	0
ENSG00000047410	2848	3	2976
ENSG00000231992	0	0	0
ENSG00000018625	0	0	0
ENSG00000171806	83	1	104
ENSG00000287919	1	0	1
ENSG00000229914	1	0	1
ENSG00000233882	0	0	0
ENSG00000198358	0	1	0
ENSG00000229407	0	0	0
ENSG00000134216	0	0	0
ENSG00000230748	0	0	0
ENSG00000254154	0	0	0
ENSG00000162694	22	0	22
ENSG00000238108	0	0	0
ENSG00000214262	0	86	0
ENSG00000183853	0	0	0
ENSG00000215835	1	0	1
ENSG00000118197	354	0	354
ENSG00000135842	6040	3	6037
ENSG00000229258	0	1	0
ENSG00000287472	0	0	0
ENSG00000241318	0	0	0
ENSG00000228238	0	0	0
ENSG00000232393	0	0	0
ENSG00000121454	22	57	0
ENSG00000184155	0	0	0
ENSG00000058085	0	0	0
ENSG00000260088	1	0	1
ENSG00000287978	61	0	61
ENSG00000116815	335	0	335
ENSG00000232917	0	0	0
ENSG00000233057	0	0	0
ENSG00000237131	0	0	0
ENSG00000233946	0	0	0
ENSG00000143167	176	0	176
ENSG00000143184	7	0	7
ENSG00000231966	1	0	1
ENSG00000176320	0	0	0
ENSG00000260976	0	0	0
ENSG00000235215	0	0	0
ENSG00000223450	0	0	0
ENSG00000224691	0	0	0
ENSG00000286572	1	0	1
ENSG00000235101	2	2	0
ENSG00000228215	3	0	3
ENSG00000177807	3	2	1
ENSG00000233626	0	0	0
ENSG00000233691	0	0	0
ENSG00000283518	0	0	0
ENSG00000271527	0	0	0
ENSG00000143228	23	1	23
ENSG00000235827	0	0	0
ENSG00000231615	0	0	0
ENSG00000231714	0	0	0
ENSG00000174514	14	7	13
ENSG00000143178	38	0	38
ENSG00000224837	0	0	0
ENSG00000116833	0	0	0
ENSG00000227740	2	0	2
ENSG00000260990	0	0	0
ENSG00000000457	251	21	324
ENSG00000143507	79	0	79
ENSG00000285638	0	0	0
ENSG00000226520	0	0	0
ENSG00000284592	0	0	0
ENSG00000230987	0	0	0
ENSG00000232527	0	0	0
ENSG00000215833	0	0	0
ENSG00000228167	0	0	0
ENSG00000225325	0	0	0
ENSG00000223344	0	0	0
ENSG00000228191	0	0	0
ENSG00000229961	45	0	45
ENSG00000150732	0	0	0
ENSG00000157064	3	0	3
ENSG00000288139	0	0	0
ENSG00000226015	13	0	13
ENSG00000215808	0	0	0
ENSG00000059588	337	0	337
ENSG00000231512	0	0	0
ENSG00000237379	0	0	0
ENSG00000232959	0	27	0
ENSG00000122224	731	6	725
ENSG00000162782	0	0	0
ENSG00000238051	0	0	0
ENSG00000233196	1	1	0
ENSG00000229220	0	0	0
ENSG00000143653	139	0	139
ENSG00000135837	1414	0	1415
ENSG00000158711	1194	3	1197
ENSG00000227747	0	0	0
ENSG00000228081	0	0	0
ENSG00000228020	0	0	0
ENSG00000234975	13	0	13
ENSG00000162851	111	0	111
ENSG00000271427	3	0	3
ENSG00000261817	0	0	0
ENSG00000143353	122	0	148
ENSG00000197965	966	1	965
ENSG00000143493	212	0	212
ENSG00000230777	2	2	0
ENSG00000179397	8	0	8
ENSG00000224540	0	0	0
ENSG00000117592	2091	1	2090
ENSG00000186197	11	0	11
ENSG00000229067	0	0	0
ENSG00000230231	0	0	0
ENSG00000227711	0	0	0
ENSG00000261182	0	0	0
ENSG00000228879	1	0	1
ENSG00000227925	1	0	1
ENSG00000162670	0	0	0
ENSG00000225712	0	0	0
ENSG00000162761	0	0	0
ENSG00000143199	1	0	1
ENSG00000179930	1	0	1
ENSG00000007908	1	1	0
ENSG00000092978	102	0	102
ENSG00000143499	282	1	281
ENSG00000188404	31979	7	31972
ENSG00000227735	0	0	0
ENSG00000243062	0	0	0
ENSG00000143196	0	0	0
ENSG00000228504	0	0	0
ENSG00000274702	0	0	0
ENSG00000226211	0	0	0
ENSG00000236942	1	1	0
ENSG00000287205	0	0	0
ENSG00000203697	2	0	2
ENSG00000116574	284	1	283
ENSG00000287929	0	0	0
ENSG00000186283	537	2	535
ENSG00000224896	0	0	0
ENSG00000226292	0	0	0
ENSG00000121481	271	0	271
ENSG00000227940	0	0	0
ENSG00000117139	663	1	662
ENSG00000143248	9	0	9
ENSG00000278455	0	0	0
ENSG00000224810	0	0	0
ENSG00000162814	0	0	0
ENSG00000225172	0	0	0
ENSG00000261642	0	0	0
ENSG00000228239	0	0	0
ENSG00000237283	0	0	0
ENSG00000116132	0	0	0
ENSG00000238042	2	0	2
ENSG00000271475	0	0	0
ENSG00000231877	0	0	0
ENSG00000116679	2227	1	2226
ENSG00000228536	0	0	0
ENSG00000230550	0	2	0
ENSG00000229242	0	0	0
ENSG00000253326	1	0	1
ENSG00000228470	2	2	0
ENSG00000152092	0	0	0
ENSG00000234984	0	0	0
ENSG00000231648	0	0	0
ENSG00000229983	0	0	0
ENSG00000215149	0	0	0
ENSG00000225122	0	0	0
ENSG00000225920	3	3	0
ENSG00000143476	20	0	20
ENSG00000121486	428	0	428
ENSG00000228437	0	0	0
ENSG00000214837	7	0	7
ENSG00000057252	1045	0	1045
ENSG00000225982	0	0	0
ENSG00000285718	0	0	0
ENSG00000234070	0	0	0
ENSG00000233620	0	0	0
ENSG00000237783	0	0	0
ENSG00000272906	5	9	12
ENSG00000233018	0	0	0
ENSG00000123685	23	0	23
ENSG00000224783	0	0	0
ENSG00000162852	666	0	666
ENSG00000232792	0	0	0
ENSG00000273004	1	0	1
ENSG00000143842	48	0	48
ENSG00000268062	3	3	0
ENSG00000237409	1	1	0
ENSG00000116962	257	0	257
ENSG00000288078	0	0	0
ENSG00000271399	0	0	0
ENSG00000229757	0	0	0
ENSG00000232679	0	0	0
ENSG00000159388	4597	2	4595
ENSG00000220749	26	0	26
ENSG00000181450	77	0	77
ENSG00000223519	12	4	40
ENSG00000120333	261	2	268
ENSG00000286285	8	0	8
ENSG00000225300	1	0	1
ENSG00000223842	2	2	0
ENSG00000162753	0	0	0
ENSG00000228247	0	0	0
ENSG00000231424	0	0	0
ENSG00000143355	0	0	0
ENSG00000287177	0	0	0
ENSG00000237193	0	0	0
ENSG00000223490	0	0	0
ENSG00000121644	310	0	310
ENSG00000174502	0	0	0
ENSG00000224286	0	0	0
ENSG00000158715	134	0	134
ENSG00000143195	8	0	8
ENSG00000162849	11	5	6
ENSG00000232824	0	0	0
ENSG00000273416	2	0	2
ENSG00000234142	0	0	0
ENSG00000282111	0	0	0
ENSG00000233410	0	0	0
ENSG00000067533	184	0	184
ENSG00000228955	0	0	0
ENSG00000270443	0	0	0
ENSG00000116209	2238	0	2238
ENSG00000224702	0	0	0
ENSG00000271811	0	0	0
ENSG00000224278	0	0	0
ENSG00000235492	0	0	0
ENSG00000287808	2	91	2
ENSG00000271588	0	0	0
ENSG00000229840	0	0	0
ENSG00000116161	530	24	520
ENSG00000226486	0	0	0
ENSG00000227687	0	0	0
ENSG00000231814	0	0	0
ENSG00000286210	0	0	0
ENSG00000287364	0	0	0
ENSG00000225063	0	0	0
ENSG00000260698	6	0	6
ENSG00000277007	7	0	7
ENSG00000229016	0	0	0
ENSG00000077157	686	2	692
ENSG00000152104	5	1	4
ENSG00000236975	0	0	0
ENSG00000215834	0	0	0
ENSG00000286541	0	0	0
ENSG00000117650	0	0	0
ENSG00000235021	0	0	0
ENSG00000203724	2	0	2
ENSG00000225006	0	0	0
ENSG00000287633	0	0	0
ENSG00000158764	0	0	0
ENSG00000223375	0	0	0
ENSG00000230714	0	0	0
ENSG00000261065	0	2	0
ENSG00000260855	4	1	3
ENSG00000188783	0	0	0
ENSG00000236206	1	0	1
ENSG00000168118	250	0	265
ENSG00000181101	0	0	0
ENSG00000173726	1044	0	1044
ENSG00000282852	0	0	0
ENSG00000152382	143	2	141
ENSG00000143839	0	0	0
ENSG00000232100	0	0	0
ENSG00000261024	0	0	0
ENSG00000230547	0	0	0
ENSG00000229703	0	0	0
ENSG00000176754	0	0	0
ENSG00000232309	0	0	0
ENSG00000227953	4	31	5
ENSG00000232215	1	0	1
ENSG00000135829	2623	0	2714
ENSG00000228289	0	0	0
ENSG00000134717	415	0	415
ENSG00000232989	0	0	0
ENSG00000233537	0	0	0
ENSG00000116668	108	7	101
ENSG00000143756	399	0	399
ENSG00000278180	0	0	0
ENSG00000143702	414	0	496
ENSG00000232341	1	0	1
ENSG00000287676	1	0	1
ENSG00000236792	0	0	0
ENSG00000143207	1203	0	1203
ENSG00000270859	0	0	0
ENSG00000238224	0	0	0
ENSG00000286775	0	0	0
ENSG00000122176	0	0	0
ENSG00000229120	0	0	0
ENSG00000237492	0	0	0
ENSG00000230404	0	0	0
ENSG00000213036	0	0	0
ENSG00000227230	0	35	0
ENSG00000236230	0	0	0
ENSG00000026751	596	0	596
ENSG00000150681	1231	0	1640
ENSG00000116906	505	0	505
ENSG00000092969	1	0	1
ENSG00000157181	197	0	197
ENSG00000250762	1	1	0
ENSG00000236720	0	0	0
ENSG00000227421	0	0	0
ENSG00000227240	2	0	2
ENSG00000076258	60	0	60
ENSG00000286073	0	0	0
ENSG00000231084	2	2	0
ENSG00000232085	0	47	0
ENSG00000117697	414	0	414
ENSG00000279333	0	0	2
ENSG00000235083	0	0	0
ENSG00000162669	0	0	0
ENSG00000197067	0	0	0
ENSG00000229652	0	0	0
ENSG00000132681	0	0	0
ENSG00000225904	0	0	0
ENSG00000270920	0	0	0
ENSG00000281664	0	0	0
ENSG00000143641	562	0	815
ENSG00000227630	1	0	1
ENSG00000228830	0	584	0
ENSG00000010932	8	0	8
ENSG00000282849	0	0	0
ENSG00000276520	0	0	0
ENSG00000226640	0	0	0
ENSG00000010072	153	65	147
ENSG00000135766	208	2	206
ENSG00000232626	0	0	0
ENSG00000232096	0	0	0
ENSG00000279261	0	0	0
ENSG00000213051	0	0	0
ENSG00000238054	0	0	0
ENSG00000163534	1141	2	1139
ENSG00000168243	4	0	4
ENSG00000281453	0	0	0
ENSG00000237469	0	0	0
ENSG00000224939	1	0	1
ENSG00000227613	0	0	0
ENSG00000116183	0	0	0
ENSG00000270106	1	0	1
ENSG00000232194	0	0	0
ENSG00000235152	0	0	0
ENSG00000231612	0	0	0
ENSG00000237980	1	0	2
ENSG00000271036	0	0	0
ENSG00000230849	0	0	0
ENSG00000170382	87	90	2
ENSG00000228664	0	0	0
ENSG00000226868	0	0	0
ENSG00000279401	0	0	0
ENSG00000272362	0	0	0
ENSG00000287450	0	0	0
ENSG00000237011	0	0	0
ENSG00000233583	0	0	0
ENSG00000066027	1345	3	1342
ENSG00000286263	1	0	1
ENSG00000227006	0	0	0
ENSG00000236372	0	0	0
ENSG00000224525	1	0	1
ENSG00000188770	0	0	0
ENSG00000173728	2	2	0
ENSG00000094975	427	0	427
ENSG00000225811	0	0	0
ENSG00000273093	0	0	0
ENSG00000162772	43	0	43
ENSG00000227818	0	0	0
ENSG00000135828	879	1	878
ENSG00000224227	6	0	6
ENSG00000286398	0	0	0
ENSG00000076356	92	0	92
ENSG00000215819	0	0	0
ENSG00000185523	0	0	0
ENSG00000236108	0	0	0
ENSG00000116711	69	0	69
ENSG00000231684	1	0	1
ENSG00000226750	0	0	0
ENSG00000285665	6	0	6
ENSG00000231022	0	0	0
ENSG00000224436	0	0	0
ENSG00000228208	0	0	0
ENSG00000273384	3	0	3
ENSG00000238061	2	1	1
ENSG00000234915	0	0	0
ENSG00000143845	5	0	9
ENSG00000235862	0	0	0
ENSG00000069812	0	0	0
ENSG00000227585	0	0	0
ENSG00000157060	0	0	0
ENSG00000237213	0	0	0
ENSG00000236439	16	0	16
ENSG00000224260	0	0	0
ENSG00000213045	0	0	0
ENSG00000287220	0	0	0
ENSG00000230063	0	0	0
ENSG00000235467	0	0	0
ENSG00000123684	1918	0	1919
ENSG00000117707	0	0	0
ENSG00000228044	1	1	0
ENSG00000225338	0	0	0
ENSG00000224407	0	253	0
ENSG00000232463	0	0	0
ENSG00000237457	0	0	0
ENSG00000225171	3	0	3
ENSG00000226843	0	0	0
ENSG00000235386	0	0	0
ENSG00000123836	213	53	213
ENSG00000213690	0	0	0
ENSG00000223982	0	0	0
ENSG00000229832	0	0	0
ENSG00000117691	98	0	98
ENSG00000225233	0	0	0
ENSG00000274895	0	0	0
ENSG00000237514	0	0	0
ENSG00000287856	0	0	0
ENSG00000228067	0	0	0
ENSG00000284299	0	0	0
ENSG00000226375	0	0	0
ENSG00000203705	186	0	186
ENSG00000224040	0	0	0
ENSG00000228686	8	8	0
ENSG00000279838	12	1	11
ENSG00000174175	97	0	97
ENSG00000236401	0	0	0
ENSG00000241475	0	0	0
ENSG00000215800	1	1	0
ENSG00000286421	0	0	0
ENSG00000270936	0	0	0
ENSG00000008118	0	0	0
ENSG00000171161	623	3	620
ENSG00000241505	0	0	0
ENSG00000224535	0	0	0
ENSG00000282097	0	0	0
ENSG00000261453	0	0	0
ENSG00000231020	0	0	0
ENSG00000270818	0	0	0
ENSG00000196878	8	0	8
ENSG00000133059	437	0	437
ENSG00000225561	0	0	0
ENSG00000224668	0	0	0
ENSG00000242529	0	0	0
ENSG00000074964	374	1	373
ENSG00000223847	0	0	0
ENSG00000277704	0	0	0
ENSG00000116918	329	23	329
ENSG00000274020	77	0	101
ENSG00000287445	0	0	0
ENSG00000259815	0	0	0
ENSG00000240963	0	0	0
ENSG00000226570	0	0	0
ENSG00000198929	1	0	1
ENSG00000272167	0	0	0
ENSG00000230628	0	0	0
ENSG00000162771	0	0	0
ENSG00000227579	0	0	0
ENSG00000176393	779	0	1181
ENSG00000174606	393	0	393
ENSG00000179914	17	0	17
ENSG00000235750	3303	1	3302
ENSG00000284376	0	0	0
ENSG00000121446	0	0	0
ENSG00000226758	1	0	1
ENSG00000230199	0	0	0
ENSG00000236905	0	0	0
ENSG00000233304	0	0	0
ENSG00000288007	0	0	0
ENSG00000227887	0	0	0
ENSG00000116903	372	0	431
ENSG00000228255	0	0	0
ENSG00000226196	0	0	0
ENSG00000287354	0	4	0
ENSG00000233827	0	0	0
ENSG00000198797	0	0	0
ENSG00000271746	1	0	1
ENSG00000234233	0	0	0
ENSG00000151414	911	0	911
ENSG00000177614	0	0	0
ENSG00000223794	0	0	0
ENSG00000235182	0	0	0
ENSG00000213041	0	0	0
ENSG00000287157	0	0	0
ENSG00000233920	0	0	0
ENSG00000183831	0	0	0
ENSG00000225755	0	0	0
ENSG00000143858	9	15	2
ENSG00000197472	1	0	1
ENSG00000230184	1	0	1
ENSG00000234004	0	0	0
ENSG00000232436	0	0	0
ENSG00000231718	0	0	0
ENSG00000283952	0	0	0
ENSG00000230019	0	0	0
ENSG00000136643	265	0	265
ENSG00000232537	0	0	0
ENSG00000226036	0	1	0
ENSG00000285521	0	0	0
ENSG00000236317	0	0	0
ENSG00000176855	0	0	0
ENSG00000227728	0	0	0
ENSG00000133069	489	0	489
ENSG00000162877	16	0	16
ENSG00000233461	30	0	30
ENSG00000225401	2	0	2
ENSG00000228190	0	0	0
ENSG00000135747	0	0	0
ENSG00000227237	1	1	0
ENSG00000069248	547	0	547
ENSG00000232812	0	0	0
ENSG00000231666	0	0	0
ENSG00000226986	0	0	0
ENSG00000242042	0	0	0
ENSG00000234464	0	0	0
ENSG00000253148	0	0	0
ENSG00000227751	0	306	0
ENSG00000090104	19	0	19
ENSG00000285280	5	413	2
ENSG00000232892	1	1	0
ENSG00000236950	0	0	0
ENSG00000236468	0	0	0
ENSG00000143322	325	1	324
ENSG00000185220	129	0	129
ENSG00000226003	0	0	0
ENSG00000230813	0	0	0
ENSG00000226862	1	0	1
ENSG00000236101	0	0	0
ENSG00000162769	113	0	113
ENSG00000133065	286	0	286
ENSG00000278684	0	0	0
ENSG00000236775	0	0	0
ENSG00000042781	0	0	0
ENSG00000234754	0	0	0
ENSG00000233084	2	0	2
ENSG00000227815	1	0	1
ENSG00000287046	0	0	0
ENSG00000223774	0	0	0
ENSG00000228863	17	2355	17
ENSG00000228646	0	0	0
ENSG00000229112	0	0	0
ENSG00000233332	0	0	0
ENSG00000231984	0	0	0
ENSG00000286213	0	0	0
ENSG00000226876	0	0	0
ENSG00000277462	45	0	45
ENSG00000225591	0	0	0
ENSG00000035687	614	1	613
ENSG00000213080	0	0	0
ENSG00000180287	3	0	3
ENSG00000226693	0	0	0
ENSG00000234678	23	426	0
ENSG00000231272	0	0	0
ENSG00000223828	0	0	0
ENSG00000163431	0	0	0
ENSG00000230124	208	0	243
ENSG00000226723	0	0	0
ENSG00000272672	1	0	1
ENSG00000143473	0	2	0
ENSG00000228982	0	0	0
ENSG00000235096	0	0	0
ENSG00000237250	0	0	0
ENSG00000007341	64	31	91
ENSG00000286747	0	0	0
ENSG00000236069	0	1	0
ENSG00000236244	0	0	0
ENSG00000272865	1	0	1
ENSG00000117222	528	0	528
ENSG00000143324	313	0	313
ENSG00000229871	0	0	0
ENSG00000225222	0	0	0
ENSG00000118193	8	0	8
ENSG00000234116	0	0	0
ENSG00000231940	1	0	1
ENSG00000198842	1	0	1
ENSG00000286619	1	1	0
ENSG00000198756	13	0	13
ENSG00000259823	3	3	0
ENSG00000271558	0	0	0
ENSG00000227554	0	0	0
ENSG00000178596	0	0	0
ENSG00000135749	202	9	219
ENSG00000143786	36	1	38
ENSG00000224584	0	0	0
ENSG00000054282	199	13	213
ENSG00000183780	6	0	6
ENSG00000229663	0	0	0
ENSG00000162702	461	0	461
ENSG00000251508	0	0	0
ENSG00000238272	0	0	0
ENSG00000228530	0	0	0
ENSG00000235060	0	0	0
ENSG00000143194	1	0	1
ENSG00000229531	0	0	0
ENSG00000271329	0	0	0
ENSG00000054267	1378	2	1377
ENSG00000261831	0	0	0
ENSG00000287921	0	0	0
ENSG00000177800	0	0	0
ENSG00000225620	0	0	0
ENSG00000232166	0	0	0
ENSG00000175137	1005	0	1005
ENSG00000134245	10	38	3
ENSG00000234041	0	0	0
ENSG00000227373	10	0	10
ENSG00000231905	0	0	0
ENSG00000228175	1	0	1
ENSG00000069275	1541	3	1538
ENSG00000143674	31	0	31
ENSG00000237317	0	0	0
ENSG00000187889	0	0	0
ENSG00000134375	294	0	294
ENSG00000097046	73	1	72
ENSG00000232113	0	0	0
ENSG00000282718	0	0	0
ENSG00000231378	0	0	0
ENSG00000235605	0	1	0
ENSG00000223525	2	1	1
ENSG00000224857	0	0	0
ENSG00000273367	0	0	0
ENSG00000230604	1	1	0
ENSG00000231605	0	0	0
ENSG00000236358	2	0	3
ENSG00000203737	1	0	1
ENSG00000238003	0	0	0
ENSG00000215873	0	0	0
ENSG00000287008	0	0	0
ENSG00000185420	61	0	61
ENSG00000076321	218	0	218
ENSG00000272175	0	0	0
ENSG00000231564	0	0	0
ENSG00000135778	204	18	212
ENSG00000213070	0	0	0
ENSG00000282265	0	0	0
ENSG00000250536	0	0	0
ENSG00000229747	0	0	0
ENSG00000117280	933	0	933
ENSG00000233985	0	0	0
ENSG00000232175	0	0	0
ENSG00000287423	0	0	0
ENSG00000286774	0	0	0
ENSG00000236719	0	0	0
ENSG00000136636	49	0	49
ENSG00000225486	0	0	0
ENSG00000227043	0	0	0
ENSG00000163874	422	0	422
ENSG00000285777	0	0	0
ENSG00000237249	0	0	0
ENSG00000286109	0	0	0
ENSG00000213068	0	0	0
ENSG00000054392	35	0	39
ENSG00000227994	0	0	0
ENSG00000286552	0	0	0
ENSG00000225711	0	0	0
ENSG00000122223	562	14	548
ENSG00000235869	1	1	0
ENSG00000188739	7	0	7
ENSG00000286666	0	0	0
ENSG00000135750	1	0	1
ENSG00000273198	2	0	2
ENSG00000203730	1	1	0
ENSG00000225719	0	0	0
ENSG00000273483	2	0	2
ENSG00000287987	1	0	1
ENSG00000203729	0	0	0
ENSG00000232809	0	0	0
ENSG00000284623	0	0	0
ENSG00000285981	0	0	0
ENSG00000261729	0	0	0
ENSG00000223869	0	0	0
ENSG00000229228	0	0	0
ENSG00000215796	0	0	0
ENSG00000185221	0	0	0
ENSG00000233047	0	0	0
ENSG00000143341	5	0	5
ENSG00000228309	0	0	0
ENSG00000229739	3	0	3
ENSG00000116703	0	0	0
ENSG00000273874	0	0	0
ENSG00000278791	0	2	0
ENSG00000278757	0	0	0
ENSG00000264341	0	0	0
ENSG00000264101	0	0	0
ENSG00000265141	0	0	0
ENSG00000221083	0	0	0
ENSG00000252404	0	0	0
ENSG00000222511	0	0	0
ENSG00000265392	0	0	0
ENSG00000243267	1	0	1
ENSG00000201725	0	0	0
ENSG00000274258	0	0	0
ENSG00000239149	0	0	0
ENSG00000252151	0	0	0
ENSG00000252969	0	0	0
ENSG00000252417	0	0	0
ENSG00000200975	0	0	0
ENSG00000201609	0	0	0
ENSG00000238482	0	0	0
ENSG00000252956	0	0	0
ENSG00000265606	0	0	0
ENSG00000284357	0	0	0
ENSG00000278034	0	0	0
ENSG00000207237	0	0	0
ENSG00000222784	0	0	0
ENSG00000266210	0	0	0
ENSG00000265961	0	0	0
ENSG00000251866	0	0	0
ENSG00000252691	0	0	0
ENSG00000264371	0	0	0
ENSG00000253005	0	0	0
ENSG00000238316	0	0	0
ENSG00000207941	0	0	0
ENSG00000264773	0	0	0
ENSG00000252448	0	0	0
ENSG00000200421	0	0	0
ENSG00000222282	0	0	0
ENSG00000199963	0	0	0
ENSG00000264698	0	0	0
ENSG00000207328	0	0	0
ENSG00000207466	0	0	0
ENSG00000252368	0	0	0
ENSG00000206779	0	0	0
ENSG00000265596	0	0	0
ENSG00000212541	0	0	0
ENSG00000200796	0	0	0
ENSG00000252190	0	0	0
ENSG00000264613	0	0	0
ENSG00000199240	0	0	0
ENSG00000277168	0	0	0
ENSG00000283724	0	0	0
ENSG00000284410	0	0	0
ENSG00000252018	0	0	0
ENSG00000206627	0	0	0
ENSG00000283414	0	0	0
ENSG00000207508	0	0	0
ENSG00000200171	0	0	0
ENSG00000207194	0	0	0
ENSG00000283477	0	0	0
ENSG00000264834	0	0	0
ENSG00000263675	4	0	4
ENSG00000266188	0	0	0
ENSG00000206981	0	0	0
ENSG00000200174	0	0	0
ENSG00000265822	0	0	0
ENSG00000265815	0	0	0
ENSG00000238653	0	0	0
ENSG00000212624	0	0	0
ENSG00000200575	0	0	0
ENSG00000212360	0	0	0
ENSG00000242860	0	0	0
ENSG00000263908	0	0	0
ENSG00000283690	0	0	0
ENSG00000199921	0	0	0
ENSG00000251825	0	0	0
ENSG00000201153	0	0	0
ENSG00000222624	0	0	0
ENSG00000223152	0	0	0
ENSG00000212308	0	0	0
ENSG00000279049	0	9	0
ENSG00000276081	0	0	0
ENSG00000239640	0	0	0
ENSG00000252338	0	0	0
ENSG00000251785	0	0	0
ENSG00000239319	0	0	0
ENSG00000222849	0	0	0
ENSG00000283749	0	0	0
ENSG00000251958	0	0	0
ENSG00000251767	0	0	0
ENSG00000243437	0	0	0
ENSG00000202263	0	0	0
ENSG00000199318	0	0	0
ENSG00000199666	0	0	0
ENSG00000200601	0	0	0
ENSG00000242482	0	0	0
ENSG00000212366	0	0	0
ENSG00000201620	0	0	0
ENSG00000206817	0	0	0
ENSG00000284247	0	0	0
ENSG00000200839	0	0	0
ENSG00000264963	0	0	0
ENSG00000264271	0	0	0
ENSG00000239504	0	0	0
ENSG00000284202	0	0	0
ENSG00000251720	0	0	0
ENSG00000274321	0	0	0
ENSG00000198974	0	0	0
ENSG00000212248	0	0	0
ENSG00000207962	1	0	1
ENSG00000276884	0	0	0
ENSG00000207234	0	0	0
ENSG00000202259	0	0	0
ENSG00000212459	0	0	0
ENSG00000278287	0	0	0
ENSG00000277565	0	0	0
ENSG00000263526	0	0	0
ENSG00000211575	0	0	0
ENSG00000275823	0	0	0
ENSG00000277689	0	0	0
ENSG00000274199	0	0	0
ENSG00000202254	0	0	0
ENSG00000244256	2	0	2
ENSG00000201491	0	0	0
ENSG00000199831	0	0	0
ENSG00000275455	0	0	0
ENSG00000252162	0	0	0
ENSG00000272051	0	0	0
ENSG00000283899	0	0	0
ENSG00000200800	0	0	0
ENSG00000207502	0	0	0
ENSG00000252530	0	0	0
ENSG00000200536	0	0	0
ENSG00000211543	0	0	0
ENSG00000252797	0	0	0
ENSG00000212266	0	0	0
ENSG00000222209	0	0	0
ENSG00000277141	0	0	0
ENSG00000215930	0	0	0
ENSG00000238761	0	0	0
ENSG00000201114	0	0	0
ENSG00000206679	0	0	0
ENSG00000264419	0	0	0
ENSG00000222069	0	0	0
ENSG00000274428	0	0	0
ENSG00000199879	1	0	1
ENSG00000274408	0	0	0
ENSG00000283676	0	0	0
ENSG00000252005	0	0	0
ENSG00000252510	0	0	0
ENSG00000207340	0	0	0
ENSG00000252830	0	0	0
ENSG00000274450	0	0	0
ENSG00000252135	0	0	0
ENSG00000278596	0	0	0
ENSG00000238825	0	0	0
ENSG00000201183	0	0	0
ENSG00000202408	0	0	0
ENSG00000252744	0	0	0
ENSG00000273768	0	0	0
ENSG00000242565	0	0	0
ENSG00000239984	0	0	0
ENSG00000283296	0	0	0
ENSG00000252717	0	0	0
ENSG00000194297	0	0	0
ENSG00000199565	0	0	0
ENSG00000277313	0	0	0
ENSG00000274940	0	0	0
ENSG00000207341	0	0	0
ENSG00000207472	0	0	0
ENSG00000206880	0	0	0
ENSG00000252552	0	0	0
ENSG00000199849	0	0	0
ENSG00000252407	0	0	0
ENSG00000212538	0	0	0
ENSG00000251813	0	0	0
ENSG00000207108	0	0	0
ENSG00000201312	0	0	0
ENSG00000207039	0	0	0
ENSG00000202491	0	0	0
ENSG00000201596	0	0	0
ENSG00000276839	2	0	2
ENSG00000207974	0	0	0
ENSG00000273629	0	0	0
ENSG00000201493	0	0	0
ENSG00000215952	0	0	0
ENSG00000200139	0	0	0
ENSG00000283575	0	0	0
ENSG00000238765	0	0	0
ENSG00000264916	0	0	0
ENSG00000212338	0	0	0
ENSG00000206659	0	0	0
ENSG00000253025	0	0	0
ENSG00000201619	0	0	0
ENSG00000201544	0	0	0
ENSG00000202498	0	0	0
ENSG00000221545	0	0	0
ENSG00000252906	0	0	0
ENSG00000206692	0	0	0
ENSG00000202329	0	0	0
ENSG00000242794	0	0	0
ENSG00000212144	0	0	0
ENSG00000283340	0	0	0
ENSG00000252860	0	0	0
ENSG00000252501	0	0	0
ENSG00000263390	0	0	0
ENSG00000207181	0	0	0
ENSG00000265744	0	0	0
ENSG00000264377	0	0	0
ENSG00000207149	0	0	0
ENSG00000283936	0	0	0
ENSG00000284485	0	0	0
ENSG00000201638	0	0	0
ENSG00000275213	0	0	0
ENSG00000239494	0	0	0
ENSG00000212230	0	0	0
ENSG00000252371	0	0	0
ENSG00000199442	0	0	0
ENSG00000200033	1	0	1
ENSG00000239690	0	0	0
ENSG00000202184	0	0	0
ENSG00000241395	1	0	1
ENSG00000200982	0	0	0
ENSG00000275207	0	0	0
ENSG00000202300	0	0	0
ENSG00000222407	0	0	0
ENSG00000222986	0	0	0
ENSG00000265435	0	0	0
ENSG00000272262	0	0	0
ENSG00000200495	0	0	0
ENSG00000202609	0	0	0
ENSG00000252553	0	0	0
ENSG00000206764	0	0	0
ENSG00000222240	0	0	0
ENSG00000212187	0	0	0
ENSG00000206637	0	0	0
ENSG00000253097	0	0	0
ENSG00000200036	0	0	0
ENSG00000201421	0	0	0
ENSG00000212610	0	0	0
ENSG00000252484	0	0	0
ENSG00000201944	0	0	0
ENSG00000200327	0	0	0
ENSG00000206905	0	0	0
ENSG00000200972	0	0	0
ENSG00000243051	0	0	0
ENSG00000252011	0	0	0
ENSG00000207326	0	0	0
ENSG00000212205	0	0	0
ENSG00000253042	0	0	0
ENSG00000274121	0	0	0
ENSG00000264358	0	0	0
ENSG00000206640	0	0	0
ENSG00000212527	0	0	0
ENSG00000252879	0	0	0
ENSG00000252612	0	0	0
ENSG00000202264	0	0	0
ENSG00000285609	0	0	0
ENSG00000206762	1	1	0
ENSG00000252084	0	0	0
ENSG00000200085	1	0	1
ENSG00000264500	2	2	0
ENSG00000202025	0	0	0
ENSG00000225545	0	0	0
ENSG00000206990	0	0	0
ENSG00000230175	0	0	0
ENSG00000225272	0	0	0
ENSG00000215838	1	0	1
ENSG00000273365	0	0	0
ENSG00000224358	6	0	6
ENSG00000230659	0	0	0
ENSG00000162545	20	0	20
ENSG00000090432	372	0	372
ENSG00000215520	0	0	0
ENSG00000183114	0	0	0
ENSG00000158825	958	0	958
ENSG00000158828	405	85	1352
ENSG00000284005	0	0	0
ENSG00000117242	32	953	111
ENSG00000234473	0	0	0
ENSG00000238754	0	0	0
ENSG00000134371	458	1	458
ENSG00000221680	1	0	1
ENSG00000162630	36	1	36
ENSG00000276735	0	0	0
ENSG00000232077	0	0	0
ENSG00000229639	0	0	0
ENSG00000287453	0	0	0
ENSG00000270615	0	0	0
ENSG00000287283	0	0	0
ENSG00000240692	0	0	0
ENSG00000229359	0	0	0
ENSG00000237919	0	0	0
ENSG00000066557	142	0	142
ENSG00000244389	0	0	0
ENSG00000228988	0	0	0
ENSG00000118454	238	0	238
ENSG00000226088	3	3	0
ENSG00000116761	16	0	16
ENSG00000278636	0	0	0
ENSG00000271992	0	0	0
ENSG00000233020	0	0	0
ENSG00000237033	0	0	0
ENSG00000226208	0	0	0
ENSG00000007968	241	1	240
ENSG00000235052	3	0	3
ENSG00000117318	308	0	308
ENSG00000285802	3	0	3
ENSG00000229239	0	0	0
ENSG00000142676	16159	9	16150
ENSG00000057757	545	1	544
ENSG00000011009	787	0	788
ENSG00000117308	92	2	90
ENSG00000273844	0	0	0
ENSG00000235748	0	0	0
ENSG00000237861	0	0	0
ENSG00000221879	0	0	0
ENSG00000230260	0	1	0
ENSG00000199241	0	0	0
ENSG00000226919	0	1	0
ENSG00000223963	0	0	0
ENSG00000215802	0	0	0
ENSG00000233615	0	0	0
ENSG00000238085	0	0	0
ENSG00000265831	0	0	0
ENSG00000224348	0	0	0
ENSG00000286496	1	0	1
ENSG00000287516	0	0	0
ENSG00000287738	0	0	0
ENSG00000132703	0	0	0
ENSG00000276632	0	0	0
ENSG00000223603	0	0	0
ENSG00000132693	0	0	0
ENSG00000235226	0	0	0
ENSG00000158716	146	0	146
ENSG00000181036	163	1	162
ENSG00000158714	13	13	37
ENSG00000212161	0	0	0
ENSG00000243284	1	0	2
ENSG00000272668	17	8	11
ENSG00000213085	44	0	44
ENSG00000266458	0	0	0
ENSG00000287040	1	1	0
ENSG00000279430	0	0	0
ENSG00000162723	0	0	0
ENSG00000273933	0	0	0
ENSG00000256029	1	12	7
ENSG00000188004	0	0	0
ENSG00000266580	0	0	0
ENSG00000254545	1	6	0
ENSG00000203620	0	0	0
ENSG00000269967	0	0	0
ENSG00000228634	2	2	0
ENSG00000284702	0	0	0
ENSG00000221040	0	0	0
ENSG00000287217	0	0	0
ENSG00000163399	1355	14	4077
ENSG00000212385	0	0	0
ENSG00000233154	2	0	2
ENSG00000230381	0	0	0
ENSG00000200547	0	0	0
ENSG00000224950	13	0	19
ENSG00000286276	3	9	0
ENSG00000177888	138	1	137
ENSG00000243364	68	0	68
ENSG00000251246	0	0	0
ENSG00000143590	9	0	9
ENSG00000202027	0	0	0
ENSG00000169242	34	0	34
ENSG00000169241	325	1	324
ENSG00000223452	0	0	0
ENSG00000163463	51	0	51
ENSG00000273088	0	0	0
ENSG00000284586	0	0	0
ENSG00000169231	132	4	294
ENSG00000236263	0	32	3
ENSG00000236675	50	50	0
ENSG00000177628	591	1	590
ENSG00000116521	538	0	538
ENSG00000176444	803	1	802
ENSG00000143630	17	0	21
ENSG00000143627	1	4	1
ENSG00000253074	0	0	0
ENSG00000252116	0	0	0
ENSG00000228523	0	0	0
ENSG00000223263	0	0	0
ENSG00000207504	0	0	0
ENSG00000238139	0	0	0
ENSG00000197721	26	0	26
ENSG00000244703	1	0	1
ENSG00000226289	0	0	0
ENSG00000285239	0	0	0
ENSG00000234219	1	1	0
ENSG00000174059	15	0	15
ENSG00000285719	0	0	0
ENSG00000284237	0	0	0
ENSG00000158731	0	0	0
ENSG00000201746	0	0	0
ENSG00000264881	0	0	0
ENSG00000199562	0	0	0
ENSG00000264501	0	0	0
ENSG00000284735	1	1	0
ENSG00000284642	2	0	2
ENSG00000142657	3534	4	3530
ENSG00000271989	0	2	0
ENSG00000251503	0	0	0
ENSG00000175279	3	1	2
ENSG00000160049	304	0	363
ENSG00000203469	0	30	0
ENSG00000236035	1	1	0
ENSG00000221643	2	0	2
ENSG00000122188	182	1	181
ENSG00000288644	0	0	0
ENSG00000227417	0	0	0
ENSG00000223505	0	0	0
ENSG00000182004	281	0	281
ENSG00000236430	0	0	0
ENSG00000130768	5	1	5
ENSG00000227050	1	11	1
ENSG00000238231	0	0	0
ENSG00000240750	0	0	0
ENSG00000158156	710	1	719
ENSG00000182118	29	0	29
ENSG00000283799	0	0	0
ENSG00000227934	0	0	0
ENSG00000229595	0	0	0
ENSG00000143633	180	0	180
ENSG00000281912	1	0	2
ENSG00000288208	0	0	0
ENSG00000132773	133	25	165
ENSG00000070759	135	8	138
ENSG00000236872	0	0	0
ENSG00000280670	19	0	19
ENSG00000132763	36	403	39
ENSG00000221953	0	0	0
ENSG00000226164	0	0	0
ENSG00000224014	2	0	2
ENSG00000215795	1	1	0
ENSG00000259865	46	1	45
ENSG00000227671	463	0	463
ENSG00000283881	0	0	0
ENSG00000252516	3	0	3
ENSG00000232347	0	0	0
ENSG00000214144	0	0	0
ENSG00000235818	0	0	0
ENSG00000197617	0	0	0
ENSG00000202079	0	0	0
ENSG00000286216	1	1	0
ENSG00000203664	0	0	0
ENSG00000169224	49	1	49
ENSG00000236817	0	1	0
ENSG00000177489	0	0	0
ENSG00000177476	0	0	0
ENSG00000283369	0	0	0
ENSG00000230411	0	0	0
ENSG00000251977	0	0	0
ENSG00000252254	0	0	0
ENSG00000227854	0	0	0
ENSG00000287589	0	0	0
ENSG00000259776	0	0	0
ENSG00000233355	348	1	349
ENSG00000234601	0	0	0
ENSG00000231979	0	0	0
ENSG00000215805	0	0	0
ENSG00000287102	0	0	0
ENSG00000217327	0	0	0
ENSG00000228818	0	0	0
ENSG00000202041	0	0	0
ENSG00000223694	0	0	0
ENSG00000233735	0	0	0
ENSG00000133019	2	2	2
ENSG00000162636	390	0	390
ENSG00000162639	213	3	211
ENSG00000285923	3	0	4
ENSG00000134186	1313	13	1300
ENSG00000143107	0	0	0
ENSG00000232971	0	0	0
ENSG00000116266	769	1	768
ENSG00000228076	0	0	0
ENSG00000203897	0	0	0
ENSG00000237349	0	0	0
ENSG00000244716	20	0	20
ENSG00000228665	0	0	0
ENSG00000228054	0	0	0
ENSG00000273382	7	60	8
ENSG00000215717	824	1	884
ENSG00000278249	0	0	0
ENSG00000270066	0	0	0
ENSG00000251484	0	0	0
ENSG00000132676	981	122	981
ENSG00000227673	0	0	0
ENSG00000203761	72	30	53
ENSG00000234937	2	2	0
ENSG00000132718	358	0	358
ENSG00000283442	0	0	0
ENSG00000143622	953	0	953
ENSG00000132680	736	1	735
ENSG00000207475	0	0	0
ENSG00000280466	0	0	0
ENSG00000281394	0	0	0
ENSG00000277817	0	0	0
ENSG00000273002	23	0	24
ENSG00000224276	1	1	0
ENSG00000285677	1	1146	0
ENSG00000163479	1747	0	2892
ENSG00000160803	462	0	462
ENSG00000132698	2	0	2
ENSG00000252236	0	0	0
ENSG00000260238	0	0	0
ENSG00000242252	1	0	1
ENSG00000198952	1090	2	1089
ENSG00000163472	96	86	117
ENSG00000163468	1452	2	1451
ENSG00000132677	0	0	0
ENSG00000237390	0	0	0
ENSG00000207933	0	0	0
ENSG00000254726	3	0	3
ENSG00000186377	0	0	0
ENSG00000186160	0	0	0
ENSG00000225154	0	0	0
ENSG00000225506	1	0	1
ENSG00000225514	0	0	0
ENSG00000224805	18	1	23
ENSG00000162366	540	0	540
ENSG00000226252	7	69	0
ENSG00000225762	1	0	1
ENSG00000186790	0	0	0
ENSG00000237424	36	0	36
ENSG00000189030	0	0	0
ENSG00000162763	0	0	0
ENSG00000143061	7	0	7
ENSG00000135821	9475	6	9469
ENSG00000203740	0	0	0
ENSG00000162374	1	0	1
ENSG00000168275	81	9	164
ENSG00000241563	0	0	0
ENSG00000153207	1360	2	1358
ENSG00000156869	60	0	60
ENSG00000033122	4	3	1
ENSG00000143278	0	0	0
ENSG00000116678	72	0	72
ENSG00000159352	1440	1	1439
ENSG00000158710	14481	4	14477
ENSG00000162734	1366	2	1481
ENSG00000049239	850	0	850
ENSG00000186564	3	0	3
ENSG00000244038	2169	3	2166
ENSG00000158747	48	0	48
ENSG00000116690	5	132	4
ENSG00000126091	8	0	9
ENSG00000162383	8	1	7
ENSG00000171163	336	1	335
ENSG00000172456	29	0	29
ENSG00000162946	424	1	423
ENSG00000158786	0	0	0
ENSG00000118733	0	0	0
ENSG00000157870	231	7	281
ENSG00000179085	77	0	77
ENSG00000173080	1	1	0
ENSG00000183347	30	0	30
ENSG00000276470	0	0	0
ENSG00000278852	0	0	0
ENSG00000275915	0	0	0
ENSG00000120937	0	0	0
ENSG00000224904	0	0	0
ENSG00000285646	4	3	1
ENSG00000199347	0	0	0
ENSG00000201801	0	0	0
ENSG00000116685	1080	0	1080
ENSG00000083444	792	0	792
ENSG00000287384	0	0	0
ENSG00000270914	0	0	0
ENSG00000116691	509	0	509
ENSG00000202461	0	0	0
ENSG00000276869	0	0	0
ENSG00000243539	0	0	0
ENSG00000120949	203	2	201
ENSG00000201135	0	0	0
ENSG00000227875	0	0	0
ENSG00000285604	0	0	0
ENSG00000283789	0	0	0
ENSG00000263676	1	0	1
ENSG00000200591	0	0	0
ENSG00000162521	1270	1	1741
ENSG00000162520	1	472	1
ENSG00000224409	0	0	0
ENSG00000162522	69	0	69
ENSG00000116497	383	0	399
ENSG00000160097	6	6	0
ENSG00000121905	1	1	1
ENSG00000121900	0	0	1
ENSG00000287691	7	9	0
ENSG00000278966	2	2	0
ENSG00000143222	557	0	807
ENSG00000224985	1	251	0
ENSG00000143224	208	73	213
ENSG00000158850	638	7	707
ENSG00000158859	10	3	7
ENSG00000158869	5680	1	5679
ENSG00000158874	1	1	0
ENSG00000158882	78	0	121
ENSG00000284035	0	0	0
ENSG00000143257	5	48	0
ENSG00000248485	7	7	0
ENSG00000188931	30	31	0
ENSG00000236484	0	0	0
ENSG00000283696	16	0	16
ENSG00000288093	2	0	2
ENSG00000206921	0	0	0
ENSG00000215840	1	1	0
ENSG00000277882	1	1	0
ENSG00000283317	1	1	0
ENSG00000277762	0	0	0
ENSG00000227139	0	0	0
ENSG00000265107	0	0	0
ENSG00000274415	0	0	0
ENSG00000234190	0	0	0
ENSG00000223728	0	0	0
ENSG00000121634	0	0	0
ENSG00000188092	45	0	45
ENSG00000215859	7	7	0
ENSG00000273059	0	0	0
ENSG00000274372	2	0	2
ENSG00000206791	0	0	0
ENSG00000206585	0	0	0
ENSG00000229828	0	0	0
ENSG00000225080	0	0	0
ENSG00000198658	0	0	0
ENSG00000238382	0	0	0
ENSG00000225919	0	0	0
ENSG00000236497	0	0	0
ENSG00000207190	0	0	0
ENSG00000200508	0	0	0
ENSG00000284928	0	0	0
ENSG00000223949	0	0	0
ENSG00000116688	1439	0	1439
ENSG00000188800	0	0	0
ENSG00000084073	438	0	438
ENSG00000231296	0	0	0
ENSG00000049089	153	0	153
ENSG00000227311	0	0	0
ENSG00000213172	1	0	1
ENSG00000284677	1	1	0
ENSG00000187801	22	0	22
ENSG00000260920	30	0	30
ENSG00000158887	83	0	83
ENSG00000255054	0	0	0
ENSG00000228172	2	171	10
ENSG00000117640	235	8	326
ENSG00000272478	0	0	0
ENSG00000127423	5	5	3
ENSG00000182749	113	1	158
ENSG00000207302	0	0	0
ENSG00000117632	339	0	339
ENSG00000229786	0	0	0
ENSG00000223624	0	0	0
ENSG00000283938	0	0	0
ENSG00000199385	0	0	0
ENSG00000187147	735	15	1136
ENSG00000263381	0	0	0
ENSG00000126106	30	406	40
ENSG00000198520	350	3	347
ENSG00000199377	0	0	0
ENSG00000200169	0	0	0
ENSG00000142945	24	3	23
ENSG00000142937	9609	10	12079
ENSG00000264294	0	0	0
ENSG00000200913	3	0	3
ENSG00000202031	0	0	0
ENSG00000207421	0	0	0
ENSG00000281859	0	0	0
ENSG00000234093	3	2	1
ENSG00000142959	2	0	2
ENSG00000173846	270	1	296
ENSG00000117425	17	0	17
ENSG00000202444	0	0	0
ENSG00000226499	0	0	0
ENSG00000070785	113	0	113
ENSG00000253039	0	0	0
ENSG00000229815	0	0	0
ENSG00000232369	0	0	0
ENSG00000268949	0	0	0
ENSG00000126107	616	0	634
ENSG00000126088	395	18	395
ENSG00000234315	0	0	0
ENSG00000162408	272	0	272
ENSG00000229519	5	5	0
ENSG00000173662	0	0	0
ENSG00000204859	399	2	397
ENSG00000288629	0	0	0
ENSG00000230735	0	7	0
ENSG00000171488	789	0	789
ENSG00000226394	0	0	0
ENSG00000237200	3	0	3
ENSG00000070886	0	0	0
ENSG00000276835	0	0	0
ENSG00000265422	0	0	0
ENSG00000223776	0	84	3
ENSG00000273058	17	0	17
ENSG00000230325	5	15	1
ENSG00000119285	454	445	533
ENSG00000226498	0	0	0
ENSG00000237991	0	0	0
ENSG00000244020	0	0	0
ENSG00000288099	0	0	0
ENSG00000225886	64	82	0
ENSG00000206767	0	0	0
ENSG00000226662	0	0	0
ENSG00000207095	0	0	0
ENSG00000287244	0	0	0
ENSG00000231344	1	0	1
ENSG00000230833	0	0	0
ENSG00000117758	461	0	461
ENSG00000269971	1	0	1
ENSG00000270031	1	0	1
ENSG00000223062	0	0	0
ENSG00000286433	0	60	0
ENSG00000117751	572	7	625
ENSG00000252947	0	0	0
ENSG00000130775	4913	2	4913
ENSG00000117748	921	26	897
ENSG00000223643	0	0	0
ENSG00000230239	0	0	0
ENSG00000263811	0	0	0
ENSG00000277234	0	0	0
ENSG00000235241	0	70	0
ENSG00000207005	3	0	3
ENSG00000272426	1	0	1
ENSG00000117122	0	0	0
ENSG00000286898	0	0	0
ENSG00000226526	0	61	0
ENSG00000159363	514	0	544
ENSG00000117118	759	0	759
ENSG00000117115	1118	0	1118
ENSG00000204362	0	0	0
ENSG00000282843	0	0	0
ENSG00000142623	0	0	0
ENSG00000142619	0	0	0
ENSG00000266634	0	0	0
ENSG00000199459	0	0	0
ENSG00000273264	0	0	0
ENSG00000282057	0	0	0
ENSG00000272691	1	0	1
ENSG00000199934	0	0	0
ENSG00000230285	0	0	0
ENSG00000142871	6	6	0
ENSG00000226643	0	0	0
ENSG00000234419	0	0	0
ENSG00000276997	2	0	2
ENSG00000222399	0	0	0
ENSG00000267305	0	0	0
ENSG00000143512	0	0	0
ENSG00000143498	62	0	69
ENSG00000225265	7	7	7
ENSG00000154305	1163	30	1382
ENSG00000229399	0	0	0
ENSG00000272750	12	244	15
ENSG00000186063	519	33	511
ENSG00000162819	551	2	572
ENSG00000287684	1	5	0
ENSG00000234523	0	0	0
ENSG00000287338	2	0	2
ENSG00000187554	523	37	486
ENSG00000236846	0	0	0
ENSG00000226601	0	0	0
ENSG00000164010	153	27	254
ENSG00000164011	113	0	113
ENSG00000233708	0	0	0
ENSG00000237090	0	0	0
ENSG00000225099	0	0	0
ENSG00000284138	5	0	5
ENSG00000283973	1	7	1
ENSG00000207256	0	0	0
ENSG00000283136	0	0	0
ENSG00000277513	0	0	0
ENSG00000154309	102	0	102
ENSG00000226967	0	0	0
ENSG00000231407	2	0	2
ENSG00000229570	1	0	1
ENSG00000203857	0	0	0
ENSG00000226443	3	0	3
ENSG00000249798	1	1	0
ENSG00000239873	0	0	0
ENSG00000203855	1	1	0
ENSG00000240244	0	0	0
ENSG00000260941	6	0	6
ENSG00000198857	2	2	0
ENSG00000143067	82	0	82
ENSG00000134240	0	0	0
ENSG00000134193	49	0	49
ENSG00000215864	0	0	0
ENSG00000227205	0	0	0
ENSG00000226446	0	0	0
ENSG00000134249	0	0	0
ENSG00000092621	76	0	76
ENSG00000027644	0	0	0
ENSG00000241992	0	0	0
ENSG00000234226	0	0	0
ENSG00000137970	53	0	53
ENSG00000223229	0	0	0
ENSG00000285698	0	0	0
ENSG00000228035	0	0	0
ENSG00000287103	0	0	0
ENSG00000226973	0	0	0
ENSG00000274468	0	0	0
ENSG00000130764	484	7	533
ENSG00000266075	2	3	0
ENSG00000272153	8	62	1
ENSG00000230026	0	0	0
ENSG00000285177	0	1	0
ENSG00000284770	6	49	7
ENSG00000229795	0	0	0
ENSG00000238236	0	0	0
ENSG00000235638	0	0	0
ENSG00000231199	0	0	0
ENSG00000226663	0	0	0
ENSG00000231582	0	0	0
ENSG00000232714	0	0	0
ENSG00000235761	0	0	0
ENSG00000270710	0	0	0
ENSG00000227236	0	0	0
ENSG00000198837	2874	4	3026
ENSG00000160741	1328	0	1328
ENSG00000276584	0	0	0
ENSG00000282386	3	1	2
ENSG00000273026	3	1	2
ENSG00000143578	49	21	65
ENSG00000143543	63	6	76
ENSG00000285641	0	3	2
ENSG00000143545	7	0	7
ENSG00000177954	24237	6	24231
ENSG00000231416	1	0	1
ENSG00000200220	0	0	0
ENSG00000231837	0	0	0
ENSG00000263987	0	0	0
ENSG00000162642	226	0	226
ENSG00000223254	0	0	0
ENSG00000223653	3	57	5
ENSG00000116198	433	2	433
ENSG00000169598	154	1	155
ENSG00000226653	0	0	0
ENSG00000207209	0	0	0
ENSG00000272443	0	0	0
ENSG00000272480	0	0	0
ENSG00000288626	0	0	0
ENSG00000162836	81	1	80
ENSG00000207080	0	0	0
ENSG00000231791	0	0	0
ENSG00000244568	0	0	0
ENSG00000271387	0	0	0
ENSG00000116667	108	0	108
ENSG00000230470	0	0	0
ENSG00000232036	0	0	0
ENSG00000285847	2	2	0
ENSG00000286378	0	0	0
ENSG00000215381	0	0	0
ENSG00000261326	46	0	46
ENSG00000284726	4	4	0
ENSG00000125945	125	2	125
ENSG00000201405	0	0	0
ENSG00000271420	1	0	1
ENSG00000204219	123	0	123
ENSG00000232482	0	0	0
ENSG00000285779	0	0	0
ENSG00000162885	122	32	196
ENSG00000270780	0	0	0
ENSG00000232895	0	0	0
ENSG00000273698	0	0	0
ENSG00000273112	5	0	5
ENSG00000173110	1976	5	1971
ENSG00000224203	1	3	0
ENSG00000224515	0	0	0
ENSG00000225217	701	1	700
ENSG00000231586	0	1	0
ENSG00000234211	0	36	0
ENSG00000213075	1	1	0
ENSG00000143125	0	0	0
ENSG00000270380	0	0	0
ENSG00000282887	0	0	0
ENSG00000283999	0	0	0
ENSG00000240194	0	0	0
ENSG00000235407	0	0	0
ENSG00000143105	0	0	0
ENSG00000199710	0	0	0
ENSG00000237415	0	0	0
ENSG00000232791	0	0	0
ENSG00000177301	25	0	25
ENSG00000226828	4	4	0
ENSG00000279774	0	0	0
ENSG00000229960	0	0	0
ENSG00000286486	0	0	0
ENSG00000244066	0	0	0
ENSG00000237759	0	0	0
ENSG00000287531	0	0	0
ENSG00000225855	30	382	5
ENSG00000283701	0	0	0
ENSG00000207134	2	0	2
ENSG00000227773	0	0	0
ENSG00000207144	0	0	0
ENSG00000237872	0	0	0
ENSG00000271267	2	2	0
ENSG00000225082	0	0	0
ENSG00000223503	0	0	0
ENSG00000232519	1	1	0
ENSG00000160752	280	1	629
ENSG00000121957	46	166	68
ENSG00000235089	0	0	0
ENSG00000285179	0	0	0
ENSG00000223026	0	0	0
ENSG00000225721	2	2483	5
ENSG00000188396	3	29	1
ENSG00000202167	0	0	0
ENSG00000207349	0	0	0
ENSG00000252826	0	0	0
ENSG00000206737	0	0	0
ENSG00000223779	0	0	0
ENSG00000242352	1	1	0
ENSG00000270962	0	0	0
ENSG00000263590	0	0	0
ENSG00000252105	0	0	0
ENSG00000233430	0	0	0
ENSG00000237503	0	0	0
ENSG00000265531	32	0	43
ENSG00000234571	6	17	0
ENSG00000230186	0	0	0
ENSG00000268074	0	0	0
ENSG00000270872	5	0	5
ENSG00000276674	0	0	0
ENSG00000082482	0	0	0
ENSG00000116747	273	9	327
ENSG00000118729	0	0	0
ENSG00000134207	1	0	1
ENSG00000163467	5	5	1
ENSG00000243710	3	0	4
ENSG00000117395	260	1	260
ENSG00000116874	98	5	105
ENSG00000065600	115	1	114
ENSG00000009780	121	0	121
ENSG00000023572	96	50	80
ENSG00000077254	815	1	814
ENSG00000134644	1233	0	1233
ENSG00000215788	698	3	739
ENSG00000117834	19	2	17
ENSG00000117625	552	1	551
ENSG00000179902	1	0	1
ENSG00000020633	1795	2	1793
ENSG00000121766	198	2	306
ENSG00000143157	818	1	817
ENSG00000162614	121	1	122
ENSG00000160781	24	0	24
ENSG00000143344	85	0	85
ENSG00000162613	1303	0	1303
ENSG00000116882	0	0	0
ENSG00000198758	3	0	3
ENSG00000117569	128	0	128
ENSG00000142856	87	44	85
ENSG00000158022	0	0	0
ENSG00000116396	83	0	83
ENSG00000058668	2471	1	2470
ENSG00000163875	610	0	610
ENSG00000282872	0	0	0
ENSG00000131238	3418	2	3416
ENSG00000171680	5	0	5
ENSG00000244457	0	0	0
ENSG00000116977	917	142	1515
ENSG00000229372	0	123	0
ENSG00000274975	0	0	0
ENSG00000229348	0	0	0
ENSG00000242485	470	13	513
ENSG00000264293	0	0	0
ENSG00000272455	28	0	28
ENSG00000225905	0	0	0
ENSG00000225285	0	0	0
ENSG00000179403	0	0	0
ENSG00000215915	6	0	6
ENSG00000236085	0	0	0
ENSG00000234441	0	0	0
ENSG00000227408	0	0	0
ENSG00000223635	0	0	0
ENSG00000135776	186	0	186
ENSG00000199672	1	0	1
ENSG00000201492	0	0	0
ENSG00000229367	0	0	0
ENSG00000135763	148	0	148
ENSG00000213028	0	0	0
ENSG00000225984	0	0	0
ENSG00000178828	0	0	0
ENSG00000235434	0	0	0
ENSG00000169914	140	1	139
ENSG00000188784	0	0	0
ENSG00000242688	0	0	0
ENSG00000177186	0	0	0
ENSG00000177174	0	0	0
ENSG00000269956	14	170	0
ENSG00000162456	0	0	0
ENSG00000079277	732	0	888
ENSG00000117407	1	0	1
ENSG00000237950	16	0	16
ENSG00000117408	335	0	335
ENSG00000285649	0	40	0
ENSG00000117410	2182	0	2182
ENSG00000159214	42	2	45
ENSG00000196517	28	4	30
ENSG00000227163	0	0	0
ENSG00000271647	0	0	0
ENSG00000239560	0	0	0
ENSG00000196539	0	0	0
ENSG00000229255	1	0	1
ENSG00000203661	0	0	0
ENSG00000271934	0	0	0
ENSG00000224521	0	0	0
ENSG00000227102	0	0	0
ENSG00000183310	0	0	0
ENSG00000201602	0	0	0
ENSG00000271701	0	0	0
ENSG00000189181	0	0	0
ENSG00000187238	0	0	0
ENSG00000185962	0	0	0
ENSG00000226947	0	0	0
ENSG00000285753	0	0	0
ENSG00000187223	0	0	0
ENSG00000159455	0	0	0
ENSG00000187173	0	0	0
ENSG00000204501	0	0	0
ENSG00000228229	0	0	0
ENSG00000204481	0	0	0
ENSG00000204479	0	0	0
ENSG00000172031	8	0	8
ENSG00000233228	0	0	0
ENSG00000224678	0	0	0
ENSG00000233401	1	0	1
ENSG00000273487	2	0	2
ENSG00000226773	0	0	0
ENSG00000274481	0	0	0
ENSG00000228594	65	1	64
ENSG00000286989	16	0	16
ENSG00000272106	26	6	31
ENSG00000189409	3	2	1
ENSG00000272004	0	117	0
ENSG00000189339	1467	4	1582
ENSG00000269737	108	110	0
ENSG00000215914	3	0	3
ENSG00000008128	44	0	46
ENSG00000268575	26	0	41
ENSG00000227775	174	197	1
ENSG00000008130	7067	6	7061
ENSG00000078369	5660	6	5654
ENSG00000178821	1	0	1
ENSG00000158477	66	0	66
ENSG00000230942	0	0	0
ENSG00000158481	180	0	180
ENSG00000158485	2	0	2
ENSG00000158488	19	0	19
ENSG00000186306	0	0	0
ENSG00000203758	0	0	0
ENSG00000236257	0	0	0
ENSG00000236656	0	0	0
ENSG00000198703	0	0	0
ENSG00000227445	0	0	0
ENSG00000231434	0	0	0
ENSG00000117505	950	2	1022
ENSG00000229635	0	0	0
ENSG00000207379	0	0	0
ENSG00000212601	0	0	0
ENSG00000162889	1680	2	1678
ENSG00000224114	0	0	0
ENSG00000199349	1	1	0
ENSG00000162892	45	515	0
ENSG00000162894	4136	3	4603
ENSG00000271680	12	12	0
ENSG00000226945	12	12	0
ENSG00000162896	0	0	0
ENSG00000162897	0	0	0
ENSG00000182795	30	0	30
ENSG00000198890	153	0	153
ENSG00000224550	0	0	0
ENSG00000142669	7373	5	9729
ENSG00000169442	2733	2	6945
ENSG00000225854	1	1	0
ENSG00000176083	133	0	133
ENSG00000229167	0	0	0
ENSG00000142910	0	0	0
ENSG00000162517	534	0	674
ENSG00000235790	1	2	0
ENSG00000264078	0	0	0
ENSG00000241745	0	0	0
ENSG00000228407	0	0	0
ENSG00000223429	0	0	0
ENSG00000224255	0	0	0
ENSG00000236004	0	0	0
ENSG00000237663	0	0	0
ENSG00000213735	0	0	0
ENSG00000272100	2	70	0
ENSG00000287078	0	0	0
ENSG00000224680	0	0	0
ENSG00000085840	18	0	18
ENSG00000283445	0	0	0
ENSG00000272226	3	3	0
ENSG00000231740	0	0	0
ENSG00000143751	545	0	545
ENSG00000272562	4	0	4
ENSG00000163041	8103	4	8099
ENSG00000225518	0	0	0
ENSG00000270598	0	0	0
ENSG00000182827	403	3	467
ENSG00000234478	2	69	0
ENSG00000223570	0	0	0
ENSG00000185155	8	0	8
ENSG00000236773	1	0	1
ENSG00000143753	923	2	921
ENSG00000201898	0	0	0
ENSG00000237101	2	20	1
ENSG00000143748	236	0	255
ENSG00000221406	0	0	0
ENSG00000229742	0	0	0
ENSG00000206887	0	0	0
ENSG00000143771	363	0	363
ENSG00000266618	0	0	0
ENSG00000229991	1	0	1
ENSG00000233384	0	0	0
ENSG00000234247	0	0	0
ENSG00000183682	55	78	5
ENSG00000237624	0	0	0
ENSG00000228060	3	269	0
ENSG00000201457	0	0	0
ENSG00000163909	1	0	1
ENSG00000225903	0	0	0
ENSG00000116983	60	0	60
ENSG00000225333	0	0	0
ENSG00000252413	0	0	0
ENSG00000090621	951	0	1217
ENSG00000236994	0	0	0
ENSG00000275406	0	0	0
ENSG00000270287	0	0	0
ENSG00000229965	0	0	0
ENSG00000223282	0	0	0
ENSG00000177770	0	0	0
ENSG00000287627	0	0	0
ENSG00000283933	0	0	0
ENSG00000143369	15	0	15
ENSG00000228126	0	0	0
ENSG00000237781	52	103	104
ENSG00000264553	7	7	0
ENSG00000277452	3	0	3
ENSG00000274963	8	0	8
ENSG00000253047	3	0	3
ENSG00000143420	1467	2	1465
ENSG00000276103	0	0	0
ENSG00000143457	212	0	212
ENSG00000143452	21	0	21
ENSG00000206931	0	0	0
ENSG00000236713	0	0	0
ENSG00000224690	0	0	0
ENSG00000203804	1	204	70
ENSG00000143384	19781	7	19774
ENSG00000154342	0	0	0
ENSG00000276255	1	0	1
ENSG00000284163	0	0	0
ENSG00000143793	157	8	149
ENSG00000162910	149	0	149
ENSG00000224566	2	0	2
ENSG00000287895	2	1	1
ENSG00000280157	4	0	4
ENSG00000227625	0	0	0
ENSG00000198835	7	0	7
ENSG00000203684	1	0	1
ENSG00000181873	137	0	137
ENSG00000162913	22	5	28
ENSG00000269934	16	48	36
ENSG00000270110	10	10	0
ENSG00000286773	0	0	0
ENSG00000287315	19	83	5
ENSG00000270104	0	0	0
ENSG00000154370	371	0	481
ENSG00000270094	0	113	0
ENSG00000284311	0	0	0
ENSG00000162931	9	8	4
ENSG00000230841	0	0	0
ENSG00000266174	0	0	0
ENSG00000279306	0	0	0
ENSG00000215811	6	0	6
ENSG00000202056	0	0	0
ENSG00000251823	0	0	0
ENSG00000171960	126	0	283
ENSG00000234917	1	2	0
ENSG00000065978	13574	38	13536
ENSG00000164007	0	0	0
ENSG00000117385	330	0	330
ENSG00000228452	0	10	0
ENSG00000001460	43	15	43
ENSG00000001461	603	1	617
ENSG00000286061	10	73	12
ENSG00000117602	1091	5	15