N_unmapped	226432	226432	226432
N_multimapping	2753263	2753263	2753263
N_noFeature	1038667	19104936	1151849
N_ambiguous	2406004	36734	904961
ENSG00000160072	260	1	259
ENSG00000234396	0	0	0
ENSG00000225972	8	0	8
ENSG00000224315	0	0	0
ENSG00000198744	10	0	10
ENSG00000279928	4	0	4
ENSG00000228037	35	1	34
ENSG00000142611	1	0	1
ENSG00000225630	1660	15	1645
ENSG00000284616	0	0	0
ENSG00000157911	41	435	85
ENSG00000269896	19	0	19
ENSG00000237973	445	1	478
ENSG00000228463	21	0	35
ENSG00000260972	0	0	0
ENSG00000157933	2003	0	2003
ENSG00000224340	0	0	0
ENSG00000226545	0	0	0
ENSG00000268663	0	0	0
ENSG00000226374	0	0	0
ENSG00000229280	0	0	0
ENSG00000142655	303	52	302
ENSG00000232596	0	0	0
ENSG00000235054	0	0	0
ENSG00000232663	0	0	0
ENSG00000240409	0	0	0
ENSG00000229344	4	0	4
ENSG00000231510	0	0	0
ENSG00000149527	174	7	167
ENSG00000284739	0	0	0
ENSG00000171621	71	0	71
ENSG00000272235	0	0	0
ENSG00000284694	0	0	0
ENSG00000230021	6	41	6
ENSG00000287356	4	3	2
ENSG00000224387	3	1	2
ENSG00000285629	0	0	0
ENSG00000173673	0	0	0
ENSG00000142583	48	2	46
ENSG00000284674	0	0	0
ENSG00000272161	0	0	0
ENSG00000237094	181	0	181
ENSG00000224338	0	0	0
ENSG00000074800	9494	2	9493
ENSG00000116786	1274	1	1427
ENSG00000287727	5	5	0
ENSG00000228423	0	0	0
ENSG00000286448	0	14	0
ENSG00000131686	28	36	17
ENSG00000229305	0	0	0
ENSG00000284703	0	0	0
ENSG00000226457	1	1	0
ENSG00000173614	267	1	266
ENSG00000248527	7154	115	7039
ENSG00000215720	0	0	0
ENSG00000241326	0	0	0
ENSG00000233623	0	0	0
ENSG00000162592	0	26	0
ENSG00000116254	4	0	4
ENSG00000233645	0	0	0
ENSG00000204624	10	0	13
ENSG00000142606	12	72	20
ENSG00000235146	0	0	0
ENSG00000225931	13	4	9
ENSG00000171729	28	0	28
ENSG00000279457	94	0	94
ENSG00000162571	5	1	6
ENSG00000229393	2	0	2
ENSG00000037637	713	0	713
ENSG00000287586	64	1	63
ENSG00000159423	82	0	82
ENSG00000142599	3630	22	3609
ENSG00000227169	0	0	0
ENSG00000283356	0	0	0
ENSG00000011021	657	0	692
ENSG00000142615	0	0	0
ENSG00000215704	3	8	0
ENSG00000157916	1359	44	1794
ENSG00000157881	579	0	579
ENSG00000238290	0	0	0
ENSG00000225387	0	0	0
ENSG00000048707	2260	1	2259
ENSG00000158748	17	0	17
ENSG00000225196	1	1	0
ENSG00000162444	295	0	295
ENSG00000279625	0	0	0
ENSG00000180758	114	0	114
ENSG00000184677	1471	3	1468
ENSG00000230679	2	0	3
ENSG00000270136	0	0	0
ENSG00000288398	90	0	90
ENSG00000224621	0	0	0
ENSG00000285833	0	3	0
ENSG00000131697	164	0	167
ENSG00000284692	0	0	0
ENSG00000284745	0	0	0
ENSG00000280222	0	0	0
ENSG00000227634	0	0	0
ENSG00000285945	0	0	0
ENSG00000229162	4	0	4
ENSG00000197921	0	0	0
ENSG00000233755	0	1	1
ENSG00000233929	0	0	0
ENSG00000271742	0	0	0
ENSG00000226396	12	0	12
ENSG00000169504	545	1	544
ENSG00000234166	0	19	0
ENSG00000235282	0	0	0
ENSG00000055070	2089	6	3128
ENSG00000175087	282	0	282
ENSG00000157191	2470	8	2463
ENSG00000284699	0	0	0
ENSG00000230035	0	0	0
ENSG00000235185	0	0	0
ENSG00000225643	1	0	1
ENSG00000284666	0	0	0
ENSG00000228943	0	0	0
ENSG00000234397	0	0	0
ENSG00000284309	0	0	0
ENSG00000162511	18733	3	31606
ENSG00000158014	0	0	0
ENSG00000204138	873	1	873
ENSG00000233419	0	0	0
ENSG00000235263	0	0	0
ENSG00000228176	0	0	0
ENSG00000231251	0	0	0
ENSG00000142675	52	0	52
ENSG00000197245	0	0	0
ENSG00000261025	1	1	0
ENSG00000116237	626	4	645
ENSG00000130772	339	0	339
ENSG00000215899	0	0	0
ENSG00000271398	3	3	0
ENSG00000225011	0	0	0
ENSG00000235069	0	0	0
ENSG00000284676	0	0	0
ENSG00000237058	1	1	0
ENSG00000233399	0	0	0
ENSG00000090020	1121	1	1120
ENSG00000157978	3795	0	3795
ENSG00000226944	0	0	0
ENSG00000270282	0	0	0
ENSG00000130770	532	16	783
ENSG00000229044	0	139	0
ENSG00000162512	77	0	77
ENSG00000158006	702	0	702
ENSG00000214812	1	0	1
ENSG00000126698	2009	1	2008
ENSG00000229447	3	0	3
ENSG00000229607	0	0	0
ENSG00000130766	284	0	284
ENSG00000168528	104	0	104
ENSG00000196581	39	0	39
ENSG00000169403	6389	1	6388
ENSG00000084628	0	0	0
ENSG00000060688	692	0	692
ENSG00000171612	88	0	88
ENSG00000270927	0	0	0
ENSG00000188910	0	0	0
ENSG00000230523	0	0	0
ENSG00000116138	603	130	551
ENSG00000158161	801	1	800
ENSG00000142684	0	0	62
ENSG00000234619	0	0	0
ENSG00000121769	10	10	0
ENSG00000142627	38	0	38
ENSG00000284668	0	0	0
ENSG00000233234	0	0	0
ENSG00000142632	95	0	114
ENSG00000234593	1	1	0
ENSG00000158292	27	0	27
ENSG00000270605	49	0	51
ENSG00000189337	65	0	71
ENSG00000232912	50	0	51
ENSG00000235084	1	0	1
ENSG00000235143	0	0	0
ENSG00000225478	0	0	0
ENSG00000225077	3	17	3
ENSG00000028137	10746	4	10742
ENSG00000238249	4	4	0
ENSG00000204464	0	0	0
ENSG00000233372	2	0	2
ENSG00000283259	0	0	0
ENSG00000284543	4	0	4
ENSG00000130939	1709	1	1708
ENSG00000175147	1	6	1
ENSG00000127472	0	0	0
ENSG00000060656	6	0	6
ENSG00000163867	288	2	286
ENSG00000232768	0	0	0
ENSG00000230214	0	0	0
ENSG00000189280	5	5	0
ENSG00000134698	3253	0	3253
ENSG00000134690	48	0	48
ENSG00000272420	1	0	1
ENSG00000132881	49	0	49
ENSG00000273274	1	0	1
ENSG00000116251	2200	0	2200
ENSG00000272510	2	29	7
ENSG00000158286	29	7	28
ENSG00000236648	0	0	0
ENSG00000232273	0	0	0
ENSG00000009709	0	0	0
ENSG00000287396	0	0	0
ENSG00000223589	0	0	0
ENSG00000158008	1	1	0
ENSG00000130940	101	0	166
ENSG00000116771	153	6	191
ENSG00000237301	4	4	0
ENSG00000162585	267	90	271
ENSG00000163879	1	7	1
ENSG00000227527	1	1	0
ENSG00000116954	280	0	280
ENSG00000228589	1	0	1
ENSG00000163873	8	0	8
ENSG00000117215	18	0	18
ENSG00000196449	120	4	154
ENSG00000230163	0	30	1
ENSG00000227538	0	0	0
ENSG00000232208	70	0	70
ENSG00000236500	0	0	0
ENSG00000044012	0	0	0
ENSG00000179051	2138	1	2586
ENSG00000215895	0	0	0
ENSG00000231868	0	7	0
ENSG00000284650	0	0	0
ENSG00000237329	0	0	0
ENSG00000236948	2	0	2
ENSG00000126067	1267	0	1267
ENSG00000274944	0	0	0
ENSG00000132906	332	0	337
ENSG00000197312	1034	0	1034
ENSG00000284748	0	0	0
ENSG00000272078	3	68	0
ENSG00000173660	994	1	993
ENSG00000224592	0	0	0
ENSG00000233728	0	10	0
ENSG00000230451	0	0	0
ENSG00000231606	0	0	0
ENSG00000215900	0	0	0
ENSG00000284632	0	0	0
ENSG00000241014	12	0	12
ENSG00000054118	4561	7	4554
ENSG00000254553	0	0	0
ENSG00000284653	0	0	0
ENSG00000237749	9	0	9
ENSG00000276747	0	0	0
ENSG00000284705	0	0	0
ENSG00000228776	0	0	0
ENSG00000159339	1539	0	1539
ENSG00000223814	0	0	0
ENSG00000197982	75	35	78
ENSG00000261781	0	0	0
ENSG00000183317	1	0	1
ENSG00000183386	854	0	854
ENSG00000284743	0	0	0
ENSG00000158315	3	6	0
ENSG00000204084	823	0	948
ENSG00000186973	0	0	0
ENSG00000271806	6	29	6
ENSG00000146463	1074	0	1225
ENSG00000279214	0	0	0
ENSG00000183520	448	0	448
ENSG00000271741	0	0	0
ENSG00000214141	0	0	0
ENSG00000142686	157	0	157
ENSG00000224751	0	0	0
ENSG00000279096	0	0	0
ENSG00000117148	0	0	0
ENSG00000230585	0	2	0
ENSG00000117000	893	0	893
ENSG00000284989	0	0	0
ENSG00000231630	0	0	0
ENSG00000092853	24	0	27
ENSG00000255811	0	0	0
ENSG00000134697	739	2	744
ENSG00000187513	0	0	0
ENSG00000238145	0	0	0
ENSG00000225142	0	0	0
ENSG00000230138	39	0	39
ENSG00000223390	0	4	0
ENSG00000285823	1	1	2
ENSG00000284720	0	0	0
ENSG00000225028	0	0	0
ENSG00000225671	0	0	0
ENSG00000116151	30	1	30
ENSG00000226147	1	0	1
ENSG00000182873	47	41	13
ENSG00000006555	186	0	186
ENSG00000236111	0	0	0
ENSG00000066056	8	1	7
ENSG00000214114	323	10	313
ENSG00000173436	108	3	108
ENSG00000116544	25	1	24
ENSG00000231900	0	0	0
ENSG00000236723	1	241	8
ENSG00000232467	1	0	1
ENSG00000117016	117	0	117
ENSG00000121310	466	3	463
ENSG00000169213	2	0	2
ENSG00000163866	531	1	561
ENSG00000225779	0	0	0
ENSG00000284601	0	0	0
ENSG00000237130	0	0	0
ENSG00000143001	0	0	0
ENSG00000229716	0	0	0
ENSG00000226133	0	0	0
ENSG00000227416	0	0	0
ENSG00000232335	0	3	0
ENSG00000260971	0	0	0
ENSG00000259832	0	0	0
ENSG00000284696	0	0	0
ENSG00000238242	0	0	0
ENSG00000285839	0	0	0
ENSG00000237290	0	0	0
ENSG00000232762	0	0	0
ENSG00000117419	290	1	289
ENSG00000162384	473	17	486
ENSG00000162391	5	18	0
ENSG00000174348	13	0	15
ENSG00000154198	0	0	0
ENSG00000117859	1218	27	1203
ENSG00000228121	0	0	0
ENSG00000253313	0	0	0
ENSG00000162396	84	0	84
ENSG00000203995	0	0	0
ENSG00000227742	1	1	0
ENSG00000284686	0	0	0
ENSG00000162378	609	0	609
ENSG00000233079	0	0	0
ENSG00000259818	0	0	0
ENSG00000229444	0	0	0
ENSG00000240563	12	0	12
ENSG00000234318	1	0	1
ENSG00000284773	12	0	12
ENSG00000234481	0	0	0
ENSG00000117862	69	0	69
ENSG00000235612	0	0	0
ENSG00000228369	1	1	0
ENSG00000183431	1736	1	1735
ENSG00000227485	0	0	0
ENSG00000224609	4	0	4
ENSG00000235545	0	0	0
ENSG00000236646	0	0	0
ENSG00000169174	0	0	0
ENSG00000232198	0	0	0
ENSG00000238063	3	0	3
ENSG00000227104	0	0	0
ENSG00000243725	5	0	5
ENSG00000171872	0	0	0
ENSG00000162407	11	0	11
ENSG00000285079	0	0	0
ENSG00000169218	0	0	0
ENSG00000163877	689	5	684
ENSG00000228929	6	0	6
ENSG00000224570	0	0	0
ENSG00000224980	0	0	0
ENSG00000278967	0	0	0
ENSG00000157184	140	28	390
ENSG00000272491	1	0	3
ENSG00000198815	1801	0	1801
ENSG00000134744	1861	2	1859
ENSG00000233910	0	0	0
ENSG00000287703	0	0	0
ENSG00000283039	0	0	0
ENSG00000229032	0	0	0
ENSG00000229294	0	0	0
ENSG00000232993	0	2	0
ENSG00000234088	0	0	0
ENSG00000236973	0	0	0
ENSG00000227947	0	0	0
ENSG00000277397	0	0	0
ENSG00000271200	0	0	0
ENSG00000235446	0	0	0
ENSG00000261196	0	0	0
ENSG00000162385	593	0	593
ENSG00000231413	0	0	0
ENSG00000234264	0	0	0
ENSG00000242391	0	0	0
ENSG00000223883	0	0	0
ENSG00000284808	0	0	0
ENSG00000242267	0	0	0
ENSG00000237227	0	0	0
ENSG00000275350	0	0	0
ENSG00000116652	4	0	4
ENSG00000123080	92	0	92
ENSG00000285778	0	0	0
ENSG00000077549	7512	1	7514
ENSG00000233407	0	0	0
ENSG00000225675	7	0	9
ENSG00000237622	0	0	0
ENSG00000162598	1	0	1
ENSG00000280317	0	0	0
ENSG00000162415	39	0	39
ENSG00000162600	286	0	286
ENSG00000116704	588	0	589
ENSG00000227644	0	0	0
ENSG00000157193	137	5	164
ENSG00000116205	535	0	555
ENSG00000198841	52	0	52
ENSG00000116212	135	0	135
ENSG00000234204	0	0	0
ENSG00000233099	2	0	2
ENSG00000233994	0	0	0
ENSG00000237180	0	0	0
ENSG00000213561	0	0	0
ENSG00000233973	0	0	0
ENSG00000237552	0	0	0
ENSG00000132854	0	0	0
ENSG00000227556	0	0	0
ENSG00000162616	77	1	76
ENSG00000162607	1060	2	1058
ENSG00000233602	0	0	0
ENSG00000233271	0	0	0
ENSG00000285954	17	17	0
ENSG00000233333	0	0	0
ENSG00000154027	227	0	227
ENSG00000234108	0	0	0
ENSG00000232676	0	0	0
ENSG00000225167	0	0	0
ENSG00000132122	111	0	111
ENSG00000213579	0	0	0
ENSG00000137960	1	0	1
ENSG00000237852	0	0	0
ENSG00000116745	0	0	0
ENSG00000132855	0	0	0
ENSG00000285407	0	0	0
ENSG00000272855	0	0	0
ENSG00000270549	0	0	0
ENSG00000237163	1	0	1
ENSG00000229636	0	0	0
ENSG00000116675	29	0	29
ENSG00000162433	17	0	17
ENSG00000213625	1054	1	1053
ENSG00000227207	0	0	0
ENSG00000227016	0	0	0
ENSG00000233664	0	0	0
ENSG00000158966	95	0	95
ENSG00000213703	0	0	0
ENSG00000203965	76	0	80
ENSG00000223479	0	0	0
ENSG00000233674	0	0	0
ENSG00000153898	106	0	106
ENSG00000117069	0	0	0
ENSG00000125703	296	0	296
ENSG00000285041	0	0	0
ENSG00000285808	0	0	0
ENSG00000229440	0	0	0
ENSG00000234144	0	0	0
ENSG00000213540	0	0	0
ENSG00000277670	0	0	0
ENSG00000227466	0	0	0
ENSG00000154007	0	0	0
ENSG00000230498	0	0	0
ENSG00000285782	0	0	0
ENSG00000162618	0	0	0
ENSG00000224493	0	0	0
ENSG00000131233	0	0	0
ENSG00000272371	2	0	2
ENSG00000287647	3	1	2
ENSG00000229225	0	0	0
ENSG00000230863	1	0	1
ENSG00000213560	0	0	0
ENSG00000287224	0	0	0
ENSG00000225598	0	0	0
ENSG00000286455	0	0	0
ENSG00000225087	0	0	0
ENSG00000224986	0	0	0
ENSG00000280378	8	0	8
ENSG00000188786	1130	0	1130
ENSG00000230053	0	0	0
ENSG00000137941	19	4	15
ENSG00000273338	0	0	0
ENSG00000223720	0	0	0
ENSG00000224326	0	0	0
ENSG00000286548	5	2	3
ENSG00000066135	342	1	553
ENSG00000230027	0	0	0
ENSG00000233061	0	0	0
ENSG00000272094	0	0	0
ENSG00000228853	0	0	0
ENSG00000215874	0	0	0
ENSG00000232453	10	4	6
ENSG00000260386	1	1	0
ENSG00000284895	0	0	0
ENSG00000117174	536	0	536
ENSG00000237413	0	0	0
ENSG00000184313	2	0	2
ENSG00000284645	0	0	0
ENSG00000225605	0	0	0
ENSG00000225446	0	0	0
ENSG00000288543	0	0	0
ENSG00000122420	0	0	0
ENSG00000284240	0	0	0
ENSG00000236290	0	0	0
ENSG00000143013	510	0	510
ENSG00000226084	20	0	20
ENSG00000134748	1547	3	1544
ENSG00000142892	538	0	538
ENSG00000219102	2	0	2
ENSG00000184005	56	0	56
ENSG00000230953	6	6	0
ENSG00000287743	1	0	1
ENSG00000229332	0	0	0
ENSG00000227937	0	0	0
ENSG00000229752	0	0	0
ENSG00000237505	1	0	1
ENSG00000285462	0	0	0
ENSG00000233216	0	0	0
ENSG00000197273	0	0	0
ENSG00000226804	0	0	0
ENSG00000285325	0	0	0
ENSG00000230728	0	0	0
ENSG00000162402	3305	0	3305
ENSG00000232846	0	0	0
ENSG00000219201	2	0	2
ENSG00000230787	0	0	0
ENSG00000116641	179	3	176
ENSG00000235927	3	4	2
ENSG00000223920	0	0	0
ENSG00000237453	1	1	0
ENSG00000172260	19	0	19
ENSG00000285473	0	0	0
ENSG00000237959	0	0	0
ENSG00000231364	1	1	0
ENSG00000234578	0	0	0
ENSG00000117480	137	0	137
ENSG00000137944	399	0	399
ENSG00000229505	0	0	0
ENSG00000228187	0	0	0
ENSG00000285201	0	0	0
ENSG00000182183	163	2	161
ENSG00000236407	0	0	0
ENSG00000271949	0	0	0
ENSG00000227062	0	0	0
ENSG00000067334	1097	0	1097
ENSG00000235011	0	0	0
ENSG00000235673	0	0	0
ENSG00000226938	0	0	0
ENSG00000213559	0	0	0
ENSG00000287587	0	0	0
ENSG00000142949	18	0	18
ENSG00000116133	185	7	200
ENSG00000232882	0	0	0
ENSG00000171502	12	0	12
ENSG00000162399	2	2	0
ENSG00000116157	162	2	160
ENSG00000143036	1	0	1
ENSG00000232672	0	0	0
ENSG00000230817	0	0	0
ENSG00000235613	0	0	0
ENSG00000065243	1187	1	1187
ENSG00000226759	0	0	0
ENSG00000226960	0	0	0
ENSG00000234080	0	0	0
ENSG00000237899	1	0	1
ENSG00000225492	12	0	12
ENSG00000223905	0	0	0
ENSG00000227290	1	1	0
ENSG00000229486	0	0	0
ENSG00000282898	0	0	0
ENSG00000285409	0	0	0
ENSG00000231090	1	0	1
ENSG00000117528	473	0	473
ENSG00000271723	0	0	0
ENSG00000172339	39	0	39
ENSG00000036549	908	0	908
ENSG00000287724	0	20	0
ENSG00000058799	597	0	597
ENSG00000225191	0	0	0
ENSG00000287870	0	0	0
ENSG00000235563	0	0	0
ENSG00000232048	0	0	0
ENSG00000232857	0	0	0
ENSG00000273637	0	0	0
ENSG00000203985	0	0	0
ENSG00000228838	0	3	0
ENSG00000283761	2	0	2
ENSG00000189433	0	0	0
ENSG00000230759	0	0	0
ENSG00000231866	0	0	0
ENSG00000179178	2	0	2
ENSG00000142700	0	0	0
ENSG00000285525	0	0	0
ENSG00000236098	0	0	0
ENSG00000233514	0	0	0
ENSG00000127124	602	2	600
ENSG00000266993	10	38	8
ENSG00000223675	0	0	0
ENSG00000162604	365	0	365
ENSG00000229316	0	0	0
ENSG00000116171	1173	1	1173
ENSG00000287406	0	0	0
ENSG00000225767	1	1	0
ENSG00000234099	0	0	0
ENSG00000137936	36	6	33
ENSG00000235308	8	8	0
ENSG00000232752	0	0	0
ENSG00000235829	0	0	0
ENSG00000143032	0	0	0
ENSG00000226745	0	0	0
ENSG00000178028	688	0	688
ENSG00000280040	0	0	0
ENSG00000168710	1580	1	1579
ENSG00000117519	61	0	61
ENSG00000270507	0	0	0
ENSG00000238037	0	0	0
ENSG00000215869	0	0	0
ENSG00000134215	971	1	970
ENSG00000227935	0	0	0
ENSG00000229887	0	0	0
ENSG00000228502	22	0	22
ENSG00000236268	0	0	0
ENSG00000271277	0	0	0
ENSG00000236888	0	0	0
ENSG00000279778	0	0	0
ENSG00000232015	0	0	0
ENSG00000230955	0	125	0
ENSG00000230828	0	0	0
ENSG00000188641	2591	0	2810
ENSG00000152078	3	0	3
ENSG00000237279	0	0	0
ENSG00000233359	0	0	0
ENSG00000237954	0	0	0
ENSG00000185668	1	0	1
ENSG00000171492	1094	0	1094
ENSG00000233129	0	0	0
ENSG00000170989	4776	0	4776
ENSG00000258634	111	0	175
ENSG00000233557	0	0	0
ENSG00000237897	0	0	0
ENSG00000116299	862	0	863
ENSG00000137962	17	0	17
ENSG00000227832	0	0	0
ENSG00000286692	2	0	2
ENSG00000260464	5	0	5
ENSG00000237435	0	0	0
ENSG00000231996	0	0	0
ENSG00000273204	0	2	1
ENSG00000079739	565	6	631
ENSG00000117154	0	0	0
ENSG00000162377	182	11	171
ENSG00000224613	0	0	0
ENSG00000215871	0	0	0
ENSG00000287372	0	0	0
ENSG00000232542	2	2	0
ENSG00000231095	0	0	0
ENSG00000116774	5	0	5
ENSG00000287756	0	0	0
ENSG00000269113	0	0	0
ENSG00000284652	0	0	0
ENSG00000023909	223	0	223
ENSG00000069702	859	1	858
ENSG00000232185	0	0	0
ENSG00000230489	6	0	6
ENSG00000228399	0	0	0
ENSG00000236776	0	0	0
ENSG00000285928	6	6	0
ENSG00000224685	0	0	0
ENSG00000287076	0	0	0
ENSG00000237480	0	0	0
ENSG00000271252	0	0	0
ENSG00000230427	0	0	0
ENSG00000235794	0	0	0
ENSG00000286758	0	0	0
ENSG00000237337	0	0	0
ENSG00000233983	0	0	0
ENSG00000198198	1668	88	1909
ENSG00000225183	0	0	0
ENSG00000230402	0	0	0
ENSG00000116793	247	0	247
ENSG00000134201	1	0	1
ENSG00000238122	0	0	0
ENSG00000260879	0	20	0
ENSG00000213366	373	0	373
ENSG00000230864	0	0	0
ENSG00000283354	0	0	0
ENSG00000232918	0	0	0
ENSG00000236360	0	0	1
ENSG00000183298	0	0	17
ENSG00000234332	17	0	17
ENSG00000117525	4	0	4
ENSG00000225079	22	0	22
ENSG00000226483	0	0	0
ENSG00000224238	0	0	0
ENSG00000229537	0	0	0
ENSG00000162699	0	0	0
ENSG00000162692	2	0	2
ENSG00000203914	0	0	0
ENSG00000270457	0	0	0
ENSG00000203858	0	0	0
ENSG00000231987	0	0	0
ENSG00000228057	8	1	7
ENSG00000261593	0	0	0
ENSG00000224445	0	0	0
ENSG00000229842	0	0	0
ENSG00000270631	0	0	0
ENSG00000229201	0	0	0
ENSG00000181656	5	5	0
ENSG00000122481	31	0	31
ENSG00000198162	1073	0	1073
ENSG00000238198	5	1	4
ENSG00000171517	4	0	4
ENSG00000228852	4	4	0
ENSG00000203864	0	0	0
ENSG00000233482	0	0	0
ENSG00000230250	0	0	0
ENSG00000232878	0	219	0
ENSG00000143079	90	0	90
ENSG00000232450	8	0	8
ENSG00000223575	0	0	0
ENSG00000230768	0	0	0
ENSG00000235202	0	0	0
ENSG00000272715	0	0	0
ENSG00000235038	0	0	0
ENSG00000143093	1064	0	1064
ENSG00000226415	4	0	4
ENSG00000085491	439	0	459
ENSG00000173947	3	0	3
ENSG00000241361	0	0	0
ENSG00000230434	0	0	0
ENSG00000230718	0	0	0
ENSG00000134198	340	0	340
ENSG00000235595	0	0	0
ENSG00000226053	0	0	0
ENSG00000226128	0	0	0
ENSG00000198799	667	0	729
ENSG00000279513	0	0	0
ENSG00000117620	280	4	280
ENSG00000280186	1	0	1
ENSG00000223906	0	0	0
ENSG00000162688	510	0	510
ENSG00000197106	0	0	0
ENSG00000259946	0	0	0
ENSG00000236137	3	136	2
ENSG00000203859	0	0	0
ENSG00000228086	0	101	0
ENSG00000213421	0	0	0
ENSG00000234020	0	0	0
ENSG00000060718	0	0	0
ENSG00000236804	0	0	0
ENSG00000231072	0	0	0
ENSG00000273406	2	2	0
ENSG00000185946	452	0	452
ENSG00000162627	0	0	0
ENSG00000226715	0	17	0
ENSG00000162695	569	0	569
ENSG00000134184	0	0	0
ENSG00000265808	1076	0	1076
ENSG00000261290	0	0	0
ENSG00000225923	0	0	0
ENSG00000134247	52	0	52
ENSG00000187481	0	0	0
ENSG00000116752	441	0	441
ENSG00000162664	413	1	412
ENSG00000236866	0	0	0
ENSG00000134253	5	1	4
ENSG00000277655	0	0	0
ENSG00000223416	1	0	1
ENSG00000213226	0	0	0
ENSG00000179571	0	0	0
ENSG00000227850	0	0	0
ENSG00000243967	0	0	0
ENSG00000235777	0	0	0
ENSG00000260246	0	0	0
ENSG00000173218	115	0	115
ENSG00000285532	0	0	0
ENSG00000226755	0	0	0
ENSG00000232650	0	0	0
ENSG00000183508	808	0	808
ENSG00000277095	0	0	0
ENSG00000236806	0	0	0
ENSG00000234283	0	0	0
ENSG00000237188	0	0	0
ENSG00000232780	0	0	0
ENSG00000274927	0	0	0
ENSG00000264145	0	0	0
ENSG00000238256	0	0	0
ENSG00000198765	0	0	0
ENSG00000224335	0	0	0
ENSG00000277702	0	0	0
ENSG00000143398	1024	0	1024
ENSG00000196505	482	1	482
ENSG00000225871	15	55	0
ENSG00000223489	0	0	0
ENSG00000230546	0	0	0
ENSG00000213262	1	1	0
ENSG00000287015	0	0	0
ENSG00000241720	0	1	0
ENSG00000235526	0	0	0
ENSG00000228347	0	0	0
ENSG00000276975	0	0	0
ENSG00000236012	0	0	0
ENSG00000270911	1	1	0
ENSG00000272824	0	0	0
ENSG00000134200	1	1	0
ENSG00000234257	0	0	0
ENSG00000065183	706	0	758
ENSG00000227082	2	0	2
ENSG00000228626	0	0	0
ENSG00000226126	0	0	0
ENSG00000163393	297	1	296
ENSG00000163156	666	7	673
ENSG00000143631	3	4	0
ENSG00000156150	0	64	0
ENSG00000228453	0	0	0
ENSG00000274642	0	0	0
ENSG00000177551	0	0	0
ENSG00000197323	1474	0	1474
ENSG00000237975	1	0	2
ENSG00000261168	1	0	1
ENSG00000287980	0	0	0
ENSG00000229283	0	0	0
ENSG00000271419	0	0	0
ENSG00000226172	0	0	0
ENSG00000079335	681	18	764
ENSG00000143119	11850	1	11849
ENSG00000237278	0	62	0
ENSG00000285062	0	0	0
ENSG00000233432	0	0	0
ENSG00000227700	0	0	0
ENSG00000229911	0	0	0
ENSG00000143520	0	0	0
ENSG00000171943	139	10	133
ENSG00000270719	0	0	0
ENSG00000155761	7	52	6
ENSG00000230806	0	0	0
ENSG00000116830	314	0	314
ENSG00000234422	0	0	0
ENSG00000227056	0	0	0
ENSG00000143614	2018	2	2016
ENSG00000227091	0	0	0
ENSG00000169418	0	0	0
ENSG00000214204	0	0	0
ENSG00000081026	74	5	69
ENSG00000225650	0	0	0
ENSG00000227179	0	0	0
ENSG00000224965	1	0	1
ENSG00000228127	1	1	0
ENSG00000226984	0	0	0
ENSG00000186150	0	0	0
ENSG00000143554	690	1	689
ENSG00000143458	870	6	864
ENSG00000230932	0	0	0
ENSG00000073754	0	0	0
ENSG00000228826	0	0	0
ENSG00000233907	0	0	0
ENSG00000225036	0	0	0
ENSG00000228420	0	0	0
ENSG00000233839	0	0	0
ENSG00000250890	0	0	0
ENSG00000232240	0	0	0
ENSG00000280649	22	12	32
ENSG00000131781	139	35	121
ENSG00000223599	4	0	4
ENSG00000230921	0	0	0
ENSG00000286151	7	0	7
ENSG00000234388	0	0	0
ENSG00000235015	0	0	0
ENSG00000271736	20	0	20
ENSG00000235988	0	0	0
ENSG00000233717	0	0	0
ENSG00000231551	74	22	52
ENSG00000227295	3	1	2
ENSG00000163155	92	59	49
ENSG00000243613	0	62	0
ENSG00000241975	14	0	14
ENSG00000271143	0	0	0
ENSG00000270976	0	0	0
ENSG00000228217	0	0	0
ENSG00000270342	0	0	0
ENSG00000143552	0	0	0
ENSG00000175984	19	0	19
ENSG00000231100	0	0	0
ENSG00000116824	3063	1	3062
ENSG00000235887	0	0	0
ENSG00000237460	0	0	0
ENSG00000236327	0	0	0
ENSG00000223804	68	24	44
ENSG00000236887	0	0	0
ENSG00000024526	3	0	6
ENSG00000236480	0	0	0
ENSG00000235756	0	0	0
ENSG00000173810	0	0	0
ENSG00000235005	0	0	0
ENSG00000271890	0	0	0
ENSG00000238107	0	0	0
ENSG00000227425	0	0	0
ENSG00000233222	0	7	0
ENSG00000225279	0	0	0
ENSG00000229101	0	0	0
ENSG00000224927	0	0	0
ENSG00000239216	0	0	0
ENSG00000283360	0	0	0
ENSG00000117262	59	0	59
ENSG00000227907	0	0	0
ENSG00000143624	1766	0	1908
ENSG00000227970	0	0	0
ENSG00000261055	3	0	3
ENSG00000231613	0	0	0
ENSG00000137947	950	0	951
ENSG00000236689	0	0	0
ENSG00000233589	0	3	0
ENSG00000117586	147	0	147
ENSG00000230946	0	0	0
ENSG00000226028	0	0	0
ENSG00000162728	1	0	1
ENSG00000229021	1	1	0
ENSG00000203825	0	0	0
ENSG00000184371	436	0	436
ENSG00000233449	0	0	0
ENSG00000242943	0	0	0
ENSG00000233203	0	0	0
ENSG00000232499	0	0	0
ENSG00000232265	1	0	1
ENSG00000163154	1056	0	1066
ENSG00000232995	11	0	11
ENSG00000236957	0	0	0
ENSG00000238087	0	0	0
ENSG00000227777	1	1	0
ENSG00000177173	1	0	1
ENSG00000277406	74	0	74
ENSG00000238022	0	0	0
ENSG00000231671	0	0	0
ENSG00000162729	465	0	465
ENSG00000143158	246	24	361
ENSG00000271092	1	0	1
ENSG00000238118	0	0	0
ENSG00000276118	0	0	0
ENSG00000232148	0	0	0
ENSG00000278811	7	49	0
ENSG00000000460	85	161	114
ENSG00000188859	3	0	3
ENSG00000275075	0	0	0
ENSG00000135862	215	0	215
ENSG00000232952	1	0	1
ENSG00000158473	826	0	826
ENSG00000227722	0	0	0
ENSG00000285922	0	0	0
ENSG00000275801	4	0	4
ENSG00000143198	422	0	422
ENSG00000143318	3	3	0
ENSG00000232188	0	0	0
ENSG00000232212	0	0	0
ENSG00000143621	2039	16	2031
ENSG00000241042	1	1	0
ENSG00000143155	636	0	636
ENSG00000260322	0	0	0
ENSG00000223495	0	0	0
ENSG00000143156	73	5	84
ENSG00000198771	6059	12	6197
ENSG00000225462	0	0	0
ENSG00000237756	0	0	0
ENSG00000116147	8	0	8
ENSG00000213064	1717	0	1859
ENSG00000203307	0	0	0
ENSG00000143179	98	0	129
ENSG00000271187	0	0	0
ENSG00000274562	0	0	0
ENSG00000143315	299	0	299
ENSG00000116199	878	1	877
ENSG00000231175	0	0	0
ENSG00000143185	163	1	162
ENSG00000235145	0	0	0
ENSG00000116260	1191	1	1190
ENSG00000272931	7	0	7
ENSG00000143190	685	4	778
ENSG00000225475	0	0	0
ENSG00000230898	0	0	0
ENSG00000232223	0	0	0
ENSG00000224698	0	0	0
ENSG00000287697	1	6	1
ENSG00000075945	395	0	436
ENSG00000235303	0	0	0
ENSG00000234810	6	0	6
ENSG00000232750	0	0	0
ENSG00000224468	1	1	0
ENSG00000235628	0	0	0
ENSG00000232551	0	0	0
ENSG00000092607	0	0	0
ENSG00000238270	0	0	0
ENSG00000285894	0	0	0
ENSG00000236025	0	0	0
ENSG00000230687	0	0	0
ENSG00000230704	0	0	0
ENSG00000283255	0	0	0
ENSG00000227741	5	151	4
ENSG00000237049	0	0	0
ENSG00000286754	0	0	0
ENSG00000232751	0	0	0
ENSG00000236364	0	30	0
ENSG00000117091	2183	8	5772
ENSG00000235378	0	0	0
ENSG00000143171	0	0	0
ENSG00000275767	0	0	0
ENSG00000224718	0	0	0
ENSG00000047410	4924	1	5102
ENSG00000231992	0	0	0
ENSG00000018625	0	0	0
ENSG00000171806	100	2	118
ENSG00000287919	0	0	0
ENSG00000229914	2	0	2
ENSG00000233882	0	0	0
ENSG00000198358	0	0	0
ENSG00000229407	0	0	0
ENSG00000134216	0	0	0
ENSG00000230748	0	0	0
ENSG00000254154	0	0	0
ENSG00000162694	62	1	64
ENSG00000238108	0	0	0
ENSG00000214262	0	142	0
ENSG00000183853	0	0	0
ENSG00000215835	7	0	7
ENSG00000118197	563	0	564
ENSG00000135842	5412	1	5411
ENSG00000229258	0	1	0
ENSG00000287472	0	0	0
ENSG00000241318	0	0	0
ENSG00000228238	0	0	0
ENSG00000232393	0	0	0
ENSG00000121454	37	113	0
ENSG00000184155	0	0	0
ENSG00000058085	0	0	0
ENSG00000260088	0	1	0
ENSG00000287978	84	0	84
ENSG00000116815	424	0	424
ENSG00000232917	0	0	0
ENSG00000233057	1	0	1
ENSG00000237131	0	0	0
ENSG00000233946	0	0	0
ENSG00000143167	164	0	164
ENSG00000143184	24	0	24
ENSG00000231966	1	0	1
ENSG00000176320	3	0	3
ENSG00000260976	0	0	0
ENSG00000235215	0	0	0
ENSG00000223450	0	0	0
ENSG00000224691	0	0	0
ENSG00000286572	1	0	1
ENSG00000235101	3	1	2
ENSG00000228215	2	0	2
ENSG00000177807	1	0	1
ENSG00000233626	2	2	0
ENSG00000233691	0	0	0
ENSG00000283518	0	0	0
ENSG00000271527	0	0	0
ENSG00000143228	23	0	23
ENSG00000235827	0	0	0
ENSG00000231615	1	0	1
ENSG00000231714	0	0	0
ENSG00000174514	21	9	23
ENSG00000143178	84	0	84
ENSG00000224837	0	0	0
ENSG00000116833	0	0	0
ENSG00000227740	1	0	1
ENSG00000260990	0	0	0
ENSG00000000457	428	39	559
ENSG00000143507	184	0	184
ENSG00000285638	0	0	0
ENSG00000226520	0	0	0
ENSG00000284592	0	0	0
ENSG00000230987	0	0	0
ENSG00000232527	0	0	0
ENSG00000215833	0	0	0
ENSG00000228167	0	0	0
ENSG00000225325	0	0	0
ENSG00000223344	0	0	0
ENSG00000228191	0	0	0
ENSG00000229961	86	0	86
ENSG00000150732	0	0	0
ENSG00000157064	3	0	3
ENSG00000288139	0	0	0
ENSG00000226015	23	3	20
ENSG00000215808	0	0	0
ENSG00000059588	652	0	652
ENSG00000231512	0	0	0
ENSG00000237379	1	0	1
ENSG00000232959	0	41	0
ENSG00000122224	1393	7	1386
ENSG00000162782	0	0	0
ENSG00000238051	0	0	0
ENSG00000233196	2	2	0
ENSG00000229220	0	0	0
ENSG00000143653	193	0	193
ENSG00000135837	2326	0	2326
ENSG00000158711	2098	7	2102
ENSG00000227747	0	0	0
ENSG00000228081	0	0	0
ENSG00000228020	0	0	0
ENSG00000234975	9	0	9
ENSG00000162851	158	0	158
ENSG00000271427	1	0	1
ENSG00000261817	0	0	0
ENSG00000143353	134	0	161
ENSG00000197965	1129	3	1126
ENSG00000143493	357	0	357
ENSG00000230777	0	0	0
ENSG00000179397	10	0	10
ENSG00000224540	0	0	0
ENSG00000117592	2620	0	2620
ENSG00000186197	20	0	20
ENSG00000229067	0	0	0
ENSG00000230231	1	1	0
ENSG00000227711	0	0	0
ENSG00000261182	0	0	0
ENSG00000228879	0	0	0
ENSG00000227925	1	0	1
ENSG00000162670	0	0	0
ENSG00000225712	0	0	0
ENSG00000162761	0	0	0
ENSG00000143199	1	0	1
ENSG00000179930	0	0	0
ENSG00000007908	1	1	0
ENSG00000092978	206	0	206
ENSG00000143499	408	1	407
ENSG00000188404	27107	7	27100
ENSG00000227735	0	0	0
ENSG00000243062	0	0	0
ENSG00000143196	0	0	0
ENSG00000228504	0	0	0
ENSG00000274702	0	0	0
ENSG00000226211	0	0	0
ENSG00000236942	1	1	0
ENSG00000287205	1	0	1
ENSG00000203697	5	0	5
ENSG00000116574	549	0	549
ENSG00000287929	0	0	0
ENSG00000186283	644	4	640
ENSG00000224896	0	0	0
ENSG00000226292	0	0	0
ENSG00000121481	448	0	448
ENSG00000227940	0	0	0
ENSG00000117139	1041	0	1041
ENSG00000143248	6	0	6
ENSG00000278455	0	0	0
ENSG00000224810	0	0	0
ENSG00000162814	0	0	0
ENSG00000225172	0	0	0
ENSG00000261642	0	0	0
ENSG00000228239	0	0	0
ENSG00000237283	0	0	0
ENSG00000116132	0	0	0
ENSG00000238042	1	0	1
ENSG00000271475	0	0	0
ENSG00000231877	0	0	0
ENSG00000116679	3573	0	3573
ENSG00000228536	1	1	0
ENSG00000230550	0	2	0
ENSG00000229242	0	0	0
ENSG00000253326	6	0	6
ENSG00000228470	0	0	0
ENSG00000152092	0	0	0
ENSG00000234984	0	0	0
ENSG00000231648	0	0	0
ENSG00000229983	0	0	0
ENSG00000215149	0	0	0
ENSG00000225122	0	0	0
ENSG00000225920	8	8	0
ENSG00000143476	13	0	13
ENSG00000121486	689	0	689
ENSG00000228437	0	0	0
ENSG00000214837	21	0	21
ENSG00000057252	1403	0	1403
ENSG00000225982	1	0	1
ENSG00000285718	0	0	0
ENSG00000234070	0	0	0
ENSG00000233620	0	0	0
ENSG00000237783	0	0	0
ENSG00000272906	6	3	17
ENSG00000233018	0	0	0
ENSG00000123685	37	0	37
ENSG00000224783	0	0	0
ENSG00000162852	1291	0	1291
ENSG00000232792	1	1	0
ENSG00000273004	3	0	3
ENSG00000143842	124	0	124
ENSG00000268062	3	3	0
ENSG00000237409	0	0	0
ENSG00000116962	381	0	381
ENSG00000288078	0	0	0
ENSG00000271399	0	0	0
ENSG00000229757	0	0	0
ENSG00000232679	0	0	0
ENSG00000159388	4914	2	4912
ENSG00000220749	22	0	22
ENSG00000181450	147	0	147
ENSG00000223519	11	8	54
ENSG00000120333	410	7	414
ENSG00000286285	7	0	7
ENSG00000225300	1	0	1
ENSG00000223842	2	2	0
ENSG00000162753	0	0	0
ENSG00000228247	0	0	0
ENSG00000231424	2	0	2
ENSG00000143355	0	0	0
ENSG00000287177	0	0	0
ENSG00000237193	0	0	0
ENSG00000223490	0	0	0
ENSG00000121644	490	0	490
ENSG00000174502	0	0	0
ENSG00000224286	0	0	0
ENSG00000158715	205	0	205
ENSG00000143195	11	0	11
ENSG00000162849	17	2	15
ENSG00000232824	0	0	0
ENSG00000273416	0	0	0
ENSG00000234142	3	0	3
ENSG00000282111	0	0	0
ENSG00000233410	0	0	0
ENSG00000067533	306	0	306
ENSG00000228955	0	0	0
ENSG00000270443	0	0	0
ENSG00000116209	2358	0	2358
ENSG00000224702	0	0	0
ENSG00000271811	0	0	0
ENSG00000224278	0	0	0
ENSG00000235492	0	0	0
ENSG00000287808	7	159	8
ENSG00000271588	0	0	0
ENSG00000229840	0	0	0
ENSG00000116161	836	34	819
ENSG00000226486	0	0	0
ENSG00000227687	0	0	0
ENSG00000231814	0	0	0
ENSG00000286210	0	0	0
ENSG00000287364	0	0	0
ENSG00000225063	0	0	0
ENSG00000260698	8	0	8
ENSG00000277007	5	0	5
ENSG00000229016	0	0	0
ENSG00000077157	1003	1	1017
ENSG00000152104	1	1	0
ENSG00000236975	0	0	0
ENSG00000215834	0	0	0
ENSG00000286541	0	0	0
ENSG00000117650	1	0	1
ENSG00000235021	0	0	0
ENSG00000203724	1	0	1
ENSG00000225006	0	0	0
ENSG00000287633	0	0	0
ENSG00000158764	1	0	1
ENSG00000223375	0	0	0
ENSG00000230714	0	0	0
ENSG00000261065	0	9	0
ENSG00000260855	11	0	11
ENSG00000188783	0	0	0
ENSG00000236206	1	0	1
ENSG00000168118	452	0	455
ENSG00000181101	0	0	0
ENSG00000173726	1589	1	1588
ENSG00000282852	0	0	0
ENSG00000152382	286	13	273
ENSG00000143839	0	0	0
ENSG00000232100	0	0	0
ENSG00000261024	2	1	1
ENSG00000230547	0	0	0
ENSG00000229703	0	0	0
ENSG00000176754	0	0	0
ENSG00000232309	0	0	0
ENSG00000227953	7	49	9
ENSG00000232215	0	0	0
ENSG00000135829	4403	3	4560
ENSG00000228289	0	0	0
ENSG00000134717	679	0	679
ENSG00000232989	0	0	0
ENSG00000233537	0	0	0
ENSG00000116668	159	10	149
ENSG00000143756	600	0	600
ENSG00000278180	0	0	0
ENSG00000143702	774	1	896
ENSG00000232341	0	0	0
ENSG00000287676	2	0	2
ENSG00000236792	0	0	0
ENSG00000143207	1157	0	1157
ENSG00000270859	0	0	0
ENSG00000238224	0	0	0
ENSG00000286775	0	0	0
ENSG00000122176	0	0	0
ENSG00000229120	0	0	0
ENSG00000237492	1	0	1
ENSG00000230404	0	0	0
ENSG00000213036	0	0	0
ENSG00000227230	0	52	0
ENSG00000236230	0	0	0
ENSG00000026751	1260	0	1260
ENSG00000150681	1603	0	2213
ENSG00000116906	830	0	830
ENSG00000092969	5	0	5
ENSG00000157181	367	0	367
ENSG00000250762	3	3	0
ENSG00000236720	0	0	0
ENSG00000227421	2	0	2
ENSG00000227240	0	0	0
ENSG00000076258	57	0	57
ENSG00000286073	0	0	0
ENSG00000231084	2	1	1
ENSG00000232085	0	71	0
ENSG00000117697	631	0	631
ENSG00000279333	0	0	1
ENSG00000235083	0	0	0
ENSG00000162669	0	0	0
ENSG00000197067	0	0	0
ENSG00000229652	0	0	0
ENSG00000132681	0	0	0
ENSG00000225904	0	0	0
ENSG00000270920	0	0	0
ENSG00000281664	0	0	0
ENSG00000143641	806	0	1198
ENSG00000227630	3	0	3
ENSG00000228830	0	926	0
ENSG00000010932	6	0	6
ENSG00000282849	0	0	0
ENSG00000276520	0	0	0
ENSG00000226640	0	0	0
ENSG00000010072	182	74	182
ENSG00000135766	111	2	109
ENSG00000232626	0	0	0
ENSG00000232096	0	0	0
ENSG00000279261	0	0	0
ENSG00000213051	0	0	0
ENSG00000238054	0	0	0
ENSG00000163534	1033	0	1033
ENSG00000168243	0	0	0
ENSG00000281453	0	0	0
ENSG00000237469	0	0	0
ENSG00000224939	0	0	0
ENSG00000227613	0	0	0
ENSG00000116183	1	0	1
ENSG00000270106	0	0	0
ENSG00000232194	0	0	0
ENSG00000235152	0	0	0
ENSG00000231612	1	0	1
ENSG00000237980	5	0	5
ENSG00000271036	0	0	0
ENSG00000230849	0	0	0
ENSG00000170382	88	94	2
ENSG00000228664	0	0	0
ENSG00000226868	0	0	0
ENSG00000279401	0	0	0
ENSG00000272362	0	0	0
ENSG00000287450	0	0	0
ENSG00000237011	0	0	0
ENSG00000233583	0	0	0
ENSG00000066027	2312	1	2311
ENSG00000286263	0	0	0
ENSG00000227006	1	0	1
ENSG00000236372	0	0	0
ENSG00000224525	0	0	0
ENSG00000188770	0	0	0
ENSG00000173728	0	0	0
ENSG00000094975	666	0	666
ENSG00000225811	0	0	0
ENSG00000273093	0	0	0
ENSG00000162772	24	0	24
ENSG00000227818	0	0	0
ENSG00000135828	945	0	945
ENSG00000224227	2	0	2
ENSG00000286398	0	0	0
ENSG00000076356	154	0	154
ENSG00000215819	0	0	0
ENSG00000185523	1	1	0
ENSG00000236108	0	0	0
ENSG00000116711	136	0	136
ENSG00000231684	0	0	0
ENSG00000226750	0	0	0
ENSG00000285665	8	0	8
ENSG00000231022	0	0	0
ENSG00000224436	0	0	0
ENSG00000228208	0	0	0
ENSG00000273384	1	0	1
ENSG00000238061	0	0	0
ENSG00000234915	0	0	0
ENSG00000143845	17	0	28
ENSG00000235862	0	0	0
ENSG00000069812	0	0	0
ENSG00000227585	0	0	0
ENSG00000157060	0	0	0
ENSG00000237213	0	0	0
ENSG00000236439	66	0	66
ENSG00000224260	0	0	0
ENSG00000213045	2	2	0
ENSG00000287220	0	0	0
ENSG00000230063	0	0	0
ENSG00000235467	0	0	0
ENSG00000123684	2775	1	2775
ENSG00000117707	3	0	3
ENSG00000228044	0	0	0
ENSG00000225338	1	0	1
ENSG00000224407	0	392	0
ENSG00000232463	0	0	0
ENSG00000237457	0	0	0
ENSG00000225171	2	0	2
ENSG00000226843	0	0	0
ENSG00000235386	0	0	0
ENSG00000123836	386	40	385
ENSG00000213690	0	0	0
ENSG00000223982	0	0	0
ENSG00000229832	0	0	0
ENSG00000117691	187	0	187
ENSG00000225233	0	0	0
ENSG00000274895	0	0	0
ENSG00000237514	0	0	0
ENSG00000287856	0	0	0
ENSG00000228067	0	0	0
ENSG00000284299	0	0	0
ENSG00000226375	1	0	1
ENSG00000203705	234	1	233
ENSG00000224040	0	0	0
ENSG00000228686	15	15	0
ENSG00000279838	21	0	21
ENSG00000174175	190	0	190
ENSG00000236401	0	0	0
ENSG00000241475	0	0	0
ENSG00000215800	0	0	0
ENSG00000286421	0	0	0
ENSG00000270936	0	0	0
ENSG00000008118	0	0	0
ENSG00000171161	605	2	603
ENSG00000241505	0	0	0
ENSG00000224535	0	0	0
ENSG00000282097	0	0	0
ENSG00000261453	1	1	0
ENSG00000231020	0	0	0
ENSG00000270818	0	0	0
ENSG00000196878	8	0	8
ENSG00000133059	658	0	658
ENSG00000225561	1	0	1
ENSG00000224668	0	0	0
ENSG00000242529	0	0	0
ENSG00000074964	458	0	458
ENSG00000223847	0	0	0
ENSG00000277704	0	0	0
ENSG00000116918	407	9	407
ENSG00000274020	117	2	161
ENSG00000287445	1	0	1
ENSG00000259815	0	0	0
ENSG00000240963	0	0	0
ENSG00000226570	0	0	0
ENSG00000198929	2	0	2
ENSG00000272167	0	0	0
ENSG00000230628	2	0	2
ENSG00000162771	0	0	0
ENSG00000227579	0	0	0
ENSG00000176393	867	0	1411
ENSG00000174606	546	0	546
ENSG00000179914	14	0	14
ENSG00000235750	3500	0	3500
ENSG00000284376	0	0	0
ENSG00000121446	1	0	1
ENSG00000226758	2	0	2
ENSG00000230199	1	0	1
ENSG00000236905	2	1	1
ENSG00000233304	0	0	0
ENSG00000288007	1	0	1
ENSG00000227887	0	0	0
ENSG00000116903	640	0	713
ENSG00000228255	0	0	0
ENSG00000226196	0	0	0
ENSG00000287354	0	1	0
ENSG00000233827	0	0	0
ENSG00000198797	0	0	0
ENSG00000271746	2	0	2
ENSG00000234233	0	0	0
ENSG00000151414	1187	0	1187
ENSG00000177614	1	0	1
ENSG00000223794	0	0	0
ENSG00000235182	0	0	0
ENSG00000213041	0	0	0
ENSG00000287157	0	0	0
ENSG00000233920	0	0	0
ENSG00000183831	0	0	0
ENSG00000225755	1	1	0
ENSG00000143858	27	42	0
ENSG00000197472	0	0	0
ENSG00000230184	1	0	1
ENSG00000234004	0	0	0
ENSG00000232436	0	0	0
ENSG00000231718	0	0	0
ENSG00000283952	0	0	0
ENSG00000230019	0	0	0
ENSG00000136643	390	0	390
ENSG00000232537	0	0	0
ENSG00000226036	0	0	0
ENSG00000285521	0	0	0
ENSG00000236317	0	0	0
ENSG00000176855	0	0	0
ENSG00000227728	0	0	0
ENSG00000133069	182	6	176
ENSG00000162877	12	0	12
ENSG00000233461	19	1	19
ENSG00000225401	1	0	1
ENSG00000228190	0	0	0
ENSG00000135747	1	0	1
ENSG00000227237	0	0	0
ENSG00000069248	804	0	804
ENSG00000232812	0	0	0
ENSG00000231666	0	0	0
ENSG00000226986	0	0	0
ENSG00000242042	1	0	1
ENSG00000234464	0	0	0
ENSG00000253148	0	0	0
ENSG00000227751	0	449	0
ENSG00000090104	58	1	57
ENSG00000285280	11	610	11
ENSG00000232892	0	0	0
ENSG00000236950	0	0	0
ENSG00000236468	0	0	0
ENSG00000143322	486	0	486
ENSG00000185220	208	0	208
ENSG00000226003	0	0	0
ENSG00000230813	0	0	0
ENSG00000226862	6	0	6
ENSG00000236101	0	0	0
ENSG00000162769	197	0	197
ENSG00000133065	568	1	568
ENSG00000278684	0	0	0
ENSG00000236775	0	0	0
ENSG00000042781	0	0	0
ENSG00000234754	0	0	0
ENSG00000233084	4	0	4
ENSG00000227815	0	0	0
ENSG00000287046	0	0	0
ENSG00000223774	0	1	0
ENSG00000228863	16	3599	14
ENSG00000228646	0	0	0
ENSG00000229112	0	0	0
ENSG00000233332	0	0	0
ENSG00000231984	0	0	0
ENSG00000286213	0	0	0
ENSG00000226876	0	0	0
ENSG00000277462	46	0	46
ENSG00000225591	1	0	1
ENSG00000035687	927	1	926
ENSG00000213080	0	0	0
ENSG00000180287	0	0	0
ENSG00000226693	0	0	0
ENSG00000234678	21	567	0
ENSG00000231272	0	0	0
ENSG00000223828	0	0	0
ENSG00000163431	2	0	3
ENSG00000230124	343	0	419
ENSG00000226723	2	0	2
ENSG00000272672	1	0	1
ENSG00000143473	1	2	0
ENSG00000228982	0	0	0
ENSG00000235096	0	0	0
ENSG00000237250	0	0	0
ENSG00000007341	97	16	139
ENSG00000286747	0	0	0
ENSG00000236069	0	0	0
ENSG00000236244	0	0	0
ENSG00000272865	0	0	0
ENSG00000117222	857	0	857
ENSG00000143324	545	0	545
ENSG00000229871	0	0	0
ENSG00000225222	0	0	0
ENSG00000118193	8	0	8
ENSG00000234116	0	0	0
ENSG00000231940	2	0	2
ENSG00000198842	1	0	1
ENSG00000286619	35	0	36
ENSG00000198756	47	0	47
ENSG00000259823	2	2	0
ENSG00000271558	0	0	0
ENSG00000227554	0	0	0
ENSG00000178596	0	0	0
ENSG00000135749	314	14	344
ENSG00000143786	21	0	23
ENSG00000224584	0	0	0
ENSG00000054282	307	17	342
ENSG00000183780	20	0	20
ENSG00000229663	0	0	0
ENSG00000162702	794	0	794
ENSG00000251508	0	0	0
ENSG00000238272	0	0	0
ENSG00000228530	0	0	0
ENSG00000235060	0	0	0
ENSG00000143194	1	0	1
ENSG00000229531	1	1	0
ENSG00000271329	0	0	0
ENSG00000054267	2144	6	2138
ENSG00000261831	0	0	0
ENSG00000287921	0	0	0
ENSG00000177800	0	0	0
ENSG00000225620	0	0	0
ENSG00000232166	0	0	0
ENSG00000175137	1264	1	1263
ENSG00000134245	15	57	7
ENSG00000234041	0	0	0
ENSG00000227373	6	0	6
ENSG00000231905	0	0	0
ENSG00000228175	2	2	0
ENSG00000069275	2876	0	2876
ENSG00000143674	60	0	60
ENSG00000237317	0	0	0
ENSG00000187889	0	0	0
ENSG00000134375	380	0	380
ENSG00000097046	157	2	155
ENSG00000232113	0	0	0
ENSG00000282718	0	0	0
ENSG00000231378	0	0	0
ENSG00000235605	0	0	0
ENSG00000223525	0	0	0
ENSG00000224857	0	0	0
ENSG00000273367	4	0	4
ENSG00000230604	0	0	0
ENSG00000231605	0	0	0
ENSG00000236358	1	0	1
ENSG00000203737	2	0	2
ENSG00000238003	0	0	0
ENSG00000215873	0	0	0
ENSG00000287008	0	0	0
ENSG00000185420	90	0	90
ENSG00000076321	396	0	396
ENSG00000272175	0	1	3
ENSG00000231564	0	0	0
ENSG00000135778	352	33	363
ENSG00000213070	0	0	0
ENSG00000282265	0	0	0
ENSG00000250536	1	0	1
ENSG00000229747	0	0	0
ENSG00000117280	1650	1	1649
ENSG00000233985	0	0	0
ENSG00000232175	0	0	0
ENSG00000287423	0	0	0
ENSG00000286774	0	0	0
ENSG00000236719	0	0	0
ENSG00000136636	103	0	103
ENSG00000225486	0	0	0
ENSG00000227043	0	0	0
ENSG00000163874	497	2	495
ENSG00000285777	0	0	0
ENSG00000237249	0	0	0
ENSG00000286109	0	0	0
ENSG00000213068	0	0	0
ENSG00000054392	42	0	43
ENSG00000227994	0	0	0
ENSG00000286552	0	0	0
ENSG00000225711	0	0	0
ENSG00000122223	1036	14	1022
ENSG00000235869	0	0	0
ENSG00000188739	7	0	7
ENSG00000286666	0	0	0
ENSG00000135750	0	0	0
ENSG00000273198	0	0	0
ENSG00000203730	2	2	0
ENSG00000225719	0	0	0
ENSG00000273483	3	0	3
ENSG00000287987	0	0	0
ENSG00000203729	0	0	0
ENSG00000232809	0	0	0
ENSG00000284623	0	0	0
ENSG00000285981	0	0	0
ENSG00000261729	0	0	0
ENSG00000223869	0	0	0
ENSG00000229228	0	0	0
ENSG00000215796	0	0	0
ENSG00000185221	0	0	0
ENSG00000233047	0	0	0
ENSG00000143341	6	0	6
ENSG00000228309	0	0	0
ENSG00000229739	1	0	1
ENSG00000116703	1	1	0
ENSG00000273874	0	0	0
ENSG00000278791	0	7	0
ENSG00000278757	1	0	1
ENSG00000264341	0	0	0
ENSG00000264101	0	0	0
ENSG00000265141	0	0	0
ENSG00000221083	0	0	0
ENSG00000252404	0	0	0
ENSG00000222511	0	0	0
ENSG00000265392	0	0	0
ENSG00000243267	0	0	0
ENSG00000201725	0	0	0
ENSG00000274258	0	0	0
ENSG00000239149	1	0	1
ENSG00000252151	0	0	0
ENSG00000252969	1	1	0
ENSG00000252417	0	0	0
ENSG00000200975	0	0	0
ENSG00000201609	0	0	0
ENSG00000238482	0	0	0
ENSG00000252956	0	0	0
ENSG00000265606	0	0	0
ENSG00000284357	0	0	0
ENSG00000278034	0	0	0
ENSG00000207237	0	0	0
ENSG00000222784	0	0	0
ENSG00000266210	0	0	0
ENSG00000265961	0	0	0
ENSG00000251866	0	0	0
ENSG00000252691	0	0	0
ENSG00000264371	0	0	0
ENSG00000253005	1	0	1
ENSG00000238316	0	0	0
ENSG00000207941	0	0	0
ENSG00000264773	1	0	1
ENSG00000252448	4	4	0
ENSG00000200421	0	0	0
ENSG00000222282	1	1	0
ENSG00000199963	0	0	0
ENSG00000264698	0	0	0
ENSG00000207328	0	0	0
ENSG00000207466	0	0	0
ENSG00000252368	0	0	0
ENSG00000206779	0	0	0
ENSG00000265596	0	0	0
ENSG00000212541	8	7	1
ENSG00000200796	0	0	0
ENSG00000252190	0	0	0
ENSG00000264613	0	0	0
ENSG00000199240	0	0	0
ENSG00000277168	0	0	0
ENSG00000283724	0	0	0
ENSG00000284410	0	0	0
ENSG00000252018	0	0	0
ENSG00000206627	0	0	0
ENSG00000283414	0	0	0
ENSG00000207508	0	0	0
ENSG00000200171	0	0	0
ENSG00000207194	0	0	0
ENSG00000283477	0	0	0
ENSG00000264834	0	0	0
ENSG00000263675	1	0	1
ENSG00000266188	0	0	0
ENSG00000206981	0	0	0
ENSG00000200174	0	0	0
ENSG00000265822	0	0	0
ENSG00000265815	0	0	0
ENSG00000238653	0	0	0
ENSG00000212624	0	0	0
ENSG00000200575	0	0	0
ENSG00000212360	0	0	0
ENSG00000242860	0	0	0
ENSG00000263908	0	0	0
ENSG00000283690	0	0	0
ENSG00000199921	0	0	0
ENSG00000251825	0	0	0
ENSG00000201153	0	0	0
ENSG00000222624	0	0	0
ENSG00000223152	0	0	0
ENSG00000212308	0	0	0
ENSG00000279049	0	20	0
ENSG00000276081	0	0	0
ENSG00000239640	0	0	0
ENSG00000252338	0	0	0
ENSG00000251785	0	0	0
ENSG00000239319	0	0	0
ENSG00000222849	0	0	0
ENSG00000283749	0	0	0
ENSG00000251958	0	0	0
ENSG00000251767	0	0	0
ENSG00000243437	0	0	0
ENSG00000202263	0	0	0
ENSG00000199318	0	0	0
ENSG00000199666	0	0	0
ENSG00000200601	0	0	0
ENSG00000242482	0	0	0
ENSG00000212366	0	0	0
ENSG00000201620	0	0	0
ENSG00000206817	0	0	0
ENSG00000284247	0	0	0
ENSG00000200839	0	0	0
ENSG00000264963	0	0	0
ENSG00000264271	0	0	0
ENSG00000239504	0	0	0
ENSG00000284202	0	0	0
ENSG00000251720	0	0	0
ENSG00000274321	0	0	0
ENSG00000198974	0	0	0
ENSG00000212248	0	0	0
ENSG00000207962	1	0	1
ENSG00000276884	0	0	0
ENSG00000207234	2	0	2
ENSG00000202259	0	0	0
ENSG00000212459	0	0	0
ENSG00000278287	0	0	0
ENSG00000277565	0	0	0
ENSG00000263526	0	0	0
ENSG00000211575	1	0	1
ENSG00000275823	0	0	0
ENSG00000277689	0	0	0
ENSG00000274199	0	0	0
ENSG00000202254	0	0	0
ENSG00000244256	2	0	2
ENSG00000201491	0	0	0
ENSG00000199831	0	0	0
ENSG00000275455	0	0	0
ENSG00000252162	0	0	0
ENSG00000272051	0	0	0
ENSG00000283899	0	0	0
ENSG00000200800	0	0	0
ENSG00000207502	0	0	0
ENSG00000252530	0	0	0
ENSG00000200536	0	0	0
ENSG00000211543	0	0	0
ENSG00000252797	1	1	0
ENSG00000212266	0	0	0
ENSG00000222209	0	0	0
ENSG00000277141	0	0	0
ENSG00000215930	0	0	0
ENSG00000238761	0	0	0
ENSG00000201114	0	0	0
ENSG00000206679	0	0	0
ENSG00000264419	0	0	0
ENSG00000222069	0	0	0
ENSG00000274428	0	0	0
ENSG00000199879	2	0	2
ENSG00000274408	0	0	0
ENSG00000283676	0	0	0
ENSG00000252005	0	0	0
ENSG00000252510	0	0	0
ENSG00000207340	0	0	0
ENSG00000252830	0	0	0
ENSG00000274450	0	0	0
ENSG00000252135	1	0	1
ENSG00000278596	0	0	0
ENSG00000238825	0	0	0
ENSG00000201183	0	0	0
ENSG00000202408	0	0	0
ENSG00000252744	0	0	0
ENSG00000273768	1	1	0
ENSG00000242565	0	0	0
ENSG00000239984	0	0	0
ENSG00000283296	0	0	0
ENSG00000252717	0	0	0
ENSG00000194297	0	0	0
ENSG00000199565	0	0	0
ENSG00000277313	0	0	0
ENSG00000274940	0	0	0
ENSG00000207341	0	0	0
ENSG00000207472	0	0	0
ENSG00000206880	0	0	0
ENSG00000252552	0	0	0
ENSG00000199849	0	0	0
ENSG00000252407	0	0	0
ENSG00000212538	0	0	0
ENSG00000251813	0	0	0
ENSG00000207108	0	0	0
ENSG00000201312	0	0	0
ENSG00000207039	0	0	0
ENSG00000202491	0	0	0
ENSG00000201596	0	0	0
ENSG00000276839	0	0	0
ENSG00000207974	0	0	0
ENSG00000273629	0	0	0
ENSG00000201493	0	0	0
ENSG00000215952	0	0	0
ENSG00000200139	0	0	0
ENSG00000283575	0	0	0
ENSG00000238765	0	0	0
ENSG00000264916	0	0	0
ENSG00000212338	0	0	0
ENSG00000206659	0	0	0
ENSG00000253025	0	0	0
ENSG00000201619	0	0	0
ENSG00000201544	2	1	1
ENSG00000202498	0	0	0
ENSG00000221545	0	0	0
ENSG00000252906	0	0	0
ENSG00000206692	0	0	0
ENSG00000202329	0	0	0
ENSG00000242794	0	0	0
ENSG00000212144	0	0	0
ENSG00000283340	0	0	0
ENSG00000252860	0	0	0
ENSG00000252501	0	0	0
ENSG00000263390	0	0	0
ENSG00000207181	0	0	0
ENSG00000265744	0	0	0
ENSG00000264377	0	0	0
ENSG00000207149	0	0	0
ENSG00000283936	0	0	0
ENSG00000284485	0	0	0
ENSG00000201638	0	0	0
ENSG00000275213	0	0	0
ENSG00000239494	3	2	1
ENSG00000212230	0	0	0
ENSG00000252371	0	0	0
ENSG00000199442	0	0	0
ENSG00000200033	0	0	0
ENSG00000239690	0	0	0
ENSG00000202184	0	0	0
ENSG00000241395	0	0	0
ENSG00000200982	0	0	0
ENSG00000275207	0	0	0
ENSG00000202300	0	0	0
ENSG00000222407	0	0	0
ENSG00000222986	0	0	0
ENSG00000265435	0	0	0
ENSG00000272262	0	0	0
ENSG00000200495	0	0	0
ENSG00000202609	0	0	0
ENSG00000252553	0	0	0
ENSG00000206764	0	0	0
ENSG00000222240	0	0	0
ENSG00000212187	0	0	0
ENSG00000206637	0	0	0
ENSG00000253097	0	0	0
ENSG00000200036	0	0	0
ENSG00000201421	0	0	0
ENSG00000212610	0	0	0
ENSG00000252484	0	0	0
ENSG00000201944	0	0	0
ENSG00000200327	0	0	0
ENSG00000206905	0	0	0
ENSG00000200972	0	0	0
ENSG00000243051	0	0	0
ENSG00000252011	0	0	0
ENSG00000207326	0	0	0
ENSG00000212205	1	1	0
ENSG00000253042	0	0	0
ENSG00000274121	0	0	0
ENSG00000264358	0	0	0
ENSG00000206640	0	0	0
ENSG00000212527	0	0	0
ENSG00000252879	0	0	0
ENSG00000252612	0	0	0
ENSG00000202264	0	0	0
ENSG00000285609	0	0	0
ENSG00000206762	1	1	0
ENSG00000252084	0	0	0
ENSG00000200085	0	0	0
ENSG00000264500	5	5	0
ENSG00000202025	0	0	0
ENSG00000225545	0	0	0
ENSG00000206990	0	0	0
ENSG00000230175	0	0	0
ENSG00000225272	0	0	0
ENSG00000215838	0	0	0
ENSG00000273365	0	0	0
ENSG00000224358	1	0	1
ENSG00000230659	0	0	0
ENSG00000162545	39	0	39
ENSG00000090432	515	0	515
ENSG00000215520	0	0	0
ENSG00000183114	0	0	0
ENSG00000158825	995	0	995
ENSG00000158828	367	127	1220
ENSG00000284005	0	0	0
ENSG00000117242	58	865	173
ENSG00000234473	0	0	0
ENSG00000238754	0	0	0
ENSG00000134371	653	2	653
ENSG00000221680	0	0	0
ENSG00000162630	55	0	57
ENSG00000276735	0	0	0
ENSG00000232077	0	0	0
ENSG00000229639	0	0	0
ENSG00000287453	0	0	0
ENSG00000270615	0	0	0
ENSG00000287283	0	0	0
ENSG00000240692	0	0	0
ENSG00000229359	0	0	0
ENSG00000237919	0	1	0
ENSG00000066557	293	0	293
ENSG00000244389	0	0	0
ENSG00000228988	0	0	0
ENSG00000118454	397	0	397
ENSG00000226088	1	1	0
ENSG00000116761	26	0	26
ENSG00000278636	0	0	0
ENSG00000271992	1	0	1
ENSG00000233020	0	0	0
ENSG00000237033	0	0	0
ENSG00000226208	0	0	0
ENSG00000007968	191	0	191
ENSG00000235052	9	0	9
ENSG00000117318	329	0	329
ENSG00000285802	1	0	1
ENSG00000229239	0	0	0
ENSG00000142676	27087	7	27080
ENSG00000057757	550	0	550
ENSG00000011009	1112	0	1115
ENSG00000117308	120	0	120
ENSG00000273844	0	0	0
ENSG00000235748	0	0	0
ENSG00000237861	0	0	0
ENSG00000221879	0	0	0
ENSG00000230260	0	0	0
ENSG00000199241	0	0	0
ENSG00000226919	0	0	0
ENSG00000223963	0	0	0
ENSG00000215802	0	0	0
ENSG00000233615	0	0	0
ENSG00000238085	0	0	0
ENSG00000265831	0	0	0
ENSG00000224348	0	0	0
ENSG00000286496	0	0	0
ENSG00000287516	0	0	0
ENSG00000287738	0	0	0
ENSG00000132703	0	0	0
ENSG00000276632	0	0	0
ENSG00000223603	0	0	0
ENSG00000132693	0	0	0
ENSG00000235226	0	0	0
ENSG00000158716	150	0	150
ENSG00000181036	397	7	390
ENSG00000158714	25	27	104
ENSG00000212161	0	0	0
ENSG00000243284	2	0	4
ENSG00000272668	54	7	49
ENSG00000213085	52	0	52
ENSG00000266458	0	0	0
ENSG00000287040	0	0	0
ENSG00000279430	1	0	1
ENSG00000162723	3	0	3
ENSG00000273933	0	0	0
ENSG00000256029	1	31	8
ENSG00000188004	0	0	0
ENSG00000266580	0	0	0
ENSG00000254545	0	11	0
ENSG00000203620	0	0	0
ENSG00000269967	0	0	0
ENSG00000228634	2	3	0
ENSG00000284702	0	0	0
ENSG00000221040	0	0	0
ENSG00000287217	1	0	1
ENSG00000163399	2291	38	7281
ENSG00000212385	0	0	0
ENSG00000233154	6	0	6
ENSG00000230381	0	0	0
ENSG00000200547	0	0	0
ENSG00000224950	23	0	26
ENSG00000286276	6	9	0
ENSG00000177888	254	0	254
ENSG00000243364	77	0	77
ENSG00000251246	0	0	0
ENSG00000143590	31	0	31
ENSG00000202027	0	0	0
ENSG00000169242	33	0	33
ENSG00000169241	489	3	486
ENSG00000223452	0	0	0
ENSG00000163463	68	0	68
ENSG00000273088	0	0	0
ENSG00000284586	0	0	0
ENSG00000169231	101	4	236
ENSG00000236263	0	30	8
ENSG00000236675	53	52	1
ENSG00000177628	888	0	888
ENSG00000116521	935	0	935
ENSG00000176444	1146	1	1145
ENSG00000143630	25	0	28
ENSG00000143627	0	3	0
ENSG00000253074	0	0	0
ENSG00000252116	0	0	0
ENSG00000228523	0	0	0
ENSG00000223263	2	2	0
ENSG00000207504	0	0	0
ENSG00000238139	0	0	0
ENSG00000197721	10	0	11
ENSG00000244703	0	0	0
ENSG00000226289	0	0	0
ENSG00000285239	0	1	0
ENSG00000234219	3	2	1
ENSG00000174059	18	0	18
ENSG00000285719	1	0	1
ENSG00000284237	0	0	0
ENSG00000158731	0	0	0
ENSG00000201746	0	0	0
ENSG00000264881	0	0	0
ENSG00000199562	0	0	0
ENSG00000264501	0	0	0
ENSG00000284735	4	4	0
ENSG00000284642	9	1	8
ENSG00000142657	5742	2	5740
ENSG00000271989	0	6	0
ENSG00000251503	0	0	0
ENSG00000175279	0	0	0
ENSG00000160049	616	0	750
ENSG00000203469	0	83	0
ENSG00000236035	0	0	0
ENSG00000221643	2	0	2
ENSG00000122188	592	0	592
ENSG00000288644	0	0	0
ENSG00000227417	0	0	0
ENSG00000223505	0	0	0
ENSG00000182004	344	0	344
ENSG00000236430	0	0	0
ENSG00000130768	9	1	21
ENSG00000227050	0	15	1
ENSG00000238231	3	3	0
ENSG00000240750	0	0	0
ENSG00000158156	891	1	893
ENSG00000182118	26	0	26
ENSG00000283799	0	0	0
ENSG00000227934	1	0	1
ENSG00000229595	0	0	0
ENSG00000143633	259	0	259
ENSG00000281912	6	0	6
ENSG00000288208	0	0	0
ENSG00000132773	208	23	238
ENSG00000070759	224	15	233
ENSG00000236872	0	0	0
ENSG00000280670	97	0	97
ENSG00000132763	93	487	105
ENSG00000221953	0	0	0
ENSG00000226164	0	0	0
ENSG00000224014	1	0	1
ENSG00000215795	2	2	0
ENSG00000259865	52	0	52
ENSG00000227671	723	0	723
ENSG00000283881	0	0	0
ENSG00000252516	3	0	3
ENSG00000232347	0	0	0
ENSG00000214144	1	0	1
ENSG00000235818	0	0	0
ENSG00000197617	1	1	0
ENSG00000202079	1	1	0
ENSG00000286216	1	1	0
ENSG00000203664	0	0	0
ENSG00000169224	72	0	75
ENSG00000236817	0	3	0
ENSG00000177489	1	0	1
ENSG00000177476	0	0	0
ENSG00000283369	0	0	0
ENSG00000230411	0	0	0
ENSG00000251977	0	0	0
ENSG00000252254	0	0	0
ENSG00000227854	0	0	0
ENSG00000287589	0	0	0
ENSG00000259776	0	0	0
ENSG00000233355	646	1	651
ENSG00000234601	0	0	0
ENSG00000231979	0	0	0
ENSG00000215805	0	0	0
ENSG00000287102	0	0	0
ENSG00000217327	0	0	0
ENSG00000228818	1	0	1
ENSG00000202041	0	0	0
ENSG00000223694	0	0	0
ENSG00000233735	0	0	0
ENSG00000133019	6	7	5
ENSG00000162636	576	3	573
ENSG00000162639	326	3	325
ENSG00000285923	3	0	5
ENSG00000134186	2331	25	2306
ENSG00000143107	1	0	1
ENSG00000232971	0	0	0
ENSG00000116266	1152	0	1152
ENSG00000228076	0	0	0
ENSG00000203897	0	0	0
ENSG00000237349	1	0	1
ENSG00000244716	46	0	46
ENSG00000228665	0	0	0
ENSG00000228054	0	0	0
ENSG00000273382	25	110	26
ENSG00000215717	1140	4	1247
ENSG00000278249	0	0	0
ENSG00000270066	0	0	0
ENSG00000251484	2	2	0
ENSG00000132676	1661	116	1662
ENSG00000227673	0	0	0
ENSG00000203761	115	57	77
ENSG00000234937	0	0	0
ENSG00000132718	629	0	629
ENSG00000283442	0	0	0
ENSG00000143622	1183	1	1182
ENSG00000132680	1045	1	1044
ENSG00000207475	0	0	0
ENSG00000280466	0	0	0
ENSG00000281394	0	0	0
ENSG00000277817	0	0	0
ENSG00000273002	35	0	36
ENSG00000224276	1	1	0
ENSG00000285677	2	1729	1
ENSG00000163479	2680	1	4406
ENSG00000160803	833	0	833
ENSG00000132698	14	0	14
ENSG00000252236	0	0	0
ENSG00000260238	0	0	0
ENSG00000242252	2	0	2
ENSG00000198952	1706	0	1706
ENSG00000163472	152	113	163
ENSG00000163468	2361	0	2361
ENSG00000132677	0	0	0
ENSG00000237390	0	0	0
ENSG00000207933	0	0	0
ENSG00000254726	4	0	4
ENSG00000186377	0	0	0
ENSG00000186160	0	0	0
ENSG00000225154	0	0	0
ENSG00000225506	1	0	1
ENSG00000225514	0	0	0
ENSG00000224805	10	0	13
ENSG00000162366	301	0	301
ENSG00000226252	5	28	1
ENSG00000225762	3	2	1
ENSG00000186790	0	0	0
ENSG00000237424	57	0	57
ENSG00000189030	0	0	0
ENSG00000162763	0	0	0
ENSG00000143061	2	0	2
ENSG00000135821	8894	1	8893
ENSG00000203740	0	0	0
ENSG00000162374	2	0	2
ENSG00000168275	84	6	129
ENSG00000241563	0	0	0
ENSG00000153207	2261	1	2260
ENSG00000156869	125	0	125
ENSG00000033122	17	10	8
ENSG00000143278	0	0	0
ENSG00000116678	123	0	123
ENSG00000159352	1826	1	1825
ENSG00000158710	17105	8	17097
ENSG00000162734	2140	3	2288
ENSG00000049239	1506	0	1506
ENSG00000186564	6	0	6
ENSG00000244038	3286	7	3279
ENSG00000158747	52	0	52
ENSG00000116690	16	181	15
ENSG00000126091	17	0	17
ENSG00000162383	20	0	20
ENSG00000171163	409	3	406
ENSG00000172456	28	0	28
ENSG00000162946	420	0	420
ENSG00000158786	0	0	0
ENSG00000118733	0	0	0
ENSG00000157870	575	8	647
ENSG00000179085	80	0	80
ENSG00000173080	1	1	0
ENSG00000183347	9	0	9
ENSG00000276470	0	0	0
ENSG00000278852	0	0	0
ENSG00000275915	0	0	0
ENSG00000120937	0	0	0
ENSG00000224904	0	0	0
ENSG00000285646	8	8	0
ENSG00000199347	0	0	0
ENSG00000201801	0	0	0
ENSG00000116685	1183	1	1182
ENSG00000083444	1079	1	1078
ENSG00000287384	1	1	0
ENSG00000270914	0	0	0
ENSG00000116691	417	0	417
ENSG00000202461	2	2	0
ENSG00000276869	0	0	0
ENSG00000243539	0	0	0
ENSG00000120949	316	3	313
ENSG00000201135	0	0	0
ENSG00000227875	0	0	0
ENSG00000285604	0	0	0
ENSG00000283789	0	0	0
ENSG00000263676	0	0	0
ENSG00000200591	0	0	0
ENSG00000162521	2042	2	3008
ENSG00000162520	1	968	1
ENSG00000224409	1	0	1
ENSG00000162522	68	0	68
ENSG00000116497	679	0	694
ENSG00000160097	3	1	2
ENSG00000121905	0	0	0
ENSG00000121900	0	0	0
ENSG00000287691	11	16	0
ENSG00000278966	6	6	0
ENSG00000143222	1043	1	1388
ENSG00000224985	1	345	2
ENSG00000143224	239	110	243
ENSG00000158850	794	7	898
ENSG00000158859	23	3	20
ENSG00000158869	5725	0	5725
ENSG00000158874	2	2	0
ENSG00000158882	121	0	189
ENSG00000284035	0	0	0
ENSG00000143257	8	76	0
ENSG00000248485	10	10	0
ENSG00000188931	54	70	0
ENSG00000236484	0	0	0
ENSG00000283696	37	0	37
ENSG00000288093	6	0	6
ENSG00000206921	0	0	0
ENSG00000215840	1	0	1
ENSG00000277882	0	0	0
ENSG00000283317	5	5	0
ENSG00000277762	0	0	0
ENSG00000227139	0	0	0
ENSG00000265107	0	0	0
ENSG00000274415	0	0	0
ENSG00000234190	0	0	0
ENSG00000223728	0	0	0
ENSG00000121634	0	0	0
ENSG00000188092	68	0	68
ENSG00000215859	4	4	0
ENSG00000273059	0	0	0
ENSG00000274372	0	0	0
ENSG00000206791	0	0	0
ENSG00000206585	0	0	0
ENSG00000229828	0	0	0
ENSG00000225080	3	3	0
ENSG00000198658	0	0	0
ENSG00000238382	0	0	0
ENSG00000225919	0	0	0
ENSG00000236497	0	0	0
ENSG00000207190	0	0	0
ENSG00000200508	0	0	0
ENSG00000284928	0	0	0
ENSG00000223949	0	0	0
ENSG00000116688	2297	1	2296
ENSG00000188800	1	0	1
ENSG00000084073	664	0	667
ENSG00000231296	0	3	0
ENSG00000049089	179	1	178
ENSG00000227311	0	0	0
ENSG00000213172	0	0	0
ENSG00000284677	1	0	1
ENSG00000187801	62	0	62
ENSG00000260920	40	0	40
ENSG00000158887	90	0	90
ENSG00000255054	0	0	0
ENSG00000228172	3	293	10
ENSG00000117640	472	5	620
ENSG00000272478	0	0	0
ENSG00000127423	6	10	1
ENSG00000182749	169	11	215
ENSG00000207302	0	0	0
ENSG00000117632	560	0	560
ENSG00000229786	0	0	0
ENSG00000223624	0	0	0
ENSG00000283938	0	0	0
ENSG00000199385	0	0	0
ENSG00000187147	1140	14	1735
ENSG00000263381	0	0	0
ENSG00000126106	33	597	45
ENSG00000198520	372	3	369
ENSG00000199377	0	0	0
ENSG00000200169	0	0	0
ENSG00000142945	14	2	15
ENSG00000142937	12989	24	15681
ENSG00000264294	0	0	0
ENSG00000200913	1	0	1
ENSG00000202031	0	0	0
ENSG00000207421	0	0	0
ENSG00000281859	0	0	0
ENSG00000234093	1	1	0
ENSG00000142959	7	0	7
ENSG00000173846	312	2	337
ENSG00000117425	15	0	15
ENSG00000202444	0	0	0
ENSG00000226499	1	0	1
ENSG00000070785	171	0	172
ENSG00000253039	0	0	0
ENSG00000229815	0	1	0
ENSG00000232369	0	0	0
ENSG00000268949	0	0	0
ENSG00000126107	895	0	898
ENSG00000126088	574	3	574
ENSG00000234315	0	0	0
ENSG00000162408	589	0	589
ENSG00000229519	0	0	0
ENSG00000173662	0	0	0
ENSG00000204859	603	9	594
ENSG00000288629	0	0	0
ENSG00000230735	2	4	2
ENSG00000171488	1420	1	1419
ENSG00000226394	0	0	0
ENSG00000237200	0	0	0
ENSG00000070886	0	0	0
ENSG00000276835	0	0	0
ENSG00000265422	0	0	0
ENSG00000223776	2	105	4
ENSG00000273058	34	0	34
ENSG00000230325	3	16	5
ENSG00000119285	944	781	1105
ENSG00000226498	0	0	0
ENSG00000237991	4	0	4
ENSG00000244020	0	0	0
ENSG00000288099	0	0	0
ENSG00000225886	3	3	0
ENSG00000206767	0	0	0
ENSG00000226662	0	0	0
ENSG00000207095	0	0	0
ENSG00000287244	0	0	0
ENSG00000231344	0	0	0
ENSG00000230833	0	0	0
ENSG00000117758	648	0	648
ENSG00000269971	0	0	0
ENSG00000270031	1	0	1
ENSG00000223062	0	0	0
ENSG00000286433	0	89	0
ENSG00000117751	897	6	980
ENSG00000252947	1	0	1
ENSG00000130775	5335	1	5336
ENSG00000117748	1511	47	1466
ENSG00000223643	0	0	0
ENSG00000230239	0	0	0
ENSG00000263811	0	0	0
ENSG00000277234	0	0	0
ENSG00000235241	0	92	1
ENSG00000207005	0	0	0
ENSG00000272426	3	3	0
ENSG00000117122	0	0	0
ENSG00000286898	0	0	0
ENSG00000226526	0	55	0
ENSG00000159363	619	1	652
ENSG00000117118	842	0	842
ENSG00000117115	1275	1	1274
ENSG00000204362	0	0	0
ENSG00000282843	0	0	0
ENSG00000142623	0	0	0
ENSG00000142619	0	0	0
ENSG00000266634	0	0	0
ENSG00000199459	0	0	0
ENSG00000273264	0	0	0
ENSG00000282057	0	0	0
ENSG00000272691	0	0	0
ENSG00000199934	0	0	0
ENSG00000230285	0	0	0
ENSG00000142871	0	0	0
ENSG00000226643	0	0	0
ENSG00000234419	0	0	0
ENSG00000276997	10	0	10
ENSG00000222399	0	0	0
ENSG00000267305	0	0	0
ENSG00000143512	8	0	8
ENSG00000143498	113	0	126
ENSG00000225265	14	13	14
ENSG00000154305	1833	38	2272
ENSG00000229399	0	0	0
ENSG00000272750	20	474	21
ENSG00000186063	748	20	748
ENSG00000162819	816	1	833
ENSG00000287684	4	14	3
ENSG00000234523	0	0	0
ENSG00000287338	4	0	4
ENSG00000187554	524	48	476
ENSG00000236846	1	0	1
ENSG00000226601	0	0	0
ENSG00000164010	226	11	349
ENSG00000164011	193	0	193
ENSG00000233708	0	0	0
ENSG00000237090	0	0	0
ENSG00000225099	1	0	1
ENSG00000284138	0	0	0
ENSG00000283973	0	5	1
ENSG00000207256	0	0	0
ENSG00000283136	0	0	0
ENSG00000277513	0	0	0
ENSG00000154309	154	0	154
ENSG00000226967	0	0	0
ENSG00000231407	1	2	1
ENSG00000229570	0	0	0
ENSG00000203857	0	0	0
ENSG00000226443	2	0	2
ENSG00000249798	0	0	0
ENSG00000239873	0	0	0
ENSG00000203855	1	1	0
ENSG00000240244	0	0	0
ENSG00000260941	7	0	7
ENSG00000198857	2	2	0
ENSG00000143067	62	0	62
ENSG00000134240	0	0	0
ENSG00000134193	52	0	52
ENSG00000215864	0	0	0
ENSG00000227205	0	0	0
ENSG00000226446	0	0	0
ENSG00000134249	0	0	0
ENSG00000092621	140	0	140
ENSG00000027644	1	0	1
ENSG00000241992	0	0	0
ENSG00000234226	0	0	0
ENSG00000137970	232	0	232
ENSG00000223229	0	0	0
ENSG00000285698	0	0	0
ENSG00000228035	0	0	0
ENSG00000287103	0	0	0
ENSG00000226973	0	0	0
ENSG00000274468	0	0	0
ENSG00000130764	622	19	681
ENSG00000266075	2	2	0
ENSG00000272153	5	83	0
ENSG00000230026	0	0	0
ENSG00000285177	0	1	0
ENSG00000284770	6	54	7
ENSG00000229795	0	0	0
ENSG00000238236	0	0	0
ENSG00000235638	0	0	0
ENSG00000231199	0	0	0
ENSG00000226663	0	0	0
ENSG00000231582	0	0	0
ENSG00000232714	0	0	0
ENSG00000235761	0	0	0
ENSG00000270710	0	0	0
ENSG00000227236	0	0	0
ENSG00000198837	3898	2	4061
ENSG00000160741	2186	0	2186
ENSG00000276584	0	0	0
ENSG00000282386	4	0	4
ENSG00000273026	3	1	2
ENSG00000143578	80	21	103
ENSG00000143543	77	2	97
ENSG00000285641	0	10	0
ENSG00000143545	13	0	13
ENSG00000177954	34595	8	34587
ENSG00000231416	1	0	1
ENSG00000200220	0	0	0
ENSG00000231837	0	0	0
ENSG00000263987	0	0	0
ENSG00000162642	310	0	310
ENSG00000223254	1	1	0
ENSG00000223653	4	53	5
ENSG00000116198	717	0	717
ENSG00000169598	262	2	260
ENSG00000226653	0	0	0
ENSG00000207209	0	0	0
ENSG00000272443	0	0	0
ENSG00000272480	0	0	0
ENSG00000288626	0	0	0
ENSG00000162836	212	1	211
ENSG00000207080	0	0	0
ENSG00000231791	0	0	0
ENSG00000244568	0	0	0
ENSG00000271387	0	0	0
ENSG00000116667	285	0	285
ENSG00000230470	0	0	0
ENSG00000232036	0	0	0
ENSG00000285847	2	2	0
ENSG00000286378	0	0	0
ENSG00000215381	0	0	0
ENSG00000261326	65	0	65
ENSG00000284726	8	8	0
ENSG00000125945	277	4	277
ENSG00000201405	0	0	0
ENSG00000271420	1	0	1
ENSG00000204219	257	1	256
ENSG00000232482	0	0	0
ENSG00000285779	0	0	0
ENSG00000162885	96	37	188
ENSG00000270780	0	0	0
ENSG00000232895	0	0	0
ENSG00000273698	0	0	0
ENSG00000273112	12	0	12
ENSG00000173110	1193	2	1191
ENSG00000224203	2	2	0
ENSG00000224515	0	0	0
ENSG00000225217	181	0	181
ENSG00000231586	0	0	0
ENSG00000234211	1	33	0
ENSG00000213075	1	1	0
ENSG00000143125	0	0	0
ENSG00000270380	0	0	0
ENSG00000282887	0	0	0
ENSG00000283999	0	0	0
ENSG00000240194	0	0	0
ENSG00000235407	0	0	0
ENSG00000143105	0	0	0
ENSG00000199710	0	0	0
ENSG00000237415	1	0	1
ENSG00000232791	0	0	0
ENSG00000177301	33	2	31
ENSG00000226828	4	5	0
ENSG00000279774	0	0	0
ENSG00000229960	0	0	0
ENSG00000286486	0	0	0
ENSG00000244066	0	0	0
ENSG00000237759	0	0	0
ENSG00000287531	0	0	0
ENSG00000225855	40	579	12
ENSG00000283701	0	0	0
ENSG00000207134	0	0	0
ENSG00000227773	0	0	0
ENSG00000207144	0	0	0
ENSG00000237872	0	0	0
ENSG00000271267	5	5	0
ENSG00000225082	0	0	1
ENSG00000223503	2	2	0
ENSG00000232519	0	1	0
ENSG00000160752	369	6	901
ENSG00000121957	74	228	101
ENSG00000235089	0	0	0
ENSG00000285179	0	0	0
ENSG00000223026	0	0	0
ENSG00000225721	2	2705	17
ENSG00000188396	7	32	3
ENSG00000202167	0	0	0
ENSG00000207349	0	0	0
ENSG00000252826	0	0	0
ENSG00000206737	1	0	1
ENSG00000223779	1	0	1
ENSG00000242352	1	0	1
ENSG00000270962	0	0	0
ENSG00000263590	0	0	0
ENSG00000252105	0	0	0
ENSG00000233430	0	0	0
ENSG00000237503	0	0	0
ENSG00000265531	15	0	19
ENSG00000234571	6	10	0
ENSG00000230186	0	0	0
ENSG00000268074	0	0	0
ENSG00000270872	9	0	9
ENSG00000276674	0	0	0
ENSG00000082482	0	0	0
ENSG00000116747	544	11	590
ENSG00000118729	0	0	0
ENSG00000134207	1	1	0
ENSG00000163467	3	3	0
ENSG00000243710	1	2	1
ENSG00000117395	484	1	485
ENSG00000116874	163	13	173
ENSG00000065600	194	0	194
ENSG00000009780	175	0	175
ENSG00000023572	125	37	122
ENSG00000077254	1280	1	1279
ENSG00000134644	2402	0	2402
ENSG00000215788	752	2	780
ENSG00000117834	22	7	17
ENSG00000117625	905	2	903
ENSG00000179902	4	2	3
ENSG00000020633	4054	5	4049
ENSG00000121766	318	2	455
ENSG00000143157	1567	0	1567
ENSG00000162614	129	3	129
ENSG00000160781	36	0	36
ENSG00000143344	157	0	157
ENSG00000162613	2000	3	1997
ENSG00000116882	0	0	0
ENSG00000198758	2	0	2
ENSG00000117569	235	0	235
ENSG00000142856	155	77	154
ENSG00000158022	0	0	0
ENSG00000116396	126	1	125
ENSG00000058668	4173	1	4172
ENSG00000163875	1063	1	1062
ENSG00000282872	0	0	0
ENSG00000131238	5801	7	5796
ENSG00000171680	64	1	63
ENSG00000244457	0	0	0
ENSG00000116977	1551	249	2506
ENSG00000229372	0	119	0
ENSG00000274975	0	0	0
ENSG00000229348	0	0	0
ENSG00000242485	536	18	594
ENSG00000264293	0	0	0
ENSG00000272455	21	0	21
ENSG00000225905	0	0	0
ENSG00000225285	0	0	0
ENSG00000179403	0	0	0
ENSG00000215915	13	0	13
ENSG00000236085	0	0	0
ENSG00000234441	0	0	0
ENSG00000227408	0	0	0
ENSG00000223635	0	0	0
ENSG00000135776	332	0	332
ENSG00000199672	0	0	0
ENSG00000201492	1	1	0
ENSG00000229367	0	0	0
ENSG00000135763	315	0	315
ENSG00000213028	0	0	0
ENSG00000225984	0	0	0
ENSG00000178828	0	0	0
ENSG00000235434	0	0	0
ENSG00000169914	203	1	202
ENSG00000188784	0	0	0
ENSG00000242688	0	0	0
ENSG00000177186	0	0	0
ENSG00000177174	0	0	0
ENSG00000269956	18	255	0
ENSG00000162456	0	0	0
ENSG00000079277	1220	0	1457
ENSG00000117407	1	0	1
ENSG00000237950	20	0	20
ENSG00000117408	538	0	538
ENSG00000285649	0	60	0
ENSG00000117410	1882	0	1882
ENSG00000159214	24	1	27
ENSG00000196517	9	3	10
ENSG00000227163	0	0	0
ENSG00000271647	0	0	0
ENSG00000239560	0	0	0
ENSG00000196539	0	0	0
ENSG00000229255	0	0	0
ENSG00000203661	0	0	0
ENSG00000271934	0	0	0
ENSG00000224521	1	0	2
ENSG00000227102	0	0	0
ENSG00000183310	0	0	0
ENSG00000201602	0	0	0
ENSG00000271701	0	0	0
ENSG00000189181	0	0	0
ENSG00000187238	0	0	0
ENSG00000185962	0	0	0
ENSG00000226947	0	0	0
ENSG00000285753	0	0	0
ENSG00000187223	0	0	0
ENSG00000159455	0	0	0
ENSG00000187173	0	0	0
ENSG00000204501	0	0	0
ENSG00000228229	0	0	0
ENSG00000204481	0	0	0
ENSG00000204479	0	0	0
ENSG00000172031	5	1	4
ENSG00000233228	0	0	0
ENSG00000224678	0	0	0
ENSG00000233401	0	0	0
ENSG00000273487	5	0	5
ENSG00000226773	0	0	0
ENSG00000274481	0	0	0
ENSG00000228594	74	0	74
ENSG00000286989	25	0	25
ENSG00000272106	37	1	38
ENSG00000189409	0	0	0
ENSG00000272004	0	17	0
ENSG00000189339	487	5	499
ENSG00000269737	20	19	1
ENSG00000215914	0	0	0
ENSG00000008128	28	0	30
ENSG00000268575	38	0	81
ENSG00000227775	316	373	1
ENSG00000008130	5491	6	5485
ENSG00000078369	7750	5	7745
ENSG00000178821	0	0	0
ENSG00000158477	62	1	61
ENSG00000230942	1	0	1
ENSG00000158481	355	0	355
ENSG00000158485	7	0	7
ENSG00000158488	21	0	21
ENSG00000186306	0	0	0
ENSG00000203758	0	0	0
ENSG00000236257	0	0	0
ENSG00000236656	0	0	0
ENSG00000198703	0	0	0
ENSG00000227445	0	0	0
ENSG00000231434	0	0	0
ENSG00000117505	1733	0	1768
ENSG00000229635	0	0	0
ENSG00000207379	0	0	0
ENSG00000212601	0	0	0
ENSG00000162889	2530	0	2530
ENSG00000224114	60	0	60
ENSG00000199349	1	1	0
ENSG00000162892	78	971	2
ENSG00000162894	7260	4	8151
ENSG00000271680	34	34	0
ENSG00000226945	18	18	0
ENSG00000162896	2	0	2
ENSG00000162897	0	0	0
ENSG00000182795	29	1	28
ENSG00000198890	262	0	262
ENSG00000224550	0	0	0
ENSG00000142669	11168	1	14336
ENSG00000169442	4422	7	11957
ENSG00000225854	0	0	0
ENSG00000176083	333	1	332
ENSG00000229167	0	0	0
ENSG00000142910	1	0	1
ENSG00000162517	724	1	916
ENSG00000235790	0	1	0
ENSG00000264078	0	0	0
ENSG00000241745	0	0	0
ENSG00000228407	0	0	0
ENSG00000223429	0	0	0
ENSG00000224255	0	0	0
ENSG00000236004	0	0	0
ENSG00000237663	0	0	0
ENSG00000213735	0	0	0
ENSG00000272100	4	88	0
ENSG00000287078	1	0	1
ENSG00000224680	2	0	2
ENSG00000085840	20	0	20
ENSG00000283445	0	0	0
ENSG00000272226	4	4	0
ENSG00000231740	0	0	0
ENSG00000143751	692	1	691
ENSG00000272562	3	0	3
ENSG00000163041	5513	2	5511
ENSG00000225518	2	0	2
ENSG00000270598	0	0	0
ENSG00000182827	456	1	567
ENSG00000234478	2	114	0
ENSG00000223570	0	0	0
ENSG00000185155	4	0	4
ENSG00000236773	1	0	1
ENSG00000143753	975	0	975
ENSG00000201898	0	0	0
ENSG00000237101	1	62	1
ENSG00000143748	348	1	409
ENSG00000221406	1	0	1
ENSG00000229742	0	0	0
ENSG00000206887	0	0	0
ENSG00000143771	352	0	352
ENSG00000266618	0	0	0
ENSG00000229991	0	0	0
ENSG00000233384	0	0	0
ENSG00000234247	0	0	0
ENSG00000183682	55	75	6
ENSG00000237624	0	0	0
ENSG00000228060	2	526	0
ENSG00000201457	0	0	0
ENSG00000163909	11	0	11
ENSG00000225903	0	0	0
ENSG00000116983	201	2	199
ENSG00000225333	1	0	1
ENSG00000252413	0	0	0
ENSG00000090621	1871	0	2395
ENSG00000236994	0	0	0
ENSG00000275406	0	0	0
ENSG00000270287	0	0	0
ENSG00000229965	0	0	0
ENSG00000223282	0	0	0
ENSG00000177770	0	0	0
ENSG00000287627	0	0	0
ENSG00000283933	0	0	0
ENSG00000143369	16	0	16
ENSG00000228126	0	0	0
ENSG00000237781	53	64	107
ENSG00000264553	12	12	0
ENSG00000277452	9	0	9
ENSG00000274963	5	2	3
ENSG00000253047	1	0	1
ENSG00000143420	1992	2	1990
ENSG00000276103	2	0	2
ENSG00000143457	354	0	354
ENSG00000143452	20	0	20
ENSG00000206931	0	0	0
ENSG00000236713	0	0	0
ENSG00000224690	1	1	0
ENSG00000203804	1	154	56
ENSG00000143384	19315	8	19309
ENSG00000154342	0	0	0
ENSG00000276255	0	0	0
ENSG00000284163	0	0	0
ENSG00000143793	176	11	165
ENSG00000162910	155	1	154
ENSG00000224566	0	0	0
ENSG00000287895	3	3	0
ENSG00000280157	4	0	4
ENSG00000227625	0	0	0
ENSG00000198835	10	0	10
ENSG00000203684	1	0	1
ENSG00000181873	237	0	237
ENSG00000162913	22	4	21
ENSG00000269934	41	34	64
ENSG00000270110	3	3	0
ENSG00000286773	0	0	0
ENSG00000287315	26	124	8
ENSG00000270104	3	0	3
ENSG00000154370	382	0	527
ENSG00000270094	0	147	0
ENSG00000284311	0	0	0
ENSG00000162931	18	16	5
ENSG00000230841	0	0	0
ENSG00000266174	0	0	0
ENSG00000279306	2	1	1
ENSG000002158