N_unmapped	231692	231692	231692
N_multimapping	2906291	2906291	2906291
N_noFeature	1171441	27036302	1307945
N_ambiguous	2963716	44702	1124992
ENSG00000160072	141	0	141
ENSG00000234396	0	0	0
ENSG00000225972	12	0	13
ENSG00000224315	0	0	0
ENSG00000198744	15	0	15
ENSG00000279928	14	0	14
ENSG00000228037	13	1	12
ENSG00000142611	4	0	4
ENSG00000225630	1778	23	1755
ENSG00000284616	0	0	0
ENSG00000157911	64	498	141
ENSG00000269896	18	0	18
ENSG00000237973	959	3	972
ENSG00000228463	43	0	68
ENSG00000260972	0	0	0
ENSG00000157933	2073	1	2072
ENSG00000224340	0	0	0
ENSG00000226545	0	0	0
ENSG00000268663	0	0	0
ENSG00000226374	0	0	0
ENSG00000229280	0	0	0
ENSG00000142655	187	25	186
ENSG00000232596	0	0	0
ENSG00000235054	0	0	0
ENSG00000232663	0	0	0
ENSG00000240409	0	0	0
ENSG00000229344	11	0	12
ENSG00000231510	0	0	0
ENSG00000149527	113	3	110
ENSG00000284739	0	0	0
ENSG00000171621	102	1	101
ENSG00000272235	0	0	0
ENSG00000284694	0	0	0
ENSG00000230021	2	14	3
ENSG00000287356	6	4	3
ENSG00000224387	0	0	0
ENSG00000285629	0	0	0
ENSG00000173673	0	0	0
ENSG00000142583	73	0	73
ENSG00000284674	0	0	0
ENSG00000272161	0	0	0
ENSG00000237094	215	0	215
ENSG00000224338	0	0	0
ENSG00000074800	12448	12	12438
ENSG00000116786	1592	2	1795
ENSG00000287727	2	2	0
ENSG00000228423	0	0	0
ENSG00000286448	0	25	0
ENSG00000131686	1	1	2
ENSG00000229305	0	0	0
ENSG00000284703	1	0	1
ENSG00000226457	0	0	0
ENSG00000173614	319	2	317
ENSG00000248527	7653	244	7409
ENSG00000215720	0	0	0
ENSG00000241326	0	0	0
ENSG00000233623	1	0	1
ENSG00000162592	0	14	0
ENSG00000116254	0	0	0
ENSG00000233645	0	0	0
ENSG00000204624	4	0	4
ENSG00000142606	5	71	9
ENSG00000235146	0	0	0
ENSG00000225931	8	1	7
ENSG00000171729	94	0	95
ENSG00000279457	79	0	79
ENSG00000162571	2	0	2
ENSG00000229393	1	0	1
ENSG00000037637	902	0	902
ENSG00000287586	95	0	95
ENSG00000159423	130	0	130
ENSG00000142599	5430	33	5401
ENSG00000227169	0	0	0
ENSG00000283356	0	0	0
ENSG00000011021	573	0	591
ENSG00000142615	0	0	0
ENSG00000215704	3	13	0
ENSG00000157916	2199	80	2694
ENSG00000157881	598	0	598
ENSG00000238290	0	0	0
ENSG00000225387	0	0	0
ENSG00000048707	1977	1	1976
ENSG00000158748	10	0	10
ENSG00000225196	0	0	0
ENSG00000162444	804	0	804
ENSG00000279625	0	0	0
ENSG00000180758	191	0	191
ENSG00000184677	996	0	996
ENSG00000230679	0	2	0
ENSG00000270136	0	0	0
ENSG00000288398	72	0	72
ENSG00000224621	0	0	0
ENSG00000285833	0	0	0
ENSG00000131697	169	0	171
ENSG00000284692	0	0	0
ENSG00000284745	0	0	0
ENSG00000280222	0	0	0
ENSG00000227634	0	0	0
ENSG00000285945	0	0	0
ENSG00000229162	1	0	1
ENSG00000197921	0	0	0
ENSG00000233755	1	0	1
ENSG00000233929	1	0	1
ENSG00000271742	0	0	0
ENSG00000226396	20	0	20
ENSG00000169504	1405	1	1404
ENSG00000234166	0	25	0
ENSG00000235282	0	0	0
ENSG00000055070	2285	3	3733
ENSG00000175087	340	0	340
ENSG00000157191	2835	13	2823
ENSG00000284699	0	0	0
ENSG00000230035	0	0	0
ENSG00000235185	0	0	0
ENSG00000225643	1	0	1
ENSG00000284666	0	0	0
ENSG00000228943	0	0	0
ENSG00000234397	0	0	0
ENSG00000284309	0	0	0
ENSG00000162511	23504	21	47664
ENSG00000158014	0	0	0
ENSG00000204138	663	0	663
ENSG00000233419	0	0	0
ENSG00000235263	0	0	0
ENSG00000228176	0	0	0
ENSG00000231251	0	0	0
ENSG00000142675	27	0	27
ENSG00000197245	0	0	0
ENSG00000261025	0	0	0
ENSG00000116237	808	3	829
ENSG00000130772	508	0	508
ENSG00000215899	0	0	0
ENSG00000271398	0	0	0
ENSG00000225011	0	0	0
ENSG00000235069	0	0	0
ENSG00000284676	0	0	0
ENSG00000237058	1	1	0
ENSG00000233399	0	0	0
ENSG00000090020	1120	0	1120
ENSG00000157978	1503	0	1503
ENSG00000226944	1	0	1
ENSG00000270282	0	0	0
ENSG00000130770	581	18	897
ENSG00000229044	0	206	0
ENSG00000162512	178	0	178
ENSG00000158006	755	0	755
ENSG00000214812	1	0	1
ENSG00000126698	2299	1	2298
ENSG00000229447	1	0	1
ENSG00000229607	0	0	0
ENSG00000130766	492	0	492
ENSG00000168528	94	0	94
ENSG00000196581	17	0	17
ENSG00000169403	12165	9	12156
ENSG00000084628	0	0	0
ENSG00000060688	745	0	745
ENSG00000171612	104	0	104
ENSG00000270927	0	0	0
ENSG00000188910	0	0	0
ENSG00000230523	0	0	0
ENSG00000116138	513	65	495
ENSG00000158161	813	8	806
ENSG00000142684	0	0	64
ENSG00000234619	1	1	0
ENSG00000121769	10	10	1
ENSG00000142627	31	0	31
ENSG00000284668	0	0	0
ENSG00000233234	0	0	0
ENSG00000142632	92	0	117
ENSG00000234593	0	0	0
ENSG00000158292	30	1	30
ENSG00000270605	48	0	50
ENSG00000189337	96	0	112
ENSG00000232912	96	0	100
ENSG00000235084	3	0	3
ENSG00000235143	0	0	0
ENSG00000225478	0	0	0
ENSG00000225077	1	18	1
ENSG00000028137	20587	13	20574
ENSG00000238249	0	0	0
ENSG00000204464	0	0	0
ENSG00000233372	1	0	1
ENSG00000283259	0	0	0
ENSG00000284543	6	0	6
ENSG00000130939	2156	0	2156
ENSG00000175147	3	18	2
ENSG00000127472	1	0	1
ENSG00000060656	11	0	11
ENSG00000163867	392	2	390
ENSG00000232768	0	0	0
ENSG00000230214	0	0	0
ENSG00000189280	3	3	0
ENSG00000134698	7917	3	7914
ENSG00000134690	64	0	64
ENSG00000272420	0	0	0
ENSG00000132881	41	0	41
ENSG00000273274	0	0	0
ENSG00000116251	2268	1	2267
ENSG00000272510	1	16	4
ENSG00000158286	18	7	17
ENSG00000236648	0	0	0
ENSG00000232273	0	0	0
ENSG00000009709	0	0	0
ENSG00000287396	0	0	0
ENSG00000223589	0	0	0
ENSG00000158008	0	0	0
ENSG00000130940	127	0	235
ENSG00000116771	90	4	114
ENSG00000237301	1	1	0
ENSG00000162585	259	117	279
ENSG00000163879	2	13	2
ENSG00000227527	0	0	0
ENSG00000116954	762	1	761
ENSG00000228589	13	0	13
ENSG00000163873	1	0	1
ENSG00000117215	10	0	10
ENSG00000196449	211	2	241
ENSG00000230163	0	30	0
ENSG00000227538	0	0	0
ENSG00000232208	1	0	1
ENSG00000236500	0	0	0
ENSG00000044012	0	0	0
ENSG00000179051	2299	1	2831
ENSG00000215895	0	0	0
ENSG00000231868	0	1	0
ENSG00000284650	0	0	0
ENSG00000237329	0	0	0
ENSG00000236948	1	0	1
ENSG00000126067	1587	0	1587
ENSG00000274944	0	0	0
ENSG00000132906	499	0	509
ENSG00000197312	1127	1	1126
ENSG00000284748	0	0	0
ENSG00000272078	10	118	0
ENSG00000173660	1392	1	1391
ENSG00000224592	0	0	0
ENSG00000233728	0	23	0
ENSG00000230451	0	0	0
ENSG00000231606	0	0	0
ENSG00000215900	0	0	0
ENSG00000284632	0	0	0
ENSG00000241014	7	0	7
ENSG00000054118	5257	11	5246
ENSG00000254553	0	0	0
ENSG00000284653	0	0	0
ENSG00000237749	4	0	4
ENSG00000276747	8	0	8
ENSG00000284705	0	0	0
ENSG00000228776	0	0	0
ENSG00000159339	3977	1	3976
ENSG00000223814	0	0	0
ENSG00000197982	158	32	158
ENSG00000261781	0	0	0
ENSG00000183317	0	0	0
ENSG00000183386	1178	0	1178
ENSG00000284743	0	0	0
ENSG00000158315	1	7	0
ENSG00000204084	589	1	691
ENSG00000186973	0	0	0
ENSG00000271806	8	20	7
ENSG00000146463	1095	1	1199
ENSG00000279214	0	0	0
ENSG00000183520	510	0	510
ENSG00000271741	0	0	0
ENSG00000214141	0	0	0
ENSG00000142686	241	0	241
ENSG00000224751	0	0	0
ENSG00000279096	1	1	0
ENSG00000117148	0	0	0
ENSG00000230585	1	1	0
ENSG00000117000	1314	2	1312
ENSG00000284989	0	0	0
ENSG00000231630	0	0	0
ENSG00000092853	50	1	53
ENSG00000255811	0	0	1
ENSG00000134697	844	0	857
ENSG00000187513	3	1	2
ENSG00000238145	0	0	0
ENSG00000225142	0	0	0
ENSG00000230138	26	0	26
ENSG00000223390	0	13	0
ENSG00000285823	0	0	0
ENSG00000284720	0	0	0
ENSG00000225028	0	0	0
ENSG00000225671	0	0	0
ENSG00000116151	32	0	33
ENSG00000226147	0	0	0
ENSG00000182873	54	28	27
ENSG00000006555	161	0	161
ENSG00000236111	0	0	0
ENSG00000066056	7	0	7
ENSG00000214114	747	11	736
ENSG00000173436	114	1	114
ENSG00000116544	25	0	25
ENSG00000231900	0	0	0
ENSG00000236723	1	339	5
ENSG00000232467	0	0	0
ENSG00000117016	102	0	102
ENSG00000121310	238	2	237
ENSG00000169213	0	0	0
ENSG00000163866	752	0	782
ENSG00000225779	0	0	0
ENSG00000284601	0	0	0
ENSG00000237130	0	0	0
ENSG00000143001	0	0	0
ENSG00000229716	0	0	0
ENSG00000226133	0	0	0
ENSG00000227416	0	0	0
ENSG00000232335	0	3	1
ENSG00000260971	0	0	0
ENSG00000259832	0	0	0
ENSG00000284696	0	0	0
ENSG00000238242	0	0	0
ENSG00000285839	0	0	0
ENSG00000237290	0	0	0
ENSG00000232762	0	0	0
ENSG00000117419	279	0	279
ENSG00000162384	495	34	523
ENSG00000162391	3	18	0
ENSG00000174348	13	0	17
ENSG00000154198	0	0	0
ENSG00000117859	1757	69	1730
ENSG00000228121	0	0	0
ENSG00000253313	0	0	0
ENSG00000162396	93	0	93
ENSG00000203995	2	0	2
ENSG00000227742	0	1	0
ENSG00000284686	0	0	0
ENSG00000162378	1029	0	1029
ENSG00000233079	0	0	0
ENSG00000259818	0	0	0
ENSG00000229444	1	0	1
ENSG00000240563	8	0	8
ENSG00000234318	1	0	1
ENSG00000284773	15	0	15
ENSG00000234481	0	0	0
ENSG00000117862	99	0	99
ENSG00000235612	0	0	0
ENSG00000228369	1	1	0
ENSG00000183431	1730	0	1730
ENSG00000227485	0	0	0
ENSG00000224609	3	0	3
ENSG00000235545	0	0	0
ENSG00000236646	0	0	0
ENSG00000169174	0	0	0
ENSG00000232198	0	0	0
ENSG00000238063	0	0	0
ENSG00000227104	0	0	0
ENSG00000243725	14	0	14
ENSG00000171872	0	0	0
ENSG00000162407	27	0	27
ENSG00000285079	1	0	1
ENSG00000169218	1	0	1
ENSG00000163877	851	4	847
ENSG00000228929	8	0	8
ENSG00000224570	0	0	0
ENSG00000224980	0	0	0
ENSG00000278967	0	0	0
ENSG00000157184	163	37	533
ENSG00000272491	1	0	5
ENSG00000198815	1891	7	1884
ENSG00000134744	1402	4	1398
ENSG00000233910	0	0	0
ENSG00000287703	0	0	0
ENSG00000283039	0	0	0
ENSG00000229032	0	0	0
ENSG00000229294	0	0	0
ENSG00000232993	0	4	0
ENSG00000234088	0	0	0
ENSG00000236973	1	1	0
ENSG00000227947	0	0	0
ENSG00000277397	0	0	0
ENSG00000271200	0	0	0
ENSG00000235446	0	0	0
ENSG00000261196	0	0	0
ENSG00000162385	698	0	698
ENSG00000231413	0	0	0
ENSG00000234264	0	0	0
ENSG00000242391	0	0	0
ENSG00000223883	0	0	0
ENSG00000284808	0	0	0
ENSG00000242267	0	0	0
ENSG00000237227	0	0	0
ENSG00000275350	0	0	0
ENSG00000116652	1	0	1
ENSG00000123080	160	1	159
ENSG00000285778	0	0	0
ENSG00000077549	10003	7	9997
ENSG00000233407	0	0	0
ENSG00000225675	3	0	3
ENSG00000237622	0	0	0
ENSG00000162598	0	0	0
ENSG00000280317	0	0	0
ENSG00000162415	24	0	25
ENSG00000162600	461	0	461
ENSG00000116704	547	0	547
ENSG00000227644	0	0	0
ENSG00000157193	126	3	162
ENSG00000116205	501	0	509
ENSG00000198841	72	0	72
ENSG00000116212	251	0	251
ENSG00000234204	0	0	0
ENSG00000233099	0	0	0
ENSG00000233994	4	0	4
ENSG00000237180	0	0	0
ENSG00000213561	0	0	0
ENSG00000233973	0	0	0
ENSG00000237552	0	0	0
ENSG00000132854	0	0	0
ENSG00000227556	0	0	0
ENSG00000162616	113	0	113
ENSG00000162607	1627	2	1625
ENSG00000233602	0	0	0
ENSG00000233271	0	0	0
ENSG00000285954	27	27	0
ENSG00000233333	0	0	0
ENSG00000154027	53	1	54
ENSG00000234108	0	0	0
ENSG00000232676	0	0	0
ENSG00000225167	0	0	0
ENSG00000132122	187	0	187
ENSG00000213579	0	0	0
ENSG00000137960	1	0	1
ENSG00000237852	5	0	5
ENSG00000116745	0	0	0
ENSG00000132855	0	0	0
ENSG00000285407	0	0	0
ENSG00000272855	0	0	0
ENSG00000270549	0	0	0
ENSG00000237163	0	0	0
ENSG00000229636	0	0	0
ENSG00000116675	21	0	21
ENSG00000162433	73	0	73
ENSG00000213625	1997	1	1996
ENSG00000227207	0	0	0
ENSG00000227016	0	0	0
ENSG00000233664	0	0	0
ENSG00000158966	25	0	25
ENSG00000213703	0	0	0
ENSG00000203965	76	0	82
ENSG00000223479	0	0	0
ENSG00000233674	0	0	0
ENSG00000153898	147	0	147
ENSG00000117069	0	0	0
ENSG00000125703	628	1	627
ENSG00000285041	0	0	0
ENSG00000285808	0	0	0
ENSG00000229440	0	0	0
ENSG00000234144	0	0	0
ENSG00000213540	0	0	0
ENSG00000277670	0	0	0
ENSG00000227466	0	0	0
ENSG00000154007	0	0	0
ENSG00000230498	0	0	0
ENSG00000285782	0	0	0
ENSG00000162618	0	0	0
ENSG00000224493	0	0	0
ENSG00000131233	1	1	0
ENSG00000272371	0	0	0
ENSG00000287647	0	2	0
ENSG00000229225	0	0	0
ENSG00000230863	0	0	0
ENSG00000213560	0	0	0
ENSG00000287224	0	0	0
ENSG00000225598	0	0	0
ENSG00000286455	0	0	0
ENSG00000225087	0	0	0
ENSG00000224986	0	0	0
ENSG00000280378	8	0	8
ENSG00000188786	1826	4	1822
ENSG00000230053	0	0	0
ENSG00000137941	24	0	24
ENSG00000273338	0	0	0
ENSG00000223720	0	0	0
ENSG00000224326	0	0	0
ENSG00000286548	4	3	3
ENSG00000066135	488	3	671
ENSG00000230027	0	0	0
ENSG00000233061	0	0	0
ENSG00000272094	0	0	0
ENSG00000228853	0	0	0
ENSG00000215874	0	0	0
ENSG00000232453	4	0	4
ENSG00000260386	1	0	1
ENSG00000284895	0	0	0
ENSG00000117174	473	1	472
ENSG00000237413	0	0	0
ENSG00000184313	1	0	1
ENSG00000284645	0	0	0
ENSG00000225605	0	0	0
ENSG00000225446	0	0	0
ENSG00000288543	0	0	0
ENSG00000122420	17	0	17
ENSG00000284240	0	0	0
ENSG00000236290	0	0	0
ENSG00000143013	962	1	961
ENSG00000226084	21	0	21
ENSG00000134748	1539	3	1536
ENSG00000142892	650	0	650
ENSG00000219102	13	0	13
ENSG00000184005	104	0	104
ENSG00000230953	1	1	0
ENSG00000287743	0	0	0
ENSG00000229332	0	0	0
ENSG00000227937	0	0	0
ENSG00000229752	0	0	0
ENSG00000237505	5	0	5
ENSG00000285462	0	0	0
ENSG00000233216	0	0	0
ENSG00000197273	0	0	0
ENSG00000226804	0	0	0
ENSG00000285325	0	0	0
ENSG00000230728	0	0	0
ENSG00000162402	3106	2	3104
ENSG00000232846	1	0	1
ENSG00000219201	3	0	3
ENSG00000230787	0	0	0
ENSG00000116641	232	1	231
ENSG00000235927	7	6	5
ENSG00000223920	0	0	0
ENSG00000237453	1	1	0
ENSG00000172260	34	0	34
ENSG00000285473	0	0	0
ENSG00000237959	0	0	0
ENSG00000231364	1	1	0
ENSG00000234578	0	0	0
ENSG00000117480	133	0	133
ENSG00000137944	632	1	631
ENSG00000229505	0	0	0
ENSG00000228187	0	0	0
ENSG00000285201	0	0	0
ENSG00000182183	88	0	88
ENSG00000236407	0	0	0
ENSG00000271949	0	0	0
ENSG00000227062	0	0	0
ENSG00000067334	1392	1	1391
ENSG00000235011	0	0	0
ENSG00000235673	0	0	0
ENSG00000226938	0	0	0
ENSG00000213559	0	0	0
ENSG00000287587	0	0	0
ENSG00000142949	14	0	14
ENSG00000116133	231	8	241
ENSG00000232882	1	0	1
ENSG00000171502	37	0	37
ENSG00000162399	0	0	0
ENSG00000116157	147	0	147
ENSG00000143036	6	0	6
ENSG00000232672	0	0	0
ENSG00000230817	0	0	0
ENSG00000235613	0	0	0
ENSG00000065243	3233	6	3227
ENSG00000226759	0	0	0
ENSG00000226960	0	0	0
ENSG00000234080	0	0	0
ENSG00000237899	0	0	0
ENSG00000225492	27	0	27
ENSG00000223905	0	0	0
ENSG00000227290	0	0	0
ENSG00000229486	0	0	0
ENSG00000282898	0	0	0
ENSG00000285409	0	0	0
ENSG00000231090	2	0	2
ENSG00000117528	758	1	757
ENSG00000271723	0	0	0
ENSG00000172339	134	0	134
ENSG00000036549	761	0	761
ENSG00000287724	1	9	1
ENSG00000058799	1136	0	1136
ENSG00000225191	0	0	0
ENSG00000287870	0	0	0
ENSG00000235563	0	0	0
ENSG00000232048	0	0	0
ENSG00000232857	0	0	0
ENSG00000273637	0	0	0
ENSG00000203985	0	0	0
ENSG00000228838	0	6	0
ENSG00000283761	2	1	1
ENSG00000189433	0	1	0
ENSG00000230759	0	0	0
ENSG00000231866	0	0	0
ENSG00000179178	0	0	0
ENSG00000142700	0	0	0
ENSG00000285525	0	0	0
ENSG00000236098	0	0	0
ENSG00000233514	0	0	0
ENSG00000127124	661	2	659
ENSG00000266993	19	44	7
ENSG00000223675	0	0	0
ENSG00000162604	418	1	417
ENSG00000229316	0	0	0
ENSG00000116171	1919	2	1918
ENSG00000287406	0	0	0
ENSG00000225767	0	0	0
ENSG00000234099	0	0	0
ENSG00000137936	40	1	43
ENSG00000235308	4	4	0
ENSG00000232752	0	0	0
ENSG00000235829	0	0	0
ENSG00000143032	0	0	0
ENSG00000226745	0	0	0
ENSG00000178028	527	0	527
ENSG00000280040	0	0	0
ENSG00000168710	2434	0	2434
ENSG00000117519	12	0	12
ENSG00000270507	0	0	0
ENSG00000238037	0	0	0
ENSG00000215869	0	0	0
ENSG00000134215	1562	0	1562
ENSG00000227935	0	0	0
ENSG00000229887	1	0	1
ENSG00000228502	13	0	13
ENSG00000236268	0	0	0
ENSG00000271277	0	0	0
ENSG00000236888	0	0	0
ENSG00000279778	2	0	2
ENSG00000232015	0	0	0
ENSG00000230955	0	102	1
ENSG00000230828	0	0	0
ENSG00000188641	5379	0	5777
ENSG00000152078	15	0	15
ENSG00000237279	0	0	0
ENSG00000233359	0	0	0
ENSG00000237954	0	0	0
ENSG00000185668	3	0	3
ENSG00000171492	1539	0	1539
ENSG00000233129	0	0	0
ENSG00000170989	3245	2	3243
ENSG00000258634	122	0	189
ENSG00000233557	0	0	0
ENSG00000237897	0	0	0
ENSG00000116299	2387	4	2384
ENSG00000137962	27	0	27
ENSG00000227832	0	0	0
ENSG00000286692	0	0	0
ENSG00000260464	4	0	4
ENSG00000237435	0	0	0
ENSG00000231996	0	0	0
ENSG00000273204	1	1	2
ENSG00000079739	865	3	916
ENSG00000117154	0	0	0
ENSG00000162377	310	2	308
ENSG00000224613	0	0	0
ENSG00000215871	0	0	0
ENSG00000287372	0	0	0
ENSG00000232542	2	0	2
ENSG00000231095	0	0	0
ENSG00000116774	4	0	4
ENSG00000287756	0	0	0
ENSG00000269113	0	0	0
ENSG00000284652	0	0	0
ENSG00000023909	456	0	456
ENSG00000069702	972	0	972
ENSG00000232185	0	0	0
ENSG00000230489	11	0	11
ENSG00000228399	0	0	0
ENSG00000236776	0	0	0
ENSG00000285928	2	2	0
ENSG00000224685	0	0	0
ENSG00000287076	0	0	0
ENSG00000237480	0	0	0
ENSG00000271252	0	0	0
ENSG00000230427	0	0	0
ENSG00000235794	0	0	0
ENSG00000286758	0	0	0
ENSG00000237337	0	0	0
ENSG00000233983	0	0	0
ENSG00000198198	1100	67	1336
ENSG00000225183	1	0	1
ENSG00000230402	0	0	0
ENSG00000116793	542	0	542
ENSG00000134201	11	0	11
ENSG00000238122	0	0	0
ENSG00000260879	0	45	0
ENSG00000213366	203	1	202
ENSG00000230864	0	0	0
ENSG00000283354	0	0	0
ENSG00000232918	0	0	0
ENSG00000236360	0	0	0
ENSG00000183298	0	0	14
ENSG00000234332	15	0	15
ENSG00000117525	3	0	3
ENSG00000225079	27	0	27
ENSG00000226483	0	0	0
ENSG00000224238	0	0	0
ENSG00000229537	0	0	0
ENSG00000162699	0	0	0
ENSG00000162692	0	0	0
ENSG00000203914	0	0	0
ENSG00000270457	0	0	0
ENSG00000203858	0	0	0
ENSG00000231987	0	0	0
ENSG00000228057	6	0	6
ENSG00000261593	0	0	0
ENSG00000224445	0	0	0
ENSG00000229842	0	0	0
ENSG00000270631	0	0	0
ENSG00000229201	0	0	0
ENSG00000181656	5	5	0
ENSG00000122481	48	0	48
ENSG00000198162	1239	2	1237
ENSG00000238198	6	1	5
ENSG00000171517	4	0	4
ENSG00000228852	4	4	0
ENSG00000203864	0	0	0
ENSG00000233482	0	0	0
ENSG00000230250	0	0	0
ENSG00000232878	4	402	0
ENSG00000143079	162	0	162
ENSG00000232450	11	0	11
ENSG00000223575	0	0	0
ENSG00000230768	0	0	0
ENSG00000235202	0	0	0
ENSG00000272715	0	0	0
ENSG00000235038	0	0	0
ENSG00000143093	1133	0	1133
ENSG00000226415	10	0	10
ENSG00000085491	1309	7	1354
ENSG00000173947	5	0	5
ENSG00000241361	0	0	0
ENSG00000230434	0	0	0
ENSG00000230718	0	0	0
ENSG00000134198	2048	0	2048
ENSG00000235595	0	0	0
ENSG00000226053	0	0	0
ENSG00000226128	2	2	0
ENSG00000198799	574	0	629
ENSG00000279513	0	0	0
ENSG00000117620	372	2	372
ENSG00000280186	0	0	0
ENSG00000223906	0	0	0
ENSG00000162688	594	0	594
ENSG00000197106	0	0	0
ENSG00000259946	0	0	0
ENSG00000236137	4	116	1
ENSG00000203859	0	0	0
ENSG00000228086	0	67	0
ENSG00000213421	0	0	0
ENSG00000234020	0	0	0
ENSG00000060718	0	0	0
ENSG00000236804	0	0	0
ENSG00000231072	0	0	0
ENSG00000273406	0	0	0
ENSG00000185946	536	0	536
ENSG00000162627	5	0	5
ENSG00000226715	0	14	0
ENSG00000162695	872	2	870
ENSG00000134184	172	0	244
ENSG00000265808	1598	0	1598
ENSG00000261290	0	0	0
ENSG00000225923	0	0	0
ENSG00000134247	119	0	119
ENSG00000187481	0	0	0
ENSG00000116752	599	0	599
ENSG00000162664	434	0	434
ENSG00000236866	0	0	0
ENSG00000134253	11	1	10
ENSG00000277655	0	0	0
ENSG00000223416	0	0	0
ENSG00000213226	0	0	0
ENSG00000179571	0	0	0
ENSG00000227850	0	0	0
ENSG00000243967	0	0	0
ENSG00000235777	1	1	0
ENSG00000260246	1	73	0
ENSG00000173218	172	0	172
ENSG00000285532	0	0	0
ENSG00000226755	0	0	0
ENSG00000232650	0	0	0
ENSG00000183508	1342	0	1342
ENSG00000277095	0	0	0
ENSG00000236806	0	0	0
ENSG00000234283	0	0	0
ENSG00000237188	0	0	0
ENSG00000232780	0	0	0
ENSG00000274927	0	0	0
ENSG00000264145	0	0	0
ENSG00000238256	0	0	0
ENSG00000198765	0	0	0
ENSG00000224335	0	0	0
ENSG00000277702	0	0	0
ENSG00000143398	1200	1	1199
ENSG00000196505	853	3	850
ENSG00000225871	15	40	0
ENSG00000223489	0	0	0
ENSG00000230546	0	0	0
ENSG00000213262	0	0	0
ENSG00000287015	0	0	0
ENSG00000241720	0	6	0
ENSG00000235526	0	0	0
ENSG00000228347	0	0	0
ENSG00000276975	0	0	0
ENSG00000236012	0	0	0
ENSG00000270911	1	1	0
ENSG00000272824	4	0	4
ENSG00000134200	7	7	0
ENSG00000234257	0	0	0
ENSG00000065183	746	3	812
ENSG00000227082	0	0	0
ENSG00000228626	0	0	0
ENSG00000226126	0	0	0
ENSG00000163393	905	0	905
ENSG00000163156	849	13	843
ENSG00000143631	0	0	0
ENSG00000156150	0	67	0
ENSG00000228453	0	0	0
ENSG00000274642	0	0	0
ENSG00000177551	0	0	0
ENSG00000197323	2362	1	2361
ENSG00000237975	1	0	1
ENSG00000261168	2	0	2
ENSG00000287980	0	0	0
ENSG00000229283	0	0	0
ENSG00000271419	0	0	0
ENSG00000226172	0	0	0
ENSG00000079335	794	10	851
ENSG00000143119	20649	5	20644
ENSG00000237278	0	55	0
ENSG00000285062	0	0	0
ENSG00000233432	0	0	0
ENSG00000227700	0	0	0
ENSG00000229911	0	0	0
ENSG00000143520	0	0	0
ENSG00000171943	217	4	214
ENSG00000270719	0	0	0
ENSG00000155761	2	67	4
ENSG00000230806	0	0	0
ENSG00000116830	363	0	363
ENSG00000234422	0	0	0
ENSG00000227056	0	0	0
ENSG00000143614	2149	3	2146
ENSG00000227091	0	0	0
ENSG00000169418	0	0	0
ENSG00000214204	0	0	0
ENSG00000081026	91	21	70
ENSG00000225650	0	0	0
ENSG00000227179	0	0	0
ENSG00000224965	2	0	2
ENSG00000228127	1	1	0
ENSG00000226984	0	0	0
ENSG00000186150	0	0	0
ENSG00000143554	1042	0	1042
ENSG00000143458	681	3	679
ENSG00000230932	0	0	0
ENSG00000073754	0	0	0
ENSG00000228826	0	0	0
ENSG00000233907	0	0	0
ENSG00000225036	0	0	0
ENSG00000228420	0	0	0
ENSG00000233839	0	0	0
ENSG00000250890	0	0	0
ENSG00000232240	0	0	0
ENSG00000280649	22	8	54
ENSG00000131781	248	33	234
ENSG00000223599	2	0	2
ENSG00000230921	0	0	0
ENSG00000286151	7	0	7
ENSG00000234388	0	0	0
ENSG00000235015	0	0	0
ENSG00000271736	27	0	27
ENSG00000235988	1	0	1
ENSG00000233717	0	0	0
ENSG00000231551	47	24	23
ENSG00000227295	6	1	5
ENSG00000163155	142	44	106
ENSG00000243613	0	72	0
ENSG00000241975	22	0	22
ENSG00000271143	0	0	0
ENSG00000270976	0	0	0
ENSG00000228217	0	0	0
ENSG00000270342	0	0	0
ENSG00000143552	2	1	1
ENSG00000175984	23	0	23
ENSG00000231100	0	0	0
ENSG00000116824	2604	1	2603
ENSG00000235887	0	0	0
ENSG00000237460	0	0	0
ENSG00000236327	0	0	0
ENSG00000223804	57	11	46
ENSG00000236887	0	0	0
ENSG00000024526	11	0	14
ENSG00000236480	1	0	1
ENSG00000235756	0	0	0
ENSG00000173810	0	0	0
ENSG00000235005	1	0	1
ENSG00000271890	0	0	0
ENSG00000238107	0	0	0
ENSG00000227425	0	0	0
ENSG00000233222	0	14	0
ENSG00000225279	2	1	1
ENSG00000229101	0	0	0
ENSG00000224927	0	0	0
ENSG00000239216	0	0	0
ENSG00000283360	0	0	0
ENSG00000117262	66	0	66
ENSG00000227907	0	1	0
ENSG00000143624	2071	1	2261
ENSG00000227970	0	0	0
ENSG00000261055	3	1	2
ENSG00000231613	11	0	11
ENSG00000137947	1272	1	1271
ENSG00000236689	0	0	0
ENSG00000233589	0	3	0
ENSG00000117586	278	0	278
ENSG00000230946	0	0	0
ENSG00000226028	0	0	0
ENSG00000162728	0	0	0
ENSG00000229021	1	0	1
ENSG00000203825	0	0	0
ENSG00000184371	387	0	387
ENSG00000233449	0	0	0
ENSG00000242943	0	0	0
ENSG00000233203	0	0	0
ENSG00000232499	0	0	0
ENSG00000232265	2	0	2
ENSG00000163154	1973	0	1979
ENSG00000232995	10	0	10
ENSG00000236957	0	0	0
ENSG00000238087	0	0	0
ENSG00000227777	1	1	0
ENSG00000177173	10	0	10
ENSG00000277406	37	0	37
ENSG00000238022	0	0	0
ENSG00000231671	0	0	0
ENSG00000162729	370	0	370
ENSG00000143158	518	22	620
ENSG00000271092	5	0	5
ENSG00000238118	0	0	0
ENSG00000276118	0	0	0
ENSG00000232148	0	0	0
ENSG00000278811	2	54	0
ENSG00000000460	57	202	80
ENSG00000188859	1	0	2
ENSG00000275075	0	0	0
ENSG00000135862	228	0	228
ENSG00000232952	1	0	1
ENSG00000158473	1524	1	1523
ENSG00000227722	0	0	0
ENSG00000285922	0	0	0
ENSG00000275801	2	0	2
ENSG00000143198	538	0	538
ENSG00000143318	11	3	8
ENSG00000232188	0	0	0
ENSG00000232212	0	0	0
ENSG00000143621	2277	20	2271
ENSG00000241042	0	0	0
ENSG00000143155	1039	1	1038
ENSG00000260322	0	0	0
ENSG00000223495	0	0	0
ENSG00000143156	67	19	82
ENSG00000198771	9305	23	9403
ENSG00000225462	0	0	0
ENSG00000237756	0	0	0
ENSG00000116147	5	0	5
ENSG00000213064	2682	0	2920
ENSG00000203307	1	0	1
ENSG00000143179	263	1	311
ENSG00000271187	0	0	0
ENSG00000274562	0	0	0
ENSG00000143315	278	0	278
ENSG00000116199	1141	0	1141
ENSG00000231175	0	0	0
ENSG00000143185	130	0	130
ENSG00000235145	2	0	2
ENSG00000116260	1836	0	1836
ENSG00000272931	12	0	12
ENSG00000143190	904	1	1028
ENSG00000225475	0	0	0
ENSG00000230898	0	0	0
ENSG00000232223	0	0	0
ENSG00000224698	0	0	0
ENSG00000287697	1	12	3
ENSG00000075945	451	0	481
ENSG00000235303	0	0	0
ENSG00000234810	10	0	10
ENSG00000232750	0	0	0
ENSG00000224468	0	0	0
ENSG00000235628	0	0	0
ENSG00000232551	0	0	0
ENSG00000092607	0	0	0
ENSG00000238270	0	0	0
ENSG00000285894	0	0	0
ENSG00000236025	0	0	0
ENSG00000230687	0	0	0
ENSG00000230704	0	0	0
ENSG00000283255	0	0	0
ENSG00000227741	10	78	11
ENSG00000237049	0	0	0
ENSG00000286754	0	0	0
ENSG00000232751	0	0	0
ENSG00000236364	0	48	0
ENSG00000117091	2460	8	6511
ENSG00000235378	0	0	0
ENSG00000143171	0	0	0
ENSG00000275767	0	0	0
ENSG00000224718	0	0	0
ENSG00000047410	5902	18	6252
ENSG00000231992	0	0	0
ENSG00000018625	1	0	1
ENSG00000171806	203	1	225
ENSG00000287919	2	0	2
ENSG00000229914	1	0	1
ENSG00000233882	0	0	0
ENSG00000198358	0	0	0
ENSG00000229407	0	0	0
ENSG00000134216	0	0	0
ENSG00000230748	0	0	0
ENSG00000254154	0	0	0
ENSG00000162694	68	1	69
ENSG00000238108	0	0	0
ENSG00000214262	0	238	0
ENSG00000183853	5	3	2
ENSG00000215835	12	0	12
ENSG00000118197	764	4	762
ENSG00000135842	17437	15	17422
ENSG00000229258	1	0	1
ENSG00000287472	0	0	0
ENSG00000241318	0	0	0
ENSG00000228238	0	0	0
ENSG00000232393	0	0	0
ENSG00000121454	20	82	0
ENSG00000184155	0	0	0
ENSG00000058085	0	0	0
ENSG00000260088	0	2	0
ENSG00000287978	29	0	29
ENSG00000116815	956	1	955
ENSG00000232917	0	0	0
ENSG00000233057	2	0	2
ENSG00000237131	0	0	0
ENSG00000233946	0	0	0
ENSG00000143167	137	0	138
ENSG00000143184	40	0	40
ENSG00000231966	2	0	2
ENSG00000176320	0	0	0
ENSG00000260976	0	0	0
ENSG00000235215	0	0	0
ENSG00000223450	0	0	0
ENSG00000224691	0	0	0
ENSG00000286572	0	0	0
ENSG00000235101	3	1	2
ENSG00000228215	7	0	7
ENSG00000177807	1	0	1
ENSG00000233626	2	2	0
ENSG00000233691	0	0	0
ENSG00000283518	0	0	0
ENSG00000271527	0	0	0
ENSG00000143228	52	0	52
ENSG00000235827	0	0	0
ENSG00000231615	2	0	2
ENSG00000231714	0	0	0
ENSG00000174514	14	2	16
ENSG00000143178	76	0	76
ENSG00000224837	2	0	2
ENSG00000116833	0	0	0
ENSG00000227740	7	0	8
ENSG00000260990	0	0	0
ENSG00000000457	467	32	637
ENSG00000143507	220	0	220
ENSG00000285638	0	0	0
ENSG00000226520	0	0	0
ENSG00000284592	0	0	0
ENSG00000230987	0	0	0
ENSG00000232527	0	0	0
ENSG00000215833	0	0	0
ENSG00000228167	0	0	0
ENSG00000225325	0	0	0
ENSG00000223344	0	0	0
ENSG00000228191	0	0	0
ENSG00000229961	57	0	57
ENSG00000150732	0	0	0
ENSG00000157064	6	0	6
ENSG00000288139	0	0	0
ENSG00000226015	39	3	36
ENSG00000215808	0	0	0
ENSG00000059588	454	1	453
ENSG00000231512	0	0	0
ENSG00000237379	0	0	0
ENSG00000232959	0	30	0
ENSG00000122224	770	9	761
ENSG00000162782	0	0	0
ENSG00000238051	0	0	0
ENSG00000233196	0	0	0
ENSG00000229220	0	0	0
ENSG00000143653	289	0	289
ENSG00000135837	2824	2	2822
ENSG00000158711	2352	3	2353
ENSG00000227747	0	0	0
ENSG00000228081	0	0	0
ENSG00000228020	0	0	0
ENSG00000234975	46	1	45
ENSG00000162851	208	1	207
ENSG00000271427	2	0	2
ENSG00000261817	0	0	0
ENSG00000143353	366	0	387
ENSG00000197965	3265	3	3262
ENSG00000143493	327	0	327
ENSG00000230777	0	1	0
ENSG00000179397	3	0	3
ENSG00000224540	0	0	0
ENSG00000117592	3538	1	3537
ENSG00000186197	10	0	10
ENSG00000229067	0	0	0
ENSG00000230231	0	0	0
ENSG00000227711	0	0	0
ENSG00000261182	0	0	0
ENSG00000228879	0	0	0
ENSG00000227925	1	0	1
ENSG00000162670	0	0	0
ENSG00000225712	0	0	0
ENSG00000162761	0	0	0
ENSG00000143199	3	0	3
ENSG00000179930	0	0	0
ENSG00000007908	1	1	0
ENSG00000092978	278	0	278
ENSG00000143499	417	0	417
ENSG00000188404	56489	34	56455
ENSG00000227735	0	0	0
ENSG00000243062	0	0	0
ENSG00000143196	0	0	0
ENSG00000228504	0	0	0
ENSG00000274702	0	0	0
ENSG00000226211	0	0	0
ENSG00000236942	0	0	0
ENSG00000287205	0	0	0
ENSG00000203697	5	0	5
ENSG00000116574	766	0	766
ENSG00000287929	0	0	0
ENSG00000186283	1019	1	1018
ENSG00000224896	0	0	0
ENSG00000226292	0	0	0
ENSG00000121481	784	0	785
ENSG00000227940	0	0	0
ENSG00000117139	1529	0	1529
ENSG00000143248	7	0	7
ENSG00000278455	0	0	0
ENSG00000224810	1	0	1
ENSG00000162814	0	0	0
ENSG00000225172	1	0	1
ENSG00000261642	0	0	0
ENSG00000228239	0	0	0
ENSG00000237283	0	0	0
ENSG00000116132	0	0	0
ENSG00000238042	1	0	1
ENSG00000271475	0	0	0
ENSG00000231877	0	0	0
ENSG00000116679	6598	3	6595
ENSG00000228536	0	0	0
ENSG00000230550	0	2	0
ENSG00000229242	0	0	0
ENSG00000253326	0	0	0
ENSG00000228470	0	0	0
ENSG00000152092	0	0	0
ENSG00000234984	0	0	0
ENSG00000231648	0	0	0
ENSG00000229983	0	0	1
ENSG00000215149	0	0	0
ENSG00000225122	0	0	0
ENSG00000225920	0	0	0
ENSG00000143476	45	0	45
ENSG00000121486	987	2	985
ENSG00000228437	1	0	1
ENSG00000214837	21	0	21
ENSG00000057252	2573	3	2570
ENSG00000225982	0	0	0
ENSG00000285718	0	0	0
ENSG00000234070	0	0	0
ENSG00000233620	0	0	0
ENSG00000237783	0	0	0
ENSG00000272906	9	6	19
ENSG00000233018	0	0	0
ENSG00000123685	77	0	77
ENSG00000224783	0	0	0
ENSG00000162852	1225	0	1225
ENSG00000232792	0	1	0
ENSG00000273004	6	0	6
ENSG00000143842	115	0	115
ENSG00000268062	7	7	0
ENSG00000237409	1	1	0
ENSG00000116962	527	1	526
ENSG00000288078	0	0	0
ENSG00000271399	0	0	0
ENSG00000229757	0	0	0
ENSG00000232679	0	0	0
ENSG00000159388	6762	4	6759
ENSG00000220749	34	0	34
ENSG00000181450	152	0	152
ENSG00000223519	11	1	34
ENSG00000120333	477	7	484
ENSG00000286285	15	0	15
ENSG00000225300	0	0	0
ENSG00000223842	5	5	0
ENSG00000162753	0	0	1
ENSG00000228247	0	0	0
ENSG00000231424	2	0	2
ENSG00000143355	0	0	0
ENSG00000287177	0	0	0
ENSG00000237193	0	0	0
ENSG00000223490	0	0	0
ENSG00000121644	842	0	842
ENSG00000174502	0	0	0
ENSG00000224286	0	0	0
ENSG00000158715	148	0	148
ENSG00000143195	4	0	4
ENSG00000162849	17	0	17
ENSG00000232824	1	1	0
ENSG00000273416	2	0	2
ENSG00000234142	1	0	1
ENSG00000282111	0	0	0
ENSG00000233410	0	0	0
ENSG00000067533	321	0	321
ENSG00000228955	0	0	0
ENSG00000270443	0	0	0
ENSG00000116209	5549	0	5549
ENSG00000224702	0	0	0
ENSG00000271811	0	0	0
ENSG00000224278	0	0	0
ENSG00000235492	0	0	0
ENSG00000287808	4	98	2
ENSG00000271588	0	0	0
ENSG00000229840	0	0	0
ENSG00000116161	1110	29	1109
ENSG00000226486	0	0	0
ENSG00000227687	0	0	0
ENSG00000231814	0	0	0
ENSG00000286210	0	0	0
ENSG00000287364	0	0	0
ENSG00000225063	0	0	0
ENSG00000260698	3	0	3
ENSG00000277007	6	0	6
ENSG00000229016	0	0	0
ENSG00000077157	2206	0	2229
ENSG00000152104	0	0	0
ENSG00000236975	1	0	1
ENSG00000215834	0	0	0
ENSG00000286541	0	0	0
ENSG00000117650	10	0	10
ENSG00000235021	0	0	0
ENSG00000203724	1	0	1
ENSG00000225006	0	0	0
ENSG00000287633	0	0	0
ENSG00000158764	0	0	0
ENSG00000223375	0	0	0
ENSG00000230714	0	0	0
ENSG00000261065	0	1	0
ENSG00000260855	5	2	3
ENSG00000188783	0	0	0
ENSG00000236206	0	0	0
ENSG00000168118	840	0	841
ENSG00000181101	0	0	0
ENSG00000173726	2282	3	2279
ENSG00000282852	0	0	0
ENSG00000152382	317	2	315
ENSG00000143839	0	0	0
ENSG00000232100	0	0	0
ENSG00000261024	0	0	0
ENSG00000230547	0	0	0
ENSG00000229703	0	0	0
ENSG00000176754	0	0	0
ENSG00000232309	0	0	0
ENSG00000227953	2	24	2
ENSG00000232215	1	0	1
ENSG00000135829	4627	3	4720
ENSG00000228289	0	0	0
ENSG00000134717	1173	0	1173
ENSG00000232989	0	0	0
ENSG00000233537	0	0	0
ENSG00000116668	288	18	270
ENSG00000143756	967	0	967
ENSG00000278180	0	0	0
ENSG00000143702	928	0	1050
ENSG00000232341	2	0	2
ENSG00000287676	2	0	2
ENSG00000236792	3	0	3
ENSG00000143207	3360	2	3358
ENSG00000270859	0	0	0
ENSG00000238224	0	0	0
ENSG00000286775	0	0	0
ENSG00000122176	0	0	0
ENSG00000229120	0	0	0
ENSG00000237492	0	0	0
ENSG00000230404	0	0	0
ENSG00000213036	0	0	0
ENSG00000227230	2	60	0
ENSG00000236230	0	0	0
ENSG00000026751	1634	0	1634
ENSG00000150681	4359	0	5291
ENSG00000116906	1161	1	1160
ENSG00000092969	3	1	4
ENSG00000157181	442	1	441
ENSG00000250762	1	1	0
ENSG00000236720	0	0	0
ENSG00000227421	6	0	6
ENSG00000227240	2	0	2
ENSG00000076258	59	0	59
ENSG00000286073	0	0	0
ENSG00000231084	18	18	0
ENSG00000232085	0	64	0
ENSG00000117697	967	3	964
ENSG00000279333	0	0	1
ENSG00000235083	0	0	0
ENSG00000162669	2	0	2
ENSG00000197067	0	0	0
ENSG00000229652	0	0	0
ENSG00000132681	14	0	14
ENSG00000225904	0	0	0
ENSG00000270920	0	0	0
ENSG00000281664	0	0	0
ENSG00000143641	1248	2	1682
ENSG00000227630	6	0	6
ENSG00000228830	0	1032	0
ENSG00000010932	2	1	1
ENSG00000282849	0	0	0
ENSG00000276520	0	0	0
ENSG00000226640	0	0	0
ENSG00000010072	338	80	324
ENSG00000135766	262	1	261
ENSG00000232626	2	0	2
ENSG00000232096	2	2	0
ENSG00000279261	3	0	3
ENSG00000213051	1	0	1
ENSG00000238054	0	0	0
ENSG00000163534	909	0	909
ENSG00000168243	1	0	1
ENSG00000281453	0	0	0
ENSG00000237469	0	0	0
ENSG00000224939	3	0	3
ENSG00000227613	0	0	0
ENSG00000116183	2	0	2
ENSG00000270106	0	0	0
ENSG00000232194	0	0	0
ENSG00000235152	0	0	0
ENSG00000231612	0	0	0
ENSG00000237980	10	0	10
ENSG00000271036	0	0	0
ENSG00000230849	0	0	0
ENSG00000170382	99	101	4
ENSG00000228664	0	0	0
ENSG00000226868	0	0	0
ENSG00000279401	0	0	0
ENSG00000272362	0	0	0
ENSG00000287450	0	0	0
ENSG00000237011	0	0	0
ENSG00000233583	0	0	0
ENSG00000066027	4208	4	4204
ENSG00000286263	0	0	0
ENSG00000227006	1	1	0
ENSG00000236372	0	0	0
ENSG00000224525	0	0	0
ENSG00000188770	0	0	0
ENSG00000173728	3	3	0
ENSG00000094975	1027	0	1027
ENSG00000225811	0	0	0
ENSG00000273093	2	0	2
ENSG00000162772	64	0	64
ENSG00000227818	0	0	0
ENSG00000135828	2077	3	2074
ENSG00000224227	2	0	2
ENSG00000286398	0	0	0
ENSG00000076356	278	1	277
ENSG00000215819	0	0	0
ENSG00000185523	2	0	2
ENSG00000236108	0	0	0
ENSG00000116711	273	0	273
ENSG00000231684	2	0	2
ENSG00000226750	0	0	0
ENSG00000285665	12	0	12
ENSG00000231022	0	0	0
ENSG00000224436	0	0	0
ENSG00000228208	0	0	0
ENSG00000273384	0	0	0
ENSG00000238061	0	0	0
ENSG00000234915	0	0	0
ENSG00000143845	4	0	7
ENSG00000235862	0	0	0
ENSG00000069812	0	0	0
ENSG00000227585	0	0	0
ENSG00000157060	0	0	0
ENSG00000237213	0	0	0
ENSG00000236439	17	0	17
ENSG00000224260	0	0	0
ENSG00000213045	3	3	0
ENSG00000287220	0	0	0
ENSG00000230063	0	0	0
ENSG00000235467	0	0	0
ENSG00000123684	6795	5	6790
ENSG00000117707	0	0	0
ENSG00000228044	1	0	1
ENSG00000225338	1	1	0
ENSG00000224407	0	436	0
ENSG00000232463	0	0	0
ENSG00000237457	0	0	0
ENSG00000225171	4	0	4
ENSG00000226843	0	0	0
ENSG00000235386	0	0	0
ENSG00000123836	675	71	675
ENSG00000213690	0	0	0
ENSG00000223982	0	0	0
ENSG00000229832	4	1	3
ENSG00000117691	272	0	272
ENSG00000225233	0	0	0
ENSG00000274895	0	0	0
ENSG00000237514	0	0	0
ENSG00000287856	0	0	0
ENSG00000228067	0	0	0
ENSG00000284299	0	0	0
ENSG00000226375	0	0	0
ENSG00000203705	454	2	452
ENSG00000224040	1	0	1
ENSG00000228686	55	55	0
ENSG00000279838	29	0	29
ENSG00000174175	264	0	264
ENSG00000236401	0	0	0
ENSG00000241475	0	0	0
ENSG00000215800	0	0	0
ENSG00000286421	0	0	0
ENSG00000270936	0	0	0
ENSG00000008118	0	0	0
ENSG00000171161	802	3	799
ENSG00000241505	0	0	0
ENSG00000224535	0	0	0
ENSG00000282097	0	0	0
ENSG00000261453	3	3	0
ENSG00000231020	0	0	0
ENSG00000270818	0	0	0
ENSG00000196878	17	0	17
ENSG00000133059	806	0	806
ENSG00000225561	0	0	0
ENSG00000224668	0	0	0
ENSG00000242529	0	0	0
ENSG00000074964	777	0	777
ENSG00000223847	0	0	0
ENSG00000277704	0	0	0
ENSG00000116918	1019	34	1019
ENSG00000274020	144	1	174
ENSG00000287445	14	0	14
ENSG00000259815	0	0	0
ENSG00000240963	0	0	0
ENSG00000226570	0	0	0
ENSG00000198929	5	0	5
ENSG00000272167	0	0	0
ENSG00000230628	0	0	0
ENSG00000162771	0	0	0
ENSG00000227579	0	0	0
ENSG00000176393	1361	0	2171
ENSG00000174606	686	0	686
ENSG00000179914	20	0	20
ENSG00000235750	6833	2	6831
ENSG00000284376	0	0	0
ENSG00000121446	6	6	0
ENSG00000226758	2	0	2
ENSG00000230199	0	0	0
ENSG00000236905	1	1	0
ENSG00000233304	0	0	0
ENSG00000288007	0	0	1
ENSG00000227887	0	0	0
ENSG00000116903	1056	0	1122
ENSG00000228255	0	0	0
ENSG00000226196	0	0	0
ENSG00000287354	0	4	0
ENSG00000233827	0	0	0
ENSG00000198797	0	0	0
ENSG00000271746	1	0	1
ENSG00000234233	0	0	0
ENSG00000151414	3606	2	3604
ENSG00000177614	8	1	7
ENSG00000223794	0	0	0
ENSG00000235182	0	2	0
ENSG00000213041	0	0	0
ENSG00000287157	0	0	0
ENSG00000233920	0	0	0
ENSG00000183831	0	0	0
ENSG00000225755	0	0	0
ENSG00000143858	63	85	1
ENSG00000197472	2	0	2
ENSG00000230184	0	0	0
ENSG00000234004	0	0	0
ENSG00000232436	0	0	0
ENSG00000231718	0	0	0
ENSG00000283952	0	0	0
ENSG00000230019	0	0	0
ENSG00000136643	588	0	588
ENSG00000232537	0	0	0
ENSG00000226036	0	0	0
ENSG00000285521	0	0	0
ENSG00000236317	1	0	1
ENSG00000176855	0	0	0
ENSG00000227728	0	0	0
ENSG00000133069	251	4	247
ENSG00000162877	12	0	12
ENSG00000233461	86	0	86
ENSG00000225401	1	0	1
ENSG00000228190	0	0	0
ENSG00000135747	1	0	1
ENSG00000227237	1	1	0
ENSG00000069248	1134	0	1134
ENSG00000232812	0	0	0
ENSG00000231666	0	0	0
ENSG00000226986	0	0	0
ENSG00000242042	0	0	0
ENSG00000234464	0	0	0
ENSG00000253148	0	0	0
ENSG00000227751	0	533	0
ENSG00000090104	33	0	33
ENSG00000285280	42	940	34
ENSG00000232892	0	0	0
ENSG00000236950	0	0	0
ENSG00000236468	0	0	0
ENSG00000143322	490	0	490
ENSG00000185220	243	0	243
ENSG00000226003	0	0	0
ENSG00000230813	0	0	0
ENSG00000226862	9	0	9
ENSG00000236101	0	0	0
ENSG00000162769	314	0	314
ENSG00000133065	354	2	352
ENSG00000278684	0	0	0
ENSG00000236775	0	0	0
ENSG00000042781	0	0	0
ENSG00000234754	0	0	0
ENSG00000233084	3	0	3
ENSG00000227815	1	0	1
ENSG00000287046	0	0	0
ENSG00000223774	0	0	0
ENSG00000228863	8	4060	7
ENSG00000228646	0	0	0
ENSG00000229112	0	0	0
ENSG00000233332	0	0	0
ENSG00000231984	0	0	0
ENSG00000286213	0	0	0
ENSG00000226876	1	1	0
ENSG00000277462	55	0	55
ENSG00000225591	1	0	1
ENSG00000035687	1825	2	1823
ENSG00000213080	3	0	3
ENSG00000180287	0	0	0
ENSG00000226693	0	0	0
ENSG00000234678	40	850	0
ENSG00000231272	0	0	0
ENSG00000223828	0	0	0
ENSG00000163431	4	2	2
ENSG00000230124	350	3	409
ENSG00000226723	0	0	0
ENSG00000272672	1	0	1
ENSG00000143473	0	1	0
ENSG00000228982	0	0	0
ENSG00000235096	0	0	0
ENSG00000237250	0	0	0
ENSG00000007341	87	18	129
ENSG00000286747	0	0	0
ENSG00000236069	0	0	0
ENSG00000236244	0	0	0
ENSG00000272865	0	0	0
ENSG00000117222	1016	0	1016
ENSG00000143324	761	0	761
ENSG00000229871	0	0	0
ENSG00000225222	0	0	0
ENSG00000118193	39	0	39
ENSG00000234116	0	0	0
ENSG00000231940	1	0	1
ENSG00000198842	1	0	1
ENSG00000286619	20	0	20
ENSG00000198756	61	0	61
ENSG00000259823	0	0	0
ENSG00000271558	0	0	0
ENSG00000227554	0	0	0
ENSG00000178596	0	0	0
ENSG00000135749	240	11	259
ENSG00000143786	33	1	36
ENSG00000224584	0	0	0
ENSG00000054282	304	31	321
ENSG00000183780	13	0	13
ENSG00000229663	1	1	0
ENSG00000162702	1446	3	1443
ENSG00000251508	0	0	0
ENSG00000238272	0	1	0
ENSG00000228530	0	0	0
ENSG00000235060	0	0	0
ENSG00000143194	0	0	0
ENSG00000229531	1	0	1
ENSG00000271329	1	0	1
ENSG00000054267	3393	4	3390
ENSG00000261831	0	0	0
ENSG00000287921	0	0	0
ENSG00000177800	0	0	0
ENSG00000225620	0	0	0
ENSG00000232166	0	0	0
ENSG00000175137	2006	3	2003
ENSG00000134245	15	50	10
ENSG00000234041	0	0	0
ENSG00000227373	8	0	8
ENSG00000231905	0	0	0
ENSG00000228175	4	1	3
ENSG00000069275	2939	4	2935
ENSG00000143674	71	0	71
ENSG00000237317	0	0	0
ENSG00000187889	0	0	0
ENSG00000134375	773	0	773
ENSG00000097046	136	2	134
ENSG00000232113	0	0	0
ENSG00000282718	0	0	0
ENSG00000231378	0	0	0
ENSG00000235605	0	1	0
ENSG00000223525	0	0	0
ENSG00000224857	0	0	0
ENSG00000273367	2	0	2
ENSG00000230604	1	1	0
ENSG00000231605	0	0	0
ENSG00000236358	0	0	1
ENSG00000203737	0	0	0
ENSG00000238003	0	0	0
ENSG00000215873	0	0	0
ENSG00000287008	0	0	0
ENSG00000185420	123	0	123
ENSG00000076321	358	0	358
ENSG00000272175	0	1	1
ENSG00000231564	0	0	0
ENSG00000135778	350	22	358
ENSG00000213070	0	0	0
ENSG00000282265	0	0	0
ENSG00000250536	0	0	0
ENSG00000229747	0	0	0
ENSG00000117280	2033	1	2032
ENSG00000233985	0	0	0
ENSG00000232175	0	0	0
ENSG00000287423	0	0	0
ENSG00000286774	0	0	0
ENSG00000236719	0	0	0
ENSG00000136636	175	2	173
ENSG00000225486	0	0	0
ENSG00000227043	0	0	0
ENSG00000163874	437	2	435
ENSG00000285777	0	0	0
ENSG00000237249	0	0	0
ENSG00000286109	0	0	0
ENSG00000213068	0	0	0
ENSG00000054392	58	0	62
ENSG00000227994	0	0	0
ENSG00000286552	0	0	0
ENSG00000225711	0	0	0
ENSG00000122223	1434	8	1426
ENSG00000235869	0	0	0
ENSG00000188739	16	0	16
ENSG00000286666	0	0	0
ENSG00000135750	10	0	10
ENSG00000273198	1	0	1
ENSG00000203730	0	0	0
ENSG00000225719	0	0	0
ENSG00000273483	0	0	0
ENSG00000287987	0	0	0
ENSG00000203729	1	0	1
ENSG00000232809	0	0	0
ENSG00000284623	0	0	0
ENSG00000285981	0	0	0
ENSG00000261729	1	0	1
ENSG00000223869	0	0	0
ENSG00000229228	0	0	0
ENSG00000215796	0	0	0
ENSG00000185221	0	0	0
ENSG00000233047	0	0	0
ENSG00000143341	4	0	4
ENSG00000228309	0	0	0
ENSG00000229739	3	0	3
ENSG00000116703	0	0	0
ENSG00000273874	0	0	0
ENSG00000278791	0	6	0
ENSG00000278757	3	0	3
ENSG00000264341	0	0	0
ENSG00000264101	0	0	0
ENSG00000265141	0	0	0
ENSG00000221083	0	0	0
ENSG00000252404	0	0	0
ENSG00000222511	0	0	0
ENSG00000265392	0	0	0
ENSG00000243267	0	0	0
ENSG00000201725	0	0	0
ENSG00000274258	0	0	0
ENSG00000239149	1	0	1
ENSG00000252151	0	0	0
ENSG00000252969	0	0	0
ENSG00000252417	0	0	0
ENSG00000200975	0	0	0
ENSG00000201609	0	0	0
ENSG00000238482	0	0	0
ENSG00000252956	0	0	0
ENSG00000265606	0	0	0
ENSG00000284357	0	0	0
ENSG00000278034	0	0	0
ENSG00000207237	0	0	0
ENSG00000222784	0	0	0
ENSG00000266210	0	0	0
ENSG00000265961	0	0	0
ENSG00000251866	0	0	0
ENSG00000252691	0	0	0
ENSG00000264371	0	0	0
ENSG00000253005	0	0	0
ENSG00000238316	0	0	0
ENSG00000207941	0	0	0
ENSG00000264773	2	0	2
ENSG00000252448	0	0	0
ENSG00000200421	0	0	0
ENSG00000222282	0	0	0
ENSG00000199963	0	0	0
ENSG00000264698	0	0	0
ENSG00000207328	0	0	0
ENSG00000207466	0	0	0
ENSG00000252368	0	0	0
ENSG00000206779	0	0	0
ENSG00000265596	0	0	0
ENSG00000212541	7	7	0
ENSG00000200796	0	0	0
ENSG00000252190	0	0	0
ENSG00000264613	0	0	0
ENSG00000199240	0	0	0
ENSG00000277168	0	0	0
ENSG00000283724	0	0	0
ENSG00000284410	0	0	0
ENSG00000252018	0	0	0
ENSG00000206627	0	0	0
ENSG00000283414	0	0	0
ENSG00000207508	0	0	0
ENSG00000200171	0	0	0
ENSG00000207194	0	0	0
ENSG00000283477	0	0	0
ENSG00000264834	0	0	0
ENSG00000263675	1	0	1
ENSG00000266188	0	0	0
ENSG00000206981	0	0	0
ENSG00000200174	0	0	0
ENSG00000265822	0	0	0
ENSG00000265815	0	0	0
ENSG00000238653	0	0	0
ENSG00000212624	0	0	0
ENSG00000200575	0	0	0
ENSG00000212360	0	0	0
ENSG00000242860	0	0	0
ENSG00000263908	0	0	0
ENSG00000283690	0	0	0
ENSG00000199921	0	0	0
ENSG00000251825	0	0	0
ENSG00000201153	0	0	0
ENSG00000222624	0	0	0
ENSG00000223152	0	0	0
ENSG00000212308	0	0	0
ENSG00000279049	0	8	0
ENSG00000276081	0	0	0
ENSG00000239640	0	0	0
ENSG00000252338	0	0	0
ENSG00000251785	0	0	0
ENSG00000239319	0	0	0
ENSG00000222849	0	0	0
ENSG00000283749	0	0	0
ENSG00000251958	0	0	0
ENSG00000251767	0	0	0
ENSG00000243437	0	0	0
ENSG00000202263	0	0	0
ENSG00000199318	0	0	0
ENSG00000199666	0	0	0
ENSG00000200601	0	0	0
ENSG00000242482	0	0	0
ENSG00000212366	0	0	0
ENSG00000201620	0	0	0
ENSG00000206817	0	0	0
ENSG00000284247	0	0	0
ENSG00000200839	0	0	0
ENSG00000264963	0	0	0
ENSG00000264271	0	0	0
ENSG00000239504	0	0	0
ENSG00000284202	0	0	0
ENSG00000251720	2	2	0
ENSG00000274321	0	0	0
ENSG00000198974	0	0	0
ENSG00000212248	0	0	0
ENSG00000207962	0	0	0
ENSG00000276884	0	0	0
ENSG00000207234	1	0	1
ENSG00000202259	0	0	0
ENSG00000212459	0	0	0
ENSG00000278287	0	0	0
ENSG00000277565	0	0	0
ENSG00000263526	0	0	0
ENSG00000211575	0	0	0
ENSG00000275823	0	0	0
ENSG00000277689	0	0	0
ENSG00000274199	0	0	0
ENSG00000202254	0	0	0
ENSG00000244256	0	0	0
ENSG00000201491	0	0	0
ENSG00000199831	0	0	0
ENSG00000275455	0	0	0
ENSG00000252162	0	0	0
ENSG00000272051	0	0	0
ENSG00000283899	0	0	0
ENSG00000200800	0	0	0
ENSG00000207502	0	0	0
ENSG00000252530	0	0	0
ENSG00000200536	0	0	0
ENSG00000211543	0	0	0
ENSG00000252797	2	2	0
ENSG00000212266	0	0	0
ENSG00000222209	0	0	0
ENSG00000277141	0	0	0
ENSG00000215930	0	0	0
ENSG00000238761	0	0	0
ENSG00000201114	1	1	0
ENSG00000206679	0	0	0
ENSG00000264419	0	0	0
ENSG00000222069	0	0	0
ENSG00000274428	0	0	0
ENSG00000199879	0	0	0
ENSG00000274408	0	0	0
ENSG00000283676	1	0	1
ENSG00000252005	0	0	0
ENSG00000252510	0	0	0
ENSG00000207340	0	0	0
ENSG00000252830	0	0	0
ENSG00000274450	0	0	0
ENSG00000252135	0	0	0
ENSG00000278596	0	0	0
ENSG00000238825	0	0	0
ENSG00000201183	2	2	0
ENSG00000202408	0	0	0
ENSG00000252744	0	0	0
ENSG00000273768	1	0	1
ENSG00000242565	0	0	0
ENSG00000239984	0	0	0
ENSG00000283296	0	0	0
ENSG00000252717	0	0	0
ENSG00000194297	0	0	0
ENSG00000199565	0	0	0
ENSG00000277313	0	0	0
ENSG00000274940	0	0	0
ENSG00000207341	0	0	0
ENSG00000207472	0	0	0
ENSG00000206880	0	0	0
ENSG00000252552	0	0	0
ENSG00000199849	0	0	0
ENSG00000252407	0	0	0
ENSG00000212538	0	0	0
ENSG00000251813	0	0	0
ENSG00000207108	0	0	0
ENSG00000201312	0	0	0
ENSG00000207039	0	0	0
ENSG00000202491	0	0	0
ENSG00000201596	0	0	0
ENSG00000276839	1	0	1
ENSG00000207974	0	0	0
ENSG00000273629	0	0	0
ENSG00000201493	0	0	0
ENSG00000215952	0	0	0
ENSG00000200139	0	0	0
ENSG00000283575	0	0	0
ENSG00000238765	0	0	0
ENSG00000264916	0	0	0
ENSG00000212338	0	0	0
ENSG00000206659	0	0	0
ENSG00000253025	0	0	0
ENSG00000201619	0	0	0
ENSG00000201544	0	0	0
ENSG00000202498	0	0	0
ENSG00000221545	0	0	0
ENSG00000252906	0	0	0
ENSG00000206692	0	0	0
ENSG00000202329	0	0	0
ENSG00000242794	0	0	0
ENSG00000212144	0	0	0
ENSG00000283340	0	0	0
ENSG00000252860	0	0	0
ENSG00000252501	0	0	0
ENSG00000263390	0	0	0
ENSG00000207181	0	0	0
ENSG00000265744	0	0	0
ENSG00000264377	1	0	1
ENSG00000207149	0	0	0
ENSG00000283936	0	0	0
ENSG00000284485	0	0	0
ENSG00000201638	0	0	0
ENSG00000275213	0	0	0
ENSG00000239494	2	0	2
ENSG00000212230	0	0	0
ENSG00000252371	0	0	0
ENSG00000199442	0	0	0
ENSG00000200033	2	0	2
ENSG00000239690	0	0	0
ENSG00000202184	0	0	0
ENSG00000241395	0	0	0
ENSG00000200982	0	0	0
ENSG00000275207	0	0	0
ENSG00000202300	0	0	0
ENSG00000222407	0	0	0
ENSG00000222986	0	0	0
ENSG00000265435	0	0	0
ENSG00000272262	0	0	0
ENSG00000200495	0	0	0
ENSG00000202609	0	0	0
ENSG00000252553	0	0	0
ENSG00000206764	0	0	0
ENSG00000222240	0	0	0
ENSG00000212187	0	0	0
ENSG00000206637	0	0	0
ENSG00000253097	0	0	0
ENSG00000200036	0	0	0
ENSG00000201421	0	0	0
ENSG00000212610	0	0	0
ENSG00000252484	0	0	0
ENSG00000201944	0	0	0
ENSG00000200327	0	0	0
ENSG00000206905	0	0	0
ENSG00000200972	0	0	0
ENSG00000243051	0	0	0
ENSG00000252011	0	0	0
ENSG00000207326	0	0	0
ENSG00000212205	0	0	0
ENSG00000253042	1	1	0
ENSG00000274121	0	0	0
ENSG00000264358	0	0	0
ENSG00000206640	0	0	0
ENSG00000212527	0	0	0
ENSG00000252879	0	0	0
ENSG00000252612	0	0	0
ENSG00000202264	0	0	0
ENSG00000285609	0	0	0
ENSG00000206762	0	0	0
ENSG00000252084	0	0	0
ENSG00000200085	0	0	0
ENSG00000264500	5	5	0
ENSG00000202025	0	0	0
ENSG00000225545	0	0	0
ENSG00000206990	0	0	0
ENSG00000230175	0	0	0
ENSG00000225272	0	0	0
ENSG00000215838	0	0	0
ENSG00000273365	0	0	0
ENSG00000224358	1	0	2
ENSG00000230659	0	0	0
ENSG00000162545	22	0	22
ENSG00000090432	810	0	810
ENSG00000215520	0	0	0
ENSG00000183114	0	0	0
ENSG00000158825	2468	0	2468
ENSG00000158828	574	67	2533
ENSG00000284005	0	0	0
ENSG00000117242	59	1977	108
ENSG00000234473	0	0	0
ENSG00000238754	0	0	0
ENSG00000134371	1248	6	1248
ENSG00000221680	0	0	0
ENSG00000162630	124	1	129
ENSG00000276735	0	0	0
ENSG00000232077	0	0	0
ENSG00000229639	0	0	0
ENSG00000287453	0	0	0
ENSG00000270615	0	0	0
ENSG00000287283	0	0	0
ENSG00000240692	0	0	0
ENSG00000229359	0	0	0
ENSG00000237919	0	0	0
ENSG00000066557	441	0	441
ENSG00000244389	0	0	0
ENSG00000228988	0	0	0
ENSG00000118454	512	2	511
ENSG00000226088	0	0	0
ENSG00000116761	9	0	9
ENSG00000278636	0	0	0
ENSG00000271992	1	0	1
ENSG00000233020	0	0	0
ENSG00000237033	0	0	0
ENSG00000226208	0	0	0
ENSG00000007968	338	1	337
ENSG00000235052	1	0	1
ENSG00000117318	184	0	184
ENSG00000285802	0	0	0
ENSG00000229239	0	0	0
ENSG00000142676	25243	86	25157
ENSG00000057757	890	1	889
ENSG00000011009	1119	1	1119
ENSG00000117308	150	1	149
ENSG00000273844	0	0	0
ENSG00000235748	0	0	0
ENSG00000237861	0	0	0
ENSG00000221879	0	0	0
ENSG00000230260	0	0	0
ENSG00000199241	0	0	0
ENSG00000226919	0	5	0
ENSG00000223963	0	0	0
ENSG00000215802	0	0	0
ENSG00000233615	0	0	0
ENSG00000238085	0	0	0
ENSG00000265831	0	0	0
ENSG00000224348	0	0	0
ENSG00000286496	0	0	0
ENSG00000287516	0	0	0
ENSG00000287738	0	0	0
ENSG00000132703	0	0	0
ENSG00000276632	0	0	0
ENSG00000223603	0	0	0
ENSG00000132693	0	0	0
ENSG00000235226	0	0	0
ENSG00000158716	174	0	174
ENSG00000181036	526	5	521
ENSG00000158714	31	12	119
ENSG00000212161	0	0	0
ENSG00000243284	3	0	3
ENSG00000272668	21	17	4
ENSG00000213085	121	0	121
ENSG00000266458	0	0	0
ENSG00000287040	6	6	0
ENSG00000279430	0	0	0
ENSG00000162723	1	0	1
ENSG00000273933	0	0	0
ENSG00000256029	4	30	7
ENSG00000188004	1	0	1
ENSG00000266580	0	0	0
ENSG00000254545	0	7	0
ENSG00000203620	0	0	0
ENSG00000269967	4	0	4
ENSG00000228634	0	0	0
ENSG00000284702	0	0	0
ENSG00000221040	0	0	0
ENSG00000287217	0	0	0
ENSG00000163399	2335	13	6857
ENSG00000212385	0	0	0
ENSG00000233154	5	0	5
ENSG00000230381	0	0	0
ENSG00000200547	0	0	0
ENSG00000224950	24	0	27
ENSG00000286276	6	9	0
ENSG00000177888	476	0	476
ENSG00000243364	124	0	124
ENSG00000251246	0	0	0
ENSG00000143590	29	0	29
ENSG00000202027	0	0	0
ENSG00000169242	13	0	13
ENSG00000169241	495	0	495
ENSG00000223452	0	0	0
ENSG00000163463	45	0	45
ENSG00000273088	0	0	0
ENSG00000284586	0	0	0
ENSG00000169231	221	3	503
ENSG00000236263	0	81	1
ENSG00000236675	93	92	1
ENSG00000177628	1195	1	1194
ENSG00000116521	764	0	764
ENSG00000176444	1075	0	1075
ENSG00000143630	14	1	18
ENSG00000143627	0	4	1
ENSG00000253074	0	0	0
ENSG00000252116	0	0	0
ENSG00000228523	0	0	0
ENSG00000223263	2	2	0
ENSG00000207504	0	0	0
ENSG00000238139	0	0	0
ENSG00000197721	21	0	21
ENSG00000244703	0	0	0
ENSG00000226289	1	0	1
ENSG00000285239	0	0	0
ENSG00000234219	2	4	0
ENSG00000174059	34	1	33
ENSG00000285719	0	0	0
ENSG00000284237	2	0	2
ENSG00000158731	0	0	0
ENSG00000201746	0	0	0
ENSG00000264881	0	0	0
ENSG00000199562	0	0	0
ENSG00000264501	0	0	0
ENSG00000284735	5	4	1
ENSG00000284642	13	1	12
ENSG00000142657	9886	9	9877
ENSG00000271989	0	2	0
ENSG00000251503	0	0	0
ENSG00000175279	1	0	1
ENSG00000160049	589	0	680
ENSG00000203469	0	67	0
ENSG00000236035	1	1	0
ENSG00000221643	0	0	0
ENSG00000122188	427	0	427
ENSG00000288644	0	0	0
ENSG00000227417	0	0	0
ENSG00000223505	0	0	0
ENSG00000182004	691	1	690
ENSG00000236430	0	0	0
ENSG00000130768	16	0	24
ENSG00000227050	1	8	1
ENSG00000238231	2	2	0
ENSG00000240750	0	0	0
ENSG00000158156	1688	1	1688
ENSG00000182118	26	0	26
ENSG00000283799	0	0	0
ENSG00000227934	1	0	1
ENSG00000229595	0	0	0
ENSG00000143633	282	0	282
ENSG00000281912	3	1	3
ENSG00000288208	0	0	0
ENSG00000132773	198	26	230
ENSG00000070759	298	27	309
ENSG00000236872	2	2	0
ENSG00000280670	28	0	28
ENSG00000132763	81	947	88
ENSG00000221953	0	0	0
ENSG00000226164	0	0	0
ENSG00000224014	0	0	0
ENSG00000215795	0	0	0
ENSG00000259865	215	1	214
ENSG00000227671	698	1	697
ENSG00000283881	0	0	0
ENSG00000252516	0	0	0
ENSG00000232347	0	0	0
ENSG00000214144	0	0	0
ENSG00000235818	0	0	0
ENSG00000197617	0	0	0
ENSG00000202079	0	0	0
ENSG00000286216	0	0	1
ENSG00000203664	0	0	0
ENSG00000169224	64	0	69
ENSG00000236817	0	5	0
ENSG00000177489	0	0	0
ENSG00000177476	0	0	0
ENSG00000283369	0	0	0
ENSG00000230411	0	0	0
ENSG00000251977	0	0	0
ENSG00000252254	0	0	0
ENSG00000227854	0	0	0
ENSG00000287589	0	0	0
ENSG00000259776	0	0	0
ENSG00000233355	172	0	176
ENSG00000234601	0	0	0
ENSG00000231979	0	0	0
ENSG00000215805	0	0	0
ENSG00000287102	0	0	0
ENSG00000217327	0	0	0
ENSG00000228818	0	0	0
ENSG00000202041	0	0	0
ENSG00000223694	0	0	0
ENSG00000233735	0	0	0
ENSG00000133019	1	4	1
ENSG00000162636	930	1	929
ENSG00000162639	567	0	567
ENSG00000285923	2	0	2
ENSG00000134186	2596	31	2565
ENSG00000143107	0	0	0
ENSG00000232971	0	0	0
ENSG00000116266	2642	1	2642
ENSG00000228076	0	1	0
ENSG00000203897	0	0	0
ENSG00000237349	0	0	0
ENSG00000244716	37	0	37
ENSG00000228665	0	0	0
ENSG00000228054	0	0	0
ENSG00000273382	17	116	15
ENSG00000215717	2918	0	3032
ENSG00000278249	0	0	0
ENSG00000270066	0	0	0
ENSG00000251484	0	0	0
ENSG00000132676	1978	126	1974
ENSG00000227673	0	0	0
ENSG00000203761	71	70	33
ENSG00000234937	0	0	0
ENSG00000132718	963	2	961
ENSG00000283442	1	1	0
ENSG00000143622	2510	1	2509
ENSG00000132680	1196	1	1195
ENSG00000207475	0	0	0
ENSG00000280466	0	0	0
ENSG00000281394	0	0	0
ENSG00000277817	0	0	0
ENSG00000273002	42	0	42
ENSG00000224276	3	3	0
ENSG00000285677	2	1808	0
ENSG00000163479	3966	0	5772
ENSG00000160803	617	0	617
ENSG00000132698	6	0	6
ENSG00000252236	1	1	0
ENSG00000260238	0	0	0
ENSG00000242252	3	0	3
ENSG00000198952	2405	2	2403
ENSG00000163472	161	268	156
ENSG00000163468	2468	1	2468
ENSG00000132677	0	0	0
ENSG00000237390	0	0	0
ENSG00000207933	0	0	0
ENSG00000254726	1	0	1
ENSG00000186377	0	0	0
ENSG00000186160	0	0	0
ENSG00000225154	0	0	0
ENSG00000225506	1	0	1
ENSG00000225514	0	0	0
ENSG00000224805	33	0	42
ENSG00000162366	747	2	745
ENSG00000226252	10	100	1
ENSG00000225762	2	2	0
ENSG00000186790	0	0	0
ENSG00000237424	56	0	56
ENSG00000189030	0	0	0
ENSG00000162763	0	0	0
ENSG00000143061	7	0	7
ENSG00000135821	21955	14	21941
ENSG00000203740	0	0	0
ENSG00000162374	2	0	2
ENSG00000168275	162	3	205
ENSG00000241563	0	0	0
ENSG00000153207	3831	2	3829
ENSG00000156869	193	1	192
ENSG00000033122	11	10	1
ENSG00000143278	0	0	0
ENSG00000116678	181	0	181
ENSG00000159352	3458	6	3452
ENSG00000158710	33172	15	33157
ENSG00000162734	2412	13	2478
ENSG00000049239	2181	1	2180
ENSG00000186564	12	0	12
ENSG00000244038	3563	2	3561
ENSG00000158747	29	0	29
ENSG00000116690	22	364	26
ENSG00000126091	16	0	16
ENSG00000162383	25	0	25
ENSG00000171163	385	1	384
ENSG00000172456	77	0	77
ENSG00000162946	507	0	507
ENSG00000158786	0	0	0
ENSG00000118733	0	0	0
ENSG00000157870	260	4	331
ENSG00000179085	81	0	81
ENSG00000173080	1	1	0
ENSG00000183347	32	0	32
ENSG00000276470	0	0	0
ENSG00000278852	0	0	0
ENSG00000275915	0	0	0
ENSG00000120937	0	0	0
ENSG00000224904	0	0	0
ENSG00000285646	3	3	0
ENSG00000199347	0	0	0
ENSG00000201801	1	1	0
ENSG00000116685	2050	1	2049
ENSG00000083444	1980	1	1979
ENSG00000287384	2	2	0
ENSG00000270914	0	0	0
ENSG00000116691	478	0	478
ENSG00000202461	0	0	0
ENSG00000276869	0	0	0
ENSG00000243539	0	0	0
ENSG00000120949	444	0	444
ENSG00000201135	0	0	0
ENSG00000227875	0	0	0
ENSG00000285604	0	0	0
ENSG00000283789	0	0	0
ENSG00000263676	0	0	0
ENSG00000200591	0	0	0
ENSG00000162521	2344	3	3584
ENSG00000162520	0	1240	3
ENSG00000224409	0	0	0
ENSG00000162522	120	1	119
ENSG00000116497	919	0	932
ENSG00000160097	6	4	2
ENSG00000121905	0	0	0
ENSG00000121900	1	0	1
ENSG00000287691	24	30	0
ENSG00000278966	7	6	1
ENSG00000143222	1323	4	1622
ENSG00000224985	4	304	3
ENSG00000143224	216	55	219
ENSG00000158850	875	4	927
ENSG00000158859	6	3	3
ENSG00000158869	7688	1	7687
ENSG00000158874	7	6	1
ENSG00000158882	142	0	229
ENSG00000284035	0	0	0
ENSG00000143257	6	91	2
ENSG00000248485	15	15	0
ENSG00000188931	51	59	0
ENSG00000236484	0	0	0
ENSG00000283696	16	0	16
ENSG00000288093	2	0	2
ENSG00000206921	0	0	0
ENSG00000215840	2	0	2
ENSG00000277882	0	0	0
ENSG00000283317	4	4	0
ENSG00000277762	0	0	0
ENSG00000227139	0	0	0
ENSG00000265107	0	0	0
ENSG00000274415	0	0	0
ENSG00000234190	0	0	0
ENSG00000223728	0	0	0
ENSG00000121634	0	0	0
ENSG00000188092	64	0	64
ENSG00000215859	12	15	0
ENSG00000273059	0	0	3
ENSG00000274372	2	0	2
ENSG00000206791	0	0	0
ENSG00000206585	0	0	0
ENSG00000229828	5	0	5
ENSG00000225080	0	0	0
ENSG00000198658	0	0	0
ENSG00000238382	0	0	0
ENSG00000225919	0	0	0
ENSG00000236497	0	0	0
ENSG00000207190	0	0	0
ENSG00000200508	0	0	0
ENSG00000284928	0	0	0
ENSG00000223949	0	0	0
ENSG00000116688	4610	0	4610
ENSG00000188800	0	0	0
ENSG00000084073	1658	0	1662
ENSG00000231296	0	3	0
ENSG00000049089	206	2	204
ENSG00000227311	0	0	0
ENSG00000213172	0	0	0
ENSG00000284677	0	0	0
ENSG00000187801	28	0	28
ENSG00000260920	40	0	40
ENSG00000158887	99	0	99
ENSG00000255054	0	0	0
ENSG00000228172	7	298	13
ENSG00000117640	500	2	705
ENSG00000272478	0	0	0
ENSG00000127423	8	15	2
ENSG00000182749	240	10	315
ENSG00000207302	0	0	0
ENSG00000117632	520	0	520
ENSG00000229786	0	0	0
ENSG00000223624	0	0	0
ENSG00000283938	0	0	0
ENSG00000199385	0	0	0
ENSG00000187147	1173	16	1754
ENSG00000263381	0	0	0
ENSG00000126106	47	588	56
ENSG00000198520	241	6	235
ENSG00000199377	0	0	0
ENSG00000200169	0	0	0
ENSG00000142945	32	5	31
ENSG00000142937	15765	20	17076
ENSG00000264294	0	0	0
ENSG00000200913	0	0	0
ENSG00000202031	0	0	0
ENSG00000207421	0	0	0
ENSG00000281859	0	0	0
ENSG00000234093	1	1	0
ENSG00000142959	1	0	1
ENSG00000173846	375	1	403
ENSG00000117425	12	0	12
ENSG00000202444	0	0	0
ENSG00000226499	0	0	0
ENSG00000070785	201	0	202
ENSG00000253039	0	0	0
ENSG00000229815	0	1	0
ENSG00000232369	0	0	0
ENSG00000268949	0	0	0
ENSG00000126107	922	0	923
ENSG00000126088	623	2	622
ENSG00000234315	0	0	0
ENSG00000162408	410	0	410
ENSG00000229519	0	0	0
ENSG00000173662	0	0	0
ENSG00000204859	555	10	545
ENSG00000288629	0	0	0
ENSG00000230735	0	2	0
ENSG00000171488	1873	2	1871
ENSG00000226394	0	0	0
ENSG00000237200	1	0	1
ENSG00000070886	0	0	0
ENSG00000276835	0	0	0
ENSG00000265422	0	0	0
ENSG00000223776	2	53	3
ENSG00000273058	10	0	10
ENSG00000230325	6	14	0
ENSG00000119285	704	956	874
ENSG00000226498	0	0	0
ENSG00000237991	0	0	0
ENSG00000244020	0	0	0
ENSG00000288099	0	0	0
ENSG00000225886	8	12	0
ENSG00000206767	0	0	0
ENSG00000226662	0	0	0
ENSG00000207095	0	0	0
ENSG00000287244	0	0	0
ENSG00000231344	3	0	3
ENSG00000230833	0	0	0
ENSG00000117758	1357	0	1357
ENSG00000269971	0	0	0
ENSG00000270031	4	0	4
ENSG00000223062	0	0	0
ENSG00000286433	0	54	0
ENSG00000117751	1201	9	1246
ENSG00000252947	0	0	0
ENSG00000130775	9683	3	9683
ENSG00000117748	1718	69	1652
ENSG00000223643	0	0	0
ENSG00000230239	0	0	0
ENSG00000263811	0	0	0
ENSG00000277234	0	0	0
ENSG00000235241	0	131	0
ENSG00000207005	0	0	0
ENSG00000272426	0	0	0
ENSG00000117122	0	0	0
ENSG00000286898	0	0	0
ENSG00000226526	0	49	0
ENSG00000159363	551	1	579
ENSG00000117118	1679	0	1679
ENSG00000117115	5887	6	5881
ENSG00000204362	0	0	0
ENSG00000282843	0	0	0
ENSG00000142623	0	0	0
ENSG00000142619	0	0	0
ENSG00000266634	0	0	0
ENSG00000199459	0	0	0
ENSG00000273264	0	0	0
ENSG00000282057	0	0	0
ENSG00000272691	0	0	0
ENSG00000199934	1	1	0
ENSG00000230285	1	1	0
ENSG00000142871	0	0	0
ENSG00000226643	0	0	0
ENSG00000234419	0	0	0
ENSG00000276997	7	0	7
ENSG00000222399	0	0	0
ENSG00000267305	0	0	0
ENSG00000143512	2	0	2
ENSG00000143498	112	1	124
ENSG00000225265	7	13	7
ENSG00000154305	2088	96	2416
ENSG00000229399	0	0	0
ENSG00000272750	20	420	22
ENSG00000186063	899	28	894
ENSG00000162819	2054	6	2069
ENSG00000287684	3	4	3
ENSG00000234523	0	0	0
ENSG00000287338	5	0	5
ENSG00000187554	960	106	854
ENSG00000236846	2	0	2
ENSG00000226601	0	0	0
ENSG00000164010	331	10	514
ENSG00000164011	183	0	183
ENSG00000233708	0	0	0
ENSG00000237090	0	0	0
ENSG00000225099	1	1	0
ENSG00000284138	3	0	3
ENSG00000283973	1	7	0
ENSG00000207256	0	0	0
ENSG00000283136	0	0	0
ENSG00000277513	0	0	0
ENSG00000154309	96	0	96
ENSG00000226967	0	0	0
ENSG00000231407	2	0	2
ENSG00000229570	0	0	0
ENSG00000203857	0	0	0
ENSG00000226443	1	0	1
ENSG00000249798	0	0	0
ENSG00000239873	0	0	0
ENSG00000203855	0	0	0
ENSG00000240244	1	0	1
ENSG00000260941	5	0	5
ENSG00000198857	4	4	0
ENSG00000143067	113	0	113
ENSG00000134240	0	0	0
ENSG00000134193	1	0	1
ENSG00000215864	0	0	0
ENSG00000227205	0	0	0
ENSG00000226446	0	0	0
ENSG00000134249	0	0	0
ENSG00000092621	29	0	29
ENSG00000027644	0	0	0
ENSG00000241992	0	0	0
ENSG00000234226	0	0	0
ENSG00000137970	102	0	102
ENSG00000223229	0	0	0
ENSG00000285698	0	0	0
ENSG00000228035	0	0	0
ENSG00000287103	0	0	0
ENSG00000226973	0	0	0
ENSG00000274468	0	0	0
ENSG00000130764	754	6	831
ENSG00000266075	1	2	1
ENSG00000272153	8	88	1
ENSG00000230026	0	0	0
ENSG00000285177	0	0	0
ENSG00000284770	5	141	5
ENSG00000229795	0	0	0
ENSG00000238236	0	0	0
ENSG00000235638	0	0	0
ENSG00000231199	0	0	0
ENSG00000226663	0	0	0
ENSG00000231582	0	0	0
ENSG00000232714	0	0	0
ENSG00000235761	0	0	0
ENSG00000270710	0	0	0
ENSG00000227236	0	0	0
ENSG00000198837	3599	3	3759
ENSG00000160741	2117	0	2117
ENSG00000276584	0	0	0
ENSG00000282386	3	0	3
ENSG00000273026	8	2	6
ENSG00000143578	84	28	102
ENSG00000143543	235	9	262
ENSG00000285641	0	3	7
ENSG00000143545	24	1	23
ENSG00000177954	24430	4	24426
ENSG00000231416	4	0	4
ENSG00000200220	0	0	0
ENSG00000231837	0	0	0
ENSG00000263987	0	0	0
ENSG00000162642	427	1	426
ENSG00000223254	3	3	0
ENSG00000223653	2	23	2
ENSG00000116198	677	4	677
ENSG00000169598	261	0	265
ENSG00000226653	0	0	0
ENSG00000207209	0	0	0
ENSG00000272443	0	0	0
ENSG00000272480	0	0	0
ENSG00000288626	0	0	0
ENSG00000162836	112	0	112
ENSG00000207080	0	0	0
ENSG00000231791	0	0	0
ENSG00000244568	0	0	0
ENSG00000271387	1	0	1
ENSG00000116667	296	1	295
ENSG00000230470	0	0	0
ENSG00000232036	0	0	0
ENSG00000285847	0	0	0
ENSG00000286378	0	0	0
ENSG00000215381	0	0	0
ENSG00000261326	54	0	54
ENSG00000284726	6	6	0
ENSG00000125945	335	2	335
ENSG00000201405	0	0	0
ENSG00000271420	0	0	0
ENSG00000204219	66	0	66
ENSG00000232482	0	0	0
ENSG00000285779	0	0	0
ENSG00000162885	250	72	488
ENSG00000270780	0	0	0
ENSG00000232895	0	0	0
ENSG00000273698	0	0	0
ENSG00000273112	22	1	21
ENSG00000173110	3812	8	3804
ENSG00000224203	8	19	0
ENSG00000224515	1	0	1
ENSG00000225217	369	0	369
ENSG00000231586	2	2	0
ENSG00000234211	3	81	0
ENSG00000213075	4	4	0
ENSG00000143125	0	0	1
ENSG00000270380	0	1	0
ENSG00000282887	0	0	0
ENSG00000283999	0	0	0
ENSG00000240194	0	0	0
ENSG00000235407	0	0	0
ENSG00000143105	0	0	0
ENSG00000199710	0	0	0
ENSG00000237415	0	0	0
ENSG00000232791	0	0	0
ENSG00000177301	46	1	45
ENSG00000226828	5	5	0
ENSG00000279774	0	0	0
ENSG00000229960	0	0	0
ENSG00000286486	0	0	0
ENSG00000244066	0	0	0
ENSG00000237759	0	0	0
ENSG00000287531	0	0	0
ENSG00000225855	44	714	10
ENSG00000283701	0	0	0
ENSG00000207134	0	0	0
ENSG00000227773	0	0	0
ENSG00000207144	0	0	0
ENSG00000237872	0	0	0
ENSG00000271267	1	1	0
ENSG00000225082	0	0	0
ENSG00000223503	1	1	0
ENSG00000232519	0	0	0
ENSG00000160752	489	5	1163
ENSG00000121957	128	251	221
ENSG00000235089	0	0	0
ENSG00000285179	0	0	0
ENSG00000223026	0	0	0
ENSG00000225721	0	1332	3
ENSG00000188396	8	32	5
ENSG00000202167	0	0	0
ENSG00000207349	0	0	0
ENSG00000252826	0	0	0
ENSG00000206737	0	0	0
ENSG00000223779	0	0	0
ENSG00000242352	0	0	0
ENSG00000270962	0	0	0
ENSG00000263590	0	0	0
ENSG00000252105	0	0	0
ENSG00000233430	0	0	0
ENSG00000237503	0	0	0
ENSG00000265531	83	0	101
ENSG00000234571	7	25	0
ENSG00000230186	0	0	0
ENSG00000268074	0	0	0
ENSG00000270872	1	0	1
ENSG00000276674	0	0	0
ENSG00000082482	0	0	0
ENSG00000116747	989	26	1279
ENSG00000118729	0	0	0
ENSG00000134207	1	0	1
ENSG00000163467	0	1	0
ENSG00000243710	3	0	3
ENSG00000117395	500	0	500
ENSG00000116874	146	3	151
ENSG00000065600	241	0	241
ENSG00000009780	236	0	236
ENSG00000023572	298	360	231
ENSG00000077254	2015	0	2015
ENSG00000134644	2289	0	2289
ENSG00000215788	366	2	396
ENSG00000117834	42	4	42
ENSG00000117625	1123	4	1119
ENSG00000179902	2	0	3
ENSG00000020633	2763	0	2763
ENSG00000121766	387	5	589
ENSG00000143157	1493	1	1492
ENSG00000162614	185	1	188
ENSG00000160781	91	0	91
ENSG00000143344	176	0	176
ENSG00000162613	2155	1	2154
ENSG00000116882	0	0	0
ENSG00000198758	0	0	0
ENSG00000117569	256	0	256
ENSG00000142856	142	65	137
ENSG00000158022	0	0	0
ENSG00000116396	44	0	44
ENSG00000058668	5202	2	5200
ENSG00000163875	1159	1	1158
ENSG00000282872	0	0	0
ENSG00000131238	11270	11	11260
ENSG00000171680	14	1	13
ENSG00000244457	0	0	0
ENSG00000116977	1668	238	2752
ENSG00000229372	0	126	0
ENSG00000274975	0	0	0
ENSG00000229348	0	0	0
ENSG00000242485	632	36	742
ENSG00000264293	0	0	0
ENSG00000272455	20	0	20
ENSG00000225905	0	0	0
ENSG00000225285	0	0	0
ENSG00000179403	0	0	0
ENSG00000215915	7	0	7
ENSG00000236085	0	0	0
ENSG00000234441	0	0	0
ENSG00000227408	0	0	0
ENSG00000223635	0	0	0
ENSG00000135776	590	0	590
ENSG00000199672	1	0	1
ENSG00000201492	3	3	0
ENSG00000229367	0	0	0
ENSG00000135763	258	0	258
ENSG00000213028	0	0	0
ENSG00000225984	0	0	0
ENSG00000178828	0	0	0
ENSG00000235434	0	0	0
ENSG00000169914	154	0	154
ENSG00000188784	0	0	0
ENSG00000242688	0	0	0
ENSG00000177186	0	0	0
ENSG00000177174	0	0	0
ENSG00000269956	27	285	0
ENSG00000162456	1	0	1
ENSG00000079277	1464	3	1719
ENSG00000117407	0	0	0
ENSG00000237950	6	0	6
ENSG00000117408	511	0	511
ENSG00000285649	0	37	0
ENSG00000117410	4724	1	4723
ENSG00000159214	17	1	22
ENSG00000196517	4	7	5
ENSG00000227163	0	0	0
ENSG00000271647	0	0	0
ENSG00000239560	0	0	0
ENSG00000196539	0	0	0
ENSG00000229255	3	0	3
ENSG00000203661	0	0	0
ENSG00000271934	0	0	0
ENSG00000224521	2	0	3
ENSG00000227102	0	0	0
ENSG00000183310	0	0	0
ENSG00000201602	0	0	0
ENSG00000271701	0	0	0
ENSG00000189181	0	0	0
ENSG00000187238	0	0	0
ENSG00000185962	0	0	0
ENSG00000226947	0	0	0
ENSG00000285753	0	0	0
ENSG00000187223	0	0	0
ENSG00000159455	0	0	0
ENSG00000187173	0	0	0
ENSG00000204501	0	0	0
ENSG00000228229	0	0	0
ENSG00000204481	0	0	0
ENSG00000204479	0	0	0
ENSG00000172031	9	0	9
ENSG00000233228	0	0	0
ENSG00000224678	0	0	0
ENSG00000233401	0	0	0
ENSG00000273487	5	0	5
ENSG00000226773	0	0	0
ENSG00000274481	0	0	0
ENSG00000228594	63	0	63
ENSG00000286989	18	0	18
ENSG00000272106	41	0	41
ENSG00000189409	0	0	0
ENSG00000272004	0	167	4
ENSG00000189339	1555	9	1718
ENSG00000269737	22	22	0
ENSG00000215914	0	0	0
ENSG00000008128	28	0	28
ENSG00000268575	32	2	56
ENSG00000227775	214	243	1
ENSG00000008130	12366	12	12354
ENSG00000078369	12046	20	12026
ENSG00000178821	0	0	0
ENSG00000158477	106	0	106
ENSG00000230942	0	0	0
ENSG00000158481	601	3	598
ENSG00000158485	7	0	7
ENSG00000158488	55	0	55
ENSG00000186306	0	0	0
ENSG00000203758	0	0	0
ENSG00000236257	0	0	0
ENSG00000236656	0	0	0
ENSG00000198703	0	0	0
ENSG00000227445	0	0	0
ENSG00000231434	0	0	0
ENSG00000117505	3172	2	3188
ENSG00000229635	2	2	0
ENSG00000207379	0	0	0
ENSG00000212601	0	0	0
ENSG00000162889	3949	2	3947
ENSG00000224114	134	0	134
ENSG00000199349	0	0	0
ENSG00000162892	42	664	1
ENSG00000162894	3786	4	4405
ENSG00000271680	10	10	0
ENSG00000226945	4	4	0
ENSG00000162896	1	0	1
ENSG00000162897	1	0	1
ENSG00000182795	39	0	39
ENSG00000198890	270	0	270
ENSG00000224550	0	0	0
ENSG00000142669	10768	12	16275
ENSG00000169442	4640	11	9227
ENSG00000225854	1	1	0
ENSG00000176083	115	0	115
ENSG00000229167	0	0	0
ENSG00000142910	0	0	0
ENSG00000162517	944	1	1098
ENSG00000235790	0	0	2
ENSG00000264078	0	0	0
ENSG00000241745	0	0	0
ENSG00000228407	1	1	0
ENSG00000223429	0	0	0
ENSG00000224255	0	0	0
ENSG00000236004	0	0	0
ENSG00000237663	0	0	0
ENSG00000213735	1	0	1
ENSG00000272100	3	127	0
ENSG00000287078	1	0	1
ENSG00000224680	1	0	1
ENSG00000085840	32	0	32
ENSG00000283445	9	0	9
ENSG00000272226	1	0	1
ENSG00000231740	0	0	0
ENSG00000143751	1242	1	1241
ENSG00000272562	7	5	8
ENSG00000163041	17696	4	17698
ENSG00000225518	0	0	0
ENSG00000270598	0	0	0
ENSG00000182827	1131	1	1272
ENSG00000234478	1	143	0
ENSG00000223570	0	0	0
ENSG00000185155	7	0	7
ENSG00000236773	1	0	2
ENSG00000143753	2483	1	2483
ENSG00000201898	0	0	0
ENSG00000237101	2	38	2
ENSG00000143748	412	0	450
ENSG00000221406	0	0	0
ENSG00000229742	0	0	0
ENSG00000206887	0	0	0
ENSG00000143771	772	1	771
ENSG00000266618	0	0	0
ENSG00000229991	0	0	0
ENSG00000233384	0	0	0
ENSG00000234247	0	0	0
ENSG00000183682	34	54	14
ENSG00000237624	1	0	1
ENSG00000228060	4	598	0
ENSG00000201457	0	0	0
ENSG00000163909	7	0	7
ENSG00000225903	0	0	0
ENSG00000116983	62	0	62
ENSG00000225333	0	0	0
ENSG00000252413	0	0	0
ENSG00000090621	2126	2	2718
ENSG00000236994	0	0	0
ENSG00000275406	0	0	0
ENSG00000270287	0	0	0
ENSG00000229965	0	0	0
ENSG00000223282	0	0	0
ENSG00000177770	0	0	0
ENSG00000287627	0	0	0
ENSG00000283933	0	0	0
ENSG00000143369	7	1	7
ENSG00000228126	0	0	0
ENSG00000237781	77	161	132
ENSG00000264553	14	14	0
ENSG00000277452	7	0	7
ENSG00000274963	9	2	7
ENSG00000253047	0	0	0
ENSG00000143420	2818	7	2811
ENSG00000276103	0	0	0
ENSG00000143457	488	1	487
ENSG00000143452	52	0	52
ENSG00000206931	0	0	0
ENSG00000236713	4	2	2
ENSG00000224690	0	0	0
ENSG00000203804	1	404	60
ENSG00000143384	51361	20	51342
ENSG00000154342	1	0	1
ENSG00000276255	0	0	0
ENSG00000284163	0	0	0
ENSG00000143793	166	8	158
ENSG00000162910	146	2	144
ENSG00000224566	2	0	2
ENSG00000287895	0	0	0
ENSG00000280157	10	0	10
ENSG00000227625	0	0	0
ENSG00000198835	3	0	3
ENSG00000203684	0	0	0
ENSG00000181873	187	0	187
ENSG00000162913	4	1	6
ENSG00000269934	26	11	51
ENSG00000270110	5	5	0
ENSG00000286773	0	0	0
ENSG00000287315	8	34	0
ENSG00000