N_unmapped	271413	271413	271413
N_multimapping	6378452	6378452	6378452
N_noFeature	1083829	25317693	1225951
N_ambiguous	3153559	37732	894495
ENSG00000160072	158	0	158
ENSG00000234396	0	2	0
ENSG00000225972	3	0	3
ENSG00000224315	0	1	0
ENSG00000198744	10	0	10
ENSG00000279928	5	0	5
ENSG00000228037	11	1	10
ENSG00000142611	8	1	7
ENSG00000225630	1220	19	1201
ENSG00000284616	0	0	0
ENSG00000157911	43	359	72
ENSG00000269896	10	0	10
ENSG00000237973	1297	24	1331
ENSG00000228463	34	0	51
ENSG00000260972	0	0	0
ENSG00000157933	1831	0	1831
ENSG00000224340	0	0	0
ENSG00000226545	0	0	0
ENSG00000268663	0	0	0
ENSG00000226374	0	0	0
ENSG00000229280	0	0	0
ENSG00000142655	110	35	110
ENSG00000232596	0	0	0
ENSG00000235054	0	0	0
ENSG00000232663	1	1	0
ENSG00000240409	0	0	0
ENSG00000229344	3	2	3
ENSG00000231510	0	0	0
ENSG00000149527	111	6	105
ENSG00000284739	0	0	0
ENSG00000171621	98	0	98
ENSG00000272235	0	0	0
ENSG00000284694	0	0	0
ENSG00000230021	2	53	3
ENSG00000287356	0	1	0
ENSG00000224387	4	4	0
ENSG00000285629	0	0	0
ENSG00000173673	0	0	0
ENSG00000142583	74	0	74
ENSG00000284674	0	0	0
ENSG00000272161	0	0	0
ENSG00000237094	355	1	354
ENSG00000224338	0	0	0
ENSG00000074800	9401	2	9400
ENSG00000116786	1174	1	1326
ENSG00000287727	0	0	0
ENSG00000228423	0	0	0
ENSG00000286448	0	17	0
ENSG00000131686	2	7	0
ENSG00000229305	0	0	0
ENSG00000284703	0	0	0
ENSG00000226457	0	0	0
ENSG00000173614	190	1	189
ENSG00000248527	5974	414	5560
ENSG00000215720	0	0	0
ENSG00000241326	0	0	0
ENSG00000233623	0	0	0
ENSG00000162592	0	15	0
ENSG00000116254	3	0	3
ENSG00000233645	0	0	0
ENSG00000204624	0	0	0
ENSG00000142606	4	63	9
ENSG00000235146	0	0	0
ENSG00000225931	7	1	6
ENSG00000171729	42	1	42
ENSG00000279457	77	0	77
ENSG00000162571	2	0	2
ENSG00000229393	1	0	1
ENSG00000037637	604	0	604
ENSG00000287586	26	0	26
ENSG00000159423	60	0	60
ENSG00000142599	5387	45	5351
ENSG00000227169	0	0	0
ENSG00000283356	0	0	0
ENSG00000011021	295	0	306
ENSG00000142615	2	2	0
ENSG00000215704	6	10	0
ENSG00000157916	1718	29	2077
ENSG00000157881	463	0	463
ENSG00000238290	0	0	0
ENSG00000225387	0	0	0
ENSG00000048707	1497	1	1496
ENSG00000158748	7	0	7
ENSG00000225196	0	0	0
ENSG00000162444	417	0	417
ENSG00000279625	0	0	0
ENSG00000180758	157	0	157
ENSG00000184677	570	1	569
ENSG00000230679	0	0	1
ENSG00000270136	0	0	0
ENSG00000288398	22	0	22
ENSG00000224621	0	0	0
ENSG00000285833	0	0	0
ENSG00000131697	135	0	141
ENSG00000284692	0	0	0
ENSG00000284745	0	0	0
ENSG00000280222	0	0	0
ENSG00000227634	0	0	0
ENSG00000285945	0	0	0
ENSG00000229162	1	0	1
ENSG00000197921	0	0	0
ENSG00000233755	1	0	1
ENSG00000233929	1	0	1
ENSG00000271742	0	0	0
ENSG00000226396	6	0	6
ENSG00000169504	954	0	954
ENSG00000234166	0	10	0
ENSG00000235282	0	0	0
ENSG00000055070	1493	4	2322
ENSG00000175087	225	0	225
ENSG00000157191	1356	7	1350
ENSG00000284699	0	0	0
ENSG00000230035	0	0	0
ENSG00000235185	0	0	0
ENSG00000225643	2	0	2
ENSG00000284666	0	0	0
ENSG00000228943	1	1	0
ENSG00000234397	0	0	0
ENSG00000284309	0	0	0
ENSG00000162511	16661	21	30282
ENSG00000158014	0	0	0
ENSG00000204138	408	0	408
ENSG00000233419	0	0	0
ENSG00000235263	0	0	0
ENSG00000228176	0	0	0
ENSG00000231251	0	0	0
ENSG00000142675	44	0	44
ENSG00000197245	0	0	0
ENSG00000261025	0	0	0
ENSG00000116237	443	3	467
ENSG00000130772	300	1	299
ENSG00000215899	0	0	0
ENSG00000271398	1	1	0
ENSG00000225011	0	0	0
ENSG00000235069	0	0	0
ENSG00000284676	0	0	0
ENSG00000237058	0	0	0
ENSG00000233399	0	0	0
ENSG00000090020	1026	0	1026
ENSG00000157978	1358	0	1358
ENSG00000226944	0	0	0
ENSG00000270282	0	0	0
ENSG00000130770	287	23	482
ENSG00000229044	0	128	0
ENSG00000162512	36	0	36
ENSG00000158006	338	1	337
ENSG00000214812	0	0	0
ENSG00000126698	1050	2	1048
ENSG00000229447	3	0	3
ENSG00000229607	0	0	0
ENSG00000130766	295	0	295
ENSG00000168528	22	0	22
ENSG00000196581	12	0	12
ENSG00000169403	10856	8	10848
ENSG00000084628	0	0	0
ENSG00000060688	390	0	390
ENSG00000171612	61	0	61
ENSG00000270927	0	0	0
ENSG00000188910	0	0	0
ENSG00000230523	0	0	0
ENSG00000116138	288	39	275
ENSG00000158161	644	2	642
ENSG00000142684	0	0	64
ENSG00000234619	0	0	1
ENSG00000121769	6	6	0
ENSG00000142627	23	0	23
ENSG00000284668	0	0	0
ENSG00000233234	0	0	0
ENSG00000142632	47	0	57
ENSG00000234593	0	0	0
ENSG00000158292	37	0	37
ENSG00000270605	35	0	37
ENSG00000189337	185	3	206
ENSG00000232912	76	0	85
ENSG00000235084	4	0	4
ENSG00000235143	0	0	0
ENSG00000225478	0	0	0
ENSG00000225077	3	19	3
ENSG00000028137	15346	8	15338
ENSG00000238249	0	0	0
ENSG00000204464	0	0	0
ENSG00000233372	0	0	0
ENSG00000283259	0	0	0
ENSG00000284543	1	0	1
ENSG00000130939	1457	2	1455
ENSG00000175147	1	21	5
ENSG00000127472	0	0	0
ENSG00000060656	3	0	3
ENSG00000163867	226	5	221
ENSG00000232768	0	0	0
ENSG00000230214	0	0	0
ENSG00000189280	3	3	0
ENSG00000134698	6107	13	6094
ENSG00000134690	84	0	84
ENSG00000272420	1	0	1
ENSG00000132881	25	0	25
ENSG00000273274	0	0	0
ENSG00000116251	1020	4	1020
ENSG00000272510	0	11	1
ENSG00000158286	25	8	29
ENSG00000236648	0	0	0
ENSG00000232273	1	1	0
ENSG00000009709	0	0	0
ENSG00000287396	0	0	0
ENSG00000223589	0	0	0
ENSG00000158008	0	0	0
ENSG00000130940	107	0	197
ENSG00000116771	77	3	88
ENSG00000237301	2	2	0
ENSG00000162585	224	98	231
ENSG00000163879	1	4	1
ENSG00000227527	2	2	0
ENSG00000116954	430	1	429
ENSG00000228589	26	0	26
ENSG00000163873	1	0	1
ENSG00000117215	4	0	4
ENSG00000196449	122	8	147
ENSG00000230163	0	10	0
ENSG00000227538	0	0	0
ENSG00000232208	7	0	7
ENSG00000236500	2	2	0
ENSG00000044012	1	0	1
ENSG00000179051	1299	4	1568
ENSG00000215895	0	0	0
ENSG00000231868	0	1	0
ENSG00000284650	0	0	0
ENSG00000237329	0	0	0
ENSG00000236948	1	0	1
ENSG00000126067	867	0	867
ENSG00000274944	0	0	0
ENSG00000132906	367	0	371
ENSG00000197312	624	0	624
ENSG00000284748	0	0	0
ENSG00000272078	7	97	0
ENSG00000173660	950	1	949
ENSG00000224592	0	0	0
ENSG00000233728	0	7	0
ENSG00000230451	0	0	0
ENSG00000231606	0	0	0
ENSG00000215900	0	0	0
ENSG00000284632	0	0	0
ENSG00000241014	5	0	5
ENSG00000054118	3379	9	3370
ENSG00000254553	0	0	0
ENSG00000284653	0	0	0
ENSG00000237749	2	0	2
ENSG00000276747	7	0	7
ENSG00000284705	0	0	0
ENSG00000228776	0	0	0
ENSG00000159339	1894	2	1892
ENSG00000223814	0	0	0
ENSG00000197982	116	25	124
ENSG00000261781	0	0	0
ENSG00000183317	2	0	2
ENSG00000183386	675	0	675
ENSG00000284743	0	0	0
ENSG00000158315	0	0	0
ENSG00000204084	415	0	479
ENSG00000186973	0	0	0
ENSG00000271806	5	13	6
ENSG00000146463	516	0	575
ENSG00000279214	0	0	0
ENSG00000183520	278	0	278
ENSG00000271741	0	0	0
ENSG00000214141	0	0	0
ENSG00000142686	104	0	104
ENSG00000224751	0	0	0
ENSG00000279096	0	0	0
ENSG00000117148	0	0	0
ENSG00000230585	1	1	0
ENSG00000117000	1110	1	1109
ENSG00000284989	0	0	0
ENSG00000231630	0	0	0
ENSG00000092853	57	0	67
ENSG00000255811	0	0	0
ENSG00000134697	485	0	489
ENSG00000187513	5	0	5
ENSG00000238145	0	0	0
ENSG00000225142	0	0	0
ENSG00000230138	20	0	20
ENSG00000223390	0	34	0
ENSG00000285823	0	0	0
ENSG00000284720	0	0	0
ENSG00000225028	0	0	0
ENSG00000225671	0	0	0
ENSG00000116151	28	0	29
ENSG00000226147	0	0	0
ENSG00000182873	23	17	9
ENSG00000006555	88	0	88
ENSG00000236111	0	0	0
ENSG00000066056	14	0	14
ENSG00000214114	495	4	491
ENSG00000173436	83	2	83
ENSG00000116544	36	0	36
ENSG00000231900	0	0	0
ENSG00000236723	1	188	2
ENSG00000232467	0	0	0
ENSG00000117016	52	0	52
ENSG00000121310	203	6	197
ENSG00000169213	0	0	0
ENSG00000163866	480	3	487
ENSG00000225779	0	0	0
ENSG00000284601	0	0	0
ENSG00000237130	0	0	0
ENSG00000143001	0	0	0
ENSG00000229716	0	0	0
ENSG00000226133	0	0	0
ENSG00000227416	0	0	0
ENSG00000232335	0	10	0
ENSG00000260971	0	0	0
ENSG00000259832	0	0	0
ENSG00000284696	0	0	0
ENSG00000238242	0	0	0
ENSG00000285839	0	0	0
ENSG00000237290	0	0	0
ENSG00000232762	0	0	0
ENSG00000117419	146	0	146
ENSG00000162384	248	13	264
ENSG00000162391	0	3	0
ENSG00000174348	1	0	3
ENSG00000154198	0	0	0
ENSG00000117859	1250	44	1233
ENSG00000228121	0	0	0
ENSG00000253313	1	0	1
ENSG00000162396	43	0	43
ENSG00000203995	2	0	2
ENSG00000227742	1	1	0
ENSG00000284686	0	0	0
ENSG00000162378	977	1	976
ENSG00000233079	0	0	0
ENSG00000259818	0	0	0
ENSG00000229444	0	0	0
ENSG00000240563	44	0	44
ENSG00000234318	0	0	0
ENSG00000284773	6	0	6
ENSG00000234481	0	0	0
ENSG00000117862	141	0	141
ENSG00000235612	0	0	0
ENSG00000228369	1	1	0
ENSG00000183431	975	2	973
ENSG00000227485	0	0	0
ENSG00000224609	1	0	1
ENSG00000235545	0	0	0
ENSG00000236646	0	0	0
ENSG00000169174	0	0	0
ENSG00000232198	0	0	0
ENSG00000238063	0	0	0
ENSG00000227104	0	0	0
ENSG00000243725	11	0	11
ENSG00000171872	0	0	0
ENSG00000162407	22	0	22
ENSG00000285079	0	0	0
ENSG00000169218	0	0	0
ENSG00000163877	501	3	498
ENSG00000228929	4	0	4
ENSG00000224570	1	1	0
ENSG00000224980	0	0	0
ENSG00000278967	0	0	0
ENSG00000157184	85	19	284
ENSG00000272491	0	0	2
ENSG00000198815	1261	2	1259
ENSG00000134744	958	2	956
ENSG00000233910	0	0	0
ENSG00000287703	0	0	0
ENSG00000283039	0	0	0
ENSG00000229032	0	0	0
ENSG00000229294	0	0	0
ENSG00000232993	0	2	0
ENSG00000234088	0	0	0
ENSG00000236973	0	0	0
ENSG00000227947	0	0	0
ENSG00000277397	0	0	0
ENSG00000271200	0	0	0
ENSG00000235446	0	0	0
ENSG00000261196	0	0	0
ENSG00000162385	444	0	444
ENSG00000231413	0	0	0
ENSG00000234264	0	0	0
ENSG00000242391	0	0	0
ENSG00000223883	0	0	0
ENSG00000284808	0	0	0
ENSG00000242267	0	0	0
ENSG00000237227	1	1	0
ENSG00000275350	0	0	0
ENSG00000116652	1	0	2
ENSG00000123080	110	1	110
ENSG00000285778	0	0	0
ENSG00000077549	7815	4	7813
ENSG00000233407	0	0	0
ENSG00000225675	4	0	5
ENSG00000237622	0	0	0
ENSG00000162598	0	0	0
ENSG00000280317	0	0	0
ENSG00000162415	13	0	13
ENSG00000162600	251	0	251
ENSG00000116704	344	3	341
ENSG00000227644	0	0	0
ENSG00000157193	116	2	146
ENSG00000116205	327	0	335
ENSG00000198841	48	0	48
ENSG00000116212	112	1	111
ENSG00000234204	0	0	0
ENSG00000233099	2	0	2
ENSG00000233994	1	0	1
ENSG00000237180	0	0	0
ENSG00000213561	0	0	0
ENSG00000233973	0	0	0
ENSG00000237552	0	0	0
ENSG00000132854	0	0	0
ENSG00000227556	0	0	0
ENSG00000162616	76	3	74
ENSG00000162607	956	2	954
ENSG00000233602	0	0	0
ENSG00000233271	0	0	0
ENSG00000285954	14	14	0
ENSG00000233333	0	0	0
ENSG00000154027	60	0	60
ENSG00000234108	0	0	0
ENSG00000232676	0	0	0
ENSG00000225167	0	0	0
ENSG00000132122	60	0	60
ENSG00000213579	0	0	0
ENSG00000137960	1	0	1
ENSG00000237852	0	0	0
ENSG00000116745	0	0	0
ENSG00000132855	0	0	0
ENSG00000285407	1	0	1
ENSG00000272855	0	0	0
ENSG00000270549	0	0	0
ENSG00000237163	0	0	0
ENSG00000229636	0	0	0
ENSG00000116675	34	0	34
ENSG00000162433	3	0	3
ENSG00000213625	1314	1	1313
ENSG00000227207	0	0	0
ENSG00000227016	0	0	0
ENSG00000233664	0	0	0
ENSG00000158966	13	0	13
ENSG00000213703	1	0	1
ENSG00000203965	39	0	39
ENSG00000223479	0	0	0
ENSG00000233674	0	0	0
ENSG00000153898	98	0	98
ENSG00000117069	0	1	0
ENSG00000125703	236	0	236
ENSG00000285041	0	0	0
ENSG00000285808	0	0	0
ENSG00000229440	0	0	0
ENSG00000234144	0	0	0
ENSG00000213540	0	0	0
ENSG00000277670	0	0	0
ENSG00000227466	0	0	0
ENSG00000154007	0	0	0
ENSG00000230498	1	1	0
ENSG00000285782	0	0	0
ENSG00000162618	0	0	0
ENSG00000224493	0	0	0
ENSG00000131233	0	0	0
ENSG00000272371	1	0	1
ENSG00000287647	0	0	0
ENSG00000229225	0	0	0
ENSG00000230863	0	0	0
ENSG00000213560	0	0	0
ENSG00000287224	0	0	0
ENSG00000225598	0	0	0
ENSG00000286455	0	0	0
ENSG00000225087	0	0	0
ENSG00000224986	0	0	0
ENSG00000280378	6	0	6
ENSG00000188786	1426	4	1422
ENSG00000230053	0	0	0
ENSG00000137941	46	1	45
ENSG00000273338	0	0	0
ENSG00000223720	0	0	0
ENSG00000224326	0	0	0
ENSG00000286548	2	0	2
ENSG00000066135	309	1	416
ENSG00000230027	1	0	1
ENSG00000233061	0	0	0
ENSG00000272094	0	0	0
ENSG00000228853	0	0	0
ENSG00000215874	0	0	0
ENSG00000232453	3	0	3
ENSG00000260386	0	0	0
ENSG00000284895	0	0	0
ENSG00000117174	197	1	196
ENSG00000237413	1	0	1
ENSG00000184313	0	0	0
ENSG00000284645	0	0	0
ENSG00000225605	0	0	0
ENSG00000225446	0	0	0
ENSG00000288543	0	0	0
ENSG00000122420	1	0	1
ENSG00000284240	0	0	0
ENSG00000236290	0	0	0
ENSG00000143013	591	0	591
ENSG00000226084	12	0	12
ENSG00000134748	1252	7	1245
ENSG00000142892	412	1	412
ENSG00000219102	14	0	14
ENSG00000184005	57	0	57
ENSG00000230953	3	3	0
ENSG00000287743	0	0	0
ENSG00000229332	0	0	0
ENSG00000227937	0	0	0
ENSG00000229752	0	0	0
ENSG00000237505	7	0	7
ENSG00000285462	0	0	0
ENSG00000233216	0	0	0
ENSG00000197273	0	0	0
ENSG00000226804	0	0	0
ENSG00000285325	0	0	0
ENSG00000230728	0	0	0
ENSG00000162402	1906	1	1905
ENSG00000232846	0	0	0
ENSG00000219201	12	0	12
ENSG00000230787	0	0	0
ENSG00000116641	121	4	117
ENSG00000235927	6	4	5
ENSG00000223920	0	0	0
ENSG00000237453	0	0	0
ENSG00000172260	33	0	34
ENSG00000285473	0	0	0
ENSG00000237959	0	0	0
ENSG00000231364	0	0	0
ENSG00000234578	0	0	0
ENSG00000117480	50	0	50
ENSG00000137944	358	0	358
ENSG00000229505	0	0	0
ENSG00000228187	0	0	0
ENSG00000285201	0	0	0
ENSG00000182183	55	0	55
ENSG00000236407	0	0	0
ENSG00000271949	0	0	0
ENSG00000227062	0	0	0
ENSG00000067334	821	0	821
ENSG00000235011	0	0	0
ENSG00000235673	0	0	0
ENSG00000226938	0	0	0
ENSG00000213559	0	0	0
ENSG00000287587	0	0	0
ENSG00000142949	36	0	36
ENSG00000116133	92	2	107
ENSG00000232882	0	0	0
ENSG00000171502	29	1	28
ENSG00000162399	1	0	1
ENSG00000116157	65	0	65
ENSG00000143036	11	0	11
ENSG00000232672	0	0	0
ENSG00000230817	0	0	0
ENSG00000235613	0	0	0
ENSG00000065243	2264	8	2256
ENSG00000226759	0	0	0
ENSG00000226960	0	0	0
ENSG00000234080	0	0	0
ENSG00000237899	0	0	0
ENSG00000225492	13	1	13
ENSG00000223905	0	0	0
ENSG00000227290	0	0	0
ENSG00000229486	0	0	0
ENSG00000282898	0	0	0
ENSG00000285409	0	0	0
ENSG00000231090	2	0	2
ENSG00000117528	350	0	350
ENSG00000271723	0	0	0
ENSG00000172339	44	0	44
ENSG00000036549	400	1	399
ENSG00000287724	0	12	0
ENSG00000058799	1105	2	1103
ENSG00000225191	0	0	0
ENSG00000287870	0	0	0
ENSG00000235563	0	0	0
ENSG00000232048	0	0	0
ENSG00000232857	0	0	0
ENSG00000273637	0	0	0
ENSG00000203985	0	0	0
ENSG00000228838	0	3	0
ENSG00000283761	0	0	0
ENSG00000189433	0	0	0
ENSG00000230759	0	0	0
ENSG00000231866	0	0	0
ENSG00000179178	0	0	0
ENSG00000142700	0	0	0
ENSG00000285525	0	0	0
ENSG00000236098	0	0	0
ENSG00000233514	0	0	0
ENSG00000127124	305	0	305
ENSG00000266993	18	50	6
ENSG00000223675	0	0	0
ENSG00000162604	228	0	228
ENSG00000229316	0	0	0
ENSG00000116171	986	1	987
ENSG00000287406	0	0	0
ENSG00000225767	0	0	0
ENSG00000234099	0	0	0
ENSG00000137936	43	0	48
ENSG00000235308	0	0	0
ENSG00000232752	0	0	0
ENSG00000235829	0	0	0
ENSG00000143032	0	0	0
ENSG00000226745	0	0	0
ENSG00000178028	323	2	321
ENSG00000280040	0	0	0
ENSG00000168710	1534	0	1534
ENSG00000117519	12	0	12
ENSG00000270507	0	0	0
ENSG00000238037	0	0	0
ENSG00000215869	0	0	0
ENSG00000134215	1271	1	1270
ENSG00000227935	0	0	0
ENSG00000229887	1	0	1
ENSG00000228502	118	0	118
ENSG00000236268	0	0	0
ENSG00000271277	0	0	0
ENSG00000236888	0	0	0
ENSG00000279778	0	0	0
ENSG00000232015	0	0	0
ENSG00000230955	0	64	0
ENSG00000230828	0	0	0
ENSG00000188641	2890	0	3112
ENSG00000152078	16	0	16
ENSG00000237279	0	0	0
ENSG00000233359	0	0	0
ENSG00000237954	0	0	0
ENSG00000185668	2	0	2
ENSG00000171492	804	1	803
ENSG00000233129	0	0	0
ENSG00000170989	1520	2	1519
ENSG00000258634	61	0	98
ENSG00000233557	0	0	0
ENSG00000237897	0	0	0
ENSG00000116299	310	0	311
ENSG00000137962	16	0	16
ENSG00000227832	0	0	0
ENSG00000286692	0	0	0
ENSG00000260464	4	0	4
ENSG00000237435	0	0	0
ENSG00000231996	0	0	0
ENSG00000273204	0	0	0
ENSG00000079739	471	6	522
ENSG00000117154	0	0	0
ENSG00000162377	114	5	109
ENSG00000224613	0	0	0
ENSG00000215871	0	0	0
ENSG00000287372	0	0	0
ENSG00000232542	0	0	0
ENSG00000231095	0	0	0
ENSG00000116774	1	0	1
ENSG00000287756	0	0	0
ENSG00000269113	0	0	0
ENSG00000284652	0	0	0
ENSG00000023909	367	0	367
ENSG00000069702	346	0	346
ENSG00000232185	0	0	0
ENSG00000230489	8	0	8
ENSG00000228399	0	0	0
ENSG00000236776	0	0	0
ENSG00000285928	2	2	0
ENSG00000224685	0	0	0
ENSG00000287076	0	0	0
ENSG00000237480	0	0	0
ENSG00000271252	0	0	0
ENSG00000230427	0	0	0
ENSG00000235794	0	0	0
ENSG00000286758	0	0	0
ENSG00000237337	0	0	0
ENSG00000233983	0	0	0
ENSG00000198198	958	93	1100
ENSG00000225183	0	0	0
ENSG00000230402	0	0	0
ENSG00000116793	562	2	560
ENSG00000134201	6	0	6
ENSG00000238122	0	0	0
ENSG00000260879	0	56	0
ENSG00000213366	116	0	116
ENSG00000230864	0	0	0
ENSG00000283354	0	0	0
ENSG00000232918	0	0	0
ENSG00000236360	0	2	0
ENSG00000183298	0	0	2
ENSG00000234332	4	0	4
ENSG00000117525	0	0	0
ENSG00000225079	8	0	8
ENSG00000226483	0	0	0
ENSG00000224238	0	0	0
ENSG00000229537	0	0	0
ENSG00000162699	0	0	0
ENSG00000162692	5	0	5
ENSG00000203914	1	0	1
ENSG00000270457	0	0	0
ENSG00000203858	0	0	0
ENSG00000231987	0	0	0
ENSG00000228057	6	1	5
ENSG00000261593	0	0	0
ENSG00000224445	0	0	0
ENSG00000229842	0	0	0
ENSG00000270631	0	0	0
ENSG00000229201	0	0	0
ENSG00000181656	11	6	5
ENSG00000122481	23	0	23
ENSG00000198162	893	0	893
ENSG00000238198	6	2	4
ENSG00000171517	0	0	0
ENSG00000228852	3	3	0
ENSG00000203864	0	0	0
ENSG00000233482	0	0	0
ENSG00000230250	0	0	0
ENSG00000232878	3	225	0
ENSG00000143079	67	0	67
ENSG00000232450	14	0	14
ENSG00000223575	0	0	0
ENSG00000230768	0	0	0
ENSG00000235202	0	0	0
ENSG00000272715	0	0	0
ENSG00000235038	0	0	0
ENSG00000143093	700	0	700
ENSG00000226415	5	0	5
ENSG00000085491	646	0	702
ENSG00000173947	3	0	3
ENSG00000241361	0	0	0
ENSG00000230434	0	0	0
ENSG00000230718	0	0	0
ENSG00000134198	1237	2	1235
ENSG00000235595	0	0	0
ENSG00000226053	0	0	0
ENSG00000226128	0	0	0
ENSG00000198799	300	0	328
ENSG00000279513	0	0	0
ENSG00000117620	213	2	212
ENSG00000280186	0	0	0
ENSG00000223906	0	0	0
ENSG00000162688	338	1	337
ENSG00000197106	0	0	0
ENSG00000259946	0	0	0
ENSG00000236137	0	87	0
ENSG00000203859	0	0	0
ENSG00000228086	0	44	0
ENSG00000213421	0	0	0
ENSG00000234020	0	0	0
ENSG00000060718	0	0	0
ENSG00000236804	0	0	0
ENSG00000231072	0	0	0
ENSG00000273406	0	0	0
ENSG00000185946	433	0	433
ENSG00000162627	1	0	1
ENSG00000226715	0	2	0
ENSG00000162695	585	0	585
ENSG00000134184	110	0	147
ENSG00000265808	1204	2	1202
ENSG00000261290	0	0	0
ENSG00000225923	0	0	0
ENSG00000134247	25	0	25
ENSG00000187481	0	0	0
ENSG00000116752	364	0	364
ENSG00000162664	260	0	260
ENSG00000236866	1	0	1
ENSG00000134253	3	0	3
ENSG00000277655	0	0	0
ENSG00000223416	0	0	0
ENSG00000213226	0	0	0
ENSG00000179571	0	0	0
ENSG00000227850	0	0	0
ENSG00000243967	0	0	0
ENSG00000235777	0	0	0
ENSG00000260246	0	38	0
ENSG00000173218	148	0	148
ENSG00000285532	0	0	0
ENSG00000226755	0	0	0
ENSG00000232650	0	0	0
ENSG00000183508	3768	5	3764
ENSG00000277095	0	0	0
ENSG00000236806	0	0	0
ENSG00000234283	0	0	0
ENSG00000237188	0	0	0
ENSG00000232780	0	0	0
ENSG00000274927	0	0	0
ENSG00000264145	0	0	0
ENSG00000238256	0	0	0
ENSG00000198765	0	0	0
ENSG00000224335	0	0	0
ENSG00000277702	0	0	0
ENSG00000143398	807	1	806
ENSG00000196505	575	2	573
ENSG00000225871	10	24	1
ENSG00000223489	0	0	0
ENSG00000230546	0	0	0
ENSG00000213262	2	3	0
ENSG00000287015	0	0	0
ENSG00000241720	0	6	0
ENSG00000235526	0	0	0
ENSG00000228347	0	0	0
ENSG00000276975	1	0	1
ENSG00000236012	0	0	0
ENSG00000270911	1	1	0
ENSG00000272824	1	0	1
ENSG00000134200	1	1	0
ENSG00000234257	0	0	0
ENSG00000065183	361	1	389
ENSG00000227082	3	0	3
ENSG00000228626	0	0	0
ENSG00000226126	0	0	0
ENSG00000163393	629	2	627
ENSG00000163156	607	3	611
ENSG00000143631	2	2	0
ENSG00000156150	0	37	0
ENSG00000228453	0	0	0
ENSG00000274642	0	0	0
ENSG00000177551	0	0	0
ENSG00000197323	1836	3	1833
ENSG00000237975	0	0	0
ENSG00000261168	0	0	0
ENSG00000287980	0	0	0
ENSG00000229283	0	0	0
ENSG00000271419	0	0	0
ENSG00000226172	0	0	0
ENSG00000079335	406	4	446
ENSG00000143119	17165	6	17159
ENSG00000237278	0	28	0
ENSG00000285062	0	0	0
ENSG00000233432	0	0	0
ENSG00000227700	0	0	0
ENSG00000229911	0	0	0
ENSG00000143520	0	0	0
ENSG00000171943	96	4	92
ENSG00000270719	0	0	0
ENSG00000155761	1	29	1
ENSG00000230806	0	0	0
ENSG00000116830	191	0	191
ENSG00000234422	0	0	0
ENSG00000227056	0	0	0
ENSG00000143614	1593	4	1589
ENSG00000227091	0	0	0
ENSG00000169418	0	0	0
ENSG00000214204	0	0	0
ENSG00000081026	62	21	41
ENSG00000225650	0	0	0
ENSG00000227179	0	0	0
ENSG00000224965	0	0	0
ENSG00000228127	1	1	0
ENSG00000226984	1	1	0
ENSG00000186150	0	0	0
ENSG00000143554	450	2	448
ENSG00000143458	330	1	329
ENSG00000230932	0	0	0
ENSG00000073754	1	0	1
ENSG00000228826	0	0	0
ENSG00000233907	0	0	0
ENSG00000225036	0	0	0
ENSG00000228420	0	0	0
ENSG00000233839	0	0	0
ENSG00000250890	0	0	0
ENSG00000232240	0	0	0
ENSG00000280649	15	9	22
ENSG00000131781	103	14	96
ENSG00000223599	1	0	1
ENSG00000230921	0	0	0
ENSG00000286151	6	0	6
ENSG00000234388	0	0	0
ENSG00000235015	0	0	0
ENSG00000271736	142	0	142
ENSG00000235988	0	0	0
ENSG00000233717	0	0	0
ENSG00000231551	44	8	36
ENSG00000227295	4	1	3
ENSG00000163155	52	27	33
ENSG00000243613	0	79	0
ENSG00000241975	16	0	16
ENSG00000271143	0	0	0
ENSG00000270976	0	0	0
ENSG00000228217	3	0	3
ENSG00000270342	0	0	0
ENSG00000143552	2	1	1
ENSG00000175984	50	0	50
ENSG00000231100	0	0	0
ENSG00000116824	1218	0	1218
ENSG00000235887	0	0	0
ENSG00000237460	0	0	0
ENSG00000236327	0	0	0
ENSG00000223804	47	9	38
ENSG00000236887	0	0	0
ENSG00000024526	28	0	34
ENSG00000236480	0	0	0
ENSG00000235756	0	0	0
ENSG00000173810	0	0	0
ENSG00000235005	0	0	0
ENSG00000271890	0	0	0
ENSG00000238107	0	0	0
ENSG00000227425	0	0	0
ENSG00000233222	0	16	1
ENSG00000225279	1	1	0
ENSG00000229101	0	0	0
ENSG00000224927	0	0	0
ENSG00000239216	0	0	0
ENSG00000283360	7	4	3
ENSG00000117262	30	0	30
ENSG00000227907	0	0	0
ENSG00000143624	1496	5	1653
ENSG00000227970	0	0	0
ENSG00000261055	6	1	5
ENSG00000231613	0	0	0
ENSG00000137947	897	1	896
ENSG00000236689	0	0	0
ENSG00000233589	0	6	0
ENSG00000117586	405	0	405
ENSG00000230946	0	0	0
ENSG00000226028	0	0	0
ENSG00000162728	0	0	0
ENSG00000229021	0	0	0
ENSG00000203825	0	0	0
ENSG00000184371	293	0	293
ENSG00000233449	0	0	0
ENSG00000242943	0	0	0
ENSG00000233203	0	0	0
ENSG00000232499	2	0	2
ENSG00000232265	2	0	2
ENSG00000163154	982	0	985
ENSG00000232995	5	0	5
ENSG00000236957	0	0	0
ENSG00000238087	0	0	0
ENSG00000227777	0	0	0
ENSG00000177173	10	1	9
ENSG00000277406	27	1	26
ENSG00000238022	0	0	0
ENSG00000231671	1	0	1
ENSG00000162729	281	1	280
ENSG00000143158	314	39	500
ENSG00000271092	5	0	5
ENSG00000238118	0	0	0
ENSG00000276118	0	0	0
ENSG00000232148	0	0	0
ENSG00000278811	5	20	0
ENSG00000000460	62	135	78
ENSG00000188859	0	0	1
ENSG00000275075	0	0	0
ENSG00000135862	215	1	214
ENSG00000232952	1	0	1
ENSG00000158473	644	0	644
ENSG00000227722	0	0	0
ENSG00000285922	0	0	0
ENSG00000275801	0	0	0
ENSG00000143198	304	0	304
ENSG00000143318	2	0	2
ENSG00000232188	0	0	0
ENSG00000232212	0	0	0
ENSG00000143621	1061	16	1055
ENSG00000241042	1	1	0
ENSG00000143155	740	2	738
ENSG00000260322	0	0	0
ENSG00000223495	0	0	0
ENSG00000143156	60	3	73
ENSG00000198771	4921	28	5052
ENSG00000225462	0	0	0
ENSG00000237756	0	0	0
ENSG00000116147	6	0	7
ENSG00000213064	1399	3	1594
ENSG00000203307	0	0	0
ENSG00000143179	102	1	143
ENSG00000271187	0	0	0
ENSG00000274562	0	0	0
ENSG00000143315	148	0	148
ENSG00000116199	637	0	637
ENSG00000231175	0	0	0
ENSG00000143185	72	1	71
ENSG00000235145	1	0	1
ENSG00000116260	2106	0	2106
ENSG00000272931	5	0	5
ENSG00000143190	644	4	716
ENSG00000225475	0	0	0
ENSG00000230898	0	0	0
ENSG00000232223	0	0	0
ENSG00000224698	0	0	0
ENSG00000287697	1	5	1
ENSG00000075945	343	0	374
ENSG00000235303	0	0	0
ENSG00000234810	21	0	21
ENSG00000232750	1	1	0
ENSG00000224468	0	0	0
ENSG00000235628	0	0	0
ENSG00000232551	0	0	0
ENSG00000092607	2	0	2
ENSG00000238270	0	0	0
ENSG00000285894	0	0	0
ENSG00000236025	0	0	0
ENSG00000230687	0	0	0
ENSG00000230704	0	0	0
ENSG00000283255	0	0	0
ENSG00000227741	3	48	4
ENSG00000237049	0	0	0
ENSG00000286754	0	0	0
ENSG00000232751	0	0	0
ENSG00000236364	1	35	0
ENSG00000117091	1658	10	4267
ENSG00000235378	0	0	0
ENSG00000143171	0	0	0
ENSG00000275767	0	0	0
ENSG00000224718	1	1	0
ENSG00000047410	4815	15	5000
ENSG00000231992	0	0	0
ENSG00000018625	0	0	0
ENSG00000171806	114	2	123
ENSG00000287919	2	0	2
ENSG00000229914	2	0	2
ENSG00000233882	0	0	0
ENSG00000198358	0	0	0
ENSG00000229407	0	0	0
ENSG00000134216	0	0	0
ENSG00000230748	0	0	0
ENSG00000254154	0	0	0
ENSG00000162694	28	0	28
ENSG00000238108	0	0	0
ENSG00000214262	0	197	0
ENSG00000183853	0	0	0
ENSG00000215835	12	0	12
ENSG00000118197	527	0	528
ENSG00000135842	33539	35	33504
ENSG00000229258	0	0	0
ENSG00000287472	0	0	0
ENSG00000241318	1	0	1
ENSG00000228238	2	0	2
ENSG00000232393	0	0	0
ENSG00000121454	49	112	0
ENSG00000184155	0	0	0
ENSG00000058085	0	0	0
ENSG00000260088	0	1	0
ENSG00000287978	35	0	35
ENSG00000116815	676	0	676
ENSG00000232917	0	0	0
ENSG00000233057	0	0	0
ENSG00000237131	0	0	0
ENSG00000233946	0	0	0
ENSG00000143167	92	0	92
ENSG00000143184	38	0	38
ENSG00000231966	6	0	6
ENSG00000176320	0	0	0
ENSG00000260976	0	0	0
ENSG00000235215	0	0	0
ENSG00000223450	0	0	0
ENSG00000224691	0	0	0
ENSG00000286572	0	0	0
ENSG00000235101	1	0	1
ENSG00000228215	15	0	15
ENSG00000177807	0	0	0
ENSG00000233626	1	1	0
ENSG00000233691	0	0	0
ENSG00000283518	0	0	0
ENSG00000271527	0	0	0
ENSG00000143228	46	0	46
ENSG00000235827	0	0	0
ENSG00000231615	2	0	2
ENSG00000231714	0	0	0
ENSG00000174514	8	3	10
ENSG00000143178	49	0	49
ENSG00000224837	0	0	0
ENSG00000116833	1	0	1
ENSG00000227740	5	0	7
ENSG00000260990	0	1	0
ENSG00000000457	330	27	443
ENSG00000143507	129	0	129
ENSG00000285638	0	0	0
ENSG00000226520	0	0	0
ENSG00000284592	0	0	0
ENSG00000230987	0	0	0
ENSG00000232527	0	0	0
ENSG00000215833	0	0	0
ENSG00000228167	0	0	0
ENSG00000225325	0	0	0
ENSG00000223344	0	0	0
ENSG00000228191	0	0	0
ENSG00000229961	44	0	44
ENSG00000150732	0	0	0
ENSG00000157064	5	0	5
ENSG00000288139	0	0	0
ENSG00000226015	20	1	19
ENSG00000215808	0	0	0
ENSG00000059588	285	0	285
ENSG00000231512	0	0	0
ENSG00000237379	0	0	0
ENSG00000232959	0	31	0
ENSG00000122224	413	6	407
ENSG00000162782	0	0	0
ENSG00000238051	0	0	0
ENSG00000233196	1	1	0
ENSG00000229220	0	0	0
ENSG00000143653	179	0	179
ENSG00000135837	2217	0	2217
ENSG00000158711	1299	4	1301
ENSG00000227747	0	0	0
ENSG00000228081	1	0	1
ENSG00000228020	0	0	0
ENSG00000234975	52	0	52
ENSG00000162851	103	0	103
ENSG00000271427	1	0	1
ENSG00000261817	0	0	0
ENSG00000143353	232	0	246
ENSG00000197965	1215	1	1214
ENSG00000143493	242	0	242
ENSG00000230777	1	3	0
ENSG00000179397	5	0	5
ENSG00000224540	0	0	0
ENSG00000117592	6237	1	6236
ENSG00000186197	10	0	10
ENSG00000229067	0	0	0
ENSG00000230231	0	0	0
ENSG00000227711	0	0	0
ENSG00000261182	0	0	0
ENSG00000228879	0	0	0
ENSG00000227925	1	0	1
ENSG00000162670	0	0	0
ENSG00000225712	0	0	0
ENSG00000162761	0	0	0
ENSG00000143199	8	2	6
ENSG00000179930	2	0	2
ENSG00000007908	1	0	1
ENSG00000092978	159	0	159
ENSG00000143499	207	0	207
ENSG00000188404	44435	41	44394
ENSG00000227735	0	0	0
ENSG00000243062	0	0	0
ENSG00000143196	0	0	0
ENSG00000228504	0	0	0
ENSG00000274702	0	0	0
ENSG00000226211	0	0	0
ENSG00000236942	0	1	0
ENSG00000287205	0	0	0
ENSG00000203697	3	0	3
ENSG00000116574	424	1	423
ENSG00000287929	0	0	0
ENSG00000186283	556	3	553
ENSG00000224896	0	0	0
ENSG00000226292	0	0	0
ENSG00000121481	457	0	458
ENSG00000227940	0	0	0
ENSG00000117139	1138	2	1136
ENSG00000143248	5	0	5
ENSG00000278455	0	0	0
ENSG00000224810	1	0	1
ENSG00000162814	0	0	0
ENSG00000225172	0	0	0
ENSG00000261642	0	0	0
ENSG00000228239	0	0	0
ENSG00000237283	0	0	0
ENSG00000116132	0	0	0
ENSG00000238042	0	0	0
ENSG00000271475	0	0	0
ENSG00000231877	0	0	0
ENSG00000116679	6283	10	6273
ENSG00000228536	0	0	0
ENSG00000230550	0	1	0
ENSG00000229242	0	0	0
ENSG00000253326	4	0	4
ENSG00000228470	0	0	0
ENSG00000152092	0	0	0
ENSG00000234984	0	0	0
ENSG00000231648	0	0	0
ENSG00000229983	1	0	1
ENSG00000215149	0	0	0
ENSG00000225122	0	0	0
ENSG00000225920	7	7	0
ENSG00000143476	90	0	90
ENSG00000121486	642	3	639
ENSG00000228437	1	0	1
ENSG00000214837	19	0	19
ENSG00000057252	1562	3	1559
ENSG00000225982	0	0	0
ENSG00000285718	0	0	0
ENSG00000234070	0	0	0
ENSG00000233620	0	0	0
ENSG00000237783	0	0	0
ENSG00000272906	10	10	15
ENSG00000233018	0	0	0
ENSG00000123685	53	0	53
ENSG00000224783	0	0	0
ENSG00000162852	910	0	910
ENSG00000232792	0	1	0
ENSG00000273004	13	0	13
ENSG00000143842	31	0	31
ENSG00000268062	0	0	0
ENSG00000237409	0	0	0
ENSG00000116962	261	0	261
ENSG00000288078	0	0	0
ENSG00000271399	0	0	0
ENSG00000229757	0	0	0
ENSG00000232679	0	0	0
ENSG00000159388	7110	4	7106
ENSG00000220749	19	0	19
ENSG00000181450	85	0	85
ENSG00000223519	21	5	68
ENSG00000120333	260	4	264
ENSG00000286285	9	0	9
ENSG00000225300	0	0	0
ENSG00000223842	1	1	0
ENSG00000162753	1	0	1
ENSG00000228247	0	0	0
ENSG00000231424	0	0	0
ENSG00000143355	0	0	0
ENSG00000287177	0	0	0
ENSG00000237193	0	0	0
ENSG00000223490	0	0	0
ENSG00000121644	459	0	459
ENSG00000174502	0	0	0
ENSG00000224286	0	0	0
ENSG00000158715	190	3	187
ENSG00000143195	19	0	19
ENSG00000162849	13	1	13
ENSG00000232824	1	1	0
ENSG00000273416	0	0	0
ENSG00000234142	3	0	3
ENSG00000282111	0	0	0
ENSG00000233410	0	0	0
ENSG00000067533	175	2	173
ENSG00000228955	0	0	0
ENSG00000270443	0	0	0
ENSG00000116209	4432	4	4429
ENSG00000224702	0	0	0
ENSG00000271811	0	0	0
ENSG00000224278	0	0	0
ENSG00000235492	0	0	0
ENSG00000287808	3	76	2
ENSG00000271588	0	0	0
ENSG00000229840	0	0	0
ENSG00000116161	687	15	685
ENSG00000226486	0	0	0
ENSG00000227687	0	0	0
ENSG00000231814	0	0	0
ENSG00000286210	0	0	0
ENSG00000287364	0	0	0
ENSG00000225063	0	0	0
ENSG00000260698	3	0	3
ENSG00000277007	0	0	0
ENSG00000229016	0	0	0
ENSG00000077157	1142	0	1166
ENSG00000152104	5	2	3
ENSG00000236975	0	0	0
ENSG00000215834	0	0	0
ENSG00000286541	0	0	0
ENSG00000117650	35	0	35
ENSG00000235021	0	0	0
ENSG00000203724	4	0	4
ENSG00000225006	0	0	0
ENSG00000287633	0	0	0
ENSG00000158764	7	0	7
ENSG00000223375	0	0	0
ENSG00000230714	0	0	0
ENSG00000261065	0	1	0
ENSG00000260855	14	5	9
ENSG00000188783	0	0	0
ENSG00000236206	0	0	0
ENSG00000168118	476	0	495
ENSG00000181101	0	0	0
ENSG00000173726	1161	0	1161
ENSG00000282852	0	0	0
ENSG00000152382	155	9	146
ENSG00000143839	0	0	0
ENSG00000232100	0	0	0
ENSG00000261024	0	0	0
ENSG00000230547	0	0	0
ENSG00000229703	0	0	0
ENSG00000176754	0	0	0
ENSG00000232309	0	0	0
ENSG00000227953	5	49	8
ENSG00000232215	1	0	1
ENSG00000135829	2918	3	2990
ENSG00000228289	0	0	0
ENSG00000134717	592	0	592
ENSG00000232989	0	0	0
ENSG00000233537	0	0	0
ENSG00000116668	230	26	204
ENSG00000143756	567	0	567
ENSG00000278180	0	0	0
ENSG00000143702	731	1	819
ENSG00000232341	0	0	0
ENSG00000287676	4	0	4
ENSG00000236792	0	0	0
ENSG00000143207	2598	3	2595
ENSG00000270859	0	0	0
ENSG00000238224	0	0	0
ENSG00000286775	0	0	0
ENSG00000122176	0	0	0
ENSG00000229120	0	0	0
ENSG00000237492	0	0	0
ENSG00000230404	0	0	0
ENSG00000213036	0	0	0
ENSG00000227230	0	46	0
ENSG00000236230	0	0	0
ENSG00000026751	1347	1	1346
ENSG00000150681	5299	6	6412
ENSG00000116906	605	0	605
ENSG00000092969	8	0	8
ENSG00000157181	264	1	263
ENSG00000250762	0	0	0
ENSG00000236720	0	0	0
ENSG00000227421	4	0	4
ENSG00000227240	2	0	2
ENSG00000076258	25	0	25
ENSG00000286073	0	0	0
ENSG00000231084	8	8	0
ENSG00000232085	0	43	0
ENSG00000117697	598	0	598
ENSG00000279333	0	0	0
ENSG00000235083	0	0	0
ENSG00000162669	1	0	1
ENSG00000197067	1	0	1
ENSG00000229652	0	0	0
ENSG00000132681	6	0	6
ENSG00000225904	0	0	0
ENSG00000270920	0	0	0
ENSG00000281664	0	0	0
ENSG00000143641	754	1	1020
ENSG00000227630	7	0	7
ENSG00000228830	0	614	1
ENSG00000010932	1	1	0
ENSG00000282849	0	0	0
ENSG00000276520	0	0	0
ENSG00000226640	0	0	0
ENSG00000010072	205	100	193
ENSG00000135766	696	4	692
ENSG00000232626	0	0	0
ENSG00000232096	2	2	0
ENSG00000279261	1	0	1
ENSG00000213051	0	0	0
ENSG00000238054	0	0	0
ENSG00000163534	278	0	278
ENSG00000168243	3	0	3
ENSG00000281453	0	0	0
ENSG00000237469	0	0	0
ENSG00000224939	0	0	0
ENSG00000227613	0	0	0
ENSG00000116183	2	0	2
ENSG00000270106	0	0	0
ENSG00000232194	0	0	0
ENSG00000235152	0	0	0
ENSG00000231612	0	0	0
ENSG00000237980	9	0	9
ENSG00000271036	0	0	0
ENSG00000230849	0	0	0
ENSG00000170382	134	133	4
ENSG00000228664	0	0	0
ENSG00000226868	0	0	0
ENSG00000279401	0	0	0
ENSG00000272362	0	0	0
ENSG00000287450	0	0	0
ENSG00000237011	0	0	0
ENSG00000233583	0	0	0
ENSG00000066027	2261	5	2256
ENSG00000286263	1	0	1
ENSG00000227006	0	0	0
ENSG00000236372	0	0	0
ENSG00000224525	0	0	0
ENSG00000188770	0	0	0
ENSG00000173728	2	2	0
ENSG00000094975	634	1	633
ENSG00000225811	0	0	0
ENSG00000273093	2	0	2
ENSG00000162772	88	0	88
ENSG00000227818	0	0	0
ENSG00000135828	1366	0	1366
ENSG00000224227	1	0	1
ENSG00000286398	0	0	0
ENSG00000076356	140	0	140
ENSG00000215819	0	0	0
ENSG00000185523	1	0	1
ENSG00000236108	0	0	0
ENSG00000116711	113	1	112
ENSG00000231684	0	0	0
ENSG00000226750	0	0	0
ENSG00000285665	3	0	3
ENSG00000231022	0	0	0
ENSG00000224436	0	0	0
ENSG00000228208	0	0	0
ENSG00000273384	0	0	0
ENSG00000238061	2	0	2
ENSG00000234915	0	0	0
ENSG00000143845	3	0	5
ENSG00000235862	0	0	0
ENSG00000069812	1	0	1
ENSG00000227585	0	0	0
ENSG00000157060	0	0	0
ENSG00000237213	0	0	0
ENSG00000236439	12	1	11
ENSG00000224260	0	0	0
ENSG00000213045	0	0	0
ENSG00000287220	0	0	0
ENSG00000230063	0	0	0
ENSG00000235467	0	0	0
ENSG00000123684	4781	4	4777
ENSG00000117707	2	0	2
ENSG00000228044	0	0	0
ENSG00000225338	0	0	0
ENSG00000224407	0	267	0
ENSG00000232463	0	0	0
ENSG00000237457	0	0	0
ENSG00000225171	5	0	5
ENSG00000226843	0	0	0
ENSG00000235386	0	0	0
ENSG00000123836	414	81	414
ENSG00000213690	0	0	0
ENSG00000223982	0	0	0
ENSG00000229832	1	0	1
ENSG00000117691	188	0	188
ENSG00000225233	0	0	0
ENSG00000274895	0	0	0
ENSG00000237514	0	0	0
ENSG00000287856	0	0	0
ENSG00000228067	0	0	0
ENSG00000284299	0	0	0
ENSG00000226375	1	0	1
ENSG00000203705	351	0	351
ENSG00000224040	0	0	0
ENSG00000228686	40	40	0
ENSG00000279838	28	0	28
ENSG00000174175	262	0	262
ENSG00000236401	0	0	0
ENSG00000241475	0	0	0
ENSG00000215800	0	0	0
ENSG00000286421	0	0	0
ENSG00000270936	0	0	0
ENSG00000008118	0	0	0
ENSG00000171161	626	1	625
ENSG00000241505	0	0	0
ENSG00000224535	0	0	0
ENSG00000282097	0	0	0
ENSG00000261453	0	0	0
ENSG00000231020	0	0	0
ENSG00000270818	0	0	0
ENSG00000196878	21	0	21
ENSG00000133059	576	0	576
ENSG00000225561	0	0	0
ENSG00000224668	0	0	0
ENSG00000242529	0	0	0
ENSG00000074964	322	0	322
ENSG00000223847	0	0	0
ENSG00000277704	0	0	0
ENSG00000116918	751	36	748
ENSG00000274020	85	1	101
ENSG00000287445	4	0	4
ENSG00000259815	0	0	0
ENSG00000240963	0	0	0
ENSG00000226570	0	0	0
ENSG00000198929	2	0	2
ENSG00000272167	0	0	0
ENSG00000230628	0	0	0
ENSG00000162771	0	0	0
ENSG00000227579	0	0	0
ENSG00000176393	909	1	1380
ENSG00000174606	473	0	473
ENSG00000179914	88	0	88
ENSG00000235750	5255	4	5251
ENSG00000284376	1	0	1
ENSG00000121446	2	1	1
ENSG00000226758	0	0	0
ENSG00000230199	0	0	0
ENSG00000236905	1	0	1
ENSG00000233304	0	0	0
ENSG00000288007	0	0	0
ENSG00000227887	0	0	0
ENSG00000116903	967	0	1054
ENSG00000228255	0	0	0
ENSG00000226196	0	0	0
ENSG00000287354	0	3	0
ENSG00000233827	0	0	0
ENSG00000198797	0	0	0
ENSG00000271746	0	2	0
ENSG00000234233	0	0	0
ENSG00000151414	2913	0	2913
ENSG00000177614	6	0	6
ENSG00000223794	0	0	0
ENSG00000235182	0	0	0
ENSG00000213041	0	0	0
ENSG00000287157	0	0	0
ENSG00000233920	0	0	0
ENSG00000183831	0	0	0
ENSG00000225755	0	0	0
ENSG00000143858	34	57	1
ENSG00000197472	0	0	0
ENSG00000230184	0	0	0
ENSG00000234004	0	0	0
ENSG00000232436	0	0	0
ENSG00000231718	0	0	0
ENSG00000283952	0	0	0
ENSG00000230019	0	0	0
ENSG00000136643	339	0	339
ENSG00000232537	0	0	0
ENSG00000226036	0	0	0
ENSG00000285521	0	0	0
ENSG00000236317	0	0	0
ENSG00000176855	0	0	0
ENSG00000227728	0	0	0
ENSG00000133069	850	10	840
ENSG00000162877	8	0	8
ENSG00000233461	107	0	108
ENSG00000225401	1	0	1
ENSG00000228190	0	0	0
ENSG00000135747	3	0	3
ENSG00000227237	1	1	0
ENSG00000069248	592	1	591
ENSG00000232812	0	0	0
ENSG00000231666	0	0	0
ENSG00000226986	2	0	2
ENSG00000242042	0	0	0
ENSG00000234464	0	0	0
ENSG00000253148	0	0	0
ENSG00000227751	0	273	0
ENSG00000090104	41	0	41
ENSG00000285280	15	1130	4
ENSG00000232892	0	0	0
ENSG00000236950	0	0	0
ENSG00000236468	0	0	0
ENSG00000143322	456	0	456
ENSG00000185220	131	0	131
ENSG00000226003	0	0	0
ENSG00000230813	0	0	0
ENSG00000226862	5	0	5
ENSG00000236101	0	0	0
ENSG00000162769	234	0	234
ENSG00000133065	216	0	216
ENSG00000278684	0	0	0
ENSG00000236775	0	0	0
ENSG00000042781	0	0	0
ENSG00000234754	0	0	0
ENSG00000233084	4	0	4
ENSG00000227815	3	0	3
ENSG00000287046	0	0	0
ENSG00000223774	0	4	3
ENSG00000228863	6	2618	7
ENSG00000228646	0	0	0
ENSG00000229112	0	0	0
ENSG00000233332	0	0	0
ENSG00000231984	0	0	0
ENSG00000286213	0	0	0
ENSG00000226876	0	0	0
ENSG00000277462	33	0	33
ENSG00000225591	0	0	0
ENSG00000035687	842	0	842
ENSG00000213080	1	0	1
ENSG00000180287	0	0	0
ENSG00000226693	0	0	0
ENSG00000234678	25	496	1
ENSG00000231272	0	0	0
ENSG00000223828	0	0	0
ENSG00000163431	16	4	20
ENSG00000230124	241	0	304
ENSG00000226723	0	0	0
ENSG00000272672	0	0	0
ENSG00000143473	0	0	0
ENSG00000228982	0	0	0
ENSG00000235096	0	0	0
ENSG00000237250	0	0	0
ENSG00000007341	76	38	107
ENSG00000286747	0	0	0
ENSG00000236069	0	0	0
ENSG00000236244	0	0	0
ENSG00000272865	0	0	0
ENSG00000117222	747	0	747
ENSG00000143324	497	1	496
ENSG00000229871	0	0	0
ENSG00000225222	0	0	0
ENSG00000118193	54	0	54
ENSG00000234116	0	0	0
ENSG00000231940	0	0	0
ENSG00000198842	1	0	1
ENSG00000286619	0	0	0
ENSG00000198756	22	0	22
ENSG00000259823	5	2	3
ENSG00000271558	0	0	0
ENSG00000227554	0	0	0
ENSG00000178596	0	0	0
ENSG00000135749	148	3	156
ENSG00000143786	77	2	82
ENSG00000224584	0	0	0
ENSG00000054282	188	16	206
ENSG00000183780	9	0	9
ENSG00000229663	1	1	0
ENSG00000162702	1111	1	1110
ENSG00000251508	0	0	0
ENSG00000238272	0	0	0
ENSG00000228530	0	0	0
ENSG00000235060	0	0	0
ENSG00000143194	1	0	1
ENSG00000229531	0	0	0
ENSG00000271329	0	0	0
ENSG00000054267	2992	5	2987
ENSG00000261831	0	0	0
ENSG00000287921	0	0	0
ENSG00000177800	0	0	0
ENSG00000225620	0	0	0
ENSG00000232166	0	0	0
ENSG00000175137	1399	3	1396
ENSG00000134245	6	37	4
ENSG00000234041	0	0	0
ENSG00000227373	12	1	11
ENSG00000231905	0	0	0
ENSG00000228175	1	1	0
ENSG00000069275	1528	3	1525
ENSG00000143674	20	0	20
ENSG00000237317	0	0	0
ENSG00000187889	0	0	0
ENSG00000134375	450	0	450
ENSG00000097046	101	3	98
ENSG00000232113	0	0	0
ENSG00000282718	0	0	0
ENSG00000231378	0	0	0
ENSG00000235605	0	0	2
ENSG00000223525	1	0	1
ENSG00000224857	0	0	0
ENSG00000273367	1	0	1
ENSG00000230604	1	1	0
ENSG00000231605	0	0	0
ENSG00000236358	0	2	0
ENSG00000203737	2	0	2
ENSG00000238003	0	0	0
ENSG00000215873	0	0	0
ENSG00000287008	0	0	0
ENSG00000185420	76	1	76
ENSG00000076321	229	1	228
ENSG00000272175	0	0	0
ENSG00000231564	0	0	0
ENSG00000135778	141	10	142
ENSG00000213070	0	0	0
ENSG00000282265	0	0	0
ENSG00000250536	0	0	0
ENSG00000229747	0	0	0
ENSG00000117280	1102	1	1101
ENSG00000233985	0	0	0
ENSG00000232175	0	0	0
ENSG00000287423	0	0	0
ENSG00000286774	0	0	0
ENSG00000236719	0	0	0
ENSG00000136636	76	0	76
ENSG00000225486	0	0	0
ENSG00000227043	0	0	0
ENSG00000163874	466	0	466
ENSG00000285777	0	0	0
ENSG00000237249	0	0	0
ENSG00000286109	0	0	0
ENSG00000213068	0	0	0
ENSG00000054392	23	0	26
ENSG00000227994	0	0	0
ENSG00000286552	0	0	0
ENSG00000225711	1	1	0
ENSG00000122223	608	8	600
ENSG00000235869	0	0	0
ENSG00000188739	11	0	11
ENSG00000286666	0	0	0
ENSG00000135750	1	0	1
ENSG00000273198	0	0	0
ENSG00000203730	1	1	0
ENSG00000225719	0	0	0
ENSG00000273483	0	0	0
ENSG00000287987	0	0	0
ENSG00000203729	0	0	0
ENSG00000232809	0	0	0
ENSG00000284623	0	0	0
ENSG00000285981	0	0	0
ENSG00000261729	0	0	0
ENSG00000223869	0	0	0
ENSG00000229228	1	1	0
ENSG00000215796	0	0	0
ENSG00000185221	0	0	0
ENSG00000233047	0	0	0
ENSG00000143341	1	0	1
ENSG00000228309	0	0	0
ENSG00000229739	6	0	6
ENSG00000116703	0	0	0
ENSG00000273874	0	0	0
ENSG00000278791	0	9	0
ENSG00000278757	8	0	8
ENSG00000264341	0	0	0
ENSG00000264101	0	0	0
ENSG00000265141	0	0	0
ENSG00000221083	0	0	0
ENSG00000252404	0	0	0
ENSG00000222511	0	0	0
ENSG00000265392	0	0	0
ENSG00000243267	0	0	0
ENSG00000201725	0	0	0
ENSG00000274258	1	0	1
ENSG00000239149	1	0	1
ENSG00000252151	0	0	0
ENSG00000252969	0	0	0
ENSG00000252417	0	0	0
ENSG00000200975	0	0	0
ENSG00000201609	0	0	0
ENSG00000238482	0	0	0
ENSG00000252956	0	0	0
ENSG00000265606	0	0	0
ENSG00000284357	0	0	0
ENSG00000278034	0	0	0
ENSG00000207237	0	0	0
ENSG00000222784	0	0	0
ENSG00000266210	0	0	0
ENSG00000265961	0	0	0
ENSG00000251866	0	0	0
ENSG00000252691	0	0	0
ENSG00000264371	0	0	0
ENSG00000253005	2	0	2
ENSG00000238316	0	0	0
ENSG00000207941	0	0	0
ENSG00000264773	1	0	1
ENSG00000252448	3	2	1
ENSG00000200421	0	0	0
ENSG00000222282	1	1	0
ENSG00000199963	0	0	0
ENSG00000264698	0	0	0
ENSG00000207328	0	0	0
ENSG00000207466	0	0	0
ENSG00000252368	0	0	0
ENSG00000206779	0	0	0
ENSG00000265596	0	0	0
ENSG00000212541	6	6	0
ENSG00000200796	0	0	0
ENSG00000252190	0	0	0
ENSG00000264613	0	0	0
ENSG00000199240	0	0	0
ENSG00000277168	0	0	0
ENSG00000283724	0	0	0
ENSG00000284410	0	0	0
ENSG00000252018	0	0	0
ENSG00000206627	0	0	0
ENSG00000283414	0	0	0
ENSG00000207508	0	0	0
ENSG00000200171	0	0	0
ENSG00000207194	0	0	0
ENSG00000283477	0	0	0
ENSG00000264834	0	0	0
ENSG00000263675	1	0	1
ENSG00000266188	0	0	0
ENSG00000206981	0	0	0
ENSG00000200174	0	0	0
ENSG00000265822	0	0	0
ENSG00000265815	0	0	0
ENSG00000238653	0	0	0
ENSG00000212624	0	0	0
ENSG00000200575	0	0	0
ENSG00000212360	0	0	0
ENSG00000242860	0	0	0
ENSG00000263908	0	0	0
ENSG00000283690	0	0	0
ENSG00000199921	0	0	0
ENSG00000251825	0	0	0
ENSG00000201153	0	0	0
ENSG00000222624	0	0	0
ENSG00000223152	0	0	0
ENSG00000212308	0	0	0
ENSG00000279049	0	7	0
ENSG00000276081	0	0	0
ENSG00000239640	0	0	0
ENSG00000252338	0	0	0
ENSG00000251785	0	0	0
ENSG00000239319	0	0	0
ENSG00000222849	0	0	0
ENSG00000283749	0	0	0
ENSG00000251958	0	0	0
ENSG00000251767	0	0	0
ENSG00000243437	0	0	0
ENSG00000202263	0	0	0
ENSG00000199318	0	0	0
ENSG00000199666	0	0	0
ENSG00000200601	0	0	0
ENSG00000242482	0	0	0
ENSG00000212366	0	0	0
ENSG00000201620	0	0	0
ENSG00000206817	0	0	0
ENSG00000284247	0	0	0
ENSG00000200839	0	0	0
ENSG00000264963	0	0	0
ENSG00000264271	0	0	0
ENSG00000239504	0	0	0
ENSG00000284202	0	0	0
ENSG00000251720	1	1	0
ENSG00000274321	0	0	0
ENSG00000198974	0	0	0
ENSG00000212248	0	0	0
ENSG00000207962	0	0	0
ENSG00000276884	0	0	0
ENSG00000207234	1	0	1
ENSG00000202259	0	0	0
ENSG00000212459	0	0	0
ENSG00000278287	0	0	0
ENSG00000277565	0	0	0
ENSG00000263526	0	0	0
ENSG00000211575	0	0	0
ENSG00000275823	0	0	0
ENSG00000277689	0	0	0
ENSG00000274199	0	0	0
ENSG00000202254	0	0	0
ENSG00000244256	1	0	1
ENSG00000201491	0	0	0
ENSG00000199831	0	0	0
ENSG00000275455	0	0	0
ENSG00000252162	0	0	0
ENSG00000272051	0	0	0
ENSG00000283899	0	0	0
ENSG00000200800	0	0	0
ENSG00000207502	0	0	0
ENSG00000252530	0	0	0
ENSG00000200536	0	0	0
ENSG00000211543	0	0	0
ENSG00000252797	0	0	0
ENSG00000212266	0	0	0
ENSG00000222209	0	0	0
ENSG00000277141	0	0	0
ENSG00000215930	0	0	0
ENSG00000238761	0	0	0
ENSG00000201114	0	0	0
ENSG00000206679	0	0	0
ENSG00000264419	0	0	0
ENSG00000222069	0	0	0
ENSG00000274428	0	0	0
ENSG00000199879	0	0	0
ENSG00000274408	0	0	0
ENSG00000283676	1	0	1
ENSG00000252005	0	0	0
ENSG00000252510	0	0	0
ENSG00000207340	0	0	0
ENSG00000252830	0	0	0
ENSG00000274450	0	0	0
ENSG00000252135	0	0	0
ENSG00000278596	0	0	0
ENSG00000238825	0	0	0
ENSG00000201183	2	1	1
ENSG00000202408	0	0	0
ENSG00000252744	0	0	0
ENSG00000273768	0	0	0
ENSG00000242565	0	0	0
ENSG00000239984	0	0	0
ENSG00000283296	0	0	0
ENSG00000252717	0	0	0
ENSG00000194297	0	0	0
ENSG00000199565	0	0	0
ENSG00000277313	0	0	0
ENSG00000274940	0	0	0
ENSG00000207341	0	0	0
ENSG00000207472	0	0	0
ENSG00000206880	0	0	0
ENSG00000252552	0	0	0
ENSG00000199849	0	0	0
ENSG00000252407	0	0	0
ENSG00000212538	0	0	0
ENSG00000251813	0	0	0
ENSG00000207108	0	0	0
ENSG00000201312	0	0	0
ENSG00000207039	0	0	0
ENSG00000202491	0	0	0
ENSG00000201596	0	0	0
ENSG00000276839	0	0	0
ENSG00000207974	0	0	0
ENSG00000273629	0	0	0
ENSG00000201493	0	0	0
ENSG00000215952	0	0	0
ENSG00000200139	0	0	0
ENSG00000283575	0	0	0
ENSG00000238765	0	0	0
ENSG00000264916	0	0	0
ENSG00000212338	0	0	0
ENSG00000206659	0	0	0
ENSG00000253025	0	0	0
ENSG00000201619	0	0	0
ENSG00000201544	1	1	0
ENSG00000202498	0	0	0
ENSG00000221545	0	0	0
ENSG00000252906	0	0	0
ENSG00000206692	0	0	0
ENSG00000202329	0	0	0
ENSG00000242794	0	0	0
ENSG00000212144	0	0	0
ENSG00000283340	0	0	0
ENSG00000252860	0	0	0
ENSG00000252501	0	0	0
ENSG00000263390	0	0	0
ENSG00000207181	0	0	0
ENSG00000265744	0	0	0
ENSG00000264377	0	0	0
ENSG00000207149	0	0	0
ENSG00000283936	0	0	0
ENSG00000284485	0	0	0
ENSG00000201638	0	0	0
ENSG00000275213	0	0	0
ENSG00000239494	1	0	1
ENSG00000212230	0	0	0
ENSG00000252371	0	0	0
ENSG00000199442	0	0	0
ENSG00000200033	0	0	0
ENSG00000239690	0	0	0
ENSG00000202184	0	0	0
ENSG00000241395	0	0	0
ENSG00000200982	0	0	0
ENSG00000275207	0	0	0
ENSG00000202300	0	0	0
ENSG00000222407	0	0	0
ENSG00000222986	0	0	0
ENSG00000265435	0	0	0
ENSG00000272262	0	0	0
ENSG00000200495	0	0	0
ENSG00000202609	0	0	0
ENSG00000252553	0	0	0
ENSG00000206764	0	0	0
ENSG00000222240	0	0	0
ENSG00000212187	0	0	0
ENSG00000206637	0	0	0
ENSG00000253097	0	0	0
ENSG00000200036	0	0	0
ENSG00000201421	0	0	0
ENSG00000212610	0	0	0
ENSG00000252484	0	0	0
ENSG00000201944	0	0	0
ENSG00000200327	0	0	0
ENSG00000206905	0	0	0
ENSG00000200972	0	0	0
ENSG00000243051	0	0	0
ENSG00000252011	0	0	0
ENSG00000207326	0	0	0
ENSG00000212205	0	0	0
ENSG00000253042	0	0	0
ENSG00000274121	0	0	0
ENSG00000264358	0	0	0
ENSG00000206640	0	0	0
ENSG00000212527	0	0	0
ENSG00000252879	0	0	0
ENSG00000252612	0	0	0
ENSG00000202264	0	0	0
ENSG00000285609	0	0	0
ENSG00000206762	1	1	0
ENSG00000252084	0	0	0
ENSG00000200085	0	0	0
ENSG00000264500	1	1	0
ENSG00000202025	0	0	0
ENSG00000225545	0	0	0
ENSG00000206990	0	0	0
ENSG00000230175	0	0	0
ENSG00000225272	0	0	0
ENSG00000215838	0	0	0
ENSG00000273365	3	0	3
ENSG00000224358	2	0	2
ENSG00000230659	0	0	0
ENSG00000162545	13	0	13
ENSG00000090432	483	0	483
ENSG00000215520	0	0	0
ENSG00000183114	0	0	0
ENSG00000158825	1945	0	1945
ENSG00000158828	685	61	2537
ENSG00000284005	0	0	0
ENSG00000117242	36	1862	87
ENSG00000234473	1	0	1
ENSG00000238754	0	0	0
ENSG00000134371	995	3	995
ENSG00000221680	0	0	0
ENSG00000162630	46	0	49
ENSG00000276735	0	0	0
ENSG00000232077	2	0	2
ENSG00000229639	0	0	0
ENSG00000287453	0	0	0
ENSG00000270615	0	0	0
ENSG00000287283	0	0	0
ENSG00000240692	0	0	0
ENSG00000229359	0	0	0
ENSG00000237919	0	0	0
ENSG00000066557	209	0	209
ENSG00000244389	0	0	0
ENSG00000228988	0	0	0
ENSG00000118454	283	0	283
ENSG00000226088	1	1	0
ENSG00000116761	12	0	12
ENSG00000278636	0	0	0
ENSG00000271992	0	0	0
ENSG00000233020	0	0	0
ENSG00000237033	0	0	0
ENSG00000226208	0	0	0
ENSG00000007968	397	1	396
ENSG00000235052	0	0	0
ENSG00000117318	132	0	132
ENSG00000285802	4	0	4
ENSG00000229239	0	0	0
ENSG00000142676	12653	57	12596
ENSG00000057757	641	1	640
ENSG00000011009	847	0	847
ENSG00000117308	109	0	109
ENSG00000273844	0	0	0
ENSG00000235748	0	0	0
ENSG00000237861	0	0	0
ENSG00000221879	0	0	0
ENSG00000230260	0	0	0
ENSG00000199241	0	0	0
ENSG00000226919	0	1	0
ENSG00000223963	0	0	0
ENSG00000215802	0	0	0
ENSG00000233615	0	0	0
ENSG00000238085	1	0	1
ENSG00000265831	0	0	0
ENSG00000224348	0	0	0
ENSG00000286496	0	0	0
ENSG00000287516	1	0	1
ENSG00000287738	0	0	0
ENSG00000132703	0	0	0
ENSG00000276632	0	0	0
ENSG00000223603	0	0	0
ENSG00000132693	0	0	0
ENSG00000235226	0	0	0
ENSG00000158716	165	0	165
ENSG00000181036	86	0	86
ENSG00000158714	6	34	23
ENSG00000212161	1	0	1
ENSG00000243284	0	0	2
ENSG00000272668	32	33	5
ENSG00000213085	181	1	180
ENSG00000266458	0	0	0
ENSG00000287040	4	3	1
ENSG00000279430	0	0	0
ENSG00000162723	3	2	1
ENSG00000273933	0	0	0
ENSG00000256029	2	9	13
ENSG00000188004	1	0	1
ENSG00000266580	0	0	0
ENSG00000254545	0	14	0
ENSG00000203620	0	0	0
ENSG00000269967	4	1	3
ENSG00000228634	2	2	0
ENSG00000284702	0	0	0
ENSG00000221040	0	0	0
ENSG00000287217	0	0	0
ENSG00000163399	1597	15	4113
ENSG00000212385	0	0	0
ENSG00000233154	10	0	10
ENSG00000230381	0	0	0
ENSG00000200547	1	1	0
ENSG00000224950	45	0	49
ENSG00000286276	14	18	0
ENSG00000177888	244	0	244
ENSG00000243364	75	0	75
ENSG00000251246	0	0	0
ENSG00000143590	4	0	4
ENSG00000202027	0	0	0
ENSG00000169242	15	0	15
ENSG00000169241	305	0	305
ENSG00000223452	0	0	0
ENSG00000163463	28	0	28
ENSG00000273088	0	0	0
ENSG00000284586	0	0	0
ENSG00000169231	165	12	362
ENSG00000236263	0	107	3
ENSG00000236675	82	82	0
ENSG00000177628	975	2	973
ENSG00000116521	413	0	413
ENSG00000176444	732	0	732
ENSG00000143630	12	0	14
ENSG00000143627	1	2	1
ENSG00000253074	0	0	0
ENSG00000252116	0	0	0
ENSG00000228523	0	0	0
ENSG00000223263	0	0	0
ENSG00000207504	0	0	0
ENSG00000238139	0	0	0
ENSG00000197721	37	0	37
ENSG00000244703	1	0	1
ENSG00000226289	1	0	1
ENSG00000285239	0	0	0
ENSG00000234219	8	8	0
ENSG00000174059	8	0	8
ENSG00000285719	0	0	0
ENSG00000284237	0	0	0
ENSG00000158731	0	0	0
ENSG00000201746	1	0	1
ENSG00000264881	0	0	0
ENSG00000199562	1	0	1
ENSG00000264501	0	0	0
ENSG00000284735	4	4	0
ENSG00000284642	20	4	16
ENSG00000142657	7788	11	7777
ENSG00000271989	0	1	0
ENSG00000251503	0	0	0
ENSG00000175279	0	0	0
ENSG00000160049	297	0	357
ENSG00000203469	0	25	0
ENSG00000236035	0	0	0
ENSG00000221643	0	0	0
ENSG00000122188	351	0	351
ENSG00000288644	0	0	0
ENSG00000227417	0	0	0
ENSG00000223505	0	0	0
ENSG00000182004	377	0	377
ENSG00000236430	0	0	0
ENSG00000130768	29	5	38
ENSG00000227050	0	41	2
ENSG00000238231	5	3	2
ENSG00000240750	0	0	0
ENSG00000158156	1328	3	1354
ENSG00000182118	65	0	65
ENSG00000283799	0	0	0
ENSG00000227934	2	1	1
ENSG00000229595	0	0	0
ENSG00000143633	176	1	175
ENSG00000281912	0	0	0
ENSG00000288208	0	0	0
ENSG00000132773	120	14	130
ENSG00000070759	151	4	157
ENSG00000236872	0	0	0
ENSG00000280670	29	0	29
ENSG00000132763	23	519	26
ENSG00000221953	0	0	0
ENSG00000226164	0	0	0
ENSG00000224014	0	0	0
ENSG00000215795	1	0	1
ENSG00000259865	118	0	118
ENSG00000227671	582	2	580
ENSG00000283881	0	0	0
ENSG00000252516	1	0	1
ENSG00000232347	0	0	0
ENSG00000214144	0	0	0
ENSG00000235818	0	0	0
ENSG00000197617	0	0	0
ENSG00000202079	0	0	0
ENSG00000286216	1	1	0
ENSG00000203664	0	0	0
ENSG00000169224	85	1	89
ENSG00000236817	0	4	0
ENSG00000177489	0	0	0
ENSG00000177476	0	0	0
ENSG00000283369	0	0	0
ENSG00000230411	0	0	0
ENSG00000251977	0	0	0
ENSG00000252254	0	0	0
ENSG00000227854	0	0	0
ENSG00000287589	0	0	0
ENSG00000259776	0	0	0
ENSG00000233355	175	0	176
ENSG00000234601	0	0	0
ENSG00000231979	0	0	0
ENSG00000215805	0	0	0
ENSG00000287102	0	0	0
ENSG00000217327	0	0	0
ENSG00000228818	0	0	0
ENSG00000202041	0	0	0
ENSG00000223694	0	0	0
ENSG00000233735	0	0	0
ENSG00000133019	3	2	2
ENSG00000162636	543	0	543
ENSG00000162639	245	1	244
ENSG00000285923	1	0	1
ENSG00000134186	1821	30	1791
ENSG00000143107	0	0	0
ENSG00000232971	0	0	0
ENSG00000116266	1705	2	1703
ENSG00000228076	0	0	0
ENSG00000203897	0	0	0
ENSG00000237349	0	0	0
ENSG00000244716	17	0	17
ENSG00000228665	0	0	0
ENSG00000228054	0	0	0
ENSG00000273382	10	100	6
ENSG00000215717	1826	2	1920
ENSG00000278249	0	0	0
ENSG00000270066	0	0	0
ENSG00000251484	1	1	0
ENSG00000132676	990	146	994
ENSG00000227673	0	0	0
ENSG00000203761	48	46	30
ENSG00000234937	0	0	0
ENSG00000132718	459	2	457
ENSG00000283442	2	2	0
ENSG00000143622	2361	5	2356
ENSG00000132680	704	0	704
ENSG00000207475	0	0	0
ENSG00000280466	0	0	0
ENSG00000281394	0	0	0
ENSG00000277817	0	0	0
ENSG00000273002	28	2	26
ENSG00000224276	1	0	1
ENSG00000285677	0	1101	0
ENSG00000163479	2372	2	3471
ENSG00000160803	285	0	285
ENSG00000132698	6	0	6
ENSG00000252236	0	0	0
ENSG00000260238	0	0	0
ENSG00000242252	5	0	5
ENSG00000198952	2092	0	2092
ENSG00000163472	147	186	160
ENSG00000163468	1608	1	1607
ENSG00000132677	1	0	1
ENSG00000237390	0	0	0
ENSG00000207933	0	0	0
ENSG00000254726	1	0	1
ENSG00000186377	0	0	0
ENSG00000186160	0	0	0
ENSG00000225154	0	0	0
ENSG00000225506	2	0	3
ENSG00000225514	0	0	0
ENSG00000224805	31	2	39
ENSG00000162366	712	0	712
ENSG00000226252	3	131	2
ENSG00000225762	2	2	0
ENSG00000186790	0	0	0
ENSG00000237424	24	0	24
ENSG00000189030	0	0	0
ENSG00000162763	0	0	0
ENSG00000143061	5	0	5
ENSG00000135821	23958	26	23932
ENSG00000203740	0	0	0
ENSG00000162374	1	0	1
ENSG00000168275	125	9	165
ENSG00000241563	0	0	0
ENSG00000153207	3293	5	3288
ENSG00000156869	73	0	73
ENSG00000033122	11	8	3
ENSG00000143278	0	0	0
ENSG00000116678	115	0	115
ENSG00000159352	2060	2	2058
ENSG00000158710	33008	17	32991
ENSG00000162734	1049	3	1095
ENSG00000049239	1349	0	1349
ENSG00000186564	5	0	5
ENSG00000244038	2247	7	2240
ENSG00000158747	20	0	20
ENSG00000116690	15	207	8
ENSG00000126091	17	1	16
ENSG00000162383	0	0	0
ENSG00000171163	325	0	325
ENSG00000172456	59	0	59
ENSG00000162946	430	0	430
ENSG00000158786	0	0	0
ENSG00000118733	0	0	0
ENSG00000157870	215	5	278
ENSG00000179085	69	0	69
ENSG00000173080	0	0	0
ENSG00000183347	58	0	58
ENSG00000276470	0	0	0
ENSG00000278852	0	0	0
ENSG00000275915	0	0	0
ENSG00000120937	0	0	0
ENSG00000224904	0	0	0
ENSG00000285646	5	3	2
ENSG00000199347	0	0	0
ENSG00000201801	0	0	0
ENSG00000116685	1493	1	1492
ENSG00000083444	1020	0	1020
ENSG00000287384	1	1	0
ENSG00000270914	0	0	0
ENSG00000116691	501	0	501
ENSG00000202461	1	1	0
ENSG00000276869	0	0	0
ENSG00000243539	0	0	0
ENSG00000120949	417	1	416
ENSG00000201135	0	0	0
ENSG00000227875	0	0	0
ENSG00000285604	0	0	0
ENSG00000283789	0	0	0
ENSG00000263676	0	0	0
ENSG00000200591	0	0	0
ENSG00000162521	1304	4	1894
ENSG00000162520	5	591	8
ENSG00000224409	0	0	0
ENSG00000162522	28	2	26
ENSG00000116497	536	0	545
ENSG00000160097	2	2	0
ENSG00000121905	0	0	0
ENSG00000121900	2	0	2
ENSG00000287691	19	21	0
ENSG00000278966	2	2	0
ENSG00000143222	667	1	834
ENSG00000224985	2	170	0
ENSG00000143224	169	49	176
ENSG00000158850	733	9	779
ENSG00000158859	3	0	3
ENSG00000158869	11516	1	11515
ENSG00000158874	8	8	0
ENSG00000158882	140	0	234
ENSG00000284035	0	0	0
ENSG00000143257	17	110	1
ENSG00000248485	18	18	0
ENSG00000188931	16	14	5
ENSG00000236484	0	0	0
ENSG00000283696	38	1	37
ENSG00000288093	5	0	5
ENSG00000206921	0	0	0
ENSG00000215840	2	1	1
ENSG00000277882	0	0	0
ENSG00000283317	3	2	1
ENSG00000277762	0	0	0
ENSG00000227139	0	0	0
ENSG00000265107	0	0	1
ENSG00000274415	0	1	0
ENSG00000234190	0	0	0
ENSG00000223728	0	0	0
ENSG00000121634	0	0	0
ENSG00000188092	47	0	47
ENSG00000215859	3	3	0
ENSG00000273059	0	0	0
ENSG00000274372	2	0	2
ENSG00000206791	0	0	0
ENSG00000206585	0	0	0
ENSG00000229828	0	0	0
ENSG00000225080	1	1	0
ENSG00000198658	0	0	0
ENSG00000238382	0	0	0
ENSG00000225919	0	0	0
ENSG00000236497	0	0	0
ENSG00000207190	0	0	0
ENSG00000200508	0	0	0
ENSG00000284928	0	0	0
ENSG00000223949	0	0	0
ENSG00000116688	2929	1	2928
ENSG00000188800	0	0	0
ENSG00000084073	1118	2	1120
ENSG00000231296	0	4	0
ENSG00000049089	125	2	123
ENSG00000227311	0	0	0
ENSG00000213172	0	0	0
ENSG00000284677	3	3	0
ENSG00000187801	34	0	34
ENSG00000260920	39	0	39
ENSG00000158887	104	1	103
ENSG00000255054	0	0	0
ENSG00000228172	1	127	3
ENSG00000117640	342	3	474
ENSG00000272478	0	0	0
ENSG00000127423	11	8	8
ENSG00000182749	104	12	144
ENSG00000207302	0	0	0
ENSG00000117632	516	0	516
ENSG00000229786	0	0	0
ENSG00000223624	0	0	0
ENSG00000283938	0	0	0
ENSG00000199385	0	0	0
ENSG00000187147	526	17	822
ENSG00000263381	0	0	0
ENSG00000126106	23	300	36
ENSG00000198520	143	0	143
ENSG00000199377	0	0	0
ENSG00000200169	0	0	0
ENSG00000142945	44	1	51
ENSG00000142937	9342	16	10141
ENSG00000264294	0	0	0
ENSG00000200913	1	0	1
ENSG00000202031	0	0	0
ENSG00000207421	0	0	0
ENSG00000281859	0	0	0
ENSG00000234093	2	1	1
ENSG00000142959	2	0	2
ENSG00000173846	461	0	491
ENSG00000117425	12	1	11
ENSG00000202444	0	0	0
ENSG00000226499	0	0	0
ENSG00000070785	108	0	108
ENSG00000253039	0	0	0
ENSG00000229815	0	0	0
ENSG00000232369	0	0	0
ENSG00000268949	0	0	0
ENSG00000126107	534	1	541
ENSG00000126088	359	9	358
ENSG00000234315	0	0	0
ENSG00000162408	265	0	265
ENSG00000229519	1	1	0
ENSG00000173662	1	0	1
ENSG00000204859	432	6	426
ENSG00000288629	0	0	0
ENSG00000230735	1	3	1
ENSG00000171488	1004	0	1004
ENSG00000226394	1	1	0
ENSG00000237200	1	0	1
ENSG00000070886	0	0	0
ENSG00000276835	0	0	0
ENSG00000265422	0	0	0
ENSG00000223776	0	68	1
ENSG00000273058	11	0	11
ENSG00000230325	3	17	2
ENSG00000119285	392	729	481
ENSG00000226498	0	0	0
ENSG00000237991	0	0	0
ENSG00000244020	0	0	0
ENSG00000288099	0	0	0
ENSG00000225886	7	13	0
ENSG00000206767	0	0	0
ENSG00000226662	0	0	0
ENSG00000207095	0	0	0
ENSG00000287244	0	0	0
ENSG00000231344	2	0	2
ENSG00000230833	0	0	0
ENSG00000117758	863	1	862
ENSG00000269971	0	0	0
ENSG00000270031	6	0	6
ENSG00000223062	0	0	0
ENSG00000286433	0	41	0
ENSG00000117751	626	9	658
ENSG00000252947	1	0	1
ENSG00000130775	7676	4	7680
ENSG00000117748	977	104	881
ENSG00000223643	0	0	0
ENSG00000230239	0	0	0
ENSG00000263811	0	0	0
ENSG00000277234	0	0	0
ENSG00000235241	0	50	0
ENSG00000207005	0	0	0
ENSG00000272426	0	0	0
ENSG00000117122	0	0	0
ENSG00000286898	0	0	0
ENSG00000226526	0	55	0
ENSG00000159363	402	0	424
ENSG00000117118	1220	0	1220
ENSG00000117115	10022	9	10013
ENSG00000204362	0	0	0
ENSG00000282843	0	0	0
ENSG00000142623	0	0	0
ENSG00000142619	0	0	0
ENSG00000266634	0	0	0
ENSG00000199459	0	0	0
ENSG00000273264	0	0	0
ENSG00000282057	0	0	0
ENSG00000272691	0	0	0
ENSG00000199934	0	0	0
ENSG00000230285	0	0	0
ENSG00000142871	0	0	0
ENSG00000226643	0	0	0
ENSG00000234419	0	0	0
ENSG00000276997	5	0	5
ENSG00000222399	0	0	0
ENSG00000267305	1	0	1
ENSG00000143512	0	0	0
ENSG00000143498	52	1	55
ENSG00000225265	0	4	0
ENSG00000154305	1402	67	1628
ENSG00000229399	0	0	0
ENSG00000272750	18	286	18
ENSG00000186063	503	35	497
ENSG00000162819	1373	2	1393
ENSG00000287684	0	3	0
ENSG00000234523	0	0	0
ENSG00000287338	11	0	11
ENSG00000187554	2197	180	2017
ENSG00000236846	1	0	1
ENSG00000226601	0	0	0
ENSG00000164010	228	7	375
ENSG00000164011	94	0	94
ENSG00000233708	0	0	0
ENSG00000237090	0	0	0
ENSG00000225099	0	0	0
ENSG00000284138	8	0	8
ENSG00000283973	0	6	0
ENSG00000207256	0	0	0
ENSG00000283136	0	0	0
ENSG00000277513	0	0	0
ENSG00000154309	53	0	53
ENSG00000226967	0	0	0
ENSG00000231407	1	1	1
ENSG00000229570	0	0	0
ENSG00000203857	0	0	0
ENSG00000226443	1	0	1
ENSG00000249798	1	1	0
ENSG00000239873	0	0	0
ENSG00000203855	0	0	0
ENSG00000240244	0	0	0
ENSG00000260941	5	0	5
ENSG00000198857	3	3	0
ENSG00000143067	110	1	109
ENSG00000134240	0	0	0
ENSG00000134193	9	0	9
ENSG00000215864	1	0	1
ENSG00000227205	0	0	0
ENSG00000226446	0	0	0
ENSG00000134249	0	0	0
ENSG00000092621	66	0	66
ENSG00000027644	0	0	0
ENSG00000241992	0	0	0
ENSG00000234226	0	0	0
ENSG00000137970	51	0	51
ENSG00000223229	0	0	0
ENSG00000285698	0	0	0
ENSG00000228035	1	0	1
ENSG00000287103	0	0	0
ENSG00000226973	0	0	0
ENSG00000274468	0	0	0
ENSG00000130764	446	6	505
ENSG00000266075	2	2	0
ENSG00000272153	11	75	1
ENSG00000230026	0	0	0
ENSG00000285177	0	0	0
ENSG00000284770	9	84	10
ENSG00000229795	0	0	0
ENSG00000238236	0	0	0
ENSG00000235638	0	0	0
ENSG00000231199	0	0	0
ENSG00000226663	0	0	0
ENSG00000231582	0	0	0
ENSG00000232714	0	0	0
ENSG00000235761	0	0	0
ENSG00000270710	0	0	0
ENSG00000227236	0	0	0
ENSG00000198837	3366	0	3521
ENSG00000160741	1590	0	1590
ENSG00000276584	0	0	0
ENSG00000282386	1	0	1
ENSG00000273026	6	1	5
ENSG00000143578	45	10	54
ENSG00000143543	145	1	155
ENSG00000285641	0	2	2
ENSG00000143545	13	0	13
ENSG00000177954	14455	6	14449
ENSG00000231416	0	0	0
ENSG00000200220	0	0	0
ENSG00000231837	0	0	0
ENSG00000263987	0	0	0
ENSG00000162642	299	0	299
ENSG00000223254	0	0	0
ENSG00000223653	6	61	9
ENSG00000116198	461	1	462
ENSG00000169598	120	1	121
ENSG00000226653	0	0	0
ENSG00000207209	0	0	0
ENSG00000272443	0	0	0
ENSG00000272480	0	0	0
ENSG00000288626	0	0	0
ENSG00000162836	84	0	84
ENSG00000207080	0	0	0
ENSG00000231791	0	0	0
ENSG00000244568	0	0	0
ENSG00000271387	0	0	0
ENSG00000116667	93	0	93
ENSG00000230470	0	0	0
ENSG00000232036	0	0	0
ENSG00000285847	0	0	0
ENSG00000286378	0	0	0
ENSG00000215381	0	0	0
ENSG00000261326	35	0	35
ENSG00000284726	3	3	0
ENSG00000125945	178	3	180
ENSG00000201405	0	0	0
ENSG00000271420	0	0	0
ENSG00000204219	42	0	42
ENSG00000232482	0	0	0
ENSG00000285779	0	0	0
ENSG00000162885	146	24	270
ENSG00000270780	0	0	0
ENSG00000232895	0	0	0
ENSG00000273698	0	0	0
ENSG00000273112	10	0	10
ENSG00000173110	4304	17	4287
ENSG00000224203	8	16	0
ENSG00000224515	0	0	0
ENSG00000225217	398	1	397
ENSG00000231586	0	0	0
ENSG00000234211	2	80	0
ENSG00000213075	2	2	0
ENSG00000143125	0	0	0
ENSG00000270380	0	0	0
ENSG00000282887	0	0	0
ENSG00000283999	0	0	0
ENSG00000240194	0	0	0
ENSG00000235407	0	0	0
ENSG00000143105	0	0	0
ENSG00000199710	0	0	0
ENSG00000237415	0	0	0
ENSG00000232791	0	0	0
ENSG00000177301	63	0	63
ENSG00000226828	1	1	0
ENSG00000279774	1	0	1
ENSG00000229960	0	0	0
ENSG00000286486	0	0	0
ENSG00000244066	0	0	0
ENSG00000237759	0	0	0
ENSG00000287531	0	0	0
ENSG00000225855	39	481	5
ENSG00000283701	0	0	0
ENSG00000207134	0	0	0
ENSG00000227773	0	0	0
ENSG00000207144	0	0	0
ENSG00000237872	2	2	0
ENSG00000271267	2	2	0
ENSG00000225082	1	0	2
ENSG00000223503	0	0	0
ENSG00000232519	2	3	0
ENSG00000160752	292	4	733
ENSG00000121957	125	142	193
ENSG00000235089	0	0	0
ENSG00000285179	0	0	0
ENSG00000223026	0	0	0
ENSG00000225721	0	818	8
ENSG00000188396	14	43	2
ENSG00000202167	0	0	0
ENSG00000207349	0	0	0
ENSG00000252826	0	0	0
ENSG00000206737	0	0	0
ENSG00000223779	1	0	1
ENSG00000242352	2	1	1
ENSG00000270962	0	0	0
ENSG00000263590	0	0	0
ENSG00000252105	0	0	0
ENSG00000233430	0	0	0
ENSG00000237503	0	0	0
ENSG00000265531	140	0	169
ENSG00000234571	15	44	0
ENSG00000230186	0	0	0
ENSG00000268074	0	0	0
ENSG00000270872	2	0	2
ENSG00000276674	0	0	0
ENSG00000082482	0	0	0
ENSG00000116747	716	22	850
ENSG00000118729	0	0	0
ENSG00000134207	2	0	2
ENSG00000163467	1	0	1
ENSG00000243710	4	0	4
ENSG00000117395	270	0	270
ENSG00000116874	90	3	93
ENSG00000065600	125	4	121
ENSG00000009780	118	0	118
ENSG00000023572	183	157	147
ENSG00000077254	1354	0	1354
ENSG00000134644	1436	1	1435
ENSG00000215788	308	4	331
ENSG00000117834	13	3	12
ENSG00000117625	742	1	741
ENSG00000179902	2	1	2
ENSG00000020633	1562	3	1559
ENSG00000121766	244	1	371
ENSG00000143157	776	1	775
ENSG00000162614	172	1	174
ENSG00000160781	165	0	165
ENSG00000143344	73	0	73
ENSG00000162613	1288	2	1287
ENSG00000116882	0	0	0
ENSG00000198758	0	0	0
ENSG00000117569	187	0	187
ENSG00000142856	83	54	86
ENSG00000158022	0	0	0
ENSG00000116396	40	0	40
ENSG00000058668	4891	6	4885
ENSG00000163875	610	1	609
ENSG00000282872	0	0	0
ENSG00000131238	4436	6	4432
ENSG00000171680	21	0	21
ENSG00000244457	0	0	0
ENSG00000116977	1327	118	2223
ENSG00000229372	0	94	0
ENSG00000274975	0	0	0
ENSG00000229348	0	0	0
ENSG00000242485	414	16	460
ENSG00000264293	0	0	0
ENSG00000272455	13	0	13
ENSG00000225905	0	0	0
ENSG00000225285	0	0	0
ENSG00000179403	0	0	0
ENSG00000215915	15	0	15
ENSG00000236085	0	0	0
ENSG00000234441	0	0	0
ENSG00000227408	0	0	0
ENSG00000223635	0	0	0
ENSG00000135776	370	0	370
ENSG00000199672	0	0	0
ENSG00000201492	0	0	0
ENSG00000229367	0	0	0
ENSG00000135763	156	0	156
ENSG00000213028	0	0	0
ENSG00000225984	0	0	0
ENSG00000178828	0	0	0
ENSG00000235434	0	0	0
ENSG00000169914	97	1	96
ENSG00000188784	0	0	0
ENSG00000242688	0	0	0
ENSG00000177186	0	0	0
ENSG00000177174	0	0	0
ENSG00000269956	30	348	0
ENSG00000162456	0	0	0
ENSG00000079277	1757	3	2072
ENSG00000117407	0	0	0
ENSG00000237950	4	0	4
ENSG00000117408	262	0	262
ENSG00000285649	4	30	0
ENSG00000117410	4400	1	4399
ENSG00000159214	36	2	45
ENSG00000196517	41	10	42
ENSG00000227163	0	0	0
ENSG00000271647	0	0	0
ENSG00000239560	0	0	0
ENSG00000196539	0	0	0
ENSG00000229255	1	0	1
ENSG00000203661	0	0	0
ENSG00000271934	0	0	0
ENSG00000224521	0	0	0
ENSG00000227102	0	0	0
ENSG00000183310	0	0	0
ENSG00000201602	0	0	0
ENSG00000271701	0	0	0
ENSG00000189181	0	0	0
ENSG00000187238	0	0	0
ENSG00000185962	0	0	0
ENSG00000226947	0	0	0
ENSG00000285753	0	0	0
ENSG00000187223	0	0	0
ENSG00000159455	0	0	0
ENSG00000187173	0	0	0
ENSG00000204501	0	0	0
ENSG00000228229	0	0	0
ENSG00000204481	0	0	0
ENSG00000204479	0	0	0
ENSG00000172031	2	0	2
ENSG00000233228	0	0	0
ENSG00000224678	0	0	0
ENSG00000233401	0	0	0
ENSG00000273487	3	0	3
ENSG00000226773	0	0	0
ENSG00000274481	0	0	0
ENSG00000228594	45	0	45
ENSG00000286989	8	0	8
ENSG00000272106	20	3	24
ENSG00000189409	3	0	3
ENSG00000272004	1	121	2
ENSG00000189339	1342	7	1457
ENSG00000269737	27	27	0
ENSG00000215914	2	1	1
ENSG00000008128	36	0	36
ENSG00000268575	20	0	40
ENSG00000227775	87	109	0
ENSG00000008130	10729	8	10721
ENSG00000078369	8306	18	8288
ENSG00000178821	0	0	0
ENSG00000158477	15	0	15
ENSG00000230942	0	0	0
ENSG00000158481	291	3	288
ENSG00000158485	2	0	2
ENSG00000158488	35	0	35
ENSG00000186306	0	0	0
ENSG00000203758	0	0	0
ENSG00000236257	0	0	0
ENSG00000236656	0	0	0
ENSG00000198703	0	0	0
ENSG00000227445	0	0	0
ENSG00000231434	0	0	0
ENSG00000117505	2206	5	2251
ENSG00000229635	1	1	0
ENSG00000207379	0	0	0
ENSG00000212601	0	0	0
ENSG00000162889	3166	3	3163
ENSG00000224114	75	1	74
ENSG00000199349	1	1	0
ENSG00000162892	28	280	1
ENSG00000162894	1967	1	2219
ENSG00000271680	8	8	0
ENSG00000226945	6	6	0
ENSG00000162896	1	0	1
ENSG00000162897	1	0	1
ENSG00000182795	59	0	59
ENSG00000198890	133	1	132
ENSG00000224550	0	0	0
ENSG00000142669	7774	4	11684
ENSG00000169442	2136	8	4399
ENSG00000225854	0	0	0
ENSG00000176083	64	0	64
ENSG00000229167	0	0	0
ENSG00000142910	0	0	0
ENSG00000162517	651	0	773
ENSG00000235790	0	0	0
ENSG00000264078	0	0	0
ENSG00000241745	0	0	0
ENSG00000228407	0	0	0
ENSG00000223429	0	0	0
ENSG00000224255	0	0	0
ENSG00000236004	0	0	0
ENSG00000237663	0	0	0
ENSG00000213735	0	0	0
ENSG00000272100	0	70	0
ENSG00000287078	1	0	1
ENSG00000224680	0	0	0
ENSG00000085840	52	1	51
ENSG00000283445	0	0	0
ENSG00000272226	1	1	0
ENSG00000231740	0	0	0
ENSG00000143751	854	1	853
ENSG00000272562	23	1	23
ENSG00000163041	15881	7	15875
ENSG00000225518	0	0	0
ENSG00000270598	0	0	0
ENSG00000182827	634	3	737
ENSG00000234478	1	107	0
ENSG00000223570	0	0	0
ENSG00000185155	39	0	39
ENSG00000236773	0	0	0
ENSG00000143753	1408	0	1408
ENSG00000201898	0	0	0
ENSG00000237101	3	20	4
ENSG00000143748	194	1	214
ENSG00000221406	0	0	0
ENSG00000229742	0	0	0
ENSG00000206887	0	0	0
ENSG00000143771	604	1	603
ENSG00000266618	0	0	0
ENSG00000229991	0	0	0
ENSG00000233384	0	0	0
ENSG00000234247	0	0	0
ENSG00000183682	40	37	17
ENSG00000237624	5	0	5
ENSG00000228060	3	382	0
ENSG00000201457	0	0	0
ENSG00000163909	2	0	2
ENSG00000225903	0	0	0
ENSG00000116983	86	0	86
ENSG00000225333	0	0	0
ENSG00000252413	0	0	0
ENSG00000090621	1263	6	1636
ENSG00000236994	0	0	0
ENSG00000275406	1	0	1
ENSG00000270287	0	0	0
ENSG00000229965	0	0	0
ENSG00000223282	0	0	0
ENSG00000177770	0	0	0
ENSG00000287627	0	0	0
ENSG00000283933	0	0	0
ENSG00000143369	4	0	4
ENSG00000228126	0	0	0
ENSG00000237781	97	150	237
ENSG00000264553	16	16	0
ENSG00000277452	16	0	16
ENSG00000274963	10	0	10
ENSG00000253047	3	0	3
ENSG00000143420	1665	5	1660
ENSG00000276103	1	0	1
ENSG00000143457	357	1	356
ENSG00000143452	73	0	73
ENSG00000206931	0	0	0
ENSG00000236713	0	0	0
ENSG00000224690	0	0	0
ENSG00000203804	3	293	157
ENSG00000143384	46583	49	46537
ENSG00000154342	0	0	0
ENSG00000276255	0	0	0
ENSG00000284163	0	0	0
ENSG00000143793	143	10	133
ENSG00000162910	138	0	138
ENSG00000224566	1	0	1
ENSG00000287895	2	2	0
ENSG00000280157	4	0	4
ENSG00000227625	0	0	0
ENSG00000198835	3	0	3
ENSG00000203684	1	0	1
ENSG00000181873	114	0	114
ENSG00000162913	2	1	4
ENSG00000269934	14	26	23
ENSG00000270110	3	3	0
ENSG00000286773	0	0	0
ENSG00000287315	7	36	0
ENSG00000270104	0	0	0
ENSG00000154370	389	0	492
ENSG00000270094	0	104	0
ENSG00000284311	0	0	0
ENSG00000162931	3	3	1
ENSG00000230841	0	0	0
ENSG00000266174	0	0	0
ENSG00000279306	0	0	0
ENSG00000215811	6	1	5
ENSG00000202056	0	0	0
ENSG00000251823	0	0	0
ENSG00000171960	120	