N_unmapped	120043	120043	120043
N_multimapping	3599264	3599264	3599264
N_noFeature	662956	14656301	748878
N_ambiguous	2257624	25225	538052
ENSG00000160072	176	0	176
ENSG00000234396	0	1	0
ENSG00000225972	5	0	5
ENSG00000224315	0	0	0
ENSG00000198744	0	0	0
ENSG00000279928	13	0	13
ENSG00000228037	16	2	14
ENSG00000142611	2	0	2
ENSG00000225630	564	12	552
ENSG00000284616	0	0	0
ENSG00000157911	35	259	57
ENSG00000269896	12	0	12
ENSG00000237973	370	7	369
ENSG00000228463	11	0	13
ENSG00000260972	0	0	0
ENSG00000157933	1338	4	1334
ENSG00000224340	0	0	0
ENSG00000226545	0	0	0
ENSG00000268663	0	0	0
ENSG00000226374	0	0	0
ENSG00000229280	0	0	0
ENSG00000142655	99	26	99
ENSG00000232596	0	0	0
ENSG00000235054	0	0	0
ENSG00000232663	0	0	0
ENSG00000240409	1	0	1
ENSG00000229344	1	0	2
ENSG00000231510	0	0	0
ENSG00000149527	112	3	110
ENSG00000284739	0	0	0
ENSG00000171621	40	0	40
ENSG00000272235	0	0	0
ENSG00000284694	0	0	0
ENSG00000230021	3	11	4
ENSG00000287356	0	0	0
ENSG00000224387	4	2	2
ENSG00000285629	0	0	0
ENSG00000173673	0	0	0
ENSG00000142583	22	1	21
ENSG00000284674	0	0	0
ENSG00000272161	1	0	1
ENSG00000237094	84	0	84
ENSG00000224338	0	0	0
ENSG00000074800	5892	13	5881
ENSG00000116786	931	0	1054
ENSG00000287727	1	1	0
ENSG00000228423	0	0	0
ENSG00000286448	0	2	0
ENSG00000131686	11	15	4
ENSG00000229305	0	0	0
ENSG00000284703	0	0	0
ENSG00000226457	0	0	0
ENSG00000173614	99	0	99
ENSG00000248527	2839	81	2758
ENSG00000215720	0	0	0
ENSG00000241326	0	0	0
ENSG00000233623	1	0	1
ENSG00000162592	0	15	1
ENSG00000116254	3	0	3
ENSG00000233645	0	0	0
ENSG00000204624	1	0	1
ENSG00000142606	8	50	15
ENSG00000235146	0	1	0
ENSG00000225931	3	1	2
ENSG00000171729	9	0	9
ENSG00000279457	72	0	72
ENSG00000162571	1	0	1
ENSG00000229393	2	1	2
ENSG00000037637	443	0	443
ENSG00000287586	60	2	58
ENSG00000159423	62	0	62
ENSG00000142599	2786	21	2769
ENSG00000227169	0	0	0
ENSG00000283356	0	0	0
ENSG00000011021	228	1	235
ENSG00000142615	0	0	0
ENSG00000215704	1	7	0
ENSG00000157916	985	22	1244
ENSG00000157881	373	1	372
ENSG00000238290	0	0	0
ENSG00000225387	0	0	0
ENSG00000048707	1048	1	1047
ENSG00000158748	11	0	11
ENSG00000225196	1	1	0
ENSG00000162444	231	0	231
ENSG00000279625	0	0	0
ENSG00000180758	76	0	76
ENSG00000184677	775	2	773
ENSG00000230679	1	0	3
ENSG00000270136	0	0	0
ENSG00000288398	33	1	32
ENSG00000224621	0	0	0
ENSG00000285833	0	0	0
ENSG00000131697	89	1	88
ENSG00000284692	0	0	0
ENSG00000284745	0	0	0
ENSG00000280222	0	0	0
ENSG00000227634	0	0	0
ENSG00000285945	0	0	0
ENSG00000229162	2	0	2
ENSG00000197921	0	0	0
ENSG00000233755	0	0	0
ENSG00000233929	0	0	0
ENSG00000271742	0	0	0
ENSG00000226396	3	0	3
ENSG00000169504	409	0	409
ENSG00000234166	0	6	0
ENSG00000235282	0	0	0
ENSG00000055070	973	7	1676
ENSG00000175087	168	1	167
ENSG00000157191	1246	1	1245
ENSG00000284699	0	0	0
ENSG00000230035	0	0	0
ENSG00000235185	0	0	0
ENSG00000225643	2	0	2
ENSG00000284666	0	0	0
ENSG00000228943	0	0	0
ENSG00000234397	0	0	0
ENSG00000284309	0	0	0
ENSG00000162511	11399	35	21980
ENSG00000158014	0	0	0
ENSG00000204138	308	1	307
ENSG00000233419	0	0	0
ENSG00000235263	0	0	0
ENSG00000228176	0	0	0
ENSG00000231251	0	0	0
ENSG00000142675	18	0	18
ENSG00000197245	0	0	0
ENSG00000261025	0	0	0
ENSG00000116237	357	1	374
ENSG00000130772	194	1	193
ENSG00000215899	0	0	0
ENSG00000271398	0	0	0
ENSG00000225011	0	0	0
ENSG00000235069	0	0	0
ENSG00000284676	0	0	0
ENSG00000237058	0	0	0
ENSG00000233399	0	0	0
ENSG00000090020	635	1	634
ENSG00000157978	1235	2	1233
ENSG00000226944	0	0	0
ENSG00000270282	1	1	0
ENSG00000130770	205	21	334
ENSG00000229044	0	97	0
ENSG00000162512	55	0	55
ENSG00000158006	365	0	365
ENSG00000214812	4	0	4
ENSG00000126698	829	2	827
ENSG00000229447	3	0	3
ENSG00000229607	0	0	0
ENSG00000130766	210	0	210
ENSG00000168528	38	0	38
ENSG00000196581	20	0	20
ENSG00000169403	5865	10	5855
ENSG00000084628	0	0	0
ENSG00000060688	308	0	308
ENSG00000171612	45	0	45
ENSG00000270927	0	0	0
ENSG00000188910	0	0	0
ENSG00000230523	0	0	0
ENSG00000116138	270	44	245
ENSG00000158161	451	4	447
ENSG00000142684	0	0	25
ENSG00000234619	0	0	0
ENSG00000121769	9	10	0
ENSG00000142627	14	0	14
ENSG00000284668	0	0	0
ENSG00000233234	0	0	0
ENSG00000142632	52	0	58
ENSG00000234593	0	0	0
ENSG00000158292	7	0	7
ENSG00000270605	29	0	31
ENSG00000189337	140	0	146
ENSG00000232912	33	0	37
ENSG00000235084	3	0	3
ENSG00000235143	0	0	0
ENSG00000225478	0	0	0
ENSG00000225077	0	15	0
ENSG00000028137	8564	11	8553
ENSG00000238249	3	3	0
ENSG00000204464	0	0	0
ENSG00000233372	1	0	1
ENSG00000283259	0	0	0
ENSG00000284543	4	0	4
ENSG00000130939	1008	5	1003
ENSG00000175147	0	6	0
ENSG00000127472	0	0	0
ENSG00000060656	1	0	1
ENSG00000163867	228	1	227
ENSG00000232768	0	0	0
ENSG00000230214	0	0	0
ENSG00000189280	3	3	0
ENSG00000134698	2984	8	2976
ENSG00000134690	28	0	28
ENSG00000272420	2	0	2
ENSG00000132881	12	0	12
ENSG00000273274	0	0	0
ENSG00000116251	1160	1	1160
ENSG00000272510	0	6	0
ENSG00000158286	15	4	15
ENSG00000236648	0	0	0
ENSG00000232273	0	0	0
ENSG00000009709	0	0	0
ENSG00000287396	0	0	0
ENSG00000223589	0	0	0
ENSG00000158008	0	0	0
ENSG00000130940	47	0	88
ENSG00000116771	57	2	68
ENSG00000237301	2	2	0
ENSG00000162585	149	71	150
ENSG00000163879	1	6	1
ENSG00000227527	0	0	0
ENSG00000116954	296	1	295
ENSG00000228589	2	0	2
ENSG00000163873	1	0	1
ENSG00000117215	2	0	2
ENSG00000196449	95	5	113
ENSG00000230163	0	15	0
ENSG00000227538	0	0	0
ENSG00000232208	5	0	5
ENSG00000236500	0	0	0
ENSG00000044012	0	0	0
ENSG00000179051	1086	3	1316
ENSG00000215895	0	0	0
ENSG00000231868	1	10	0
ENSG00000284650	0	0	0
ENSG00000237329	0	0	0
ENSG00000236948	3	0	3
ENSG00000126067	674	0	674
ENSG00000274944	0	0	0
ENSG00000132906	241	1	246
ENSG00000197312	540	1	539
ENSG00000284748	0	0	0
ENSG00000272078	6	47	0
ENSG00000173660	608	1	607
ENSG00000224592	0	0	0
ENSG00000233728	0	9	0
ENSG00000230451	0	0	0
ENSG00000231606	0	0	0
ENSG00000215900	0	0	0
ENSG00000284632	0	0	0
ENSG00000241014	4	0	4
ENSG00000054118	2147	5	2142
ENSG00000254553	0	0	0
ENSG00000284653	0	0	0
ENSG00000237749	2	0	2
ENSG00000276747	3	0	3
ENSG00000284705	0	0	0
ENSG00000228776	0	0	0
ENSG00000159339	1752	1	1751
ENSG00000223814	0	0	0
ENSG00000197982	91	21	93
ENSG00000261781	0	0	0
ENSG00000183317	0	0	0
ENSG00000183386	465	0	465
ENSG00000284743	0	0	0
ENSG00000158315	1	2	0
ENSG00000204084	343	0	402
ENSG00000186973	0	0	0
ENSG00000271806	0	22	1
ENSG00000146463	476	1	533
ENSG00000279214	0	0	0
ENSG00000183520	195	1	194
ENSG00000271741	0	0	0
ENSG00000214141	0	0	0
ENSG00000142686	114	0	114
ENSG00000224751	0	0	0
ENSG00000279096	0	0	0
ENSG00000117148	0	0	0
ENSG00000230585	0	0	0
ENSG00000117000	475	0	475
ENSG00000284989	0	0	0
ENSG00000231630	0	0	0
ENSG00000092853	23	0	24
ENSG00000255811	0	0	1
ENSG00000134697	348	1	353
ENSG00000187513	6	0	6
ENSG00000238145	0	0	0
ENSG00000225142	0	0	0
ENSG00000230138	16	0	16
ENSG00000223390	0	5	0
ENSG00000285823	1	0	1
ENSG00000284720	0	0	0
ENSG00000225028	0	0	0
ENSG00000225671	0	0	0
ENSG00000116151	21	0	21
ENSG00000226147	0	0	0
ENSG00000182873	33	23	13
ENSG00000006555	102	2	100
ENSG00000236111	0	0	0
ENSG00000066056	10	0	10
ENSG00000214114	304	8	296
ENSG00000173436	57	4	57
ENSG00000116544	10	1	9
ENSG00000231900	0	0	0
ENSG00000236723	1	117	1
ENSG00000232467	0	0	0
ENSG00000117016	52	0	52
ENSG00000121310	254	0	254
ENSG00000169213	0	0	0
ENSG00000163866	330	2	343
ENSG00000225779	0	0	0
ENSG00000284601	0	0	0
ENSG00000237130	0	0	0
ENSG00000143001	0	0	0
ENSG00000229716	0	0	0
ENSG00000226133	0	0	0
ENSG00000227416	0	0	0
ENSG00000232335	0	1	0
ENSG00000260971	0	0	0
ENSG00000259832	0	0	0
ENSG00000284696	0	0	0
ENSG00000238242	0	0	0
ENSG00000285839	0	0	0
ENSG00000237290	0	0	0
ENSG00000232762	0	0	0
ENSG00000117419	132	0	132
ENSG00000162384	247	11	255
ENSG00000162391	0	22	0
ENSG00000174348	5	0	9
ENSG00000154198	0	0	0
ENSG00000117859	692	22	679
ENSG00000228121	0	0	0
ENSG00000253313	0	0	0
ENSG00000162396	46	0	46
ENSG00000203995	1	0	1
ENSG00000227742	0	0	0
ENSG00000284686	0	0	0
ENSG00000162378	539	0	539
ENSG00000233079	0	0	0
ENSG00000259818	0	0	0
ENSG00000229444	0	0	0
ENSG00000240563	2	0	2
ENSG00000234318	0	0	0
ENSG00000284773	8	0	8
ENSG00000234481	0	0	0
ENSG00000117862	42	0	42
ENSG00000235612	0	0	0
ENSG00000228369	0	0	0
ENSG00000183431	804	0	804
ENSG00000227485	0	0	0
ENSG00000224609	0	0	1
ENSG00000235545	0	0	0
ENSG00000236646	0	0	0
ENSG00000169174	0	0	0
ENSG00000232198	0	0	0
ENSG00000238063	0	0	0
ENSG00000227104	0	0	0
ENSG00000243725	2	0	2
ENSG00000171872	0	0	0
ENSG00000162407	12	0	12
ENSG00000285079	0	0	0
ENSG00000169218	0	0	0
ENSG00000163877	329	3	326
ENSG00000228929	2	0	2
ENSG00000224570	1	1	0
ENSG00000224980	0	0	0
ENSG00000278967	0	0	0
ENSG00000157184	74	11	199
ENSG00000272491	1	0	2
ENSG00000198815	912	6	906
ENSG00000134744	653	8	646
ENSG00000233910	0	0	0
ENSG00000287703	0	0	0
ENSG00000283039	0	0	0
ENSG00000229032	0	0	0
ENSG00000229294	0	0	0
ENSG00000232993	0	4	0
ENSG00000234088	0	0	0
ENSG00000236973	0	0	0
ENSG00000227947	0	0	0
ENSG00000277397	0	0	0
ENSG00000271200	1	0	1
ENSG00000235446	0	0	0
ENSG00000261196	0	0	0
ENSG00000162385	234	4	231
ENSG00000231413	0	0	0
ENSG00000234264	0	0	0
ENSG00000242391	0	0	0
ENSG00000223883	0	0	0
ENSG00000284808	0	0	0
ENSG00000242267	0	0	0
ENSG00000237227	0	0	0
ENSG00000275350	0	0	0
ENSG00000116652	2	0	5
ENSG00000123080	59	2	58
ENSG00000285778	0	0	0
ENSG00000077549	4234	6	4232
ENSG00000233407	0	0	0
ENSG00000225675	1	0	2
ENSG00000237622	0	0	0
ENSG00000162598	2	0	2
ENSG00000280317	0	0	0
ENSG00000162415	21	0	21
ENSG00000162600	159	1	158
ENSG00000116704	328	0	328
ENSG00000227644	0	0	0
ENSG00000157193	87	1	111
ENSG00000116205	276	4	272
ENSG00000198841	29	0	29
ENSG00000116212	79	0	79
ENSG00000234204	0	0	0
ENSG00000233099	2	0	2
ENSG00000233994	0	0	0
ENSG00000237180	0	0	0
ENSG00000213561	0	0	0
ENSG00000233973	0	0	0
ENSG00000237552	0	0	0
ENSG00000132854	0	0	0
ENSG00000227556	0	0	0
ENSG00000162616	65	0	65
ENSG00000162607	661	2	659
ENSG00000233602	1	0	1
ENSG00000233271	0	0	0
ENSG00000285954	13	13	0
ENSG00000233333	0	0	0
ENSG00000154027	79	0	79
ENSG00000234108	0	0	0
ENSG00000232676	0	0	0
ENSG00000225167	0	0	0
ENSG00000132122	27	0	27
ENSG00000213579	0	0	0
ENSG00000137960	0	0	0
ENSG00000237852	0	0	0
ENSG00000116745	0	0	0
ENSG00000132855	0	0	0
ENSG00000285407	0	0	0
ENSG00000272855	0	0	0
ENSG00000270549	0	0	0
ENSG00000237163	0	0	0
ENSG00000229636	0	0	0
ENSG00000116675	18	0	18
ENSG00000162433	14	0	14
ENSG00000213625	897	0	897
ENSG00000227207	0	0	0
ENSG00000227016	0	0	0
ENSG00000233664	0	0	0
ENSG00000158966	25	0	25
ENSG00000213703	0	0	0
ENSG00000203965	29	0	32
ENSG00000223479	0	0	0
ENSG00000233674	0	0	0
ENSG00000153898	89	0	89
ENSG00000117069	0	0	0
ENSG00000125703	181	0	181
ENSG00000285041	0	0	0
ENSG00000285808	0	0	0
ENSG00000229440	0	0	0
ENSG00000234144	0	0	0
ENSG00000213540	0	0	0
ENSG00000277670	0	0	0
ENSG00000227466	0	0	0
ENSG00000154007	0	0	0
ENSG00000230498	0	0	0
ENSG00000285782	1	0	1
ENSG00000162618	0	0	0
ENSG00000224493	0	0	0
ENSG00000131233	0	0	0
ENSG00000272371	0	0	0
ENSG00000287647	0	0	0
ENSG00000229225	0	0	0
ENSG00000230863	0	0	0
ENSG00000213560	0	0	0
ENSG00000287224	0	0	0
ENSG00000225598	0	0	0
ENSG00000286455	0	0	0
ENSG00000225087	0	0	0
ENSG00000224986	0	0	0
ENSG00000280378	4	0	4
ENSG00000188786	774	0	774
ENSG00000230053	0	0	0
ENSG00000137941	18	0	18
ENSG00000273338	0	0	0
ENSG00000223720	0	0	0
ENSG00000224326	0	0	0
ENSG00000286548	0	0	0
ENSG00000066135	200	1	312
ENSG00000230027	0	0	0
ENSG00000233061	0	0	0
ENSG00000272094	0	0	0
ENSG00000228853	0	0	0
ENSG00000215874	0	0	0
ENSG00000232453	2	1	1
ENSG00000260386	2	0	2
ENSG00000284895	0	0	0
ENSG00000117174	181	1	181
ENSG00000237413	0	0	0
ENSG00000184313	2	0	2
ENSG00000284645	0	0	0
ENSG00000225605	0	0	0
ENSG00000225446	0	0	0
ENSG00000288543	0	0	0
ENSG00000122420	1	0	1
ENSG00000284240	0	0	0
ENSG00000236290	0	0	0
ENSG00000143013	360	4	356
ENSG00000226084	7	0	7
ENSG00000134748	766	10	757
ENSG00000142892	316	0	316
ENSG00000219102	1	0	1
ENSG00000184005	43	0	43
ENSG00000230953	3	3	0
ENSG00000287743	0	0	0
ENSG00000229332	0	0	0
ENSG00000227937	0	0	0
ENSG00000229752	0	0	0
ENSG00000237505	2	0	2
ENSG00000285462	0	0	0
ENSG00000233216	0	0	0
ENSG00000197273	0	0	0
ENSG00000226804	0	0	0
ENSG00000285325	0	0	0
ENSG00000230728	0	0	0
ENSG00000162402	1577	4	1573
ENSG00000232846	0	0	0
ENSG00000219201	0	0	0
ENSG00000230787	0	0	0
ENSG00000116641	77	4	73
ENSG00000235927	1	0	3
ENSG00000223920	0	0	0
ENSG00000237453	0	0	0
ENSG00000172260	25	1	24
ENSG00000285473	0	0	0
ENSG00000237959	0	0	0
ENSG00000231364	0	0	0
ENSG00000234578	0	0	0
ENSG00000117480	151	0	151
ENSG00000137944	251	0	251
ENSG00000229505	0	0	0
ENSG00000228187	0	0	0
ENSG00000285201	0	0	0
ENSG00000182183	69	1	68
ENSG00000236407	0	0	0
ENSG00000271949	0	0	0
ENSG00000227062	0	0	0
ENSG00000067334	536	2	534
ENSG00000235011	0	0	0
ENSG00000235673	0	0	0
ENSG00000226938	0	0	0
ENSG00000213559	0	0	0
ENSG00000287587	0	0	0
ENSG00000142949	34	0	34
ENSG00000116133	78	1	84
ENSG00000232882	0	0	0
ENSG00000171502	5	0	5
ENSG00000162399	1	0	1
ENSG00000116157	123	0	123
ENSG00000143036	4	0	4
ENSG00000232672	0	0	0
ENSG00000230817	0	0	0
ENSG00000235613	0	0	0
ENSG00000065243	1253	4	1249
ENSG00000226759	1	1	0
ENSG00000226960	0	0	0
ENSG00000234080	0	0	0
ENSG00000237899	1	0	1
ENSG00000225492	7	0	8
ENSG00000223905	0	0	0
ENSG00000227290	0	0	0
ENSG00000229486	0	0	0
ENSG00000282898	0	0	0
ENSG00000285409	0	0	0
ENSG00000231090	1	0	1
ENSG00000117528	305	0	305
ENSG00000271723	0	0	0
ENSG00000172339	17	0	17
ENSG00000036549	409	0	409
ENSG00000287724	0	5	0
ENSG00000058799	406	1	405
ENSG00000225191	0	0	0
ENSG00000287870	0	0	0
ENSG00000235563	0	0	0
ENSG00000232048	0	0	0
ENSG00000232857	0	0	0
ENSG00000273637	0	0	0
ENSG00000203985	0	0	0
ENSG00000228838	0	5	0
ENSG00000283761	0	0	0
ENSG00000189433	1	2	0
ENSG00000230759	0	0	0
ENSG00000231866	0	0	0
ENSG00000179178	0	0	0
ENSG00000142700	0	0	0
ENSG00000285525	0	0	0
ENSG00000236098	0	0	0
ENSG00000233514	0	0	0
ENSG00000127124	227	0	227
ENSG00000266993	11	37	2
ENSG00000223675	0	0	0
ENSG00000162604	196	0	196
ENSG00000229316	0	0	0
ENSG00000116171	740	0	740
ENSG00000287406	0	0	0
ENSG00000225767	1	1	0
ENSG00000234099	0	0	0
ENSG00000137936	15	2	16
ENSG00000235308	1	1	0
ENSG00000232752	0	0	0
ENSG00000235829	0	0	0
ENSG00000143032	0	0	0
ENSG00000226745	0	0	0
ENSG00000178028	391	1	390
ENSG00000280040	0	0	0
ENSG00000168710	991	4	987
ENSG00000117519	14	0	14
ENSG00000270507	0	0	0
ENSG00000238037	0	0	0
ENSG00000215869	0	0	0
ENSG00000134215	640	1	639
ENSG00000227935	0	0	0
ENSG00000229887	0	0	0
ENSG00000228502	3	0	3
ENSG00000236268	1	0	1
ENSG00000271277	0	0	0
ENSG00000236888	0	0	0
ENSG00000279778	0	0	0
ENSG00000232015	0	0	0
ENSG00000230955	0	59	0
ENSG00000230828	0	0	0
ENSG00000188641	1491	1	1606
ENSG00000152078	14	0	14
ENSG00000237279	0	0	0
ENSG00000233359	0	0	0
ENSG00000237954	0	0	0
ENSG00000185668	0	0	0
ENSG00000171492	575	0	575
ENSG00000233129	0	0	0
ENSG00000170989	1743	5	1738
ENSG00000258634	65	0	116
ENSG00000233557	0	0	0
ENSG00000237897	0	0	0
ENSG00000116299	1694	5	1690
ENSG00000137962	1	0	1
ENSG00000227832	0	0	0
ENSG00000286692	0	0	0
ENSG00000260464	5	0	5
ENSG00000237435	0	0	0
ENSG00000231996	0	0	0
ENSG00000273204	1	2	0
ENSG00000079739	333	4	361
ENSG00000117154	0	0	0
ENSG00000162377	89	1	88
ENSG00000224613	0	0	0
ENSG00000215871	0	0	0
ENSG00000287372	0	0	0
ENSG00000232542	0	0	0
ENSG00000231095	0	0	0
ENSG00000116774	4	0	4
ENSG00000287756	0	0	0
ENSG00000269113	0	0	0
ENSG00000284652	0	0	0
ENSG00000023909	199	1	198
ENSG00000069702	551	0	551
ENSG00000232185	0	0	0
ENSG00000230489	1	0	1
ENSG00000228399	0	0	0
ENSG00000236776	0	0	0
ENSG00000285928	1	1	0
ENSG00000224685	0	0	0
ENSG00000287076	0	0	0
ENSG00000237480	0	0	0
ENSG00000271252	0	0	0
ENSG00000230427	0	0	0
ENSG00000235794	0	0	0
ENSG00000286758	0	0	0
ENSG00000237337	0	0	0
ENSG00000233983	0	0	0
ENSG00000198198	757	48	889
ENSG00000225183	0	0	0
ENSG00000230402	0	0	0
ENSG00000116793	183	1	182
ENSG00000134201	1	0	1
ENSG00000238122	0	0	0
ENSG00000260879	0	17	0
ENSG00000213366	289	2	287
ENSG00000230864	0	0	0
ENSG00000283354	0	0	0
ENSG00000232918	0	0	0
ENSG00000236360	0	0	0
ENSG00000183298	0	0	1
ENSG00000234332	8	0	8
ENSG00000117525	1	0	1
ENSG00000225079	6	0	6
ENSG00000226483	0	0	0
ENSG00000224238	0	0	0
ENSG00000229537	0	0	0
ENSG00000162699	0	0	0
ENSG00000162692	4	0	4
ENSG00000203914	0	0	0
ENSG00000270457	0	0	0
ENSG00000203858	0	0	0
ENSG00000231987	0	0	0
ENSG00000228057	1	0	1
ENSG00000261593	0	0	0
ENSG00000224445	0	0	0
ENSG00000229842	0	0	0
ENSG00000270631	0	0	0
ENSG00000229201	0	0	0
ENSG00000181656	7	6	1
ENSG00000122481	26	0	26
ENSG00000198162	617	0	617
ENSG00000238198	4	1	3
ENSG00000171517	5	1	4
ENSG00000228852	3	3	0
ENSG00000203864	0	0	0
ENSG00000233482	0	0	0
ENSG00000230250	0	0	0
ENSG00000232878	0	116	0
ENSG00000143079	49	0	49
ENSG00000232450	2	0	2
ENSG00000223575	0	0	0
ENSG00000230768	0	0	0
ENSG00000235202	0	0	0
ENSG00000272715	0	0	0
ENSG00000235038	0	0	0
ENSG00000143093	578	0	578
ENSG00000226415	4	0	4
ENSG00000085491	446	2	463
ENSG00000173947	1	0	1
ENSG00000241361	1	0	1
ENSG00000230434	0	0	0
ENSG00000230718	1	1	0
ENSG00000134198	363	1	362
ENSG00000235595	0	0	0
ENSG00000226053	0	0	0
ENSG00000226128	0	0	0
ENSG00000198799	288	0	322
ENSG00000279513	0	0	0
ENSG00000117620	178	1	177
ENSG00000280186	0	0	0
ENSG00000223906	0	0	0
ENSG00000162688	271	0	271
ENSG00000197106	0	0	0
ENSG00000259946	0	0	0
ENSG00000236137	6	120	7
ENSG00000203859	0	0	0
ENSG00000228086	0	55	0
ENSG00000213421	0	0	0
ENSG00000234020	0	0	0
ENSG00000060718	0	0	0
ENSG00000236804	0	0	0
ENSG00000231072	0	0	0
ENSG00000273406	0	0	0
ENSG00000185946	368	1	367
ENSG00000162627	18	0	18
ENSG00000226715	0	1	0
ENSG00000162695	464	1	463
ENSG00000134184	71	0	120
ENSG00000265808	775	0	775
ENSG00000261290	0	0	0
ENSG00000225923	0	0	0
ENSG00000134247	24	0	24
ENSG00000187481	0	0	0
ENSG00000116752	241	0	241
ENSG00000162664	195	1	194
ENSG00000236866	0	0	0
ENSG00000134253	4	2	2
ENSG00000277655	0	0	0
ENSG00000223416	0	0	0
ENSG00000213226	0	0	0
ENSG00000179571	0	0	0
ENSG00000227850	0	0	0
ENSG00000243967	0	0	0
ENSG00000235777	1	1	0
ENSG00000260246	0	49	0
ENSG00000173218	81	0	81
ENSG00000285532	0	0	0
ENSG00000226755	0	0	0
ENSG00000232650	0	0	0
ENSG00000183508	942	1	941
ENSG00000277095	0	0	0
ENSG00000236806	0	0	0
ENSG00000234283	0	0	0
ENSG00000237188	0	0	0
ENSG00000232780	0	0	0
ENSG00000274927	0	0	0
ENSG00000264145	0	0	0
ENSG00000238256	0	0	0
ENSG00000198765	0	0	0
ENSG00000224335	0	0	0
ENSG00000277702	0	0	0
ENSG00000143398	504	1	503
ENSG00000196505	354	0	354
ENSG00000225871	12	35	0
ENSG00000223489	0	0	0
ENSG00000230546	0	0	0
ENSG00000213262	0	0	0
ENSG00000287015	0	0	0
ENSG00000241720	0	7	0
ENSG00000235526	0	0	0
ENSG00000228347	0	0	0
ENSG00000276975	2	1	1
ENSG00000236012	0	0	0
ENSG00000270911	0	0	0
ENSG00000272824	0	0	0
ENSG00000134200	1	1	0
ENSG00000234257	0	0	0
ENSG00000065183	331	2	359
ENSG00000227082	0	0	0
ENSG00000228626	0	0	0
ENSG00000226126	0	0	0
ENSG00000163393	316	0	316
ENSG00000163156	371	7	368
ENSG00000143631	1	1	0
ENSG00000156150	0	51	0
ENSG00000228453	0	0	0
ENSG00000274642	0	0	0
ENSG00000177551	0	0	0
ENSG00000197323	1078	0	1078
ENSG00000237975	1	0	1
ENSG00000261168	2	0	2
ENSG00000287980	0	0	0
ENSG00000229283	0	0	0
ENSG00000271419	0	0	0
ENSG00000226172	0	0	0
ENSG00000079335	453	2	506
ENSG00000143119	7567	5	7562
ENSG00000237278	0	34	0
ENSG00000285062	0	0	0
ENSG00000233432	0	0	0
ENSG00000227700	0	0	0
ENSG00000229911	0	0	0
ENSG00000143520	0	0	0
ENSG00000171943	68	2	67
ENSG00000270719	0	0	0
ENSG00000155761	1	31	0
ENSG00000230806	0	0	0
ENSG00000116830	146	0	146
ENSG00000234422	0	0	0
ENSG00000227056	0	0	0
ENSG00000143614	1045	3	1042
ENSG00000227091	0	0	0
ENSG00000169418	0	0	0
ENSG00000214204	0	0	0
ENSG00000081026	30	3	27
ENSG00000225650	0	0	0
ENSG00000227179	0	0	0
ENSG00000224965	1	0	1
ENSG00000228127	2	0	2
ENSG00000226984	1	1	0
ENSG00000186150	0	0	0
ENSG00000143554	564	1	563
ENSG00000143458	315	2	313
ENSG00000230932	0	0	0
ENSG00000073754	1	0	1
ENSG00000228826	1	0	1
ENSG00000233907	0	0	0
ENSG00000225036	0	0	0
ENSG00000228420	0	0	0
ENSG00000233839	0	0	0
ENSG00000250890	0	0	0
ENSG00000232240	0	0	0
ENSG00000280649	10	9	12
ENSG00000131781	107	25	96
ENSG00000223599	0	0	0
ENSG00000230921	0	0	0
ENSG00000286151	3	0	3
ENSG00000234388	0	0	0
ENSG00000235015	0	0	0
ENSG00000271736	58	0	58
ENSG00000235988	0	0	0
ENSG00000233717	0	0	0
ENSG00000231551	36	15	21
ENSG00000227295	1	0	1
ENSG00000163155	56	34	28
ENSG00000243613	0	49	0
ENSG00000241975	13	0	13
ENSG00000271143	0	0	0
ENSG00000270976	0	0	0
ENSG00000228217	0	0	0
ENSG00000270342	0	0	0
ENSG00000143552	3	1	2
ENSG00000175984	16	0	16
ENSG00000231100	0	0	0
ENSG00000116824	1118	5	1113
ENSG00000235887	0	0	0
ENSG00000237460	0	0	0
ENSG00000236327	0	0	0
ENSG00000223804	25	1	24
ENSG00000236887	0	0	0
ENSG00000024526	3	0	4
ENSG00000236480	0	0	0
ENSG00000235756	0	0	0
ENSG00000173810	0	0	0
ENSG00000235005	0	0	0
ENSG00000271890	0	0	0
ENSG00000238107	0	0	0
ENSG00000227425	0	0	0
ENSG00000233222	0	11	0
ENSG00000225279	0	0	0
ENSG00000229101	0	0	0
ENSG00000224927	0	0	0
ENSG00000239216	0	0	0
ENSG00000283360	3	3	0
ENSG00000117262	42	0	42
ENSG00000227907	0	0	0
ENSG00000143624	980	2	1090
ENSG00000227970	0	0	0
ENSG00000261055	4	0	4
ENSG00000231613	0	0	0
ENSG00000137947	517	2	515
ENSG00000236689	0	0	0
ENSG00000233589	0	1	0
ENSG00000117586	124	0	124
ENSG00000230946	0	0	0
ENSG00000226028	0	0	0
ENSG00000162728	0	0	0
ENSG00000229021	0	0	0
ENSG00000203825	1	0	1
ENSG00000184371	305	1	304
ENSG00000233449	0	0	0
ENSG00000242943	0	0	0
ENSG00000233203	0	0	0
ENSG00000232499	0	0	0
ENSG00000232265	4	0	4
ENSG00000163154	792	2	794
ENSG00000232995	7	0	7
ENSG00000236957	0	0	0
ENSG00000238087	0	0	0
ENSG00000227777	0	0	0
ENSG00000177173	5	0	5
ENSG00000277406	31	0	31
ENSG00000238022	0	0	0
ENSG00000231671	0	0	0
ENSG00000162729	274	0	274
ENSG00000143158	171	34	223
ENSG00000271092	5	1	4
ENSG00000238118	0	0	0
ENSG00000276118	0	0	0
ENSG00000232148	0	0	0
ENSG00000278811	4	21	0
ENSG00000000460	33	91	43
ENSG00000188859	0	0	0
ENSG00000275075	0	0	0
ENSG00000135862	92	0	92
ENSG00000232952	0	0	0
ENSG00000158473	527	0	527
ENSG00000227722	0	0	0
ENSG00000285922	0	0	0
ENSG00000275801	0	0	0
ENSG00000143198	146	1	145
ENSG00000143318	1	1	0
ENSG00000232188	0	0	0
ENSG00000232212	0	0	0
ENSG00000143621	903	10	894
ENSG00000241042	0	0	0
ENSG00000143155	442	1	441
ENSG00000260322	0	0	0
ENSG00000223495	0	0	0
ENSG00000143156	40	5	53
ENSG00000198771	3863	17	3928
ENSG00000225462	0	0	0
ENSG00000237756	0	0	0
ENSG00000116147	2	0	2
ENSG00000213064	1061	3	1184
ENSG00000203307	0	0	0
ENSG00000143179	95	2	114
ENSG00000271187	0	0	0
ENSG00000274562	0	0	0
ENSG00000143315	150	0	150
ENSG00000116199	419	3	416
ENSG00000231175	0	0	0
ENSG00000143185	50	1	49
ENSG00000235145	0	0	0
ENSG00000116260	887	0	887
ENSG00000272931	7	0	7
ENSG00000143190	385	0	434
ENSG00000225475	0	0	0
ENSG00000230898	0	0	0
ENSG00000232223	0	0	0
ENSG00000224698	0	0	0
ENSG00000287697	1	4	3
ENSG00000075945	179	0	198
ENSG00000235303	0	0	0
ENSG00000234810	14	0	14
ENSG00000232750	0	0	0
ENSG00000224468	0	0	0
ENSG00000235628	0	0	0
ENSG00000232551	0	0	0
ENSG00000092607	0	0	0
ENSG00000238270	0	0	0
ENSG00000285894	0	0	0
ENSG00000236025	0	0	0
ENSG00000230687	0	0	0
ENSG00000230704	0	0	0
ENSG00000283255	0	0	0
ENSG00000227741	5	34	4
ENSG00000237049	0	0	0
ENSG00000286754	0	0	0
ENSG00000232751	0	0	0
ENSG00000236364	0	21	0
ENSG00000117091	1008	5	2684
ENSG00000235378	0	0	0
ENSG00000143171	0	0	0
ENSG00000275767	0	0	0
ENSG00000224718	0	0	0
ENSG00000047410	2626	17	2764
ENSG00000231992	0	0	0
ENSG00000018625	0	0	0
ENSG00000171806	113	1	117
ENSG00000287919	0	0	0
ENSG00000229914	1	0	1
ENSG00000233882	0	0	0
ENSG00000198358	0	0	0
ENSG00000229407	0	0	0
ENSG00000134216	0	0	0
ENSG00000230748	0	0	0
ENSG00000254154	0	0	0
ENSG00000162694	52	0	53
ENSG00000238108	0	0	0
ENSG00000214262	0	125	1
ENSG00000183853	0	0	0
ENSG00000215835	2	0	2
ENSG00000118197	281	1	280
ENSG00000135842	7174	12	7162
ENSG00000229258	0	0	0
ENSG00000287472	0	0	0
ENSG00000241318	0	0	0
ENSG00000228238	0	0	0
ENSG00000232393	0	0	0
ENSG00000121454	10	35	0
ENSG00000184155	0	0	0
ENSG00000058085	0	0	0
ENSG00000260088	0	0	0
ENSG00000287978	28	0	28
ENSG00000116815	319	0	319
ENSG00000232917	0	0	0
ENSG00000233057	0	0	0
ENSG00000237131	0	0	0
ENSG00000233946	0	0	0
ENSG00000143167	134	0	134
ENSG00000143184	38	0	38
ENSG00000231966	1	0	1
ENSG00000176320	0	0	0
ENSG00000260976	0	0	0
ENSG00000235215	0	0	0
ENSG00000223450	0	0	0
ENSG00000224691	0	0	0
ENSG00000286572	0	0	0
ENSG00000235101	1	0	1
ENSG00000228215	6	0	6
ENSG00000177807	1	1	0
ENSG00000233626	0	0	0
ENSG00000233691	0	0	0
ENSG00000283518	0	0	0
ENSG00000271527	0	0	0
ENSG00000143228	18	1	17
ENSG00000235827	0	0	0
ENSG00000231615	0	0	0
ENSG00000231714	0	0	0
ENSG00000174514	9	6	11
ENSG00000143178	49	0	49
ENSG00000224837	0	0	0
ENSG00000116833	1	0	1
ENSG00000227740	4	0	4
ENSG00000260990	0	0	0
ENSG00000000457	231	20	307
ENSG00000143507	78	0	78
ENSG00000285638	0	0	0
ENSG00000226520	0	0	0
ENSG00000284592	0	0	0
ENSG00000230987	0	0	0
ENSG00000232527	0	0	0
ENSG00000215833	0	0	0
ENSG00000228167	0	0	0
ENSG00000225325	0	0	0
ENSG00000223344	0	0	0
ENSG00000228191	0	0	0
ENSG00000229961	30	0	30
ENSG00000150732	0	0	0
ENSG00000157064	1	0	1
ENSG00000288139	0	0	0
ENSG00000226015	15	2	13
ENSG00000215808	0	0	0
ENSG00000059588	337	0	337
ENSG00000231512	0	0	0
ENSG00000237379	0	0	0
ENSG00000232959	0	19	0
ENSG00000122224	599	9	590
ENSG00000162782	0	0	0
ENSG00000238051	0	0	0
ENSG00000233196	4	4	0
ENSG00000229220	0	0	0
ENSG00000143653	162	0	162
ENSG00000135837	1246	5	1241
ENSG00000158711	1209	7	1211
ENSG00000227747	0	0	0
ENSG00000228081	0	0	0
ENSG00000228020	0	0	0
ENSG00000234975	3	0	3
ENSG00000162851	91	1	90
ENSG00000271427	0	0	0
ENSG00000261817	0	0	0
ENSG00000143353	155	1	161
ENSG00000197965	646	3	643
ENSG00000143493	171	0	171
ENSG00000230777	3	3	0
ENSG00000179397	3	0	3
ENSG00000224540	0	0	0
ENSG00000117592	3349	3	3346
ENSG00000186197	4	0	4
ENSG00000229067	0	0	0
ENSG00000230231	0	1	0
ENSG00000227711	0	0	0
ENSG00000261182	0	0	0
ENSG00000228879	0	0	0
ENSG00000227925	1	0	1
ENSG00000162670	0	0	0
ENSG00000225712	0	0	0
ENSG00000162761	0	0	0
ENSG00000143199	5	4	1
ENSG00000179930	1	0	1
ENSG00000007908	0	0	0
ENSG00000092978	117	1	116
ENSG00000143499	239	0	239
ENSG00000188404	24975	45	24930
ENSG00000227735	0	0	0
ENSG00000243062	0	0	0
ENSG00000143196	0	0	0
ENSG00000228504	0	0	0
ENSG00000274702	0	0	0
ENSG00000226211	0	0	0
ENSG00000236942	0	0	1
ENSG00000287205	0	0	0
ENSG00000203697	2	0	2
ENSG00000116574	265	3	262
ENSG00000287929	0	0	0
ENSG00000186283	403	3	400
ENSG00000224896	0	0	0
ENSG00000226292	0	0	0
ENSG00000121481	304	1	303
ENSG00000227940	0	0	0
ENSG00000117139	669	3	666
ENSG00000143248	5	0	5
ENSG00000278455	0	0	0
ENSG00000224810	0	0	0
ENSG00000162814	0	0	0
ENSG00000225172	0	0	0
ENSG00000261642	0	0	0
ENSG00000228239	0	0	0
ENSG00000237283	0	0	0
ENSG00000116132	0	0	0
ENSG00000238042	2	1	1
ENSG00000271475	0	0	0
ENSG00000231877	0	0	0
ENSG00000116679	2968	7	2961
ENSG00000228536	0	0	0
ENSG00000230550	0	3	0
ENSG00000229242	0	0	0
ENSG00000253326	0	0	0
ENSG00000228470	0	0	0
ENSG00000152092	0	0	0
ENSG00000234984	0	0	0
ENSG00000231648	0	0	0
ENSG00000229983	0	0	0
ENSG00000215149	0	0	0
ENSG00000225122	0	0	0
ENSG00000225920	5	5	0
ENSG00000143476	8	0	8
ENSG00000121486	371	0	371
ENSG00000228437	0	0	0
ENSG00000214837	10	0	10
ENSG00000057252	919	2	917
ENSG00000225982	0	0	0
ENSG00000285718	0	0	0
ENSG00000234070	0	0	0
ENSG00000233620	0	0	0
ENSG00000237783	0	0	0
ENSG00000272906	3	3	11
ENSG00000233018	0	0	0
ENSG00000123685	28	0	28
ENSG00000224783	0	0	0
ENSG00000162852	749	0	749
ENSG00000232792	0	0	0
ENSG00000273004	2	0	2
ENSG00000143842	77	0	77
ENSG00000268062	5	5	0
ENSG00000237409	0	0	0
ENSG00000116962	179	0	179
ENSG00000288078	0	0	0
ENSG00000271399	0	0	0
ENSG00000229757	0	0	0
ENSG00000232679	0	0	0
ENSG00000159388	3095	10	3085
ENSG00000220749	17	0	17
ENSG00000181450	73	0	73
ENSG00000223519	5	3	35
ENSG00000120333	182	5	192
ENSG00000286285	17	0	17
ENSG00000225300	0	0	0
ENSG00000223842	4	4	0
ENSG00000162753	0	0	0
ENSG00000228247	0	0	0
ENSG00000231424	0	0	0
ENSG00000143355	0	0	0
ENSG00000287177	0	0	0
ENSG00000237193	0	0	0
ENSG00000223490	0	0	0
ENSG00000121644	335	0	335
ENSG00000174502	0	0	0
ENSG00000224286	0	0	0
ENSG00000158715	199	1	198
ENSG00000143195	4	0	4
ENSG00000162849	5	1	4
ENSG00000232824	0	0	0
ENSG00000273416	0	0	0
ENSG00000234142	1	0	2
ENSG00000282111	1	0	1
ENSG00000233410	0	0	0
ENSG00000067533	135	1	134
ENSG00000228955	0	0	0
ENSG00000270443	0	0	0
ENSG00000116209	2049	5	2044
ENSG00000224702	0	0	0
ENSG00000271811	0	0	0
ENSG00000224278	0	0	0
ENSG00000235492	0	0	0
ENSG00000287808	1	59	1
ENSG00000271588	0	0	0
ENSG00000229840	0	0	0
ENSG00000116161	486	27	480
ENSG00000226486	0	0	0
ENSG00000227687	0	0	0
ENSG00000231814	0	0	0
ENSG00000286210	0	0	0
ENSG00000287364	0	0	0
ENSG00000225063	0	0	0
ENSG00000260698	4	0	4
ENSG00000277007	3	0	3
ENSG00000229016	0	0	0
ENSG00000077157	1003	0	1025
ENSG00000152104	5	2	3
ENSG00000236975	0	0	0
ENSG00000215834	0	0	0
ENSG00000286541	0	0	0
ENSG00000117650	7	0	7
ENSG00000235021	0	0	0
ENSG00000203724	2	0	2
ENSG00000225006	0	0	0
ENSG00000287633	0	0	0
ENSG00000158764	1	0	1
ENSG00000223375	0	0	0
ENSG00000230714	0	0	0
ENSG00000261065	0	1	0
ENSG00000260855	8	2	6
ENSG00000188783	0	0	0
ENSG00000236206	0	0	0
ENSG00000168118	377	2	375
ENSG00000181101	0	0	0
ENSG00000173726	928	1	927
ENSG00000282852	0	0	0
ENSG00000152382	148	8	140
ENSG00000143839	0	0	0
ENSG00000232100	0	0	0
ENSG00000261024	0	0	0
ENSG00000230547	0	0	0
ENSG00000229703	0	0	0
ENSG00000176754	0	0	0
ENSG00000232309	0	0	0
ENSG00000227953	3	32	4
ENSG00000232215	0	0	0
ENSG00000135829	2225	9	2275
ENSG00000228289	0	0	0
ENSG00000134717	431	2	429
ENSG00000232989	0	0	0
ENSG00000233537	0	0	0
ENSG00000116668	101	9	93
ENSG00000143756	454	0	454
ENSG00000278180	0	0	0
ENSG00000143702	466	1	541
ENSG00000232341	0	0	0
ENSG00000287676	0	0	0
ENSG00000236792	0	0	0
ENSG00000143207	1280	3	1277
ENSG00000270859	0	0	0
ENSG00000238224	0	0	0
ENSG00000286775	0	0	0
ENSG00000122176	0	0	0
ENSG00000229120	0	0	0
ENSG00000237492	0	0	0
ENSG00000230404	0	0	0
ENSG00000213036	0	0	0
ENSG00000227230	1	38	0
ENSG00000236230	0	0	0
ENSG00000026751	638	0	638
ENSG00000150681	2787	6	3379
ENSG00000116906	459	0	459
ENSG00000092969	4	0	4
ENSG00000157181	200	0	200
ENSG00000250762	1	1	0
ENSG00000236720	0	0	0
ENSG00000227421	1	0	1
ENSG00000227240	0	0	0
ENSG00000076258	20	0	20
ENSG00000286073	0	0	0
ENSG00000231084	2	2	0
ENSG00000232085	0	38	1
ENSG00000117697	373	0	374
ENSG00000279333	0	0	2
ENSG00000235083	0	0	0
ENSG00000162669	0	0	0
ENSG00000197067	0	0	0
ENSG00000229652	0	0	0
ENSG00000132681	0	0	0
ENSG00000225904	0	0	0
ENSG00000270920	0	0	0
ENSG00000281664	0	0	0
ENSG00000143641	454	6	646
ENSG00000227630	2	0	2
ENSG00000228830	0	630	1
ENSG00000010932	2	0	2
ENSG00000282849	0	0	0
ENSG00000276520	0	0	0
ENSG00000226640	0	0	0
ENSG00000010072	142	35	139
ENSG00000135766	127	3	124
ENSG00000232626	0	0	0
ENSG00000232096	0	0	0
ENSG00000279261	0	0	0
ENSG00000213051	0	0	0
ENSG00000238054	0	0	0
ENSG00000163534	361	2	359
ENSG00000168243	0	0	0
ENSG00000281453	0	0	0
ENSG00000237469	0	0	0
ENSG00000224939	1	0	1
ENSG00000227613	0	0	0
ENSG00000116183	0	0	0
ENSG00000270106	1	0	1
ENSG00000232194	0	0	0
ENSG00000235152	0	0	0
ENSG00000231612	0	0	0
ENSG00000237980	2	0	2
ENSG00000271036	0	0	0
ENSG00000230849	0	0	0
ENSG00000170382	83	85	2
ENSG00000228664	0	0	0
ENSG00000226868	0	0	0
ENSG00000279401	0	0	0
ENSG00000272362	0	0	0
ENSG00000287450	0	0	0
ENSG00000237011	0	0	0
ENSG00000233583	0	1	0
ENSG00000066027	1659	4	1655
ENSG00000286263	1	0	1
ENSG00000227006	0	0	0
ENSG00000236372	0	0	0
ENSG00000224525	0	0	0
ENSG00000188770	0	0	0
ENSG00000173728	2	2	0
ENSG00000094975	407	0	407
ENSG00000225811	0	0	0
ENSG00000273093	1	0	1
ENSG00000162772	16	0	16
ENSG00000227818	0	0	0
ENSG00000135828	871	1	870
ENSG00000224227	0	0	0
ENSG00000286398	0	0	0
ENSG00000076356	101	0	101
ENSG00000215819	0	0	0
ENSG00000185523	0	0	0
ENSG00000236108	0	0	0
ENSG00000116711	114	2	112
ENSG00000231684	1	0	1
ENSG00000226750	0	0	0
ENSG00000285665	0	0	0
ENSG00000231022	0	0	0
ENSG00000224436	0	0	0
ENSG00000228208	0	0	0
ENSG00000273384	1	0	1
ENSG00000238061	1	0	1
ENSG00000234915	0	0	0
ENSG00000143845	6	0	10
ENSG00000235862	0	0	0
ENSG00000069812	0	0	0
ENSG00000227585	0	0	0
ENSG00000157060	0	0	0
ENSG00000237213	0	0	0
ENSG00000236439	11	0	11
ENSG00000224260	0	0	0
ENSG00000213045	0	1	0
ENSG00000287220	0	0	0
ENSG00000230063	0	0	0
ENSG00000235467	0	0	0
ENSG00000123684	2993	10	2983
ENSG00000117707	1	0	1
ENSG00000228044	0	0	0
ENSG00000225338	0	0	0
ENSG00000224407	0	197	1
ENSG00000232463	0	0	0
ENSG00000237457	0	0	0
ENSG00000225171	2	0	2
ENSG00000226843	0	0	0
ENSG00000235386	0	0	0
ENSG00000123836	260	60	259
ENSG00000213690	0	0	0
ENSG00000223982	0	0	0
ENSG00000229832	0	0	0
ENSG00000117691	128	1	127
ENSG00000225233	0	0	0
ENSG00000274895	0	0	0
ENSG00000237514	0	0	0
ENSG00000287856	0	0	0
ENSG00000228067	0	0	0
ENSG00000284299	0	0	0
ENSG00000226375	0	0	0
ENSG00000203705	162	1	161
ENSG00000224040	0	0	0
ENSG00000228686	21	21	0
ENSG00000279838	10	0	10
ENSG00000174175	120	0	120
ENSG00000236401	0	0	0
ENSG00000241475	0	0	0
ENSG00000215800	0	0	0
ENSG00000286421	0	0	0
ENSG00000270936	0	0	0
ENSG00000008118	0	0	0
ENSG00000171161	444	0	444
ENSG00000241505	0	0	0
ENSG00000224535	0	0	0
ENSG00000282097	0	0	0
ENSG00000261453	0	0	0
ENSG00000231020	0	0	0
ENSG00000270818	0	0	0
ENSG00000196878	8	0	8
ENSG00000133059	394	0	394
ENSG00000225561	2	0	2
ENSG00000224668	0	0	0
ENSG00000242529	0	0	0
ENSG00000074964	317	0	317
ENSG00000223847	0	0	0
ENSG00000277704	0	0	0
ENSG00000116918	456	9	455
ENSG00000274020	67	0	96
ENSG00000287445	4	0	4
ENSG00000259815	0	0	0
ENSG00000240963	0	0	0
ENSG00000226570	0	0	0
ENSG00000198929	0	0	0
ENSG00000272167	0	0	0
ENSG00000230628	0	0	0
ENSG00000162771	0	0	0
ENSG00000227579	0	0	0
ENSG00000176393	526	0	812
ENSG00000174606	370	2	368
ENSG00000179914	47	1	46
ENSG00000235750	2633	6	2627
ENSG00000284376	0	0	0
ENSG00000121446	1	1	0
ENSG00000226758	0	0	0
ENSG00000230199	0	0	0
ENSG00000236905	1	1	1
ENSG00000233304	0	0	0
ENSG00000288007	0	0	0
ENSG00000227887	0	0	0
ENSG00000116903	496	1	526
ENSG00000228255	0	0	0
ENSG00000226196	0	0	0
ENSG00000287354	0	0	0
ENSG00000233827	0	0	0
ENSG00000198797	0	0	0
ENSG00000271746	0	0	0
ENSG00000234233	0	0	0
ENSG00000151414	1738	1	1737
ENSG00000177614	3	0	3
ENSG00000223794	0	0	0
ENSG00000235182	0	0	0
ENSG00000213041	0	0	0
ENSG00000287157	0	0	0
ENSG00000233920	0	0	0
ENSG00000183831	0	0	0
ENSG00000225755	0	0	0
ENSG00000143858	37	60	0
ENSG00000197472	1	0	1
ENSG00000230184	0	0	0
ENSG00000234004	0	0	0
ENSG00000232436	0	0	0
ENSG00000231718	0	0	0
ENSG00000283952	0	0	0
ENSG00000230019	0	0	0
ENSG00000136643	233	4	229
ENSG00000232537	0	0	0
ENSG00000226036	0	0	0
ENSG00000285521	0	0	0
ENSG00000236317	0	0	0
ENSG00000176855	0	0	0
ENSG00000227728	0	0	0
ENSG00000133069	377	2	375
ENSG00000162877	4	0	4
ENSG00000233461	29	0	29
ENSG00000225401	1	0	1
ENSG00000228190	0	0	0
ENSG00000135747	1	0	1
ENSG00000227237	0	0	0
ENSG00000069248	457	1	456
ENSG00000232812	0	0	0
ENSG00000231666	0	0	0
ENSG00000226986	1	0	1
ENSG00000242042	0	0	0
ENSG00000234464	0	0	0
ENSG00000253148	0	0	0
ENSG00000227751	0	233	0
ENSG00000090104	36	0	36
ENSG00000285280	20	598	21
ENSG00000232892	0	0	0
ENSG00000236950	0	0	0
ENSG00000236468	0	0	0
ENSG00000143322	244	0	244
ENSG00000185220	124	0	124
ENSG00000226003	0	0	0
ENSG00000230813	1	0	1
ENSG00000226862	4	0	5
ENSG00000236101	0	0	0
ENSG00000162769	126	1	125
ENSG00000133065	216	0	216
ENSG00000278684	0	0	0
ENSG00000236775	0	0	0
ENSG00000042781	0	0	0
ENSG00000234754	0	0	0
ENSG00000233084	7	0	7
ENSG00000227815	1	0	1
ENSG00000287046	0	0	0
ENSG00000223774	0	0	2
ENSG00000228863	5	1684	2
ENSG00000228646	0	0	0
ENSG00000229112	0	0	0
ENSG00000233332	0	0	0
ENSG00000231984	0	0	0
ENSG00000286213	0	0	0
ENSG00000226876	1	1	0
ENSG00000277462	31	0	31
ENSG00000225591	0	0	0
ENSG00000035687	488	0	488
ENSG00000213080	1	0	1
ENSG00000180287	0	0	0
ENSG00000226693	0	0	0
ENSG00000234678	29	316	0
ENSG00000231272	0	0	0
ENSG00000223828	0	0	0
ENSG00000163431	14	4	12
ENSG00000230124	150	0	175
ENSG00000226723	0	0	0
ENSG00000272672	0	0	0
ENSG00000143473	0	2	0
ENSG00000228982	0	0	0
ENSG00000235096	0	0	0
ENSG00000237250	0	0	0
ENSG00000007341	49	23	60
ENSG00000286747	0	0	0
ENSG00000236069	0	1	0
ENSG00000236244	0	0	0
ENSG00000272865	0	0	0
ENSG00000117222	485	0	485
ENSG00000143324	339	0	339
ENSG00000229871	0	0	0
ENSG00000225222	0	0	0
ENSG00000118193	8	0	8
ENSG00000234116	0	0	0
ENSG00000231940	1	0	1
ENSG00000198842	0	0	0
ENSG00000286619	16	0	16
ENSG00000198756	16	0	16
ENSG00000259823	3	3	0
ENSG00000271558	0	0	0
ENSG00000227554	0	0	0
ENSG00000178596	0	0	0
ENSG00000135749	172	20	187
ENSG00000143786	53	0	55
ENSG00000224584	0	0	0
ENSG00000054282	130	15	138
ENSG00000183780	8	0	8
ENSG00000229663	0	0	0
ENSG00000162702	689	2	687
ENSG00000251508	0	0	0
ENSG00000238272	0	0	0
ENSG00000228530	0	0	0
ENSG00000235060	0	0	0
ENSG00000143194	1	0	1
ENSG00000229531	0	0	0
ENSG00000271329	0	0	0
ENSG00000054267	1440	9	1431
ENSG00000261831	0	0	0
ENSG00000287921	0	0	0
ENSG00000177800	0	0	0
ENSG00000225620	0	0	0
ENSG00000232166	0	0	0
ENSG00000175137	1207	5	1202
ENSG00000134245	7	21	3
ENSG00000234041	0	0	0
ENSG00000227373	3	0	3
ENSG00000231905	0	0	0
ENSG00000228175	0	0	0
ENSG00000069275	1239	5	1234
ENSG00000143674	31	0	31
ENSG00000237317	0	0	0
ENSG00000187889	0	0	0
ENSG00000134375	287	2	285
ENSG00000097046	72	1	71
ENSG00000232113	0	0	0
ENSG00000282718	0	0	0
ENSG00000231378	0	0	0
ENSG00000235605	0	0	0
ENSG00000223525	1	0	1
ENSG00000224857	0	0	0
ENSG00000273367	2	0	3
ENSG00000230604	0	0	0
ENSG00000231605	0	0	0
ENSG00000236358	1	0	1
ENSG00000203737	0	0	0
ENSG00000238003	0	0	0
ENSG00000215873	0	0	0
ENSG00000287008	0	0	0
ENSG00000185420	55	0	55
ENSG00000076321	174	0	174
ENSG00000272175	1	0	1
ENSG00000231564	0	0	0
ENSG00000135778	195	19	211
ENSG00000213070	0	0	0
ENSG00000282265	0	0	0
ENSG00000250536	0	0	0
ENSG00000229747	0	0	0
ENSG00000117280	762	1	761
ENSG00000233985	0	0	0
ENSG00000232175	0	0	0
ENSG00000287423	0	0	0
ENSG00000286774	0	0	0
ENSG00000236719	0	0	0
ENSG00000136636	77	0	77
ENSG00000225486	0	0	0
ENSG00000227043	0	0	0
ENSG00000163874	276	0	276
ENSG00000285777	0	0	0
ENSG00000237249	1	1	0
ENSG00000286109	0	0	0
ENSG00000213068	0	0	0
ENSG00000054392	31	0	31
ENSG00000227994	0	0	0
ENSG00000286552	0	0	0
ENSG00000225711	0	0	0
ENSG00000122223	598	15	583
ENSG00000235869	0	0	0
ENSG00000188739	11	0	11
ENSG00000286666	0	0	0
ENSG00000135750	1	0	1
ENSG00000273198	0	0	0
ENSG00000203730	3	3	0
ENSG00000225719	0	0	0
ENSG00000273483	2	0	2
ENSG00000287987	0	0	0
ENSG00000203729	0	0	0
ENSG00000232809	0	0	0
ENSG00000284623	0	0	0
ENSG00000285981	0	0	0
ENSG00000261729	1	0	1
ENSG00000223869	0	0	0
ENSG00000229228	0	0	0
ENSG00000215796	0	0	0
ENSG00000185221	0	0	0
ENSG00000233047	0	0	0
ENSG00000143341	3	0	3
ENSG00000228309	0	0	0
ENSG00000229739	5	0	5
ENSG00000116703	2	2	0
ENSG00000273874	0	0	0
ENSG00000278791	0	1	0
ENSG00000278757	2	0	2
ENSG00000264341	0	0	0
ENSG00000264101	0	0	0
ENSG00000265141	0	0	0
ENSG00000221083	0	0	0
ENSG00000252404	0	0	0
ENSG00000222511	0	0	0
ENSG00000265392	0	0	0
ENSG00000243267	1	0	1
ENSG00000201725	0	0	0
ENSG00000274258	0	0	0
ENSG00000239149	2	0	2
ENSG00000252151	0	0	0
ENSG00000252969	0	0	0
ENSG00000252417	0	0	0
ENSG00000200975	0	0	0
ENSG00000201609	0	0	0
ENSG00000238482	0	0	0
ENSG00000252956	0	0	0
ENSG00000265606	0	0	0
ENSG00000284357	0	0	0
ENSG00000278034	0	0	0
ENSG00000207237	0	0	0
ENSG00000222784	0	0	0
ENSG00000266210	0	0	0
ENSG00000265961	0	0	0
ENSG00000251866	0	0	0
ENSG00000252691	0	0	0
ENSG00000264371	0	0	0
ENSG00000253005	3	0	3
ENSG00000238316	0	0	0
ENSG00000207941	0	0	0
ENSG00000264773	2	0	2
ENSG00000252448	0	0	0
ENSG00000200421	0	0	0
ENSG00000222282	2	2	0
ENSG00000199963	0	0	0
ENSG00000264698	0	0	0
ENSG00000207328	0	0	0
ENSG00000207466	0	0	0
ENSG00000252368	0	0	0
ENSG00000206779	0	0	0
ENSG00000265596	0	0	0
ENSG00000212541	2	2	0
ENSG00000200796	0	0	0
ENSG00000252190	0	0	0
ENSG00000264613	0	0	0
ENSG00000199240	0	0	0
ENSG00000277168	0	0	0
ENSG00000283724	0	0	0
ENSG00000284410	0	0	0
ENSG00000252018	0	0	0
ENSG00000206627	0	0	0
ENSG00000283414	0	0	0
ENSG00000207508	0	0	0
ENSG00000200171	0	0	0
ENSG00000207194	1	1	0
ENSG00000283477	0	0	0
ENSG00000264834	0	0	0
ENSG00000263675	1	0	1
ENSG00000266188	0	0	0
ENSG00000206981	0	0	0
ENSG00000200174	0	0	0
ENSG00000265822	0	0	0
ENSG00000265815	0	0	0
ENSG00000238653	0	0	0
ENSG00000212624	0	0	0
ENSG00000200575	0	0	0
ENSG00000212360	0	0	0
ENSG00000242860	0	0	0
ENSG00000263908	0	0	0
ENSG00000283690	0	0	0
ENSG00000199921	0	0	0
ENSG00000251825	0	0	0
ENSG00000201153	0	0	0
ENSG00000222624	0	0	0
ENSG00000223152	0	0	0
ENSG00000212308	0	0	0
ENSG00000279049	0	0	0
ENSG00000276081	0	0	0
ENSG00000239640	0	0	0
ENSG00000252338	0	0	0
ENSG00000251785	0	0	0
ENSG00000239319	0	0	0
ENSG00000222849	0	0	0
ENSG00000283749	0	0	0
ENSG00000251958	0	0	0
ENSG00000251767	0	0	0
ENSG00000243437	0	0	0
ENSG00000202263	0	0	0
ENSG00000199318	0	0	0
ENSG00000199666	0	0	0
ENSG00000200601	0	0	0
ENSG00000242482	0	0	0
ENSG00000212366	0	0	0
ENSG00000201620	0	0	0
ENSG00000206817	0	0	0
ENSG00000284247	0	0	0
ENSG00000200839	0	0	0
ENSG00000264963	0	0	0
ENSG00000264271	0	0	0
ENSG00000239504	0	0	0
ENSG00000284202	0	0	0
ENSG00000251720	0	0	0
ENSG00000274321	0	0	0
ENSG00000198974	0	0	0
ENSG00000212248	0	0	0
ENSG00000207962	0	0	0
ENSG00000276884	0	0	0
ENSG00000207234	1	0	1
ENSG00000202259	0	0	0
ENSG00000212459	0	0	0
ENSG00000278287	0	0	0
ENSG00000277565	0	0	0
ENSG00000263526	0	0	0
ENSG00000211575	0	0	0
ENSG00000275823	0	0	0
ENSG00000277689	0	0	0
ENSG00000274199	0	1	0
ENSG00000202254	0	0	0
ENSG00000244256	2	0	2
ENSG00000201491	0	0	0
ENSG00000199831	0	0	0
ENSG00000275455	0	0	0
ENSG00000252162	0	0	0
ENSG00000272051	0	0	0
ENSG00000283899	0	0	0
ENSG00000200800	0	0	0
ENSG00000207502	0	0	0
ENSG00000252530	0	0	0
ENSG00000200536	0	0	0
ENSG00000211543	0	0	0
ENSG00000252797	0	0	0
ENSG00000212266	0	0	0
ENSG00000222209	0	0	0
ENSG00000277141	0	0	0
ENSG00000215930	0	0	0
ENSG00000238761	0	0	0
ENSG00000201114	0	0	0
ENSG00000206679	0	0	0
ENSG00000264419	0	0	0
ENSG00000222069	0	0	0
ENSG00000274428	0	0	0
ENSG00000199879	0	0	0
ENSG00000274408	0	0	0
ENSG00000283676	0	0	0
ENSG00000252005	0	0	0
ENSG00000252510	0	0	0
ENSG00000207340	0	0	0
ENSG00000252830	0	0	0
ENSG00000274450	0	0	0
ENSG00000252135	0	0	0
ENSG00000278596	0	0	0
ENSG00000238825	0	0	0
ENSG00000201183	0	0	0
ENSG00000202408	0	0	0
ENSG00000252744	0	0	0
ENSG00000273768	0	0	0
ENSG00000242565	0	0	0
ENSG00000239984	0	0	0
ENSG00000283296	0	0	0
ENSG00000252717	0	0	0
ENSG00000194297	0	0	0
ENSG00000199565	0	0	0
ENSG00000277313	0	0	0
ENSG00000274940	0	0	0
ENSG00000207341	0	0	0
ENSG00000207472	0	0	0
ENSG00000206880	0	0	0
ENSG00000252552	0	0	0
ENSG00000199849	0	0	0
ENSG00000252407	0	0	0
ENSG00000212538	0	0	0
ENSG00000251813	0	0	0
ENSG00000207108	0	0	0
ENSG00000201312	0	0	0
ENSG00000207039	0	0	0
ENSG00000202491	0	0	0
ENSG00000201596	0	0	0
ENSG00000276839	0	0	0
ENSG00000207974	0	0	0
ENSG00000273629	0	0	0
ENSG00000201493	0	0	0
ENSG00000215952	0	0	0
ENSG00000200139	0	0	0
ENSG00000283575	0	0	0
ENSG00000238765	0	0	0
ENSG00000264916	0	0	0
ENSG00000212338	0	0	0
ENSG00000206659	0	0	0
ENSG00000253025	0	0	0
ENSG00000201619	0	0	0
ENSG00000201544	0	0	0
ENSG00000202498	0	0	0
ENSG00000221545	0	0	0
ENSG00000252906	0	0	0
ENSG00000206692	0	0	0
ENSG00000202329	0	0	0
ENSG00000242794	0	0	0
ENSG00000212144	0	0	0
ENSG00000283340	0	0	0
ENSG00000252860	0	0	0
ENSG00000252501	0	0	0
ENSG00000263390	0	0	0
ENSG00000207181	1	0	1
ENSG00000265744	0	0	0
ENSG00000264377	0	0	0
ENSG00000207149	0	0	0
ENSG00000283936	0	0	0
ENSG00000284485	0	0	0
ENSG00000201638	0	0	0
ENSG00000275213	0	0	0
ENSG00000239494	1	0	1
ENSG00000212230	0	0	0
ENSG00000252371	0	0	0
ENSG00000199442	0	0	0
ENSG00000200033	0	0	0
ENSG00000239690	0	0	0
ENSG00000202184	0	0	0
ENSG00000241395	0	0	0
ENSG00000200982	0	0	0
ENSG00000275207	0	0	0
ENSG00000202300	0	0	0
ENSG00000222407	0	0	0
ENSG00000222986	0	0	0
ENSG00000265435	0	0	0
ENSG00000272262	0	0	0
ENSG00000200495	0	0	0
ENSG00000202609	0	0	0
ENSG00000252553	0	0	0
ENSG00000206764	0	0	0
ENSG00000222240	0	0	0
ENSG00000212187	0	0	0
ENSG00000206637	0	0	0
ENSG00000253097	0	0	0
ENSG00000200036	0	0	0
ENSG00000201421	0	0	0
ENSG00000212610	0	0	0
ENSG00000252484	0	0	0
ENSG00000201944	0	0	0
ENSG00000200327	0	0	0
ENSG00000206905	0	0	0
ENSG00000200972	0	0	0
ENSG00000243051	0	0	0
ENSG00000252011	0	0	0
ENSG00000207326	0	0	0
ENSG00000212205	0	0	0
ENSG00000253042	0	0	0
ENSG00000274121	0	0	0
ENSG00000264358	0	0	0
ENSG00000206640	0	0	0
ENSG00000212527	0	0	0
ENSG00000252879	0	0	0
ENSG00000252612	1	0	1
ENSG00000202264	0	0	0
ENSG00000285609	0	0	0
ENSG00000206762	0	0	0
ENSG00000252084	0	0	0
ENSG00000200085	0	0	0
ENSG00000264500	7	7	0
ENSG00000202025	0	0	0
ENSG00000225545	0	0	0
ENSG00000206990	0	0	0
ENSG00000230175	0	0	0
ENSG00000225272	0	0	0
ENSG00000215838	0	0	0
ENSG00000273365	1	0	1
ENSG00000224358	1	0	1
ENSG00000230659	0	0	0
ENSG00000162545	23	1	22
ENSG00000090432	331	0	331
ENSG00000215520	0	0	0
ENSG00000183114	0	0	0
ENSG00000158825	1075	2	1073
ENSG00000158828	454	55	1776
ENSG00000284005	0	0	0
ENSG00000117242	39	1333	82
ENSG00000234473	1	0	1
ENSG00000238754	0	0	0
ENSG00000134371	584	5	582
ENSG00000221680	0	0	0
ENSG00000162630	36	0	39
ENSG00000276735	0	0	0
ENSG00000232077	0	0	0
ENSG00000229639	0	0	0
ENSG00000287453	0	0	0
ENSG00000270615	0	0	0
ENSG00000287283	0	0	0
ENSG00000240692	0	0	0
ENSG00000229359	0	0	0
ENSG00000237919	0	0	1
ENSG00000066557	163	0	163
ENSG00000244389	0	0	0
ENSG00000228988	0	0	0
ENSG00000118454	230	0	230
ENSG00000226088	1	1	0
ENSG00000116761	2	0	2
ENSG00000278636	0	0	0
ENSG00000271992	0	0	0
ENSG00000233020	0	0	0
ENSG00000237033	0	0	0
ENSG00000226208	0	0	0
ENSG00000007968	162	0	162
ENSG00000235052	0	0	0
ENSG00000117318	180	0	180
ENSG00000285802	1	0	1
ENSG00000229239	1	0	1
ENSG00000142676	10780	180	10600
ENSG00000057757	461	0	461
ENSG00000011009	680	0	681
ENSG00000117308	68	1	67
ENSG00000273844	0	0	0
ENSG00000235748	0	0	0
ENSG00000237861	0	0	0
ENSG00000221879	0	0	0
ENSG00000230260	0	1	0
ENSG00000199241	0	0	0
ENSG00000226919	0	1	0
ENSG00000223963	0	0	0
ENSG00000215802	0	0	0
ENSG00000233615	0	0	0
ENSG00000238085	0	0	0
ENSG00000265831	0	0	0
ENSG00000224348	0	0	0
ENSG00000286496	1	0	1
ENSG00000287516	0	0	0
ENSG00000287738	0	0	0
ENSG00000132703	0	0	0
ENSG00000276632	0	0	0
ENSG00000223603	0	0	0
ENSG00000132693	0	0	0
ENSG00000235226	0	0	0
ENSG00000158716	94	0	94
ENSG00000181036	188	1	187
ENSG00000158714	16	16	44
ENSG00000212161	0	0	0
ENSG00000243284	0	0	0
ENSG00000272668	20	7	15
ENSG00000213085	31	1	30
ENSG00000266458	0	0	0
ENSG00000287040	1	0	1
ENSG00000279430	0	0	0
ENSG00000162723	1	0	1
ENSG00000273933	0	0	0
ENSG00000256029	0	10	5
ENSG00000188004	1	0	1
ENSG00000266580	0	0	0
ENSG00000254545	0	15	0
ENSG00000203620	0	0	0
ENSG00000269967	4	0	4
ENSG00000228634	2	2	0
ENSG00000284702	0	0	0
ENSG00000221040	0	0	0
ENSG00000287217	0	0	0
ENSG00000163399	1223	12	3607
ENSG00000212385	0	0	0
ENSG00000233154	5	0	5
ENSG00000230381	0	0	0
ENSG00000200547	0	0	0
ENSG00000224950	25	0	29
ENSG00000286276	2	6	0
ENSG00000177888	208	1	207
ENSG00000243364	85	1	84
ENSG00000251246	0	0	0
ENSG00000143590	7	0	7
ENSG00000202027	0	0	0
ENSG00000169242	8	1	7
ENSG00000169241	223	0	223
ENSG00000223452	0	0	0
ENSG00000163463	31	0	31
ENSG00000273088	0	0	0
ENSG00000284586	0	0	0
ENSG00000169231	123	3	240
ENSG00000236263	0	21	3
ENSG00000236675	53	53	0
ENSG00000177628	619	1	618
ENSG00000116521	444	0	444
ENSG00000176444	611	1	610
ENSG00000143630	9	0	12
ENSG00000143627	1	3	1
ENSG00000253074	0	0	0
ENSG00000252116	0	0	0
ENSG00000228523	0	0	0
ENSG00000223263	0	0	0
ENSG00000207504	0	0	0
ENSG00000238139	0	0	0
ENSG00000197721	13	0	14
ENSG00000244703	0	0	0
ENSG00000226289	0	0	0
ENSG00000285239	0	1	0
ENSG00000234219	1	2	0
ENSG00000174059	10	0	10
ENSG00000285719	0	0	0
ENSG00000284237	0	0	0
ENSG00000158731	0	0	0
ENSG00000201746	0	0	0
ENSG00000264881	0	0	0
ENSG00000199562	0	0	0
ENSG00000264501	0	0	0
ENSG00000284735	1	1	1
ENSG00000284642	9	2	7
ENSG00000142657	4091	10	4081
ENSG00000271989	0	4	0
ENSG00000251503	0	0	0
ENSG00000175279	0	0	0
ENSG00000160049	265	1	314
ENSG00000203469	0	24	0
ENSG00000236035	0	0	0
ENSG00000221643	2	0	2
ENSG00000122188	272	0	272
ENSG00000288644	0	0	0
ENSG00000227417	0	0	0
ENSG00000223505	0	0	0
ENSG00000182004	234	0	234
ENSG00000236430	0	0	0
ENSG00000130768	4	0	12
ENSG00000227050	0	8	0
ENSG00000238231	1	1	0
ENSG00000240750	0	0	0
ENSG00000158156	839	1	838
ENSG00000182118	24	0	24
ENSG00000283799	0	0	0
ENSG00000227934	0	0	0
ENSG00000229595	0	0	0
ENSG00000143633	120	0	120
ENSG00000281912	0	0	0
ENSG00000288208	0	0	0
ENSG00000132773	106	16	116
ENSG00000070759	119	1	122
ENSG00000236872	0	0	0
ENSG00000280670	13	0	13
ENSG00000132763	39	341	47
ENSG00000221953	0	0	0
ENSG00000226164	0	0	0
ENSG00000224014	1	0	1
ENSG00000215795	1	0	1
ENSG00000259865	159	0	159
ENSG00000227671	427	1	426
ENSG00000283881	0	0	0
ENSG00000252516	3	0	3
ENSG00000232347	0	0	0
ENSG00000214144	0	0	0
ENSG00000235818	0	0	0
ENSG00000197617	0	0	0
ENSG00000202079	0	0	0
ENSG00000286216	0	0	0
ENSG00000203664	0	0	0
ENSG00000169224	88	0	92
ENSG00000236817	0	4	0
ENSG00000177489	0	0	0
ENSG00000177476	0	0	0
ENSG00000283369	0	0	0
ENSG00000230411	0	0	0
ENSG00000251977	0	0	0
ENSG00000252254	0	0	0
ENSG00000227854	0	0	0
ENSG00000287589	0	0	0
ENSG00000259776	0	0	0
ENSG00000233355	360	0	371
ENSG00000234601	0	0	0
ENSG00000231979	0	0	0
ENSG00000215805	0	0	0
ENSG00000287102	0	0	0
ENSG00000217327	0	0	0
ENSG00000228818	0	0	0
ENSG00000202041	0	0	0
ENSG00000223694	0	0	0
ENSG00000233735	0	0	0
ENSG00000133019	1	11	1
ENSG00000162636	347	1	346
ENSG00000162639	219	0	219
ENSG00000285923	1	0	1
ENSG00000134186	1313	27	1286
ENSG00000143107	0	0	0
ENSG00000232971	0	0	0
ENSG00000116266	1078	4	1074
ENSG00000228076	0	0	0
ENSG00000203897	0	0	0
ENSG00000237349	0	0	0
ENSG00000244716	10	0	10
ENSG00000228665	0	0	0
ENSG00000228054	0	0	0
ENSG00000273382	10	57	8
ENSG00000215717	1237	3	1289
ENSG00000278249	0	0	0
ENSG00000270066	0	0	0
ENSG00000251484	0	0	0
ENSG00000132676	800	98	800
ENSG00000227673	0	0	0
ENSG00000203761	72	40	50
ENSG00000234937	2	2	0
ENSG00000132718	349	0	349
ENSG00000283442	0	0	0
ENSG00000143622	955	3	952
ENSG00000132680	566	1	565
ENSG00000207475	1	0	1
ENSG00000280466	0	0	0
ENSG00000281394	0	0	0
ENSG00000277817	0	0	0
ENSG00000273002	21	0	21
ENSG00000224276	0	0	0
ENSG00000285677	0	761	0
ENSG00000163479	1475	0	2236
ENSG00000160803	385	0	385
ENSG00000132698	5	0	5
ENSG00000252236	0	0	0
ENSG00000260238	0	0	0
ENSG00000242252	4	0	4
ENSG00000198952	1027	1	1027
ENSG00000163472	81	66	79
ENSG00000163468	1120	2	1119
ENSG00000132677	0	0	0
ENSG00000237390	0	0	0
ENSG00000207933	0	0	0
ENSG00000254726	1	0	1
ENSG00000186377	0	0	0
ENSG00000186160	0	0	0
ENSG00000225154	0	0	0
ENSG00000225506	0	1	1
ENSG00000225514	0	0	0
ENSG00000224805	19	1	25
ENSG00000162366	693	0	693
ENSG00000226252	5	85	1
ENSG00000225762	4	2	2
ENSG00000186790	0	0	0
ENSG00000237424	30	0	30
ENSG00000189030	0	0	0
ENSG00000162763	0	0	0
ENSG00000143061	3	0	3
ENSG00000135821	7642	18	7624
ENSG00000203740	0	0	0
ENSG00000162374	1	0	1
ENSG00000168275	69	0	89
ENSG00000241563	0	0	0
ENSG00000153207	1855	7	1848
ENSG00000156869	101	1	100
ENSG00000033122	8	9	0
ENSG00000143278	0	0	0
ENSG00000116678	125	0	125
ENSG00000159352	1247	6	1241
ENSG00000158710	12759	11	12748
ENSG00000162734	799	8	824
ENSG00000049239	881	2	879
ENSG00000186564	3	0	3
ENSG00000244038	1595	2	1594
ENSG00000158747	16	0	16
ENSG00000116690	20	156	19
ENSG00000126091	12	0	13
ENSG00000162383	8	0	8
ENSG00000171163	362	1	361
ENSG00000172456	33	0	33
ENSG00000162946	341	0	341
ENSG00000158786	0	0	0
ENSG00000118733	0	0	0
ENSG00000157870	189	7	239
ENSG00000179085	41	0	41
ENSG00000173080	1	0	1
ENSG00000183347	11	0	11
ENSG00000276470	0	0	0
ENSG00000278852	0	0	0
ENSG00000275915	0	0	0
ENSG00000120937	0	0	0
ENSG00000224904	0	0	0
ENSG00000285646	10	8	2
ENSG00000199347	0	0	0
ENSG00000201801	0	0	0
ENSG00000116685	869	0	869
ENSG00000083444	757	0	757
ENSG00000287384	0	0	0
ENSG00000270914	0	0	0
ENSG00000116691	294	1	293
ENSG00000202461	1	1	0
ENSG00000276869	0	0	0
ENSG00000243539	0	0	0
ENSG00000120949	175	0	175
ENSG00000201135	0	0	0
ENSG00000227875	0	0	0
ENSG00000285604	0	0	0
ENSG00000283789	0	0	0
ENSG00000263676	0	0	0
ENSG00000200591	1	1	0
ENSG00000162521	1059	7	1528
ENSG00000162520	0	471	5
ENSG00000224409	1	0	1
ENSG00000162522	36	0	36
ENSG00000116497	366	1	377
ENSG00000160097	1	1	0
ENSG00000121905	0	0	0
ENSG00000121900	0	0	0
ENSG00000287691	14	18	0
ENSG00000278966	8	8	0
ENSG00000143222	443	1	565
ENSG00000224985	0	123	0
ENSG00000143224	160	39	161
ENSG00000158850	521	1	560
ENSG00000158859	6	0	6
ENSG00000158869	2771	2	2769
ENSG00000158874	0	0	0
ENSG00000158882	89	0	140
ENSG00000284035	0	0	0
ENSG00000143257	6	57	0
ENSG00000248485	9	9	0
ENSG00000188931	31	33	1
ENSG00000236484	0	0	0
ENSG00000283696	22	0	22
ENSG00000288093	0	0	0
ENSG00000206921	0	0	0
ENSG00000215840	0	0	0
ENSG00000277882	0	0	0
ENSG00000283317	3	2	1
ENSG00000277762	0	0	0
ENSG00000227139	0	0	0
ENSG00000265107	0	0	0
ENSG00000274415	0	0	0
ENSG00000234190	0	0	0
ENSG00000223728	0	0	0
ENSG00000121634	0	0	0
ENSG00000188092	53	0	53
ENSG00000215859	5	7	0
ENSG00000273059	0	0	2
ENSG00000274372	1	0	1
ENSG00000206791	0	0	0
ENSG00000206585	1	0	1
ENSG00000229828	1	0	1
ENSG00000225080	1	1	0
ENSG00000198658	0	0	0
ENSG00000238382	0	0	0
ENSG00000225919	0	0	0
ENSG00000236497	0	0	0
ENSG00000207190	0	0	0
ENSG00000200508	0	0	0
ENSG00000284928	0	0	0
ENSG00000223949	0	0	0
ENSG00000116688	1335	1	1334
ENSG00000188800	0	0	0
ENSG00000084073	618	1	618
ENSG00000231296	0	1	0
ENSG00000049089	153	1	152
ENSG00000227311	2	0	2
ENSG00000213172	0	0	0
ENSG00000284677	1	1	0
ENSG00000187801	12	0	12
ENSG00000260920	28	0	28
ENSG00000158887	48	0	48
ENSG00000255054	0	0	0
ENSG00000228172	0	178	2
ENSG00000117640	327	3	438
ENSG00000272478	0	0	0
ENSG00000127423	1	3	0
ENSG00000182749	99	7	141
ENSG00000207302	0	0	0
ENSG00000117632	256	0	256
ENSG00000229786	0	0	0
ENSG00000223624	0	0	0
ENSG00000283938	0	0	0
ENSG00000199385	0	0	0
ENSG00000187147	520	10	831
ENSG00000263381	0	0	0
ENSG00000126106	10	313	18
ENSG00000198520	213	1	212
ENSG00000199377	0	0	0
ENSG00000200169	0	0	0
ENSG00000142945	10	0	13
ENSG00000142937	6883	15	7587
ENSG00000264294	0	0	0
ENSG00000200913	0	0	0
ENSG00000202031	0	0	0
ENSG00000207421	0	0	0
ENSG00000281859	0	0	0
ENSG00000234093	0	0	0
ENSG00000142959	4	0	4
ENSG00000173846	182	0	194
ENSG00000117425	8	1	7
ENSG00000202444	0	0	0
ENSG00000226499	0	0	0
ENSG00000070785	86	0	86
ENSG00000253039	0	0	0
ENSG00000229815	0	0	0
ENSG00000232369	0	0	0
ENSG00000268949	0	0	0
ENSG00000126107	489	1	488
ENSG00000126088	335	1	334
ENSG00000234315	0	0	0
ENSG00000162408	286	0	286
ENSG00000229519	2	2	0
ENSG00000173662	0	0	0
ENSG00000204859	409	6	403
ENSG00000288629	0	0	0
ENSG00000230735	0	4	0
ENSG00000171488	791	1	790
ENSG00000226394	0	0	0
ENSG00000237200	0	0	0
ENSG00000070886	0	0	0
ENSG00000276835	0	0	0
ENSG00000265422	0	0	0
ENSG00000223776	0	39	0
ENSG00000273058	5	0	5
ENSG00000230325	3	5	4
ENSG00000119285	373	442	454
ENSG00000226498	0	0	0
ENSG00000237991	0	0	0
ENSG00000244020	0	0	0
ENSG00000288099	0	0	0
ENSG00000225886	2	3	0
ENSG00000206767	0	0	0
ENSG00000226662	0	0	0
ENSG00000207095	0	0	0
ENSG00000287244	0	0	0
ENSG00000231344	0	0	0
ENSG00000230833	0	0	0
ENSG00000117758	444	1	443
ENSG00000269971	0	0	0
ENSG00000270031	6	0	6
ENSG00000223062	0	0	0
ENSG00000286433	0	36	0
ENSG00000117751	485	5	516
ENSG00000252947	0	0	0
ENSG00000130775	4549	6	4551
ENSG00000117748	746	57	697
ENSG00000223643	0	0	0
ENSG00000230239	2	0	2
ENSG00000263811	0	0	0
ENSG00000277234	0	0	0
ENSG00000235241	0	40	0
ENSG00000207005	0	0	0
ENSG00000272426	2	2	0
ENSG00000117122	0	2	0
ENSG00000286898	0	0	2
ENSG00000226526	0	29	0
ENSG00000159363	337	0	351
ENSG00000117118	669	2	667
ENSG00000117115	4653	9	4644
ENSG00000204362	0	0	0
ENSG00000282843	0	0	0
ENSG00000142623	0	0	0
ENSG00000142619	0	0	0
ENSG00000266634	0	0	0
ENSG00000199459	0	0	0
ENSG00000273264	0	0	0
ENSG00000282057	0	0	0
ENSG00000272691	0	0	0
ENSG00000199934	0	0	0
ENSG00000230285	1	1	0
ENSG00000142871	1	2	0
ENSG00000226643	0	0	0
ENSG00000234419	0	0	0
ENSG00000276997	2	0	2
ENSG00000222399	0	0	0
ENSG00000267305	0	0	0
ENSG00000143512	0	0	0
ENSG00000143498	43	1	44
ENSG00000225265	1	2	1
ENSG00000154305	875	37	1038
ENSG00000229399	0	0	0
ENSG00000272750	9	195	11
ENSG00000186063	427	20	424
ENSG00000162819	803	2	815
ENSG00000287684	1	1	1
ENSG00000234523	0	0	0
ENSG00000287338	2	0	2
ENSG00000187554	359	22	337
ENSG00000236846	0	0	0
ENSG00000226601	0	0	0
ENSG00000164010	116	6	246
ENSG00000164011	90	0	90
ENSG00000233708	0	0	0
ENSG00000237090	0	0	0
ENSG00000225099	0	0	0
ENSG00000284138	6	0	6
ENSG00000283973	0	6	1
ENSG00000207256	0	0	0
ENSG00000283136	0	0	0
ENSG00000277513	0	0	0
ENSG00000154309	53	2	51
ENSG00000226967	0	0	0
ENSG00000231407	1	1	1
ENSG00000229570	0	0	0
ENSG00000203857	0	0	0
ENSG00000226443	1	0	1
ENSG00000249798	0	0	0
ENSG00000239873	0	0	0
ENSG00000203855	0	0	0
ENSG00000240244	0	0	0
ENSG00000260941	7	0	7
ENSG00000198857	4	4	0
ENSG00000143067	64	0	64
ENSG00000134240	0	0	0
ENSG00000134193	9	0	9
ENSG00000215864	0	0	0
ENSG00000227205	0	0	0
ENSG00000226446	0	0	0
ENSG00000134249	0	0	0
ENSG00000092621	30	0	30
ENSG00000027644	1	1	0
ENSG00000241992	0	0	0
ENSG00000234226	0	0	0
ENSG00000137970	34	0	34
ENSG00000223229	0	0	0
ENSG00000285698	0	0	0
ENSG00000228035	0	0	0
ENSG00000287103	0	0	0
ENSG00000226973	0	0	0
ENSG00000274468	0	0	0
ENSG00000130764	342	5	396
ENSG00000266075	0	0	0
ENSG00000272153	8	66	1
ENSG00000230026	0	0	0
ENSG00000285177	0	0	0
ENSG00000284770	11	61	11
ENSG00000229795	0	0	0
ENSG00000238236	0	0	0
ENSG00000235638	0	0	0
ENSG00000231199	0	0	0
ENSG00000226663	0	0	0
ENSG00000231582	0	0	0
ENSG00000232714	0	0	0
ENSG00000235761	0	0	0
ENSG00000270710	0	0	0
ENSG00000227236	0	0	0
ENSG00000198837	2402	3	2529
ENSG00000160741	1186	1	1185
ENSG00000276584	0	0	0
ENSG00000282386	2	1	1
ENSG00000273026	3	0	3
ENSG00000143578	33	11	39
ENSG00000143543	67	2	77
ENSG00000285641	0	3	1
ENSG00000143545	13	0	13
ENSG00000177954	12492	13	12479
ENSG00000231416	1	0	1
ENSG00000200220	0	0	0
ENSG00000231837	0	0	0
ENSG00000263987	0	0	0
ENSG00000162642	224	0	224
ENSG00000223254	2	2	0
ENSG00000223653	1	21	1
ENSG00000116198	359	1	359
ENSG00000169598	126	1	126
ENSG00000226653	0	0	0
ENSG00000207209	0	0	0
ENSG00000272443	0	0	0
ENSG00000272480	0	0	0
ENSG00000288626	0	0	0
ENSG00000162836	74	0	74
ENSG00000207080	0	0	0
ENSG00000231791	0	0	0
ENSG00000244568	0	0	0
ENSG00000271387	0	0	0
ENSG00000116667	148	0	148
ENSG00000230470	0	0	0
ENSG00000232036	0	0	0
ENSG00000285847	1	1	0
ENSG00000286378	0	0	0
ENSG00000215381	0	0	0
ENSG00000261326	55	0	55
ENSG00000284726	3	3	0
ENSG00000125945	140	3	140
ENSG00000201405	0	0	0
ENSG00000271420	1	0	1
ENSG00000204219	92	1	91
ENSG00000232482	0	0	0
ENSG00000285779	0	0	0
ENSG00000162885	114	27	202
ENSG00000270780	0	0	0
ENSG00000232895	0	0	0
ENSG00000273698	0	0	0
ENSG00000273112	19	1	18
ENSG00000173110	1892	9	1883
ENSG00000224203	0	4	0
ENSG00000224515	0	0	0
ENSG00000225217	235	1	234
ENSG00000231586	1	1	0
ENSG00000234211	1	46	0
ENSG00000213075	6	6	0
ENSG00000143125	0	0	0
ENSG00000270380	0	0	0
ENSG00000282887	0	0	0
ENSG00000283999	0	0	0
ENSG00000240194	0	0	0
ENSG00000235407	0	0	0
ENSG00000143105	0	0	0
ENSG00000199710	0	0	0
ENSG00000237415	0	0	0
ENSG00000232791	0	0	0
ENSG00000177301	13	0	13
ENSG00000226828	2	2	0
ENSG00000279774	0	0	0
ENSG00000229960	0	0	0
ENSG00000286486	0	0	0
ENSG00000244066	0	0	0
ENSG00000237759	0	0	0
ENSG00000287531	0	0	0
ENSG00000225855	27	346	10
ENSG00000283701	0	0	0
ENSG00000207134	0	0	0
ENSG00000227773	0	0	0
ENSG00000207144	0	0	0
ENSG00000237872	1	1	0
ENSG00000271267	3	3	0
ENSG00000225082	1	0	1
ENSG00000223503	2	0	2
ENSG00000232519	0	0	0
ENSG00000160752	188	5	501
ENSG00000121957	45	112	109
ENSG00000235089	0	0	0
ENSG00000285179	0	0	0
ENSG00000223026	0	0	0
ENSG00000225721	0	721	1
ENSG00000188396	9	20	1
ENSG00000202167	0	0	0
ENSG00000207349	0	0	0
ENSG00000252826	0	0	0
ENSG00000206737	0	0	0
ENSG00000223779	0	0	0
ENSG00000242352	0	0	0
ENSG00000270962	0	0	0
ENSG00000263590	0	0	0
ENSG00000252105	0	0	0
ENSG00000233430	0	0	0
ENSG00000237503	0	0	0
ENSG00000265531	7	0	15
ENSG00000234571	3	11	0
ENSG00000230186	0	1	0
ENSG00000268074	0	0	0
ENSG00000270872	3	0	3
ENSG00000276674	0	0	0
ENSG00000082482	0	0	0
ENSG00000116747	444	13	575
ENSG00000118729	0	0	0
ENSG00000134207	1	0	1
ENSG00000163467	0	1	0
ENSG00000243710	2	0	2
ENSG00000117395	192	0	192
ENSG00000116874	73	3	77
ENSG00000065600	102	1	101
ENSG00000009780	103	0	103
ENSG00000023572	137	158	105
ENSG00000077254	870	2	868
ENSG00000134644	1163	3	1160
ENSG00000215788	360	3	379
ENSG00000117834	23	6	18
ENSG00000117625	593	2	591
ENSG00000179902	1	0	1
ENSG00000020633	1417	4	1413
ENSG00000121766	171	0	269
ENSG00000143157	688	3	685
ENSG00000162614	90	3	89
ENSG00000160781	21	1	20
ENSG00000143344	48	0	48
ENSG00000162613	1154	3	1151
ENSG00000116882	0	0	0
ENSG00000198758	1	0	1
ENSG00000117569	102	0	102
ENSG00000142856	68	36	67
ENSG00000158022	0	0	0
ENSG00000116396	36	0	36
ENSG00000058668	2223	6	2217
ENSG00000163875	507	1	506
ENSG00000282872	0	0	0
ENSG00000131238	2842	7	2836
ENSG00000171680	42	1	41
ENSG00000244457	0	0	0
ENSG00000116977	752	110	1291
ENSG00000229372	0	76	0
ENSG00000274975	0	0	0
ENSG00000229348	0	0	0
ENSG00000242485	266	14	300
ENSG00000264293	0	0	0
ENSG00000272455	11	0	11
ENSG00000225905	0	0	0
ENSG00000225285	0	0	0
ENSG00000179403	0	0	0
ENSG00000215915	12	0	12
ENSG00000236085	0	0	0
ENSG00000234441	0	0	0
ENSG00000227408	0	0	0
ENSG00000223635	0	0	0
ENSG00000135776	293	0	293
ENSG00000199672	0	0	0
ENSG00000201492	2	2	0
ENSG00000229367	0	0	0
ENSG00000135763	133	0	133
ENSG00000213028	0	0	0
ENSG00000225984	0	0	0
ENSG00000178828	0	0	0
ENSG00000235434	0	0	0
ENSG00000169914	115	0	115
ENSG00000188784	0	0	0
ENSG00000242688	0	0	0
ENSG00000177186	0	0	0
ENSG00000177174	0	0	0
ENSG00000269956	6	139	0
ENSG00000162456	0	0	0
ENSG00000079277	590	1	722
ENSG00000117407	2	0	2
ENSG00000237950	8	0	8
ENSG00000117408	283	0	283
ENSG00000285649	1	33	1
ENSG00000117410	2261	2	2259
ENSG00000159214	13	0	15
ENSG00000196517	23	2	23
ENSG00000227163	0	0	0
ENSG00000271647	0	0	0
ENSG00000239560	0	0	0
ENSG00000196539	0	0	0
ENSG00000229255	0	0	0
ENSG00000203661	0	0	0
ENSG00000271934	0	0	0
ENSG00000224521	0	0	0
ENSG00000227102	0	0	0
ENSG00000183310	0	0	0
ENSG00000201602	0	0	0
ENSG00000271701	0	0	0
ENSG00000189181	0	0	0
ENSG00000187238	0	0	0
ENSG00000185962	0	0	0
ENSG00000226947	0	0	0
ENSG00000285753	0	0	0
ENSG00000187223	0	0	0
ENSG00000159455	0	0	0
ENSG00000187173	0	0	0
ENSG00000204501	0	0	0
ENSG00000228229	0	0	0
ENSG00000204481	0	0	0
ENSG00000204479	0	0	0
ENSG00000172031	5	0	5
ENSG00000233228	0	0	0
ENSG00000224678	0	0	0
ENSG00000233401	0	0	0
ENSG00000273487	1	0	1
ENSG00000226773	0	0	0
ENSG00000274481	0	0	0
ENSG00000228594	52	0	52
ENSG00000286989	7	0	7
ENSG00000272106	20	0	20
ENSG00000189409	0	0	0
ENSG00000272004	0	106	1
ENSG00000189339	837	5	939
ENSG00000269737	23	23	0
ENSG00000215914	1	0	1
ENSG00000008128	17	0	17
ENSG00000268575	18	0	35
ENSG00000227775	191	212	0
ENSG00000008130	5335	8	5327
ENSG00000078369	4925	14	4911
ENSG00000178821	0	0	0
ENSG00000158477	28	0	28
ENSG00000230942	1	0	1
ENSG00000158481	243	0	243
ENSG00000158485	3	0	3
ENSG00000158488	18	0	18
ENSG00000186306	0	0	0
ENSG00000203758	0	0	0
ENSG00000236257	0	0	0
ENSG00000236656	0	0	0
ENSG00000198703	0	0	0
ENSG00000227445	0	0	0
ENSG00000231434	0	0	0
ENSG00000117505	1405	0	1417
ENSG00000229635	3	3	0
ENSG00000207379	0	0	0
ENSG00000212601	0	0	0
ENSG00000162889	1940	6	1934
ENSG00000224114	0	0	0
ENSG00000199349	0	0	0
ENSG00000162892	31	363	1
ENSG00000162894	2243	4	2572
ENSG00000271680	17	17	0
ENSG00000226945	10	10	0
ENSG00000162896	1	0	1
ENSG00000162897	0	0	0
ENSG00000182795	28	0	28
ENSG00000198890	129	1	128
ENSG00000224550	0	0	0
ENSG00000142669	5139	2	8128
ENSG00000169442	1592	4	3362
ENSG00000225854	1	0	1
ENSG00000176083	111	0	111
ENSG00000229167	0	0	0
ENSG00000142910	0	0	0
ENSG00000162517	486	2	579
ENSG00000235790	0	0	0
ENSG00000264078	0	0	0
ENSG00000241745	0	0	0
ENSG00000228407	0	0	0
ENSG00000223429	0	0	0
ENSG00000224255	0	0	0
ENSG00000236004	0	0	0
ENSG00000237663	0	0	0
ENSG00000213735	0	0	0
ENSG00000272100	1	67	0
ENSG00000287078	0	0	0
ENSG00000224680	0	0	0
ENSG00000085840	17	0	17
ENSG00000283445	1	0	1
ENSG00000272226	0	0	0
ENSG00000231740	0	0	0
ENSG00000143751	496	1	495
ENSG00000272562	7	0	7
ENSG00000163041	5139	3	5136
ENSG00000225518	0	0	0
ENSG00000270598	0	0	0
ENSG00000182827	396	7	455
ENSG00000234478	1	66	1
ENSG00000223570	0	0	0
ENSG00000185155	1	0	1
ENSG00000236773	0	0	0
ENSG00000143753	690	6	684
ENSG00000201898	0	0	0
ENSG00000237101	1	20	0
ENSG00000143748	180	0	199
ENSG00000221406	0	0	0
ENSG00000229742	0	0	0
ENSG00000206887	0	0	0
ENSG00000143771	302	2	300
ENSG00000266618	0	0	0
ENSG00000229991	0	0	0
ENSG00000233384	0	0	0
ENSG00000234247	0	0	0
ENSG00000183682	35	58	4
ENSG00000237624	0	0	0
ENSG00000228060	0	286	1
ENSG00000201457	0	0	0
ENSG00000163909	4	0	4
ENSG00000225903	0	0	0
ENSG00000116983	36	0	36
ENSG00000225333	0	0	0
ENSG00000252413	0	0	0
ENSG00000090621	826	5	1108
ENSG00000236994	0	0	0
ENSG00000275406	0	0	0
ENSG00000270287	0	0	0
ENSG00000229965	0	0	0
ENSG00000223282	0	0	0
ENSG00000177770	0	0	0
ENSG00000287627	0	0	0
ENSG00000283933	0	0	0
ENSG00000143369	21	0	21
ENSG00000228126	1	0	1
ENSG00000237781	25	55	92
ENSG00000264553	1	1	0
ENSG00000277452	4	1	3
ENSG00000274963	3	1	2
ENSG00000253047	6	0	6
ENSG00000143420	1039	4	1035
ENSG00000276103	0	0	0
ENSG00000143457	202	0	202
ENSG00000143452	15	0	15
ENSG00000206931	0	0	0
ENSG00000236713	0	0	0
ENSG00000224690	0	0	0
ENSG00000203804	0	133	49
ENSG00000143384	18755	30	18725
ENSG00000154342	0	0	0
ENSG00000276255	0	0	0
ENSG00000284163	0	0	0
ENSG00000143793	82	2	80
ENSG00000162910	95	0	95
ENSG00000224566	0	0	0
ENSG00000287895	1	1	0
ENSG00000280157	2	0	2
ENSG00000227625	0	0	0
ENSG00000198835	4	0	4
ENSG00000203684	2	0	2
ENSG00000181873	102	0	102
ENSG00000162913	11	1	11
ENSG00000269934	12	15	20
ENSG00000270110	4	4	0
ENSG00000286773	0	0	0
ENSG00000287315	13	49	2
ENSG00000270104	0	0	0
ENSG00000154370	288	0	392
ENSG00000270094	0	104	0
ENSG00000284311	0	0	0
ENSG00000162931	6	7	2
ENSG00000230841	0	0	0
ENSG00000266174	0	0	0
ENSG00000279306	2	0	2
ENSG00000215811	7	0	7
ENSG00000202056	0	0	0
ENSG00000251823	0	0	0
ENSG00000171960	111	1	195
ENSG00000234917	1	1	1
ENSG00000065978	11425	53	11372
ENSG00000164007	0	0	0
ENSG00000117385	256	0	256
ENSG00000228452	0	8	0
ENSG00000001460	37	4	37
ENSG00000001461	483	4	483
ENSG00000286061	11	39	12
ENSG00000117602	946	7	1249
ENSG00000264443	1	268	3
ENSG00000184454	0