N_unmapped	144157	144157	144157
N_multimapping	1941481	1941481	1941481
N_noFeature	1018732	20053989	1138477
N_ambiguous	2476920	40357	894115
ENSG00000160072	338	0	338
ENSG00000234396	0	0	1
ENSG00000225972	1	0	1
ENSG00000224315	0	0	0
ENSG00000198744	0	0	0
ENSG00000279928	6	0	6
ENSG00000228037	15	1	14
ENSG00000142611	10	0	10
ENSG00000225630	685	16	669
ENSG00000284616	0	0	0
ENSG00000157911	72	416	142
ENSG00000269896	26	0	26
ENSG00000237973	586	0	594
ENSG00000228463	22	0	28
ENSG00000260972	0	0	0
ENSG00000157933	1974	1	1973
ENSG00000224340	0	0	0
ENSG00000226545	0	0	0
ENSG00000268663	0	0	0
ENSG00000226374	0	0	0
ENSG00000229280	0	0	0
ENSG00000142655	217	29	218
ENSG00000232596	0	0	0
ENSG00000235054	0	0	0
ENSG00000232663	0	0	0
ENSG00000240409	0	0	0
ENSG00000229344	2	0	2
ENSG00000231510	0	0	0
ENSG00000149527	189	8	181
ENSG00000284739	0	0	0
ENSG00000171621	87	0	87
ENSG00000272235	0	0	0
ENSG00000284694	0	0	0
ENSG00000230021	6	14	6
ENSG00000287356	5	4	2
ENSG00000224387	2	0	2
ENSG00000285629	0	0	0
ENSG00000173673	0	0	0
ENSG00000142583	51	0	51
ENSG00000284674	0	0	0
ENSG00000272161	0	0	0
ENSG00000237094	135	0	135
ENSG00000224338	0	0	0
ENSG00000074800	11562	12	11550
ENSG00000116786	1662	2	1862
ENSG00000287727	8	8	0
ENSG00000228423	0	0	0
ENSG00000286448	0	6	0
ENSG00000131686	32	36	9
ENSG00000229305	0	0	0
ENSG00000284703	0	0	0
ENSG00000226457	2	2	0
ENSG00000173614	220	2	219
ENSG00000248527	4120	80	4040
ENSG00000215720	0	0	0
ENSG00000241326	0	0	0
ENSG00000233623	0	0	0
ENSG00000162592	0	34	0
ENSG00000116254	2	0	2
ENSG00000233645	0	0	0
ENSG00000204624	9	0	9
ENSG00000142606	9	84	14
ENSG00000235146	0	0	0
ENSG00000225931	6	0	6
ENSG00000171729	45	0	46
ENSG00000279457	107	0	107
ENSG00000162571	2	0	2
ENSG00000229393	3	2	1
ENSG00000037637	772	0	772
ENSG00000287586	61	0	61
ENSG00000159423	129	0	129
ENSG00000142599	3969	13	3958
ENSG00000227169	0	0	0
ENSG00000283356	0	0	0
ENSG00000011021	627	1	647
ENSG00000142615	0	0	0
ENSG00000215704	1	6	0
ENSG00000157916	1593	71	2008
ENSG00000157881	575	1	574
ENSG00000238290	0	0	0
ENSG00000225387	0	0	0
ENSG00000048707	1844	3	1841
ENSG00000158748	15	0	15
ENSG00000225196	0	0	0
ENSG00000162444	401	0	401
ENSG00000279625	0	0	0
ENSG00000180758	112	0	112
ENSG00000184677	1229	1	1228
ENSG00000230679	1	0	1
ENSG00000270136	0	0	0
ENSG00000288398	77	0	77
ENSG00000224621	0	0	0
ENSG00000285833	0	0	0
ENSG00000131697	188	1	191
ENSG00000284692	0	0	0
ENSG00000284745	0	0	0
ENSG00000280222	0	0	0
ENSG00000227634	0	0	0
ENSG00000285945	0	0	0
ENSG00000229162	6	0	6
ENSG00000197921	0	0	0
ENSG00000233755	0	0	0
ENSG00000233929	0	0	0
ENSG00000271742	0	0	0
ENSG00000226396	6	0	6
ENSG00000169504	848	1	847
ENSG00000234166	0	25	0
ENSG00000235282	0	0	0
ENSG00000055070	1687	2	2934
ENSG00000175087	310	0	310
ENSG00000157191	2513	13	2501
ENSG00000284699	0	0	0
ENSG00000230035	0	0	0
ENSG00000235185	0	0	0
ENSG00000225643	6	0	6
ENSG00000284666	0	0	0
ENSG00000228943	0	0	0
ENSG00000234397	0	0	0
ENSG00000284309	0	0	0
ENSG00000162511	17207	41	34441
ENSG00000158014	0	0	0
ENSG00000204138	551	0	551
ENSG00000233419	0	0	0
ENSG00000235263	0	0	0
ENSG00000228176	0	0	0
ENSG00000231251	0	0	0
ENSG00000142675	28	0	28
ENSG00000197245	0	0	0
ENSG00000261025	0	0	0
ENSG00000116237	686	4	730
ENSG00000130772	385	0	385
ENSG00000215899	0	0	0
ENSG00000271398	1	1	0
ENSG00000225011	0	0	0
ENSG00000235069	0	0	0
ENSG00000284676	0	0	0
ENSG00000237058	0	0	0
ENSG00000233399	0	0	0
ENSG00000090020	1040	1	1039
ENSG00000157978	2563	2	2561
ENSG00000226944	0	0	0
ENSG00000270282	0	0	0
ENSG00000130770	424	10	695
ENSG00000229044	0	161	0
ENSG00000162512	153	0	153
ENSG00000158006	707	1	706
ENSG00000214812	1	0	1
ENSG00000126698	1704	5	1699
ENSG00000229447	5	0	5
ENSG00000229607	0	0	0
ENSG00000130766	312	0	312
ENSG00000168528	83	0	83
ENSG00000196581	22	0	22
ENSG00000169403	6930	5	6925
ENSG00000084628	0	0	0
ENSG00000060688	711	2	709
ENSG00000171612	89	0	89
ENSG00000270927	0	0	0
ENSG00000188910	0	0	0
ENSG00000230523	0	0	0
ENSG00000116138	506	82	485
ENSG00000158161	686	2	685
ENSG00000142684	0	1	101
ENSG00000234619	0	0	0
ENSG00000121769	22	21	1
ENSG00000142627	25	0	25
ENSG00000284668	0	0	0
ENSG00000233234	0	0	0
ENSG00000142632	124	0	149
ENSG00000234593	0	0	0
ENSG00000158292	41	0	41
ENSG00000270605	48	0	50
ENSG00000189337	60	1	66
ENSG00000232912	41	0	43
ENSG00000235084	0	0	0
ENSG00000235143	0	0	0
ENSG00000225478	0	0	0
ENSG00000225077	0	34	0
ENSG00000028137	15801	11	15790
ENSG00000238249	2	0	2
ENSG00000204464	1	1	0
ENSG00000233372	0	0	0
ENSG00000283259	0	0	0
ENSG00000284543	4	0	4
ENSG00000130939	1519	1	1518
ENSG00000175147	1	8	1
ENSG00000127472	0	0	0
ENSG00000060656	8	0	8
ENSG00000163867	333	2	331
ENSG00000232768	0	0	0
ENSG00000230214	0	0	0
ENSG00000189280	1	1	0
ENSG00000134698	3297	6	3291
ENSG00000134690	67	0	67
ENSG00000272420	6	0	6
ENSG00000132881	41	0	41
ENSG00000273274	0	0	0
ENSG00000116251	2312	4	2308
ENSG00000272510	2	21	6
ENSG00000158286	40	14	41
ENSG00000236648	0	0	0
ENSG00000232273	0	0	0
ENSG00000009709	0	0	0
ENSG00000287396	0	0	0
ENSG00000223589	0	0	0
ENSG00000158008	1	1	0
ENSG00000130940	114	0	223
ENSG00000116771	125	3	158
ENSG00000237301	4	4	0
ENSG00000162585	298	80	317
ENSG00000163879	0	2	0
ENSG00000227527	2	2	0
ENSG00000116954	437	0	437
ENSG00000228589	6	0	6
ENSG00000163873	4	0	4
ENSG00000117215	8	0	8
ENSG00000196449	170	4	195
ENSG00000230163	0	24	0
ENSG00000227538	0	0	0
ENSG00000232208	14	0	14
ENSG00000236500	0	0	0
ENSG00000044012	0	0	0
ENSG00000179051	2109	4	2646
ENSG00000215895	0	0	0
ENSG00000231868	0	1	0
ENSG00000284650	0	0	0
ENSG00000237329	0	0	0
ENSG00000236948	9	0	9
ENSG00000126067	1292	0	1292
ENSG00000274944	0	0	0
ENSG00000132906	406	0	411
ENSG00000197312	985	0	985
ENSG00000284748	0	0	0
ENSG00000272078	11	120	0
ENSG00000173660	1035	2	1034
ENSG00000224592	0	0	0
ENSG00000233728	0	21	1
ENSG00000230451	0	0	0
ENSG00000231606	0	0	0
ENSG00000215900	0	0	0
ENSG00000284632	0	0	0
ENSG00000241014	13	0	13
ENSG00000054118	3955	7	3948
ENSG00000254553	0	0	0
ENSG00000284653	0	0	0
ENSG00000237749	0	0	0
ENSG00000276747	1	0	1
ENSG00000284705	0	0	0
ENSG00000228776	0	0	0
ENSG00000159339	2485	0	2485
ENSG00000223814	0	0	0
ENSG00000197982	137	26	140
ENSG00000261781	0	0	0
ENSG00000183317	0	0	0
ENSG00000183386	1044	0	1044
ENSG00000284743	0	0	0
ENSG00000158315	0	1	0
ENSG00000204084	710	3	859
ENSG00000186973	0	0	0
ENSG00000271806	7	34	9
ENSG00000146463	881	3	970
ENSG00000279214	0	0	0
ENSG00000183520	342	0	342
ENSG00000271741	0	0	0
ENSG00000214141	0	0	0
ENSG00000142686	236	0	236
ENSG00000224751	0	0	0
ENSG00000279096	0	0	0
ENSG00000117148	0	0	0
ENSG00000230585	0	1	0
ENSG00000117000	763	2	761
ENSG00000284989	0	0	0
ENSG00000231630	0	0	0
ENSG00000092853	31	1	36
ENSG00000255811	0	0	0
ENSG00000134697	723	1	724
ENSG00000187513	4	1	3
ENSG00000238145	0	0	0
ENSG00000225142	0	0	0
ENSG00000230138	21	0	21
ENSG00000223390	1	7	2
ENSG00000285823	0	0	0
ENSG00000284720	0	0	0
ENSG00000225028	0	0	0
ENSG00000225671	0	0	0
ENSG00000116151	34	1	34
ENSG00000226147	0	0	0
ENSG00000182873	49	28	24
ENSG00000006555	196	0	196
ENSG00000236111	0	0	0
ENSG00000066056	16	2	14
ENSG00000214114	447	7	441
ENSG00000173436	95	0	95
ENSG00000116544	10	0	10
ENSG00000231900	0	0	0
ENSG00000236723	0	289	6
ENSG00000232467	0	0	0
ENSG00000117016	93	0	93
ENSG00000121310	443	0	443
ENSG00000169213	0	0	0
ENSG00000163866	548	0	572
ENSG00000225779	0	0	0
ENSG00000284601	0	0	0
ENSG00000237130	0	0	0
ENSG00000143001	0	0	0
ENSG00000229716	0	0	0
ENSG00000226133	0	0	0
ENSG00000227416	0	0	0
ENSG00000232335	0	5	1
ENSG00000260971	0	0	0
ENSG00000259832	0	0	0
ENSG00000284696	0	0	0
ENSG00000238242	0	0	0
ENSG00000285839	0	0	0
ENSG00000237290	0	0	0
ENSG00000232762	0	0	0
ENSG00000117419	335	0	335
ENSG00000162384	464	13	487
ENSG00000162391	1	19	0
ENSG00000174348	36	0	44
ENSG00000154198	0	0	0
ENSG00000117859	1193	41	1176
ENSG00000228121	0	0	0
ENSG00000253313	0	0	0
ENSG00000162396	77	0	77
ENSG00000203995	2	0	2
ENSG00000227742	0	0	0
ENSG00000284686	0	0	0
ENSG00000162378	681	0	681
ENSG00000233079	0	0	0
ENSG00000259818	0	0	0
ENSG00000229444	0	1	0
ENSG00000240563	31	0	31
ENSG00000234318	0	0	0
ENSG00000284773	17	0	17
ENSG00000234481	0	0	0
ENSG00000117862	54	0	54
ENSG00000235612	0	0	0
ENSG00000228369	0	0	0
ENSG00000183431	1621	3	1618
ENSG00000227485	0	0	0
ENSG00000224609	3	0	3
ENSG00000235545	0	0	0
ENSG00000236646	0	0	0
ENSG00000169174	0	0	0
ENSG00000232198	0	0	0
ENSG00000238063	0	0	0
ENSG00000227104	0	0	0
ENSG00000243725	4	0	4
ENSG00000171872	0	0	0
ENSG00000162407	6	0	6
ENSG00000285079	3	0	3
ENSG00000169218	0	0	0
ENSG00000163877	591	8	583
ENSG00000228929	3	0	3
ENSG00000224570	0	0	0
ENSG00000224980	0	0	0
ENSG00000278967	0	0	0
ENSG00000157184	139	32	438
ENSG00000272491	4	0	5
ENSG00000198815	1608	6	1602
ENSG00000134744	1311	8	1304
ENSG00000233910	0	0	0
ENSG00000287703	0	0	0
ENSG00000283039	0	0	0
ENSG00000229032	0	0	0
ENSG00000229294	1	0	1
ENSG00000232993	0	8	0
ENSG00000234088	0	0	0
ENSG00000236973	0	0	0
ENSG00000227947	0	0	0
ENSG00000277397	0	0	0
ENSG00000271200	0	0	0
ENSG00000235446	0	0	0
ENSG00000261196	0	0	0
ENSG00000162385	382	5	377
ENSG00000231413	0	0	0
ENSG00000234264	0	0	0
ENSG00000242391	0	0	0
ENSG00000223883	0	0	0
ENSG00000284808	0	0	0
ENSG00000242267	0	0	0
ENSG00000237227	0	0	0
ENSG00000275350	0	0	0
ENSG00000116652	1	0	7
ENSG00000123080	73	2	72
ENSG00000285778	0	0	0
ENSG00000077549	7640	9	7631
ENSG00000233407	0	0	0
ENSG00000225675	3	0	3
ENSG00000237622	0	0	0
ENSG00000162598	1	0	1
ENSG00000280317	0	0	0
ENSG00000162415	31	0	31
ENSG00000162600	306	0	306
ENSG00000116704	517	1	516
ENSG00000227644	0	0	0
ENSG00000157193	128	3	165
ENSG00000116205	440	0	455
ENSG00000198841	70	0	70
ENSG00000116212	135	0	135
ENSG00000234204	0	0	0
ENSG00000233099	0	0	0
ENSG00000233994	0	0	0
ENSG00000237180	0	0	0
ENSG00000213561	0	0	0
ENSG00000233973	0	0	0
ENSG00000237552	0	0	0
ENSG00000132854	1	1	0
ENSG00000227556	0	0	0
ENSG00000162616	105	1	105
ENSG00000162607	1175	7	1168
ENSG00000233602	1	0	1
ENSG00000233271	0	0	0
ENSG00000285954	27	27	0
ENSG00000233333	0	0	0
ENSG00000154027	305	0	311
ENSG00000234108	0	0	0
ENSG00000232676	0	0	0
ENSG00000225167	0	0	0
ENSG00000132122	112	2	112
ENSG00000213579	0	0	0
ENSG00000137960	3	0	3
ENSG00000237852	7	0	7
ENSG00000116745	0	0	0
ENSG00000132855	0	0	0
ENSG00000285407	0	0	0
ENSG00000272855	0	0	0
ENSG00000270549	0	0	0
ENSG00000237163	0	0	0
ENSG00000229636	0	0	0
ENSG00000116675	22	0	22
ENSG00000162433	13	0	13
ENSG00000213625	1323	3	1320
ENSG00000227207	0	0	0
ENSG00000227016	0	0	0
ENSG00000233664	0	0	0
ENSG00000158966	32	0	32
ENSG00000213703	1	0	1
ENSG00000203965	73	0	75
ENSG00000223479	0	0	0
ENSG00000233674	0	0	0
ENSG00000153898	191	1	190
ENSG00000117069	0	0	0
ENSG00000125703	300	1	299
ENSG00000285041	0	0	0
ENSG00000285808	0	0	0
ENSG00000229440	0	0	0
ENSG00000234144	0	0	0
ENSG00000213540	1	0	1
ENSG00000277670	0	0	0
ENSG00000227466	0	0	0
ENSG00000154007	0	0	0
ENSG00000230498	0	0	0
ENSG00000285782	0	0	0
ENSG00000162618	0	0	0
ENSG00000224493	0	0	0
ENSG00000131233	0	0	0
ENSG00000272371	1	0	1
ENSG00000287647	3	7	2
ENSG00000229225	0	0	0
ENSG00000230863	0	0	0
ENSG00000213560	0	0	0
ENSG00000287224	0	0	0
ENSG00000225598	0	0	0
ENSG00000286455	0	0	0
ENSG00000225087	0	0	0
ENSG00000224986	2	0	2
ENSG00000280378	16	0	16
ENSG00000188786	1188	3	1185
ENSG00000230053	0	0	0
ENSG00000137941	26	0	26
ENSG00000273338	0	0	0
ENSG00000223720	0	0	0
ENSG00000224326	0	0	0
ENSG00000286548	3	0	3
ENSG00000066135	370	2	544
ENSG00000230027	0	0	0
ENSG00000233061	0	0	0
ENSG00000272094	0	0	0
ENSG00000228853	0	0	0
ENSG00000215874	0	0	0
ENSG00000232453	5	0	5
ENSG00000260386	0	0	0
ENSG00000284895	0	0	0
ENSG00000117174	411	5	406
ENSG00000237413	0	0	0
ENSG00000184313	2	0	2
ENSG00000284645	0	0	0
ENSG00000225605	0	0	0
ENSG00000225446	0	0	0
ENSG00000288543	0	0	0
ENSG00000122420	3	0	3
ENSG00000284240	0	0	0
ENSG00000236290	1	1	0
ENSG00000143013	504	0	504
ENSG00000226084	22	0	22
ENSG00000134748	1301	6	1296
ENSG00000142892	665	3	663
ENSG00000219102	5	0	5
ENSG00000184005	53	0	53
ENSG00000230953	5	5	0
ENSG00000287743	0	0	0
ENSG00000229332	0	0	0
ENSG00000227937	0	0	0
ENSG00000229752	0	0	0
ENSG00000237505	7	0	7
ENSG00000285462	0	0	0
ENSG00000233216	0	0	0
ENSG00000197273	0	0	0
ENSG00000226804	0	0	0
ENSG00000285325	0	0	0
ENSG00000230728	0	0	0
ENSG00000162402	3179	4	3175
ENSG00000232846	0	0	0
ENSG00000219201	2	0	2
ENSG00000230787	0	0	0
ENSG00000116641	138	3	135
ENSG00000235927	2	2	3
ENSG00000223920	2	2	0
ENSG00000237453	2	2	0
ENSG00000172260	9	1	9
ENSG00000285473	0	0	0
ENSG00000237959	0	0	0
ENSG00000231364	0	0	0
ENSG00000234578	0	0	0
ENSG00000117480	217	0	217
ENSG00000137944	384	1	383
ENSG00000229505	0	0	0
ENSG00000228187	0	0	0
ENSG00000285201	0	0	0
ENSG00000182183	144	0	144
ENSG00000236407	0	0	0
ENSG00000271949	0	0	0
ENSG00000227062	0	0	0
ENSG00000067334	973	7	966
ENSG00000235011	0	0	0
ENSG00000235673	0	0	0
ENSG00000226938	0	0	0
ENSG00000213559	0	0	0
ENSG00000287587	0	0	0
ENSG00000142949	40	0	40
ENSG00000116133	204	24	206
ENSG00000232882	1	0	1
ENSG00000171502	13	0	13
ENSG00000162399	0	0	0
ENSG00000116157	170	3	167
ENSG00000143036	1	0	1
ENSG00000232672	0	0	0
ENSG00000230817	0	0	0
ENSG00000235613	1	0	1
ENSG00000065243	1546	1	1545
ENSG00000226759	0	0	0
ENSG00000226960	0	0	0
ENSG00000234080	0	0	0
ENSG00000237899	1	0	1
ENSG00000225492	32	1	32
ENSG00000223905	0	0	0
ENSG00000227290	0	0	0
ENSG00000229486	0	0	0
ENSG00000282898	0	0	0
ENSG00000285409	0	0	0
ENSG00000231090	4	0	4
ENSG00000117528	607	0	607
ENSG00000271723	0	0	0
ENSG00000172339	40	0	40
ENSG00000036549	720	0	720
ENSG00000287724	0	19	0
ENSG00000058799	698	1	697
ENSG00000225191	0	0	0
ENSG00000287870	1	0	1
ENSG00000235563	0	0	0
ENSG00000232048	0	0	0
ENSG00000232857	0	0	0
ENSG00000273637	0	0	0
ENSG00000203985	0	0	0
ENSG00000228838	0	1	0
ENSG00000283761	0	0	0
ENSG00000189433	1	1	0
ENSG00000230759	0	0	0
ENSG00000231866	0	0	0
ENSG00000179178	1	0	1
ENSG00000142700	0	0	0
ENSG00000285525	0	0	0
ENSG00000236098	0	0	0
ENSG00000233514	0	0	0
ENSG00000127124	670	1	669
ENSG00000266993	19	42	6
ENSG00000223675	0	0	0
ENSG00000162604	352	0	352
ENSG00000229316	0	0	0
ENSG00000116171	1467	2	1466
ENSG00000287406	0	0	0
ENSG00000225767	0	0	0
ENSG00000234099	1	1	0
ENSG00000137936	42	2	45
ENSG00000235308	5	5	0
ENSG00000232752	0	0	0
ENSG00000235829	0	0	0
ENSG00000143032	0	0	0
ENSG00000226745	0	0	0
ENSG00000178028	698	3	695
ENSG00000280040	0	0	0
ENSG00000168710	1654	4	1650
ENSG00000117519	34	0	34
ENSG00000270507	0	0	0
ENSG00000238037	0	0	0
ENSG00000215869	0	0	0
ENSG00000134215	915	1	914
ENSG00000227935	0	0	0
ENSG00000229887	0	0	0
ENSG00000228502	6	0	6
ENSG00000236268	0	0	0
ENSG00000271277	0	0	0
ENSG00000236888	0	0	0
ENSG00000279778	0	0	0
ENSG00000232015	0	0	0
ENSG00000230955	0	152	0
ENSG00000230828	0	0	0
ENSG00000188641	3151	2	3396
ENSG00000152078	8	0	8
ENSG00000237279	0	0	0
ENSG00000233359	0	0	0
ENSG00000237954	0	0	0
ENSG00000185668	2	0	2
ENSG00000171492	1133	0	1133
ENSG00000233129	0	0	0
ENSG00000170989	3446	9	3437
ENSG00000258634	112	0	178
ENSG00000233557	0	0	0
ENSG00000237897	0	0	0
ENSG00000116299	1729	3	1726
ENSG00000137962	17	0	17
ENSG00000227832	0	0	0
ENSG00000286692	0	0	0
ENSG00000260464	3	0	3
ENSG00000237435	0	0	0
ENSG00000231996	0	0	0
ENSG00000273204	0	2	1
ENSG00000079739	563	6	603
ENSG00000117154	0	0	0
ENSG00000162377	174	9	165
ENSG00000224613	0	0	0
ENSG00000215871	0	0	0
ENSG00000287372	0	0	0
ENSG00000232542	2	0	2
ENSG00000231095	0	0	0
ENSG00000116774	1	0	1
ENSG00000287756	0	0	0
ENSG00000269113	0	0	0
ENSG00000284652	0	0	0
ENSG00000023909	373	1	372
ENSG00000069702	1068	2	1066
ENSG00000232185	0	0	0
ENSG00000230489	3	0	3
ENSG00000228399	1	0	1
ENSG00000236776	0	0	0
ENSG00000285928	4	4	0
ENSG00000224685	0	0	0
ENSG00000287076	0	0	0
ENSG00000237480	0	0	0
ENSG00000271252	0	0	0
ENSG00000230427	1	1	0
ENSG00000235794	0	0	0
ENSG00000286758	0	0	0
ENSG00000237337	0	0	0
ENSG00000233983	0	0	0
ENSG00000198198	1389	87	1741
ENSG00000225183	0	0	0
ENSG00000230402	0	0	0
ENSG00000116793	275	2	273
ENSG00000134201	3	0	3
ENSG00000238122	0	0	0
ENSG00000260879	0	17	1
ENSG00000213366	248	0	248
ENSG00000230864	0	0	0
ENSG00000283354	0	0	0
ENSG00000232918	0	0	0
ENSG00000236360	0	1	0
ENSG00000183298	4	0	4
ENSG00000234332	6	0	6
ENSG00000117525	4	0	4
ENSG00000225079	25	0	25
ENSG00000226483	0	0	0
ENSG00000224238	1	1	0
ENSG00000229537	0	0	0
ENSG00000162699	0	0	0
ENSG00000162692	4	0	4
ENSG00000203914	0	0	0
ENSG00000270457	0	0	0
ENSG00000203858	0	0	0
ENSG00000231987	0	0	0
ENSG00000228057	4	0	4
ENSG00000261593	0	0	0
ENSG00000224445	0	0	0
ENSG00000229842	0	0	0
ENSG00000270631	0	0	0
ENSG00000229201	0	0	0
ENSG00000181656	10	10	0
ENSG00000122481	33	0	33
ENSG00000198162	999	3	996
ENSG00000238198	7	2	5
ENSG00000171517	16	0	16
ENSG00000228852	14	14	0
ENSG00000203864	0	0	0
ENSG00000233482	0	0	0
ENSG00000230250	0	0	0
ENSG00000232878	3	250	0
ENSG00000143079	60	0	60
ENSG00000232450	1	0	1
ENSG00000223575	0	0	0
ENSG00000230768	0	0	0
ENSG00000235202	0	0	0
ENSG00000272715	0	0	0
ENSG00000235038	0	0	0
ENSG00000143093	999	3	996
ENSG00000226415	5	0	5
ENSG00000085491	663	3	679
ENSG00000173947	3	0	3
ENSG00000241361	7	0	7
ENSG00000230434	0	0	0
ENSG00000230718	0	0	0
ENSG00000134198	411	1	410
ENSG00000235595	0	0	0
ENSG00000226053	0	0	0
ENSG00000226128	0	0	0
ENSG00000198799	556	1	629
ENSG00000279513	0	0	0
ENSG00000117620	343	5	341
ENSG00000280186	2	0	2
ENSG00000223906	0	0	0
ENSG00000162688	516	0	516
ENSG00000197106	0	0	0
ENSG00000259946	0	0	0
ENSG00000236137	5	184	2
ENSG00000203859	0	0	0
ENSG00000228086	0	56	0
ENSG00000213421	0	0	0
ENSG00000234020	0	0	0
ENSG00000060718	0	0	0
ENSG00000236804	0	0	0
ENSG00000231072	0	0	0
ENSG00000273406	1	1	0
ENSG00000185946	465	0	465
ENSG00000162627	3	0	3
ENSG00000226715	0	0	0
ENSG00000162695	720	0	720
ENSG00000134184	0	0	1
ENSG00000265808	1155	0	1155
ENSG00000261290	0	0	0
ENSG00000225923	0	0	0
ENSG00000134247	69	0	69
ENSG00000187481	0	0	0
ENSG00000116752	399	1	398
ENSG00000162664	368	0	368
ENSG00000236866	0	0	0
ENSG00000134253	4	2	2
ENSG00000277655	1	0	1
ENSG00000223416	0	0	0
ENSG00000213226	0	0	0
ENSG00000179571	0	0	0
ENSG00000227850	0	0	0
ENSG00000243967	0	0	0
ENSG00000235777	1	1	0
ENSG00000260246	0	1	0
ENSG00000173218	139	0	139
ENSG00000285532	0	0	0
ENSG00000226755	0	0	0
ENSG00000232650	1	0	1
ENSG00000183508	1009	2	1007
ENSG00000277095	0	0	0
ENSG00000236806	0	0	0
ENSG00000234283	0	0	0
ENSG00000237188	0	0	0
ENSG00000232780	0	0	0
ENSG00000274927	0	0	0
ENSG00000264145	0	0	0
ENSG00000238256	0	0	0
ENSG00000198765	0	0	0
ENSG00000224335	0	0	0
ENSG00000277702	0	0	0
ENSG00000143398	880	1	879
ENSG00000196505	558	3	556
ENSG00000225871	23	59	1
ENSG00000223489	0	0	0
ENSG00000230546	0	0	0
ENSG00000213262	0	0	0
ENSG00000287015	0	0	0
ENSG00000241720	0	1	0
ENSG00000235526	0	0	0
ENSG00000228347	0	0	0
ENSG00000276975	0	0	0
ENSG00000236012	0	0	0
ENSG00000270911	1	1	0
ENSG00000272824	0	0	0
ENSG00000134200	3	3	0
ENSG00000234257	0	0	0
ENSG00000065183	632	3	683
ENSG00000227082	2	0	2
ENSG00000228626	0	0	0
ENSG00000226126	0	0	0
ENSG00000163393	342	3	339
ENSG00000163156	602	6	598
ENSG00000143631	1	3	0
ENSG00000156150	0	66	0
ENSG00000228453	0	0	0
ENSG00000274642	0	0	0
ENSG00000177551	0	0	0
ENSG00000197323	1699	1	1698
ENSG00000237975	2	0	4
ENSG00000261168	1	0	1
ENSG00000287980	0	0	0
ENSG00000229283	0	0	0
ENSG00000271419	0	0	0
ENSG00000226172	0	0	0
ENSG00000079335	595	9	642
ENSG00000143119	13725	9	13716
ENSG00000237278	0	74	0
ENSG00000285062	0	0	0
ENSG00000233432	0	0	0
ENSG00000227700	0	0	0
ENSG00000229911	0	0	0
ENSG00000143520	0	0	0
ENSG00000171943	170	4	167
ENSG00000270719	0	0	0
ENSG00000155761	2	53	2
ENSG00000230806	0	0	0
ENSG00000116830	263	1	262
ENSG00000234422	0	0	0
ENSG00000227056	1	1	0
ENSG00000143614	1633	3	1630
ENSG00000227091	0	0	0
ENSG00000169418	0	0	0
ENSG00000214204	0	0	0
ENSG00000081026	66	8	58
ENSG00000225650	0	0	0
ENSG00000227179	0	0	0
ENSG00000224965	2	0	2
ENSG00000228127	1	1	0
ENSG00000226984	0	0	0
ENSG00000186150	0	0	0
ENSG00000143554	812	4	808
ENSG00000143458	693	3	690
ENSG00000230932	0	0	0
ENSG00000073754	0	0	0
ENSG00000228826	0	0	0
ENSG00000233907	0	0	0
ENSG00000225036	0	0	0
ENSG00000228420	0	0	0
ENSG00000233839	0	0	0
ENSG00000250890	0	0	0
ENSG00000232240	0	0	0
ENSG00000280649	24	16	34
ENSG00000131781	166	25	152
ENSG00000223599	1	0	1
ENSG00000230921	0	0	0
ENSG00000286151	23	0	23
ENSG00000234388	0	0	0
ENSG00000235015	0	0	0
ENSG00000271736	26	0	26
ENSG00000235988	0	0	0
ENSG00000233717	0	0	0
ENSG00000231551	70	21	50
ENSG00000227295	7	0	7
ENSG00000163155	62	58	18
ENSG00000243613	0	94	0
ENSG00000241975	7	0	7
ENSG00000271143	0	0	0
ENSG00000270976	0	0	0
ENSG00000228217	0	0	0
ENSG00000270342	0	0	0
ENSG00000143552	4	3	1
ENSG00000175984	27	0	27
ENSG00000231100	0	0	0
ENSG00000116824	2468	2	2466
ENSG00000235887	0	0	0
ENSG00000237460	0	0	0
ENSG00000236327	0	0	0
ENSG00000223804	37	6	31
ENSG00000236887	0	0	0
ENSG00000024526	6	0	6
ENSG00000236480	0	0	0
ENSG00000235756	0	0	0
ENSG00000173810	0	0	0
ENSG00000235005	0	0	0
ENSG00000271890	0	0	0
ENSG00000238107	0	0	0
ENSG00000227425	0	0	0
ENSG00000233222	0	13	1
ENSG00000225279	0	0	0
ENSG00000229101	0	0	0
ENSG00000224927	0	0	0
ENSG00000239216	0	0	0
ENSG00000283360	3	3	0
ENSG00000117262	75	0	75
ENSG00000227907	2	2	0
ENSG00000143624	1658	3	1841
ENSG00000227970	0	0	0
ENSG00000261055	3	0	3
ENSG00000231613	4	0	4
ENSG00000137947	730	0	730
ENSG00000236689	0	0	0
ENSG00000233589	0	0	0
ENSG00000117586	172	0	172
ENSG00000230946	1	1	0
ENSG00000226028	0	0	0
ENSG00000162728	1	0	1
ENSG00000229021	0	0	0
ENSG00000203825	0	0	0
ENSG00000184371	342	0	342
ENSG00000233449	0	0	0
ENSG00000242943	0	0	0
ENSG00000233203	0	0	0
ENSG00000232499	0	0	0
ENSG00000232265	2	0	2
ENSG00000163154	1381	1	1394
ENSG00000232995	9	1	9
ENSG00000236957	0	0	0
ENSG00000238087	0	0	0
ENSG00000227777	0	0	0
ENSG00000177173	5	0	5
ENSG00000277406	58	1	57
ENSG00000238022	0	0	0
ENSG00000231671	0	0	0
ENSG00000162729	609	0	609
ENSG00000143158	277	27	364
ENSG00000271092	5	1	4
ENSG00000238118	0	0	0
ENSG00000276118	0	0	0
ENSG00000232148	0	0	0
ENSG00000278811	13	74	0
ENSG00000000460	60	152	77
ENSG00000188859	0	0	0
ENSG00000275075	0	0	0
ENSG00000135862	183	1	182
ENSG00000232952	0	0	0
ENSG00000158473	1200	4	1196
ENSG00000227722	0	0	0
ENSG00000285922	0	0	0
ENSG00000275801	1	0	1
ENSG00000143198	463	0	463
ENSG00000143318	1	1	0
ENSG00000232188	0	0	0
ENSG00000232212	0	0	0
ENSG00000143621	1850	11	1845
ENSG00000241042	0	0	0
ENSG00000143155	629	2	627
ENSG00000260322	0	0	0
ENSG00000223495	0	0	0
ENSG00000143156	57	4	80
ENSG00000198771	6982	21	7101
ENSG00000225462	0	0	0
ENSG00000237756	0	0	0
ENSG00000116147	10	0	10
ENSG00000213064	2354	0	2602
ENSG00000203307	0	0	0
ENSG00000143179	175	2	222
ENSG00000271187	0	0	0
ENSG00000274562	0	0	0
ENSG00000143315	320	0	320
ENSG00000116199	775	3	772
ENSG00000231175	0	0	0
ENSG00000143185	39	0	39
ENSG00000235145	0	0	0
ENSG00000116260	1441	0	1441
ENSG00000272931	9	0	9
ENSG00000143190	690	3	760
ENSG00000225475	0	0	0
ENSG00000230898	0	0	0
ENSG00000232223	0	0	0
ENSG00000224698	0	0	0
ENSG00000287697	3	4	4
ENSG00000075945	386	1	425
ENSG00000235303	0	0	0
ENSG00000234810	11	0	11
ENSG00000232750	0	0	0
ENSG00000224468	0	0	0
ENSG00000235628	0	0	0
ENSG00000232551	0	0	0
ENSG00000092607	0	0	0
ENSG00000238270	0	0	0
ENSG00000285894	0	0	0
ENSG00000236025	0	0	0
ENSG00000230687	0	0	0
ENSG00000230704	0	0	0
ENSG00000283255	0	0	0
ENSG00000227741	9	81	8
ENSG00000237049	0	0	0
ENSG00000286754	0	0	0
ENSG00000232751	0	0	0
ENSG00000236364	2	51	0
ENSG00000117091	1952	13	5826
ENSG00000235378	0	0	0
ENSG00000143171	0	0	0
ENSG00000275767	0	0	0
ENSG00000224718	0	0	0
ENSG00000047410	3946	17	4223
ENSG00000231992	0	0	0
ENSG00000018625	0	0	0
ENSG00000171806	198	1	216
ENSG00000287919	0	0	0
ENSG00000229914	3	0	3
ENSG00000233882	0	0	0
ENSG00000198358	0	0	0
ENSG00000229407	0	0	0
ENSG00000134216	0	0	0
ENSG00000230748	0	0	0
ENSG00000254154	0	0	0
ENSG00000162694	65	1	67
ENSG00000238108	0	0	0
ENSG00000214262	0	248	0
ENSG00000183853	0	0	0
ENSG00000215835	6	0	6
ENSG00000118197	446	0	446
ENSG00000135842	6185	12	6173
ENSG00000229258	2	0	2
ENSG00000287472	0	0	0
ENSG00000241318	0	0	0
ENSG00000228238	0	0	0
ENSG00000232393	0	0	0
ENSG00000121454	12	75	2
ENSG00000184155	0	0	0
ENSG00000058085	0	0	0
ENSG00000260088	0	0	0
ENSG00000287978	122	0	122
ENSG00000116815	455	0	455
ENSG00000232917	0	0	0
ENSG00000233057	2	0	2
ENSG00000237131	0	0	0
ENSG00000233946	0	0	0
ENSG00000143167	274	0	274
ENSG00000143184	58	1	57
ENSG00000231966	1	0	1
ENSG00000176320	1	0	1
ENSG00000260976	0	0	0
ENSG00000235215	0	0	0
ENSG00000223450	0	0	0
ENSG00000224691	0	0	0
ENSG00000286572	0	0	0
ENSG00000235101	6	3	3
ENSG00000228215	3	0	3
ENSG00000177807	2	1	1
ENSG00000233626	2	2	0
ENSG00000233691	0	0	0
ENSG00000283518	0	0	0
ENSG00000271527	0	0	0
ENSG00000143228	31	0	32
ENSG00000235827	0	0	0
ENSG00000231615	0	0	0
ENSG00000231714	0	0	0
ENSG00000174514	28	15	37
ENSG00000143178	78	0	78
ENSG00000224837	0	0	0
ENSG00000116833	0	0	0
ENSG00000227740	1	0	2
ENSG00000260990	0	0	0
ENSG00000000457	319	33	436
ENSG00000143507	167	0	167
ENSG00000285638	0	0	0
ENSG00000226520	0	0	0
ENSG00000284592	0	0	0
ENSG00000230987	0	0	0
ENSG00000232527	0	0	0
ENSG00000215833	0	0	0
ENSG00000228167	0	0	0
ENSG00000225325	0	0	0
ENSG00000223344	0	0	0
ENSG00000228191	0	0	0
ENSG00000229961	55	0	55
ENSG00000150732	0	0	0
ENSG00000157064	6	0	6
ENSG00000288139	0	0	0
ENSG00000226015	20	2	18
ENSG00000215808	0	0	0
ENSG00000059588	628	2	626
ENSG00000231512	0	0	0
ENSG00000237379	0	0	0
ENSG00000232959	0	40	0
ENSG00000122224	1037	25	1012
ENSG00000162782	0	0	0
ENSG00000238051	0	0	0
ENSG00000233196	1	1	0
ENSG00000229220	0	0	0
ENSG00000143653	318	2	316
ENSG00000135837	2010	0	2011
ENSG00000158711	2208	15	2217
ENSG00000227747	0	0	0
ENSG00000228081	0	0	0
ENSG00000228020	0	0	0
ENSG00000234975	4	1	3
ENSG00000162851	158	1	157
ENSG00000271427	4	0	4
ENSG00000261817	0	0	0
ENSG00000143353	287	1	310
ENSG00000197965	1087	0	1087
ENSG00000143493	291	0	291
ENSG00000230777	2	3	0
ENSG00000179397	5	0	5
ENSG00000224540	0	0	0
ENSG00000117592	3322	0	3322
ENSG00000186197	13	0	13
ENSG00000229067	0	0	0
ENSG00000230231	1	1	0
ENSG00000227711	0	0	0
ENSG00000261182	0	0	0
ENSG00000228879	0	0	0
ENSG00000227925	1	0	1
ENSG00000162670	0	0	0
ENSG00000225712	0	0	0
ENSG00000162761	0	0	0
ENSG00000143199	3	0	3
ENSG00000179930	0	0	0
ENSG00000007908	1	1	0
ENSG00000092978	217	0	217
ENSG00000143499	384	3	381
ENSG00000188404	30848	28	30820
ENSG00000227735	0	0	0
ENSG00000243062	0	0	0
ENSG00000143196	0	0	0
ENSG00000228504	0	0	0
ENSG00000274702	0	0	0
ENSG00000226211	0	0	0
ENSG00000236942	0	0	0
ENSG00000287205	0	0	0
ENSG00000203697	5	0	5
ENSG00000116574	563	0	563
ENSG00000287929	0	0	0
ENSG00000186283	770	3	767
ENSG00000224896	0	0	0
ENSG00000226292	0	0	0
ENSG00000121481	496	0	496
ENSG00000227940	0	0	0
ENSG00000117139	1093	1	1092
ENSG00000143248	10	0	10
ENSG00000278455	0	0	0
ENSG00000224810	0	0	0
ENSG00000162814	0	0	0
ENSG00000225172	0	0	0
ENSG00000261642	0	0	0
ENSG00000228239	0	0	0
ENSG00000237283	0	0	0
ENSG00000116132	0	0	0
ENSG00000238042	2	0	2
ENSG00000271475	0	0	0
ENSG00000231877	0	0	0
ENSG00000116679	4141	4	4137
ENSG00000228536	0	0	0
ENSG00000230550	1	2	0
ENSG00000229242	0	0	0
ENSG00000253326	2	0	2
ENSG00000228470	0	0	0
ENSG00000152092	0	0	0
ENSG00000234984	0	0	0
ENSG00000231648	0	0	0
ENSG00000229983	0	0	0
ENSG00000215149	0	0	0
ENSG00000225122	0	0	0
ENSG00000225920	7	7	0
ENSG00000143476	39	0	39
ENSG00000121486	704	0	704
ENSG00000228437	0	0	0
ENSG00000214837	9	0	9
ENSG00000057252	1669	2	1667
ENSG00000225982	0	0	0
ENSG00000285718	0	0	0
ENSG00000234070	0	0	0
ENSG00000233620	0	0	0
ENSG00000237783	0	0	0
ENSG00000272906	12	1	28
ENSG00000233018	0	0	0
ENSG00000123685	51	1	50
ENSG00000224783	0	0	0
ENSG00000162852	1230	2	1228
ENSG00000232792	0	0	0
ENSG00000273004	4	0	4
ENSG00000143842	154	1	153
ENSG00000268062	3	3	0
ENSG00000237409	0	0	0
ENSG00000116962	504	1	503
ENSG00000288078	0	0	0
ENSG00000271399	0	0	0
ENSG00000229757	2	2	0
ENSG00000232679	0	0	0
ENSG00000159388	5012	4	5008
ENSG00000220749	33	0	33
ENSG00000181450	138	0	138
ENSG00000223519	20	5	67
ENSG00000120333	357	9	372
ENSG00000286285	13	0	13
ENSG00000225300	0	0	0
ENSG00000223842	3	3	0
ENSG00000162753	0	0	1
ENSG00000228247	0	0	0
ENSG00000231424	2	0	2
ENSG00000143355	0	0	0
ENSG00000287177	0	0	0
ENSG00000237193	0	0	0
ENSG00000223490	0	0	0
ENSG00000121644	567	0	567
ENSG00000174502	0	0	0
ENSG00000224286	0	0	0
ENSG00000158715	231	1	230
ENSG00000143195	3	0	3
ENSG00000162849	10	2	8
ENSG00000232824	0	0	0
ENSG00000273416	0	0	0
ENSG00000234142	3	0	3
ENSG00000282111	0	0	0
ENSG00000233410	2	0	2
ENSG00000067533	262	1	261
ENSG00000228955	0	0	0
ENSG00000270443	0	0	0
ENSG00000116209	3257	5	3253
ENSG00000224702	0	0	0
ENSG00000271811	0	0	0
ENSG00000224278	0	0	0
ENSG00000235492	0	0	0
ENSG00000287808	4	59	4
ENSG00000271588	0	0	0
ENSG00000229840	0	0	0
ENSG00000116161	865	50	844
ENSG00000226486	0	0	0
ENSG00000227687	0	0	0
ENSG00000231814	0	0	0
ENSG00000286210	0	0	0
ENSG00000287364	0	0	0
ENSG00000225063	0	0	0
ENSG00000260698	10	0	10
ENSG00000277007	9	0	9
ENSG00000229016	0	0	0
ENSG00000077157	1363	2	1383
ENSG00000152104	3	1	2
ENSG00000236975	0	0	0
ENSG00000215834	0	0	0
ENSG00000286541	0	0	0
ENSG00000117650	11	0	11
ENSG00000235021	0	0	0
ENSG00000203724	1	0	1
ENSG00000225006	0	0	0
ENSG00000287633	0	0	0
ENSG00000158764	0	0	0
ENSG00000223375	1	0	1
ENSG00000230714	0	0	0
ENSG00000261065	0	3	0
ENSG00000260855	8	1	7
ENSG00000188783	0	0	0
ENSG00000236206	0	0	0
ENSG00000168118	576	1	576
ENSG00000181101	0	0	0
ENSG00000173726	1853	2	1851
ENSG00000282852	0	0	0
ENSG00000152382	292	5	288
ENSG00000143839	0	0	0
ENSG00000232100	0	0	0
ENSG00000261024	1	0	1
ENSG00000230547	0	0	0
ENSG00000229703	0	0	0
ENSG00000176754	0	0	0
ENSG00000232309	0	0	0
ENSG00000227953	12	54	10
ENSG00000232215	0	0	0
ENSG00000135829	3943	18	3984
ENSG00000228289	0	0	0
ENSG00000134717	840	1	839
ENSG00000232989	0	0	0
ENSG00000233537	0	0	0
ENSG00000116668	149	16	133
ENSG00000143756	757	0	757
ENSG00000278180	0	0	0
ENSG00000143702	781	0	885
ENSG00000232341	0	0	0
ENSG00000287676	1	0	1
ENSG00000236792	0	0	0
ENSG00000143207	1643	3	1640
ENSG00000270859	0	0	0
ENSG00000238224	0	0	0
ENSG00000286775	0	0	0
ENSG00000122176	0	0	0
ENSG00000229120	1	1	0
ENSG00000237492	0	0	0
ENSG00000230404	0	0	0
ENSG00000213036	0	0	0
ENSG00000227230	1	54	0
ENSG00000236230	0	0	0
ENSG00000026751	1540	1	1539
ENSG00000150681	2475	2	3053
ENSG00000116906	773	1	772
ENSG00000092969	7	0	7
ENSG00000157181	313	2	311
ENSG00000250762	0	0	0
ENSG00000236720	0	0	0
ENSG00000227421	0	0	0
ENSG00000227240	6	0	6
ENSG00000076258	55	0	55
ENSG00000286073	0	0	0
ENSG00000231084	7	7	0
ENSG00000232085	0	51	0
ENSG00000117697	663	1	662
ENSG00000279333	0	0	3
ENSG00000235083	0	0	0
ENSG00000162669	1	0	1
ENSG00000197067	0	0	0
ENSG00000229652	0	0	0
ENSG00000132681	0	0	0
ENSG00000225904	0	0	0
ENSG00000270920	0	0	0
ENSG00000281664	0	0	0
ENSG00000143641	821	0	1226
ENSG00000227630	5	0	5
ENSG00000228830	0	1027	0
ENSG00000010932	6	1	5
ENSG00000282849	0	0	0
ENSG00000276520	0	0	0
ENSG00000226640	0	0	0
ENSG00000010072	255	69	253
ENSG00000135766	107	2	105
ENSG00000232626	0	0	0
ENSG00000232096	0	0	0
ENSG00000279261	0	0	0
ENSG00000213051	0	0	0
ENSG00000238054	0	0	0
ENSG00000163534	875	1	874
ENSG00000168243	1	0	1
ENSG00000281453	0	0	0
ENSG00000237469	0	0	0
ENSG00000224939	0	0	0
ENSG00000227613	0	0	0
ENSG00000116183	1	0	1
ENSG00000270106	1	0	1
ENSG00000232194	0	0	0
ENSG00000235152	0	0	0
ENSG00000231612	0	0	0
ENSG00000237980	2	0	2
ENSG00000271036	0	0	0
ENSG00000230849	0	0	0
ENSG00000170382	126	134	0
ENSG00000228664	0	0	0
ENSG00000226868	0	0	0
ENSG00000279401	0	0	0
ENSG00000272362	0	0	0
ENSG00000287450	0	0	0
ENSG00000237011	0	0	0
ENSG00000233583	1	0	1
ENSG00000066027	3366	1	3365
ENSG00000286263	0	0	0
ENSG00000227006	3	3	0
ENSG00000236372	0	0	0
ENSG00000224525	0	0	0
ENSG00000188770	0	0	0
ENSG00000173728	2	2	0
ENSG00000094975	808	1	807
ENSG00000225811	0	0	0
ENSG00000273093	1	0	1
ENSG00000162772	55	1	54
ENSG00000227818	0	0	0
ENSG00000135828	1126	4	1122
ENSG00000224227	3	0	3
ENSG00000286398	0	0	0
ENSG00000076356	99	0	99
ENSG00000215819	0	0	0
ENSG00000185523	1	0	1
ENSG00000236108	0	0	0
ENSG00000116711	157	1	156
ENSG00000231684	0	0	0
ENSG00000226750	0	0	0
ENSG00000285665	3	0	3
ENSG00000231022	0	0	0
ENSG00000224436	0	0	0
ENSG00000228208	0	0	0
ENSG00000273384	0	0	0
ENSG00000238061	0	0	0
ENSG00000234915	0	0	0
ENSG00000143845	13	0	17
ENSG00000235862	0	0	0
ENSG00000069812	1	0	1
ENSG00000227585	0	0	0
ENSG00000157060	0	0	0
ENSG00000237213	0	0	0
ENSG00000236439	43	1	43
ENSG00000224260	0	0	0
ENSG00000213045	1	1	0
ENSG00000287220	0	0	0
ENSG00000230063	0	0	0
ENSG00000235467	0	0	0
ENSG00000123684	3503	6	3497
ENSG00000117707	4	0	4
ENSG00000228044	0	0	0
ENSG00000225338	0	0	0
ENSG00000224407	0	405	0
ENSG00000232463	0	0	0
ENSG00000237457	0	0	0
ENSG00000225171	3	0	3
ENSG00000226843	0	0	0
ENSG00000235386	0	0	0
ENSG00000123836	474	48	474
ENSG00000213690	0	0	0
ENSG00000223982	0	0	0
ENSG00000229832	4	1	3
ENSG00000117691	242	0	242
ENSG00000225233	0	0	0
ENSG00000274895	0	0	0
ENSG00000237514	0	0	0
ENSG00000287856	0	0	0
ENSG00000228067	0	0	0
ENSG00000284299	0	0	0
ENSG00000226375	1	0	1
ENSG00000203705	334	1	333
ENSG00000224040	0	0	0
ENSG00000228686	27	27	0
ENSG00000279838	12	2	10
ENSG00000174175	217	0	218
ENSG00000236401	0	0	0
ENSG00000241475	0	0	0
ENSG00000215800	0	0	0
ENSG00000286421	0	0	0
ENSG00000270936	0	0	0
ENSG00000008118	0	0	0
ENSG00000171161	783	2	781
ENSG00000241505	0	0	0
ENSG00000224535	0	0	0
ENSG00000282097	0	0	0
ENSG00000261453	1	1	0
ENSG00000231020	0	0	0
ENSG00000270818	0	0	0
ENSG00000196878	7	0	7
ENSG00000133059	652	0	652
ENSG00000225561	0	0	0
ENSG00000224668	0	0	0
ENSG00000242529	0	0	0
ENSG00000074964	681	0	681
ENSG00000223847	0	0	0
ENSG00000277704	0	0	0
ENSG00000116918	738	12	738
ENSG00000274020	142	3	190
ENSG00000287445	0	0	0
ENSG00000259815	0	0	0
ENSG00000240963	0	0	0
ENSG00000226570	0	0	0
ENSG00000198929	2	0	2
ENSG00000272167	0	0	0
ENSG00000230628	0	0	0
ENSG00000162771	0	0	0
ENSG00000227579	0	0	0
ENSG00000176393	1219	1	1892
ENSG00000174606	661	2	659
ENSG00000179914	41	1	40
ENSG00000235750	3358	4	3354
ENSG00000284376	0	0	0
ENSG00000121446	0	0	0
ENSG00000226758	1	0	1
ENSG00000230199	0	0	0
ENSG00000236905	0	1	0
ENSG00000233304	0	0	0
ENSG00000288007	4	0	4
ENSG00000227887	0	0	0
ENSG00000116903	799	1	864
ENSG00000228255	0	0	0
ENSG00000226196	0	0	0
ENSG00000287354	0	5	0
ENSG00000233827	0	0	0
ENSG00000198797	0	0	0
ENSG00000271746	2	0	2
ENSG00000234233	0	0	0
ENSG00000151414	2415	3	2412
ENSG00000177614	3	0	3
ENSG00000223794	0	0	0
ENSG00000235182	0	0	0
ENSG00000213041	1	1	0
ENSG00000287157	0	0	0
ENSG00000233920	0	0	0
ENSG00000183831	0	0	0
ENSG00000225755	1	1	0
ENSG00000143858	36	57	1
ENSG00000197472	0	0	0
ENSG00000230184	0	0	0
ENSG00000234004	0	0	0
ENSG00000232436	0	0	0
ENSG00000231718	0	0	0
ENSG00000283952	0	0	0
ENSG00000230019	0	0	0
ENSG00000136643	415	0	415
ENSG00000232537	0	0	0
ENSG00000226036	0	0	0
ENSG00000285521	0	0	0
ENSG00000236317	1	0	1
ENSG00000176855	0	0	0
ENSG00000227728	0	0	0
ENSG00000133069	308	3	305
ENSG00000162877	1	0	1
ENSG00000233461	25	0	25
ENSG00000225401	3	0	3
ENSG00000228190	0	0	0
ENSG00000135747	1	0	1
ENSG00000227237	2	2	0
ENSG00000069248	955	0	956
ENSG00000232812	0	0	0
ENSG00000231666	0	0	0
ENSG00000226986	0	0	0
ENSG00000242042	0	0	0
ENSG00000234464	0	0	0
ENSG00000253148	0	0	0
ENSG00000227751	0	541	0
ENSG00000090104	33	0	33
ENSG00000285280	12	581	11
ENSG00000232892	0	0	0
ENSG00000236950	0	0	0
ENSG00000236468	0	0	0
ENSG00000143322	399	1	398
ENSG00000185220	264	0	264
ENSG00000226003	1	1	0
ENSG00000230813	0	0	0
ENSG00000226862	5	0	6
ENSG00000236101	0	0	0
ENSG00000162769	190	0	190
ENSG00000133065	503	1	502
ENSG00000278684	0	0	0
ENSG00000236775	0	0	0
ENSG00000042781	0	0	0
ENSG00000234754	0	0	0
ENSG00000233084	8	0	8
ENSG00000227815	0	0	0
ENSG00000287046	0	0	0
ENSG00000223774	0	0	0
ENSG00000228863	14	3885	16
ENSG00000228646	0	0	0
ENSG00000229112	0	0	0
ENSG00000233332	0	0	0
ENSG00000231984	0	0	0
ENSG00000286213	0	0	0
ENSG00000226876	0	0	0
ENSG00000277462	35	0	35
ENSG00000225591	0	0	0
ENSG00000035687	1079	1	1078
ENSG00000213080	1	0	1
ENSG00000180287	0	0	0
ENSG00000226693	0	0	0
ENSG00000234678	47	724	0
ENSG00000231272	0	0	0
ENSG00000223828	0	0	0
ENSG00000163431	1	0	1
ENSG00000230124	310	1	374
ENSG00000226723	0	0	0
ENSG00000272672	1	0	1
ENSG00000143473	0	3	0
ENSG00000228982	0	0	0
ENSG00000235096	0	0	0
ENSG00000237250	0	0	0
ENSG00000007341	71	17	104
ENSG00000286747	0	0	0
ENSG00000236069	0	0	0
ENSG00000236244	0	0	0
ENSG00000272865	0	0	0
ENSG00000117222	789	1	788
ENSG00000143324	527	0	527
ENSG00000229871	0	0	0
ENSG00000225222	0	0	0
ENSG00000118193	15	0	15
ENSG00000234116	0	0	0
ENSG00000231940	0	0	0
ENSG00000198842	0	0	0
ENSG00000286619	55	0	55
ENSG00000198756	71	0	71
ENSG00000259823	2	2	0
ENSG00000271558	0	0	0
ENSG00000227554	0	0	0
ENSG00000178596	0	0	0
ENSG00000135749	277	6	311
ENSG00000143786	23	0	23
ENSG00000224584	0	0	0
ENSG00000054282	291	33	322
ENSG00000183780	20	0	20
ENSG00000229663	1	1	0
ENSG00000162702	824	0	824
ENSG00000251508	0	0	0
ENSG00000238272	0	1	0
ENSG00000228530	0	0	0
ENSG00000235060	0	0	0
ENSG00000143194	3	0	3
ENSG00000229531	0	0	0
ENSG00000271329	0	0	0
ENSG00000054267	2111	12	2099
ENSG00000261831	0	0	0
ENSG00000287921	0	0	0
ENSG00000177800	0	0	0
ENSG00000225620	0	0	0
ENSG00000232166	0	0	0
ENSG00000175137	1570	3	1567
ENSG00000134245	11	43	6
ENSG00000234041	0	0	0
ENSG00000227373	8	0	8
ENSG00000231905	0	0	0
ENSG00000228175	1	1	0
ENSG00000069275	2415	9	2406
ENSG00000143674	47	0	47
ENSG00000237317	0	0	0
ENSG00000187889	0	0	0
ENSG00000134375	511	1	510
ENSG00000097046	109	1	108
ENSG00000232113	0	0	0
ENSG00000282718	0	0	0
ENSG00000231378	0	0	0
ENSG00000235605	1	1	1
ENSG00000223525	1	0	1
ENSG00000224857	1	1	0
ENSG00000273367	5	0	5
ENSG00000230604	3	3	0
ENSG00000231605	0	0	0
ENSG00000236358	2	0	2
ENSG00000203737	0	0	0
ENSG00000238003	0	0	0
ENSG00000215873	0	0	0
ENSG00000287008	0	0	0
ENSG00000185420	107	0	107
ENSG00000076321	364	0	364
ENSG00000272175	0	0	3
ENSG00000231564	0	0	0
ENSG00000135778	237	37	240
ENSG00000213070	0	0	0
ENSG00000282265	0	0	0
ENSG00000250536	0	0	0
ENSG00000229747	0	0	0
ENSG00000117280	1521	1	1520
ENSG00000233985	0	0	0
ENSG00000232175	0	0	0
ENSG00000287423	0	0	0
ENSG00000286774	0	0	0
ENSG00000236719	0	0	0
ENSG00000136636	127	0	127
ENSG00000225486	0	0	0
ENSG00000227043	0	0	0
ENSG00000163874	438	3	435
ENSG00000285777	0	0	0
ENSG00000237249	0	0	0
ENSG00000286109	0	0	0
ENSG00000213068	0	0	0
ENSG00000054392	55	0	60
ENSG00000227994	0	0	0
ENSG00000286552	0	0	0
ENSG00000225711	0	0	0
ENSG00000122223	1122	25	1097
ENSG00000235869	0	0	0
ENSG00000188739	7	0	7
ENSG00000286666	0	0	0
ENSG00000135750	2	0	2
ENSG00000273198	0	0	0
ENSG00000203730	2	2	0
ENSG00000225719	0	0	0
ENSG00000273483	0	0	0
ENSG00000287987	0	0	0
ENSG00000203729	1	0	1
ENSG00000232809	0	0	0
ENSG00000284623	0	0	0
ENSG00000285981	0	0	0
ENSG00000261729	0	0	0
ENSG00000223869	0	0	0
ENSG00000229228	1	1	0
ENSG00000215796	0	0	0
ENSG00000185221	0	0	0
ENSG00000233047	0	0	0
ENSG00000143341	1	0	1
ENSG00000228309	0	0	0
ENSG00000229739	8	0	8
ENSG00000116703	0	0	0
ENSG00000273874	0	0	0
ENSG00000278791	0	4	0
ENSG00000278757	5	0	5
ENSG00000264341	0	0	0
ENSG00000264101	0	0	0
ENSG00000265141	0	0	0
ENSG00000221083	0	0	0
ENSG00000252404	0	0	0
ENSG00000222511	0	0	0
ENSG00000265392	0	0	0
ENSG00000243267	1	0	1
ENSG00000201725	0	0	0
ENSG00000274258	0	0	0
ENSG00000239149	1	0	1
ENSG00000252151	0	0	0
ENSG00000252969	0	0	0
ENSG00000252417	0	0	0
ENSG00000200975	0	0	0
ENSG00000201609	0	0	0
ENSG00000238482	0	0	0
ENSG00000252956	0	0	0
ENSG00000265606	0	0	0
ENSG00000284357	0	0	0
ENSG00000278034	0	0	0
ENSG00000207237	0	0	0
ENSG00000222784	0	0	0
ENSG00000266210	0	0	0
ENSG00000265961	0	0	0
ENSG00000251866	0	0	0
ENSG00000252691	0	0	0
ENSG00000264371	0	0	0
ENSG00000253005	0	0	0
ENSG00000238316	0	0	0
ENSG00000207941	0	0	0
ENSG00000264773	1	0	1
ENSG00000252448	0	0	0
ENSG00000200421	0	0	0
ENSG00000222282	1	1	0
ENSG00000199963	0	0	0
ENSG00000264698	0	0	0
ENSG00000207328	0	0	0
ENSG00000207466	0	0	0
ENSG00000252368	0	0	0
ENSG00000206779	0	0	0
ENSG00000265596	0	0	0
ENSG00000212541	7	7	0
ENSG00000200796	0	0	0
ENSG00000252190	0	0	0
ENSG00000264613	0	0	0
ENSG00000199240	0	0	0
ENSG00000277168	0	0	0
ENSG00000283724	0	0	0
ENSG00000284410	0	0	0
ENSG00000252018	0	0	0
ENSG00000206627	0	0	0
ENSG00000283414	0	0	0
ENSG00000207508	0	0	0
ENSG00000200171	0	0	0
ENSG00000207194	0	0	0
ENSG00000283477	0	0	0
ENSG00000264834	0	0	0
ENSG00000263675	3	0	3
ENSG00000266188	0	0	0
ENSG00000206981	0	0	0
ENSG00000200174	0	0	0
ENSG00000265822	0	0	0
ENSG00000265815	0	0	0
ENSG00000238653	0	0	0
ENSG00000212624	0	0	0
ENSG00000200575	0	0	0
ENSG00000212360	0	0	0
ENSG00000242860	0	0	0
ENSG00000263908	0	0	0
ENSG00000283690	0	0	0
ENSG00000199921	0	0	0
ENSG00000251825	0	0	0
ENSG00000201153	0	0	0
ENSG00000222624	0	0	0
ENSG00000223152	0	0	0
ENSG00000212308	0	0	0
ENSG00000279049	0	14	0
ENSG00000276081	0	0	0
ENSG00000239640	0	0	0
ENSG00000252338	0	0	0
ENSG00000251785	0	0	0
ENSG00000239319	0	0	0
ENSG00000222849	0	0	0
ENSG00000283749	0	0	0
ENSG00000251958	0	0	0
ENSG00000251767	0	0	0
ENSG00000243437	0	0	0
ENSG00000202263	0	0	0
ENSG00000199318	0	0	0
ENSG00000199666	0	0	0
ENSG00000200601	0	0	0
ENSG00000242482	0	0	0
ENSG00000212366	0	0	0
ENSG00000201620	0	0	0
ENSG00000206817	0	0	0
ENSG00000284247	0	0	0
ENSG00000200839	0	0	0
ENSG00000264963	0	0	0
ENSG00000264271	0	0	0
ENSG00000239504	0	0	0
ENSG00000284202	0	0	0
ENSG00000251720	1	1	0
ENSG00000274321	0	0	0
ENSG00000198974	0	0	0
ENSG00000212248	0	0	0
ENSG00000207962	0	0	0
ENSG00000276884	0	1	0
ENSG00000207234	0	0	0
ENSG00000202259	0	0	0
ENSG00000212459	0	0	0
ENSG00000278287	0	0	0
ENSG00000277565	0	0	0
ENSG00000263526	0	0	0
ENSG00000211575	0	0	1
ENSG00000275823	0	0	0
ENSG00000277689	0	0	0
ENSG00000274199	0	0	0
ENSG00000202254	0	0	0
ENSG00000244256	2	0	2
ENSG00000201491	0	0	0
ENSG00000199831	0	0	0
ENSG00000275455	0	0	0
ENSG00000252162	0	0	0
ENSG00000272051	0	0	0
ENSG00000283899	0	0	0
ENSG00000200800	0	0	0
ENSG00000207502	0	0	0
ENSG00000252530	0	0	0
ENSG00000200536	0	0	0
ENSG00000211543	0	0	0
ENSG00000252797	2	2	0
ENSG00000212266	0	0	0
ENSG00000222209	0	0	0
ENSG00000277141	0	0	0
ENSG00000215930	0	0	0
ENSG00000238761	0	0	0
ENSG00000201114	0	0	0
ENSG00000206679	0	0	0
ENSG00000264419	0	0	0
ENSG00000222069	0	0	0
ENSG00000274428	0	0	0
ENSG00000199879	0	0	0
ENSG00000274408	0	0	0
ENSG00000283676	1	0	1
ENSG00000252005	0	0	0
ENSG00000252510	0	0	0
ENSG00000207340	2	0	2
ENSG00000252830	0	0	0
ENSG00000274450	0	0	0
ENSG00000252135	0	0	0
ENSG00000278596	0	0	0
ENSG00000238825	0	0	0
ENSG00000201183	0	0	0
ENSG00000202408	0	0	0
ENSG00000252744	0	0	0
ENSG00000273768	1	1	0
ENSG00000242565	0	0	0
ENSG00000239984	0	0	0
ENSG00000283296	0	0	0
ENSG00000252717	0	0	0
ENSG00000194297	0	0	0
ENSG00000199565	0	0	0
ENSG00000277313	0	0	0
ENSG00000274940	0	0	0
ENSG00000207341	0	0	0
ENSG00000207472	0	0	0
ENSG00000206880	0	0	0
ENSG00000252552	0	0	0
ENSG00000199849	0	0	0
ENSG00000252407	0	0	0
ENSG00000212538	0	0	0
ENSG00000251813	0	0	0
ENSG00000207108	0	0	0
ENSG00000201312	0	0	0
ENSG00000207039	0	0	0
ENSG00000202491	0	0	0
ENSG00000201596	0	0	0
ENSG00000276839	0	0	0
ENSG00000207974	0	0	0
ENSG00000273629	0	0	0
ENSG00000201493	0	0	0
ENSG00000215952	0	0	0
ENSG00000200139	0	0	0
ENSG00000283575	0	0	0
ENSG00000238765	0	0	0
ENSG00000264916	1	0	1
ENSG00000212338	0	0	0
ENSG00000206659	0	0	0
ENSG00000253025	0	0	0
ENSG00000201619	0	0	0
ENSG00000201544	2	0	2
ENSG00000202498	0	0	0
ENSG00000221545	0	0	0
ENSG00000252906	0	0	0
ENSG00000206692	0	0	0
ENSG00000202329	0	0	0
ENSG00000242794	0	0	0
ENSG00000212144	0	0	0
ENSG00000283340	0	0	0
ENSG00000252860	0	0	0
ENSG00000252501	0	0	0
ENSG00000263390	0	0	0
ENSG00000207181	0	0	0
ENSG00000265744	0	0	0
ENSG00000264377	0	0	0
ENSG00000207149	0	0	0
ENSG00000283936	0	0	0
ENSG00000284485	0	0	0
ENSG00000201638	0	0	0
ENSG00000275213	0	0	0
ENSG00000239494	0	0	0
ENSG00000212230	0	0	0
ENSG00000252371	0	0	0
ENSG00000199442	0	0	0
ENSG00000200033	0	0	0
ENSG00000239690	0	0	0
ENSG00000202184	0	0	0
ENSG00000241395	0	0	0
ENSG00000200982	0	0	0
ENSG00000275207	0	0	0
ENSG00000202300	0	0	0
ENSG00000222407	0	0	0
ENSG00000222986	0	0	0
ENSG00000265435	0	0	0
ENSG00000272262	0	0	0
ENSG00000200495	0	0	0
ENSG00000202609	0	0	0
ENSG00000252553	0	0	0
ENSG00000206764	0	0	0
ENSG00000222240	0	0	0
ENSG00000212187	0	0	0
ENSG00000206637	0	0	0
ENSG00000253097	0	0	0
ENSG00000200036	0	0	0
ENSG00000201421	0	0	0
ENSG00000212610	0	0	0
ENSG00000252484	0	0	0
ENSG00000201944	0	0	0
ENSG00000200327	0	0	0
ENSG00000206905	0	0	0
ENSG00000200972	0	0	0
ENSG00000243051	0	0	0
ENSG00000252011	0	0	0
ENSG00000207326	0	0	0
ENSG00000212205	0	0	0
ENSG00000253042	0	0	0
ENSG00000274121	0	0	0
ENSG00000264358	0	0	0
ENSG00000206640	0	0	0
ENSG00000212527	0	0	0
ENSG00000252879	0	0	0
ENSG00000252612	0	0	0
ENSG00000202264	0	0	0
ENSG00000285609	0	0	0
ENSG00000206762	2	2	0
ENSG00000252084	0	0	0
ENSG00000200085	0	0	0
ENSG00000264500	8	5	3
ENSG00000202025	0	0	0
ENSG00000225545	0	0	0
ENSG00000206990	0	0	0
ENSG00000230175	0	0	0
ENSG00000225272	3	3	0
ENSG00000215838	1	1	0
ENSG00000273365	2	0	2
ENSG00000224358	5	0	5
ENSG00000230659	0	0	0
ENSG00000162545	28	0	28
ENSG00000090432	639	0	639
ENSG00000215520	0	0	0
ENSG00000183114	0	0	0
ENSG00000158825	1510	1	1509
ENSG00000158828	348	52	1601
ENSG00000284005	0	0	0
ENSG00000117242	26	1258	73
ENSG00000234473	1	0	1
ENSG00000238754	0	0	0
ENSG00000134371	836	2	836
ENSG00000221680	0	0	0
ENSG00000162630	60	0	62
ENSG00000276735	0	0	0
ENSG00000232077	0	0	0
ENSG00000229639	0	0	0
ENSG00000287453	0	0	0
ENSG00000270615	0	0	0
ENSG00000287283	0	0	0
ENSG00000240692	0	0	0
ENSG00000229359	0	0	0
ENSG00000237919	0	0	0
ENSG00000066557	308	0	308
ENSG00000244389	0	0	0
ENSG00000228988	0	0	0
ENSG00000118454	395	1	394
ENSG00000226088	1	1	0
ENSG00000116761	18	0	18
ENSG00000278636	0	0	0
ENSG00000271992	2	0	2
ENSG00000233020	0	0	0
ENSG00000237033	0	0	0
ENSG00000226208	0	0	0
ENSG00000007968	264	0	264
ENSG00000235052	4	0	4
ENSG00000117318	338	0	338
ENSG00000285802	1	0	1
ENSG00000229239	1	0	1
ENSG00000142676	20375	243	20132
ENSG00000057757	755	0	755
ENSG00000011009	1232	0	1233
ENSG00000117308	136	1	136
ENSG00000273844	0	0	0
ENSG00000235748	0	0	0
ENSG00000237861	0	0	0
ENSG00000221879	0	0	0
ENSG00000230260	0	0	0
ENSG00000199241	0	0	0
ENSG00000226919	0	2	0
ENSG00000223963	0	0	0
ENSG00000215802	0	0	0
ENSG00000233615	1	0	1
ENSG00000238085	0	0	0
ENSG00000265831	0	0	0
ENSG00000224348	0	0	0
ENSG00000286496	1	0	1
ENSG00000287516	0	0	0
ENSG00000287738	0	0	0
ENSG00000132703	0	0	0
ENSG00000276632	0	0	0
ENSG00000223603	0	0	0
ENSG00000132693	0	0	0
ENSG00000235226	0	0	0
ENSG00000158716	127	0	127
ENSG00000181036	851	8	843
ENSG00000158714	81	40	279
ENSG00000212161	0	0	0
ENSG00000243284	0	0	0
ENSG00000272668	52	8	45
ENSG00000213085	21	0	21
ENSG00000266458	0	0	0
ENSG00000287040	0	0	0
ENSG00000279430	1	0	1
ENSG00000162723	1	1	0
ENSG00000273933	0	0	0
ENSG00000256029	0	74	12
ENSG00000188004	0	0	0
ENSG00000266580	0	0	0
ENSG00000254545	0	16	0
ENSG00000203620	0	0	0
ENSG00000269967	3	0	3
ENSG00000228634	2	2	0
ENSG00000284702	0	0	0
ENSG00000221040	0	0	0
ENSG00000287217	1	0	1
ENSG00000163399	2389	34	7335
ENSG00000212385	0	0	0
ENSG00000233154	3	0	3
ENSG00000230381	0	0	0
ENSG00000200547	0	0	0
ENSG00000224950	23	0	27
ENSG00000286276	4	8	0
ENSG00000177888	387	0	387
ENSG00000243364	84	0	84
ENSG00000251246	0	0	0
ENSG00000143590	18	0	18
ENSG00000202027	0	0	0
ENSG00000169242	25	0	25
ENSG00000169241	432	1	431
ENSG00000223452	0	0	0
ENSG00000163463	46	0	46
ENSG00000273088	0	0	0
ENSG00000284586	0	0	0
ENSG00000169231	112	0	263
ENSG00000236263	0	38	5
ENSG00000236675	80	80	0
ENSG00000177628	958	0	958
ENSG00000116521	797	0	797
ENSG00000176444	1123	2	1121
ENSG00000143630	19	0	26
ENSG00000143627	0	7	0
ENSG00000253074	0	0	0
ENSG00000252116	0	0	0
ENSG00000228523	0	0	0
ENSG00000223263	1	1	0
ENSG00000207504	0	0	0
ENSG00000238139	0	0	0
ENSG00000197721	9	0	9
ENSG00000244703	0	0	0
ENSG00000226289	0	0	0
ENSG00000285239	0	0	0
ENSG00000234219	4	5	0
ENSG00000174059	9	0	9
ENSG00000285719	0	0	0
ENSG00000284237	0	0	0
ENSG00000158731	0	0	0
ENSG00000201746	0	0	0
ENSG00000264881	0	0	0
ENSG00000199562	1	0	1
ENSG00000264501	0	0	0
ENSG00000284735	1	1	0
ENSG00000284642	7	3	4
ENSG00000142657	6147	12	6135
ENSG00000271989	0	1	0
ENSG00000251503	0	0	0
ENSG00000175279	2	0	2
ENSG00000160049	420	1	501
ENSG00000203469	0	52	0
ENSG00000236035	0	0	0
ENSG00000221643	2	0	2
ENSG00000122188	499	0	499
ENSG00000288644	0	0	0
ENSG00000227417	0	0	0
ENSG00000223505	1	1	0
ENSG00000182004	431	0	431
ENSG00000236430	0	0	0
ENSG00000130768	9	3	13
ENSG00000227050	2	8	4
ENSG00000238231	1	1	0
ENSG00000240750	0	0	0
ENSG00000158156	1077	1	1080
ENSG00000182118	23	0	23
ENSG00000283799	0	0	0
ENSG00000227934	0	0	0
ENSG00000229595	0	0	0
ENSG00000143633	214	0	214
ENSG00000281912	6	0	6
ENSG00000288208	0	0	0
ENSG00000132773	169	31	197
ENSG00000070759	172	13	180
ENSG00000236872	0	0	0
ENSG00000280670	77	0	77
ENSG00000132763	69	687	79
ENSG00000221953	0	0	0
ENSG00000226164	0	0	0
ENSG00000224014	0	0	0
ENSG00000215795	2	1	1
ENSG00000259865	315	0	315
ENSG00000227671	659	1	658
ENSG00000283881	0	0	0
ENSG00000252516	6	0	6
ENSG00000232347	0	0	0
ENSG00000214144	0	0	0
ENSG00000235818	0	0	0
ENSG00000197617	0	0	0
ENSG00000202079	1	1	0
ENSG00000286216	0	0	0
ENSG00000203664	0	0	0
ENSG00000169224	129	2	133
ENSG00000236817	0	4	0
ENSG00000177489	0	0	0
ENSG00000177476	0	0	0
ENSG00000283369	0	0	0
ENSG00000230411	0	0	0
ENSG00000251977	0	0	0
ENSG00000252254	0	0	0
ENSG00000227854	0	0	0
ENSG00000287589	0	0	0
ENSG00000259776	0	0	0
ENSG00000233355	675	2	695
ENSG00000234601	0	0	0
ENSG00000231979	0	0	0
ENSG00000215805	0	0	0
ENSG00000287102	0	0	0
ENSG00000217327	0	0	0
ENSG00000228818	1	0	1
ENSG00000202041	0	0	0
ENSG00000223694	0	0	0
ENSG00000233735	0	0	0
ENSG00000133019	6	22	6
ENSG00000162636	603	0	603
ENSG00000162639	424	0	424
ENSG00000285923	1	0	1
ENSG00000134186	2083	31	2053
ENSG00000143107	0	0	0
ENSG00000232971	0	0	0
ENSG00000116266	1531	4	1527
ENSG00000228076	0	0	0
ENSG00000203897	0	0	1
ENSG00000237349	0	0	0
ENSG00000244716	11	0	11
ENSG00000228665	0	0	0
ENSG00000228054	0	0	0
ENSG00000273382	11	95	11
ENSG00000215717	1626	4	1717
ENSG00000278249	0	0	0
ENSG00000270066	0	0	0
ENSG00000251484	0	0	0
ENSG00000132676	1550	128	1548
ENSG00000227673	0	0	0
ENSG00000203761	116	51	98
ENSG00000234937	0	0	0
ENSG00000132718	801	1	800
ENSG00000283442	0	0	0
ENSG00000143622	1338	2	1336
ENSG00000132680	966	2	964
ENSG00000207475	0	0	0
ENSG00000280466	0	0	0
ENSG00000281394	0	0	0
ENSG00000277817	0	0	0
ENSG00000273002	40	0	41
ENSG00000224276	3	4	0
ENSG00000285677	0	1542	3
ENSG00000163479	2781	4	4319
ENSG00000160803	686	0	688
ENSG00000132698	5	0	5
ENSG00000252236	0	0	0
ENSG00000260238	0	0	0
ENSG00000242252	4	0	4
ENSG00000198952	1716	2	1714
ENSG00000163472	161	145	170
ENSG00000163468	2594	5	2594
ENSG00000132677	0	0	0
ENSG00000237390	0	0	0
ENSG00000207933	0	0	0
ENSG00000254726	1	0	1
ENSG00000186377	0	0	0
ENSG00000186160	0	0	0
ENSG00000225154	0	0	0
ENSG00000225506	0	0	1
ENSG00000225514	0	0	0
ENSG00000224805	10	1	15
ENSG00000162366	391	0	391
ENSG00000226252	5	73	0
ENSG00000225762	1	1	0
ENSG00000186790	0	0	0
ENSG00000237424	52	0	52
ENSG00000189030	0	0	0
ENSG00000162763	0	0	0
ENSG00000143061	6	0	6
ENSG00000135821	10145	19	10126
ENSG00000203740	0	0	0
ENSG00000162374	3	0	3
ENSG00000168275	107	5	147
ENSG00000241563	1	1	0
ENSG00000153207	2058	3	2055
ENSG00000156869	119	0	119
ENSG00000033122	14	12	2
ENSG00000143278	0	0	0
ENSG00000116678	140	0	140
ENSG00000159352	2331	4	2327
ENSG00000158710	15467	6	15461
ENSG00000162734	1551	16	1615
ENSG00000049239	1847	5	1842
ENSG00000186564	8	0	8
ENSG00000244038	2978	3	2975
ENSG00000158747	32	0	32
ENSG00000116690	23	297	20
ENSG00000126091	19	0	20
ENSG00000162383	58	1	57
ENSG00000171163	468	1	467
ENSG00000172456	48	0	48
ENSG00000162946	458	0	458
ENSG00000158786	0	0	0
ENSG00000118733	0	0	0
ENSG00000157870	268	6	351
ENSG00000179085	102	0	102
ENSG00000173080	0	0	0
ENSG00000183347	54	1	53
ENSG00000276470	0	0	0
ENSG00000278852	0	0	0
ENSG00000275915	0	0	0
ENSG00000120937	0	0	0
ENSG00000224904	0	0	0
ENSG00000285646	9	2	7
ENSG00000199347	0	0	0
ENSG00000201801	0	0	0
ENSG00000116685	1532	1	1531
ENSG00000083444	1285	3	1282
ENSG00000287384	0	0	0
ENSG00000270914	0	0	0
ENSG00000116691	523	0	523
ENSG00000202461	0	0	0
ENSG00000276869	0	0	0
ENSG00000243539	0	0	0
ENSG00000120949	438	0	438
ENSG00000201135	0	0	0
ENSG00000227875	0	0	0
ENSG00000285604	0	0	0
ENSG00000283789	0	0	0
ENSG00000263676	0	0	0
ENSG00000200591	0	0	0
ENSG00000162521	2067	8	3014
ENSG00000162520	2	948	9
ENSG00000224409	0	0	0
ENSG00000162522	88	0	88
ENSG00000116497	695	1	703
ENSG00000160097	5	4	1
ENSG00000121905	0	0	0
ENSG00000121900	0	0	0
ENSG00000287691	11	14	0
ENSG00000278966	2	2	0
ENSG00000143222	966	0	1226
ENSG00000224985	1	260	0
ENSG00000143224	274	76	281
ENSG00000158850	808	9	873
ENSG00000158859	20	4	16
ENSG00000158869	5897	2	5895
ENSG00000158874	7	7	0
ENSG00000158882	139	1	235
ENSG00000284035	0	0	0
ENSG00000143257	6	103	0
ENSG00000248485	17	17	0
ENSG00000188931	46	54	0
ENSG00000236484	0	0	0
ENSG00000283696	41	0	41
ENSG00000288093	5	0	5
ENSG00000206921	0	0	0
ENSG00000215840	2	0	2
ENSG00000277882	0	0	0
ENSG00000283317	8	8	0
ENSG00000277762	0	0	0
ENSG00000227139	0	0	0
ENSG00000265107	0	0	0
ENSG00000274415	0	0	0
ENSG00000234190	0	0	0
ENSG00000223728	0	0	0
ENSG00000121634	0	0	0
ENSG00000188092	78	0	78
ENSG00000215859	8	10	0
ENSG00000273059	0	0	2
ENSG00000274372	5	0	5
ENSG00000206791	0	0	0
ENSG00000206585	0	0	0
ENSG00000229828	0	0	0
ENSG00000225080	1	1	0
ENSG00000198658	0	0	0
ENSG00000238382	0	0	0
ENSG00000225919	0	0	0
ENSG00000236497	0	0	0
ENSG00000207190	0	0	0
ENSG00000200508	0	0	0
ENSG00000284928	0	0	0
ENSG00000223949	0	0	0
ENSG00000116688	1936	0	1936
ENSG00000188800	1	0	1
ENSG00000084073	993	1	996
ENSG00000231296	0	4	0
ENSG00000049089	179	0	179
ENSG00000227311	0	0	0
ENSG00000213172	0	0	0
ENSG00000284677	0	0	0
ENSG00000187801	34	0	34
ENSG00000260920	38	0	38
ENSG00000158887	79	0	79
ENSG00000255054	0	0	0
ENSG00000228172	8	304	19
ENSG00000117640	419	5	632
ENSG00000272478	0	0	0
ENSG00000127423	9	16	4
ENSG00000182749	172	5	218
ENSG00000207302	0	0	0
ENSG00000117632	505	0	505
ENSG00000229786	0	0	0
ENSG00000223624	0	0	0
ENSG00000283938	0	0	0
ENSG00000199385	0	0	0
ENSG00000187147	990	20	1569
ENSG00000263381	0	0	0
ENSG00000126106	45	584	60
ENSG00000198520	301	0	301
ENSG00000199377	0	0	0
ENSG00000200169	0	0	0
ENSG00000142945	31	3	32
ENSG00000142937	15020	24	16806
ENSG00000264294	0	0	0
ENSG00000200913	1	0	1
ENSG00000202031	0	0	0
ENSG00000207421	0	0	0
ENSG00000281859	0	0	0
ENSG00000234093	1	1	0
ENSG00000142959	4	0	4
ENSG00000173846	343	2	364
ENSG00000117425	16	0	16
ENSG00000202444	0	0	0
ENSG00000226499	0	0	0
ENSG00000070785	152	0	152
ENSG00000253039	0	0	0
ENSG00000229815	0	0	0
ENSG00000232369	0	0	0
ENSG00000268949	0	0	0
ENSG00000126107	924	1	924
ENSG00000126088	592	2	591
ENSG00000234315	0	0	0
ENSG00000162408	556	1	555
ENSG00000229519	4	4	0
ENSG00000173662	0	0	0
ENSG00000204859	627	6	621
ENSG00000288629	0	0	0
ENSG00000230735	0	6	0
ENSG00000171488	1756	1	1755
ENSG00000226394	1	1	0
ENSG00000237200	1	0	1
ENSG00000070886	0	0	0
ENSG00000276835	0	0	0
ENSG00000265422	0	0	0
ENSG00000223776	1	48	3
ENSG00000273058	14	0	14
ENSG00000230325	1	9	3
ENSG00000119285	723	687	919
ENSG00000226498	0	0	0
ENSG00000237991	0	0	0
ENSG00000244020	0	0	0
ENSG00000288099	0	0	0
ENSG00000225886	10	13	0
ENSG00000206767	0	0	0
ENSG00000226662	0	0	0
ENSG00000207095	0	0	0
ENSG00000287244	0	0	0
ENSG00000231344	0	0	0
ENSG00000230833	0	0	0
ENSG00000117758	834	1	833
ENSG00000269971	0	0	0
ENSG00000270031	4	0	4
ENSG00000223062	0	0	0
ENSG00000286433	0	49	0
ENSG00000117751	934	4	979
ENSG00000252947	0	0	0
ENSG00000130775	8097	11	8089
ENSG00000117748	1496	60	1439
ENSG00000223643	0	0	0
ENSG00000230239	0	0	0
ENSG00000263811	0	0	0
ENSG00000277234	0	0	0
ENSG00000235241	0	48	0
ENSG00000207005	0	0	0
ENSG00000272426	1	0	1
ENSG00000117122	1	1	0
ENSG00000286898	0	0	0
ENSG00000226526	1	53	0
ENSG00000159363	737	2	770
ENSG00000117118	986	0	986
ENSG00000117115	3630	6	3624
ENSG00000204362	0	0	0
ENSG00000282843	0	0	0
ENSG00000142623	0	0	0
ENSG00000142619	0	0	0
ENSG00000266634	0	0	0
ENSG00000199459	0	0	0
ENSG00000273264	0	0	0
ENSG00000282057	1	0	1
ENSG00000272691	0	0	0
ENSG00000199934	0	0	0
ENSG00000230285	0	0	0
ENSG00000142871	3	3	0
ENSG00000226643	0	0	0
ENSG00000234419	0	0	0
ENSG00000276997	3	0	3
ENSG00000222399	0	0	0
ENSG00000267305	0	0	0
ENSG00000143512	0	0	0
ENSG00000143498	102	0	106
ENSG00000225265	13	4	13
ENSG00000154305	1421	97	1709
ENSG00000229399	0	0	0
ENSG00000272750	18	380	17
ENSG00000186063	711	26	704
ENSG00000162819	1173	1	1185
ENSG00000287684	3	3	3
ENSG00000234523	0	0	0
ENSG00000287338	2	0	2
ENSG00000187554	597	65	532
ENSG00000236846	1	0	1
ENSG00000226601	0	0	0
ENSG00000164010	195	7	378
ENSG00000164011	169	1	168
ENSG00000233708	0	0	0
ENSG00000237090	1	0	1
ENSG00000225099	0	0	0
ENSG00000284138	4	0	4
ENSG00000283973	0	6	0
ENSG00000207256	1	0	1
ENSG00000283136	0	0	0
ENSG00000277513	0	0	0
ENSG00000154309	137	0	137
ENSG00000226967	0	0	0
ENSG00000231407	1	1	1
ENSG00000229570	0	0	0
ENSG00000203857	0	0	0
ENSG00000226443	0	0	0
ENSG00000249798	0	0	0
ENSG00000239873	0	0	0
ENSG00000203855	0	0	0
ENSG00000240244	0	0	0
ENSG00000260941	8	0	8
ENSG00000198857	5	5	0
ENSG00000143067	73	0	73
ENSG00000134240	0	0	0
ENSG00000134193	20	0	20
ENSG00000215864	0	0	0
ENSG00000227205	0	0	0
ENSG00000226446	0	0	0
ENSG00000134249	0	0	0
ENSG00000092621	71	0	71
ENSG00000027644	0	0	0
ENSG00000241992	0	0	0
ENSG00000234226	0	0	0
ENSG00000137970	127	1	126
ENSG00000223229	0	0	0
ENSG00000285698	0	0	0
ENSG00000228035	0	0	0
ENSG00000287103	0	0	0
ENSG00000226973	0	0	0
ENSG00000274468	0	0	0
ENSG00000130764	697	8	803
ENSG00000266075	4	4	1
ENSG00000272153	13	122	4
ENSG00000230026	0	0	0
ENSG00000285177	0	2	0
ENSG00000284770	12	64	10
ENSG00000229795	0	0	0
ENSG00000238236	0	0	0
ENSG00000235638	0	0	0
ENSG00000231199	0	0	0
ENSG00000226663	0	0	0
ENSG00000231582	0	0	0
ENSG00000232714	0	0	0
ENSG00000235761	0	0	0
ENSG00000270710	0	0	0
ENSG00000227236	0	0	0
ENSG00000198837	4067	7	4309
ENSG00000160741	1917	1	1916
ENSG00000276584	0	0	0
ENSG00000282386	1	0	1
ENSG00000273026	4	1	3
ENSG00000143578	73	20	85
ENSG00000143543	71	4	87
ENSG00000285641	0	5	1
ENSG00000143545	13	0	13
ENSG00000177954	24082	6	24076
ENSG00000231416	0	0	0
ENSG00000200220	0	0	0
ENSG00000231837	0	0	0
ENSG00000263987	0	0	0
ENSG00000162642	338	0	338
ENSG00000223254	5	5	0
ENSG00000223653	3	24	5
ENSG00000116198	697	2	696
ENSG00000169598	233	1	233
ENSG00000226653	0	0	0
ENSG00000207209	0	0	0
ENSG00000272443	0	0	0
ENSG00000272480	0	0	0
ENSG00000288626	0	0	0
ENSG00000162836	115	3	112
ENSG00000207080	0	0	0
ENSG00000231791	0	0	0
ENSG00000244568	0	0	0
ENSG00000271387	0	0	0
ENSG00000116667	337	0	337
ENSG00000230470	0	0	0
ENSG00000232036	0	0	0
ENSG00000285847	2	1	1
ENSG00000286378	0	0	0
ENSG00000215381	0	0	0
ENSG00000261326	105	1	104
ENSG00000284726	2	2	0
ENSG00000125945	259	8	258
ENSG00000201405	0	0	0
ENSG00000271420	0	0	0
ENSG00000204219	123	0	123
ENSG00000232482	0	0	0
ENSG00000285779	0	0	0
ENSG00000162885	122	52	238
ENSG00000270780	0	0	0
ENSG00000232895	0	0	0
ENSG00000273698	0	0	0
ENSG00000273112	9	0	9
ENSG00000173110	1866	7	1859
ENSG00000224203	2	4	0
ENSG00000224515	0	0	0
ENSG00000225217	189	1	188
ENSG00000231586	0	1	0
ENSG00000234211	2	27	0
ENSG00000213075	3	3	0
ENSG00000143125	1	0	1
ENSG00000270380	0	0	0
ENSG00000282887	0	0	0
ENSG00000283999	0	0	0
ENSG00000240194	0	0	0
ENSG00000235407	0	0	0
ENSG00000143105	0	0	0
ENSG00000199710	0	0	0
ENSG00000237415	0	0	0
ENSG00000232791	0	0	0
ENSG00000177301	28	0	28
ENSG00000226828	0	0	0
ENSG00000279774	0	0	0
ENSG00000229960	0	0	0
ENSG00000286486	0	0	0
ENSG00000244066	0	0	0
ENSG00000237759	0	0	0
ENSG00000287531	0	0	0
ENSG00000225855	49	688	16
ENSG00000283701	0	0	0
ENSG00000207134	0	0	0
ENSG00000227773	0	0	0
ENSG00000207144	0	0	0
ENSG00000237872	0	0	0
ENSG00000271267	1	1	0
ENSG00000225082	2	0	2
ENSG00000223503	2	2	0
ENSG00000232519	0	0	1
ENSG00000160752	317	6	962
ENSG00000121957	66	258	106
ENSG00000235089	0	0	0
ENSG00000285179	0	0	0
ENSG00000223026	0	0	0
ENSG00000225721	1	1812	4
ENSG00000188396	5	26	2
ENSG00000202167	0	0	0
ENSG00000207349	0	0	0
ENSG00000252826	0	0	0
ENSG00000206737	0	0	0
ENSG00000223779	0	0	0
ENSG00000242352	0	0	0
ENSG00000270962	0	0	0
ENSG00000263590	0	0	0
ENSG00000252105	2	2	0
ENSG00000233430	0	0	0
ENSG00000237503	0	0	0
ENSG00000265531	56	0	69
ENSG00000234571	10	23	0
ENSG00000230186	0	3	0
ENSG00000268074	0	0	0
ENSG00000270872	6	0	6
ENSG00000276674	0	0	0
ENSG00000082482	0	0	0
ENSG00000116747	780	38	996
ENSG00000118729	0	0	0
ENSG00000134207	2	0	2
ENSG00000163467	5	6	4
ENSG00000243710	1	0	1
ENSG00000117395	382	1	381
ENSG00000116874	145	8	151
ENSG00000065600	208	0	208
ENSG00000009780	200	1	199
ENSG00000023572	184	269	157
ENSG00000077254	1400	1	1399
ENSG00000134644	1982	3	1979
ENSG00000215788	670	1	708
ENSG00000117834	27	7	21
ENSG00000117625	936	2	934
ENSG00000179902	7	3	4
ENSG00000020633	3706	4	3702
ENSG00000121766	318	3	476
ENSG00000143157	1269	1	1269
ENSG00000162614	160	5	158
ENSG00000160781	29	0	29
ENSG00000143344	68	0	68
ENSG00000162613	2097	9	2089
ENSG00000116882	0	0	0
ENSG00000198758	0	0	0
ENSG00000117569	238	0	238
ENSG00000142856	180	49	179
ENSG00000158022	0	0	0
ENSG00000116396	67	1	66
ENSG00000058668	3900	6	3894
ENSG00000163875	1052	2	1050
ENSG00000282872	0	0	0
ENSG00000131238	4946	10	4937
ENSG00000171680	43	0	43
ENSG00000244457	0	0	0
ENSG00000116977	1173	282	1985
ENSG00000229372	0	239	0
ENSG00000274975	0	0	0
ENSG00000229348	0	0	0
ENSG00000242485	533	14	626
ENSG00000264293	0	0	0
ENSG00000272455	29	0	29
ENSG00000225905	0	0	0
ENSG00000225285	0	0	0
ENSG00000179403	0	0	0
ENSG00000215915	7	0	7
ENSG00000236085	0	0	0
ENSG00000234441	0	0	0
ENSG00000227408	0	0	0
ENSG00000223635	0	1	0
ENSG00000135776	528	0	528
ENSG00000199672	0	0	0
ENSG00000201492	2	2	0
ENSG00000229367	1	0	1
ENSG00000135763	280	0	280
ENSG00000213028	0	0	0
ENSG00000225984	0	0	0
ENSG00000178828	0	0	0
ENSG00000235434	0	0	0
ENSG00000169914	187	0	187
ENSG00000188784	0	0	0
ENSG00000242688	0	0	0
ENSG00000177186	0	0	0
ENSG00000177174	0	0	0
ENSG00000269956	15	221	0
ENSG00000162456	0	0	0
ENSG00000079277	831	2	1035
ENSG00000117407	0	0	0
ENSG00000237950	15	0	15
ENSG00000117408	574	0	574
ENSG00000285649	0	58	0
ENSG00000117410	2983	1	2982
ENSG00000159214	22	0	23
ENSG00000196517	13	2	12
ENSG00000227163	0	0	0
ENSG00000271647	0	0	0
ENSG00000239560	0	0	0
ENSG00000196539	0	0	0
ENSG00000229255	0	0	0
ENSG00000203661	0	0	0
ENSG00000271934	0	0	0
ENSG00000224521	0	0	1
ENSG00000227102	0	0	0
ENSG00000183310	0	0	0
ENSG00000201602	0	0	0
ENSG00000271701	0	0	0
ENSG00000189181	0	0	0
ENSG00000187238	0	0	0
ENSG00000185962	0	0	0
ENSG00000226947	0	0	0
ENSG00000285753	0	0	0
ENSG00000187223	0	0	0
ENSG00000159455	0	0	0
ENSG00000187173	0	0	0
ENSG00000204501	0	0	0
ENSG00000228229	0	0	0
ENSG00000204481	0	0	0
ENSG00000204479	0	0	0
ENSG00000172031	4	0	4
ENSG00000233228	0	0	0
ENSG00000224678	0	0	0
ENSG00000233401	0	0	0
ENSG00000273487	4	0	4
ENSG00000226773	0	0	0
ENSG00000274481	0	0	0
ENSG00000228594	103	0	103
ENSG00000286989	36	0	36
ENSG00000272106	45	2	46
ENSG00000189409	1	0	2
ENSG00000272004	1	198	1
ENSG00000189339	1564	10	1752
ENSG00000269737	40	40	0
ENSG00000215914	0	0	0
ENSG00000008128	28	1	27
ENSG00000268575	27	0	52
ENSG00000227775	321	357	1
ENSG00000008130	8019	7	8012
ENSG00000078369	8335	16	8319
ENSG00000178821	0	0	0
ENSG00000158477	84	1	83
ENSG00000230942	2	0	2
ENSG00000158481	449	0	449
ENSG00000158485	12	0	12
ENSG00000158488	45	0	45
ENSG00000186306	0	0	0
ENSG00000203758	0	0	0
ENSG00000236257	0	0	0
ENSG00000236656	0	0	0
ENSG00000198703	0	0	0
ENSG00000227445	0	0	0
ENSG00000231434	0	0	0
ENSG00000117505	2091	4	2103
ENSG00000229635	5	5	0
ENSG00000207379	0	0	0
ENSG00000212601	0	0	0
ENSG00000162889	2927	7	2920
ENSG00000224114	1	1	0
ENSG00000199349	1	1	0
ENSG00000162892	77	859	3
ENSG00000162894	5541	5	6321
ENSG00000271680	31	31	0
ENSG00000226945	23	23	0
ENSG00000162896	1	0	1
ENSG00000162897	0	0	0
ENSG00000182795	33	0	33
ENSG00000198890	272	1	271
ENSG00000224550	0	0	0
ENSG00000142669	7834	13	12738
ENSG00000169442	3107	10	6560
ENSG00000225854	0	0	0
ENSG00000176083	224	0	224
ENSG00000229167	0	0	0
ENSG00000142910	0	0	0
ENSG00000162517	934	1	1135
ENSG00000235790	2	1	1
ENSG00000264078	0	0	0
ENSG00000241745	0	0	0
ENSG00000228407	1	1	0
ENSG00000223429	0	0	0
ENSG00000224255	0	0	0
ENSG00000236004	0	0	0
ENSG00000237663	0	0	0
ENSG00000213735	0	0	0
ENSG00000272100	4	110	0
ENSG00000287078	0	0	0
ENSG00000224680	2	0	2
ENSG00000085840	23	0	23
ENSG00000283445	2	0	2
ENSG00000272226	4	3	1
ENSG00000231740	0	0	0
ENSG00000143751	899	1	898
ENSG00000272562	4	1	5
ENSG00000163041	7362	7	7357
ENSG00000225518	0	0	0
ENSG00000270598	1	1	0
ENSG00000182827	713	6	798
ENSG00000234478	0	91	0
ENSG00000223570	0	0	0
ENSG00000185155	4	0	4
ENSG00000236773	1	0	1
ENSG00000143753	1150	3	1147
ENSG00000201898	0	0	0
ENSG00000237101	2	45	2
ENSG00000143748	369	2	412
ENSG00000221406	0	0	0
ENSG00000229742	0	0	0
ENSG00000206887	0	0	0
ENSG00000143771	505	0	505
ENSG00000266618	0	0	0
ENSG00000229991	0	0	0
ENSG00000233384	0	0	0
ENSG00000234247	0	0	0
ENSG00000183682	53	92	3
ENSG00000237624	0	0	0
ENSG00000228060	2	686	0
ENSG00000201457	0	0	0
ENSG00000163909	7	0	7
ENSG00000225903	0	0	0
ENSG00000116983	130	0	130
ENSG00000225333	0	0	0
ENSG00000252413	0	0	0
ENSG00000090621	1762	4	2442
ENSG00000236994	0	0	0
ENSG00000275406	0	0	0
ENSG00000270287	0	0	0
ENSG00000229965	0	0	0
ENSG00000223282	0	0	0
ENSG00000177770	0	0	0
ENSG00000287627	0	0	0
ENSG00000283933	0	0	0
ENSG00000143369	12	0	12
ENSG00000228126	3	0	3
ENSG00000237781	52	134	93
ENSG00000264553	1	1	0
ENSG00000277452	12	0	12
ENSG00000274963	5	0	5
ENSG00000253047	0	0	0
ENSG00000143420	1813	13	1800
ENSG00000276103	1	0	1
ENSG00000143457	305	0	305
ENSG00000143452	23	0	23
ENSG00000206931	2	2	0
ENSG00000236713	2	0	2
ENSG00000224690	0	0	0
ENSG00000203804	3	275	33
ENSG00000143384	24437	37	24400
ENSG00000154342	0	0	0
ENSG00000276255	1	0	1
ENSG00000284163	0	0	0
ENSG00000143793	172	11	161
ENSG00000162910	189	0	189
ENSG00000224566	0	0	0
ENSG00000287895	3	3	0
ENSG00000280157	6	0	6
ENSG00000227625	0	0	0
ENSG00000198835	0	0	0
ENSG00000203684	2	0	2
ENSG00000181873	185	0	185
ENSG00000162913	16	2	18
ENSG00000269934	35	37	60
ENSG00000270110	8	9	0
ENSG00000286773	0	0	0
ENSG00000287315	31	105	3
ENSG00000270104	1	0	1
ENSG00000154370	396	2	583
ENSG00000270094	0	191	0
ENSG00000284311	0	0	0
ENSG00000162931	12	9	4
ENSG00000230841	0	0	0
ENSG00000266174	0	0	0
ENSG00000279306