N_unmapped	114650	114650	114650
N_multimapping	1106096	1106096	1106096
N_noFeature	592362	11827516	662970
N_ambiguous	1210217	20788	485014
ENSG00000160072	123	0	123
ENSG00000234396	0	0	0
ENSG00000225972	4	0	4
ENSG00000224315	0	0	0
ENSG00000198744	217	19	198
ENSG00000279928	1	0	1
ENSG00000228037	10	0	10
ENSG00000142611	2	0	2
ENSG00000225630	728	6	722
ENSG00000284616	0	0	0
ENSG00000157911	24	226	55
ENSG00000269896	10	0	10
ENSG00000237973	496	2	500
ENSG00000228463	15	0	21
ENSG00000260972	0	0	0
ENSG00000157933	1185	4	1181
ENSG00000224340	0	0	0
ENSG00000226545	0	0	0
ENSG00000268663	0	0	0
ENSG00000226374	0	0	0
ENSG00000229280	0	0	0
ENSG00000142655	89	11	89
ENSG00000232596	0	0	0
ENSG00000235054	0	0	0
ENSG00000232663	0	0	0
ENSG00000240409	2	0	2
ENSG00000229344	0	0	1
ENSG00000231510	0	0	0
ENSG00000149527	54	4	50
ENSG00000284739	0	0	0
ENSG00000171621	38	0	38
ENSG00000272235	0	0	0
ENSG00000284694	0	0	0
ENSG00000230021	1	4	1
ENSG00000287356	1	0	1
ENSG00000224387	1	0	1
ENSG00000285629	0	0	0
ENSG00000173673	0	0	0
ENSG00000142583	27	0	27
ENSG00000284674	0	0	0
ENSG00000272161	0	0	0
ENSG00000237094	102	0	102
ENSG00000224338	0	0	0
ENSG00000074800	4805	3	4802
ENSG00000116786	694	0	767
ENSG00000287727	0	0	0
ENSG00000228423	0	0	0
ENSG00000286448	0	6	0
ENSG00000131686	8	9	5
ENSG00000229305	0	0	0
ENSG00000284703	0	0	0
ENSG00000226457	0	0	0
ENSG00000173614	113	1	112
ENSG00000248527	3925	128	3797
ENSG00000215720	0	0	0
ENSG00000241326	0	0	0
ENSG00000233623	0	0	0
ENSG00000162592	0	8	0
ENSG00000116254	2	0	2
ENSG00000233645	0	0	0
ENSG00000204624	1	0	2
ENSG00000142606	6	37	10
ENSG00000235146	0	0	0
ENSG00000225931	2	0	2
ENSG00000171729	10	0	11
ENSG00000279457	24	0	24
ENSG00000162571	1	0	1
ENSG00000229393	1	0	1
ENSG00000037637	406	0	406
ENSG00000287586	93	0	93
ENSG00000159423	41	0	41
ENSG00000142599	1974	7	1968
ENSG00000227169	0	0	0
ENSG00000283356	0	0	0
ENSG00000011021	203	1	204
ENSG00000142615	1	1	0
ENSG00000215704	0	4	0
ENSG00000157916	846	32	1071
ENSG00000157881	250	1	249
ENSG00000238290	0	0	0
ENSG00000225387	0	0	0
ENSG00000048707	823	2	821
ENSG00000158748	0	0	0
ENSG00000225196	0	0	0
ENSG00000162444	437	1	436
ENSG00000279625	0	0	0
ENSG00000180758	47	0	47
ENSG00000184677	450	0	450
ENSG00000230679	1	0	1
ENSG00000270136	0	0	0
ENSG00000288398	22	0	22
ENSG00000224621	0	0	0
ENSG00000285833	0	1	0
ENSG00000131697	70	0	70
ENSG00000284692	0	0	0
ENSG00000284745	0	0	0
ENSG00000280222	0	0	0
ENSG00000227634	0	0	0
ENSG00000285945	0	0	0
ENSG00000229162	0	0	0
ENSG00000197921	0	0	0
ENSG00000233755	1	0	1
ENSG00000233929	1	0	1
ENSG00000271742	0	0	0
ENSG00000226396	5	0	5
ENSG00000169504	492	0	492
ENSG00000234166	0	10	0
ENSG00000235282	0	0	0
ENSG00000055070	944	3	1471
ENSG00000175087	136	0	136
ENSG00000157191	1158	4	1154
ENSG00000284699	1	0	1
ENSG00000230035	0	0	0
ENSG00000235185	0	0	0
ENSG00000225643	3	0	3
ENSG00000284666	0	0	0
ENSG00000228943	2	2	0
ENSG00000234397	0	0	0
ENSG00000284309	0	0	0
ENSG00000162511	9062	7	18322
ENSG00000158014	0	0	0
ENSG00000204138	274	0	274
ENSG00000233419	0	0	0
ENSG00000235263	0	0	0
ENSG00000228176	0	0	0
ENSG00000231251	0	0	0
ENSG00000142675	11	0	11
ENSG00000197245	1	0	1
ENSG00000261025	0	0	0
ENSG00000116237	273	3	281
ENSG00000130772	198	0	198
ENSG00000215899	0	0	0
ENSG00000271398	1	1	0
ENSG00000225011	0	0	0
ENSG00000235069	0	0	0
ENSG00000284676	0	0	0
ENSG00000237058	0	0	0
ENSG00000233399	0	0	0
ENSG00000090020	674	2	672
ENSG00000157978	957	1	956
ENSG00000226944	2	0	2
ENSG00000270282	0	0	0
ENSG00000130770	251	11	377
ENSG00000229044	1	86	0
ENSG00000162512	20	0	20
ENSG00000158006	386	0	386
ENSG00000214812	1	0	1
ENSG00000126698	854	3	851
ENSG00000229447	4	0	4
ENSG00000229607	0	0	0
ENSG00000130766	206	0	206
ENSG00000168528	17	0	17
ENSG00000196581	18	0	18
ENSG00000169403	5463	3	5460
ENSG00000084628	0	0	0
ENSG00000060688	306	0	306
ENSG00000171612	29	0	29
ENSG00000270927	0	0	0
ENSG00000188910	0	0	0
ENSG00000230523	0	0	0
ENSG00000116138	205	21	197
ENSG00000158161	330	3	328
ENSG00000142684	0	0	21
ENSG00000234619	0	0	0
ENSG00000121769	4	4	0
ENSG00000142627	4	0	4
ENSG00000284668	0	0	0
ENSG00000233234	0	0	0
ENSG00000142632	41	0	51
ENSG00000234593	0	0	0
ENSG00000158292	22	0	22
ENSG00000270605	14	0	14
ENSG00000189337	100	0	108
ENSG00000232912	45	0	46
ENSG00000235084	2	0	2
ENSG00000235143	0	0	0
ENSG00000225478	0	0	0
ENSG00000225077	2	8	2
ENSG00000028137	7921	6	7915
ENSG00000238249	1	1	0
ENSG00000204464	0	0	0
ENSG00000233372	0	0	0
ENSG00000283259	0	0	0
ENSG00000284543	3	0	3
ENSG00000130939	849	0	849
ENSG00000175147	0	9	0
ENSG00000127472	0	0	0
ENSG00000060656	4	0	4
ENSG00000163867	179	1	178
ENSG00000232768	0	0	0
ENSG00000230214	0	0	0
ENSG00000189280	1	1	0
ENSG00000134698	3430	3	3427
ENSG00000134690	33	0	33
ENSG00000272420	1	0	1
ENSG00000132881	13	0	13
ENSG00000273274	0	0	0
ENSG00000116251	900	0	900
ENSG00000272510	0	6	0
ENSG00000158286	9	4	9
ENSG00000236648	0	0	0
ENSG00000232273	1	1	0
ENSG00000009709	0	0	0
ENSG00000287396	0	0	0
ENSG00000223589	0	0	0
ENSG00000158008	0	0	0
ENSG00000130940	60	0	122
ENSG00000116771	29	1	35
ENSG00000237301	0	0	0
ENSG00000162585	130	68	140
ENSG00000163879	2	3	2
ENSG00000227527	0	0	0
ENSG00000116954	308	0	308
ENSG00000228589	13	0	13
ENSG00000163873	0	0	0
ENSG00000117215	3	0	3
ENSG00000196449	80	1	89
ENSG00000230163	0	20	0
ENSG00000227538	0	0	0
ENSG00000232208	9	0	9
ENSG00000236500	0	0	0
ENSG00000044012	0	0	0
ENSG00000179051	877	0	1068
ENSG00000215895	0	0	0
ENSG00000231868	0	0	0
ENSG00000284650	0	0	0
ENSG00000237329	0	0	0
ENSG00000236948	1	0	1
ENSG00000126067	536	0	536
ENSG00000274944	0	0	0
ENSG00000132906	258	2	260
ENSG00000197312	411	0	411
ENSG00000284748	0	0	0
ENSG00000272078	5	67	0
ENSG00000173660	553	0	553
ENSG00000224592	0	0	0
ENSG00000233728	0	10	0
ENSG00000230451	0	0	0
ENSG00000231606	0	0	0
ENSG00000215900	0	0	0
ENSG00000284632	0	0	0
ENSG00000241014	0	0	0
ENSG00000054118	2145	5	2140
ENSG00000254553	0	0	0
ENSG00000284653	0	0	0
ENSG00000237749	1	0	1
ENSG00000276747	0	0	0
ENSG00000284705	0	0	0
ENSG00000228776	0	0	0
ENSG00000159339	2704	1	2703
ENSG00000223814	0	0	0
ENSG00000197982	71	10	71
ENSG00000261781	0	0	0
ENSG00000183317	1	0	1
ENSG00000183386	444	0	444
ENSG00000284743	0	0	0
ENSG00000158315	1	1	0
ENSG00000204084	305	0	372
ENSG00000186973	0	0	0
ENSG00000271806	4	11	4
ENSG00000146463	361	0	392
ENSG00000279214	0	0	0
ENSG00000183520	177	0	177
ENSG00000271741	0	0	0
ENSG00000214141	0	0	0
ENSG00000142686	65	1	64
ENSG00000224751	0	0	0
ENSG00000279096	0	0	0
ENSG00000117148	0	0	0
ENSG00000230585	0	0	0
ENSG00000117000	542	1	541
ENSG00000284989	0	0	0
ENSG00000231630	0	0	0
ENSG00000092853	27	0	34
ENSG00000255811	0	0	0
ENSG00000134697	272	0	275
ENSG00000187513	1	0	1
ENSG00000238145	0	0	0
ENSG00000225142	0	0	0
ENSG00000230138	9	0	9
ENSG00000223390	0	6	0
ENSG00000285823	0	0	0
ENSG00000284720	0	0	0
ENSG00000225028	0	0	0
ENSG00000225671	0	0	0
ENSG00000116151	16	0	16
ENSG00000226147	0	0	0
ENSG00000182873	23	14	10
ENSG00000006555	111	0	111
ENSG00000236111	1	0	1
ENSG00000066056	5	0	5
ENSG00000214114	307	2	305
ENSG00000173436	78	1	78
ENSG00000116544	7	0	7
ENSG00000231900	0	0	0
ENSG00000236723	0	114	5
ENSG00000232467	0	0	0
ENSG00000117016	31	0	31
ENSG00000121310	144	0	144
ENSG00000169213	1	0	1
ENSG00000163866	334	0	354
ENSG00000225779	0	0	0
ENSG00000284601	0	0	0
ENSG00000237130	0	0	0
ENSG00000143001	0	0	0
ENSG00000229716	0	0	0
ENSG00000226133	0	0	0
ENSG00000227416	0	0	0
ENSG00000232335	0	7	0
ENSG00000260971	1	0	1
ENSG00000259832	0	0	0
ENSG00000284696	0	0	0
ENSG00000238242	0	0	0
ENSG00000285839	0	0	0
ENSG00000237290	0	0	0
ENSG00000232762	0	0	0
ENSG00000117419	90	0	90
ENSG00000162384	229	14	238
ENSG00000162391	3	14	0
ENSG00000174348	12	0	13
ENSG00000154198	0	0	0
ENSG00000117859	783	35	772
ENSG00000228121	0	0	0
ENSG00000253313	0	0	0
ENSG00000162396	41	0	41
ENSG00000203995	3	0	3
ENSG00000227742	0	0	0
ENSG00000284686	0	0	0
ENSG00000162378	491	0	491
ENSG00000233079	0	0	0
ENSG00000259818	0	0	0
ENSG00000229444	0	0	0
ENSG00000240563	7	0	7
ENSG00000234318	0	0	0
ENSG00000284773	11	0	11
ENSG00000234481	0	0	0
ENSG00000117862	57	0	57
ENSG00000235612	0	0	0
ENSG00000228369	0	0	0
ENSG00000183431	660	1	659
ENSG00000227485	0	0	0
ENSG00000224609	1	0	1
ENSG00000235545	0	0	0
ENSG00000236646	0	0	0
ENSG00000169174	1	0	1
ENSG00000232198	0	0	0
ENSG00000238063	0	0	0
ENSG00000227104	0	0	0
ENSG00000243725	3	0	3
ENSG00000171872	0	0	0
ENSG00000162407	7	0	7
ENSG00000285079	1	0	1
ENSG00000169218	0	0	0
ENSG00000163877	331	2	329
ENSG00000228929	4	0	4
ENSG00000224570	0	0	0
ENSG00000224980	0	0	0
ENSG00000278967	0	0	0
ENSG00000157184	65	16	191
ENSG00000272491	1	0	1
ENSG00000198815	747	1	746
ENSG00000134744	543	5	538
ENSG00000233910	0	0	0
ENSG00000287703	1	0	1
ENSG00000283039	0	0	0
ENSG00000229032	0	0	0
ENSG00000229294	0	0	0
ENSG00000232993	0	0	0
ENSG00000234088	0	0	0
ENSG00000236973	0	0	0
ENSG00000227947	0	0	0
ENSG00000277397	0	0	0
ENSG00000271200	0	0	0
ENSG00000235446	0	0	0
ENSG00000261196	0	0	0
ENSG00000162385	258	0	258
ENSG00000231413	0	0	0
ENSG00000234264	0	0	0
ENSG00000242391	0	0	0
ENSG00000223883	0	0	0
ENSG00000284808	0	0	0
ENSG00000242267	0	0	0
ENSG00000237227	0	0	0
ENSG00000275350	0	0	0
ENSG00000116652	0	0	1
ENSG00000123080	54	1	53
ENSG00000285778	0	0	0
ENSG00000077549	4928	3	4926
ENSG00000233407	0	0	0
ENSG00000225675	2	0	2
ENSG00000237622	0	0	0
ENSG00000162598	0	0	0
ENSG00000280317	0	0	0
ENSG00000162415	6	0	6
ENSG00000162600	199	0	199
ENSG00000116704	248	1	247
ENSG00000227644	0	1	0
ENSG00000157193	30	0	44
ENSG00000116205	200	0	205
ENSG00000198841	31	0	31
ENSG00000116212	74	0	74
ENSG00000234204	0	0	0
ENSG00000233099	1	0	1
ENSG00000233994	0	0	0
ENSG00000237180	0	0	0
ENSG00000213561	0	0	0
ENSG00000233973	0	0	0
ENSG00000237552	0	0	0
ENSG00000132854	0	0	0
ENSG00000227556	0	0	0
ENSG00000162616	69	1	69
ENSG00000162607	698	4	694
ENSG00000233602	0	0	0
ENSG00000233271	0	0	0
ENSG00000285954	14	13	1
ENSG00000233333	0	0	0
ENSG00000154027	130	1	134
ENSG00000234108	0	0	0
ENSG00000232676	0	0	0
ENSG00000225167	0	0	0
ENSG00000132122	40	0	40
ENSG00000213579	0	0	0
ENSG00000137960	0	0	0
ENSG00000237852	0	0	0
ENSG00000116745	0	0	0
ENSG00000132855	0	0	0
ENSG00000285407	0	0	0
ENSG00000272855	1	0	1
ENSG00000270549	0	0	0
ENSG00000237163	0	0	0
ENSG00000229636	0	0	0
ENSG00000116675	7	0	7
ENSG00000162433	10	0	10
ENSG00000213625	707	0	707
ENSG00000227207	0	0	0
ENSG00000227016	0	0	0
ENSG00000233664	0	0	0
ENSG00000158966	32	0	32
ENSG00000213703	0	0	0
ENSG00000203965	31	0	33
ENSG00000223479	0	0	0
ENSG00000233674	0	0	0
ENSG00000153898	56	0	56
ENSG00000117069	0	0	0
ENSG00000125703	161	0	161
ENSG00000285041	0	0	0
ENSG00000285808	0	0	0
ENSG00000229440	0	0	0
ENSG00000234144	0	0	0
ENSG00000213540	0	0	0
ENSG00000277670	0	0	0
ENSG00000227466	0	0	0
ENSG00000154007	0	0	0
ENSG00000230498	0	0	0
ENSG00000285782	0	0	0
ENSG00000162618	0	0	0
ENSG00000224493	0	0	0
ENSG00000131233	0	0	0
ENSG00000272371	0	0	0
ENSG00000287647	1	6	0
ENSG00000229225	0	0	0
ENSG00000230863	0	0	0
ENSG00000213560	0	0	0
ENSG00000287224	0	0	0
ENSG00000225598	0	0	0
ENSG00000286455	0	0	0
ENSG00000225087	0	0	0
ENSG00000224986	0	0	0
ENSG00000280378	6	0	6
ENSG00000188786	914	0	914
ENSG00000230053	0	0	0
ENSG00000137941	11	0	11
ENSG00000273338	2	1	1
ENSG00000223720	0	0	0
ENSG00000224326	0	0	0
ENSG00000286548	1	0	1
ENSG00000066135	186	0	287
ENSG00000230027	0	0	0
ENSG00000233061	0	0	0
ENSG00000272094	0	0	0
ENSG00000228853	0	0	0
ENSG00000215874	0	0	0
ENSG00000232453	4	0	4
ENSG00000260386	0	0	0
ENSG00000284895	0	0	0
ENSG00000117174	164	0	164
ENSG00000237413	0	0	0
ENSG00000184313	1	0	1
ENSG00000284645	0	0	0
ENSG00000225605	0	0	0
ENSG00000225446	0	0	0
ENSG00000288543	0	0	0
ENSG00000122420	6	0	6
ENSG00000284240	0	0	0
ENSG00000236290	0	0	0
ENSG00000143013	438	0	438
ENSG00000226084	11	0	11
ENSG00000134748	669	0	669
ENSG00000142892	302	0	302
ENSG00000219102	7	0	7
ENSG00000184005	48	0	48
ENSG00000230953	0	0	0
ENSG00000287743	0	0	0
ENSG00000229332	0	0	0
ENSG00000227937	0	0	0
ENSG00000229752	0	0	0
ENSG00000237505	0	0	0
ENSG00000285462	0	0	0
ENSG00000233216	0	0	0
ENSG00000197273	0	0	0
ENSG00000226804	0	0	0
ENSG00000285325	0	0	0
ENSG00000230728	0	0	0
ENSG00000162402	1177	1	1176
ENSG00000232846	0	0	0
ENSG00000219201	0	0	0
ENSG00000230787	0	0	0
ENSG00000116641	50	2	48
ENSG00000235927	2	1	1
ENSG00000223920	1	1	0
ENSG00000237453	0	0	0
ENSG00000172260	8	1	7
ENSG00000285473	0	0	0
ENSG00000237959	0	0	0
ENSG00000231364	0	0	0
ENSG00000234578	0	0	0
ENSG00000117480	107	0	107
ENSG00000137944	273	1	272
ENSG00000229505	0	0	0
ENSG00000228187	0	0	0
ENSG00000285201	0	0	0
ENSG00000182183	49	0	49
ENSG00000236407	0	0	0
ENSG00000271949	0	0	0
ENSG00000227062	0	0	0
ENSG00000067334	553	3	550
ENSG00000235011	0	0	0
ENSG00000235673	0	0	0
ENSG00000226938	0	0	0
ENSG00000213559	0	0	0
ENSG00000287587	0	0	0
ENSG00000142949	7	0	7
ENSG00000116133	125	1	135
ENSG00000232882	0	0	0
ENSG00000171502	8	0	8
ENSG00000162399	2	2	0
ENSG00000116157	78	0	78
ENSG00000143036	4	0	4
ENSG00000232672	0	0	0
ENSG00000230817	0	0	0
ENSG00000235613	0	0	0
ENSG00000065243	1015	2	1013
ENSG00000226759	0	0	0
ENSG00000226960	0	0	0
ENSG00000234080	1	0	1
ENSG00000237899	0	0	0
ENSG00000225492	7	0	7
ENSG00000223905	0	0	0
ENSG00000227290	0	0	0
ENSG00000229486	0	0	0
ENSG00000282898	0	0	0
ENSG00000285409	0	0	0
ENSG00000231090	2	0	2
ENSG00000117528	253	0	253
ENSG00000271723	0	0	0
ENSG00000172339	14	0	14
ENSG00000036549	245	0	245
ENSG00000287724	0	7	0
ENSG00000058799	612	1	611
ENSG00000225191	0	0	0
ENSG00000287870	0	0	0
ENSG00000235563	0	0	0
ENSG00000232048	0	0	0
ENSG00000232857	0	0	0
ENSG00000273637	0	0	0
ENSG00000203985	0	0	0
ENSG00000228838	0	1	0
ENSG00000283761	0	0	0
ENSG00000189433	0	0	0
ENSG00000230759	0	0	0
ENSG00000231866	0	0	0
ENSG00000179178	0	0	0
ENSG00000142700	0	0	0
ENSG00000285525	0	0	0
ENSG00000236098	0	0	0
ENSG00000233514	0	0	0
ENSG00000127124	161	0	161
ENSG00000266993	4	22	4
ENSG00000223675	0	0	0
ENSG00000162604	219	0	219
ENSG00000229316	0	0	0
ENSG00000116171	629	0	629
ENSG00000287406	0	0	0
ENSG00000225767	0	0	0
ENSG00000234099	0	0	0
ENSG00000137936	16	5	12
ENSG00000235308	1	1	0
ENSG00000232752	0	0	0
ENSG00000235829	0	0	0
ENSG00000143032	0	0	0
ENSG00000226745	0	0	0
ENSG00000178028	265	3	262
ENSG00000280040	0	0	0
ENSG00000168710	863	0	863
ENSG00000117519	30	0	30
ENSG00000270507	0	0	0
ENSG00000238037	0	0	0
ENSG00000215869	0	0	0
ENSG00000134215	923	0	923
ENSG00000227935	0	0	0
ENSG00000229887	0	0	0
ENSG00000228502	7	0	7
ENSG00000236268	0	0	0
ENSG00000271277	0	0	0
ENSG00000236888	0	0	0
ENSG00000279778	0	0	0
ENSG00000232015	0	0	0
ENSG00000230955	0	67	0
ENSG00000230828	0	0	0
ENSG00000188641	1738	1	1863
ENSG00000152078	11	0	11
ENSG00000237279	0	0	0
ENSG00000233359	0	0	0
ENSG00000237954	0	0	0
ENSG00000185668	0	0	0
ENSG00000171492	404	0	404
ENSG00000233129	0	0	0
ENSG00000170989	1509	0	1509
ENSG00000258634	45	0	69
ENSG00000233557	0	0	0
ENSG00000237897	0	0	0
ENSG00000116299	721	0	721
ENSG00000137962	18	0	18
ENSG00000227832	0	0	0
ENSG00000286692	0	0	0
ENSG00000260464	0	0	0
ENSG00000237435	0	0	0
ENSG00000231996	0	0	0
ENSG00000273204	0	0	0
ENSG00000079739	483	4	529
ENSG00000117154	0	0	0
ENSG00000162377	67	5	62
ENSG00000224613	0	0	0
ENSG00000215871	0	0	0
ENSG00000287372	0	0	0
ENSG00000232542	0	0	0
ENSG00000231095	0	0	0
ENSG00000116774	2	0	2
ENSG00000287756	0	0	0
ENSG00000269113	0	0	0
ENSG00000284652	0	0	0
ENSG00000023909	246	0	246
ENSG00000069702	479	0	479
ENSG00000232185	0	0	0
ENSG00000230489	3	0	3
ENSG00000228399	0	0	0
ENSG00000236776	0	0	0
ENSG00000285928	1	1	0
ENSG00000224685	0	0	0
ENSG00000287076	0	0	0
ENSG00000237480	0	0	0
ENSG00000271252	0	0	0
ENSG00000230427	1	0	1
ENSG00000235794	0	0	0
ENSG00000286758	0	0	0
ENSG00000237337	0	0	0
ENSG00000233983	0	0	0
ENSG00000198198	524	28	639
ENSG00000225183	0	0	0
ENSG00000230402	0	0	0
ENSG00000116793	328	0	328
ENSG00000134201	0	0	0
ENSG00000238122	0	0	0
ENSG00000260879	0	15	0
ENSG00000213366	143	0	143
ENSG00000230864	0	0	0
ENSG00000283354	0	0	0
ENSG00000232918	0	0	0
ENSG00000236360	0	0	0
ENSG00000183298	0	0	0
ENSG00000234332	9	0	9
ENSG00000117525	2	0	2
ENSG00000225079	10	0	10
ENSG00000226483	1	1	0
ENSG00000224238	0	0	0
ENSG00000229537	0	0	0
ENSG00000162699	0	0	0
ENSG00000162692	1	0	1
ENSG00000203914	0	0	0
ENSG00000270457	0	0	0
ENSG00000203858	0	0	0
ENSG00000231987	0	0	0
ENSG00000228057	2	0	2
ENSG00000261593	0	0	0
ENSG00000224445	0	0	0
ENSG00000229842	0	0	0
ENSG00000270631	0	0	0
ENSG00000229201	0	0	0
ENSG00000181656	2	1	1
ENSG00000122481	13	0	13
ENSG00000198162	457	0	457
ENSG00000238198	2	0	2
ENSG00000171517	7	0	7
ENSG00000228852	1	1	0
ENSG00000203864	0	0	0
ENSG00000233482	0	0	0
ENSG00000230250	0	0	0
ENSG00000232878	2	128	0
ENSG00000143079	26	0	26
ENSG00000232450	6	0	6
ENSG00000223575	0	0	0
ENSG00000230768	0	0	0
ENSG00000235202	0	0	0
ENSG00000272715	0	0	0
ENSG00000235038	0	0	0
ENSG00000143093	447	1	446
ENSG00000226415	3	0	3
ENSG00000085491	482	0	497
ENSG00000173947	2	0	2
ENSG00000241361	1	0	1
ENSG00000230434	0	0	0
ENSG00000230718	0	0	0
ENSG00000134198	397	0	397
ENSG00000235595	0	0	0
ENSG00000226053	0	0	0
ENSG00000226128	1	1	0
ENSG00000198799	255	0	273
ENSG00000279513	0	0	0
ENSG00000117620	156	0	156
ENSG00000280186	1	0	1
ENSG00000223906	0	0	0
ENSG00000162688	224	0	224
ENSG00000197106	0	0	0
ENSG00000259946	0	0	0
ENSG00000236137	1	42	0
ENSG00000203859	0	0	0
ENSG00000228086	0	17	0
ENSG00000213421	0	0	0
ENSG00000234020	0	0	0
ENSG00000060718	0	0	0
ENSG00000236804	0	0	0
ENSG00000231072	0	0	0
ENSG00000273406	0	0	0
ENSG00000185946	240	0	240
ENSG00000162627	1	0	1
ENSG00000226715	0	0	0
ENSG00000162695	360	0	360
ENSG00000134184	1	0	1
ENSG00000265808	851	0	851
ENSG00000261290	0	0	0
ENSG00000225923	0	0	0
ENSG00000134247	4	0	4
ENSG00000187481	0	0	0
ENSG00000116752	246	0	246
ENSG00000162664	147	0	147
ENSG00000236866	0	0	0
ENSG00000134253	0	0	0
ENSG00000277655	0	0	0
ENSG00000223416	0	0	0
ENSG00000213226	0	0	0
ENSG00000179571	0	0	0
ENSG00000227850	0	0	0
ENSG00000243967	0	0	0
ENSG00000235777	0	0	0
ENSG00000260246	0	0	0
ENSG00000173218	55	0	55
ENSG00000285532	0	0	0
ENSG00000226755	0	0	0
ENSG00000232650	0	0	0
ENSG00000183508	743	0	743
ENSG00000277095	0	0	0
ENSG00000236806	2	0	2
ENSG00000234283	0	0	0
ENSG00000237188	0	0	0
ENSG00000232780	0	0	0
ENSG00000274927	0	0	0
ENSG00000264145	0	0	0
ENSG00000238256	0	0	0
ENSG00000198765	0	0	0
ENSG00000224335	0	0	0
ENSG00000277702	0	0	0
ENSG00000143398	481	0	481
ENSG00000196505	372	0	372
ENSG00000225871	6	19	0
ENSG00000223489	0	0	0
ENSG00000230546	0	0	0
ENSG00000213262	0	0	0
ENSG00000287015	0	0	0
ENSG00000241720	0	4	0
ENSG00000235526	0	0	0
ENSG00000228347	0	0	0
ENSG00000276975	0	0	0
ENSG00000236012	0	0	0
ENSG00000270911	1	1	0
ENSG00000272824	0	0	0
ENSG00000134200	1	1	0
ENSG00000234257	0	0	0
ENSG00000065183	226	3	249
ENSG00000227082	2	0	2
ENSG00000228626	0	0	0
ENSG00000226126	0	0	0
ENSG00000163393	257	0	257
ENSG00000163156	314	4	312
ENSG00000143631	0	0	0
ENSG00000156150	0	24	0
ENSG00000228453	0	0	0
ENSG00000274642	0	0	0
ENSG00000177551	0	0	0
ENSG00000197323	974	1	973
ENSG00000237975	0	0	0
ENSG00000261168	1	0	1
ENSG00000287980	0	0	0
ENSG00000229283	0	0	0
ENSG00000271419	0	0	0
ENSG00000226172	0	0	0
ENSG00000079335	310	3	324
ENSG00000143119	8269	0	8269
ENSG00000237278	0	18	0
ENSG00000285062	0	0	0
ENSG00000233432	0	0	0
ENSG00000227700	0	0	0
ENSG00000229911	0	0	0
ENSG00000143520	0	0	0
ENSG00000171943	47	0	47
ENSG00000270719	0	0	0
ENSG00000155761	1	24	3
ENSG00000230806	0	0	0
ENSG00000116830	112	0	112
ENSG00000234422	0	0	0
ENSG00000227056	0	0	0
ENSG00000143614	940	0	941
ENSG00000227091	0	0	0
ENSG00000169418	0	0	0
ENSG00000214204	0	0	0
ENSG00000081026	33	7	26
ENSG00000225650	0	0	0
ENSG00000227179	0	0	0
ENSG00000224965	1	0	1
ENSG00000228127	1	1	0
ENSG00000226984	0	0	0
ENSG00000186150	0	0	0
ENSG00000143554	346	1	345
ENSG00000143458	326	1	325
ENSG00000230932	0	0	0
ENSG00000073754	0	0	0
ENSG00000228826	1	0	1
ENSG00000233907	0	0	0
ENSG00000225036	0	0	0
ENSG00000228420	0	0	0
ENSG00000233839	0	0	0
ENSG00000250890	0	0	0
ENSG00000232240	0	0	0
ENSG00000280649	14	6	16
ENSG00000131781	85	10	78
ENSG00000223599	0	0	0
ENSG00000230921	0	0	0
ENSG00000286151	7	0	7
ENSG00000234388	0	0	0
ENSG00000235015	0	0	0
ENSG00000271736	14	0	14
ENSG00000235988	0	0	0
ENSG00000233717	0	0	0
ENSG00000231551	40	15	25
ENSG00000227295	2	0	2
ENSG00000163155	39	32	9
ENSG00000243613	0	45	0
ENSG00000241975	7	0	7
ENSG00000271143	0	0	0
ENSG00000270976	0	0	0
ENSG00000228217	0	0	0
ENSG00000270342	0	0	0
ENSG00000143552	2	2	0
ENSG00000175984	19	0	19
ENSG00000231100	0	0	0
ENSG00000116824	1258	1	1257
ENSG00000235887	0	0	0
ENSG00000237460	0	0	0
ENSG00000236327	0	0	0
ENSG00000223804	24	5	19
ENSG00000236887	0	0	0
ENSG00000024526	6	0	6
ENSG00000236480	0	0	0
ENSG00000235756	0	0	0
ENSG00000173810	0	0	0
ENSG00000235005	1	0	1
ENSG00000271890	0	0	0
ENSG00000238107	0	0	0
ENSG00000227425	0	0	0
ENSG00000233222	0	8	0
ENSG00000225279	0	0	0
ENSG00000229101	0	0	0
ENSG00000224927	0	0	0
ENSG00000239216	0	0	0
ENSG00000283360	0	0	0
ENSG00000117262	24	0	24
ENSG00000227907	0	0	0
ENSG00000143624	974	4	1052
ENSG00000227970	0	0	0
ENSG00000261055	2	0	2
ENSG00000231613	0	0	0
ENSG00000137947	516	0	516
ENSG00000236689	0	0	0
ENSG00000233589	0	0	0
ENSG00000117586	72	0	72
ENSG00000230946	0	0	0
ENSG00000226028	0	0	0
ENSG00000162728	0	0	0
ENSG00000229021	0	0	0
ENSG00000203825	0	0	0
ENSG00000184371	342	0	342
ENSG00000233449	0	0	0
ENSG00000242943	0	0	0
ENSG00000233203	0	0	0
ENSG00000232499	1	0	1
ENSG00000232265	0	0	0
ENSG00000163154	911	1	912
ENSG00000232995	4	0	4
ENSG00000236957	0	0	0
ENSG00000238087	0	0	0
ENSG00000227777	0	0	0
ENSG00000177173	0	0	0
ENSG00000277406	35	0	35
ENSG00000238022	0	0	0
ENSG00000231671	1	0	1
ENSG00000162729	186	0	186
ENSG00000143158	185	7	246
ENSG00000271092	6	0	6
ENSG00000238118	0	0	0
ENSG00000276118	0	0	0
ENSG00000232148	0	0	0
ENSG00000278811	6	17	0
ENSG00000000460	42	97	53
ENSG00000188859	1	0	1
ENSG00000275075	0	0	0
ENSG00000135862	64	0	64
ENSG00000232952	0	0	0
ENSG00000158473	506	2	504
ENSG00000227722	0	0	0
ENSG00000285922	0	0	0
ENSG00000275801	2	0	2
ENSG00000143198	199	0	199
ENSG00000143318	0	0	0
ENSG00000232188	0	0	0
ENSG00000232212	0	0	0
ENSG00000143621	776	10	772
ENSG00000241042	0	0	0
ENSG00000143155	420	0	420
ENSG00000260322	0	0	0
ENSG00000223495	0	0	0
ENSG00000143156	23	3	35
ENSG00000198771	3394	7	3458
ENSG00000225462	0	0	0
ENSG00000237756	0	0	0
ENSG00000116147	4	0	4
ENSG00000213064	1025	0	1110
ENSG00000203307	0	0	0
ENSG00000143179	43	0	59
ENSG00000271187	0	0	0
ENSG00000274562	0	0	0
ENSG00000143315	119	0	119
ENSG00000116199	344	0	344
ENSG00000231175	0	0	0
ENSG00000143185	26	0	26
ENSG00000235145	0	0	0
ENSG00000116260	946	0	946
ENSG00000272931	1	0	1
ENSG00000143190	379	0	413
ENSG00000225475	0	0	0
ENSG00000230898	0	0	0
ENSG00000232223	0	0	0
ENSG00000224698	0	0	0
ENSG00000287697	1	7	1
ENSG00000075945	188	1	200
ENSG00000235303	0	0	0
ENSG00000234810	2	0	2
ENSG00000232750	0	0	0
ENSG00000224468	0	0	0
ENSG00000235628	0	0	0
ENSG00000232551	0	0	0
ENSG00000092607	1	0	1
ENSG00000238270	0	0	0
ENSG00000285894	0	0	0
ENSG00000236025	0	0	0
ENSG00000230687	0	0	0
ENSG00000230704	0	0	0
ENSG00000283255	0	0	0
ENSG00000227741	3	24	2
ENSG00000237049	0	0	0
ENSG00000286754	0	0	0
ENSG00000232751	0	0	0
ENSG00000236364	1	17	0
ENSG00000117091	1077	7	2662
ENSG00000235378	0	0	0
ENSG00000143171	0	0	0
ENSG00000275767	0	0	0
ENSG00000224718	0	0	0
ENSG00000047410	1949	9	2115
ENSG00000231992	0	0	0
ENSG00000018625	1	0	1
ENSG00000171806	68	0	71
ENSG00000287919	1	0	1
ENSG00000229914	0	0	0
ENSG00000233882	0	0	0
ENSG00000198358	0	0	0
ENSG00000229407	0	0	0
ENSG00000134216	0	0	0
ENSG00000230748	0	0	0
ENSG00000254154	0	0	0
ENSG00000162694	22	0	22
ENSG00000238108	0	0	0
ENSG00000214262	0	85	0
ENSG00000183853	0	0	0
ENSG00000215835	5	0	5
ENSG00000118197	285	0	285
ENSG00000135842	10125	9	10116
ENSG00000229258	0	0	0
ENSG00000287472	0	0	0
ENSG00000241318	0	0	0
ENSG00000228238	0	0	0
ENSG00000232393	0	0	0
ENSG00000121454	10	35	0
ENSG00000184155	0	0	0
ENSG00000058085	0	0	0
ENSG00000260088	0	0	0
ENSG00000287978	1	0	1
ENSG00000116815	404	0	404
ENSG00000232917	0	0	0
ENSG00000233057	1	0	1
ENSG00000237131	0	0	0
ENSG00000233946	0	0	0
ENSG00000143167	105	0	105
ENSG00000143184	20	0	20
ENSG00000231966	2	0	2
ENSG00000176320	0	0	0
ENSG00000260976	0	0	0
ENSG00000235215	0	0	0
ENSG00000223450	0	0	0
ENSG00000224691	0	0	0
ENSG00000286572	0	0	0
ENSG00000235101	1	1	0
ENSG00000228215	5	0	5
ENSG00000177807	6	0	6
ENSG00000233626	0	0	0
ENSG00000233691	0	0	0
ENSG00000283518	0	0	0
ENSG00000271527	0	0	0
ENSG00000143228	21	0	21
ENSG00000235827	0	0	0
ENSG00000231615	2	0	2
ENSG00000231714	0	0	0
ENSG00000174514	11	1	16
ENSG00000143178	48	0	48
ENSG00000224837	0	0	0
ENSG00000116833	0	0	0
ENSG00000227740	5	0	5
ENSG00000260990	0	0	0
ENSG00000000457	204	20	289
ENSG00000143507	65	0	65
ENSG00000285638	0	0	0
ENSG00000226520	0	0	0
ENSG00000284592	0	0	0
ENSG00000230987	0	0	0
ENSG00000232527	0	0	0
ENSG00000215833	0	0	0
ENSG00000228167	0	0	0
ENSG00000225325	0	0	0
ENSG00000223344	0	0	0
ENSG00000228191	0	0	0
ENSG00000229961	11	0	11
ENSG00000150732	0	0	0
ENSG00000157064	2	0	2
ENSG00000288139	0	0	0
ENSG00000226015	15	4	11
ENSG00000215808	0	0	0
ENSG00000059588	198	0	198
ENSG00000231512	0	0	0
ENSG00000237379	0	0	0
ENSG00000232959	0	13	0
ENSG00000122224	347	16	331
ENSG00000162782	0	0	0
ENSG00000238051	0	0	0
ENSG00000233196	1	1	0
ENSG00000229220	0	0	0
ENSG00000143653	166	0	166
ENSG00000135837	1174	0	1174
ENSG00000158711	878	6	878
ENSG00000227747	0	0	0
ENSG00000228081	2	0	2
ENSG00000228020	0	0	0
ENSG00000234975	23	0	23
ENSG00000162851	80	0	80
ENSG00000271427	0	0	0
ENSG00000261817	0	0	0
ENSG00000143353	125	0	132
ENSG00000197965	524	0	524
ENSG00000143493	160	0	160
ENSG00000230777	1	1	0
ENSG00000179397	0	0	0
ENSG00000224540	0	0	0
ENSG00000117592	1405	1	1404
ENSG00000186197	11	0	11
ENSG00000229067	0	0	0
ENSG00000230231	0	0	0
ENSG00000227711	0	0	0
ENSG00000261182	0	0	0
ENSG00000228879	1	1	0
ENSG00000227925	3	0	3
ENSG00000162670	0	0	0
ENSG00000225712	0	0	0
ENSG00000162761	0	0	0
ENSG00000143199	1	0	1
ENSG00000179930	1	0	1
ENSG00000007908	0	0	0
ENSG00000092978	109	0	109
ENSG00000143499	167	0	167
ENSG00000188404	37524	21	37503
ENSG00000227735	0	0	0
ENSG00000243062	0	0	0
ENSG00000143196	0	0	0
ENSG00000228504	0	0	0
ENSG00000274702	0	0	0
ENSG00000226211	0	0	0
ENSG00000236942	1	1	0
ENSG00000287205	0	0	0
ENSG00000203697	1	0	1
ENSG00000116574	354	0	354
ENSG00000287929	0	0	0
ENSG00000186283	469	3	466
ENSG00000224896	0	0	0
ENSG00000226292	0	0	0
ENSG00000121481	279	0	279
ENSG00000227940	0	0	0
ENSG00000117139	640	0	640
ENSG00000143248	4	0	4
ENSG00000278455	0	0	0
ENSG00000224810	0	0	0
ENSG00000162814	0	0	0
ENSG00000225172	0	0	0
ENSG00000261642	0	0	0
ENSG00000228239	0	0	0
ENSG00000237283	0	0	0
ENSG00000116132	0	0	0
ENSG00000238042	1	0	1
ENSG00000271475	0	0	0
ENSG00000231877	0	0	0
ENSG00000116679	3464	5	3459
ENSG00000228536	0	0	0
ENSG00000230550	0	0	0
ENSG00000229242	0	0	0
ENSG00000253326	3	0	3
ENSG00000228470	0	0	0
ENSG00000152092	0	0	0
ENSG00000234984	0	0	0
ENSG00000231648	0	0	0
ENSG00000229983	0	0	0
ENSG00000215149	0	0	0
ENSG00000225122	0	0	0
ENSG00000225920	4	4	0
ENSG00000143476	16	1	15
ENSG00000121486	365	0	365
ENSG00000228437	0	0	0
ENSG00000214837	10	0	10
ENSG00000057252	1208	2	1206
ENSG00000225982	0	0	0
ENSG00000285718	0	0	0
ENSG00000234070	0	0	0
ENSG00000233620	0	0	0
ENSG00000237783	0	0	0
ENSG00000272906	5	2	11
ENSG00000233018	0	0	0
ENSG00000123685	16	1	15
ENSG00000224783	0	0	0
ENSG00000162852	495	0	495
ENSG00000232792	0	0	0
ENSG00000273004	7	0	7
ENSG00000143842	47	0	47
ENSG00000268062	0	0	0
ENSG00000237409	0	0	0
ENSG00000116962	104	0	104
ENSG00000288078	0	0	0
ENSG00000271399	0	0	0
ENSG00000229757	0	0	0
ENSG00000232679	0	0	0
ENSG00000159388	3200	4	3196
ENSG00000220749	14	0	14
ENSG00000181450	61	0	61
ENSG00000223519	2	5	17
ENSG00000120333	166	3	173
ENSG00000286285	2	0	2
ENSG00000225300	0	0	0
ENSG00000223842	1	1	0
ENSG00000162753	0	0	0
ENSG00000228247	0	0	0
ENSG00000231424	1	0	1
ENSG00000143355	0	0	0
ENSG00000287177	0	0	0
ENSG00000237193	0	0	0
ENSG00000223490	0	0	0
ENSG00000121644	305	0	305
ENSG00000174502	0	0	0
ENSG00000224286	0	0	0
ENSG00000158715	104	0	104
ENSG00000143195	4	0	4
ENSG00000162849	3	1	2
ENSG00000232824	0	0	0
ENSG00000273416	0	0	0
ENSG00000234142	1	0	1
ENSG00000282111	0	0	0
ENSG00000233410	0	0	0
ENSG00000067533	93	0	93
ENSG00000228955	1	1	0
ENSG00000270443	0	0	0
ENSG00000116209	2456	3	2453
ENSG00000224702	0	0	0
ENSG00000271811	0	0	0
ENSG00000224278	0	0	0
ENSG00000235492	0	0	0
ENSG00000287808	3	28	2
ENSG00000271588	0	0	0
ENSG00000229840	0	0	0
ENSG00000116161	434	21	430
ENSG00000226486	0	0	0
ENSG00000227687	0	0	0
ENSG00000231814	0	0	0
ENSG00000286210	0	0	0
ENSG00000287364	0	0	0
ENSG00000225063	0	0	0
ENSG00000260698	7	0	7
ENSG00000277007	3	0	3
ENSG00000229016	0	0	0
ENSG00000077157	768	2	773
ENSG00000152104	0	0	0
ENSG00000236975	0	0	0
ENSG00000215834	0	0	0
ENSG00000286541	0	0	0
ENSG00000117650	7	0	7
ENSG00000235021	1	0	1
ENSG00000203724	1	0	1
ENSG00000225006	0	0	0
ENSG00000287633	0	0	0
ENSG00000158764	1	0	1
ENSG00000223375	0	0	0
ENSG00000230714	0	0	0
ENSG00000261065	0	1	0
ENSG00000260855	3	2	1
ENSG00000188783	0	0	0
ENSG00000236206	0	0	0
ENSG00000168118	308	0	309
ENSG00000181101	0	0	0
ENSG00000173726	819	0	819
ENSG00000282852	0	0	0
ENSG00000152382	126	4	122
ENSG00000143839	0	0	0
ENSG00000232100	0	0	0
ENSG00000261024	1	0	1
ENSG00000230547	0	0	0
ENSG00000229703	0	0	0
ENSG00000176754	0	0	0
ENSG00000232309	0	0	0
ENSG00000227953	1	17	4
ENSG00000232215	0	0	0
ENSG00000135829	1773	5	1795
ENSG00000228289	0	0	0
ENSG00000134717	417	1	416
ENSG00000232989	0	0	0
ENSG00000233537	0	0	0
ENSG00000116668	116	5	111
ENSG00000143756	449	0	449
ENSG00000278180	0	0	0
ENSG00000143702	450	0	491
ENSG00000232341	0	0	0
ENSG00000287676	0	0	0
ENSG00000236792	0	0	0
ENSG00000143207	1327	3	1324
ENSG00000270859	0	0	0
ENSG00000238224	0	0	0
ENSG00000286775	0	0	0
ENSG00000122176	0	0	0
ENSG00000229120	0	0	0
ENSG00000237492	0	0	0
ENSG00000230404	0	0	0
ENSG00000213036	0	0	0
ENSG00000227230	1	28	0
ENSG00000236230	0	0	0
ENSG00000026751	600	0	600
ENSG00000150681	2034	1	2396
ENSG00000116906	449	0	449
ENSG00000092969	1	0	1
ENSG00000157181	149	0	149
ENSG00000250762	0	0	0
ENSG00000236720	0	0	0
ENSG00000227421	0	0	0
ENSG00000227240	0	0	0
ENSG00000076258	27	0	27
ENSG00000286073	0	0	0
ENSG00000231084	4	4	0
ENSG00000232085	0	14	0
ENSG00000117697	392	0	393
ENSG00000279333	0	0	1
ENSG00000235083	0	0	0
ENSG00000162669	0	0	0
ENSG00000197067	0	0	0
ENSG00000229652	0	0	0
ENSG00000132681	0	0	0
ENSG00000225904	0	0	0
ENSG00000270920	0	0	0
ENSG00000281664	0	0	0
ENSG00000143641	449	0	657
ENSG00000227630	0	0	0
ENSG00000228830	0	475	1
ENSG00000010932	2	1	1
ENSG00000282849	0	0	0
ENSG00000276520	0	0	0
ENSG00000226640	0	0	0
ENSG00000010072	121	38	118
ENSG00000135766	108	2	106
ENSG00000232626	0	0	0
ENSG00000232096	0	0	0
ENSG00000279261	0	0	0
ENSG00000213051	1	0	1
ENSG00000238054	0	0	0
ENSG00000163534	374	0	374
ENSG00000168243	0	0	0
ENSG00000281453	0	0	0
ENSG00000237469	0	0	0
ENSG00000224939	0	0	0
ENSG00000227613	0	0	0
ENSG00000116183	0	0	0
ENSG00000270106	0	0	0
ENSG00000232194	0	0	0
ENSG00000235152	0	0	0
ENSG00000231612	1	0	1
ENSG00000237980	3	0	3
ENSG00000271036	0	0	0
ENSG00000230849	0	0	0
ENSG00000170382	65	67	1
ENSG00000228664	0	0	0
ENSG00000226868	0	0	0
ENSG00000279401	0	0	0
ENSG00000272362	0	0	0
ENSG00000287450	0	0	0
ENSG00000237011	0	0	0
ENSG00000233583	0	0	0
ENSG00000066027	2171	5	2167
ENSG00000286263	0	0	0
ENSG00000227006	0	0	0
ENSG00000236372	0	0	0
ENSG00000224525	0	0	0
ENSG00000188770	0	0	0
ENSG00000173728	2	2	0
ENSG00000094975	387	0	387
ENSG00000225811	0	0	0
ENSG00000273093	0	0	0
ENSG00000162772	29	0	29
ENSG00000227818	0	0	0
ENSG00000135828	1018	1	1017
ENSG00000224227	0	0	0
ENSG00000286398	0	0	0
ENSG00000076356	84	0	84
ENSG00000215819	0	0	0
ENSG00000185523	3	0	4
ENSG00000236108	0	0	0
ENSG00000116711	76	0	76
ENSG00000231684	0	0	0
ENSG00000226750	0	0	0
ENSG00000285665	3	0	3
ENSG00000231022	0	0	0
ENSG00000224436	0	0	0
ENSG00000228208	0	0	0
ENSG00000273384	0	0	0
ENSG00000238061	0	0	0
ENSG00000234915	0	0	0
ENSG00000143845	3	0	4
ENSG00000235862	0	0	0
ENSG00000069812	0	0	0
ENSG00000227585	0	0	0
ENSG00000157060	0	0	0
ENSG00000237213	0	0	0
ENSG00000236439	5	0	5
ENSG00000224260	0	0	0
ENSG00000213045	4	4	0
ENSG00000287220	0	0	0
ENSG00000230063	0	0	0
ENSG00000235467	0	0	0
ENSG00000123684	3453	1	3452
ENSG00000117707	1	0	1
ENSG00000228044	0	0	0
ENSG00000225338	0	1	0
ENSG00000224407	0	208	0
ENSG00000232463	0	0	0
ENSG00000237457	0	0	0
ENSG00000225171	3	0	3
ENSG00000226843	0	0	0
ENSG00000235386	0	0	0
ENSG00000123836	282	36	282
ENSG00000213690	0	0	0
ENSG00000223982	0	0	0
ENSG00000229832	1	1	0
ENSG00000117691	102	0	102
ENSG00000225233	0	0	0
ENSG00000274895	0	0	0
ENSG00000237514	0	0	0
ENSG00000287856	0	0	0
ENSG00000228067	0	0	0
ENSG00000284299	0	0	0
ENSG00000226375	0	0	0
ENSG00000203705	208	0	208
ENSG00000224040	0	0	0
ENSG00000228686	23	23	0
ENSG00000279838	4	0	4
ENSG00000174175	88	0	88
ENSG00000236401	0	0	0
ENSG00000241475	0	0	0
ENSG00000215800	0	0	0
ENSG00000286421	0	0	0
ENSG00000270936	0	0	0
ENSG00000008118	0	0	0
ENSG00000171161	365	0	365
ENSG00000241505	0	0	0
ENSG00000224535	0	0	0
ENSG00000282097	0	0	0
ENSG00000261453	0	0	0
ENSG00000231020	0	0	0
ENSG00000270818	0	0	0
ENSG00000196878	5	0	5
ENSG00000133059	386	0	386
ENSG00000225561	0	0	0
ENSG00000224668	0	0	0
ENSG00000242529	0	0	0
ENSG00000074964	211	0	211
ENSG00000223847	0	0	0
ENSG00000277704	0	0	0
ENSG00000116918	493	25	492
ENSG00000274020	57	0	72
ENSG00000287445	3	0	3
ENSG00000259815	0	0	0
ENSG00000240963	0	0	0
ENSG00000226570	0	0	0
ENSG00000198929	0	0	0
ENSG00000272167	0	0	0
ENSG00000230628	0	0	0
ENSG00000162771	0	0	0
ENSG00000227579	0	0	0
ENSG00000176393	563	0	893
ENSG00000174606	335	1	335
ENSG00000179914	20	0	20
ENSG00000235750	3114	2	3112
ENSG00000284376	0	0	0
ENSG00000121446	0	0	0
ENSG00000226758	0	0	0
ENSG00000230199	0	0	0
ENSG00000236905	1	3	0
ENSG00000233304	0	0	0
ENSG00000288007	0	0	0
ENSG00000227887	0	0	0
ENSG00000116903	482	0	517
ENSG00000228255	0	0	0
ENSG00000226196	0	0	0
ENSG00000287354	0	0	0
ENSG00000233827	0	0	0
ENSG00000198797	0	0	0
ENSG00000271746	1	0	1
ENSG00000234233	0	0	0
ENSG00000151414	1420	0	1420
ENSG00000177614	10	0	10
ENSG00000223794	0	0	0
ENSG00000235182	0	1	0
ENSG00000213041	0	0	0
ENSG00000287157	0	0	0
ENSG00000233920	0	0	0
ENSG00000183831	0	0	0
ENSG00000225755	0	0	0
ENSG00000143858	13	21	0
ENSG00000197472	1	0	1
ENSG00000230184	0	0	0
ENSG00000234004	0	0	0
ENSG00000232436	0	0	0
ENSG00000231718	0	0	0
ENSG00000283952	0	0	0
ENSG00000230019	0	0	0
ENSG00000136643	175	0	175
ENSG00000232537	0	0	0
ENSG00000226036	0	0	0
ENSG00000285521	0	0	0
ENSG00000236317	0	0	0
ENSG00000176855	0	0	0
ENSG00000227728	0	0	0
ENSG00000133069	95	0	95
ENSG00000162877	5	1	4
ENSG00000233461	48	0	48
ENSG00000225401	0	0	0
ENSG00000228190	0	0	0
ENSG00000135747	1	0	1
ENSG00000227237	1	1	0
ENSG00000069248	417	0	417
ENSG00000232812	0	0	0
ENSG00000231666	0	0	0
ENSG00000226986	1	0	1
ENSG00000242042	0	0	0
ENSG00000234464	0	0	0
ENSG00000253148	0	0	0
ENSG00000227751	0	191	0
ENSG00000090104	36	0	36
ENSG00000285280	7	370	0
ENSG00000232892	0	0	0
ENSG00000236950	0	0	0
ENSG00000236468	0	0	0
ENSG00000143322	205	0	205
ENSG00000185220	107	2	105
ENSG00000226003	0	0	0
ENSG00000230813	0	0	0
ENSG00000226862	4	0	5
ENSG00000236101	0	0	0
ENSG00000162769	149	0	149
ENSG00000133065	114	0	114
ENSG00000278684	0	0	0
ENSG00000236775	0	0	0
ENSG00000042781	1	1	0
ENSG00000234754	0	0	0
ENSG00000233084	1	0	1
ENSG00000227815	0	0	0
ENSG00000287046	0	0	0
ENSG00000223774	0	0	1
ENSG00000228863	7	1590	9
ENSG00000228646	0	0	0
ENSG00000229112	0	0	0
ENSG00000233332	1	1	0
ENSG00000231984	0	0	0
ENSG00000286213	0	0	0
ENSG00000226876	0	0	0
ENSG00000277462	24	0	24
ENSG00000225591	0	0	0
ENSG00000035687	479	1	478
ENSG00000213080	2	0	2
ENSG00000180287	0	0	0
ENSG00000226693	0	0	0
ENSG00000234678	20	351	0
ENSG00000231272	0	0	0
ENSG00000223828	0	0	0
ENSG00000163431	0	2	0
ENSG00000230124	150	1	174
ENSG00000226723	0	0	0
ENSG00000272672	0	0	0
ENSG00000143473	0	1	0
ENSG00000228982	0	0	0
ENSG00000235096	0	0	0
ENSG00000237250	0	0	0
ENSG00000007341	40	12	58
ENSG00000286747	0	0	0
ENSG00000236069	0	0	0
ENSG00000236244	0	0	0
ENSG00000272865	0	0	0
ENSG00000117222	427	0	427
ENSG00000143324	279	1	278
ENSG00000229871	0	0	0
ENSG00000225222	0	0	0
ENSG00000118193	8	0	8
ENSG00000234116	0	0	0
ENSG00000231940	0	0	0
ENSG00000198842	0	0	0
ENSG00000286619	0	0	0
ENSG00000198756	28	0	28
ENSG00000259823	3	3	0
ENSG00000271558	0	0	0
ENSG00000227554	0	0	0
ENSG00000178596	0	0	0
ENSG00000135749	77	5	85
ENSG00000143786	15	0	17
ENSG00000224584	0	0	0
ENSG00000054282	168	16	175
ENSG00000183780	11	0	11
ENSG00000229663	5	5	0
ENSG00000162702	791	1	790
ENSG00000251508	0	0	0
ENSG00000238272	0	0	0
ENSG00000228530	0	0	0
ENSG00000235060	0	0	0
ENSG00000143194	1	0	1
ENSG00000229531	0	0	0
ENSG00000271329	0	0	0
ENSG00000054267	1478	3	1476
ENSG00000261831	0	0	0
ENSG00000287921	0	0	0
ENSG00000177800	0	0	0
ENSG00000225620	0	0	0
ENSG00000232166	0	0	0
ENSG00000175137	1153	2	1151
ENSG00000134245	7	26	2
ENSG00000234041	0	0	0
ENSG00000227373	6	0	6
ENSG00000231905	0	0	0
ENSG00000228175	1	1	0
ENSG00000069275	1192	0	1192
ENSG00000143674	26	0	26
ENSG00000237317	0	0	0
ENSG00000187889	0	0	0
ENSG00000134375	224	0	224
ENSG00000097046	58	0	58
ENSG00000232113	0	0	0
ENSG00000282718	0	0	0
ENSG00000231378	0	0	0
ENSG00000235605	0	0	0
ENSG00000223525	0	0	0
ENSG00000224857	0	0	0
ENSG00000273367	5	0	5
ENSG00000230604	0	0	0
ENSG00000231605	0	0	0
ENSG00000236358	0	0	0
ENSG00000203737	1	0	1
ENSG00000238003	0	0	0
ENSG00000215873	0	0	0
ENSG00000287008	0	0	0
ENSG00000185420	53	0	53
ENSG00000076321	123	0	123
ENSG00000272175	1	1	1
ENSG00000231564	0	0	0
ENSG00000135778	110	9	114
ENSG00000213070	0	0	0
ENSG00000282265	0	0	0
ENSG00000250536	0	0	0
ENSG00000229747	0	0	0
ENSG00000117280	707	1	706
ENSG00000233985	0	0	0
ENSG00000232175	0	0	0
ENSG00000287423	0	0	0
ENSG00000286774	0	0	0
ENSG00000236719	0	0	0
ENSG00000136636	40	0	40
ENSG00000225486	0	0	0
ENSG00000227043	0	0	0
ENSG00000163874	213	1	212
ENSG00000285777	0	0	0
ENSG00000237249	0	0	0
ENSG00000286109	0	0	0
ENSG00000213068	0	0	0
ENSG00000054392	23	0	23
ENSG00000227994	0	0	0
ENSG00000286552	0	0	0
ENSG00000225711	0	0	0
ENSG00000122223	536	10	526
ENSG00000235869	0	0	0
ENSG00000188739	8	0	8
ENSG00000286666	0	0	0
ENSG00000135750	0	0	0
ENSG00000273198	0	0	0
ENSG00000203730	0	0	0
ENSG00000225719	0	0	0
ENSG00000273483	0	0	0
ENSG00000287987	0	0	0
ENSG00000203729	0	0	0
ENSG00000232809	0	0	0
ENSG00000284623	0	0	0
ENSG00000285981	0	0	0
ENSG00000261729	0	0	0
ENSG00000223869	0	0	0
ENSG00000229228	1	0	1
ENSG00000215796	0	0	0
ENSG00000185221	0	0	0
ENSG00000233047	0	0	0
ENSG00000143341	1	0	1
ENSG00000228309	1	1	0
ENSG00000229739	4	0	4
ENSG00000116703	0	0	0
ENSG00000273874	1	0	1
ENSG00000278791	0	4	0
ENSG00000278757	1	0	1
ENSG00000264341	0	0	0
ENSG00000264101	0	0	0
ENSG00000265141	0	0	0
ENSG00000221083	0	0	0
ENSG00000252404	0	0	0
ENSG00000222511	0	0	0
ENSG00000265392	0	0	0
ENSG00000243267	0	0	0
ENSG00000201725	0	0	0
ENSG00000274258	0	0	0
ENSG00000239149	0	0	0
ENSG00000252151	0	0	0
ENSG00000252969	0	0	0
ENSG00000252417	0	0	0
ENSG00000200975	0	0	0
ENSG00000201609	0	0	0
ENSG00000238482	0	0	0
ENSG00000252956	0	0	0
ENSG00000265606	0	0	0
ENSG00000284357	0	0	0
ENSG00000278034	0	0	0
ENSG00000207237	0	0	0
ENSG00000222784	0	0	0
ENSG00000266210	0	0	0
ENSG00000265961	0	0	0
ENSG00000251866	0	0	0
ENSG00000252691	0	0	0
ENSG00000264371	0	0	0
ENSG00000253005	1	0	1
ENSG00000238316	0	0	0
ENSG00000207941	0	0	0
ENSG00000264773	1	0	1
ENSG00000252448	0	0	0
ENSG00000200421	0	0	0
ENSG00000222282	0	0	0
ENSG00000199963	0	0	0
ENSG00000264698	0	0	0
ENSG00000207328	0	0	0
ENSG00000207466	0	0	0
ENSG00000252368	0	0	0
ENSG00000206779	0	0	0
ENSG00000265596	0	0	0
ENSG00000212541	0	0	0
ENSG00000200796	0	0	0
ENSG00000252190	0	0	0
ENSG00000264613	0	0	0
ENSG00000199240	0	0	0
ENSG00000277168	0	0	0
ENSG00000283724	0	0	0
ENSG00000284410	0	0	0
ENSG00000252018	0	0	0
ENSG00000206627	0	0	0
ENSG00000283414	0	0	0
ENSG00000207508	0	0	0
ENSG00000200171	0	0	0
ENSG00000207194	0	0	0
ENSG00000283477	0	0	0
ENSG00000264834	0	0	0
ENSG00000263675	2	0	2
ENSG00000266188	0	0	0
ENSG00000206981	0	0	0
ENSG00000200174	0	0	0
ENSG00000265822	0	0	0
ENSG00000265815	0	0	0
ENSG00000238653	0	0	0
ENSG00000212624	0	0	0
ENSG00000200575	0	0	0
ENSG00000212360	0	0	0
ENSG00000242860	0	0	0
ENSG00000263908	0	0	0
ENSG00000283690	0	0	0
ENSG00000199921	0	0	0
ENSG00000251825	0	0	0
ENSG00000201153	0	0	0
ENSG00000222624	0	0	0
ENSG00000223152	0	0	0
ENSG00000212308	0	0	0
ENSG00000279049	0	5	0
ENSG00000276081	0	0	0
ENSG00000239640	0	0	0
ENSG00000252338	0	0	0
ENSG00000251785	0	0	0
ENSG00000239319	0	0	0
ENSG00000222849	0	0	0
ENSG00000283749	0	0	0
ENSG00000251958	0	0	0
ENSG00000251767	0	0	0
ENSG00000243437	0	0	0
ENSG00000202263	0	0	0
ENSG00000199318	0	0	0
ENSG00000199666	0	0	0
ENSG00000200601	0	0	0
ENSG00000242482	0	0	0
ENSG00000212366	0	0	0
ENSG00000201620	0	0	0
ENSG00000206817	0	0	0
ENSG00000284247	0	0	0
ENSG00000200839	0	0	0
ENSG00000264963	0	0	0
ENSG00000264271	0	0	0
ENSG00000239504	0	0	0
ENSG00000284202	0	0	0
ENSG00000251720	0	0	0
ENSG00000274321	0	0	0
ENSG00000198974	0	0	0
ENSG00000212248	0	0	0
ENSG00000207962	0	0	0
ENSG00000276884	0	0	0
ENSG00000207234	1	0	1
ENSG00000202259	0	0	0
ENSG00000212459	0	0	0
ENSG00000278287	0	0	0
ENSG00000277565	0	0	0
ENSG00000263526	0	0	0
ENSG00000211575	0	0	0
ENSG00000275823	0	0	0
ENSG00000277689	0	0	0
ENSG00000274199	0	0	0
ENSG00000202254	0	0	0
ENSG00000244256	0	0	0
ENSG00000201491	0	0	0
ENSG00000199831	0	0	0
ENSG00000275455	0	0	0
ENSG00000252162	0	0	0
ENSG00000272051	0	0	0
ENSG00000283899	0	0	0
ENSG00000200800	0	0	0
ENSG00000207502	0	0	0
ENSG00000252530	0	0	0
ENSG00000200536	0	0	0
ENSG00000211543	0	0	0
ENSG00000252797	0	0	0
ENSG00000212266	0	0	0
ENSG00000222209	0	0	0
ENSG00000277141	0	0	0
ENSG00000215930	0	0	0
ENSG00000238761	0	0	0
ENSG00000201114	1	1	0
ENSG00000206679	0	0	0
ENSG00000264419	0	0	0
ENSG00000222069	0	0	0
ENSG00000274428	0	0	0
ENSG00000199879	0	0	0
ENSG00000274408	0	0	0
ENSG00000283676	0	0	0
ENSG00000252005	0	0	0
ENSG00000252510	0	0	0
ENSG00000207340	0	0	0
ENSG00000252830	0	0	0
ENSG00000274450	0	0	0
ENSG00000252135	0	0	0
ENSG00000278596	0	0	0
ENSG00000238825	0	0	0
ENSG00000201183	0	0	0
ENSG00000202408	0	0	0
ENSG00000252744	0	0	0
ENSG00000273768	0	0	0
ENSG00000242565	0	0	0
ENSG00000239984	0	0	0
ENSG00000283296	0	0	0
ENSG00000252717	0	0	0
ENSG00000194297	0	0	0
ENSG00000199565	0	0	0
ENSG00000277313	0	0	0
ENSG00000274940	0	0	0
ENSG00000207341	0	0	0
ENSG00000207472	0	0	0
ENSG00000206880	0	0	0
ENSG00000252552	0	0	0
ENSG00000199849	0	0	0
ENSG00000252407	0	0	0
ENSG00000212538	0	0	0
ENSG00000251813	0	0	0
ENSG00000207108	0	0	0
ENSG00000201312	0	0	0
ENSG00000207039	0	0	0
ENSG00000202491	0	0	0
ENSG00000201596	0	0	0
ENSG00000276839	0	0	0
ENSG00000207974	0	0	0
ENSG00000273629	0	0	0
ENSG00000201493	0	0	0
ENSG00000215952	0	0	0
ENSG00000200139	0	0	0
ENSG00000283575	0	0	0
ENSG00000238765	0	0	0
ENSG00000264916	0	0	0
ENSG00000212338	0	0	0
ENSG00000206659	0	0	0
ENSG00000253025	0	0	0
ENSG00000201619	0	0	0
ENSG00000201544	1	0	1
ENSG00000202498	0	0	0
ENSG00000221545	0	0	0
ENSG00000252906	0	0	0
ENSG00000206692	0	0	0
ENSG00000202329	0	0	0
ENSG00000242794	0	0	0
ENSG00000212144	0	0	0
ENSG00000283340	0	0	0
ENSG00000252860	0	0	0
ENSG00000252501	0	0	0
ENSG00000263390	0	0	0
ENSG00000207181	0	0	0
ENSG00000265744	0	0	0
ENSG00000264377	0	0	0
ENSG00000207149	0	0	0
ENSG00000283936	0	0	0
ENSG00000284485	0	0	0
ENSG00000201638	0	0	0
ENSG00000275213	0	0	0
ENSG00000239494	4	1	3
ENSG00000212230	0	0	0
ENSG00000252371	0	0	0
ENSG00000199442	0	0	0
ENSG00000200033	0	0	0
ENSG00000239690	0	0	0
ENSG00000202184	0	0	0
ENSG00000241395	0	0	0
ENSG00000200982	0	0	0
ENSG00000275207	0	0	0
ENSG00000202300	0	0	0
ENSG00000222407	0	0	0
ENSG00000222986	0	0	0
ENSG00000265435	0	0	0
ENSG00000272262	0	0	0
ENSG00000200495	0	0	0
ENSG00000202609	0	0	0
ENSG00000252553	0	0	0
ENSG00000206764	0	0	0
ENSG00000222240	0	0	0
ENSG00000212187	1	1	0
ENSG00000206637	0	0	0
ENSG00000253097	0	0	0
ENSG00000200036	0	0	0
ENSG00000201421	0	0	0
ENSG00000212610	0	0	0
ENSG00000252484	0	0	0
ENSG00000201944	0	0	0
ENSG00000200327	0	0	0
ENSG00000206905	0	0	0
ENSG00000200972	0	0	0
ENSG00000243051	0	0	0
ENSG00000252011	0	0	0
ENSG00000207326	0	0	0
ENSG00000212205	0	0	0
ENSG00000253042	0	0	0
ENSG00000274121	0	0	0
ENSG00000264358	0	0	0
ENSG00000206640	0	0	0
ENSG00000212527	0	0	0
ENSG00000252879	0	0	0
ENSG00000252612	1	0	1
ENSG00000202264	0	0	0
ENSG00000285609	0	0	0
ENSG00000206762	0	0	0
ENSG00000252084	0	0	0
ENSG00000200085	0	0	0
ENSG00000264500	1	0	1
ENSG00000202025	0	0	0
ENSG00000225545	0	0	0
ENSG00000206990	0	0	0
ENSG00000230175	1	1	0
ENSG00000225272	0	0	0
ENSG00000215838	1	1	0
ENSG00000273365	0	0	0
ENSG00000224358	3	0	3
ENSG00000230659	0	0	0
ENSG00000162545	13	0	13
ENSG00000090432	308	0	308
ENSG00000215520	0	0	0
ENSG00000183114	0	0	0
ENSG00000158825	1527	1	1526
ENSG00000158828	261	34	1142
ENSG00000284005	0	0	0
ENSG00000117242	23	896	42
ENSG00000234473	0	0	0
ENSG00000238754	0	0	0
ENSG00000134371	564	4	561
ENSG00000221680	0	0	0
ENSG00000162630	8	1	8
ENSG00000276735	0	0	0
ENSG00000232077	1	0	1
ENSG00000229639	0	0	0
ENSG00000287453	0	0	0
ENSG00000270615	0	0	0
ENSG00000287283	0	0	0
ENSG00000240692	0	0	0
ENSG00000229359	0	0	0
ENSG00000237919	0	0	0
ENSG00000066557	132	0	132
ENSG00000244389	0	0	0
ENSG00000228988	1	1	0
ENSG00000118454	180	0	180
ENSG00000226088	0	0	0
ENSG00000116761	4	0	4
ENSG00000278636	0	0	0
ENSG00000271992	0	0	0
ENSG00000233020	0	0	0
ENSG00000237033	0	0	0
ENSG00000226208	0	0	0
ENSG00000007968	128	0	128
ENSG00000235052	0	0	0
ENSG00000117318	120	0	120
ENSG00000285802	2	0	2
ENSG00000229239	0	0	0
ENSG00000142676	10051	29	10022
ENSG00000057757	363	0	363
ENSG00000011009	596	0	596
ENSG00000117308	54	0	54
ENSG00000273844	0	0	0
ENSG00000235748	0	0	0
ENSG00000237861	0	0	0
ENSG00000221879	0	0	0
ENSG00000230260	0	0	0
ENSG00000199241	0	0	0
ENSG00000226919	0	0	0
ENSG00000223963	0	0	0
ENSG00000215802	0	0	0
ENSG00000233615	0	0	0
ENSG00000238085	0	0	0
ENSG00000265831	0	0	0
ENSG00000224348	0	0	0
ENSG00000286496	0	0	0
ENSG00000287516	0	0	0
ENSG00000287738	0	0	0
ENSG00000132703	0	0	0
ENSG00000276632	0	0	0
ENSG00000223603	0	0	0
ENSG00000132693	0	0	0
ENSG00000235226	0	0	0
ENSG00000158716	87	0	87
ENSG00000181036	378	1	377
ENSG00000158714	7	9	45
ENSG00000212161	0	0	0
ENSG00000243284	0	2	0
ENSG00000272668	11	2	11
ENSG00000213085	21	0	21
ENSG00000266458	0	0	0
ENSG00000287040	0	0	0
ENSG00000279430	1	0	1
ENSG00000162723	0	0	0
ENSG00000273933	0	0	0
ENSG00000256029	1	14	6
ENSG00000188004	1	0	1
ENSG00000266580	0	0	0
ENSG00000254545	0	5	0
ENSG00000203620	0	0	0
ENSG00000269967	5	0	5
ENSG00000228634	1	1	0
ENSG00000284702	0	0	0
ENSG00000221040	0	0	0
ENSG00000287217	0	0	0
ENSG00000163399	876	8	2494
ENSG00000212385	0	0	0
ENSG00000233154	3	0	3
ENSG00000230381	0	0	0
ENSG00000200547	0	0	0
ENSG00000224950	28	0	35
ENSG00000286276	1	8	0
ENSG00000177888	176	0	176
ENSG00000243364	52	0	52
ENSG00000251246	0	0	0
ENSG00000143590	6	0	6
ENSG00000202027	0	0	0
ENSG00000169242	18	0	18
ENSG00000169241	225	1	224
ENSG00000223452	0	0	0
ENSG00000163463	26	0	26
ENSG00000273088	0	0	0
ENSG00000284586	0	0	0
ENSG00000169231	120	4	248
ENSG00000236263	0	36	0
ENSG00000236675	45	45	0
ENSG00000177628	702	0	702
ENSG00000116521	278	0	278
ENSG00000176444	491	0	491
ENSG00000143630	8	0	10
ENSG00000143627	0	2	0
ENSG00000253074	0	0	0
ENSG00000252116	0	0	0
ENSG00000228523	0	0	0
ENSG00000223263	0	0	0
ENSG00000207504	0	0	0
ENSG00000238139	0	0	0
ENSG00000197721	7	0	7
ENSG00000244703	0	0	0
ENSG00000226289	0	0	0
ENSG00000285239	0	0	0
ENSG00000234219	0	0	0
ENSG00000174059	2	0	2
ENSG00000285719	0	0	0
ENSG00000284237	0	0	0
ENSG00000158731	0	0	0
ENSG00000201746	0	0	0
ENSG00000264881	0	0	0
ENSG00000199562	0	0	0
ENSG00000264501	0	0	0
ENSG00000284735	8	7	1
ENSG00000284642	14	3	11
ENSG00000142657	7292	14	7278
ENSG00000271989	0	2	0
ENSG00000251503	0	0	0
ENSG00000175279	1	0	1
ENSG00000160049	156	0	183
ENSG00000203469	0	16	0
ENSG00000236035	0	0	0
ENSG00000221643	0	0	0
ENSG00000122188	146	0	146
ENSG00000288644	0	0	0
ENSG00000227417	2	2	0
ENSG00000223505	0	0	0
ENSG00000182004	309	0	309
ENSG00000236430	0	0	0
ENSG00000130768	8	1	13
ENSG00000227050	0	6	0
ENSG00000238231	2	2	0
ENSG00000240750	0	0	0
ENSG00000158156	840	1	840
ENSG00000182118	16	0	16
ENSG00000283799	0	0	0
ENSG00000227934	0	0	0
ENSG00000229595	0	0	0
ENSG00000143633	112	0	112
ENSG00000281912	2	0	2
ENSG00000288208	0	0	0
ENSG00000132773	77	18	84
ENSG00000070759	123	8	128
ENSG00000236872	0	0	0
ENSG00000280670	50	0	50
ENSG00000132763	17	320	22
ENSG00000221953	0	0	0
ENSG00000226164	0	0	0
ENSG00000224014	1	0	1
ENSG00000215795	1	0	1
ENSG00000259865	151	0	151
ENSG00000227671	381	1	380
ENSG00000283881	0	0	0
ENSG00000252516	1	0	1
ENSG00000232347	0	0	0
ENSG00000214144	0	0	0
ENSG00000235818	0	0	0
ENSG00000197617	0	0	0
ENSG00000202079	0	0	0
ENSG00000286216	0	0	0
ENSG00000203664	0	0	0
ENSG00000169224	55	0	57
ENSG00000236817	0	3	0
ENSG00000177489	0	0	0
ENSG00000177476	0	0	0
ENSG00000283369	0	0	0
ENSG00000230411	0	0	0
ENSG00000251977	0	0	0
ENSG00000252254	0	0	0
ENSG00000227854	0	0	0
ENSG00000287589	0	0	0
ENSG00000259776	0	0	0
ENSG00000233355	227	0	237
ENSG00000234601	0	0	0
ENSG00000231979	0	0	0
ENSG00000215805	0	0	0
ENSG00000287102	0	0	0
ENSG00000217327	0	0	0
ENSG00000228818	0	0	0
ENSG00000202041	0	0	0
ENSG00000223694	0	0	0
ENSG00000233735	0	0	0
ENSG00000133019	2	10	2
ENSG00000162636	341	0	341
ENSG00000162639	229	0	229
ENSG00000285923	0	0	0
ENSG00000134186	1180	14	1166
ENSG00000143107	0	0	0
ENSG00000232971	0	0	0
ENSG00000116266	1276	1	1275
ENSG00000228076	0	0	0
ENSG00000203897	0	0	0
ENSG00000237349	0	0	0
ENSG00000244716	20	0	20
ENSG00000228665	0	0	0
ENSG00000228054	0	0	0
ENSG00000273382	4	44	5
ENSG00000215717	1099	2	1142
ENSG00000278249	0	0	0
ENSG00000270066	0	0	0
ENSG00000251484	0	0	0
ENSG00000132676	775	51	777
ENSG00000227673	0	0	0
ENSG00000203761	28	28	17
ENSG00000234937	1	1	0
ENSG00000132718	291	0	291
ENSG00000283442	0	0	0
ENSG00000143622	1139	1	1138
ENSG00000132680	445	0	445
ENSG00000207475	0	0	0
ENSG00000280466	0	0	0
ENSG00000281394	0	0	0
ENSG00000277817	1	0	1
ENSG00000273002	26	0	26
ENSG00000224276	0	0	0
ENSG00000285677	0	689	0
ENSG00000163479	1475	0	2164
ENSG00000160803	219	0	219
ENSG00000132698	4	0	4
ENSG00000252236	0	0	0
ENSG00000260238	0	0	0
ENSG00000242252	2	0	2
ENSG00000198952	686	0	686
ENSG00000163472	52	65	58
ENSG00000163468	905	1	904
ENSG00000132677	0	0	0
ENSG00000237390	0	0	0
ENSG00000207933	0	0	0
ENSG00000254726	0	0	0
ENSG00000186377	0	0	0
ENSG00000186160	0	0	0
ENSG00000225154	0	0	0
ENSG00000225506	1	0	1
ENSG00000225514	0	0	0
ENSG00000224805	8	0	10
ENSG00000162366	294	0	294
ENSG00000226252	2	25	0
ENSG00000225762	0	0	0
ENSG00000186790	0	0	0
ENSG00000237424	24	1	23
ENSG00000189030	0	0	0
ENSG00000162763	0	0	0
ENSG00000143061	4	0	4
ENSG00000135821	9035	7	9028
ENSG00000203740	0	0	0
ENSG00000162374	0	0	0
ENSG00000168275	72	2	93
ENSG00000241563	0	0	0
ENSG00000153207	1360	1	1359
ENSG00000156869	118	0	118
ENSG00000033122	4	2	2
ENSG00000143278	0	0	0
ENSG00000116678	75	0	75
ENSG00000159352	1243	1	1242
ENSG00000158710	10235	3	10232
ENSG00000162734	691	5	711
ENSG00000049239	862	0	862
ENSG00000186564	6	0	6
ENSG00000244038	1266	2	1264
ENSG00000158747	20	0	20
ENSG00000116690	9	173	11
ENSG00000126091	9	0	11
ENSG00000162383	17	1	16
ENSG00000171163	208	3	205
ENSG00000172456	31	0	31
ENSG00000162946	200	0	200
ENSG00000158786	0	0	0
ENSG00000118733	0	0	0
ENSG00000157870	112	5	148
ENSG00000179085	46	0	46
ENSG00000173080	0	0	0
ENSG00000183347	35	0	35
ENSG00000276470	0	0	0
ENSG00000278852	0	0	0
ENSG00000275915	0	0	0
ENSG00000120937	0	0	0
ENSG00000224904	0	0	0
ENSG00000285646	8	3	5
ENSG00000199347	0	0	0
ENSG00000201801	0	0	0
ENSG00000116685	855	1	854
ENSG00000083444	629	0	629
ENSG00000287384	0	0	0
ENSG00000270914	0	0	0
ENSG00000116691	348	0	348
ENSG00000202461	2	2	0
ENSG00000276869	0	0	0
ENSG00000243539	0	0	0
ENSG00000120949	163	0	163
ENSG00000201135	0	0	0
ENSG00000227875	0	0	0
ENSG00000285604	0	0	0
ENSG00000283789	0	0	0
ENSG00000263676	0	0	0
ENSG00000200591	0	0	0
ENSG00000162521	856	0	1296
ENSG00000162520	0	440	0
ENSG00000224409	0	0	0
ENSG00000162522	17	0	17
ENSG00000116497	350	0	356
ENSG00000160097	1	1	0
ENSG00000121905	1	0	1
ENSG00000121900	1	0	1
ENSG00000287691	9	9	0
ENSG00000278966	4	4	0
ENSG00000143222	454	1	582
ENSG00000224985	0	129	0
ENSG00000143224	114	20	118
ENSG00000158850	284	8	300
ENSG00000158859	13	3	10
ENSG00000158869	3246	1	3245
ENSG00000158874	4	4	0
ENSG00000158882	80	0	133
ENSG00000284035	0	0	0
ENSG00000143257	4	57	0
ENSG00000248485	8	8	0
ENSG00000188931	16	19	0
ENSG00000236484	0	0	0
ENSG00000283696	19	0	19
ENSG00000288093	2	0	2
ENSG00000206921	0	0	0
ENSG00000215840	2	0	2
ENSG00000277882	0	0	0
ENSG00000283317	2	2	0
ENSG00000277762	0	0	0
ENSG00000227139	0	0	0
ENSG00000265107	0	0	0
ENSG00000274415	0	0	0
ENSG00000234190	0	0	0
ENSG00000223728	0	0	0
ENSG00000121634	0	0	0
ENSG00000188092	28	0	28
ENSG00000215859	8	8	0
ENSG00000273059	0	0	0
ENSG00000274372	3	0	3
ENSG00000206791	0	0	0
ENSG00000206585	0	0	0
ENSG00000229828	0	0	0
ENSG00000225080	0	0	0
ENSG00000198658	1	0	1
ENSG00000238382	0	0	0
ENSG00000225919	0	0	0
ENSG00000236497	0	0	0
ENSG00000207190	0	0	0
ENSG00000200508	0	0	0
ENSG00000284928	0	0	0
ENSG00000223949	0	0	0
ENSG00000116688	1495	0	1495
ENSG00000188800	0	0	0
ENSG00000084073	622	0	624
ENSG00000231296	0	2	0
ENSG00000049089	155	0	155
ENSG00000227311	0	0	0
ENSG00000213172	0	0	0
ENSG00000284677	0	0	0
ENSG00000187801	20	0	20
ENSG00000260920	16	0	16
ENSG00000158887	53	0	53
ENSG00000255054	0	0	0
ENSG00000228172	3	95	5
ENSG00000117640	246	3	343
ENSG00000272478	0	0	0
ENSG00000127423	12	13	5
ENSG00000182749	90	9	117
ENSG00000207302	0	0	0
ENSG00000117632	240	1	239
ENSG00000229786	0	0	0
ENSG00000223624	0	0	0
ENSG00000283938	0	0	0
ENSG00000199385	0	0	0
ENSG00000187147	498	4	735
ENSG00000263381	0	0	0
ENSG00000126106	17	240	18
ENSG00000198520	212	1	211
ENSG00000199377	0	0	0
ENSG00000200169	0	0	0
ENSG00000142945	13	0	15
ENSG00000142937	6973	8	7485
ENSG00000264294	0	0	0
ENSG00000200913	1	0	1
ENSG00000202031	0	0	0
ENSG00000207421	0	0	0
ENSG00000281859	0	0	0
ENSG00000234093	1	1	0
ENSG00000142959	2	0	2
ENSG00000173846	147	0	153
ENSG00000117425	7	0	7
ENSG00000202444	0	0	0
ENSG00000226499	0	0	0
ENSG00000070785	71	0	71
ENSG00000253039	0	0	0
ENSG00000229815	0	0	0
ENSG00000232369	0	0	0
ENSG00000268949	0	0	0
ENSG00000126107	378	0	379
ENSG00000126088	214	1	214
ENSG00000234315	0	0	0
ENSG00000162408	210	0	210
ENSG00000229519	0	0	0
ENSG00000173662	0	0	0
ENSG00000204859	346	1	345
ENSG00000288629	0	0	0
ENSG00000230735	0	0	0
ENSG00000171488	619	0	619
ENSG00000226394	0	0	0
ENSG00000237200	0	0	0
ENSG00000070886	0	0	0
ENSG00000276835	0	0	0
ENSG00000265422	0	0	0
ENSG00000223776	0	20	0
ENSG00000273058	6	2	4
ENSG00000230325	0	2	2
ENSG00000119285	247	385	315
ENSG00000226498	0	0	0
ENSG00000237991	1	0	1
ENSG00000244020	0	0	0
ENSG00000288099	0	0	0
ENSG00000225886	5	5	0
ENSG00000206767	0	0	0
ENSG00000226662	0	0	0
ENSG00000207095	0	0	0
ENSG00000287244	0	0	0
ENSG00000231344	0	0	0
ENSG00000230833	0	0	0
ENSG00000117758	463	0	463
ENSG00000269971	0	0	0
ENSG00000270031	2	0	2
ENSG00000223062	0	0	0
ENSG00000286433	0	19	0
ENSG00000117751	431	1	449
ENSG00000252947	0	0	0
ENSG00000130775	4567	2	4569
ENSG00000117748	951	28	927
ENSG00000223643	0	0	0
ENSG00000230239	0	0	0
ENSG00000263811	0	0	0
ENSG00000277234	0	0	0
ENSG00000235241	0	44	0
ENSG00000207005	0	0	0
ENSG00000272426	0	0	0
ENSG00000117122	0	0	0
ENSG00000286898	0	0	0
ENSG00000226526	0	11	0
ENSG00000159363	208	0	216
ENSG00000117118	663	0	663
ENSG00000117115	4316	4	4312
ENSG00000204362	0	0	0
ENSG00000282843	0	0	0
ENSG00000142623	0	0	0
ENSG00000142619	0	0	0
ENSG00000266634	0	0	0
ENSG00000199459	0	0	0
ENSG00000273264	0	0	0
ENSG00000282057	0	0	0
ENSG00000272691	0	0	0
ENSG00000199934	0	0	0
ENSG00000230285	0	0	0
ENSG00000142871	0	0	0
ENSG00000226643	0	0	0
ENSG00000234419	0	0	0
ENSG00000276997	3	1	2
ENSG00000222399	0	0	0
ENSG00000267305	0	0	0
ENSG00000143512	2	0	2
ENSG00000143498	50	0	52
ENSG00000225265	5	2	5
ENSG00000154305	810	28	961
ENSG00000229399	0	0	0
ENSG00000272750	6	177	6
ENSG00000186063	272	14	267
ENSG00000162819	765	0	772
ENSG00000287684	0	2	0
ENSG00000234523	0	0	0
ENSG00000287338	10	0	10
ENSG00000187554	929	28	901
ENSG00000236846	0	0	0
ENSG00000226601	0	0	0
ENSG00000164010	94	7	143
ENSG00000164011	81	0	81
ENSG00000233708	0	0	0
ENSG00000237090	0	0	0
ENSG00000225099	0	0	0
ENSG00000284138	1	0	1
ENSG00000283973	0	1	0
ENSG00000207256	0	0	0
ENSG00000283136	0	0	0
ENSG00000277513	0	0	0
ENSG00000154309	45	0	45
ENSG00000226967	0	0	0
ENSG00000231407	0	1	1
ENSG00000229570	0	0	0
ENSG00000203857	0	0	0
ENSG00000226443	0	0	0
ENSG00000249798	0	0	0
ENSG00000239873	0	0	0
ENSG00000203855	0	0	0
ENSG00000240244	0	0	0
ENSG00000260941	4	0	4
ENSG00000198857	1	1	0
ENSG00000143067	59	0	59
ENSG00000134240	0	0	0
ENSG00000134193	4	0	4
ENSG00000215864	0	0	0
ENSG00000227205	0	0	0
ENSG00000226446	0	0	0
ENSG00000134249	0	0	0
ENSG00000092621	25	0	25
ENSG00000027644	0	0	0
ENSG00000241992	0	0	0
ENSG00000234226	0	0	0
ENSG00000137970	55	0	55
ENSG00000223229	0	0	0
ENSG00000285698	0	0	0
ENSG00000228035	0	0	0
ENSG00000287103	0	0	0
ENSG00000226973	0	0	0
ENSG00000274468	0	0	0
ENSG00000130764	301	2	335
ENSG00000266075	1	1	0
ENSG00000272153	8	43	1
ENSG00000230026	0	0	0
ENSG00000285177	0	0	0
ENSG00000284770	2	29	2
ENSG00000229795	0	0	0
ENSG00000238236	0	0	0
ENSG00000235638	0	0	0
ENSG00000231199	0	0	0
ENSG00000226663	0	0	0
ENSG00000231582	0	0	0
ENSG00000232714	0	0	0
ENSG00000235761	0	0	0
ENSG00000270710	0	0	0
ENSG00000227236	0	0	0
ENSG00000198837	1962	2	2072
ENSG00000160741	880	0	880
ENSG00000276584	0	0	0
ENSG00000282386	2	1	1
ENSG00000273026	3	0	3
ENSG00000143578	25	6	30
ENSG00000143543	100	2	105
ENSG00000285641	0	1	1
ENSG00000143545	4	0	4
ENSG00000177954	12950	6	12944
ENSG00000231416	0	0	0
ENSG00000200220	0	0	0
ENSG00000231837	0	0	0
ENSG00000263987	0	0	0
ENSG00000162642	207	1	206
ENSG00000223254	1	1	0
ENSG00000223653	0	21	0
ENSG00000116198	250	1	250
ENSG00000169598	108	0	109
ENSG00000226653	0	0	0
ENSG00000207209	0	0	0
ENSG00000272443	0	0	0
ENSG00000272480	0	0	0
ENSG00000288626	0	0	0
ENSG00000162836	76	0	76
ENSG00000207080	0	0	0
ENSG00000231791	0	0	0
ENSG00000244568	0	0	0
ENSG00000271387	0	0	0
ENSG00000116667	161	1	160
ENSG00000230470	0	0	0
ENSG00000232036	0	0	0
ENSG00000285847	1	1	0
ENSG00000286378	0	0	0
ENSG00000215381	0	0	0
ENSG00000261326	35	0	35
ENSG00000284726	3	4	0
ENSG00000125945	107	4	107
ENSG00000201405	0	0	0
ENSG00000271420	0	0	0
ENSG00000204219	54	0	54
ENSG00000232482	0	0	0
ENSG00000285779	0	0	0
ENSG00000162885	57	22	107
ENSG00000270780	0	0	0
ENSG00000232895	0	0	0
ENSG00000273698	0	0	0
ENSG00000273112	13	1	12
ENSG00000173110	2087	2	2085
ENSG00000224203	5	6	0
ENSG00000224515	1	1	0
ENSG00000225217	413	0	413
ENSG00000231586	1	2	0
ENSG00000234211	0	35	0
ENSG00000213075	3	3	0
ENSG00000143125	0	0	0
ENSG00000270380	0	0	0
ENSG00000282887	0	0	0
ENSG00000283999	0	0	0
ENSG00000240194	0	0	0
ENSG00000235407	0	0	0
ENSG00000143105	0	0	0
ENSG00000199710	0	0	0
ENSG00000237415	1	0	1
ENSG00000232791	0	0	0
ENSG00000177301	8	0	8
ENSG00000226828	2	2	0
ENSG00000279774	0	0	0
ENSG00000229960	0	0	0
ENSG00000286486	0	0	0
ENSG00000244066	0	0	0
ENSG00000237759	0	0	0
ENSG00000287531	0	0	0
ENSG00000225855	38	322	4
ENSG00000283701	0	0	0
ENSG00000207134	0	0	0
ENSG00000227773	0	0	0
ENSG00000207144	0	0	0
ENSG00000237872	1	1	0
ENSG00000271267	1	1	0
ENSG00000225082	0	0	0
ENSG00000223503	1	0	1
ENSG00000232519	0	0	0
ENSG00000160752	197	4	478
ENSG00000121957	63	110	109
ENSG00000235089	0	0	0
ENSG00000285179	0	0	0
ENSG00000223026	0	0	0
ENSG00000225721	1	522	1
ENSG00000188396	0	6	0
ENSG00000202167	0	0	0
ENSG00000207349	0	0	0
ENSG00000252826	0	0	0
ENSG00000206737	0	0	0
ENSG00000223779	0	0	0
ENSG00000242352	0	0	0
ENSG00000270962	0	0	0
ENSG00000263590	0	0	0
ENSG00000252105	0	0	0
ENSG00000233430	0	0	0
ENSG00000237503	0	0	0
ENSG00000265531	24	0	30
ENSG00000234571	7	13	0
ENSG00000230186	0	0	0
ENSG00000268074	0	0	0
ENSG00000270872	1	0	1
ENSG00000276674	0	0	0
ENSG00000082482	0	0	0
ENSG00000116747	380	8	491
ENSG00000118729	0	0	0
ENSG00000134207	1	0	1
ENSG00000163467	0	0	0
ENSG00000243710	2	1	2
ENSG00000117395	160	1	160
ENSG00000116874	45	6	45
ENSG00000065600	101	2	99
ENSG00000009780	93	0	93
ENSG00000023572	127	155	85
ENSG00000077254	832	0	832
ENSG00000134644	902	0	902
ENSG00000215788	187	0	203
ENSG00000117834	17	2	15
ENSG00000117625	537	1	536
ENSG00000179902	0	0	0
ENSG00000020633	1498	2	1496
ENSG00000121766	150	1	234
ENSG00000143157	480	0	480
ENSG00000162614	43	0	43
ENSG00000160781	25	0	25
ENSG00000143344	40	0	40
ENSG00000162613	936	3	934
ENSG00000116882	0	0	0
ENSG00000198758	1	0	1
ENSG00000117569	134	0	134
ENSG00000142856	67	49	70
ENSG00000158022	0	0	0
ENSG00000116396	31	1	30
ENSG00000058668	1933	1	1932
ENSG00000163875	521	0	521
ENSG00000282872	0	0	0
ENSG00000131238	2826	3	2823
ENSG00000171680	9	0	9
ENSG00000244457	0	0	0
ENSG00000116977	768	92	1220
ENSG00000229372	0	64	0
ENSG00000274975	0	0	0
ENSG00000229348	0	0	0
ENSG00000242485	228	10	278
ENSG00000264293	0	0	0
ENSG00000272455	17	0	17
ENSG00000225905	0	0	0
ENSG00000225285	0	0	0
ENSG00000179403	0	0	0
ENSG00000215915	6	0	6
ENSG00000236085	0	0	0
ENSG00000234441	0	0	0
ENSG00000227408	0	0	0
ENSG00000223635	1	0	1
ENSG00000135776	257	0	257
ENSG00000199672	0	0	0
ENSG00000201492	1	1	0
ENSG00000229367	0	0	0
ENSG00000135763	88	0	88
ENSG00000213028	0	0	0
ENSG00000225984	0	0	0
ENSG00000178828	0	0	0
ENSG00000235434	0	0	0
ENSG00000169914	82	0	82
ENSG00000188784	0	0	0
ENSG00000242688	0	0	0
ENSG00000177186	0	0	0
ENSG00000177174	0	0	0
ENSG00000269956	13	148	0
ENSG00000162456	0	0	0
ENSG00000079277	711	1	845
ENSG00000117407	0	0	0
ENSG00000237950	11	0	11
ENSG00000117408	178	0	178
ENSG00000285649	2	18	2
ENSG00000117410	2110	0	2110
ENSG00000159214	7	0	8
ENSG00000196517	2	1	2
ENSG00000227163	0	0	0
ENSG00000271647	0	0	0
ENSG00000239560	0	0	0
ENSG00000196539	0	0	0
ENSG00000229255	0	0	0
ENSG00000203661	0	0	0
ENSG00000271934	0	0	0
ENSG00000224521	0	0	0
ENSG00000227102	0	0	0
ENSG00000183310	0	0	0
ENSG00000201602	0	0	0
ENSG00000271701	0	0	0
ENSG00000189181	0	0	0
ENSG00000187238	0	0	0
ENSG00000185962	0	0	0
ENSG00000226947	0	0	0
ENSG00000285753	0	0	0
ENSG00000187223	0	0	0
ENSG00000159455	0	0	0
ENSG00000187173	0	0	0
ENSG00000204501	0	0	0
ENSG00000228229	0	0	0
ENSG00000204481	0	0	0
ENSG00000204479	0	0	0
ENSG00000172031	3	0	3
ENSG00000233228	1	0	1
ENSG00000224678	0	0	0
ENSG00000233401	0	0	0
ENSG00000273487	4	0	4
ENSG00000226773	0	0	0
ENSG00000274481	0	0	0
ENSG00000228594	35	0	35
ENSG00000286989	7	0	7
ENSG00000272106	12	1	12
ENSG00000189409	0	0	0
ENSG00000272004	0	72	0
ENSG00000189339	710	1	781
ENSG00000269737	11	11	0
ENSG00000215914	1	0	1
ENSG00000008128	29	0	29
ENSG00000268575	22	1	36
ENSG00000227775	128	145	1
ENSG00000008130	6553	6	6547
ENSG00000078369	4827	6	4821
ENSG00000178821	0	0	0
ENSG00000158477	21	0	21
ENSG00000230942	0	0	0
ENSG00000158481	104	0	104
ENSG00000158485	2	0	2
ENSG00000158488	13	0	13
ENSG00000186306	0	0	0
ENSG00000203758	0	0	0
ENSG00000236257	0	0	0
ENSG00000236656	0	0	0
ENSG00000198703	0	0	0
ENSG00000227445	0	0	0
ENSG00000231434	0	0	0
ENSG00000117505	1274	3	1284
ENSG00000229635	2	2	0
ENSG00000207379	0	0	0
ENSG00000212601	0	0	0
ENSG00000162889	1946	1	1945
ENSG00000224114	60	0	60
ENSG00000199349	0	0	0
ENSG00000162892	24	345	0
ENSG00000162894	1873	0	2194
ENSG00000271680	11	11	0
ENSG00000226945	3	3	0
ENSG00000162896	0	0	0
ENSG00000162897	0	0	0
ENSG00000182795	6	0	6
ENSG00000198890	99	1	98
ENSG00000224550	0	0	0
ENSG00000142669	4366	3	6669
ENSG00000169442	2172	7	4289
ENSG00000225854	1	0	1
ENSG00000176083	177	0	177
ENSG00000229167	0	0	0
ENSG00000142910	0	0	0
ENSG00000162517	442	0	509
ENSG00000235790	0	0	0
ENSG00000264078	2	0	2
ENSG00000241745	0	0	0
ENSG00000228407	0	0	0
ENSG00000223429	0	0	0
ENSG00000224255	0	0	0
ENSG00000236004	0	0	0
ENSG00000237663	0	0	0
ENSG00000213735	1	0	1
ENSG00000272100	1	61	0
ENSG00000287078	0	0	0
ENSG00000224680	0	0	0
ENSG00000085840	23	0	23
ENSG00000283445	6	0	6
ENSG00000272226	0	0	0
ENSG00000231740	0	0	0
ENSG00000143751	406	1	405
ENSG00000272562	3	1	3
ENSG00000163041	8389	4	8386
ENSG00000225518	0	0	0
ENSG00000270598	0	0	0
ENSG00000182827	367	1	403
ENSG00000234478	0	37	0
ENSG00000223570	0	0	0
ENSG00000185155	6	0	6
ENSG00000236773	3	1	2
ENSG00000143753	990	0	990
ENSG00000201898	0	0	0
ENSG00000237101	2	26	1
ENSG00000143748	145	0	170
ENSG00000221406	0	0	0
ENSG00000229742	0	0	0
ENSG00000206887	0	0	0
ENSG00000143771	522	0	522
ENSG00000266618	0	0	0
ENSG00000229991	0	0	0
ENSG00000233384	0	0	0
ENSG00000234247	0	0	0
ENSG00000183682	21	36	0
ENSG00000237624	0	0	0
ENSG00000228060	1	165	0
ENSG00000201457	0	0	0
ENSG00000163909	1	0	1
ENSG00000225903	0	0	0
ENSG00000116983	42	0	42
ENSG00000225333	0	0	0
ENSG00000252413	0	0	0
ENSG00000090621	685	0	849
ENSG00000236994	0	0	0
ENSG00000275406	0	0	0
ENSG00000270287	0	0	0
ENSG00000229965	0	0	0
ENSG00000223282	0	0	0
ENSG00000177770	0	0	0
ENSG00000287627	0	0	0
ENSG00000283933	0	0	0
ENSG00000143369	7	0	7
ENSG00000228126	0	0	0
ENSG00000237781	21	42	44
ENSG00000264553	2	2	0
ENSG00000277452	4	0	4
ENSG00000274963	2	0	2
ENSG00000253047	3	0	3
ENSG00000143420	1142	3	1139
ENSG00000276103	1	0	1
ENSG00000143457	171	0	171
ENSG00000143452	24	0	24
ENSG00000206931	0	0	0
ENSG00000236713	1	1	0
ENSG00000224690	0	0	0
ENSG00000203804	1	100	17
ENSG00000143384	22918	17	22902
ENSG00000154342	0	0	0
ENSG00000276255	0	0	0
ENSG00000284163	0	0	0
ENSG00000143793	79	2	77
ENSG00000162910	72	0	72
ENSG00000224566	0	0	0
ENSG00000287895	0	0	0
ENSG00000280157	3	0	3
ENSG00000227625	0	0	0
ENSG00000198835	5	0	5
ENSG00000203684	0	0	0
ENSG00000181873	63	0	63
ENSG00000162913	3	0	3
ENSG00000269934	8	9	13
ENSG00000270110	1	1	0
ENSG00000286773	0	0	0
ENSG00000287315	14	42	1
ENSG00000270104	0	0	0
ENSG00000154370	228	0	309
ENSG00000270094	0	81	0
ENSG00000284311	0	0	0
ENSG00000162931	4	2	3
ENSG00000230841	0	0	0
ENSG00000266174	0	0	0
ENSG00000279306	1	0	1
ENSG00000215811	2	0	2
ENSG00000202056	0	0	0
ENSG00000251823	0	0	0
ENSG00000171960	78	0	142
ENSG00000234917	1	0	1
ENSG00000065978	4975	18	4957
ENSG00000164007	0	0	0
ENSG00000117385	174	0	174
ENSG00000228452	0	6	0
ENSG00000001460	18	4	18
ENSG00000001461	394	3	395
ENSG00000286061	4	17	8
ENSG00000117602	745	5	1026
ENSG00000264443	0	265	0
ENSG00000184454	0	0	0
ENSG00000227312	0	0	0
ENSG00000239106	0	0	0
ENSG00000177606	121	0	121
ENSG00000116539	776	1	779
ENSG00000162923	2613	11	2604
ENSG00000250135	0	0	