N_unmapped	76982	76982	76982
N_multimapping	2833994	2833994	2833994
N_noFeature	852082	19504630	979988
N_ambiguous	2501274	38179	887996
ENSG00000160072	390	0	390
ENSG00000234396	2	0	2
ENSG00000225972	3	0	3
ENSG00000224315	0	0	0
ENSG00000198744	2	0	2
ENSG00000279928	12	0	12
ENSG00000228037	36	1	35
ENSG00000142611	6	0	6
ENSG00000225630	939	14	925
ENSG00000284616	0	0	0
ENSG00000157911	82	504	138
ENSG00000269896	23	0	23
ENSG00000237973	646	4	648
ENSG00000228463	17	0	25
ENSG00000260972	0	0	0
ENSG00000157933	2561	6	2555
ENSG00000224340	0	0	0
ENSG00000226545	0	0	0
ENSG00000268663	0	0	0
ENSG00000226374	0	0	0
ENSG00000229280	0	0	0
ENSG00000142655	267	30	266
ENSG00000232596	0	0	0
ENSG00000235054	0	0	0
ENSG00000232663	0	0	0
ENSG00000240409	0	0	0
ENSG00000229344	1	0	1
ENSG00000231510	0	0	0
ENSG00000149527	176	5	171
ENSG00000284739	0	0	0
ENSG00000171621	119	1	118
ENSG00000272235	0	0	0
ENSG00000284694	0	0	0
ENSG00000230021	7	17	7
ENSG00000287356	9	4	6
ENSG00000224387	6	4	2
ENSG00000285629	0	0	0
ENSG00000173673	0	0	0
ENSG00000142583	67	0	67
ENSG00000284674	0	0	0
ENSG00000272161	0	0	0
ENSG00000237094	88	0	88
ENSG00000224338	0	0	0
ENSG00000074800	10698	18	10682
ENSG00000116786	1670	2	1896
ENSG00000287727	3	3	0
ENSG00000228423	0	0	0
ENSG00000286448	0	8	0
ENSG00000131686	36	33	23
ENSG00000229305	0	0	0
ENSG00000284703	1	0	1
ENSG00000226457	0	0	0
ENSG00000173614	184	3	181
ENSG00000248527	5993	145	5848
ENSG00000215720	0	0	0
ENSG00000241326	0	0	0
ENSG00000233623	0	0	0
ENSG00000162592	0	27	0
ENSG00000116254	3	0	3
ENSG00000233645	0	0	0
ENSG00000204624	11	0	11
ENSG00000142606	8	127	14
ENSG00000235146	0	0	0
ENSG00000225931	11	2	9
ENSG00000171729	37	0	37
ENSG00000279457	60	0	60
ENSG00000162571	6	1	5
ENSG00000229393	0	0	0
ENSG00000037637	757	1	756
ENSG00000287586	63	1	62
ENSG00000159423	111	1	110
ENSG00000142599	3945	28	3920
ENSG00000227169	0	0	0
ENSG00000283356	0	0	0
ENSG00000011021	539	2	554
ENSG00000142615	0	0	0
ENSG00000215704	1	7	0
ENSG00000157916	1462	58	1964
ENSG00000157881	704	0	704
ENSG00000238290	0	0	0
ENSG00000225387	0	0	0
ENSG00000048707	1833	3	1830
ENSG00000158748	21	0	21
ENSG00000225196	0	0	0
ENSG00000162444	273	1	272
ENSG00000279625	0	0	0
ENSG00000180758	172	0	172
ENSG00000184677	1430	2	1428
ENSG00000230679	1	1	2
ENSG00000270136	0	0	0
ENSG00000288398	75	0	75
ENSG00000224621	0	0	0
ENSG00000285833	0	0	0
ENSG00000131697	174	0	177
ENSG00000284692	0	0	0
ENSG00000284745	0	0	0
ENSG00000280222	0	0	0
ENSG00000227634	0	0	0
ENSG00000285945	0	0	0
ENSG00000229162	2	0	2
ENSG00000197921	0	0	0
ENSG00000233755	1	2	0
ENSG00000233929	2	0	2
ENSG00000271742	0	0	0
ENSG00000226396	17	1	16
ENSG00000169504	730	2	728
ENSG00000234166	0	22	0
ENSG00000235282	0	0	0
ENSG00000055070	1922	6	3016
ENSG00000175087	321	2	319
ENSG00000157191	2673	21	2652
ENSG00000284699	0	0	0
ENSG00000230035	0	0	0
ENSG00000235185	0	0	0
ENSG00000225643	6	0	6
ENSG00000284666	0	0	0
ENSG00000228943	0	0	0
ENSG00000234397	0	0	0
ENSG00000284309	0	0	0
ENSG00000162511	17528	35	31211
ENSG00000158014	0	0	0
ENSG00000204138	601	0	601
ENSG00000233419	0	0	0
ENSG00000235263	0	0	0
ENSG00000228176	0	0	0
ENSG00000231251	0	0	0
ENSG00000142675	69	0	70
ENSG00000197245	0	0	0
ENSG00000261025	1	1	0
ENSG00000116237	667	3	684
ENSG00000130772	403	0	403
ENSG00000215899	0	0	0
ENSG00000271398	1	1	0
ENSG00000225011	0	0	0
ENSG00000235069	0	0	0
ENSG00000284676	0	0	0
ENSG00000237058	0	0	0
ENSG00000233399	0	0	0
ENSG00000090020	952	0	952
ENSG00000157978	4895	5	4890
ENSG00000226944	0	0	1
ENSG00000270282	0	0	0
ENSG00000130770	480	23	765
ENSG00000229044	0	144	0
ENSG00000162512	41	0	41
ENSG00000158006	656	0	656
ENSG00000214812	1	0	1
ENSG00000126698	1758	18	1740
ENSG00000229447	2	0	2
ENSG00000229607	0	0	0
ENSG00000130766	294	0	294
ENSG00000168528	32	0	32
ENSG00000196581	17	0	17
ENSG00000169403	6266	7	6259
ENSG00000084628	0	0	0
ENSG00000060688	789	3	786
ENSG00000171612	99	0	99
ENSG00000270927	0	0	0
ENSG00000188910	2	2	0
ENSG00000230523	0	0	0
ENSG00000116138	566	172	485
ENSG00000158161	590	2	589
ENSG00000142684	0	0	77
ENSG00000234619	0	0	0
ENSG00000121769	12	12	0
ENSG00000142627	9	0	9
ENSG00000284668	0	0	0
ENSG00000233234	0	0	0
ENSG00000142632	110	0	132
ENSG00000234593	0	0	0
ENSG00000158292	33	0	33
ENSG00000270605	55	1	54
ENSG00000189337	69	1	80
ENSG00000232912	37	0	40
ENSG00000235084	2	0	2
ENSG00000235143	0	0	0
ENSG00000225478	0	0	0
ENSG00000225077	1	16	1
ENSG00000028137	11276	15	11261
ENSG00000238249	3	3	0
ENSG00000204464	0	0	0
ENSG00000233372	0	0	0
ENSG00000283259	0	0	0
ENSG00000284543	3	0	3
ENSG00000130939	1362	4	1358
ENSG00000175147	1	11	2
ENSG00000127472	1	0	1
ENSG00000060656	1	0	1
ENSG00000163867	269	3	266
ENSG00000232768	0	0	0
ENSG00000230214	0	0	0
ENSG00000189280	1	1	0
ENSG00000134698	2877	8	2869
ENSG00000134690	55	0	55
ENSG00000272420	5	0	5
ENSG00000132881	59	0	59
ENSG00000273274	0	0	0
ENSG00000116251	2811	7	2806
ENSG00000272510	1	15	10
ENSG00000158286	33	7	33
ENSG00000236648	0	0	0
ENSG00000232273	0	0	0
ENSG00000009709	0	0	0
ENSG00000287396	0	0	0
ENSG00000223589	0	0	0
ENSG00000158008	1	1	0
ENSG00000130940	93	0	202
ENSG00000116771	222	6	283
ENSG00000237301	1	1	0
ENSG00000162585	412	116	464
ENSG00000163879	1	2	1
ENSG00000227527	1	1	0
ENSG00000116954	393	1	393
ENSG00000228589	3	0	3
ENSG00000163873	1	0	1
ENSG00000117215	11	0	11
ENSG00000196449	158	11	197
ENSG00000230163	0	24	0
ENSG00000227538	0	0	0
ENSG00000232208	58	0	58
ENSG00000236500	0	0	0
ENSG00000044012	0	0	0
ENSG00000179051	2163	8	2619
ENSG00000215895	0	0	0
ENSG00000231868	0	0	0
ENSG00000284650	0	0	0
ENSG00000237329	0	0	0
ENSG00000236948	5	0	5
ENSG00000126067	1128	0	1128
ENSG00000274944	0	0	0
ENSG00000132906	438	0	444
ENSG00000197312	1029	2	1027
ENSG00000284748	0	0	0
ENSG00000272078	9	118	0
ENSG00000173660	1251	7	1244
ENSG00000224592	0	0	0
ENSG00000233728	0	11	0
ENSG00000230451	0	0	0
ENSG00000231606	0	0	0
ENSG00000215900	0	0	0
ENSG00000284632	0	0	0
ENSG00000241014	9	0	9
ENSG00000054118	3938	20	3918
ENSG00000254553	0	0	0
ENSG00000284653	0	0	0
ENSG00000237749	1	0	1
ENSG00000276747	1	0	1
ENSG00000284705	0	0	0
ENSG00000228776	0	0	0
ENSG00000159339	1223	2	1221
ENSG00000223814	0	0	0
ENSG00000197982	161	39	172
ENSG00000261781	0	0	0
ENSG00000183317	0	0	0
ENSG00000183386	747	0	747
ENSG00000284743	0	0	0
ENSG00000158315	2	4	0
ENSG00000204084	626	3	796
ENSG00000186973	1	0	1
ENSG00000271806	2	29	1
ENSG00000146463	864	5	933
ENSG00000279214	0	0	0
ENSG00000183520	309	0	309
ENSG00000271741	0	0	0
ENSG00000214141	0	0	0
ENSG00000142686	173	0	173
ENSG00000224751	0	0	0
ENSG00000279096	0	0	0
ENSG00000117148	0	0	0
ENSG00000230585	2	4	0
ENSG00000117000	728	0	728
ENSG00000284989	0	0	0
ENSG00000231630	0	0	0
ENSG00000092853	33	0	40
ENSG00000255811	1	0	1
ENSG00000134697	656	2	656
ENSG00000187513	3	1	2
ENSG00000238145	0	0	0
ENSG00000225142	0	0	0
ENSG00000230138	32	0	32
ENSG00000223390	0	35	0
ENSG00000285823	0	0	1
ENSG00000284720	0	0	0
ENSG00000225028	0	0	0
ENSG00000225671	0	0	0
ENSG00000116151	38	2	37
ENSG00000226147	0	0	0
ENSG00000182873	49	26	26
ENSG00000006555	173	1	172
ENSG00000236111	0	0	0
ENSG00000066056	12	0	12
ENSG00000214114	394	9	385
ENSG00000173436	146	7	146
ENSG00000116544	32	1	31
ENSG00000231900	0	0	0
ENSG00000236723	0	241	7
ENSG00000232467	0	0	0
ENSG00000117016	95	0	95
ENSG00000121310	530	3	527
ENSG00000169213	0	0	0
ENSG00000163866	591	0	615
ENSG00000225779	0	0	0
ENSG00000284601	0	0	0
ENSG00000237130	0	0	0
ENSG00000143001	0	0	0
ENSG00000229716	0	0	0
ENSG00000226133	0	0	0
ENSG00000227416	0	0	0
ENSG00000232335	0	7	0
ENSG00000260971	0	0	0
ENSG00000259832	0	0	0
ENSG00000284696	0	0	0
ENSG00000238242	0	0	0
ENSG00000285839	0	0	0
ENSG00000237290	0	0	0
ENSG00000232762	1	1	0
ENSG00000117419	361	0	361
ENSG00000162384	468	17	488
ENSG00000162391	2	13	0
ENSG00000174348	5	0	7
ENSG00000154198	0	0	0
ENSG00000117859	1058	37	1039
ENSG00000228121	0	0	0
ENSG00000253313	0	0	0
ENSG00000162396	86	0	86
ENSG00000203995	0	0	1
ENSG00000227742	1	1	0
ENSG00000284686	0	0	0
ENSG00000162378	652	0	652
ENSG00000233079	0	0	0
ENSG00000259818	1	0	1
ENSG00000229444	0	1	0
ENSG00000240563	37	0	37
ENSG00000234318	1	0	1
ENSG00000284773	24	0	24
ENSG00000234481	0	0	0
ENSG00000117862	102	0	102
ENSG00000235612	0	0	0
ENSG00000228369	0	0	0
ENSG00000183431	1742	7	1735
ENSG00000227485	0	0	0
ENSG00000224609	0	0	0
ENSG00000235545	0	0	0
ENSG00000236646	0	0	0
ENSG00000169174	0	0	0
ENSG00000232198	0	0	0
ENSG00000238063	1	0	1
ENSG00000227104	0	0	0
ENSG00000243725	19	0	19
ENSG00000171872	0	0	0
ENSG00000162407	10	0	10
ENSG00000285079	3	0	3
ENSG00000169218	0	0	0
ENSG00000163877	510	4	506
ENSG00000228929	1	0	1
ENSG00000224570	0	0	0
ENSG00000224980	0	0	0
ENSG00000278967	0	0	0
ENSG00000157184	159	36	408
ENSG00000272491	3	0	8
ENSG00000198815	1728	13	1715
ENSG00000134744	1639	10	1629
ENSG00000233910	0	0	0
ENSG00000287703	0	0	0
ENSG00000283039	0	0	0
ENSG00000229032	0	0	0
ENSG00000229294	0	0	0
ENSG00000232993	0	2	0
ENSG00000234088	0	0	0
ENSG00000236973	0	0	0
ENSG00000227947	0	0	0
ENSG00000277397	0	0	0
ENSG00000271200	0	0	0
ENSG00000235446	0	0	0
ENSG00000261196	0	0	0
ENSG00000162385	529	4	526
ENSG00000231413	0	0	0
ENSG00000234264	0	0	0
ENSG00000242391	0	1	0
ENSG00000223883	0	0	0
ENSG00000284808	0	0	0
ENSG00000242267	0	0	0
ENSG00000237227	0	0	0
ENSG00000275350	0	0	0
ENSG00000116652	1	0	3
ENSG00000123080	128	2	127
ENSG00000285778	0	0	0
ENSG00000077549	7681	22	7667
ENSG00000233407	0	0	0
ENSG00000225675	4	0	4
ENSG00000237622	0	0	0
ENSG00000162598	42	0	42
ENSG00000280317	0	0	0
ENSG00000162415	42	0	42
ENSG00000162600	353	0	353
ENSG00000116704	612	4	608
ENSG00000227644	0	0	0
ENSG00000157193	119	3	151
ENSG00000116205	412	1	426
ENSG00000198841	72	0	72
ENSG00000116212	160	0	160
ENSG00000234204	0	0	0
ENSG00000233099	0	0	0
ENSG00000233994	0	0	0
ENSG00000237180	0	0	0
ENSG00000213561	0	0	0
ENSG00000233973	0	0	0
ENSG00000237552	0	0	0
ENSG00000132854	0	0	0
ENSG00000227556	0	0	0
ENSG00000162616	140	2	139
ENSG00000162607	1198	4	1194
ENSG00000233602	1	0	1
ENSG00000233271	0	0	0
ENSG00000285954	30	30	0
ENSG00000233333	0	0	0
ENSG00000154027	456	3	454
ENSG00000234108	0	0	0
ENSG00000232676	0	0	0
ENSG00000225167	0	0	0
ENSG00000132122	86	0	86
ENSG00000213579	0	0	0
ENSG00000137960	1	0	1
ENSG00000237852	0	0	0
ENSG00000116745	0	0	0
ENSG00000132855	0	0	0
ENSG00000285407	0	0	0
ENSG00000272855	0	0	0
ENSG00000270549	0	0	0
ENSG00000237163	0	0	0
ENSG00000229636	0	0	0
ENSG00000116675	12	0	12
ENSG00000162433	15	0	15
ENSG00000213625	1003	1	1002
ENSG00000227207	0	0	0
ENSG00000227016	0	0	0
ENSG00000233664	0	0	0
ENSG00000158966	57	0	57
ENSG00000213703	1	0	1
ENSG00000203965	61	0	65
ENSG00000223479	0	0	0
ENSG00000233674	0	0	0
ENSG00000153898	71	0	71
ENSG00000117069	0	0	0
ENSG00000125703	333	2	331
ENSG00000285041	0	0	0
ENSG00000285808	0	0	0
ENSG00000229440	0	0	0
ENSG00000234144	0	0	0
ENSG00000213540	0	0	0
ENSG00000277670	0	0	0
ENSG00000227466	0	0	0
ENSG00000154007	0	0	0
ENSG00000230498	0	0	0
ENSG00000285782	0	0	0
ENSG00000162618	0	0	0
ENSG00000224493	0	0	0
ENSG00000131233	0	1	0
ENSG00000272371	0	0	0
ENSG00000287647	0	1	0
ENSG00000229225	0	0	0
ENSG00000230863	0	0	0
ENSG00000213560	0	0	0
ENSG00000287224	0	0	0
ENSG00000225598	0	0	0
ENSG00000286455	0	0	0
ENSG00000225087	0	0	0
ENSG00000224986	0	0	0
ENSG00000280378	3	0	3
ENSG00000188786	963	6	957
ENSG00000230053	0	0	0
ENSG00000137941	6	0	6
ENSG00000273338	0	0	0
ENSG00000223720	0	0	0
ENSG00000224326	0	0	0
ENSG00000286548	1	0	1
ENSG00000066135	340	2	485
ENSG00000230027	0	0	0
ENSG00000233061	0	0	0
ENSG00000272094	1	0	1
ENSG00000228853	0	0	0
ENSG00000215874	0	0	0
ENSG00000232453	4	0	4
ENSG00000260386	0	0	0
ENSG00000284895	0	0	0
ENSG00000117174	495	8	487
ENSG00000237413	0	0	0
ENSG00000184313	1	0	1
ENSG00000284645	0	0	0
ENSG00000225605	0	0	0
ENSG00000225446	0	0	0
ENSG00000288543	0	0	0
ENSG00000122420	6	0	6
ENSG00000284240	0	0	0
ENSG00000236290	0	0	0
ENSG00000143013	525	2	523
ENSG00000226084	26	0	26
ENSG00000134748	1687	14	1673
ENSG00000142892	638	1	637
ENSG00000219102	12	0	12
ENSG00000184005	75	0	75
ENSG00000230953	5	5	0
ENSG00000287743	0	0	0
ENSG00000229332	0	0	0
ENSG00000227937	0	0	0
ENSG00000229752	0	0	0
ENSG00000237505	4	0	4
ENSG00000285462	0	0	0
ENSG00000233216	0	0	0
ENSG00000197273	0	0	0
ENSG00000226804	0	0	0
ENSG00000285325	0	0	0
ENSG00000230728	0	0	0
ENSG00000162402	3221	8	3213
ENSG00000232846	0	0	0
ENSG00000219201	0	0	0
ENSG00000230787	0	0	0
ENSG00000116641	162	7	155
ENSG00000235927	2	5	0
ENSG00000223920	0	0	0
ENSG00000237453	1	1	0
ENSG00000172260	27	1	27
ENSG00000285473	0	0	0
ENSG00000237959	0	0	0
ENSG00000231364	0	0	0
ENSG00000234578	0	1	0
ENSG00000117480	180	1	179
ENSG00000137944	389	3	386
ENSG00000229505	0	0	0
ENSG00000228187	0	0	0
ENSG00000285201	0	0	0
ENSG00000182183	189	1	188
ENSG00000236407	0	0	0
ENSG00000271949	0	0	0
ENSG00000227062	0	0	0
ENSG00000067334	978	11	967
ENSG00000235011	0	0	0
ENSG00000235673	0	0	0
ENSG00000226938	0	0	0
ENSG00000213559	0	0	0
ENSG00000287587	0	0	0
ENSG00000142949	14	0	14
ENSG00000116133	286	1	315
ENSG00000232882	0	0	0
ENSG00000171502	16	0	16
ENSG00000162399	2	0	2
ENSG00000116157	200	0	200
ENSG00000143036	4	0	4
ENSG00000232672	0	0	0
ENSG00000230817	0	0	0
ENSG00000235613	1	0	1
ENSG00000065243	1431	4	1427
ENSG00000226759	0	0	0
ENSG00000226960	0	0	0
ENSG00000234080	0	0	0
ENSG00000237899	1	0	1
ENSG00000225492	6	0	6
ENSG00000223905	0	0	0
ENSG00000227290	0	0	0
ENSG00000229486	0	0	0
ENSG00000282898	0	0	0
ENSG00000285409	0	0	0
ENSG00000231090	3	0	3
ENSG00000117528	535	0	535
ENSG00000271723	0	0	0
ENSG00000172339	37	0	37
ENSG00000036549	819	2	817
ENSG00000287724	0	20	0
ENSG00000058799	546	1	545
ENSG00000225191	0	0	0
ENSG00000287870	1	0	1
ENSG00000235563	0	0	0
ENSG00000232048	0	0	0
ENSG00000232857	0	0	0
ENSG00000273637	0	0	0
ENSG00000203985	0	0	0
ENSG00000228838	0	5	0
ENSG00000283761	0	0	0
ENSG00000189433	0	0	0
ENSG00000230759	0	0	0
ENSG00000231866	0	0	0
ENSG00000179178	6	0	6
ENSG00000142700	0	0	0
ENSG00000285525	0	0	0
ENSG00000236098	0	0	0
ENSG00000233514	0	0	0
ENSG00000127124	420	2	418
ENSG00000266993	8	15	6
ENSG00000223675	0	0	0
ENSG00000162604	334	0	334
ENSG00000229316	0	0	0
ENSG00000116171	1295	7	1293
ENSG00000287406	0	0	0
ENSG00000225767	1	1	0
ENSG00000234099	0	0	0
ENSG00000137936	28	1	30
ENSG00000235308	3	3	0
ENSG00000232752	0	0	0
ENSG00000235829	0	0	0
ENSG00000143032	0	0	0
ENSG00000226745	0	0	0
ENSG00000178028	747	2	745
ENSG00000280040	0	0	0
ENSG00000168710	1472	2	1470
ENSG00000117519	70	0	70
ENSG00000270507	0	0	0
ENSG00000238037	0	0	0
ENSG00000215869	0	0	0
ENSG00000134215	806	0	806
ENSG00000227935	0	0	0
ENSG00000229887	1	0	1
ENSG00000228502	9	0	9
ENSG00000236268	0	0	0
ENSG00000271277	0	0	0
ENSG00000236888	0	0	0
ENSG00000279778	0	0	0
ENSG00000232015	0	0	0
ENSG00000230955	0	173	0
ENSG00000230828	0	0	0
ENSG00000188641	2287	4	2448
ENSG00000152078	6	0	6
ENSG00000237279	0	0	0
ENSG00000233359	0	0	0
ENSG00000237954	0	0	0
ENSG00000185668	1	0	1
ENSG00000171492	1040	0	1040
ENSG00000233129	1	1	0
ENSG00000170989	4363	10	4353
ENSG00000258634	99	0	158
ENSG00000233557	0	0	0
ENSG00000237897	0	0	0
ENSG00000116299	1465	1	1464
ENSG00000137962	8	0	8
ENSG00000227832	0	0	0
ENSG00000286692	0	0	0
ENSG00000260464	5	0	5
ENSG00000237435	0	0	0
ENSG00000231996	0	0	0
ENSG00000273204	0	2	0
ENSG00000079739	465	4	505
ENSG00000117154	0	0	0
ENSG00000162377	129	3	126
ENSG00000224613	0	0	0
ENSG00000215871	0	0	0
ENSG00000287372	0	0	0
ENSG00000232542	1	0	1
ENSG00000231095	0	0	0
ENSG00000116774	1	0	1
ENSG00000287756	0	0	0
ENSG00000269113	0	0	0
ENSG00000284652	0	0	0
ENSG00000023909	287	0	287
ENSG00000069702	424	0	424
ENSG00000232185	0	0	0
ENSG00000230489	6	0	6
ENSG00000228399	2	0	2
ENSG00000236776	0	0	0
ENSG00000285928	6	6	0
ENSG00000224685	0	0	0
ENSG00000287076	0	0	0
ENSG00000237480	0	0	0
ENSG00000271252	0	0	0
ENSG00000230427	0	0	0
ENSG00000235794	0	0	0
ENSG00000286758	0	0	0
ENSG00000237337	0	0	0
ENSG00000233983	0	0	0
ENSG00000198198	1447	87	1731
ENSG00000225183	0	0	0
ENSG00000230402	0	0	0
ENSG00000116793	193	2	191
ENSG00000134201	4	0	4
ENSG00000238122	0	0	0
ENSG00000260879	0	37	1
ENSG00000213366	305	0	305
ENSG00000230864	0	0	0
ENSG00000283354	0	0	0
ENSG00000232918	0	0	0
ENSG00000236360	1	4	2
ENSG00000183298	2	0	10
ENSG00000234332	13	0	13
ENSG00000117525	1	0	1
ENSG00000225079	14	0	14
ENSG00000226483	0	0	0
ENSG00000224238	0	0	0
ENSG00000229537	0	0	0
ENSG00000162699	0	0	0
ENSG00000162692	1	0	1
ENSG00000203914	0	0	0
ENSG00000270457	0	0	0
ENSG00000203858	0	0	0
ENSG00000231987	0	0	0
ENSG00000228057	2	0	2
ENSG00000261593	0	0	0
ENSG00000224445	0	0	0
ENSG00000229842	0	0	0
ENSG00000270631	0	0	0
ENSG00000229201	0	0	0
ENSG00000181656	5	2	3
ENSG00000122481	23	0	23
ENSG00000198162	818	0	818
ENSG00000238198	5	1	4
ENSG00000171517	9	0	9
ENSG00000228852	6	6	0
ENSG00000203864	0	0	0
ENSG00000233482	0	0	0
ENSG00000230250	0	0	0
ENSG00000232878	0	165	0
ENSG00000143079	57	0	57
ENSG00000232450	5	0	5
ENSG00000223575	1	0	1
ENSG00000230768	0	0	0
ENSG00000235202	0	0	0
ENSG00000272715	0	0	0
ENSG00000235038	0	0	0
ENSG00000143093	1070	0	1070
ENSG00000226415	0	0	0
ENSG00000085491	658	6	694
ENSG00000173947	6	0	6
ENSG00000241361	1	0	1
ENSG00000230434	0	0	0
ENSG00000230718	0	0	0
ENSG00000134198	402	2	400
ENSG00000235595	0	0	0
ENSG00000226053	0	0	0
ENSG00000226128	0	0	0
ENSG00000198799	579	1	644
ENSG00000279513	0	0	0
ENSG00000117620	292	2	292
ENSG00000280186	0	0	0
ENSG00000223906	0	0	0
ENSG00000162688	499	2	497
ENSG00000197106	0	0	0
ENSG00000259946	0	0	0
ENSG00000236137	1	105	1
ENSG00000203859	0	0	0
ENSG00000228086	0	75	0
ENSG00000213421	0	0	0
ENSG00000234020	0	0	0
ENSG00000060718	0	0	0
ENSG00000236804	0	0	0
ENSG00000231072	0	0	0
ENSG00000273406	0	0	0
ENSG00000185946	423	2	421
ENSG00000162627	2	1	1
ENSG00000226715	0	8	0
ENSG00000162695	630	0	630
ENSG00000134184	0	0	2
ENSG00000265808	980	1	979
ENSG00000261290	0	0	0
ENSG00000225923	0	0	0
ENSG00000134247	51	1	50
ENSG00000187481	0	0	0
ENSG00000116752	459	1	458
ENSG00000162664	372	3	369
ENSG00000236866	0	0	0
ENSG00000134253	5	2	3
ENSG00000277655	0	0	0
ENSG00000223416	0	0	0
ENSG00000213226	0	0	0
ENSG00000179571	0	0	0
ENSG00000227850	0	0	0
ENSG00000243967	0	0	0
ENSG00000235777	0	0	0
ENSG00000260246	0	2	0
ENSG00000173218	140	0	140
ENSG00000285532	0	0	0
ENSG00000226755	0	0	0
ENSG00000232650	0	0	0
ENSG00000183508	932	1	931
ENSG00000277095	0	0	0
ENSG00000236806	0	0	0
ENSG00000234283	0	0	0
ENSG00000237188	1	0	1
ENSG00000232780	0	0	0
ENSG00000274927	0	0	0
ENSG00000264145	0	0	0
ENSG00000238256	0	0	0
ENSG00000198765	0	0	0
ENSG00000224335	0	0	0
ENSG00000277702	0	0	0
ENSG00000143398	920	0	920
ENSG00000196505	441	4	438
ENSG00000225871	16	43	0
ENSG00000223489	0	0	0
ENSG00000230546	0	0	0
ENSG00000213262	0	0	0
ENSG00000287015	0	0	0
ENSG00000241720	0	24	0
ENSG00000235526	0	0	0
ENSG00000228347	0	0	0
ENSG00000276975	0	0	0
ENSG00000236012	0	0	0
ENSG00000270911	0	0	0
ENSG00000272824	1	0	1
ENSG00000134200	0	0	0
ENSG00000234257	0	0	0
ENSG00000065183	712	5	769
ENSG00000227082	2	0	2
ENSG00000228626	0	0	0
ENSG00000226126	0	0	0
ENSG00000163393	211	0	211
ENSG00000163156	573	12	568
ENSG00000143631	2	4	0
ENSG00000156150	0	59	0
ENSG00000228453	0	0	0
ENSG00000274642	0	0	0
ENSG00000177551	0	0	0
ENSG00000197323	1440	5	1435
ENSG00000237975	4	0	6
ENSG00000261168	2	1	1
ENSG00000287980	0	0	0
ENSG00000229283	0	0	0
ENSG00000271419	0	0	0
ENSG00000226172	0	0	0
ENSG00000079335	721	9	787
ENSG00000143119	11497	7	11490
ENSG00000237278	0	66	0
ENSG00000285062	0	0	0
ENSG00000233432	0	0	0
ENSG00000227700	0	0	0
ENSG00000229911	0	0	0
ENSG00000143520	0	0	0
ENSG00000171943	100	3	97
ENSG00000270719	0	0	0
ENSG00000155761	1	61	1
ENSG00000230806	0	0	0
ENSG00000116830	312	1	311
ENSG00000234422	0	0	0
ENSG00000227056	0	0	0
ENSG00000143614	1842	7	1835
ENSG00000227091	0	0	0
ENSG00000169418	0	0	0
ENSG00000214204	0	0	0
ENSG00000081026	94	5	89
ENSG00000225650	0	0	0
ENSG00000227179	0	0	0
ENSG00000224965	2	0	2
ENSG00000228127	0	0	0
ENSG00000226984	0	0	0
ENSG00000186150	0	0	0
ENSG00000143554	657	0	657
ENSG00000143458	730	8	723
ENSG00000230932	0	0	0
ENSG00000073754	2	0	2
ENSG00000228826	4	0	4
ENSG00000233907	0	0	0
ENSG00000225036	0	0	0
ENSG00000228420	0	0	0
ENSG00000233839	0	0	0
ENSG00000250890	0	0	0
ENSG00000232240	0	0	0
ENSG00000280649	55	5	72
ENSG00000131781	133	38	119
ENSG00000223599	1	0	1
ENSG00000230921	0	0	0
ENSG00000286151	3	0	3
ENSG00000234388	0	0	0
ENSG00000235015	0	0	0
ENSG00000271736	15	0	15
ENSG00000235988	0	0	0
ENSG00000233717	0	0	0
ENSG00000231551	63	11	53
ENSG00000227295	3	0	3
ENSG00000163155	61	36	32
ENSG00000243613	0	77	0
ENSG00000241975	9	0	9
ENSG00000271143	0	0	0
ENSG00000270976	0	0	0
ENSG00000228217	2	0	2
ENSG00000270342	0	0	0
ENSG00000143552	0	0	0
ENSG00000175984	18	1	17
ENSG00000231100	0	0	0
ENSG00000116824	2829	2	2827
ENSG00000235887	0	0	0
ENSG00000237460	0	0	0
ENSG00000236327	0	0	0
ENSG00000223804	57	24	33
ENSG00000236887	0	0	0
ENSG00000024526	8	0	9
ENSG00000236480	0	0	0
ENSG00000235756	0	0	0
ENSG00000173810	0	0	0
ENSG00000235005	0	0	0
ENSG00000271890	0	0	0
ENSG00000238107	0	0	0
ENSG00000227425	0	0	0
ENSG00000233222	0	21	0
ENSG00000225279	2	1	1
ENSG00000229101	0	0	0
ENSG00000224927	0	0	0
ENSG00000239216	0	0	0
ENSG00000283360	0	0	0
ENSG00000117262	47	1	46
ENSG00000227907	2	2	0
ENSG00000143624	1643	2	1809
ENSG00000227970	0	0	0
ENSG00000261055	3	0	3
ENSG00000231613	0	0	0
ENSG00000137947	753	3	750
ENSG00000236689	0	0	0
ENSG00000233589	0	1	0
ENSG00000117586	156	0	156
ENSG00000230946	0	0	0
ENSG00000226028	0	0	0
ENSG00000162728	2	0	2
ENSG00000229021	0	0	0
ENSG00000203825	1	0	1
ENSG00000184371	451	0	451
ENSG00000233449	0	0	0
ENSG00000242943	0	0	0
ENSG00000233203	0	0	0
ENSG00000232499	1	0	1
ENSG00000232265	3	0	3
ENSG00000163154	1376	0	1381
ENSG00000232995	15	1	15
ENSG00000236957	0	0	0
ENSG00000238087	0	0	0
ENSG00000227777	0	0	0
ENSG00000177173	2	0	2
ENSG00000277406	64	0	64
ENSG00000238022	0	0	0
ENSG00000231671	0	0	0
ENSG00000162729	868	2	866
ENSG00000143158	328	20	472
ENSG00000271092	5	0	5
ENSG00000238118	1	1	0
ENSG00000276118	0	0	0
ENSG00000232148	0	0	0
ENSG00000278811	7	45	0
ENSG00000000460	90	147	110
ENSG00000188859	2	0	3
ENSG00000275075	0	0	0
ENSG00000135862	278	0	278
ENSG00000232952	0	0	0
ENSG00000158473	763	2	761
ENSG00000227722	0	0	0
ENSG00000285922	0	0	0
ENSG00000275801	3	0	3
ENSG00000143198	397	0	397
ENSG00000143318	2	2	0
ENSG00000232188	0	0	1
ENSG00000232212	0	0	0
ENSG00000143621	1909	19	1904
ENSG00000241042	0	0	0
ENSG00000143155	695	2	693
ENSG00000260322	0	0	0
ENSG00000223495	0	0	0
ENSG00000143156	54	5	76
ENSG00000198771	6769	42	6909
ENSG00000225462	0	0	0
ENSG00000237756	0	0	0
ENSG00000116147	8	0	8
ENSG00000213064	1776	3	1955
ENSG00000203307	0	0	0
ENSG00000143179	136	1	164
ENSG00000271187	0	0	0
ENSG00000274562	0	0	0
ENSG00000143315	267	1	266
ENSG00000116199	645	4	641
ENSG00000231175	0	0	0
ENSG00000143185	52	1	51
ENSG00000235145	0	0	0
ENSG00000116260	1185	2	1183
ENSG00000272931	9	1	8
ENSG00000143190	594	3	658
ENSG00000225475	0	0	0
ENSG00000230898	0	0	0
ENSG00000232223	0	0	0
ENSG00000224698	0	0	0
ENSG00000287697	1	9	2
ENSG00000075945	379	3	407
ENSG00000235303	0	0	0
ENSG00000234810	8	0	8
ENSG00000232750	0	0	0
ENSG00000224468	0	0	0
ENSG00000235628	0	0	0
ENSG00000232551	0	0	0
ENSG00000092607	0	0	0
ENSG00000238270	0	0	0
ENSG00000285894	0	0	0
ENSG00000236025	0	0	0
ENSG00000230687	0	0	0
ENSG00000230704	0	0	0
ENSG00000283255	0	0	0
ENSG00000227741	6	85	5
ENSG00000237049	0	0	0
ENSG00000286754	0	0	0
ENSG00000232751	0	0	0
ENSG00000236364	1	29	0
ENSG00000117091	2328	16	5764
ENSG00000235378	0	0	0
ENSG00000143171	0	0	0
ENSG00000275767	0	0	0
ENSG00000224718	0	0	0
ENSG00000047410	3785	27	4039
ENSG00000231992	0	0	0
ENSG00000018625	1	0	1
ENSG00000171806	221	1	239
ENSG00000287919	2	0	2
ENSG00000229914	0	0	0
ENSG00000233882	0	0	0
ENSG00000198358	0	1	0
ENSG00000229407	0	0	0
ENSG00000134216	0	0	0
ENSG00000230748	0	0	0
ENSG00000254154	0	0	0
ENSG00000162694	57	1	58
ENSG00000238108	0	0	0
ENSG00000214262	0	182	0
ENSG00000183853	0	0	0
ENSG00000215835	10	0	10
ENSG00000118197	405	1	406
ENSG00000135842	5757	9	5748
ENSG00000229258	0	0	0
ENSG00000287472	0	0	0
ENSG00000241318	1	0	1
ENSG00000228238	0	0	0
ENSG00000232393	0	0	0
ENSG00000121454	34	98	1
ENSG00000184155	0	0	0
ENSG00000058085	0	0	0
ENSG00000260088	1	2	1
ENSG00000287978	53	0	53
ENSG00000116815	304	0	304
ENSG00000232917	0	0	0
ENSG00000233057	0	0	0
ENSG00000237131	0	0	0
ENSG00000233946	0	0	0
ENSG00000143167	458	1	457
ENSG00000143184	37	0	37
ENSG00000231966	2	0	2
ENSG00000176320	0	0	0
ENSG00000260976	0	0	0
ENSG00000235215	0	0	0
ENSG00000223450	0	0	0
ENSG00000224691	0	0	0
ENSG00000286572	0	0	0
ENSG00000235101	1	1	0
ENSG00000228215	4	0	4
ENSG00000177807	5	1	4
ENSG00000233626	2	2	0
ENSG00000233691	0	0	0
ENSG00000283518	0	0	0
ENSG00000271527	0	0	0
ENSG00000143228	34	1	34
ENSG00000235827	0	0	0
ENSG00000231615	1	0	1
ENSG00000231714	0	0	0
ENSG00000174514	25	6	25
ENSG00000143178	78	0	78
ENSG00000224837	0	0	0
ENSG00000116833	1	0	1
ENSG00000227740	5	0	5
ENSG00000260990	0	0	0
ENSG00000000457	378	34	492
ENSG00000143507	102	0	102
ENSG00000285638	0	0	0
ENSG00000226520	0	0	0
ENSG00000284592	0	0	0
ENSG00000230987	0	0	0
ENSG00000232527	0	0	0
ENSG00000215833	0	0	0
ENSG00000228167	0	0	0
ENSG00000225325	0	0	0
ENSG00000223344	0	0	0
ENSG00000228191	0	0	0
ENSG00000229961	35	0	35
ENSG00000150732	0	0	0
ENSG00000157064	1	0	1
ENSG00000288139	0	0	0
ENSG00000226015	21	5	16
ENSG00000215808	0	0	0
ENSG00000059588	655	0	655
ENSG00000231512	0	0	0
ENSG00000237379	0	0	0
ENSG00000232959	0	31	0
ENSG00000122224	1553	15	1538
ENSG00000162782	0	0	0
ENSG00000238051	0	0	0
ENSG00000233196	0	0	0
ENSG00000229220	0	0	0
ENSG00000143653	193	0	193
ENSG00000135837	1931	2	1929
ENSG00000158711	2380	9	2377
ENSG00000227747	0	0	0
ENSG00000228081	0	0	0
ENSG00000228020	0	0	0
ENSG00000234975	16	0	16
ENSG00000162851	181	0	181
ENSG00000271427	3	0	3
ENSG00000261817	0	0	0
ENSG00000143353	174	0	189
ENSG00000197965	2408	3	2405
ENSG00000143493	255	0	255
ENSG00000230777	0	0	0
ENSG00000179397	5	0	5
ENSG00000224540	0	0	0
ENSG00000117592	2130	3	2127
ENSG00000186197	11	0	11
ENSG00000229067	0	0	0
ENSG00000230231	0	1	0
ENSG00000227711	0	0	0
ENSG00000261182	0	0	0
ENSG00000228879	0	0	0
ENSG00000227925	0	0	0
ENSG00000162670	0	0	0
ENSG00000225712	0	0	0
ENSG00000162761	0	0	0
ENSG00000143199	1	0	1
ENSG00000179930	0	0	0
ENSG00000007908	0	0	0
ENSG00000092978	231	0	231
ENSG00000143499	457	1	456
ENSG00000188404	33593	83	33510
ENSG00000227735	0	0	0
ENSG00000243062	0	0	0
ENSG00000143196	0	0	0
ENSG00000228504	0	0	0
ENSG00000274702	0	0	0
ENSG00000226211	0	0	0
ENSG00000236942	0	0	0
ENSG00000287205	0	0	0
ENSG00000203697	6	0	6
ENSG00000116574	293	1	292
ENSG00000287929	0	0	0
ENSG00000186283	727	2	725
ENSG00000224896	0	0	0
ENSG00000226292	0	0	0
ENSG00000121481	574	0	575
ENSG00000227940	0	0	0
ENSG00000117139	998	4	994
ENSG00000143248	10	0	10
ENSG00000278455	0	0	0
ENSG00000224810	0	0	0
ENSG00000162814	0	0	0
ENSG00000225172	0	0	0
ENSG00000261642	0	0	0
ENSG00000228239	0	0	0
ENSG00000237283	0	0	0
ENSG00000116132	0	0	0
ENSG00000238042	1	0	1
ENSG00000271475	0	0	0
ENSG00000231877	0	0	0
ENSG00000116679	3827	12	3815
ENSG00000228536	0	0	0
ENSG00000230550	0	2	0
ENSG00000229242	0	0	0
ENSG00000253326	0	0	0
ENSG00000228470	0	0	0
ENSG00000152092	0	0	0
ENSG00000234984	0	0	0
ENSG00000231648	0	0	0
ENSG00000229983	0	0	0
ENSG00000215149	0	0	0
ENSG00000225122	0	0	0
ENSG00000225920	3	3	0
ENSG00000143476	39	0	39
ENSG00000121486	777	3	775
ENSG00000228437	0	0	0
ENSG00000214837	15	0	15
ENSG00000057252	1410	6	1404
ENSG00000225982	0	0	0
ENSG00000285718	0	0	0
ENSG00000234070	0	0	0
ENSG00000233620	0	0	0
ENSG00000237783	0	0	0
ENSG00000272906	4	3	14
ENSG00000233018	1	0	1
ENSG00000123685	43	2	41
ENSG00000224783	0	0	0
ENSG00000162852	1334	1	1333
ENSG00000232792	0	1	0
ENSG00000273004	4	0	4
ENSG00000143842	69	0	69
ENSG00000268062	2	2	0
ENSG00000237409	0	0	0
ENSG00000116962	288	0	288
ENSG00000288078	0	0	0
ENSG00000271399	0	0	0
ENSG00000229757	0	0	0
ENSG00000232679	0	0	0
ENSG00000159388	5651	8	5643
ENSG00000220749	30	0	30
ENSG00000181450	170	0	170
ENSG00000223519	17	2	65
ENSG00000120333	401	16	406
ENSG00000286285	8	0	8
ENSG00000225300	1	0	1
ENSG00000223842	0	0	0
ENSG00000162753	0	0	0
ENSG00000228247	0	0	0
ENSG00000231424	1	0	1
ENSG00000143355	0	0	0
ENSG00000287177	0	0	0
ENSG00000237193	0	0	0
ENSG00000223490	0	0	0
ENSG00000121644	561	0	561
ENSG00000174502	0	0	0
ENSG00000224286	0	0	0
ENSG00000158715	161	0	161
ENSG00000143195	10	1	10
ENSG00000162849	9	2	7
ENSG00000232824	0	0	0
ENSG00000273416	0	0	0
ENSG00000234142	1	0	2
ENSG00000282111	0	0	0
ENSG00000233410	1	0	1
ENSG00000067533	328	3	325
ENSG00000228955	0	0	0
ENSG00000270443	0	0	0
ENSG00000116209	3043	2	3041
ENSG00000224702	0	0	0
ENSG00000271811	0	0	0
ENSG00000224278	0	0	0
ENSG00000235492	0	0	0
ENSG00000287808	5	72	6
ENSG00000271588	0	0	0
ENSG00000229840	0	0	0
ENSG00000116161	1057	56	1032
ENSG00000226486	0	0	0
ENSG00000227687	0	0	0
ENSG00000231814	0	0	0
ENSG00000286210	0	0	0
ENSG00000287364	0	0	0
ENSG00000225063	0	0	0
ENSG00000260698	7	0	7
ENSG00000277007	5	0	5
ENSG00000229016	0	0	0
ENSG00000077157	1167	5	1184
ENSG00000152104	4	2	2
ENSG00000236975	0	0	0
ENSG00000215834	0	0	0
ENSG00000286541	0	0	0
ENSG00000117650	12	0	12
ENSG00000235021	0	0	0
ENSG00000203724	3	0	3
ENSG00000225006	0	0	0
ENSG00000287633	0	0	0
ENSG00000158764	2	0	2
ENSG00000223375	0	0	0
ENSG00000230714	0	0	0
ENSG00000261065	0	7	0
ENSG00000260855	10	4	6
ENSG00000188783	0	0	0
ENSG00000236206	0	0	0
ENSG00000168118	540	2	544
ENSG00000181101	0	0	0
ENSG00000173726	1930	3	1927
ENSG00000282852	0	0	0
ENSG00000152382	309	5	304
ENSG00000143839	0	0	0
ENSG00000232100	0	0	0
ENSG00000261024	0	0	0
ENSG00000230547	0	0	0
ENSG00000229703	0	0	0
ENSG00000176754	0	0	0
ENSG00000232309	0	0	0
ENSG00000227953	7	50	7
ENSG00000232215	1	0	1
ENSG00000135829	4301	14	4360
ENSG00000228289	0	0	0
ENSG00000134717	778	4	774
ENSG00000232989	0	0	0
ENSG00000233537	0	0	0
ENSG00000116668	157	8	150
ENSG00000143756	714	0	714
ENSG00000278180	0	0	0
ENSG00000143702	600	2	673
ENSG00000232341	0	0	0
ENSG00000287676	2	0	2
ENSG00000236792	0	0	0
ENSG00000143207	1460	1	1459
ENSG00000270859	0	0	0
ENSG00000238224	0	0	0
ENSG00000286775	0	0	0
ENSG00000122176	0	0	0
ENSG00000229120	0	0	0
ENSG00000237492	0	0	0
ENSG00000230404	0	0	0
ENSG00000213036	0	0	0
ENSG00000227230	3	40	1
ENSG00000236230	1	0	1
ENSG00000026751	743	1	742
ENSG00000150681	2182	1	2609
ENSG00000116906	830	1	829
ENSG00000092969	5	0	5
ENSG00000157181	268	1	267
ENSG00000250762	0	0	0
ENSG00000236720	0	0	0
ENSG00000227421	2	0	2
ENSG00000227240	2	0	2
ENSG00000076258	46	0	46
ENSG00000286073	0	0	0
ENSG00000231084	5	5	0
ENSG00000232085	0	37	0
ENSG00000117697	724	0	724
ENSG00000279333	0	0	4
ENSG00000235083	0	0	0
ENSG00000162669	1	0	1
ENSG00000197067	1	0	1
ENSG00000229652	0	0	0
ENSG00000132681	7	0	7
ENSG00000225904	0	0	0
ENSG00000270920	0	0	0
ENSG00000281664	0	0	0
ENSG00000143641	758	3	1164
ENSG00000227630	3	0	3
ENSG00000228830	0	1031	0
ENSG00000010932	2	0	2
ENSG00000282849	0	0	0
ENSG00000276520	0	0	0
ENSG00000226640	0	0	0
ENSG00000010072	236	79	233
ENSG00000135766	240	1	239
ENSG00000232626	1	0	1
ENSG00000232096	1	1	0
ENSG00000279261	0	0	0
ENSG00000213051	0	0	0
ENSG00000238054	0	0	0
ENSG00000163534	1178	3	1175
ENSG00000168243	3	0	3
ENSG00000281453	0	0	0
ENSG00000237469	0	0	0
ENSG00000224939	0	0	0
ENSG00000227613	0	0	0
ENSG00000116183	0	0	0
ENSG00000270106	2	0	2
ENSG00000232194	1	0	1
ENSG00000235152	0	0	0
ENSG00000231612	1	0	1
ENSG00000237980	4	0	4
ENSG00000271036	0	0	0
ENSG00000230849	0	0	0
ENSG00000170382	140	136	7
ENSG00000228664	0	0	0
ENSG00000226868	0	0	0
ENSG00000279401	0	0	0
ENSG00000272362	0	0	0
ENSG00000287450	0	0	0
ENSG00000237011	0	0	0
ENSG00000233583	0	0	0
ENSG00000066027	2161	3	2158
ENSG00000286263	0	0	0
ENSG00000227006	0	0	0
ENSG00000236372	0	0	0
ENSG00000224525	0	0	0
ENSG00000188770	0	0	0
ENSG00000173728	1	1	0
ENSG00000094975	728	5	723
ENSG00000225811	0	0	0
ENSG00000273093	0	0	0
ENSG00000162772	22	0	22
ENSG00000227818	0	0	0
ENSG00000135828	1025	1	1024
ENSG00000224227	0	0	0
ENSG00000286398	0	0	0
ENSG00000076356	91	0	91
ENSG00000215819	0	0	0
ENSG00000185523	4	0	4
ENSG00000236108	0	0	0
ENSG00000116711	84	0	84
ENSG00000231684	2	0	2
ENSG00000226750	0	0	0
ENSG00000285665	5	0	5
ENSG00000231022	0	0	0
ENSG00000224436	0	0	0
ENSG00000228208	0	0	0
ENSG00000273384	1	0	1
ENSG00000238061	1	0	1
ENSG00000234915	0	0	0
ENSG00000143845	10	1	18
ENSG00000235862	0	0	1
ENSG00000069812	0	0	0
ENSG00000227585	0	0	0
ENSG00000157060	0	0	0
ENSG00000237213	0	0	0
ENSG00000236439	11	1	11
ENSG00000224260	0	0	0
ENSG00000213045	1	1	0
ENSG00000287220	0	0	0
ENSG00000230063	1	1	0
ENSG00000235467	0	0	0
ENSG00000123684	2742	2	2740
ENSG00000117707	1	0	1
ENSG00000228044	0	0	0
ENSG00000225338	0	0	0
ENSG00000224407	0	408	1
ENSG00000232463	0	0	0
ENSG00000237457	0	0	0
ENSG00000225171	3	0	3
ENSG00000226843	0	0	0
ENSG00000235386	0	0	0
ENSG00000123836	374	42	374
ENSG00000213690	0	0	0
ENSG00000223982	0	0	0
ENSG00000229832	0	0	0
ENSG00000117691	231	0	231
ENSG00000225233	0	0	0
ENSG00000274895	0	0	0
ENSG00000237514	0	0	0
ENSG00000287856	0	0	0
ENSG00000228067	0	0	0
ENSG00000284299	0	0	0
ENSG00000226375	2	0	2
ENSG00000203705	277	1	276
ENSG00000224040	0	0	0
ENSG00000228686	23	23	0
ENSG00000279838	13	2	11
ENSG00000174175	171	0	171
ENSG00000236401	0	0	0
ENSG00000241475	0	0	0
ENSG00000215800	0	0	0
ENSG00000286421	0	0	0
ENSG00000270936	0	0	0
ENSG00000008118	0	0	0
ENSG00000171161	881	3	878
ENSG00000241505	0	0	0
ENSG00000224535	0	0	0
ENSG00000282097	0	0	0
ENSG00000261453	1	1	0
ENSG00000231020	0	0	0
ENSG00000270818	0	0	0
ENSG00000196878	10	0	10
ENSG00000133059	671	1	670
ENSG00000225561	0	0	0
ENSG00000224668	0	0	0
ENSG00000242529	0	0	0
ENSG00000074964	493	0	493
ENSG00000223847	0	0	0
ENSG00000277704	0	0	0
ENSG00000116918	740	7	738
ENSG00000274020	82	1	113
ENSG00000287445	5	0	5
ENSG00000259815	0	0	0
ENSG00000240963	0	0	0
ENSG00000226570	0	0	0
ENSG00000198929	0	0	0
ENSG00000272167	0	0	0
ENSG00000230628	0	0	0
ENSG00000162771	0	1	0
ENSG00000227579	0	0	0
ENSG00000176393	728	4	1091
ENSG00000174606	636	0	636
ENSG00000179914	24	1	23
ENSG00000235750	3682	7	3675
ENSG00000284376	0	0	0
ENSG00000121446	0	0	0
ENSG00000226758	0	0	0
ENSG00000230199	0	0	0
ENSG00000236905	0	0	0
ENSG00000233304	0	0	0
ENSG00000288007	2	0	2
ENSG00000227887	0	0	0
ENSG00000116903	675	2	749
ENSG00000228255	0	0	0
ENSG00000226196	0	0	0
ENSG00000287354	0	1	0
ENSG00000233827	0	0	0
ENSG00000198797	0	0	0
ENSG00000271746	2	0	2
ENSG00000234233	0	0	0
ENSG00000151414	2030	1	2029
ENSG00000177614	6	0	6
ENSG00000223794	0	0	0
ENSG00000235182	0	2	0
ENSG00000213041	0	0	0
ENSG00000287157	0	0	0
ENSG00000233920	0	0	0
ENSG00000183831	0	0	0
ENSG00000225755	0	0	0
ENSG00000143858	42	63	0
ENSG00000197472	0	0	0
ENSG00000230184	0	0	0
ENSG00000234004	0	0	0
ENSG00000232436	0	0	0
ENSG00000231718	0	0	0
ENSG00000283952	0	0	0
ENSG00000230019	0	0	0
ENSG00000136643	340	1	339
ENSG00000232537	0	0	0
ENSG00000226036	0	0	0
ENSG00000285521	0	0	0
ENSG00000236317	0	0	0
ENSG00000176855	0	0	0
ENSG00000227728	0	0	0
ENSG00000133069	162	3	159
ENSG00000162877	9	1	8
ENSG00000233461	26	0	26
ENSG00000225401	0	0	0
ENSG00000228190	0	0	0
ENSG00000135747	0	0	0
ENSG00000227237	1	1	0
ENSG00000069248	1067	2	1065
ENSG00000232812	0	0	0
ENSG00000231666	0	0	0
ENSG00000226986	0	0	0
ENSG00000242042	0	0	0
ENSG00000234464	0	0	0
ENSG00000253148	0	0	0
ENSG00000227751	0	462	2
ENSG00000090104	40	0	40
ENSG00000285280	6	428	6
ENSG00000232892	0	0	0
ENSG00000236950	0	0	0
ENSG00000236468	0	0	0
ENSG00000143322	477	0	477
ENSG00000185220	206	0	206
ENSG00000226003	0	0	0
ENSG00000230813	0	0	0
ENSG00000226862	9	0	9
ENSG00000236101	0	0	0
ENSG00000162769	236	0	236
ENSG00000133065	563	0	563
ENSG00000278684	0	0	0
ENSG00000236775	0	0	0
ENSG00000042781	0	0	0
ENSG00000234754	0	0	0
ENSG00000233084	1	0	1
ENSG00000227815	0	0	0
ENSG00000287046	0	0	0
ENSG00000223774	0	0	1
ENSG00000228863	12	3451	13
ENSG00000228646	0	0	0
ENSG00000229112	0	0	0
ENSG00000233332	0	0	0
ENSG00000231984	0	0	0
ENSG00000286213	0	0	0
ENSG00000226876	2	2	0
ENSG00000277462	57	0	57
ENSG00000225591	0	0	0
ENSG00000035687	1060	1	1059
ENSG00000213080	0	0	0
ENSG00000180287	1	0	1
ENSG00000226693	0	0	0
ENSG00000234678	22	386	3
ENSG00000231272	0	0	0
ENSG00000223828	0	0	0
ENSG00000163431	6	1	6
ENSG00000230124	355	3	417
ENSG00000226723	0	0	0
ENSG00000272672	0	0	0
ENSG00000143473	0	4	0
ENSG00000228982	0	0	0
ENSG00000235096	0	0	0
ENSG00000237250	0	0	0
ENSG00000007341	70	21	111
ENSG00000286747	0	0	0
ENSG00000236069	0	0	0
ENSG00000236244	0	0	0
ENSG00000272865	1	1	0
ENSG00000117222	835	2	833
ENSG00000143324	444	0	444
ENSG00000229871	0	0	0
ENSG00000225222	0	0	0
ENSG00000118193	24	0	24
ENSG00000234116	0	0	0
ENSG00000231940	1	0	1
ENSG00000198842	1	0	1
ENSG00000286619	22	0	22
ENSG00000198756	9	0	9
ENSG00000259823	2	2	0
ENSG00000271558	0	0	0
ENSG00000227554	0	0	0
ENSG00000178596	0	0	0
ENSG00000135749	275	14	302
ENSG00000143786	44	2	47
ENSG00000224584	0	0	0
ENSG00000054282	231	39	253
ENSG00000183780	12	0	12
ENSG00000229663	0	0	0
ENSG00000162702	766	3	763
ENSG00000251508	0	0	0
ENSG00000238272	0	0	0
ENSG00000228530	0	0	0
ENSG00000235060	0	0	0
ENSG00000143194	2	0	2
ENSG00000229531	0	0	0
ENSG00000271329	0	0	0
ENSG00000054267	2098	17	2084
ENSG00000261831	0	0	0
ENSG00000287921	0	0	0
ENSG00000177800	0	0	0
ENSG00000225620	0	0	0
ENSG00000232166	0	0	0
ENSG00000175137	1405	1	1404
ENSG00000134245	7	49	2
ENSG00000234041	0	0	0
ENSG00000227373	9	0	9
ENSG00000231905	0	0	0
ENSG00000228175	1	1	0
ENSG00000069275	2818	10	2808
ENSG00000143674	62	1	61
ENSG00000237317	0	0	0
ENSG00000187889	0	0	0
ENSG00000134375	487	2	485
ENSG00000097046	78	1	77
ENSG00000232113	0	0	0
ENSG00000282718	0	0	0
ENSG00000231378	0	0	0
ENSG00000235605	0	1	3
ENSG00000223525	1	0	1
ENSG00000224857	1	1	0
ENSG00000273367	2	0	2
ENSG00000230604	0	0	0
ENSG00000231605	0	0	0
ENSG00000236358	4	3	4
ENSG00000203737	0	0	0
ENSG00000238003	0	0	0
ENSG00000215873	0	0	0
ENSG00000287008	0	0	0
ENSG00000185420	109	0	109
ENSG00000076321	361	0	361
ENSG00000272175	0	0	2
ENSG00000231564	0	0	0
ENSG00000135778	276	33	284
ENSG00000213070	0	0	0
ENSG00000282265	0	0	0
ENSG00000250536	0	0	0
ENSG00000229747	0	0	0
ENSG00000117280	1307	2	1305
ENSG00000233985	0	0	0
ENSG00000232175	0	0	0
ENSG00000287423	0	0	0
ENSG00000286774	0	0	0
ENSG00000236719	0	0	0
ENSG00000136636	94	0	94
ENSG00000225486	1	0	1
ENSG00000227043	0	0	0
ENSG00000163874	431	2	429
ENSG00000285777	0	0	0
ENSG00000237249	0	0	0
ENSG00000286109	0	0	0
ENSG00000213068	0	0	0
ENSG00000054392	42	0	43
ENSG00000227994	0	0	0
ENSG00000286552	0	0	0
ENSG00000225711	0	0	0
ENSG00000122223	834	32	802
ENSG00000235869	0	0	0
ENSG00000188739	15	0	15
ENSG00000286666	0	0	0
ENSG00000135750	2	0	2
ENSG00000273198	0	0	0
ENSG00000203730	1	1	0
ENSG00000225719	0	0	0
ENSG00000273483	0	0	0
ENSG00000287987	0	0	0
ENSG00000203729	0	0	0
ENSG00000232809	0	0	0
ENSG00000284623	0	0	0
ENSG00000285981	0	0	0
ENSG00000261729	1	0	1
ENSG00000223869	0	0	0
ENSG00000229228	0	0	0
ENSG00000215796	0	0	0
ENSG00000185221	0	0	0
ENSG00000233047	0	0	0
ENSG00000143341	6	0	6
ENSG00000228309	0	0	0
ENSG00000229739	8	0	8
ENSG00000116703	0	0	0
ENSG00000273874	0	0	0
ENSG00000278791	0	1	0
ENSG00000278757	0	0	0
ENSG00000264341	0	0	0
ENSG00000264101	0	0	0
ENSG00000265141	0	0	0
ENSG00000221083	0	0	0
ENSG00000252404	0	0	0
ENSG00000222511	0	0	0
ENSG00000265392	0	0	0
ENSG00000243267	1	0	1
ENSG00000201725	0	0	0
ENSG00000274258	0	0	0
ENSG00000239149	0	0	0
ENSG00000252151	0	0	0
ENSG00000252969	0	0	0
ENSG00000252417	0	0	0
ENSG00000200975	0	0	0
ENSG00000201609	0	0	0
ENSG00000238482	0	0	0
ENSG00000252956	0	0	0
ENSG00000265606	0	0	0
ENSG00000284357	0	0	0
ENSG00000278034	0	0	0
ENSG00000207237	0	0	0
ENSG00000222784	0	0	0
ENSG00000266210	0	0	0
ENSG00000265961	0	0	0
ENSG00000251866	0	0	0
ENSG00000252691	0	0	0
ENSG00000264371	0	0	0
ENSG00000253005	0	0	0
ENSG00000238316	0	0	0
ENSG00000207941	0	0	0
ENSG00000264773	2	0	2
ENSG00000252448	4	4	0
ENSG00000200421	0	0	0
ENSG00000222282	1	1	0
ENSG00000199963	0	0	0
ENSG00000264698	0	0	0
ENSG00000207328	0	0	0
ENSG00000207466	0	0	0
ENSG00000252368	0	0	0
ENSG00000206779	0	0	0
ENSG00000265596	0	0	0
ENSG00000212541	2	2	0
ENSG00000200796	0	0	0
ENSG00000252190	0	0	0
ENSG00000264613	0	0	0
ENSG00000199240	0	0	0
ENSG00000277168	0	0	0
ENSG00000283724	0	0	0
ENSG00000284410	0	0	0
ENSG00000252018	0	0	0
ENSG00000206627	0	0	0
ENSG00000283414	0	0	0
ENSG00000207508	0	0	0
ENSG00000200171	0	0	0
ENSG00000207194	0	0	0
ENSG00000283477	0	0	0
ENSG00000264834	0	0	0
ENSG00000263675	1	0	1
ENSG00000266188	0	0	0
ENSG00000206981	0	0	0
ENSG00000200174	0	0	0
ENSG00000265822	0	0	0
ENSG00000265815	0	0	0
ENSG00000238653	0	0	0
ENSG00000212624	0	0	0
ENSG00000200575	0	0	0
ENSG00000212360	0	0	0
ENSG00000242860	0	0	0
ENSG00000263908	0	0	0
ENSG00000283690	0	0	0
ENSG00000199921	0	0	0
ENSG00000251825	0	0	0
ENSG00000201153	0	0	0
ENSG00000222624	0	0	0
ENSG00000223152	0	0	0
ENSG00000212308	0	0	0
ENSG00000279049	0	15	0
ENSG00000276081	0	0	0
ENSG00000239640	0	0	0
ENSG00000252338	0	0	0
ENSG00000251785	0	0	0
ENSG00000239319	0	0	0
ENSG00000222849	0	0	0
ENSG00000283749	0	0	0
ENSG00000251958	0	0	0
ENSG00000251767	0	0	0
ENSG00000243437	0	0	0
ENSG00000202263	0	0	0
ENSG00000199318	0	0	0
ENSG00000199666	0	0	0
ENSG00000200601	0	0	0
ENSG00000242482	0	0	0
ENSG00000212366	0	0	0
ENSG00000201620	0	0	0
ENSG00000206817	0	0	0
ENSG00000284247	0	0	0
ENSG00000200839	0	0	0
ENSG00000264963	0	0	0
ENSG00000264271	0	0	0
ENSG00000239504	0	0	0
ENSG00000284202	0	0	0
ENSG00000251720	0	0	0
ENSG00000274321	0	0	0
ENSG00000198974	0	0	0
ENSG00000212248	0	0	0
ENSG00000207962	0	0	0
ENSG00000276884	0	0	0
ENSG00000207234	0	0	0
ENSG00000202259	0	0	0
ENSG00000212459	0	0	0
ENSG00000278287	0	0	0
ENSG00000277565	0	0	0
ENSG00000263526	0	0	0
ENSG00000211575	0	0	0
ENSG00000275823	0	0	0
ENSG00000277689	0	0	0
ENSG00000274199	0	0	0
ENSG00000202254	0	0	0
ENSG00000244256	0	0	0
ENSG00000201491	0	0	0
ENSG00000199831	0	0	0
ENSG00000275455	0	0	0
ENSG00000252162	0	0	0
ENSG00000272051	0	0	0
ENSG00000283899	0	0	0
ENSG00000200800	0	0	0
ENSG00000207502	0	0	0
ENSG00000252530	0	0	0
ENSG00000200536	0	0	0
ENSG00000211543	0	0	0
ENSG00000252797	0	0	0
ENSG00000212266	0	0	0
ENSG00000222209	0	0	0
ENSG00000277141	0	0	0
ENSG00000215930	0	0	0
ENSG00000238761	0	0	0
ENSG00000201114	0	0	0
ENSG00000206679	0	0	0
ENSG00000264419	0	0	0
ENSG00000222069	0	0	0
ENSG00000274428	1	0	1
ENSG00000199879	0	0	0
ENSG00000274408	0	0	0
ENSG00000283676	0	0	0
ENSG00000252005	0	0	0
ENSG00000252510	0	0	0
ENSG00000207340	0	0	0
ENSG00000252830	0	0	0
ENSG00000274450	0	0	0
ENSG00000252135	0	0	0
ENSG00000278596	0	0	0
ENSG00000238825	0	0	0
ENSG00000201183	0	0	0
ENSG00000202408	0	0	0
ENSG00000252744	0	0	0
ENSG00000273768	0	0	0
ENSG00000242565	0	0	0
ENSG00000239984	0	0	0
ENSG00000283296	0	0	0
ENSG00000252717	0	0	0
ENSG00000194297	0	0	0
ENSG00000199565	0	0	0
ENSG00000277313	0	0	0
ENSG00000274940	0	0	0
ENSG00000207341	0	0	0
ENSG00000207472	0	0	0
ENSG00000206880	0	0	0
ENSG00000252552	0	0	0
ENSG00000199849	0	0	0
ENSG00000252407	0	0	0
ENSG00000212538	0	0	0
ENSG00000251813	0	0	0
ENSG00000207108	0	0	0
ENSG00000201312	0	0	0
ENSG00000207039	0	0	0
ENSG00000202491	0	0	0
ENSG00000201596	0	0	0
ENSG00000276839	0	0	0
ENSG00000207974	0	0	0
ENSG00000273629	0	0	0
ENSG00000201493	0	0	0
ENSG00000215952	0	0	0
ENSG00000200139	0	0	0
ENSG00000283575	0	0	0
ENSG00000238765	0	0	0
ENSG00000264916	0	0	0
ENSG00000212338	0	0	0
ENSG00000206659	0	0	0
ENSG00000253025	0	0	0
ENSG00000201619	0	0	0
ENSG00000201544	2	0	2
ENSG00000202498	0	0	0
ENSG00000221545	0	0	0
ENSG00000252906	0	0	0
ENSG00000206692	0	0	0
ENSG00000202329	0	0	0
ENSG00000242794	0	0	0
ENSG00000212144	0	0	0
ENSG00000283340	0	0	0
ENSG00000252860	0	0	0
ENSG00000252501	0	0	0
ENSG00000263390	0	0	0
ENSG00000207181	0	0	0
ENSG00000265744	0	0	0
ENSG00000264377	0	0	0
ENSG00000207149	0	0	0
ENSG00000283936	0	0	0
ENSG00000284485	0	0	0
ENSG00000201638	0	0	0
ENSG00000275213	0	0	0
ENSG00000239494	2	0	2
ENSG00000212230	0	0	0
ENSG00000252371	0	0	0
ENSG00000199442	0	0	0
ENSG00000200033	1	0	1
ENSG00000239690	0	0	0
ENSG00000202184	0	0	0
ENSG00000241395	0	0	0
ENSG00000200982	0	0	0
ENSG00000275207	0	0	0
ENSG00000202300	0	0	0
ENSG00000222407	0	0	0
ENSG00000222986	0	0	0
ENSG00000265435	0	0	0
ENSG00000272262	0	0	0
ENSG00000200495	0	0	0
ENSG00000202609	0	0	0
ENSG00000252553	0	0	0
ENSG00000206764	0	0	0
ENSG00000222240	0	0	0
ENSG00000212187	0	0	0
ENSG00000206637	0	0	0
ENSG00000253097	0	0	0
ENSG00000200036	0	0	0
ENSG00000201421	0	0	0
ENSG00000212610	0	0	0
ENSG00000252484	0	0	0
ENSG00000201944	0	0	0
ENSG00000200327	0	0	0
ENSG00000206905	0	0	0
ENSG00000200972	0	0	0
ENSG00000243051	0	0	0
ENSG00000252011	0	0	0
ENSG00000207326	0	0	0
ENSG00000212205	0	0	0
ENSG00000253042	0	0	0
ENSG00000274121	0	0	0
ENSG00000264358	0	0	0
ENSG00000206640	0	0	0
ENSG00000212527	0	0	0
ENSG00000252879	0	0	0
ENSG00000252612	0	0	0
ENSG00000202264	0	0	0
ENSG00000285609	0	0	0
ENSG00000206762	2	2	0
ENSG00000252084	0	0	0
ENSG00000200085	0	0	0
ENSG00000264500	2	1	1
ENSG00000202025	0	0	0
ENSG00000225545	0	0	0
ENSG00000206990	0	0	0
ENSG00000230175	0	0	0
ENSG00000225272	0	0	0
ENSG00000215838	4	0	4
ENSG00000273365	0	0	0
ENSG00000224358	3	0	3
ENSG00000230659	0	0	0
ENSG00000162545	25	0	25
ENSG00000090432	580	0	580
ENSG00000215520	0	0	0
ENSG00000183114	0	0	0
ENSG00000158825	1750	1	1749
ENSG00000158828	320	63	1378
ENSG00000284005	0	0	0
ENSG00000117242	43	1069	95
ENSG00000234473	0	0	0
ENSG00000238754	0	0	0
ENSG00000134371	789	3	786
ENSG00000221680	0	0	0
ENSG00000162630	16	0	16
ENSG00000276735	0	0	0
ENSG00000232077	0	0	0
ENSG00000229639	0	0	0
ENSG00000287453	0	0	0
ENSG00000270615	0	0	0
ENSG00000287283	0	0	0
ENSG00000240692	0	0	0
ENSG00000229359	0	0	0
ENSG00000237919	0	0	0
ENSG00000066557	292	0	292
ENSG00000244389	0	0	0
ENSG00000228988	2	2	0
ENSG00000118454	414	4	410
ENSG00000226088	1	1	0
ENSG00000116761	15	0	15
ENSG00000278636	0	0	0
ENSG00000271992	2	0	2
ENSG00000233020	0	0	0
ENSG00000237033	0	0	0
ENSG00000226208	0	0	0
ENSG00000007968	246	2	244
ENSG00000235052	4	0	4
ENSG00000117318	673	0	673
ENSG00000285802	4	0	4
ENSG00000229239	1	0	1
ENSG00000142676	29532	548	28984
ENSG00000057757	853	2	851
ENSG00000011009	1272	2	1270
ENSG00000117308	123	0	123
ENSG00000273844	0	0	0
ENSG00000235748	0	0	0
ENSG00000237861	0	0	0
ENSG00000221879	0	0	0
ENSG00000230260	0	0	0
ENSG00000199241	0	0	0
ENSG00000226919	0	1	0
ENSG00000223963	0	0	0
ENSG00000215802	0	0	0
ENSG00000233615	0	0	0
ENSG00000238085	0	0	0
ENSG00000265831	0	0	0
ENSG00000224348	0	0	0
ENSG00000286496	0	0	0
ENSG00000287516	0	0	0
ENSG00000287738	0	0	0
ENSG00000132703	0	0	0
ENSG00000276632	0	0	0
ENSG00000223603	0	0	0
ENSG00000132693	0	0	0
ENSG00000235226	0	0	0
ENSG00000158716	159	0	159
ENSG00000181036	184	3	181
ENSG00000158714	14	25	49
ENSG00000212161	0	0	0
ENSG00000243284	0	0	0
ENSG00000272668	66	17	53
ENSG00000213085	59	1	58
ENSG00000266458	0	0	0
ENSG00000287040	1	0	1
ENSG00000279430	1	0	1
ENSG00000162723	0	0	0
ENSG00000273933	0	0	0
ENSG00000256029	7	14	10
ENSG00000188004	1	0	1
ENSG00000266580	0	0	0
ENSG00000254545	0	12	0
ENSG00000203620	0	0	0
ENSG00000269967	0	0	0
ENSG00000228634	1	1	0
ENSG00000284702	0	0	0
ENSG00000221040	0	0	0
ENSG00000287217	0	0	0
ENSG00000163399	2859	35	8043
ENSG00000212385	0	0	0
ENSG00000233154	4	0	4
ENSG00000230381	0	0	0
ENSG00000200547	0	0	0
ENSG00000224950	9	0	10
ENSG00000286276	2	3	0
ENSG00000177888	424	2	422
ENSG00000243364	89	0	89
ENSG00000251246	0	0	0
ENSG00000143590	15	0	15
ENSG00000202027	0	0	0
ENSG00000169242	56	0	56
ENSG00000169241	500	2	498
ENSG00000223452	0	0	0
ENSG00000163463	55	0	55
ENSG00000273088	0	0	0
ENSG00000284586	0	0	0
ENSG00000169231	145	8	328
ENSG00000236263	0	42	2
ENSG00000236675	63	63	0
ENSG00000177628	659	1	658
ENSG00000116521	954	0	954
ENSG00000176444	1073	2	1071
ENSG00000143630	12	0	15
ENSG00000143627	0	3	0
ENSG00000253074	0	0	0
ENSG00000252116	0	0	0
ENSG00000228523	0	0	0
ENSG00000223263	2	2	0
ENSG00000207504	0	0	0
ENSG00000238139	0	0	0
ENSG00000197721	9	0	9
ENSG00000244703	0	0	0
ENSG00000226289	0	0	0
ENSG00000285239	0	0	0
ENSG00000234219	2	2	1
ENSG00000174059	13	0	13
ENSG00000285719	0	0	0
ENSG00000284237	0	0	0
ENSG00000158731	0	0	0
ENSG00000201746	1	0	1
ENSG00000264881	0	0	0
ENSG00000199562	0	0	0
ENSG00000264501	0	0	0
ENSG00000284735	1	1	0
ENSG00000284642	7	1	6
ENSG00000142657	4881	18	4863
ENSG00000271989	0	5	0
ENSG00000251503	0	0	0
ENSG00000175279	2	1	1
ENSG00000160049	523	1	604
ENSG00000203469	0	53	0
ENSG00000236035	0	0	0
ENSG00000221643	0	0	0
ENSG00000122188	485	0	485
ENSG00000288644	0	0	0
ENSG00000227417	1	1	0
ENSG00000223505	0	0	0
ENSG00000182004	548	2	546
ENSG00000236430	0	0	0
ENSG00000130768	28	2	35
ENSG00000227050	0	12	1
ENSG00000238231	2	1	1
ENSG00000240750	0	0	0
ENSG00000158156	1067	1	1071
ENSG00000182118	34	0	34
ENSG00000283799	0	0	0
ENSG00000227934	1	0	1
ENSG00000229595	0	0	0
ENSG00000143633	248	0	248
ENSG00000281912	7	0	7
ENSG00000288208	0	0	0
ENSG00000132773	191	35	223
ENSG00000070759	158	12	163
ENSG00000236872	0	0	0
ENSG00000280670	80	0	80
ENSG00000132763	89	698	106
ENSG00000221953	0	0	0
ENSG00000226164	0	0	0
ENSG00000224014	0	0	0
ENSG00000215795	0	0	0
ENSG00000259865	224	1	223
ENSG00000227671	561	3	558
ENSG00000283881	0	0	0
ENSG00000252516	2	0	2
ENSG00000232347	0	0	0
ENSG00000214144	0	0	0
ENSG00000235818	0	0	0
ENSG00000197617	0	0	0
ENSG00000202079	1	1	0
ENSG00000286216	1	2	0
ENSG00000203664	0	0	0
ENSG00000169224	66	0	66
ENSG00000236817	0	0	0
ENSG00000177489	0	0	0
ENSG00000177476	0	0	0
ENSG00000283369	0	0	0
ENSG00000230411	0	0	0
ENSG00000251977	0	0	0
ENSG00000252254	0	0	0
ENSG00000227854	0	0	0
ENSG00000287589	0	0	0
ENSG00000259776	0	0	0
ENSG00000233355	896	1	919
ENSG00000234601	0	0	0
ENSG00000231979	0	0	0
ENSG00000215805	0	0	0
ENSG00000287102	0	0	0
ENSG00000217327	0	0	0
ENSG00000228818	0	0	0
ENSG00000202041	0	0	0
ENSG00000223694	0	0	0
ENSG00000233735	0	0	0
ENSG00000133019	5	25	4
ENSG00000162636	553	0	553
ENSG00000162639	366	0	366
ENSG00000285923	1	0	1
ENSG00000134186	2001	58	1943
ENSG00000143107	0	0	0
ENSG00000232971	0	0	0
ENSG00000116266	1356	6	1350
ENSG00000228076	0	0	0
ENSG00000203897	0	0	0
ENSG00000237349	0	0	0
ENSG00000244716	32	0	32
ENSG00000228665	0	0	0
ENSG00000228054	0	0	0
ENSG00000273382	6	88	5
ENSG00000215717	1405	3	1488
ENSG00000278249	0	0	0
ENSG00000270066	0	0	0
ENSG00000251484	0	0	0
ENSG00000132676	1690	96	1692
ENSG00000227673	0	0	0
ENSG00000203761	80	66	47
ENSG00000234937	0	0	0
ENSG00000132718	546	2	544
ENSG00000283442	0	0	0
ENSG00000143622	1088	1	1087
ENSG00000132680	1055	1	1054
ENSG00000207475	0	0	0
ENSG00000280466	0	0	0
ENSG00000281394	0	0	0
ENSG00000277817	1	0	1
ENSG00000273002	51	2	49
ENSG00000224276	2	2	0
ENSG00000285677	0	1403	0
ENSG00000163479	2633	1	4035
ENSG00000160803	735	1	734
ENSG00000132698	16	0	16
ENSG00000252236	0	0	0
ENSG00000260238	0	0	0
ENSG00000242252	6	0	6
ENSG00000198952	2003	5	1998
ENSG00000163472	164	146	179
ENSG00000163468	2725	9	2719
ENSG00000132677	0	0	0
ENSG00000237390	0	0	0
ENSG00000207933	0	0	0
ENSG00000254726	2	0	2
ENSG00000186377	0	0	0
ENSG00000186160	0	0	0
ENSG00000225154	0	0	0
ENSG00000225506	1	0	1
ENSG00000225514	0	0	0
ENSG00000224805	14	0	19
ENSG00000162366	219	1	218
ENSG00000226252	9	36	1
ENSG00000225762	3	3	0
ENSG00000186790	0	0	0
ENSG00000237424	36	0	36
ENSG00000189030	0	0	0
ENSG00000162763	0	0	0
ENSG00000143061	3	0	3
ENSG00000135821	7207	18	7189
ENSG00000203740	0	0	0
ENSG00000162374	2	0	2
ENSG00000168275	93	7	131
ENSG00000241563	1	1	0
ENSG00000153207	1980	10	1970
ENSG00000156869	101	0	101
ENSG00000033122	14	10	4
ENSG00000143278	0	0	0
ENSG00000116678	124	1	123
ENSG00000159352	2365	5	2360
ENSG00000158710	22175	20	22155
ENSG00000162734	1358	14	1428
ENSG00000049239	1369	5	1364
ENSG00000186564	3	0	3
ENSG00000244038	2661	2	2659
ENSG00000158747	46	2	44
ENSG00000116690	18	280	19
ENSG00000126091	19	0	19
ENSG00000162383	7	0	7
ENSG00000171163	484	1	483
ENSG00000172456	54	0	54
ENSG00000162946	374	1	373
ENSG00000158786	0	0	0
ENSG00000118733	0	0	0
ENSG00000157870	463	7	589
ENSG00000179085	129	0	129
ENSG00000173080	0	0	0
ENSG00000183347	25	0	25
ENSG00000276470	0	0	0
ENSG00000278852	0	0	0
ENSG00000275915	0	0	0
ENSG00000120937	0	0	0
ENSG00000224904	0	0	0
ENSG00000285646	8	8	0
ENSG00000199347	0	0	0
ENSG00000201801	0	0	0
ENSG00000116685	1450	0	1450
ENSG00000083444	801	0	801
ENSG00000287384	0	0	0
ENSG00000270914	0	0	0
ENSG00000116691	524	0	524
ENSG00000202461	1	1	0
ENSG00000276869	0	0	0
ENSG00000243539	0	0	0
ENSG00000120949	406	2	404
ENSG00000201135	0	0	0
ENSG00000227875	0	0	0
ENSG00000285604	0	0	0
ENSG00000283789	0	0	0
ENSG00000263676	1	0	1
ENSG00000200591	0	0	0
ENSG00000162521	1987	7	2877
ENSG00000162520	0	892	5
ENSG00000224409	0	0	0
ENSG00000162522	44	1	43
ENSG00000116497	646	2	657
ENSG00000160097	3	4	0
ENSG00000121905	0	0	0
ENSG00000121900	1	0	1
ENSG00000287691	7	8	0
ENSG00000278966	8	8	0
ENSG00000143222	997	2	1233
ENSG00000224985	0	237	1
ENSG00000143224	293	64	298
ENSG00000158850	816	8	875
ENSG00000158859	14	2	12
ENSG00000158869	2987	0	2987
ENSG00000158874	2	2	0
ENSG00000158882	138	1	229
ENSG00000284035	0	0	0
ENSG00000143257	7	98	1
ENSG00000248485	4	4	0
ENSG00000188931	39	45	0
ENSG00000236484	0	0	0
ENSG00000283696	30	0	30
ENSG00000288093	3	0	3
ENSG00000206921	0	0	0
ENSG00000215840	1	0	1
ENSG00000277882	0	0	0
ENSG00000283317	8	8	0
ENSG00000277762	0	0	0
ENSG00000227139	0	0	0
ENSG00000265107	0	0	0
ENSG00000274415	0	0	0
ENSG00000234190	0	0	0
ENSG00000223728	0	0	0
ENSG00000121634	0	0	0
ENSG00000188092	65	1	64
ENSG00000215859	5	5	0
ENSG00000273059	0	0	0
ENSG00000274372	1	0	1
ENSG00000206791	0	0	0
ENSG00000206585	0	0	0
ENSG00000229828	1	0	1
ENSG00000225080	2	2	0
ENSG00000198658	1	0	1
ENSG00000238382	0	0	0
ENSG00000225919	0	0	0
ENSG00000236497	0	0	0
ENSG00000207190	0	0	0
ENSG00000200508	0	0	0
ENSG00000284928	0	0	0
ENSG00000223949	0	0	0
ENSG00000116688	1993	2	1991
ENSG00000188800	0	0	0
ENSG00000084073	823	0	824
ENSG00000231296	0	1	0
ENSG00000049089	213	0	213
ENSG00000227311	0	0	0
ENSG00000213172	0	0	0
ENSG00000284677	0	0	0
ENSG00000187801	37	0	37
ENSG00000260920	36	0	36
ENSG00000158887	59	0	59
ENSG00000255054	0	0	0
ENSG00000228172	3	280	7
ENSG00000117640	427	2	604
ENSG00000272478	0	0	0
ENSG00000127423	10	13	3
ENSG00000182749	174	11	232
ENSG00000207302	0	0	0
ENSG00000117632	827	2	825
ENSG00000229786	0	0	0
ENSG00000223624	0	0	0
ENSG00000283938	0	0	0
ENSG00000199385	0	0	0
ENSG00000187147	1145	14	1763
ENSG00000263381	0	0	0
ENSG00000126106	48	619	61
ENSG00000198520	494	6	488
ENSG00000199377	0	0	0
ENSG00000200169	0	0	0
ENSG00000142945	28	4	31
ENSG00000142937	21225	36	23643
ENSG00000264294	0	0	0
ENSG00000200913	2	0	2
ENSG00000202031	0	0	0
ENSG00000207421	0	0	0
ENSG00000281859	0	0	0
ENSG00000234093	1	0	1
ENSG00000142959	6	0	6
ENSG00000173846	396	0	415
ENSG00000117425	22	0	22
ENSG00000202444	0	0	0
ENSG00000226499	1	0	1
ENSG00000070785	196	1	197
ENSG00000253039	0	0	0
ENSG00000229815	0	2	0
ENSG00000232369	0	0	0
ENSG00000268949	0	0	0
ENSG00000126107	871	1	878
ENSG00000126088	604	8	604
ENSG00000234315	0	0	0
ENSG00000162408	593	2	591
ENSG00000229519	2	2	0
ENSG00000173662	1	0	1
ENSG00000204859	555	4	551
ENSG00000288629	0	0	0
ENSG00000230735	0	5	0
ENSG00000171488	1623	3	1620
ENSG00000226394	0	0	0
ENSG00000237200	3	0	3
ENSG00000070886	0	0	0
ENSG00000276835	0	0	0
ENSG00000265422	0	0	0
ENSG00000223776	1	40	4
ENSG00000273058	21	1	20
ENSG00000230325	3	9	1
ENSG00000119285	710	571	923
ENSG00000226498	0	0	0
ENSG00000237991	0	0	0
ENSG00000244020	0	0	0
ENSG00000288099	0	0	0
ENSG00000225886	3	4	0
ENSG00000206767	0	0	0
ENSG00000226662	0	0	0
ENSG00000207095	0	0	0
ENSG00000287244	0	0	0
ENSG00000231344	2	0	2
ENSG00000230833	0	0	0
ENSG00000117758	692	2	690
ENSG00000269971	0	0	0
ENSG00000270031	4	0	4
ENSG00000223062	0	0	0
ENSG00000286433	0	62	0
ENSG00000117751	966	8	1020
ENSG00000252947	0	0	0
ENSG00000130775	5251	11	5245
ENSG00000117748	1671	42	1634
ENSG00000223643	0	0	0
ENSG00000230239	0	0	0
ENSG00000263811	0	0	0
ENSG00000277234	0	0	0
ENSG00000235241	0	65	0
ENSG00000207005	0	0	0
ENSG00000272426	2	2	0
ENSG00000117122	0	0	0
ENSG00000286898	0	0	0
ENSG00000226526	0	62	0
ENSG00000159363	778	0	816
ENSG00000117118	998	1	997
ENSG00000117115	1235	3	1232
ENSG00000204362	0	0	0
ENSG00000282843	0	0	0
ENSG00000142623	0	0	0
ENSG00000142619	0	0	0
ENSG00000266634	0	0	0
ENSG00000199459	0	0	0
ENSG00000273264	0	0	0
ENSG00000282057	0	0	0
ENSG00000272691	0	0	0
ENSG00000199934	0	0	0
ENSG00000230285	0	0	0
ENSG00000142871	1	1	0
ENSG00000226643	0	0	0
ENSG00000234419	0	0	0
ENSG00000276997	2	0	2
ENSG00000222399	0	0	0
ENSG00000267305	0	0	0
ENSG00000143512	2	0	2
ENSG00000143498	114	1	121
ENSG00000225265	4	8	4
ENSG00000154305	1509	70	1759
ENSG00000229399	0	0	0
ENSG00000272750	17	315	18
ENSG00000186063	660	23	655
ENSG00000162819	1037	3	1048
ENSG00000287684	2	11	1
ENSG00000234523	0	0	0
ENSG00000287338	1	0	1
ENSG00000187554	386	23	363
ENSG00000236846	1	0	1
ENSG00000226601	0	0	0
ENSG00000164010	164	5	290
ENSG00000164011	209	0	209
ENSG00000233708	0	0	0
ENSG00000237090	0	0	0
ENSG00000225099	0	0	0
ENSG00000284138	1	0	1
ENSG00000283973	0	4	1
ENSG00000207256	0	0	0
ENSG00000283136	0	0	0
ENSG00000277513	0	0	0
ENSG00000154309	131	0	131
ENSG00000226967	0	0	0
ENSG00000231407	0	2	0
ENSG00000229570	0	0	0
ENSG00000203857	0	0	0
ENSG00000226443	0	0	0
ENSG00000249798	0	0	0
ENSG00000239873	0	0	0
ENSG00000203855	0	0	0
ENSG00000240244	0	0	0
ENSG00000260941	2	0	2
ENSG00000198857	2	2	0
ENSG00000143067	48	0	48
ENSG00000134240	0	0	0
ENSG00000134193	23	0	23
ENSG00000215864	0	0	0
ENSG00000227205	0	0	0
ENSG00000226446	0	0	0
ENSG00000134249	0	0	0
ENSG00000092621	211	0	211
ENSG00000027644	0	0	0
ENSG00000241992	0	0	0
ENSG00000234226	0	0	0
ENSG00000137970	73	1	72
ENSG00000223229	0	0	0
ENSG00000285698	0	0	0
ENSG00000228035	0	0	0
ENSG00000287103	0	0	0
ENSG00000226973	0	0	0
ENSG00000274468	0	0	0
ENSG00000130764	800	14	915
ENSG00000266075	2	2	0
ENSG00000272153	16	143	2
ENSG00000230026	0	0	0
ENSG00000285177	0	0	0
ENSG00000284770	7	72	7
ENSG00000229795	0	0	0
ENSG00000238236	0	0	0
ENSG00000235638	0	0	0
ENSG00000231199	0	0	0
ENSG00000226663	0	0	0
ENSG00000231582	0	0	0
ENSG00000232714	0	0	0
ENSG00000235761	0	0	0
ENSG00000270710	0	0	0
ENSG00000227236	0	0	0
ENSG00000198837	4093	7	4305
ENSG00000160741	1903	0	1903
ENSG00000276584	0	0	0
ENSG00000282386	3	0	3
ENSG00000273026	4	0	4
ENSG00000143578	65	29	84
ENSG00000143543	148	2	176
ENSG00000285641	0	8	1
ENSG00000143545	10	0	10
ENSG00000177954	37005	11	36994
ENSG00000231416	2	0	2
ENSG00000200220	0	0	0
ENSG00000231837	0	0	0
ENSG00000263987	0	0	0
ENSG00000162642	366	0	366
ENSG00000223254	0	0	0
ENSG00000223653	0	40	0
ENSG00000116198	661	5	658
ENSG00000169598	243	2	243
ENSG00000226653	0	0	0
ENSG00000207209	0	0	0
ENSG00000272443	0	0	0
ENSG00000272480	0	0	0
ENSG00000288626	0	0	0
ENSG00000162836	101	2	99
ENSG00000207080	0	0	0
ENSG00000231791	0	0	0
ENSG00000244568	0	0	0
ENSG00000271387	0	0	0
ENSG00000116667	151	1	150
ENSG00000230470	0	0	0
ENSG00000232036	0	0	0
ENSG00000285847	0	0	0
ENSG00000286378	0	0	0
ENSG00000215381	0	0	0
ENSG00000261326	77	0	77
ENSG00000284726	3	3	0
ENSG00000125945	251	6	252
ENSG00000201405	0	0	0
ENSG00000271420	1	0	1
ENSG00000204219	267	0	267
ENSG00000232482	0	0	0
ENSG00000285779	0	0	0
ENSG00000162885	133	43	234
ENSG00000270780	0	0	0
ENSG00000232895	0	0	0
ENSG00000273698	0	0	0
ENSG00000273112	45	5	40
ENSG00000173110	1480	6	1474
ENSG00000224203	2	6	0
ENSG00000224515	0	0	0
ENSG00000225217	154	0	154
ENSG00000231586	0	0	0
ENSG00000234211	3	43	0
ENSG00000213075	4	4	0
ENSG00000143125	0	0	0
ENSG00000270380	0	0	0
ENSG00000282887	0	0	0
ENSG00000283999	0	0	0
ENSG00000240194	0	0	0
ENSG00000235407	0	0	0
ENSG00000143105	0	0	0
ENSG00000199710	0	0	0
ENSG00000237415	0	0	0
ENSG00000232791	0	0	0
ENSG00000177301	33	1	32
ENSG00000226828	1	1	0
ENSG00000279774	0	0	0
ENSG00000229960	0	0	0
ENSG00000286486	0	0	0
ENSG00000244066	0	0	0
ENSG00000237759	0	0	0
ENSG00000287531	0	0	0
ENSG00000225855	52	650	13
ENSG00000283701	0	0	0
ENSG00000207134	0	0	0
ENSG00000227773	0	0	0
ENSG00000207144	0	0	0
ENSG00000237872	0	0	0
ENSG00000271267	2	2	0
ENSG00000225082	0	0	0
ENSG00000223503	1	1	0
ENSG00000232519	0	1	0
ENSG00000160752	404	7	1006
ENSG00000121957	47	225	81
ENSG00000235089	0	0	0
ENSG00000285179	0	0	0
ENSG00000223026	0	0	0
ENSG00000225721	0	2451	11
ENSG00000188396	10	27	2
ENSG00000202167	0	0	0
ENSG00000207349	0	0	0
ENSG00000252826	0	0	0
ENSG00000206737	0	0	0
ENSG00000223779	0	0	0
ENSG00000242352	0	0	0
ENSG00000270962	0	0	0
ENSG00000263590	0	0	0
ENSG00000252105	0	0	0
ENSG00000233430	0	0	0
ENSG00000237503	0	0	0
ENSG00000265531	3	0	5
ENSG00000234571	0	2	0
ENSG00000230186	0	2	0
ENSG00000268074	0	0	0
ENSG00000270872	1	0	1
ENSG00000276674	0	0	0
ENSG00000082482	0	0	0
ENSG00000116747	643	30	847
ENSG00000118729	0	0	0
ENSG00000134207	1	0	1
ENSG00000163467	3	5	1
ENSG00000243710	2	0	2
ENSG00000117395	401	2	399
ENSG00000116874	97	10	102
ENSG00000065600	218	0	218
ENSG00000009780	202	1	201
ENSG00000023572	205	255	164
ENSG00000077254	1281	1	1280
ENSG00000134644	2145	3	2142
ENSG00000215788	964	6	1035
ENSG00000117834	47	11	41
ENSG00000117625	912	5	907
ENSG00000179902	1	0	1
ENSG00000020633	2948	5	2943
ENSG00000121766	289	1	432
ENSG00000143157	1342	3	1340
ENSG00000162614	75	0	79
ENSG00000160781	45	0	45
ENSG00000143344	60	0	60
ENSG00000162613	2229	11	2220
ENSG00000116882	0	0	0
ENSG00000198758	1	0	1
ENSG00000117569	244	0	244
ENSG00000142856	145	50	143
ENSG00000158022	1	0	1
ENSG00000116396	68	0	68
ENSG00000058668	2864	5	2859
ENSG00000163875	1047	5	1042
ENSG00000282872	0	0	0
ENSG00000131238	2530	8	2522
ENSG00000171680	94	0	94
ENSG00000244457	0	0	0
ENSG00000116977	1032	295	1698
ENSG00000229372	0	176	0
ENSG00000274975	0	0	0
ENSG00000229348	0	0	0
ENSG00000242485	578	33	669
ENSG00000264293	0	0	0
ENSG00000272455	37	0	37
ENSG00000225905	0	0	0
ENSG00000225285	0	0	0
ENSG00000179403	1	0	1
ENSG00000215915	14	0	14
ENSG00000236085	0	0	0
ENSG00000234441	0	0	0
ENSG00000227408	0	0	0
ENSG00000223635	0	0	0
ENSG00000135776	483	0	483
ENSG00000199672	0	0	0
ENSG00000201492	0	0	0
ENSG00000229367	0	0	0
ENSG00000135763	337	1	336
ENSG00000213028	1	1	0
ENSG00000225984	0	0	0
ENSG00000178828	0	0	0
ENSG00000235434	0	0	0
ENSG00000169914	221	0	221
ENSG00000188784	0	0	0
ENSG00000242688	0	0	0
ENSG00000177186	0	0	0
ENSG00000177174	0	0	0
ENSG00000269956	12	184	0
ENSG00000162456	0	0	0
ENSG00000079277	919	4	1087
ENSG00000117407	1	0	1
ENSG00000237950	12	0	12
ENSG00000117408	558	1	557
ENSG00000285649	1	60	1
ENSG00000117410	2862	5	2857
ENSG00000159214	23	0	28
ENSG00000196517	7	5	7
ENSG00000227163	0	0	0
ENSG00000271647	0	0	0
ENSG00000239560	0	0	0
ENSG00000196539	0	0	0
ENSG00000229255	1	0	1
ENSG00000203661	0	0	0
ENSG00000271934	0	0	0
ENSG00000224521	0	0	1
ENSG00000227102	0	0	0
ENSG00000183310	0	0	0
ENSG00000201602	0	0	0
ENSG00000271701	0	0	0
ENSG00000189181	0	0	0
ENSG00000187238	0	0	0
ENSG00000185962	0	0	0
ENSG00000226947	0	0	0
ENSG00000285753	0	0	0
ENSG00000187223	0	0	0
ENSG00000159455	0	0	0
ENSG00000187173	0	0	0
ENSG00000204501	0	0	0
ENSG00000228229	0	0	0
ENSG00000204481	0	0	0
ENSG00000204479	0	0	0
ENSG00000172031	4	0	4
ENSG00000233228	0	0	0
ENSG00000224678	0	0	0
ENSG00000233401	0	0	0
ENSG00000273487	6	0	6
ENSG00000226773	0	0	0
ENSG00000274481	0	0	0
ENSG00000228594	75	0	75
ENSG00000286989	24	0	24
ENSG00000272106	43	1	45
ENSG00000189409	1	0	1
ENSG00000272004	1	154	4
ENSG00000189339	1708	8	1857
ENSG00000269737	19	19	0
ENSG00000215914	2	0	2
ENSG00000008128	43	0	43
ENSG00000268575	34	0	73
ENSG00000227775	327	371	0
ENSG00000008130	7129	17	7112
ENSG00000078369	8085	22	8063
ENSG00000178821	2	0	2
ENSG00000158477	91	0	91
ENSG00000230942	0	0	0
ENSG00000158481	464	3	461
ENSG00000158485	9	0	9
ENSG00000158488	35	0	35
ENSG00000186306	0	0	0
ENSG00000203758	0	0	0
ENSG00000236257	0	0	0
ENSG00000236656	0	0	0
ENSG00000198703	0	0	0
ENSG00000227445	0	0	0
ENSG00000231434	0	0	0
ENSG00000117505	2400	6	2450
ENSG00000229635	5	5	0
ENSG00000207379	0	0	0
ENSG00000212601	0	0	0
ENSG00000162889	2698	4	2694
ENSG00000224114	213	21	192
ENSG00000199349	0	0	0
ENSG00000162892	117	1237	4
ENSG00000162894	8254	15	9363
ENSG00000271680	26	26	0
ENSG00000226945	20	20	0
ENSG00000162896	4	0	4
ENSG00000162897	0	0	0
ENSG00000182795	22	0	22
ENSG00000198890	302	4	298
ENSG00000224550	0	0	0
ENSG00000142669	7229	7	10956
ENSG00000169442	4306	4	8406
ENSG00000225854	0	0	0
ENSG00000176083	136	0	136
ENSG00000229167	0	0	0
ENSG00000142910	0	0	0
ENSG00000162517	852	0	1014
ENSG00000235790	2	1	1
ENSG00000264078	1	0	1
ENSG00000241745	0	0	0
ENSG00000228407	0	0	0
ENSG00000223429	0	0	0
ENSG00000224255	0	0	0
ENSG00000236004	0	0	0
ENSG00000237663	0	0	0
ENSG00000213735	0	0	0
ENSG00000272100	1	120	0
ENSG00000287078	0	0	0
ENSG00000224680	2	0	2
ENSG00000085840	29	0	29
ENSG00000283445	4	0	4
ENSG00000272226	2	2	0
ENSG00000231740	0	0	0
ENSG00000143751	722	0	722
ENSG00000272562	3	0	3
ENSG00000163041	7469	5	7464
ENSG00000225518	2	0	2
ENSG00000270598	1	1	0
ENSG00000182827	749	2	833
ENSG00000234478	0	86	0
ENSG00000223570	0	0	0
ENSG00000185155	6	1	6
ENSG00000236773	1	0	1
ENSG00000143753	1308	2	1306
ENSG00000201898	0	0	0
ENSG00000237101	0	42	1
ENSG00000143748	361	1	403
ENSG00000221406	1	0	1
ENSG00000229742	0	0	0
ENSG00000206887	0	0	0
ENSG00000143771	460	2	458
ENSG00000266618	0	0	0
ENSG00000229991	0	0	0
ENSG00000233384	0	0	0
ENSG00000234247	0	0	0
ENSG00000183682	46	93	5
ENSG00000237624	0	0	0
ENSG00000228060	3	546	0
ENSG00000201457	0	0	0
ENSG00000163909	2	0	2
ENSG00000225903	0	0	0
ENSG00000116983	195	1	194
ENSG00000225333	0	0	0
ENSG00000252413	0	0	0
ENSG00000090621	1854	14	2383
ENSG00000236994	0	0	0
ENSG00000275406	0	0	0
ENSG00000270287	0	0	0
ENSG00000229965	0	0	0
ENSG00000223282	1	0	1
ENSG00000177770	0	0	0
ENSG00000287627	0	0	0
ENSG00000283933	0	0	0
ENSG00000143369	12	0	12
ENSG00000228126	1	0	1
ENSG00000237781	67	72	161
ENSG00000264553	14	14	0
ENSG00000277452	8	0	8
ENSG00000274963	1	0	1
ENSG00000253047	2	0	2
ENSG00000143420	2154	17	2137
ENSG00000276103	0	0	0
ENSG00000143457	405	1	404
ENSG00000143452	21	0	21
ENSG00000206931	0	0	0
ENSG00000236713	0	0	0
ENSG00000224690	0	0	0
ENSG00000203804	3	163	75
ENSG00000143384	25994	59	25936
ENSG00000154342	0	0	0
ENSG00000276255	0	0	0
ENSG00000284163	0	0	0
ENSG00000143793	277	18	259
ENSG00000162910	257	0	257
ENSG00000224566	1	0	1
ENSG00000287895	1	0	1
ENSG00000280157	2	0	2
ENSG00000227625	0	0	0
ENSG00000198835	13	0	13
ENSG00000203684	1	0	1
ENSG00000181873	233	1	232
ENSG00000162913	18	3	22
ENSG00000269934	21	73	64
ENSG00000270110	13	13	0
ENSG00000286773	0	0	0
ENSG00000287315	65	271	10
ENSG00000270104	1	0	1
ENSG00000154370	511	2	690
ENSG00000270094	0	182	0
ENSG00000284311	0	0	0
ENSG00000162931	13	10	7
ENSG00000230841	0	0	0
ENSG00000266174	0	0	0
ENSG00000279306	0	0	0
ENSG00000215811	3