N_unmapped	115901	115901	115901
N_multimapping	2408166	2408166	2408166
N_noFeature	605503	17387634	703336
N_ambiguous	2025489	31752	818241
ENSG00000160072	259	0	259
ENSG00000234396	1	0	1
ENSG00000225972	6	0	6
ENSG00000224315	0	0	0
ENSG00000198744	6	0	6
ENSG00000279928	4	0	4
ENSG00000228037	19	1	18
ENSG00000142611	6	0	6
ENSG00000225630	807	7	800
ENSG00000284616	0	0	0
ENSG00000157911	73	440	139
ENSG00000269896	24	0	24
ENSG00000237973	450	4	453
ENSG00000228463	8	0	10
ENSG00000260972	0	0	0
ENSG00000157933	2477	4	2473
ENSG00000224340	0	0	0
ENSG00000226545	0	0	0
ENSG00000268663	0	0	0
ENSG00000226374	0	0	0
ENSG00000229280	0	0	0
ENSG00000142655	270	74	268
ENSG00000232596	0	0	0
ENSG00000235054	0	0	0
ENSG00000232663	1	1	0
ENSG00000240409	0	0	0
ENSG00000229344	1	0	1
ENSG00000231510	0	0	0
ENSG00000149527	169	8	161
ENSG00000284739	0	0	0
ENSG00000171621	83	1	82
ENSG00000272235	0	0	0
ENSG00000284694	0	0	0
ENSG00000230021	3	22	3
ENSG00000287356	10	9	5
ENSG00000224387	1	0	1
ENSG00000285629	0	0	0
ENSG00000173673	0	0	0
ENSG00000142583	71	1	70
ENSG00000284674	0	0	0
ENSG00000272161	1	0	1
ENSG00000237094	51	0	51
ENSG00000224338	0	0	0
ENSG00000074800	11448	10	11438
ENSG00000116786	1383	2	1569
ENSG00000287727	1	1	0
ENSG00000228423	0	0	0
ENSG00000286448	0	2	0
ENSG00000131686	28	20	26
ENSG00000229305	0	0	0
ENSG00000284703	0	0	0
ENSG00000226457	1	0	1
ENSG00000173614	186	1	186
ENSG00000248527	3712	112	3600
ENSG00000215720	0	0	0
ENSG00000241326	0	0	0
ENSG00000233623	0	0	0
ENSG00000162592	1	47	0
ENSG00000116254	12	0	12
ENSG00000233645	0	0	0
ENSG00000204624	8	0	9
ENSG00000142606	2	91	9
ENSG00000235146	0	0	0
ENSG00000225931	6	1	5
ENSG00000171729	39	0	41
ENSG00000279457	82	0	82
ENSG00000162571	2	0	2
ENSG00000229393	2	1	1
ENSG00000037637	763	1	762
ENSG00000287586	14	0	14
ENSG00000159423	106	2	104
ENSG00000142599	3709	21	3694
ENSG00000227169	0	0	0
ENSG00000283356	0	0	0
ENSG00000011021	487	0	508
ENSG00000142615	0	0	0
ENSG00000215704	0	9	0
ENSG00000157916	1143	70	1579
ENSG00000157881	625	1	624
ENSG00000238290	0	0	0
ENSG00000225387	0	0	0
ENSG00000048707	2586	3	2583
ENSG00000158748	20	0	20
ENSG00000225196	0	0	0
ENSG00000162444	259	0	259
ENSG00000279625	0	0	0
ENSG00000180758	150	0	150
ENSG00000184677	1304	2	1302
ENSG00000230679	0	0	0
ENSG00000270136	0	0	0
ENSG00000288398	90	0	90
ENSG00000224621	0	0	0
ENSG00000285833	0	1	0
ENSG00000131697	218	0	223
ENSG00000284692	0	0	0
ENSG00000284745	0	0	0
ENSG00000280222	0	0	0
ENSG00000227634	0	0	0
ENSG00000285945	0	0	0
ENSG00000229162	3	1	2
ENSG00000197921	0	0	0
ENSG00000233755	0	0	1
ENSG00000233929	1	0	1
ENSG00000271742	0	0	0
ENSG00000226396	6	0	6
ENSG00000169504	928	1	927
ENSG00000234166	0	18	0
ENSG00000235282	0	0	0
ENSG00000055070	1938	4	3010
ENSG00000175087	445	2	443
ENSG00000157191	2360	15	2345
ENSG00000284699	0	0	0
ENSG00000230035	0	0	0
ENSG00000235185	0	0	0
ENSG00000225643	6	0	6
ENSG00000284666	0	0	0
ENSG00000228943	0	0	0
ENSG00000234397	0	0	0
ENSG00000284309	0	0	0
ENSG00000162511	19734	29	32212
ENSG00000158014	0	0	0
ENSG00000204138	887	2	885
ENSG00000233419	0	0	0
ENSG00000235263	0	0	0
ENSG00000228176	0	0	0
ENSG00000231251	0	0	0
ENSG00000142675	64	0	64
ENSG00000197245	0	0	0
ENSG00000261025	1	1	0
ENSG00000116237	768	0	803
ENSG00000130772	324	1	323
ENSG00000215899	0	0	0
ENSG00000271398	1	1	0
ENSG00000225011	0	0	0
ENSG00000235069	0	0	0
ENSG00000284676	0	0	0
ENSG00000237058	0	0	0
ENSG00000233399	0	0	0
ENSG00000090020	678	1	677
ENSG00000157978	3912	3	3909
ENSG00000226944	0	0	0
ENSG00000270282	0	0	0
ENSG00000130770	371	10	649
ENSG00000229044	0	133	0
ENSG00000162512	101	1	100
ENSG00000158006	584	0	584
ENSG00000214812	0	0	0
ENSG00000126698	1798	16	1782
ENSG00000229447	2	0	2
ENSG00000229607	0	0	0
ENSG00000130766	304	0	304
ENSG00000168528	34	0	34
ENSG00000196581	14	0	14
ENSG00000169403	4004	2	4002
ENSG00000084628	0	0	0
ENSG00000060688	729	3	726
ENSG00000171612	104	1	103
ENSG00000270927	0	0	0
ENSG00000188910	0	0	0
ENSG00000230523	0	0	0
ENSG00000116138	544	143	473
ENSG00000158161	654	1	653
ENSG00000142684	0	0	115
ENSG00000234619	0	0	0
ENSG00000121769	19	19	0
ENSG00000142627	55	0	55
ENSG00000284668	0	0	0
ENSG00000233234	0	0	0
ENSG00000142632	114	0	132
ENSG00000234593	0	0	0
ENSG00000158292	38	0	38
ENSG00000270605	17	0	17
ENSG00000189337	27	0	32
ENSG00000232912	28	1	33
ENSG00000235084	2	0	2
ENSG00000235143	0	0	0
ENSG00000225478	0	0	0
ENSG00000225077	0	29	0
ENSG00000028137	9911	12	9899
ENSG00000238249	3	3	0
ENSG00000204464	0	0	0
ENSG00000233372	0	0	0
ENSG00000283259	0	0	0
ENSG00000284543	5	0	5
ENSG00000130939	1375	0	1375
ENSG00000175147	1	7	1
ENSG00000127472	0	0	0
ENSG00000060656	3	0	3
ENSG00000163867	287	1	286
ENSG00000232768	0	0	0
ENSG00000230214	0	0	0
ENSG00000189280	1	1	0
ENSG00000134698	2593	2	2591
ENSG00000134690	46	1	45
ENSG00000272420	0	0	0
ENSG00000132881	65	0	65
ENSG00000273274	0	0	0
ENSG00000116251	2969	7	2963
ENSG00000272510	0	14	5
ENSG00000158286	23	7	23
ENSG00000236648	0	0	0
ENSG00000232273	0	0	0
ENSG00000009709	0	0	0
ENSG00000287396	0	0	0
ENSG00000223589	0	0	0
ENSG00000158008	1	1	0
ENSG00000130940	104	1	189
ENSG00000116771	216	2	267
ENSG00000237301	1	1	0
ENSG00000162585	336	88	378
ENSG00000163879	2	9	2
ENSG00000227527	0	0	0
ENSG00000116954	372	0	372
ENSG00000228589	2	0	2
ENSG00000163873	3	0	3
ENSG00000117215	14	0	14
ENSG00000196449	142	8	177
ENSG00000230163	0	26	0
ENSG00000227538	0	0	0
ENSG00000232208	42	0	42
ENSG00000236500	0	0	0
ENSG00000044012	0	0	0
ENSG00000179051	2283	3	2704
ENSG00000215895	0	0	0
ENSG00000231868	0	1	0
ENSG00000284650	0	0	0
ENSG00000237329	0	0	0
ENSG00000236948	4	0	4
ENSG00000126067	1230	0	1230
ENSG00000274944	0	0	0
ENSG00000132906	324	1	332
ENSG00000197312	1331	4	1327
ENSG00000284748	0	0	0
ENSG00000272078	5	90	1
ENSG00000173660	1206	3	1203
ENSG00000224592	0	0	0
ENSG00000233728	0	19	0
ENSG00000230451	0	0	0
ENSG00000231606	0	0	0
ENSG00000215900	0	0	0
ENSG00000284632	0	0	0
ENSG00000241014	1	0	1
ENSG00000054118	4078	18	4060
ENSG00000254553	0	0	0
ENSG00000284653	0	0	0
ENSG00000237749	6	0	6
ENSG00000276747	8	0	8
ENSG00000284705	0	0	0
ENSG00000228776	0	0	0
ENSG00000159339	844	2	842
ENSG00000223814	0	0	0
ENSG00000197982	141	39	145
ENSG00000261781	0	0	0
ENSG00000183317	1	0	1
ENSG00000183386	483	3	480
ENSG00000284743	0	0	0
ENSG00000158315	0	2	0
ENSG00000204084	650	0	767
ENSG00000186973	0	0	0
ENSG00000271806	2	45	1
ENSG00000146463	1133	1	1260
ENSG00000279214	0	0	0
ENSG00000183520	338	0	338
ENSG00000271741	0	0	0
ENSG00000214141	1	1	0
ENSG00000142686	194	3	191
ENSG00000224751	0	0	0
ENSG00000279096	0	0	0
ENSG00000117148	0	0	0
ENSG00000230585	0	2	0
ENSG00000117000	920	4	916
ENSG00000284989	0	0	0
ENSG00000231630	0	0	0
ENSG00000092853	57	0	65
ENSG00000255811	0	0	0
ENSG00000134697	630	3	636
ENSG00000187513	0	0	0
ENSG00000238145	0	0	0
ENSG00000225142	0	0	0
ENSG00000230138	39	0	39
ENSG00000223390	1	33	0
ENSG00000285823	0	1	0
ENSG00000284720	0	0	0
ENSG00000225028	0	0	0
ENSG00000225671	0	0	0
ENSG00000116151	40	0	44
ENSG00000226147	0	0	0
ENSG00000182873	37	16	22
ENSG00000006555	149	0	149
ENSG00000236111	0	0	0
ENSG00000066056	17	0	17
ENSG00000214114	367	8	359
ENSG00000173436	160	5	159
ENSG00000116544	37	0	37
ENSG00000231900	0	0	0
ENSG00000236723	1	194	8
ENSG00000232467	0	0	0
ENSG00000117016	163	1	162
ENSG00000121310	253	5	248
ENSG00000169213	2	0	2
ENSG00000163866	472	0	498
ENSG00000225779	0	0	0
ENSG00000284601	0	0	0
ENSG00000237130	0	0	0
ENSG00000143001	0	0	0
ENSG00000229716	0	0	0
ENSG00000226133	0	0	0
ENSG00000227416	0	0	0
ENSG00000232335	0	8	0
ENSG00000260971	0	0	0
ENSG00000259832	0	0	0
ENSG00000284696	0	0	0
ENSG00000238242	0	0	0
ENSG00000285839	0	0	0
ENSG00000237290	0	0	0
ENSG00000232762	0	0	0
ENSG00000117419	316	0	316
ENSG00000162384	418	16	442
ENSG00000162391	1	5	0
ENSG00000174348	11	0	12
ENSG00000154198	0	0	0
ENSG00000117859	1257	38	1234
ENSG00000228121	0	0	0
ENSG00000253313	1	0	1
ENSG00000162396	105	0	105
ENSG00000203995	1	0	1
ENSG00000227742	0	0	0
ENSG00000284686	0	0	0
ENSG00000162378	884	0	884
ENSG00000233079	0	0	0
ENSG00000259818	1	0	1
ENSG00000229444	0	0	0
ENSG00000240563	14	0	14
ENSG00000234318	0	0	0
ENSG00000284773	11	0	11
ENSG00000234481	0	0	0
ENSG00000117862	113	0	113
ENSG00000235612	0	0	0
ENSG00000228369	0	0	0
ENSG00000183431	1761	8	1753
ENSG00000227485	0	0	0
ENSG00000224609	0	0	0
ENSG00000235545	0	0	0
ENSG00000236646	0	0	0
ENSG00000169174	0	0	0
ENSG00000232198	0	0	0
ENSG00000238063	2	0	2
ENSG00000227104	0	0	0
ENSG00000243725	8	0	8
ENSG00000171872	0	0	0
ENSG00000162407	22	1	21
ENSG00000285079	0	0	0
ENSG00000169218	0	0	0
ENSG00000163877	666	9	657
ENSG00000228929	4	0	4
ENSG00000224570	2	2	0
ENSG00000224980	0	0	0
ENSG00000278967	0	0	0
ENSG00000157184	150	40	351
ENSG00000272491	0	0	1
ENSG00000198815	1854	3	1851
ENSG00000134744	1847	3	1844
ENSG00000233910	0	0	0
ENSG00000287703	0	0	0
ENSG00000283039	0	0	0
ENSG00000229032	0	0	0
ENSG00000229294	0	0	0
ENSG00000232993	0	1	0
ENSG00000234088	0	0	0
ENSG00000236973	0	0	0
ENSG00000227947	0	0	0
ENSG00000277397	0	0	0
ENSG00000271200	0	0	0
ENSG00000235446	0	0	0
ENSG00000261196	0	0	0
ENSG00000162385	440	2	438
ENSG00000231413	0	0	0
ENSG00000234264	0	0	0
ENSG00000242391	0	0	0
ENSG00000223883	0	0	0
ENSG00000284808	0	0	0
ENSG00000242267	0	0	0
ENSG00000237227	0	0	0
ENSG00000275350	0	0	0
ENSG00000116652	2	0	3
ENSG00000123080	110	0	110
ENSG00000285778	0	0	0
ENSG00000077549	6262	15	6251
ENSG00000233407	0	0	0
ENSG00000225675	2	1	6
ENSG00000237622	0	0	0
ENSG00000162598	0	0	0
ENSG00000280317	0	0	0
ENSG00000162415	43	1	43
ENSG00000162600	321	0	321
ENSG00000116704	580	1	579
ENSG00000227644	0	0	0
ENSG00000157193	123	5	161
ENSG00000116205	486	1	497
ENSG00000198841	63	0	63
ENSG00000116212	166	0	166
ENSG00000234204	0	0	0
ENSG00000233099	0	0	0
ENSG00000233994	1	0	1
ENSG00000237180	0	0	0
ENSG00000213561	0	0	0
ENSG00000233973	0	0	0
ENSG00000237552	0	0	0
ENSG00000132854	0	0	0
ENSG00000227556	0	0	0
ENSG00000162616	111	0	112
ENSG00000162607	1372	3	1369
ENSG00000233602	1	0	1
ENSG00000233271	0	0	0
ENSG00000285954	19	19	0
ENSG00000233333	0	0	0
ENSG00000154027	336	1	336
ENSG00000234108	0	0	0
ENSG00000232676	0	0	0
ENSG00000225167	0	0	0
ENSG00000132122	73	0	73
ENSG00000213579	0	0	0
ENSG00000137960	2	0	2
ENSG00000237852	0	0	0
ENSG00000116745	0	0	0
ENSG00000132855	0	0	0
ENSG00000285407	0	0	0
ENSG00000272855	0	0	0
ENSG00000270549	0	0	0
ENSG00000237163	0	0	0
ENSG00000229636	0	0	0
ENSG00000116675	23	0	23
ENSG00000162433	10	0	10
ENSG00000213625	797	0	797
ENSG00000227207	0	0	0
ENSG00000227016	0	0	0
ENSG00000233664	0	0	0
ENSG00000158966	178	0	178
ENSG00000213703	0	0	0
ENSG00000203965	80	1	81
ENSG00000223479	0	0	0
ENSG00000233674	0	0	0
ENSG00000153898	106	0	106
ENSG00000117069	0	0	0
ENSG00000125703	392	0	392
ENSG00000285041	0	0	0
ENSG00000285808	0	0	0
ENSG00000229440	0	0	0
ENSG00000234144	0	0	0
ENSG00000213540	0	0	0
ENSG00000277670	0	0	0
ENSG00000227466	0	0	0
ENSG00000154007	0	0	0
ENSG00000230498	1	1	0
ENSG00000285782	0	0	0
ENSG00000162618	0	0	0
ENSG00000224493	0	0	0
ENSG00000131233	0	0	0
ENSG00000272371	0	0	0
ENSG00000287647	0	1	0
ENSG00000229225	0	0	0
ENSG00000230863	0	0	0
ENSG00000213560	0	0	0
ENSG00000287224	1	0	1
ENSG00000225598	0	0	0
ENSG00000286455	0	0	0
ENSG00000225087	0	0	0
ENSG00000224986	0	0	0
ENSG00000280378	4	0	4
ENSG00000188786	1051	0	1051
ENSG00000230053	0	0	0
ENSG00000137941	12	1	11
ENSG00000273338	1	1	0
ENSG00000223720	0	0	0
ENSG00000224326	0	0	0
ENSG00000286548	3	0	3
ENSG00000066135	371	0	509
ENSG00000230027	0	0	0
ENSG00000233061	0	0	0
ENSG00000272094	0	0	0
ENSG00000228853	0	0	0
ENSG00000215874	0	0	0
ENSG00000232453	2	0	2
ENSG00000260386	2	0	2
ENSG00000284895	0	0	0
ENSG00000117174	537	3	534
ENSG00000237413	0	0	0
ENSG00000184313	0	0	0
ENSG00000284645	0	0	0
ENSG00000225605	0	0	0
ENSG00000225446	0	0	0
ENSG00000288543	0	0	0
ENSG00000122420	1	0	1
ENSG00000284240	0	0	0
ENSG00000236290	0	0	0
ENSG00000143013	544	2	542
ENSG00000226084	30	1	29
ENSG00000134748	1559	6	1553
ENSG00000142892	669	0	669
ENSG00000219102	9	0	9
ENSG00000184005	91	1	90
ENSG00000230953	7	7	0
ENSG00000287743	0	0	0
ENSG00000229332	0	0	0
ENSG00000227937	0	0	0
ENSG00000229752	0	0	0
ENSG00000237505	1	0	1
ENSG00000285462	0	0	0
ENSG00000233216	0	0	0
ENSG00000197273	0	0	0
ENSG00000226804	0	0	0
ENSG00000285325	0	0	0
ENSG00000230728	0	0	0
ENSG00000162402	3857	4	3853
ENSG00000232846	0	0	0
ENSG00000219201	1	0	1
ENSG00000230787	0	0	0
ENSG00000116641	178	3	175
ENSG00000235927	1	0	1
ENSG00000223920	0	0	0
ENSG00000237453	0	0	0
ENSG00000172260	18	1	17
ENSG00000285473	0	0	0
ENSG00000237959	0	0	0
ENSG00000231364	1	1	0
ENSG00000234578	0	1	0
ENSG00000117480	105	0	105
ENSG00000137944	388	0	388
ENSG00000229505	0	0	0
ENSG00000228187	0	0	0
ENSG00000285201	0	0	0
ENSG00000182183	240	0	240
ENSG00000236407	0	0	0
ENSG00000271949	0	0	0
ENSG00000227062	0	0	0
ENSG00000067334	1137	5	1132
ENSG00000235011	0	0	0
ENSG00000235673	0	0	0
ENSG00000226938	0	0	0
ENSG00000213559	0	0	0
ENSG00000287587	0	0	0
ENSG00000142949	7	0	7
ENSG00000116133	248	6	282
ENSG00000232882	1	0	1
ENSG00000171502	21	0	21
ENSG00000162399	0	0	0
ENSG00000116157	262	0	262
ENSG00000143036	3	0	3
ENSG00000232672	0	0	0
ENSG00000230817	0	0	0
ENSG00000235613	0	0	0
ENSG00000065243	1170	7	1164
ENSG00000226759	0	0	0
ENSG00000226960	0	0	0
ENSG00000234080	0	0	0
ENSG00000237899	0	0	0
ENSG00000225492	6	0	6
ENSG00000223905	0	0	0
ENSG00000227290	0	0	0
ENSG00000229486	0	0	0
ENSG00000282898	0	0	0
ENSG00000285409	0	0	0
ENSG00000231090	0	0	0
ENSG00000117528	633	1	632
ENSG00000271723	0	0	0
ENSG00000172339	52	0	52
ENSG00000036549	1122	3	1119
ENSG00000287724	0	28	0
ENSG00000058799	417	1	416
ENSG00000225191	0	0	0
ENSG00000287870	0	0	0
ENSG00000235563	0	0	0
ENSG00000232048	0	0	0
ENSG00000232857	0	0	0
ENSG00000273637	0	0	0
ENSG00000203985	0	0	0
ENSG00000228838	0	4	0
ENSG00000283761	1	0	1
ENSG00000189433	1	1	0
ENSG00000230759	0	0	0
ENSG00000231866	0	0	0
ENSG00000179178	1	0	1
ENSG00000142700	0	0	0
ENSG00000285525	0	0	0
ENSG00000236098	0	0	0
ENSG00000233514	0	0	0
ENSG00000127124	527	2	525
ENSG00000266993	3	9	3
ENSG00000223675	0	0	0
ENSG00000162604	283	0	283
ENSG00000229316	0	0	0
ENSG00000116171	1290	1	1290
ENSG00000287406	0	0	0
ENSG00000225767	0	0	0
ENSG00000234099	0	0	0
ENSG00000137936	26	0	29
ENSG00000235308	2	2	0
ENSG00000232752	0	0	0
ENSG00000235829	0	0	0
ENSG00000143032	0	0	0
ENSG00000226745	0	0	0
ENSG00000178028	563	3	560
ENSG00000280040	0	0	0
ENSG00000168710	1617	2	1615
ENSG00000117519	88	0	88
ENSG00000270507	0	0	0
ENSG00000238037	0	0	0
ENSG00000215869	0	0	0
ENSG00000134215	1026	4	1022
ENSG00000227935	0	0	0
ENSG00000229887	0	0	0
ENSG00000228502	8	0	8
ENSG00000236268	0	0	0
ENSG00000271277	0	0	0
ENSG00000236888	0	0	0
ENSG00000279778	0	0	0
ENSG00000232015	0	0	0
ENSG00000230955	0	117	0
ENSG00000230828	0	0	0
ENSG00000188641	2977	3	3226
ENSG00000152078	8	0	8
ENSG00000237279	0	0	0
ENSG00000233359	0	0	0
ENSG00000237954	0	0	0
ENSG00000185668	4	0	4
ENSG00000171492	1241	1	1240
ENSG00000233129	0	0	0
ENSG00000170989	4825	6	4819
ENSG00000258634	92	0	148
ENSG00000233557	0	0	0
ENSG00000237897	0	0	0
ENSG00000116299	834	3	831
ENSG00000137962	14	0	14
ENSG00000227832	0	0	0
ENSG00000286692	0	0	0
ENSG00000260464	5	0	5
ENSG00000237435	0	0	0
ENSG00000231996	0	0	0
ENSG00000273204	0	0	0
ENSG00000079739	490	6	552
ENSG00000117154	0	0	0
ENSG00000162377	212	13	199
ENSG00000224613	0	0	0
ENSG00000215871	0	0	0
ENSG00000287372	0	0	0
ENSG00000232542	1	0	1
ENSG00000231095	0	0	0
ENSG00000116774	3	0	3
ENSG00000287756	0	0	0
ENSG00000269113	0	0	0
ENSG00000284652	0	0	0
ENSG00000023909	285	0	285
ENSG00000069702	771	1	770
ENSG00000232185	0	0	0
ENSG00000230489	1	0	1
ENSG00000228399	1	0	1
ENSG00000236776	0	0	0
ENSG00000285928	1	1	0
ENSG00000224685	0	0	0
ENSG00000287076	0	0	0
ENSG00000237480	0	0	0
ENSG00000271252	0	0	0
ENSG00000230427	0	0	0
ENSG00000235794	0	0	0
ENSG00000286758	0	0	0
ENSG00000237337	0	0	0
ENSG00000233983	0	0	0
ENSG00000198198	1504	72	1739
ENSG00000225183	3	0	3
ENSG00000230402	0	0	0
ENSG00000116793	209	1	208
ENSG00000134201	0	0	0
ENSG00000238122	0	0	0
ENSG00000260879	0	64	0
ENSG00000213366	161	0	161
ENSG00000230864	0	0	0
ENSG00000283354	0	0	0
ENSG00000232918	0	0	0
ENSG00000236360	0	1	0
ENSG00000183298	1	0	1
ENSG00000234332	12	0	12
ENSG00000117525	1	0	1
ENSG00000225079	25	0	25
ENSG00000226483	0	0	0
ENSG00000224238	1	1	0
ENSG00000229537	0	0	0
ENSG00000162699	0	0	0
ENSG00000162692	1	0	1
ENSG00000203914	0	0	0
ENSG00000270457	0	0	0
ENSG00000203858	0	0	0
ENSG00000231987	0	0	0
ENSG00000228057	3	0	3
ENSG00000261593	0	0	0
ENSG00000224445	0	0	0
ENSG00000229842	0	0	0
ENSG00000270631	0	0	0
ENSG00000229201	0	0	0
ENSG00000181656	3	3	0
ENSG00000122481	18	0	18
ENSG00000198162	1450	0	1450
ENSG00000238198	5	1	4
ENSG00000171517	8	1	7
ENSG00000228852	1	1	0
ENSG00000203864	1	1	0
ENSG00000233482	0	0	0
ENSG00000230250	0	0	0
ENSG00000232878	1	253	0
ENSG00000143079	99	0	99
ENSG00000232450	5	0	5
ENSG00000223575	0	0	0
ENSG00000230768	0	0	0
ENSG00000235202	0	0	0
ENSG00000272715	0	0	0
ENSG00000235038	0	0	0
ENSG00000143093	941	0	941
ENSG00000226415	7	0	7
ENSG00000085491	778	10	842
ENSG00000173947	4	0	4
ENSG00000241361	0	0	0
ENSG00000230434	0	0	0
ENSG00000230718	0	0	0
ENSG00000134198	286	0	286
ENSG00000235595	0	0	0
ENSG00000226053	0	0	0
ENSG00000226128	0	0	0
ENSG00000198799	679	2	784
ENSG00000279513	0	0	0
ENSG00000117620	308	6	305
ENSG00000280186	1	0	1
ENSG00000223906	0	0	0
ENSG00000162688	737	3	734
ENSG00000197106	0	0	0
ENSG00000259946	0	0	0
ENSG00000236137	3	106	3
ENSG00000203859	0	0	0
ENSG00000228086	0	142	0
ENSG00000213421	0	0	0
ENSG00000234020	0	0	0
ENSG00000060718	0	0	0
ENSG00000236804	0	0	0
ENSG00000231072	0	0	0
ENSG00000273406	1	1	0
ENSG00000185946	275	0	275
ENSG00000162627	1	0	1
ENSG00000226715	0	0	0
ENSG00000162695	699	1	698
ENSG00000134184	0	0	1
ENSG00000265808	1026	1	1025
ENSG00000261290	0	0	0
ENSG00000225923	0	0	0
ENSG00000134247	72	0	72
ENSG00000187481	0	0	0
ENSG00000116752	558	1	557
ENSG00000162664	373	3	370
ENSG00000236866	0	0	0
ENSG00000134253	4	0	4
ENSG00000277655	0	0	0
ENSG00000223416	0	0	0
ENSG00000213226	0	0	0
ENSG00000179571	1	0	1
ENSG00000227850	0	0	0
ENSG00000243967	0	0	0
ENSG00000235777	0	0	0
ENSG00000260246	0	1	0
ENSG00000173218	162	0	162
ENSG00000285532	0	0	0
ENSG00000226755	0	0	0
ENSG00000232650	0	0	0
ENSG00000183508	1100	1	1099
ENSG00000277095	0	0	0
ENSG00000236806	0	0	0
ENSG00000234283	0	0	0
ENSG00000237188	0	0	0
ENSG00000232780	0	0	0
ENSG00000274927	0	0	0
ENSG00000264145	0	0	0
ENSG00000238256	0	0	0
ENSG00000198765	0	0	0
ENSG00000224335	0	0	0
ENSG00000277702	0	0	0
ENSG00000143398	926	1	925
ENSG00000196505	494	2	492
ENSG00000225871	16	39	0
ENSG00000223489	0	0	0
ENSG00000230546	0	0	0
ENSG00000213262	1	1	0
ENSG00000287015	0	0	0
ENSG00000241720	1	30	0
ENSG00000235526	0	0	0
ENSG00000228347	0	0	0
ENSG00000276975	1	0	1
ENSG00000236012	0	0	0
ENSG00000270911	0	0	0
ENSG00000272824	0	0	0
ENSG00000134200	0	0	0
ENSG00000234257	0	0	0
ENSG00000065183	856	3	932
ENSG00000227082	6	0	7
ENSG00000228626	0	0	0
ENSG00000226126	0	0	0
ENSG00000163393	255	0	255
ENSG00000163156	486	5	486
ENSG00000143631	1	2	0
ENSG00000156150	0	56	0
ENSG00000228453	0	0	0
ENSG00000274642	0	0	0
ENSG00000177551	0	0	0
ENSG00000197323	1585	2	1583
ENSG00000237975	1	0	2
ENSG00000261168	0	0	0
ENSG00000287980	0	0	0
ENSG00000229283	0	0	0
ENSG00000271419	0	0	0
ENSG00000226172	0	0	0
ENSG00000079335	898	11	1029
ENSG00000143119	10772	9	10763
ENSG00000237278	0	107	0
ENSG00000285062	0	0	0
ENSG00000233432	0	0	0
ENSG00000227700	0	0	0
ENSG00000229911	0	0	0
ENSG00000143520	0	0	0
ENSG00000171943	119	4	116
ENSG00000270719	0	0	0
ENSG00000155761	6	76	9
ENSG00000230806	0	1	0
ENSG00000116830	381	1	380
ENSG00000234422	0	0	0
ENSG00000227056	0	0	0
ENSG00000143614	1858	3	1856
ENSG00000227091	0	0	0
ENSG00000169418	0	0	0
ENSG00000214204	0	0	0
ENSG00000081026	96	0	96
ENSG00000225650	0	0	0
ENSG00000227179	0	0	0
ENSG00000224965	2	0	2
ENSG00000228127	0	0	0
ENSG00000226984	0	0	0
ENSG00000186150	0	0	0
ENSG00000143554	520	2	518
ENSG00000143458	860	4	856
ENSG00000230932	0	0	0
ENSG00000073754	2	0	2
ENSG00000228826	0	0	0
ENSG00000233907	0	0	0
ENSG00000225036	0	0	0
ENSG00000228420	0	0	0
ENSG00000233839	0	0	0
ENSG00000250890	0	0	0
ENSG00000232240	0	0	0
ENSG00000280649	56	5	75
ENSG00000131781	164	55	143
ENSG00000223599	0	0	0
ENSG00000230921	0	0	0
ENSG00000286151	13	0	13
ENSG00000234388	0	0	0
ENSG00000235015	0	0	0
ENSG00000271736	16	0	16
ENSG00000235988	0	0	0
ENSG00000233717	0	0	0
ENSG00000231551	36	9	27
ENSG00000227295	7	0	7
ENSG00000163155	42	26	25
ENSG00000243613	0	67	0
ENSG00000241975	8	0	8
ENSG00000271143	0	0	0
ENSG00000270976	0	0	0
ENSG00000228217	0	0	0
ENSG00000270342	0	0	0
ENSG00000143552	4	2	2
ENSG00000175984	20	2	18
ENSG00000231100	0	0	0
ENSG00000116824	3208	4	3204
ENSG00000235887	0	0	0
ENSG00000237460	0	0	0
ENSG00000236327	0	0	0
ENSG00000223804	40	17	23
ENSG00000236887	0	0	0
ENSG00000024526	16	0	18
ENSG00000236480	1	0	1
ENSG00000235756	0	0	0
ENSG00000173810	1	1	0
ENSG00000235005	0	0	0
ENSG00000271890	0	0	0
ENSG00000238107	0	0	0
ENSG00000227425	0	0	0
ENSG00000233222	0	17	0
ENSG00000225279	0	0	0
ENSG00000229101	0	0	0
ENSG00000224927	0	0	0
ENSG00000239216	0	0	0
ENSG00000283360	2	2	0
ENSG00000117262	55	1	54
ENSG00000227907	0	0	0
ENSG00000143624	1191	7	1330
ENSG00000227970	0	0	0
ENSG00000261055	2	0	2
ENSG00000231613	3	0	3
ENSG00000137947	757	1	757
ENSG00000236689	0	0	0
ENSG00000233589	0	2	0
ENSG00000117586	92	0	92
ENSG00000230946	1	1	0
ENSG00000226028	0	0	0
ENSG00000162728	1	1	0
ENSG00000229021	0	0	0
ENSG00000203825	0	0	0
ENSG00000184371	190	0	190
ENSG00000233449	0	0	0
ENSG00000242943	0	0	0
ENSG00000233203	0	0	0
ENSG00000232499	1	0	1
ENSG00000232265	3	0	3
ENSG00000163154	1210	0	1217
ENSG00000232995	13	1	15
ENSG00000236957	0	0	0
ENSG00000238087	0	0	0
ENSG00000227777	0	0	0
ENSG00000177173	1	0	1
ENSG00000277406	67	0	67
ENSG00000238022	0	0	0
ENSG00000231671	0	0	0
ENSG00000162729	721	1	720
ENSG00000143158	278	28	439
ENSG00000271092	1	0	1
ENSG00000238118	0	0	0
ENSG00000276118	0	0	0
ENSG00000232148	0	0	0
ENSG00000278811	10	69	0
ENSG00000000460	76	150	88
ENSG00000188859	1	0	1
ENSG00000275075	0	0	0
ENSG00000135862	301	0	301
ENSG00000232952	0	0	0
ENSG00000158473	779	3	776
ENSG00000227722	0	0	0
ENSG00000285922	0	0	0
ENSG00000275801	5	0	5
ENSG00000143198	319	0	319
ENSG00000143318	8	3	5
ENSG00000232188	0	0	0
ENSG00000232212	0	0	0
ENSG00000143621	2119	19	2109
ENSG00000241042	0	0	0
ENSG00000143155	640	3	637
ENSG00000260322	0	0	0
ENSG00000223495	0	0	0
ENSG00000143156	82	4	103
ENSG00000198771	6149	34	6294
ENSG00000225462	0	0	0
ENSG00000237756	0	0	0
ENSG00000116147	4	0	4
ENSG00000213064	1947	1	2184
ENSG00000203307	0	0	0
ENSG00000143179	184	0	225
ENSG00000271187	0	0	0
ENSG00000274562	0	0	0
ENSG00000143315	287	0	287
ENSG00000116199	1041	5	1036
ENSG00000231175	0	0	0
ENSG00000143185	121	0	121
ENSG00000235145	0	0	0
ENSG00000116260	1255	0	1255
ENSG00000272931	3	0	3
ENSG00000143190	841	2	928
ENSG00000225475	0	0	0
ENSG00000230898	0	0	0
ENSG00000232223	0	0	0
ENSG00000224698	0	0	0
ENSG00000287697	2	10	3
ENSG00000075945	441	1	476
ENSG00000235303	0	0	0
ENSG00000234810	2	0	2
ENSG00000232750	0	0	0
ENSG00000224468	0	0	0
ENSG00000235628	0	0	0
ENSG00000232551	0	0	0
ENSG00000092607	1	0	1
ENSG00000238270	0	0	0
ENSG00000285894	0	0	0
ENSG00000236025	0	0	0
ENSG00000230687	0	0	0
ENSG00000230704	0	0	0
ENSG00000283255	0	0	0
ENSG00000227741	4	109	6
ENSG00000237049	0	0	0
ENSG00000286754	0	0	0
ENSG00000232751	0	0	0
ENSG00000236364	0	37	0
ENSG00000117091	2556	7	6148
ENSG00000235378	0	0	0
ENSG00000143171	0	0	0
ENSG00000275767	0	0	0
ENSG00000224718	0	0	0
ENSG00000047410	4712	28	4881
ENSG00000231992	0	0	0
ENSG00000018625	0	0	0
ENSG00000171806	211	0	232
ENSG00000287919	0	0	0
ENSG00000229914	1	0	1
ENSG00000233882	0	0	0
ENSG00000198358	0	0	0
ENSG00000229407	0	0	0
ENSG00000134216	0	0	0
ENSG00000230748	0	0	0
ENSG00000254154	0	0	0
ENSG00000162694	75	0	75
ENSG00000238108	0	0	0
ENSG00000214262	0	238	0
ENSG00000183853	0	0	0
ENSG00000215835	7	0	7
ENSG00000118197	456	0	457
ENSG00000135842	4254	13	4241
ENSG00000229258	0	0	0
ENSG00000287472	0	0	0
ENSG00000241318	1	1	0
ENSG00000228238	0	0	0
ENSG00000232393	0	0	0
ENSG00000121454	16	51	0
ENSG00000184155	0	0	0
ENSG00000058085	0	0	0
ENSG00000260088	0	1	0
ENSG00000287978	46	0	46
ENSG00000116815	256	1	255
ENSG00000232917	1	0	1
ENSG00000233057	2	0	2
ENSG00000237131	0	0	0
ENSG00000233946	0	0	0
ENSG00000143167	401	0	401
ENSG00000143184	45	0	46
ENSG00000231966	2	0	2
ENSG00000176320	1	0	1
ENSG00000260976	0	0	0
ENSG00000235215	0	0	0
ENSG00000223450	0	0	0
ENSG00000224691	0	0	0
ENSG00000286572	0	0	0
ENSG00000235101	3	2	1
ENSG00000228215	2	0	2
ENSG00000177807	2	1	1
ENSG00000233626	2	2	0
ENSG00000233691	1	1	0
ENSG00000283518	0	0	0
ENSG00000271527	0	0	0
ENSG00000143228	37	2	38
ENSG00000235827	0	0	0
ENSG00000231615	0	0	0
ENSG00000231714	0	0	0
ENSG00000174514	37	5	41
ENSG00000143178	78	0	78
ENSG00000224837	0	0	0
ENSG00000116833	0	0	0
ENSG00000227740	2	0	3
ENSG00000260990	0	0	0
ENSG00000000457	447	21	567
ENSG00000143507	120	0	120
ENSG00000285638	0	0	0
ENSG00000226520	0	0	0
ENSG00000284592	0	0	0
ENSG00000230987	0	0	0
ENSG00000232527	0	0	0
ENSG00000215833	0	0	0
ENSG00000228167	0	0	0
ENSG00000225325	0	0	0
ENSG00000223344	0	0	0
ENSG00000228191	0	0	0
ENSG00000229961	77	0	77
ENSG00000150732	0	0	0
ENSG00000157064	3	0	3
ENSG00000288139	0	0	0
ENSG00000226015	21	4	17
ENSG00000215808	0	0	0
ENSG00000059588	695	2	693
ENSG00000231512	0	0	0
ENSG00000237379	0	0	0
ENSG00000232959	0	36	0
ENSG00000122224	1613	12	1601
ENSG00000162782	0	0	0
ENSG00000238051	0	0	0
ENSG00000233196	2	2	0
ENSG00000229220	0	0	0
ENSG00000143653	248	0	248
ENSG00000135837	2875	6	2869
ENSG00000158711	2889	7	2891
ENSG00000227747	0	0	0
ENSG00000228081	0	0	0
ENSG00000228020	0	0	0
ENSG00000234975	2	0	2
ENSG00000162851	211	0	211
ENSG00000271427	1	0	1
ENSG00000261817	0	0	0
ENSG00000143353	197	0	210
ENSG00000197965	937	0	937
ENSG00000143493	364	1	363
ENSG00000230777	1	4	0
ENSG00000179397	8	1	7
ENSG00000224540	0	0	0
ENSG00000117592	2143	0	2143
ENSG00000186197	22	0	22
ENSG00000229067	0	0	0
ENSG00000230231	0	0	0
ENSG00000227711	0	0	0
ENSG00000261182	0	0	0
ENSG00000228879	0	0	0
ENSG00000227925	0	0	0
ENSG00000162670	0	0	0
ENSG00000225712	0	0	0
ENSG00000162761	0	0	0
ENSG00000143199	0	0	0
ENSG00000179930	1	0	1
ENSG00000007908	1	1	0
ENSG00000092978	241	0	241
ENSG00000143499	391	0	391
ENSG00000188404	23105	38	23067
ENSG00000227735	0	0	0
ENSG00000243062	0	0	0
ENSG00000143196	0	0	0
ENSG00000228504	0	0	0
ENSG00000274702	0	0	0
ENSG00000226211	0	0	0
ENSG00000236942	0	0	0
ENSG00000287205	0	0	0
ENSG00000203697	4	0	4
ENSG00000116574	387	0	387
ENSG00000287929	0	0	0
ENSG00000186283	678	1	677
ENSG00000224896	0	0	0
ENSG00000226292	0	0	0
ENSG00000121481	505	1	504
ENSG00000227940	0	0	0
ENSG00000117139	1003	3	1000
ENSG00000143248	20	0	20
ENSG00000278455	0	0	0
ENSG00000224810	0	0	0
ENSG00000162814	0	0	0
ENSG00000225172	0	0	0
ENSG00000261642	0	0	0
ENSG00000228239	0	0	0
ENSG00000237283	0	0	0
ENSG00000116132	0	0	0
ENSG00000238042	1	0	1
ENSG00000271475	0	0	0
ENSG00000231877	0	0	0
ENSG00000116679	2706	1	2705
ENSG00000228536	0	0	0
ENSG00000230550	0	6	0
ENSG00000229242	0	0	0
ENSG00000253326	0	0	0
ENSG00000228470	0	0	0
ENSG00000152092	0	0	0
ENSG00000234984	0	0	0
ENSG00000231648	0	0	0
ENSG00000229983	0	0	0
ENSG00000215149	0	0	0
ENSG00000225122	0	0	0
ENSG00000225920	3	3	0
ENSG00000143476	55	0	55
ENSG00000121486	682	0	682
ENSG00000228437	0	0	0
ENSG00000214837	11	0	11
ENSG00000057252	1685	2	1683
ENSG00000225982	1	0	1
ENSG00000285718	0	0	0
ENSG00000234070	0	0	0
ENSG00000233620	0	0	0
ENSG00000237783	0	0	0
ENSG00000272906	3	3	9
ENSG00000233018	0	0	0
ENSG00000123685	33	0	33
ENSG00000224783	0	0	0
ENSG00000162852	1460	2	1458
ENSG00000232792	0	0	0
ENSG00000273004	2	0	2
ENSG00000143842	90	0	90
ENSG00000268062	5	5	0
ENSG00000237409	0	0	0
ENSG00000116962	366	1	365
ENSG00000288078	0	0	0
ENSG00000271399	0	0	0
ENSG00000229757	0	1	0
ENSG00000232679	0	0	0
ENSG00000159388	4300	4	4296
ENSG00000220749	28	0	28
ENSG00000181450	214	1	213
ENSG00000223519	12	6	17
ENSG00000120333	391	12	396
ENSG00000286285	18	0	18
ENSG00000225300	0	0	0
ENSG00000223842	3	3	0
ENSG00000162753	0	0	0
ENSG00000228247	0	0	0
ENSG00000231424	5	0	5
ENSG00000143355	0	0	0
ENSG00000287177	0	0	0
ENSG00000237193	0	0	0
ENSG00000223490	0	0	0
ENSG00000121644	644	0	644
ENSG00000174502	0	0	0
ENSG00000224286	0	0	0
ENSG00000158715	179	0	179
ENSG00000143195	5	1	4
ENSG00000162849	27	6	21
ENSG00000232824	0	0	0
ENSG00000273416	0	0	0
ENSG00000234142	2	0	2
ENSG00000282111	0	0	0
ENSG00000233410	1	0	1
ENSG00000067533	354	3	351
ENSG00000228955	0	0	0
ENSG00000270443	0	0	0
ENSG00000116209	2732	2	2730
ENSG00000224702	0	0	0
ENSG00000271811	0	0	0
ENSG00000224278	0	0	0
ENSG00000235492	0	0	0
ENSG00000287808	5	125	5
ENSG00000271588	0	0	0
ENSG00000229840	0	0	0
ENSG00000116161	1063	33	1058
ENSG00000226486	0	0	0
ENSG00000227687	0	0	0
ENSG00000231814	0	0	0
ENSG00000286210	0	0	0
ENSG00000287364	0	0	0
ENSG00000225063	0	1	0
ENSG00000260698	8	0	8
ENSG00000277007	2	0	2
ENSG00000229016	0	0	0
ENSG00000077157	759	2	765
ENSG00000152104	5	0	5
ENSG00000236975	1	0	1
ENSG00000215834	0	0	0
ENSG00000286541	0	0	0
ENSG00000117650	22	0	22
ENSG00000235021	0	0	0
ENSG00000203724	1	0	1
ENSG00000225006	0	0	0
ENSG00000287633	0	0	0
ENSG00000158764	0	0	0
ENSG00000223375	0	0	0
ENSG00000230714	0	0	0
ENSG00000261065	0	10	0
ENSG00000260855	5	1	4
ENSG00000188783	0	0	0
ENSG00000236206	0	0	0
ENSG00000168118	485	3	491
ENSG00000181101	0	0	0
ENSG00000173726	2158	2	2156
ENSG00000282852	0	0	0
ENSG00000152382	307	6	301
ENSG00000143839	0	0	0
ENSG00000232100	0	0	0
ENSG00000261024	0	0	0
ENSG00000230547	0	0	0
ENSG00000229703	0	0	0
ENSG00000176754	0	0	0
ENSG00000232309	0	0	0
ENSG00000227953	3	9	5
ENSG00000232215	0	0	0
ENSG00000135829	4847	6	4966
ENSG00000228289	0	0	0
ENSG00000134717	920	1	919
ENSG00000232989	0	0	0
ENSG00000233537	0	0	0
ENSG00000116668	192	10	182
ENSG00000143756	874	1	873
ENSG00000278180	0	0	0
ENSG00000143702	739	1	856
ENSG00000232341	1	0	1
ENSG00000287676	2	0	2
ENSG00000236792	0	0	0
ENSG00000143207	1226	0	1228
ENSG00000270859	0	0	0
ENSG00000238224	0	0	0
ENSG00000286775	0	0	0
ENSG00000122176	0	0	0
ENSG00000229120	0	0	0
ENSG00000237492	0	0	0
ENSG00000230404	0	0	0
ENSG00000213036	0	0	0
ENSG00000227230	1	51	0
ENSG00000236230	0	0	0
ENSG00000026751	1274	2	1272
ENSG00000150681	1172	1	1517
ENSG00000116906	763	3	760
ENSG00000092969	8	0	8
ENSG00000157181	301	2	299
ENSG00000250762	0	0	0
ENSG00000236720	0	0	0
ENSG00000227421	0	0	0
ENSG00000227240	1	0	1
ENSG00000076258	57	0	57
ENSG00000286073	0	0	0
ENSG00000231084	2	2	0
ENSG00000232085	0	68	0
ENSG00000117697	747	0	747
ENSG00000279333	0	0	1
ENSG00000235083	0	0	0
ENSG00000162669	0	0	0
ENSG00000197067	0	0	0
ENSG00000229652	0	0	0
ENSG00000132681	4	0	4
ENSG00000225904	0	0	0
ENSG00000270920	0	0	0
ENSG00000281664	0	0	0
ENSG00000143641	996	3	1427
ENSG00000227630	4	0	4
ENSG00000228830	0	1096	1
ENSG00000010932	2	1	1
ENSG00000282849	0	0	0
ENSG00000276520	0	0	0
ENSG00000226640	0	0	0
ENSG00000010072	222	107	223
ENSG00000135766	198	3	195
ENSG00000232626	0	0	0
ENSG00000232096	0	0	0
ENSG00000279261	0	0	0
ENSG00000213051	0	0	0
ENSG00000238054	0	0	0
ENSG00000163534	1540	1	1539
ENSG00000168243	0	0	0
ENSG00000281453	0	0	0
ENSG00000237469	0	0	0
ENSG00000224939	1	0	1
ENSG00000227613	0	0	0
ENSG00000116183	1	0	1
ENSG00000270106	0	0	0
ENSG00000232194	0	0	0
ENSG00000235152	0	0	0
ENSG00000231612	1	0	1
ENSG00000237980	5	0	5
ENSG00000271036	0	0	0
ENSG00000230849	0	0	0
ENSG00000170382	76	74	3
ENSG00000228664	0	0	0
ENSG00000226868	0	0	0
ENSG00000279401	0	0	0
ENSG00000272362	0	0	0
ENSG00000287450	0	0	0
ENSG00000237011	0	0	0
ENSG00000233583	0	0	0
ENSG00000066027	2059	9	2050
ENSG00000286263	0	0	0
ENSG00000227006	0	0	0
ENSG00000236372	0	0	0
ENSG00000224525	0	0	0
ENSG00000188770	0	0	0
ENSG00000173728	2	2	0
ENSG00000094975	845	1	844
ENSG00000225811	0	0	0
ENSG00000273093	0	0	0
ENSG00000162772	30	0	30
ENSG00000227818	0	0	0
ENSG00000135828	806	1	805
ENSG00000224227	2	0	2
ENSG00000286398	0	0	0
ENSG00000076356	138	0	138
ENSG00000215819	0	0	0
ENSG00000185523	1	0	1
ENSG00000236108	2	2	0
ENSG00000116711	150	1	149
ENSG00000231684	1	0	1
ENSG00000226750	0	0	0
ENSG00000285665	7	0	7
ENSG00000231022	0	0	0
ENSG00000224436	0	0	0
ENSG00000228208	0	0	0
ENSG00000273384	1	0	1
ENSG00000238061	0	0	0
ENSG00000234915	0	0	0
ENSG00000143845	15	0	31
ENSG00000235862	0	0	0
ENSG00000069812	1	0	1
ENSG00000227585	0	0	0
ENSG00000157060	0	0	0
ENSG00000237213	0	0	0
ENSG00000236439	19	1	18
ENSG00000224260	0	0	0
ENSG00000213045	2	2	0
ENSG00000287220	0	0	0
ENSG00000230063	0	0	0
ENSG00000235467	0	0	0
ENSG00000123684	2585	2	2583
ENSG00000117707	1	0	1
ENSG00000228044	0	0	0
ENSG00000225338	0	0	0
ENSG00000224407	0	434	0
ENSG00000232463	0	0	0
ENSG00000237457	0	0	0
ENSG00000225171	3	0	3
ENSG00000226843	0	0	0
ENSG00000235386	0	0	0
ENSG00000123836	378	57	378
ENSG00000213690	0	0	0
ENSG00000223982	0	0	0
ENSG00000229832	1	0	1
ENSG00000117691	265	1	264
ENSG00000225233	1	0	1
ENSG00000274895	0	0	0
ENSG00000237514	0	0	0
ENSG00000287856	0	0	0
ENSG00000228067	0	0	0
ENSG00000284299	0	0	0
ENSG00000226375	0	0	0
ENSG00000203705	237	1	236
ENSG00000224040	0	0	0
ENSG00000228686	14	14	0
ENSG00000279838	10	2	8
ENSG00000174175	49	0	49
ENSG00000236401	0	0	0
ENSG00000241475	0	0	0
ENSG00000215800	0	0	0
ENSG00000286421	0	0	0
ENSG00000270936	0	0	0
ENSG00000008118	0	0	0
ENSG00000171161	877	3	874
ENSG00000241505	0	0	0
ENSG00000224535	0	0	0
ENSG00000282097	0	0	0
ENSG00000261453	0	0	0
ENSG00000231020	0	0	0
ENSG00000270818	0	0	0
ENSG00000196878	20	0	20
ENSG00000133059	891	0	891
ENSG00000225561	0	0	0
ENSG00000224668	0	0	0
ENSG00000242529	0	0	0
ENSG00000074964	544	0	544
ENSG00000223847	0	0	0
ENSG00000277704	0	0	0
ENSG00000116918	535	4	533
ENSG00000274020	68	0	93
ENSG00000287445	3	0	3
ENSG00000259815	0	0	0
ENSG00000240963	0	0	0
ENSG00000226570	0	0	0
ENSG00000198929	2	0	2
ENSG00000272167	0	0	0
ENSG00000230628	0	0	0
ENSG00000162771	0	0	0
ENSG00000227579	0	0	0
ENSG00000176393	772	1	1136
ENSG00000174606	666	1	665
ENSG00000179914	17	1	16
ENSG00000235750	3435	5	3430
ENSG00000284376	0	0	0
ENSG00000121446	0	0	0
ENSG00000226758	0	0	0
ENSG00000230199	0	0	0
ENSG00000236905	3	2	1
ENSG00000233304	0	0	0
ENSG00000288007	0	0	0
ENSG00000227887	0	0	0
ENSG00000116903	653	3	758
ENSG00000228255	0	0	0
ENSG00000226196	0	0	0
ENSG00000287354	0	3	0
ENSG00000233827	0	0	0
ENSG00000198797	0	0	0
ENSG00000271746	0	1	0
ENSG00000234233	0	0	0
ENSG00000151414	1780	0	1780
ENSG00000177614	1	0	1
ENSG00000223794	0	0	0
ENSG00000235182	0	0	0
ENSG00000213041	0	0	0
ENSG00000287157	0	0	0
ENSG00000233920	0	0	0
ENSG00000183831	0	0	0
ENSG00000225755	0	0	0
ENSG00000143858	23	29	2
ENSG00000197472	2	0	2
ENSG00000230184	0	0	0
ENSG00000234004	1	0	1
ENSG00000232436	0	0	0
ENSG00000231718	0	0	0
ENSG00000283952	0	0	0
ENSG00000230019	0	0	0
ENSG00000136643	447	1	446
ENSG00000232537	0	0	0
ENSG00000226036	0	0	0
ENSG00000285521	0	0	0
ENSG00000236317	1	0	1
ENSG00000176855	0	0	0
ENSG00000227728	0	0	0
ENSG00000133069	112	2	111
ENSG00000162877	12	0	12
ENSG00000233461	15	0	15
ENSG00000225401	1	0	1
ENSG00000228190	0	0	0
ENSG00000135747	1	0	1
ENSG00000227237	2	2	0
ENSG00000069248	1049	3	1046
ENSG00000232812	0	0	0
ENSG00000231666	0	0	0
ENSG00000226986	0	0	0
ENSG00000242042	0	0	0
ENSG00000234464	0	0	0
ENSG00000253148	0	0	0
ENSG00000227751	0	424	0
ENSG00000090104	31	0	31
ENSG00000285280	6	348	4
ENSG00000232892	0	0	0
ENSG00000236950	0	0	0
ENSG00000236468	0	0	0
ENSG00000143322	675	0	675
ENSG00000185220	183	0	183
ENSG00000226003	0	0	0
ENSG00000230813	0	0	0
ENSG00000226862	5	0	5
ENSG00000236101	0	0	0
ENSG00000162769	202	0	202
ENSG00000133065	582	0	582
ENSG00000278684	0	0	0
ENSG00000236775	0	0	0
ENSG00000042781	0	0	0
ENSG00000234754	0	0	0
ENSG00000233084	4	0	4
ENSG00000227815	1	0	1
ENSG00000287046	0	0	0
ENSG00000223774	0	0	0
ENSG00000228863	6	3598	7
ENSG00000228646	0	0	0
ENSG00000229112	0	0	0
ENSG00000233332	0	0	0
ENSG00000231984	0	0	0
ENSG00000286213	0	0	0
ENSG00000226876	0	0	0
ENSG00000277462	65	0	65
ENSG00000225591	1	0	1
ENSG00000035687	1150	1	1149
ENSG00000213080	0	0	0
ENSG00000180287	0	0	0
ENSG00000226693	0	0	0
ENSG00000234678	9	374	0
ENSG00000231272	0	0	0
ENSG00000223828	0	0	0
ENSG00000163431	3	0	3
ENSG00000230124	379	2	412
ENSG00000226723	0	0	0
ENSG00000272672	0	0	0
ENSG00000143473	0	1	0
ENSG00000228982	0	0	0
ENSG00000235096	0	0	0
ENSG00000237250	0	0	0
ENSG00000007341	63	17	104
ENSG00000286747	0	0	0
ENSG00000236069	0	0	0
ENSG00000236244	0	0	0
ENSG00000272865	0	0	0
ENSG00000117222	973	3	970
ENSG00000143324	582	0	582
ENSG00000229871	0	0	0
ENSG00000225222	0	0	0
ENSG00000118193	29	0	29
ENSG00000234116	0	0	0
ENSG00000231940	3	0	3
ENSG00000198842	1	0	1
ENSG00000286619	24	0	24
ENSG00000198756	52	0	52
ENSG00000259823	1	0	1
ENSG00000271558	0	0	0
ENSG00000227554	0	0	0
ENSG00000178596	0	0	0
ENSG00000135749	422	12	449
ENSG00000143786	14	3	16
ENSG00000224584	0	0	0
ENSG00000054282	267	24	280
ENSG00000183780	44	0	44
ENSG00000229663	0	0	0
ENSG00000162702	890	0	890
ENSG00000251508	0	0	0
ENSG00000238272	0	0	0
ENSG00000228530	0	0	0
ENSG00000235060	0	0	0
ENSG00000143194	0	0	0
ENSG00000229531	0	0	0
ENSG00000271329	0	0	0
ENSG00000054267	2257	22	2235
ENSG00000261831	0	0	0
ENSG00000287921	0	0	0
ENSG00000177800	0	0	0
ENSG00000225620	0	0	0
ENSG00000232166	0	0	0
ENSG00000175137	1149	1	1148
ENSG00000134245	8	47	7
ENSG00000234041	0	0	0
ENSG00000227373	7	0	7
ENSG00000231905	0	0	0
ENSG00000228175	1	0	1
ENSG00000069275	3597	13	3584
ENSG00000143674	88	0	88
ENSG00000237317	0	0	0
ENSG00000187889	0	0	0
ENSG00000134375	511	0	511
ENSG00000097046	180	1	179
ENSG00000232113	0	0	0
ENSG00000282718	0	0	0
ENSG00000231378	0	0	0
ENSG00000235605	0	1	1
ENSG00000223525	0	0	0
ENSG00000224857	0	0	0
ENSG00000273367	1	0	1
ENSG00000230604	0	0	0
ENSG00000231605	0	0	0
ENSG00000236358	2	1	3
ENSG00000203737	1	0	1
ENSG00000238003	0	0	0
ENSG00000215873	0	0	0
ENSG00000287008	0	0	0
ENSG00000185420	115	0	115
ENSG00000076321	458	1	457
ENSG00000272175	0	0	0
ENSG00000231564	0	0	0
ENSG00000135778	273	31	281
ENSG00000213070	0	0	0
ENSG00000282265	0	0	0
ENSG00000250536	0	0	0
ENSG00000229747	0	0	0
ENSG00000117280	1464	4	1460
ENSG00000233985	0	0	0
ENSG00000232175	0	0	0
ENSG00000287423	0	0	0
ENSG00000286774	0	0	0
ENSG00000236719	0	0	0
ENSG00000136636	142	0	142
ENSG00000225486	0	0	0
ENSG00000227043	0	0	0
ENSG00000163874	392	1	391
ENSG00000285777	0	0	0
ENSG00000237249	0	0	0
ENSG00000286109	0	0	0
ENSG00000213068	0	0	0
ENSG00000054392	63	0	66
ENSG00000227994	0	0	0
ENSG00000286552	0	0	0
ENSG00000225711	0	0	0
ENSG00000122223	848	26	822
ENSG00000235869	0	0	0
ENSG00000188739	12	0	12
ENSG00000286666	0	0	0
ENSG00000135750	2	0	2
ENSG00000273198	0	0	0
ENSG00000203730	0	0	0
ENSG00000225719	0	0	0
ENSG00000273483	0	0	0
ENSG00000287987	0	0	0
ENSG00000203729	0	0	0
ENSG00000232809	0	0	0
ENSG00000284623	0	0	0
ENSG00000285981	0	0	0
ENSG00000261729	0	0	0
ENSG00000223869	0	0	0
ENSG00000229228	0	0	0
ENSG00000215796	0	0	0
ENSG00000185221	0	0	0
ENSG00000233047	0	0	0
ENSG00000143341	4	0	4
ENSG00000228309	0	0	0
ENSG00000229739	10	0	10
ENSG00000116703	0	0	0
ENSG00000273874	0	0	0
ENSG00000278791	0	3	0
ENSG00000278757	2	0	2
ENSG00000264341	0	0	0
ENSG00000264101	0	0	0
ENSG00000265141	0	0	0
ENSG00000221083	0	0	0
ENSG00000252404	0	0	0
ENSG00000222511	0	0	0
ENSG00000265392	0	0	0
ENSG00000243267	0	0	0
ENSG00000201725	0	0	0
ENSG00000274258	0	0	0
ENSG00000239149	2	0	2
ENSG00000252151	0	0	0
ENSG00000252969	0	0	0
ENSG00000252417	0	0	0
ENSG00000200975	0	0	0
ENSG00000201609	0	0	0
ENSG00000238482	0	0	0
ENSG00000252956	0	0	0
ENSG00000265606	0	0	0
ENSG00000284357	0	0	0
ENSG00000278034	0	0	0
ENSG00000207237	0	0	0
ENSG00000222784	0	0	0
ENSG00000266210	0	0	0
ENSG00000265961	0	0	0
ENSG00000251866	0	0	0
ENSG00000252691	0	0	0
ENSG00000264371	0	0	0
ENSG00000253005	0	0	0
ENSG00000238316	0	0	0
ENSG00000207941	0	0	0
ENSG00000264773	0	0	0
ENSG00000252448	1	1	0
ENSG00000200421	0	0	0
ENSG00000222282	0	0	0
ENSG00000199963	0	0	0
ENSG00000264698	0	0	0
ENSG00000207328	0	0	0
ENSG00000207466	0	0	0
ENSG00000252368	0	0	0
ENSG00000206779	0	0	0
ENSG00000265596	0	0	0
ENSG00000212541	1	1	0
ENSG00000200796	0	0	0
ENSG00000252190	0	0	0
ENSG00000264613	0	0	0
ENSG00000199240	0	0	0
ENSG00000277168	0	0	0
ENSG00000283724	0	0	0
ENSG00000284410	0	0	0
ENSG00000252018	0	0	0
ENSG00000206627	0	0	0
ENSG00000283414	0	0	0
ENSG00000207508	0	0	0
ENSG00000200171	0	0	0
ENSG00000207194	0	0	0
ENSG00000283477	0	0	0
ENSG00000264834	0	0	0
ENSG00000263675	0	0	0
ENSG00000266188	0	0	0
ENSG00000206981	0	0	0
ENSG00000200174	0	0	0
ENSG00000265822	0	0	0
ENSG00000265815	0	0	0
ENSG00000238653	0	0	0
ENSG00000212624	0	0	0
ENSG00000200575	0	0	0
ENSG00000212360	0	0	0
ENSG00000242860	0	0	0
ENSG00000263908	0	0	0
ENSG00000283690	0	0	0
ENSG00000199921	0	0	0
ENSG00000251825	0	0	0
ENSG00000201153	0	0	0
ENSG00000222624	0	0	0
ENSG00000223152	0	0	0
ENSG00000212308	0	0	0
ENSG00000279049	0	12	0
ENSG00000276081	0	0	0
ENSG00000239640	0	0	0
ENSG00000252338	0	0	0
ENSG00000251785	0	0	0
ENSG00000239319	0	0	0
ENSG00000222849	0	0	0
ENSG00000283749	0	0	0
ENSG00000251958	0	0	0
ENSG00000251767	0	0	0
ENSG00000243437	0	0	0
ENSG00000202263	0	0	0
ENSG00000199318	0	0	0
ENSG00000199666	0	0	0
ENSG00000200601	0	0	0
ENSG00000242482	0	0	0
ENSG00000212366	0	0	0
ENSG00000201620	0	0	0
ENSG00000206817	0	0	0
ENSG00000284247	0	0	0
ENSG00000200839	0	0	0
ENSG00000264963	0	0	0
ENSG00000264271	0	0	0
ENSG00000239504	0	0	0
ENSG00000284202	0	0	0
ENSG00000251720	0	0	0
ENSG00000274321	0	0	0
ENSG00000198974	0	0	0
ENSG00000212248	1	0	1
ENSG00000207962	0	0	0
ENSG00000276884	0	0	0
ENSG00000207234	0	0	0
ENSG00000202259	0	0	0
ENSG00000212459	0	0	0
ENSG00000278287	0	0	0
ENSG00000277565	0	0	0
ENSG00000263526	0	0	0
ENSG00000211575	0	0	0
ENSG00000275823	0	0	0
ENSG00000277689	0	0	0
ENSG00000274199	0	0	0
ENSG00000202254	0	0	0
ENSG00000244256	0	0	0
ENSG00000201491	0	0	0
ENSG00000199831	0	0	0
ENSG00000275455	0	0	0
ENSG00000252162	0	0	0
ENSG00000272051	0	0	0
ENSG00000283899	0	0	0
ENSG00000200800	0	0	0
ENSG00000207502	0	0	0
ENSG00000252530	0	0	0
ENSG00000200536	0	0	0
ENSG00000211543	0	0	0
ENSG00000252797	0	0	0
ENSG00000212266	0	0	0
ENSG00000222209	0	0	0
ENSG00000277141	0	0	0
ENSG00000215930	0	0	0
ENSG00000238761	0	0	0
ENSG00000201114	0	0	0
ENSG00000206679	0	0	0
ENSG00000264419	0	0	0
ENSG00000222069	0	0	0
ENSG00000274428	0	0	0
ENSG00000199879	1	0	1
ENSG00000274408	0	0	0
ENSG00000283676	0	0	0
ENSG00000252005	0	0	0
ENSG00000252510	0	0	0
ENSG00000207340	2	1	1
ENSG00000252830	0	0	0
ENSG00000274450	0	0	0
ENSG00000252135	0	0	0
ENSG00000278596	0	0	0
ENSG00000238825	0	0	0
ENSG00000201183	0	0	0
ENSG00000202408	0	0	0
ENSG00000252744	0	0	0
ENSG00000273768	0	0	0
ENSG00000242565	0	0	0
ENSG00000239984	0	0	0
ENSG00000283296	0	0	0
ENSG00000252717	0	0	0
ENSG00000194297	0	0	0
ENSG00000199565	0	0	0
ENSG00000277313	0	0	0
ENSG00000274940	0	0	0
ENSG00000207341	0	0	0
ENSG00000207472	0	0	0
ENSG00000206880	0	0	0
ENSG00000252552	0	0	0
ENSG00000199849	0	0	0
ENSG00000252407	0	0	0
ENSG00000212538	0	0	0
ENSG00000251813	0	0	0
ENSG00000207108	0	0	0
ENSG00000201312	0	0	0
ENSG00000207039	0	0	0
ENSG00000202491	0	0	0
ENSG00000201596	0	0	0
ENSG00000276839	0	0	0
ENSG00000207974	0	0	0
ENSG00000273629	0	0	0
ENSG00000201493	0	0	0
ENSG00000215952	0	0	0
ENSG00000200139	0	0	0
ENSG00000283575	0	0	0
ENSG00000238765	0	0	0
ENSG00000264916	0	0	0
ENSG00000212338	0	0	0
ENSG00000206659	0	0	0
ENSG00000253025	0	0	0
ENSG00000201619	0	0	0
ENSG00000201544	0	0	0
ENSG00000202498	0	0	0
ENSG00000221545	0	0	0
ENSG00000252906	0	0	0
ENSG00000206692	0	0	0
ENSG00000202329	0	0	0
ENSG00000242794	0	0	0
ENSG00000212144	0	0	0
ENSG00000283340	0	0	0
ENSG00000252860	0	0	0
ENSG00000252501	0	0	0
ENSG00000263390	0	0	0
ENSG00000207181	0	0	0
ENSG00000265744	0	0	0
ENSG00000264377	1	0	1
ENSG00000207149	0	0	0
ENSG00000283936	0	0	0
ENSG00000284485	0	0	0
ENSG00000201638	0	0	0
ENSG00000275213	0	0	0
ENSG00000239494	2	0	2
ENSG00000212230	0	0	0
ENSG00000252371	0	0	0
ENSG00000199442	0	0	0
ENSG00000200033	1	0	1
ENSG00000239690	0	0	0
ENSG00000202184	0	0	0
ENSG00000241395	0	0	0
ENSG00000200982	0	0	0
ENSG00000275207	0	0	0
ENSG00000202300	0	0	0
ENSG00000222407	0	0	0
ENSG00000222986	0	0	0
ENSG00000265435	0	0	0
ENSG00000272262	0	0	0
ENSG00000200495	0	0	0
ENSG00000202609	0	0	0
ENSG00000252553	0	0	0
ENSG00000206764	0	0	0
ENSG00000222240	0	0	0
ENSG00000212187	0	0	0
ENSG00000206637	0	0	0
ENSG00000253097	0	0	0
ENSG00000200036	0	0	0
ENSG00000201421	0	0	0
ENSG00000212610	0	0	0
ENSG00000252484	0	0	0
ENSG00000201944	1	0	1
ENSG00000200327	0	0	0
ENSG00000206905	0	0	0
ENSG00000200972	0	0	0
ENSG00000243051	0	0	0
ENSG00000252011	0	0	0
ENSG00000207326	0	0	0
ENSG00000212205	0	0	0
ENSG00000253042	0	0	0
ENSG00000274121	0	0	0
ENSG00000264358	0	0	0
ENSG00000206640	0	0	0
ENSG00000212527	0	0	0
ENSG00000252879	0	0	0
ENSG00000252612	0	0	0
ENSG00000202264	0	0	0
ENSG00000285609	0	0	0
ENSG00000206762	1	0	1
ENSG00000252084	0	0	0
ENSG00000200085	0	0	0
ENSG00000264500	3	3	0
ENSG00000202025	0	0	0
ENSG00000225545	0	0	0
ENSG00000206990	0	0	0
ENSG00000230175	0	0	0
ENSG00000225272	1	1	0
ENSG00000215838	1	0	1
ENSG00000273365	0	0	0
ENSG00000224358	3	0	4
ENSG00000230659	0	0	0
ENSG00000162545	47	0	47
ENSG00000090432	597	0	597
ENSG00000215520	0	0	0
ENSG00000183114	0	0	0
ENSG00000158825	980	2	978
ENSG00000158828	246	123	852
ENSG00000284005	0	0	0
ENSG00000117242	55	612	172
ENSG00000234473	1	0	1
ENSG00000238754	0	0	0
ENSG00000134371	938	1	937
ENSG00000221680	0	0	0
ENSG00000162630	53	0	53
ENSG00000276735	0	0	0
ENSG00000232077	0	0	0
ENSG00000229639	0	0	0
ENSG00000287453	0	0	0
ENSG00000270615	0	0	0
ENSG00000287283	0	0	0
ENSG00000240692	0	0	0
ENSG00000229359	0	0	0
ENSG00000237919	0	0	0
ENSG00000066557	332	0	332
ENSG00000244389	0	0	0
ENSG00000228988	0	0	0
ENSG00000118454	506	3	504
ENSG00000226088	0	0	0
ENSG00000116761	26	0	26
ENSG00000278636	0	0	0
ENSG00000271992	0	0	0
ENSG00000233020	0	0	0
ENSG00000237033	0	0	0
ENSG00000226208	0	0	0
ENSG00000007968	230	0	230
ENSG00000235052	3	0	3
ENSG00000117318	642	1	641
ENSG00000285802	10	1	9
ENSG00000229239	0	0	0
ENSG00000142676	30233	235	29999
ENSG00000057757	763	0	763
ENSG00000011009	1061	0	1061
ENSG00000117308	109	0	109
ENSG00000273844	0	0	0
ENSG00000235748	0	0	0
ENSG00000237861	0	0	0
ENSG00000221879	0	0	0
ENSG00000230260	0	0	0
ENSG00000199241	0	0	0
ENSG00000226919	0	0	0
ENSG00000223963	0	0	0
ENSG00000215802	0	0	0
ENSG00000233615	0	0	0
ENSG00000238085	0	0	0
ENSG00000265831	0	0	0
ENSG00000224348	0	0	0
ENSG00000286496	1	0	1
ENSG00000287516	1	0	1
ENSG00000287738	0	0	0
ENSG00000132703	0	0	0
ENSG00000276632	0	0	0
ENSG00000223603	0	0	0
ENSG00000132693	0	0	0
ENSG00000235226	0	0	0
ENSG00000158716	156	0	156
ENSG00000181036	390	4	386
ENSG00000158714	26	15	107
ENSG00000212161	0	0	0
ENSG00000243284	0	0	1
ENSG00000272668	18	1	18
ENSG00000213085	14	0	14
ENSG00000266458	0	0	0
ENSG00000287040	0	0	0
ENSG00000279430	0	0	0
ENSG00000162723	3	1	2
ENSG00000273933	0	0	0
ENSG00000256029	2	24	8
ENSG00000188004	0	0	0
ENSG00000266580	0	0	0
ENSG00000254545	0	5	0
ENSG00000203620	0	0	0
ENSG00000269967	0	0	0
ENSG00000228634	2	3	0
ENSG00000284702	0	0	0
ENSG00000221040	0	0	0
ENSG00000287217	0	0	0
ENSG00000163399	3178	29	8179
ENSG00000212385	0	0	0
ENSG00000233154	2	0	2
ENSG00000230381	0	0	0
ENSG00000200547	0	0	0
ENSG00000224950	12	0	13
ENSG00000286276	5	6	0
ENSG00000177888	476	2	474
ENSG00000243364	91	0	91
ENSG00000251246	0	0	0
ENSG00000143590	18	0	18
ENSG00000202027	0	0	0
ENSG00000169242	67	0	67
ENSG00000169241	486	1	485
ENSG00000223452	0	0	0
ENSG00000163463	30	0	30
ENSG00000273088	0	0	0
ENSG00000284586	0	0	0
ENSG00000169231	87	4	188
ENSG00000236263	0	16	1
ENSG00000236675	54	53	1
ENSG00000177628	649	0	649
ENSG00000116521	908	0	908
ENSG00000176444	851	1	850
ENSG00000143630	20	1	22
ENSG00000143627	0	3	0
ENSG00000253074	0	0	0
ENSG00000252116	0	0	0
ENSG00000228523	0	0	0
ENSG00000223263	0	0	0
ENSG00000207504	0	0	0
ENSG00000238139	0	0	0
ENSG00000197721	2	0	2
ENSG00000244703	0	0	0
ENSG00000226289	0	0	0
ENSG00000285239	0	0	0
ENSG00000234219	3	2	1
ENSG00000174059	18	0	18
ENSG00000285719	0	0	0
ENSG00000284237	1	0	1
ENSG00000158731	0	0	0
ENSG00000201746	0	0	0
ENSG00000264881	0	0	0
ENSG00000199562	0	0	0
ENSG00000264501	0	0	0
ENSG00000284735	1	1	0
ENSG00000284642	1	0	1
ENSG00000142657	3346	11	3335
ENSG00000271989	0	2	0
ENSG00000251503	0	0	0
ENSG00000175279	5	0	5
ENSG00000160049	649	0	804
ENSG00000203469	0	83	0
ENSG00000236035	0	0	0
ENSG00000221643	0	0	0
ENSG00000122188	667	0	667
ENSG00000288644	0	0	0
ENSG00000227417	0	0	0
ENSG00000223505	0	0	0
ENSG00000182004	559	2	557
ENSG00000236430	0	0	0
ENSG00000130768	5	0	7
ENSG00000227050	0	4	0
ENSG00000238231	1	1	0
ENSG00000240750	0	0	0
ENSG00000158156	522	0	524
ENSG00000182118	53	0	53
ENSG00000283799	0	0	0
ENSG00000227934	0	0	0
ENSG00000229595	0	0	0
ENSG00000143633	234	0	234
ENSG00000281912	4	0	5
ENSG00000288208	0	0	0
ENSG00000132773	145	24	176
ENSG00000070759	165	6	170
ENSG00000236872	0	0	0
ENSG00000280670	21	0	21
ENSG00000132763	102	693	116
ENSG00000221953	0	0	0
ENSG00000226164	0	0	0
ENSG00000224014	1	0	1
ENSG00000215795	1	1	0
ENSG00000259865	68	0	68
ENSG00000227671	500	2	498
ENSG00000283881	0	0	0
ENSG00000252516	4	0	4
ENSG00000232347	0	0	0
ENSG00000214144	1	1	0
ENSG00000235818	0	0	0
ENSG00000197617	0	0	0
ENSG00000202079	1	1	0
ENSG00000286216	0	0	0
ENSG00000203664	0	0	0
ENSG00000169224	64	0	69
ENSG00000236817	0	5	0
ENSG00000177489	0	0	0
ENSG00000177476	0	0	0
ENSG00000283369	0	0	0
ENSG00000230411	0	0	0
ENSG00000251977	0	0	0
ENSG00000252254	0	0	0
ENSG00000227854	0	0	0
ENSG00000287589	0	0	0
ENSG00000259776	0	0	0
ENSG00000233355	487	1	492
ENSG00000234601	0	0	0
ENSG00000231979	0	0	0
ENSG00000215805	0	0	0
ENSG00000287102	0	0	0
ENSG00000217327	0	0	0
ENSG00000228818	0	0	0
ENSG00000202041	0	0	0
ENSG00000223694	0	0	0
ENSG00000233735	0	0	0
ENSG00000133019	5	6	5
ENSG00000162636	778	2	776
ENSG00000162639	351	1	350
ENSG00000285923	2	0	2
ENSG00000134186	1830	67	1763
ENSG00000143107	1	0	1
ENSG00000232971	0	0	0
ENSG00000116266	1160	1	1159
ENSG00000228076	0	0	0
ENSG00000203897	0	0	0
ENSG00000237349	0	0	0
ENSG00000244716	33	1	32
ENSG00000228665	2	0	2
ENSG00000228054	0	0	0
ENSG00000273382	10	96	10
ENSG00000215717	1370	4	1462
ENSG00000278249	0	0	0
ENSG00000270066	0	0	0
ENSG00000251484	0	0	0
ENSG00000132676	1707	108	1706
ENSG00000227673	0	0	0
ENSG00000203761	78	44	58
ENSG00000234937	0	0	0
ENSG00000132718	575	3	572
ENSG00000283442	0	0	0
ENSG00000143622	1100	2	1098
ENSG00000132680	1007	3	1004
ENSG00000207475	1	0	1
ENSG00000280466	0	0	0
ENSG00000281394	0	0	0
ENSG00000277817	0	0	0
ENSG00000273002	11	0	12
ENSG00000224276	0	0	0
ENSG00000285677	1	1558	1
ENSG00000163479	2897	3	4451
ENSG00000160803	793	0	794
ENSG00000132698	5	0	5
ENSG00000252236	0	0	0
ENSG00000260238	0	0	0
ENSG00000242252	3	0	3
ENSG00000198952	1977	5	1972
ENSG00000163472	119	134	133
ENSG00000163468	2986	4	2982
ENSG00000132677	0	0	0
ENSG00000237390	0	0	0
ENSG00000207933	0	0	0
ENSG00000254726	0	0	0
ENSG00000186377	0	0	0
ENSG00000186160	0	0	0
ENSG00000225154	0	0	0
ENSG00000225506	0	0	0
ENSG00000225514	0	0	0
ENSG00000224805	2	0	5
ENSG00000162366	119	0	119
ENSG00000226252	4	15	1
ENSG00000225762	0	0	0
ENSG00000186790	0	0	0
ENSG00000237424	43	1	42
ENSG00000189030	0	0	0
ENSG00000162763	0	0	0
ENSG00000143061	6	0	6
ENSG00000135821	4536	9	4527
ENSG00000203740	0	0	0
ENSG00000162374	1	0	1
ENSG00000168275	123	15	171
ENSG00000241563	0	0	0
ENSG00000153207	2160	7	2153
ENSG00000156869	47	0	47
ENSG00000033122	11	5	6
ENSG00000143278	0	0	0
ENSG00000116678	78	0	78
ENSG00000159352	1906	6	1900
ENSG00000158710	10056	10	10046
ENSG00000162734	1607	11	1707
ENSG00000049239	1873	0	1873
ENSG00000186564	7	0	7
ENSG00000244038	3232	1	3231
ENSG00000158747	53	0	53
ENSG00000116690	11	200	8
ENSG00000126091	17	0	17
ENSG00000162383	17	0	17
ENSG00000171163	268	2	266
ENSG00000172456	39	1	38
ENSG00000162946	527	0	527
ENSG00000158786	0	0	0
ENSG00000118733	0	0	0
ENSG00000157870	371	7	462
ENSG00000179085	120	0	120
ENSG00000173080	0	0	0
ENSG00000183347	8	0	8
ENSG00000276470	0	0	0
ENSG00000278852	0	0	0
ENSG00000275915	0	0	0
ENSG00000120937	0	0	0
ENSG00000224904	0	0	0
ENSG00000285646	2	2	0
ENSG00000199347	0	0	0
ENSG00000201801	0	0	0
ENSG00000116685	1191	1	1190
ENSG00000083444	802	1	801
ENSG00000287384	0	0	0
ENSG00000270914	0	0	0
ENSG00000116691	415	0	415
ENSG00000202461	1	1	0
ENSG00000276869	0	0	0
ENSG00000243539	0	0	0
ENSG00000120949	257	1	256
ENSG00000201135	0	0	0
ENSG00000227875	0	0	0
ENSG00000285604	0	0	0
ENSG00000283789	0	0	0
ENSG00000263676	0	0	0
ENSG00000200591	2	2	0
ENSG00000162521	2102	9	2952
ENSG00000162520	1	853	7
ENSG00000224409	0	0	0
ENSG00000162522	76	2	74
ENSG00000116497	666	1	688
ENSG00000160097	3	3	0
ENSG00000121905	0	0	0
ENSG00000121900	0	0	0
ENSG00000287691	6	10	0
ENSG00000278966	4	4	0
ENSG00000143222	969	2	1249
ENSG00000224985	5	285	2
ENSG00000143224	181	48	190
ENSG00000158850	847	11	887
ENSG00000158859	32	5	27
ENSG00000158869	3467	7	3460
ENSG00000158874	0	0	0
ENSG00000158882	158	0	237
ENSG00000284035	0	0	0
ENSG00000143257	4	83	0
ENSG00000248485	6	4	2
ENSG00000188931	53	55	2
ENSG00000236484	0	0	0
ENSG00000283696	22	0	22
ENSG00000288093	7	0	7
ENSG00000206921	0	0	0
ENSG00000215840	1	0	1
ENSG00000277882	0	0	0
ENSG00000283317	4	3	1
ENSG00000277762	0	0	0
ENSG00000227139	0	0	0
ENSG00000265107	0	0	0
ENSG00000274415	0	0	0
ENSG00000234190	0	0	0
ENSG00000223728	0	0	0
ENSG00000121634	0	0	0
ENSG00000188092	68	0	68
ENSG00000215859	2	2	0
ENSG00000273059	0	0	0
ENSG00000274372	2	0	2
ENSG00000206791	0	0	0
ENSG00000206585	0	0	0
ENSG00000229828	2	0	2
ENSG00000225080	1	1	0
ENSG00000198658	0	0	0
ENSG00000238382	0	0	0
ENSG00000225919	0	0	0
ENSG00000236497	0	0	0
ENSG00000207190	0	0	0
ENSG00000200508	0	0	0
ENSG00000284928	0	0	0
ENSG00000223949	0	0	0
ENSG00000116688	1609	2	1607
ENSG00000188800	0	0	0
ENSG00000084073	846	2	846
ENSG00000231296	0	2	0
ENSG00000049089	144	1	143
ENSG00000227311	0	0	0
ENSG00000213172	0	0	0
ENSG00000284677	0	0	0
ENSG00000187801	45	1	44
ENSG00000260920	47	1	46
ENSG00000158887	44	1	43
ENSG00000255054	0	0	0
ENSG00000228172	4	217	9
ENSG00000117640	321	6	466
ENSG00000272478	0	0	0
ENSG00000127423	12	15	6
ENSG00000182749	142	5	213
ENSG00000207302	0	0	0
ENSG00000117632	906	4	902
ENSG00000229786	0	0	0
ENSG00000223624	0	0	0
ENSG00000283938	0	0	0
ENSG00000199385	0	0	0
ENSG00000187147	1108	16	1773
ENSG00000263381	0	0	0
ENSG00000126106	47	674	54
ENSG00000198520	302	6	296
ENSG00000199377	0	0	0
ENSG00000200169	0	0	0
ENSG00000142945	46	4	48
ENSG00000142937	18596	78	20803
ENSG00000264294	0	0	0
ENSG00000200913	1	0	1
ENSG00000202031	0	0	0
ENSG00000207421	0	0	0
ENSG00000281859	0	0	0
ENSG00000234093	2	2	0
ENSG00000142959	10	0	10
ENSG00000173846	318	1	336
ENSG00000117425	13	0	13
ENSG00000202444	0	0	0
ENSG00000226499	0	0	0
ENSG00000070785	231	0	231
ENSG00000253039	0	0	0
ENSG00000229815	0	0	0
ENSG00000232369	0	0	0
ENSG00000268949	0	0	0
ENSG00000126107	714	0	722
ENSG00000126088	537	10	535
ENSG00000234315	0	0	0
ENSG00000162408	624	0	624
ENSG00000229519	0	0	0
ENSG00000173662	0	0	0
ENSG00000204859	425	4	421
ENSG00000288629	0	0	0
ENSG00000230735	0	5	0
ENSG00000171488	2368	2	2366
ENSG00000226394	0	0	0
ENSG00000237200	4	0	4
ENSG00000070886	0	0	0
ENSG00000276835	0	0	0
ENSG00000265422	0	0	0
ENSG00000223776	4	55	6
ENSG00000273058	15	0	15
ENSG00000230325	1	2	5
ENSG00000119285	1110	605	1293
ENSG00000226498	0	0	0
ENSG00000237991	0	0	0
ENSG00000244020	0	0	0
ENSG00000288099	0	0	0
ENSG00000225886	5	5	1
ENSG00000206767	0	0	0
ENSG00000226662	0	0	0
ENSG00000207095	0	0	0
ENSG00000287244	0	0	0
ENSG00000231344	0	0	0
ENSG00000230833	0	0	0
ENSG00000117758	673	2	671
ENSG00000269971	0	0	0
ENSG00000270031	2	0	2
ENSG00000223062	0	0	0
ENSG00000286433	0	68	0
ENSG00000117751	1061	5	1124
ENSG00000252947	0	0	0
ENSG00000130775	4242	8	4234
ENSG00000117748	1689	22	1667
ENSG00000223643	0	0	0
ENSG00000230239	0	0	0
ENSG00000263811	0	0	0
ENSG00000277234	0	0	0
ENSG00000235241	0	98	0
ENSG00000207005	0	0	0
ENSG00000272426	0	0	0
ENSG00000117122	0	0	0
ENSG00000286898	0	0	0
ENSG00000226526	0	85	0
ENSG00000159363	812	0	860
ENSG00000117118	893	3	890
ENSG00000117115	1661	3	1658
ENSG00000204362	0	0	0
ENSG00000282843	0	0	0
ENSG00000142623	0	0	0
ENSG00000142619	0	0	0
ENSG00000266634	0	0	0
ENSG00000199459	0	0	0
ENSG00000273264	0	0	0
ENSG00000282057	1	0	1
ENSG00000272691	0	0	0
ENSG00000199934	0	0	0
ENSG00000230285	0	0	0
ENSG00000142871	1	1	0
ENSG00000226643	0	0	0
ENSG00000234419	0	0	0
ENSG00000276997	4	0	4
ENSG00000222399	0	0	0
ENSG00000267305	0	0	0
ENSG00000143512	1	0	1
ENSG00000143498	135	0	141
ENSG00000225265	9	6	9
ENSG00000154305	1690	75	1924
ENSG00000229399	1	1	0
ENSG00000272750	15	305	16
ENSG00000186063	902	39	888
ENSG00000162819	934	2	954
ENSG00000287684	0	16	0
ENSG00000234523	0	0	0
ENSG00000287338	0	0	0
ENSG00000187554	444	21	423
ENSG00000236846	0	0	0
ENSG00000226601	0	0	0
ENSG00000164010	185	9	303
ENSG00000164011	130	1	129
ENSG00000233708	0	0	0
ENSG00000237090	0	0	0
ENSG00000225099	0	0	0
ENSG00000284138	3	0	3
ENSG00000283973	0	2	0
ENSG00000207256	0	0	0
ENSG00000283136	0	0	0
ENSG00000277513	0	0	0
ENSG00000154309	159	0	159
ENSG00000226967	0	0	0
ENSG00000231407	0	2	0
ENSG00000229570	0	0	0
ENSG00000203857	0	0	0
ENSG00000226443	0	0	0
ENSG00000249798	0	0	0
ENSG00000239873	0	0	0
ENSG00000203855	0	0	0
ENSG00000240244	0	0	0
ENSG00000260941	3	0	3
ENSG00000198857	2	2	0
ENSG00000143067	80	0	80
ENSG00000134240	0	0	0
ENSG00000134193	41	0	41
ENSG00000215864	0	0	0
ENSG00000227205	0	0	0
ENSG00000226446	0	0	0
ENSG00000134249	0	0	0
ENSG00000092621	212	0	212
ENSG00000027644	0	0	0
ENSG00000241992	0	0	0
ENSG00000234226	0	0	0
ENSG00000137970	140	0	140
ENSG00000223229	0	0	0
ENSG00000285698	0	0	0
ENSG00000228035	0	0	0
ENSG00000287103	0	0	0
ENSG00000226973	0	0	0
ENSG00000274468	0	0	0
ENSG00000130764	680	15	766
ENSG00000266075	2	2	0
ENSG00000272153	15	116	0
ENSG00000230026	0	0	0
ENSG00000285177	0	1	0
ENSG00000284770	9	124	8
ENSG00000229795	0	0	0
ENSG00000238236	0	0	0
ENSG00000235638	0	0	0
ENSG00000231199	0	0	0
ENSG00000226663	0	0	0
ENSG00000231582	0	0	0
ENSG00000232714	0	0	0
ENSG00000235761	0	0	0
ENSG00000270710	0	0	0
ENSG00000227236	0	0	0
ENSG00000198837	3239	4	3436
ENSG00000160741	1473	1	1472
ENSG00000276584	0	0	0
ENSG00000282386	4	0	4
ENSG00000273026	3	1	2
ENSG00000143578	93	19	113
ENSG00000143543	138	6	155
ENSG00000285641	0	4	3
ENSG00000143545	8	0	8
ENSG00000177954	35709	46	35663
ENSG00000231416	1	1	0
ENSG00000200220	0	0	0
ENSG00000231837	0	0	0
ENSG00000263987	0	0	0
ENSG00000162642	296	0	296
ENSG00000223254	1	1	0
ENSG00000223653	4	48	4
ENSG00000116198	776	5	774
ENSG00000169598	243	0	246
ENSG00000226653	0	0	0
ENSG00000207209	0	0	0
ENSG00000272443	0	0	0
ENSG00000272480	0	0	0
ENSG00000288626	0	0	0
ENSG00000162836	149	1	148
ENSG00000207080	0	0	0
ENSG00000231791	0	0	0
ENSG00000244568	0	0	0
ENSG00000271387	1	0	1
ENSG00000116667	243	1	242
ENSG00000230470	0	0	0
ENSG00000232036	2	0	2
ENSG00000285847	0	0	0
ENSG00000286378	0	0	0
ENSG00000215381	0	0	0
ENSG00000261326	39	0	39
ENSG00000284726	6	6	0
ENSG00000125945	258	2	261
ENSG00000201405	0	0	0
ENSG00000271420	5	0	5
ENSG00000204219	266	0	266
ENSG00000232482	0	0	0
ENSG00000285779	0	0	0
ENSG00000162885	228	56	404
ENSG00000270780	0	0	0
ENSG00000232895	0	0	0
ENSG00000273698	0	0	0
ENSG00000273112	7	0	7
ENSG00000173110	760	4	756
ENSG00000224203	0	0	0
ENSG00000224515	0	0	0
ENSG00000225217	155	0	155
ENSG00000231586	0	0	0
ENSG00000234211	1	49	0
ENSG00000213075	1	1	0
ENSG00000143125	0	0	0
ENSG00000270380	0	0	0
ENSG00000282887	0	0	0
ENSG00000283999	0	0	0
ENSG00000240194	0	0	0
ENSG00000235407	0	0	0
ENSG00000143105	0	0	0
ENSG00000199710	0	0	0
ENSG00000237415	0	0	0
ENSG00000232791	0	0	0
ENSG00000177301	36	0	36
ENSG00000226828	0	0	1
ENSG00000279774	0	0	0
ENSG00000229960	0	0	0
ENSG00000286486	0	0	0
ENSG00000244066	0	0	0
ENSG00000237759	0	0	0
ENSG00000287531	0	0	0
ENSG00000225855	29	597	11
ENSG00000283701	0	0	0
ENSG00000207134	0	0	0
ENSG00000227773	0	0	0
ENSG00000207144	0	0	0
ENSG00000237872	0	0	0
ENSG00000271267	4	4	0
ENSG00000225082	0	0	0
ENSG00000223503	1	1	0
ENSG00000232519	0	0	0
ENSG00000160752	361	9	930
ENSG00000121957	63	256	110
ENSG00000235089	1	0	1
ENSG00000285179	0	0	0
ENSG00000223026	0	0	0
ENSG00000225721	1	2280	17
ENSG00000188396	5	22	2
ENSG00000202167	0	0	0
ENSG00000207349	0	0	0
ENSG00000252826	0	0	0
ENSG00000206737	0	0	0
ENSG00000223779	0	0	0
ENSG00000242352	0	0	0
ENSG00000270962	0	0	0
ENSG00000263590	0	0	0
ENSG00000252105	0	0	0
ENSG00000233430	0	0	0
ENSG00000237503	0	0	0
ENSG00000265531	15	0	20
ENSG00000234571	2	7	0
ENSG00000230186	0	3	0
ENSG00000268074	0	0	0
ENSG00000270872	5	0	5
ENSG00000276674	0	0	0
ENSG00000082482	0	0	0
ENSG00000116747	749	15	865
ENSG00000118729	0	0	0
ENSG00000134207	2	0	2
ENSG00000163467	2	0	2
ENSG00000243710	0	0	0
ENSG00000117395	479	0	479
ENSG00000116874	163	7	173
ENSG00000065600	209	0	209
ENSG00000009780	175	0	175
ENSG00000023572	212	124	179
ENSG00000077254	1504	1	1503
ENSG00000134644	2458	4	2454
ENSG00000215788	503	2	555
ENSG00000117834	20	3	18
ENSG00000117625	774	1	773
ENSG00000179902	0	0	0
ENSG00000020633	3775	4	3771
ENSG00000121766	328	3	458
ENSG00000143157	1512	3	1509
ENSG00000162614	74	1	73
ENSG00000160781	21	0	21
ENSG00000143344	126	0	126
ENSG00000162613	2143	7	2137
ENSG00000116882	0	0	0
ENSG00000198758	1	0	1
ENSG00000117569	248	0	248
ENSG00000142856	141	70	141
ENSG00000158022	0	0	0
ENSG00000116396	115	1	114
ENSG00000058668	3760	4	3756
ENSG00000163875	1100	0	1100
ENSG00000282872	0	0	0
ENSG00000131238	5820	7	5814
ENSG00000171680	59	1	58
ENSG00000244457	0	0	0
ENSG00000116977	1243	247	1956
ENSG00000229372	0	145	0
ENSG00000274975	0	0	0
ENSG00000229348	1	0	1
ENSG00000242485	506	21	602
ENSG00000264293	0	0	0
ENSG00000272455	20	0	20
ENSG00000225905	0	0	0
ENSG00000225285	0	0	0
ENSG00000179403	0	0	0
ENSG00000215915	22	0	22
ENSG00000236085	0	0	0
ENSG00000234441	0	0	0
ENSG00000227408	0	0	0
ENSG00000223635	0	0	0
ENSG00000135776	474	1	473
ENSG00000199672	1	0	1
ENSG00000201492	0	0	0
ENSG00000229367	0	0	0
ENSG00000135763	396	0	396
ENSG00000213028	0	0	0
ENSG00000225984	0	0	0
ENSG00000178828	0	0	0
ENSG00000235434	0	0	0
ENSG00000169914	164	1	163
ENSG00000188784	0	0	0
ENSG00000242688	0	0	0
ENSG00000177186	0	0	0
ENSG00000177174	0	0	0
ENSG00000269956	6	132	0
ENSG00000162456	0	0	0
ENSG00000079277	562	0	687
ENSG00000117407	0	0	0
ENSG00000237950	3	0	3
ENSG00000117408	517	0	517
ENSG00000285649	0	71	0
ENSG00000117410	1848	1	1847
ENSG00000159214	24	0	31
ENSG00000196517	7	7	7
ENSG00000227163	0	0	0
ENSG00000271647	0	0	0
ENSG00000239560	0	0	0
ENSG00000196539	0	0	0
ENSG00000229255	3	0	3
ENSG00000203661	0	0	0
ENSG00000271934	0	0	0
ENSG00000224521	0	0	0
ENSG00000227102	0	0	0
ENSG00000183310	1	0	1
ENSG00000201602	0	0	0
ENSG00000271701	0	0	0
ENSG00000189181	0	0	0
ENSG00000187238	0	0	0
ENSG00000185962	0	0	0
ENSG00000226947	0	0	0
ENSG00000285753	0	0	0
ENSG00000187223	0	0	0
ENSG00000159455	0	0	0
ENSG00000187173	0	0	0
ENSG00000204501	0	0	0
ENSG00000228229	0	0	0
ENSG00000204481	0	0	0
ENSG00000204479	0	0	0
ENSG00000172031	3	0	3
ENSG00000233228	0	0	0
ENSG00000224678	0	0	0
ENSG00000233401	0	0	0
ENSG00000273487	5	0	5
ENSG00000226773	0	0	0
ENSG00000274481	0	0	0
ENSG00000228594	93	0	93
ENSG00000286989	14	0	14
ENSG00000272106	44	3	45
ENSG00000189409	1	0	1
ENSG00000272004	0	145	1
ENSG00000189339	1727	5	1868
ENSG00000269737	15	14	1
ENSG00000215914	1	0	1
ENSG00000008128	32	2	30
ENSG00000268575	29	0	51
ENSG00000227775	291	320	0
ENSG00000008130	3918	7	3911
ENSG00000078369	7350	10	7340
ENSG00000178821	0	0	0
ENSG00000158477	84	1	83
ENSG00000230942	0	0	0
ENSG00000158481	424	1	423
ENSG00000158485	13	0	13
ENSG00000158488	44	0	44
ENSG00000186306	0	0	0
ENSG00000203758	0	0	0
ENSG00000236257	0	0	0
ENSG00000236656	0	0	0
ENSG00000198703	0	0	0
ENSG00000227445	0	0	0
ENSG00000231434	0	0	0
ENSG00000117505	2094	7	2149
ENSG00000229635	1	1	0
ENSG00000207379	0	0	0
ENSG00000212601	0	0	0
ENSG00000162889	2298	4	2294
ENSG00000224114	157	5	152
ENSG00000199349	1	1	0
ENSG00000162892	126	1275	3
ENSG00000162894	8466	15	9603
ENSG00000271680	14	14	0
ENSG00000226945	10	10	0
ENSG00000162896	1	0	1
ENSG00000162897	0	0	0
ENSG00000182795	7	0	7
ENSG00000198890	321	2	319
ENSG00000224550	0	0	0
ENSG00000142669	6032	14	8750
ENSG00000169442	3580	15	7335
ENSG00000225854	1	0	1
ENSG00000176083	185	0	185
ENSG00000229167	0	0	0
ENSG00000142910	0	0	0
ENSG00000162517	811	0	961
ENSG00000235790	2	2	1
ENSG00000264078	0	0	0
ENSG00000241745	0	0	0
ENSG00000228407	1	1	0
ENSG00000223429	0	0	0
ENSG00000224255	0	0	0
ENSG00000236004	0	0	0
ENSG00000237663	0	0	0
ENSG00000213735	0	0	0
ENSG00000272100	0	106	0
ENSG00000287078	0	0	0
ENSG00000224680	1	0	1
ENSG00000085840	49	0	49
ENSG00000283445	0	0	0
ENSG00000272226	3	3	0
ENSG00000231740	0	0	0
ENSG00000143751	860	5	855
ENSG00000272562	2	1	2
ENSG00000163041	4759	4	4756
ENSG00000225518	1	0	1
ENSG00000270598	0	0	0
ENSG00000182827	702	8	813
ENSG00000234478	0	119	0
ENSG00000223570	0	0	0
ENSG00000185155	8	0	8
ENSG00000236773	0	0	0
ENSG00000143753	1175	1	1174
ENSG00000201898	0	0	0
ENSG00000237101	1	35	1
ENSG00000143748	364	0	399
ENSG00000221406	0	0	0
ENSG00000229742	0	0	0
ENSG00000206887	0	0	0
ENSG00000143771	449	0	449
ENSG00000266618	1	0	1
ENSG00000229991	0	0	0
ENSG00000233384	0	0	0
ENSG00000234247	0	0	0
ENSG00000183682	26	41	5
ENSG00000237624	0	0	0
ENSG00000228060	1	636	1
ENSG00000201457	0	0	0
ENSG00000163909	7	0	7
ENSG00000225903	0	0	0
ENSG00000116983	95	0	95
ENSG00000225333	0	0	0
ENSG00000252413	0	0	0
ENSG00000090621	2030	7	2659
ENSG00000236994	0	0	0
ENSG00000275406	0	0	0
ENSG00000270287	0	0	0
ENSG00000229965	1	0	1
ENSG00000223282	0	0	0
ENSG00000177770	0	0	0
ENSG00000287627	0	0	0
ENSG00000283933	0	0	0
ENSG00000143369	12	1	12
ENSG00000228126	0	0	0
ENSG00000237781	17	58	31
ENSG00000264553	1	1	0
ENSG00000277452	0	0	0
ENSG00000274963	1	0	1
ENSG00000253047	2	0	2
ENSG00000143420	2159	12	2147
ENSG00000276103	2	0	2
ENSG00000143457	481	1	480
ENSG00000143452	5	0	5
ENSG00000206931	0	0	0
ENSG00000236713	1	1	0
ENSG00000224690	1	1	0
ENSG00000203804	1	112	17
ENSG00000143384	19059	27	19033
ENSG00000154342	0	0	0
ENSG00000276255	0	0	0
ENSG00000284163	0	0	0
ENSG00000143793	251	13	238
ENSG00000162910	196	1	195
ENSG00000224566	1	0	1
ENSG00000287895	4	3	1
ENSG00000280157	2	0	2
ENSG00000227625	1	0	1
ENSG00000198835	10	0	10
ENSG00000203684	0	0	0
ENSG00000181873	262	0	262
ENSG00000162913	15	12	22
ENSG00000269934	50	85	83
ENSG00000270110	5	5	0
ENSG00000286773	0	0	0
ENSG00000287315	25	169	4
ENSG00000270104	0	0	0
ENSG00000154370	412	3	543
ENSG00000270094	0	136	0
ENSG00000284311	0	0	0
ENSG00000162931	6	2	5
ENSG00000230841	0	0	0
ENSG00000266174	0	0	0
ENSG00000279306	2	0	2
ENSG00000215811	8	4	4
ENSG000002020