N_unmapped	124839	124839	124839
N_multimapping	4097324	4097324	4097324
N_noFeature	1220256	24580941	1366429
N_ambiguous	3077227	45938	1112593
ENSG00000160072	460	1	459
ENSG00000234396	1	0	1
ENSG00000225972	1	0	1
ENSG00000224315	0	0	0
ENSG00000198744	2	0	2
ENSG00000279928	17	1	16
ENSG00000228037	19	1	18
ENSG00000142611	1	0	1
ENSG00000225630	743	4	739
ENSG00000284616	0	0	0
ENSG00000157911	93	657	175
ENSG00000269896	33	0	33
ENSG00000237973	531	3	536
ENSG00000228463	12	0	14
ENSG00000260972	0	0	0
ENSG00000157933	2911	7	2904
ENSG00000224340	0	0	0
ENSG00000226545	0	0	0
ENSG00000268663	0	0	0
ENSG00000226374	0	0	0
ENSG00000229280	0	0	0
ENSG00000142655	324	54	323
ENSG00000232596	0	0	0
ENSG00000235054	0	0	0
ENSG00000232663	1	1	0
ENSG00000240409	0	0	0
ENSG00000229344	2	0	2
ENSG00000231510	0	0	0
ENSG00000149527	418	21	398
ENSG00000284739	0	0	0
ENSG00000171621	145	0	145
ENSG00000272235	0	0	0
ENSG00000284694	0	0	0
ENSG00000230021	3	18	5
ENSG00000287356	19	19	6
ENSG00000224387	10	7	4
ENSG00000285629	0	0	0
ENSG00000173673	0	0	0
ENSG00000142583	95	0	95
ENSG00000284674	0	0	0
ENSG00000272161	0	0	0
ENSG00000237094	134	0	134
ENSG00000224338	0	0	0
ENSG00000074800	14245	17	14229
ENSG00000116786	2115	4	2341
ENSG00000287727	3	3	0
ENSG00000228423	0	0	0
ENSG00000286448	0	2	0
ENSG00000131686	58	72	14
ENSG00000229305	0	0	0
ENSG00000284703	2	0	2
ENSG00000226457	0	0	0
ENSG00000173614	229	1	228
ENSG00000248527	4401	66	4335
ENSG00000215720	0	0	0
ENSG00000241326	0	0	0
ENSG00000233623	1	0	1
ENSG00000162592	0	40	0
ENSG00000116254	5	0	5
ENSG00000233645	0	0	0
ENSG00000204624	17	0	20
ENSG00000142606	5	122	10
ENSG00000235146	0	2	0
ENSG00000225931	13	1	12
ENSG00000171729	26	0	27
ENSG00000279457	78	0	78
ENSG00000162571	2	0	2
ENSG00000229393	6	5	1
ENSG00000037637	935	2	933
ENSG00000287586	15	0	15
ENSG00000159423	168	0	168
ENSG00000142599	5136	34	5107
ENSG00000227169	0	0	0
ENSG00000283356	0	0	0
ENSG00000011021	661	1	673
ENSG00000142615	0	0	0
ENSG00000215704	2	11	0
ENSG00000157916	1991	86	2644
ENSG00000157881	824	1	823
ENSG00000238290	1	0	1
ENSG00000225387	0	0	0
ENSG00000048707	2703	5	2698
ENSG00000158748	23	1	22
ENSG00000225196	0	0	0
ENSG00000162444	336	0	336
ENSG00000279625	0	0	0
ENSG00000180758	107	0	107
ENSG00000184677	1848	8	1840
ENSG00000230679	1	1	1
ENSG00000270136	0	0	0
ENSG00000288398	99	1	98
ENSG00000224621	1	0	1
ENSG00000285833	0	3	0
ENSG00000131697	266	0	271
ENSG00000284692	0	0	0
ENSG00000284745	0	0	0
ENSG00000280222	0	0	0
ENSG00000227634	0	0	0
ENSG00000285945	0	0	0
ENSG00000229162	1	0	1
ENSG00000197921	1	1	0
ENSG00000233755	0	0	0
ENSG00000233929	0	0	0
ENSG00000271742	0	0	0
ENSG00000226396	16	0	16
ENSG00000169504	1151	2	1149
ENSG00000234166	0	19	0
ENSG00000235282	0	0	0
ENSG00000055070	2540	4	3994
ENSG00000175087	472	1	471
ENSG00000157191	3284	17	3268
ENSG00000284699	0	0	0
ENSG00000230035	0	0	0
ENSG00000235185	0	0	0
ENSG00000225643	4	0	4
ENSG00000284666	0	0	0
ENSG00000228943	0	0	0
ENSG00000234397	0	0	0
ENSG00000284309	0	0	0
ENSG00000162511	21821	48	37046
ENSG00000158014	0	0	0
ENSG00000204138	902	1	901
ENSG00000233419	0	0	0
ENSG00000235263	0	0	0
ENSG00000228176	0	0	0
ENSG00000231251	0	0	0
ENSG00000142675	77	0	77
ENSG00000197245	0	0	0
ENSG00000261025	2	0	2
ENSG00000116237	969	2	1013
ENSG00000130772	487	0	487
ENSG00000215899	0	0	0
ENSG00000271398	2	2	0
ENSG00000225011	0	0	0
ENSG00000235069	0	0	0
ENSG00000284676	0	0	0
ENSG00000237058	3	3	0
ENSG00000233399	0	0	0
ENSG00000090020	949	4	945
ENSG00000157978	5588	0	5588
ENSG00000226944	0	0	0
ENSG00000270282	1	1	0
ENSG00000130770	612	28	989
ENSG00000229044	0	210	0
ENSG00000162512	133	0	133
ENSG00000158006	767	0	767
ENSG00000214812	1	0	1
ENSG00000126698	2244	15	2229
ENSG00000229447	3	0	3
ENSG00000229607	0	0	0
ENSG00000130766	397	1	396
ENSG00000168528	69	0	69
ENSG00000196581	9	0	9
ENSG00000169403	5269	10	5259
ENSG00000084628	1	0	1
ENSG00000060688	947	1	946
ENSG00000171612	123	0	123
ENSG00000270927	0	0	0
ENSG00000188910	1	1	0
ENSG00000230523	0	0	0
ENSG00000116138	747	222	657
ENSG00000158161	774	4	771
ENSG00000142684	0	0	166
ENSG00000234619	0	0	0
ENSG00000121769	20	20	0
ENSG00000142627	48	0	48
ENSG00000284668	0	0	0
ENSG00000233234	0	0	0
ENSG00000142632	168	0	187
ENSG00000234593	0	0	0
ENSG00000158292	58	0	58
ENSG00000270605	66	0	68
ENSG00000189337	107	0	112
ENSG00000232912	65	1	69
ENSG00000235084	4	0	4
ENSG00000235143	0	0	0
ENSG00000225478	0	0	0
ENSG00000225077	2	38	1
ENSG00000028137	13328	13	13315
ENSG00000238249	4	3	1
ENSG00000204464	0	0	0
ENSG00000233372	0	0	0
ENSG00000283259	0	0	0
ENSG00000284543	3	0	3
ENSG00000130939	1705	3	1702
ENSG00000175147	0	6	0
ENSG00000127472	0	0	0
ENSG00000060656	10	0	10
ENSG00000163867	349	1	348
ENSG00000232768	0	0	0
ENSG00000230214	0	0	0
ENSG00000189280	2	2	0
ENSG00000134698	3472	7	3465
ENSG00000134690	68	0	68
ENSG00000272420	1	0	1
ENSG00000132881	67	0	67
ENSG00000273274	0	0	0
ENSG00000116251	3085	3	3083
ENSG00000272510	4	39	8
ENSG00000158286	22	11	21
ENSG00000236648	0	0	0
ENSG00000232273	0	0	0
ENSG00000009709	0	0	0
ENSG00000287396	0	0	0
ENSG00000223589	0	0	0
ENSG00000158008	3	3	0
ENSG00000130940	149	0	307
ENSG00000116771	264	7	346
ENSG00000237301	6	6	0
ENSG00000162585	633	120	661
ENSG00000163879	2	9	2
ENSG00000227527	2	2	0
ENSG00000116954	485	0	485
ENSG00000228589	4	0	4
ENSG00000163873	3	0	3
ENSG00000117215	15	0	15
ENSG00000196449	206	10	251
ENSG00000230163	0	36	0
ENSG00000227538	0	0	0
ENSG00000232208	27	0	27
ENSG00000236500	0	0	0
ENSG00000044012	0	0	0
ENSG00000179051	2896	4	3427
ENSG00000215895	0	0	0
ENSG00000231868	0	2	0
ENSG00000284650	0	0	0
ENSG00000237329	0	0	0
ENSG00000236948	2	0	2
ENSG00000126067	1611	1	1610
ENSG00000274944	0	0	0
ENSG00000132906	453	1	461
ENSG00000197312	1477	1	1476
ENSG00000284748	1	1	0
ENSG00000272078	12	170	0
ENSG00000173660	1527	7	1520
ENSG00000224592	0	0	0
ENSG00000233728	0	25	0
ENSG00000230451	0	0	0
ENSG00000231606	0	0	0
ENSG00000215900	0	0	0
ENSG00000284632	0	0	0
ENSG00000241014	12	0	12
ENSG00000054118	4938	20	4918
ENSG00000254553	0	0	0
ENSG00000284653	0	0	0
ENSG00000237749	1	0	1
ENSG00000276747	2	0	2
ENSG00000284705	0	0	0
ENSG00000228776	0	0	0
ENSG00000159339	1834	2	1832
ENSG00000223814	0	0	0
ENSG00000197982	216	50	221
ENSG00000261781	0	0	0
ENSG00000183317	0	0	0
ENSG00000183386	707	0	707
ENSG00000284743	0	0	0
ENSG00000158315	0	4	0
ENSG00000204084	731	2	886
ENSG00000186973	1	0	1
ENSG00000271806	4	27	6
ENSG00000146463	1142	2	1273
ENSG00000279214	0	0	0
ENSG00000183520	465	1	464
ENSG00000271741	0	0	0
ENSG00000214141	0	0	0
ENSG00000142686	286	3	283
ENSG00000224751	0	0	0
ENSG00000279096	0	0	0
ENSG00000117148	0	0	0
ENSG00000230585	3	4	0
ENSG00000117000	988	1	987
ENSG00000284989	0	0	0
ENSG00000231630	0	0	0
ENSG00000092853	46	0	55
ENSG00000255811	0	0	0
ENSG00000134697	882	4	887
ENSG00000187513	2	0	2
ENSG00000238145	0	0	0
ENSG00000225142	0	0	0
ENSG00000230138	48	1	47
ENSG00000223390	0	49	0
ENSG00000285823	0	0	0
ENSG00000284720	0	0	0
ENSG00000225028	0	0	0
ENSG00000225671	0	0	0
ENSG00000116151	70	0	76
ENSG00000226147	0	0	0
ENSG00000182873	40	25	18
ENSG00000006555	245	2	244
ENSG00000236111	0	0	0
ENSG00000066056	16	0	16
ENSG00000214114	470	11	459
ENSG00000173436	182	18	181
ENSG00000116544	38	0	38
ENSG00000231900	0	0	0
ENSG00000236723	0	307	11
ENSG00000232467	0	0	0
ENSG00000117016	151	0	151
ENSG00000121310	599	4	595
ENSG00000169213	0	0	0
ENSG00000163866	772	1	807
ENSG00000225779	0	0	0
ENSG00000284601	0	0	0
ENSG00000237130	0	0	0
ENSG00000143001	0	0	0
ENSG00000229716	0	0	0
ENSG00000226133	0	0	0
ENSG00000227416	0	0	0
ENSG00000232335	1	9	1
ENSG00000260971	0	0	0
ENSG00000259832	0	0	0
ENSG00000284696	0	0	0
ENSG00000238242	0	0	0
ENSG00000285839	0	0	0
ENSG00000237290	0	0	0
ENSG00000232762	0	0	0
ENSG00000117419	416	1	415
ENSG00000162384	530	13	555
ENSG00000162391	2	7	0
ENSG00000174348	30	0	38
ENSG00000154198	0	0	0
ENSG00000117859	1508	46	1485
ENSG00000228121	0	0	0
ENSG00000253313	0	0	0
ENSG00000162396	96	0	96
ENSG00000203995	2	0	2
ENSG00000227742	1	0	1
ENSG00000284686	0	0	0
ENSG00000162378	888	1	887
ENSG00000233079	0	0	0
ENSG00000259818	1	1	0
ENSG00000229444	0	0	0
ENSG00000240563	29	0	29
ENSG00000234318	0	0	0
ENSG00000284773	20	0	20
ENSG00000234481	0	0	0
ENSG00000117862	164	0	164
ENSG00000235612	0	0	0
ENSG00000228369	0	0	0
ENSG00000183431	2099	8	2091
ENSG00000227485	0	0	0
ENSG00000224609	0	0	0
ENSG00000235545	1	0	1
ENSG00000236646	0	0	0
ENSG00000169174	0	0	0
ENSG00000232198	0	0	0
ENSG00000238063	3	0	3
ENSG00000227104	0	0	0
ENSG00000243725	13	0	13
ENSG00000171872	0	0	0
ENSG00000162407	15	0	15
ENSG00000285079	0	0	0
ENSG00000169218	0	0	0
ENSG00000163877	717	6	711
ENSG00000228929	8	0	8
ENSG00000224570	0	0	0
ENSG00000224980	0	0	0
ENSG00000278967	0	0	0
ENSG00000157184	183	40	499
ENSG00000272491	0	0	1
ENSG00000198815	2036	7	2029
ENSG00000134744	2065	10	2056
ENSG00000233910	0	0	0
ENSG00000287703	0	0	0
ENSG00000283039	0	0	0
ENSG00000229032	0	0	0
ENSG00000229294	0	0	0
ENSG00000232993	0	8	0
ENSG00000234088	0	0	0
ENSG00000236973	0	0	0
ENSG00000227947	0	0	0
ENSG00000277397	0	0	0
ENSG00000271200	1	0	1
ENSG00000235446	0	0	0
ENSG00000261196	0	0	0
ENSG00000162385	662	7	656
ENSG00000231413	0	0	0
ENSG00000234264	0	0	0
ENSG00000242391	0	0	0
ENSG00000223883	0	0	0
ENSG00000284808	0	0	0
ENSG00000242267	0	0	0
ENSG00000237227	0	0	0
ENSG00000275350	0	0	0
ENSG00000116652	1	1	1
ENSG00000123080	107	1	107
ENSG00000285778	0	0	0
ENSG00000077549	9032	19	9030
ENSG00000233407	0	0	0
ENSG00000225675	0	0	1
ENSG00000237622	0	0	0
ENSG00000162598	0	0	0
ENSG00000280317	0	0	0
ENSG00000162415	43	1	43
ENSG00000162600	384	2	382
ENSG00000116704	701	2	699
ENSG00000227644	0	0	0
ENSG00000157193	190	7	243
ENSG00000116205	589	2	616
ENSG00000198841	87	0	87
ENSG00000116212	181	0	181
ENSG00000234204	0	0	0
ENSG00000233099	0	0	0
ENSG00000233994	5	0	5
ENSG00000237180	0	0	0
ENSG00000213561	0	0	0
ENSG00000233973	0	0	0
ENSG00000237552	0	0	0
ENSG00000132854	0	0	0
ENSG00000227556	0	0	0
ENSG00000162616	141	1	140
ENSG00000162607	1592	6	1586
ENSG00000233602	3	0	3
ENSG00000233271	0	0	0
ENSG00000285954	28	28	0
ENSG00000233333	0	0	0
ENSG00000154027	460	2	458
ENSG00000234108	0	0	0
ENSG00000232676	0	0	0
ENSG00000225167	0	0	0
ENSG00000132122	77	1	77
ENSG00000213579	0	0	0
ENSG00000137960	0	0	0
ENSG00000237852	0	0	0
ENSG00000116745	0	0	0
ENSG00000132855	0	0	0
ENSG00000285407	0	0	0
ENSG00000272855	0	0	0
ENSG00000270549	0	0	0
ENSG00000237163	0	0	0
ENSG00000229636	0	0	0
ENSG00000116675	23	0	23
ENSG00000162433	34	0	34
ENSG00000213625	1372	0	1372
ENSG00000227207	0	0	0
ENSG00000227016	0	0	0
ENSG00000233664	0	0	0
ENSG00000158966	97	0	97
ENSG00000213703	0	0	0
ENSG00000203965	75	1	78
ENSG00000223479	0	0	0
ENSG00000233674	0	0	0
ENSG00000153898	209	0	209
ENSG00000117069	0	0	0
ENSG00000125703	426	1	425
ENSG00000285041	0	0	0
ENSG00000285808	0	0	0
ENSG00000229440	0	0	0
ENSG00000234144	0	0	0
ENSG00000213540	0	0	0
ENSG00000277670	0	0	0
ENSG00000227466	0	0	0
ENSG00000154007	0	0	0
ENSG00000230498	0	0	0
ENSG00000285782	0	0	1
ENSG00000162618	0	0	0
ENSG00000224493	0	0	0
ENSG00000131233	0	0	0
ENSG00000272371	1	1	0
ENSG00000287647	2	1	1
ENSG00000229225	0	0	0
ENSG00000230863	0	0	0
ENSG00000213560	0	0	0
ENSG00000287224	0	0	0
ENSG00000225598	0	0	0
ENSG00000286455	0	0	0
ENSG00000225087	0	0	0
ENSG00000224986	1	0	1
ENSG00000280378	6	0	6
ENSG00000188786	1389	2	1387
ENSG00000230053	0	0	0
ENSG00000137941	12	0	12
ENSG00000273338	2	0	2
ENSG00000223720	0	0	0
ENSG00000224326	0	0	0
ENSG00000286548	7	2	5
ENSG00000066135	448	1	636
ENSG00000230027	0	0	0
ENSG00000233061	0	0	0
ENSG00000272094	1	0	1
ENSG00000228853	0	0	0
ENSG00000215874	0	0	0
ENSG00000232453	9	1	8
ENSG00000260386	2	0	2
ENSG00000284895	0	0	0
ENSG00000117174	617	3	614
ENSG00000237413	0	0	0
ENSG00000184313	2	0	2
ENSG00000284645	0	0	0
ENSG00000225605	0	0	0
ENSG00000225446	0	0	0
ENSG00000288543	0	0	0
ENSG00000122420	3	0	3
ENSG00000284240	0	0	0
ENSG00000236290	1	1	0
ENSG00000143013	673	1	672
ENSG00000226084	29	0	29
ENSG00000134748	1721	9	1713
ENSG00000142892	861	1	860
ENSG00000219102	14	0	14
ENSG00000184005	48	0	48
ENSG00000230953	10	10	0
ENSG00000287743	0	0	0
ENSG00000229332	0	0	0
ENSG00000227937	0	0	0
ENSG00000229752	0	0	0
ENSG00000237505	2	0	2
ENSG00000285462	0	0	0
ENSG00000233216	0	0	0
ENSG00000197273	0	0	0
ENSG00000226804	0	0	0
ENSG00000285325	0	0	0
ENSG00000230728	0	0	0
ENSG00000162402	4364	7	4357
ENSG00000232846	0	0	0
ENSG00000219201	6	0	6
ENSG00000230787	0	0	0
ENSG00000116641	160	5	155
ENSG00000235927	5	9	7
ENSG00000223920	0	0	0
ENSG00000237453	1	1	0
ENSG00000172260	34	0	34
ENSG00000285473	0	0	0
ENSG00000237959	0	0	0
ENSG00000231364	1	2	0
ENSG00000234578	0	0	0
ENSG00000117480	175	0	175
ENSG00000137944	553	0	553
ENSG00000229505	0	0	0
ENSG00000228187	0	0	0
ENSG00000285201	0	0	0
ENSG00000182183	275	2	274
ENSG00000236407	0	0	0
ENSG00000271949	0	0	0
ENSG00000227062	0	0	0
ENSG00000067334	1264	19	1245
ENSG00000235011	0	0	0
ENSG00000235673	0	0	0
ENSG00000226938	0	0	0
ENSG00000213559	0	0	0
ENSG00000287587	0	0	0
ENSG00000142949	16	0	16
ENSG00000116133	256	12	303
ENSG00000232882	0	0	0
ENSG00000171502	29	0	29
ENSG00000162399	2	1	1
ENSG00000116157	261	1	260
ENSG00000143036	4	0	4
ENSG00000232672	0	0	0
ENSG00000230817	2	0	2
ENSG00000235613	0	0	0
ENSG00000065243	1692	1	1691
ENSG00000226759	0	0	0
ENSG00000226960	0	0	0
ENSG00000234080	0	0	0
ENSG00000237899	2	0	2
ENSG00000225492	29	0	29
ENSG00000223905	0	0	0
ENSG00000227290	0	0	0
ENSG00000229486	0	0	0
ENSG00000282898	0	0	0
ENSG00000285409	0	0	0
ENSG00000231090	3	0	3
ENSG00000117528	752	2	750
ENSG00000271723	0	0	0
ENSG00000172339	66	0	66
ENSG00000036549	1147	1	1146
ENSG00000287724	0	38	0
ENSG00000058799	640	0	640
ENSG00000225191	0	0	0
ENSG00000287870	0	0	0
ENSG00000235563	0	0	0
ENSG00000232048	0	0	0
ENSG00000232857	0	0	0
ENSG00000273637	0	0	0
ENSG00000203985	0	0	0
ENSG00000228838	0	10	0
ENSG00000283761	1	0	1
ENSG00000189433	0	0	0
ENSG00000230759	0	0	0
ENSG00000231866	0	0	0
ENSG00000179178	0	0	0
ENSG00000142700	0	0	0
ENSG00000285525	0	0	0
ENSG00000236098	0	0	0
ENSG00000233514	0	0	0
ENSG00000127124	735	0	735
ENSG00000266993	9	29	6
ENSG00000223675	0	0	0
ENSG00000162604	427	0	427
ENSG00000229316	0	0	0
ENSG00000116171	1770	3	1772
ENSG00000287406	0	0	0
ENSG00000225767	0	0	0
ENSG00000234099	0	0	0
ENSG00000137936	45	2	51
ENSG00000235308	4	4	0
ENSG00000232752	0	0	0
ENSG00000235829	0	0	0
ENSG00000143032	0	0	0
ENSG00000226745	0	0	0
ENSG00000178028	865	3	862
ENSG00000280040	0	0	0
ENSG00000168710	1970	2	1968
ENSG00000117519	61	0	61
ENSG00000270507	0	0	0
ENSG00000238037	0	0	0
ENSG00000215869	0	0	0
ENSG00000134215	967	3	964
ENSG00000227935	0	0	0
ENSG00000229887	0	0	0
ENSG00000228502	14	0	14
ENSG00000236268	0	0	0
ENSG00000271277	0	0	0
ENSG00000236888	0	0	0
ENSG00000279778	0	0	0
ENSG00000232015	0	0	0
ENSG00000230955	0	157	0
ENSG00000230828	0	0	0
ENSG00000188641	3629	5	3924
ENSG00000152078	11	0	11
ENSG00000237279	0	0	0
ENSG00000233359	0	0	0
ENSG00000237954	0	0	0
ENSG00000185668	2	0	2
ENSG00000171492	1545	2	1544
ENSG00000233129	0	0	0
ENSG00000170989	6308	13	6295
ENSG00000258634	128	1	188
ENSG00000233557	0	0	0
ENSG00000237897	0	0	0
ENSG00000116299	1511	1	1511
ENSG00000137962	9	0	9
ENSG00000227832	0	0	0
ENSG00000286692	0	0	0
ENSG00000260464	8	2	7
ENSG00000237435	0	0	0
ENSG00000231996	0	0	0
ENSG00000273204	0	0	2
ENSG00000079739	478	7	538
ENSG00000117154	0	0	0
ENSG00000162377	263	8	256
ENSG00000224613	0	0	0
ENSG00000215871	0	0	0
ENSG00000287372	0	0	0
ENSG00000232542	0	0	0
ENSG00000231095	0	0	0
ENSG00000116774	7	0	7
ENSG00000287756	0	0	0
ENSG00000269113	0	0	0
ENSG00000284652	0	0	0
ENSG00000023909	459	4	455
ENSG00000069702	1184	1	1183
ENSG00000232185	0	0	0
ENSG00000230489	6	0	6
ENSG00000228399	2	0	2
ENSG00000236776	0	0	0
ENSG00000285928	4	4	0
ENSG00000224685	0	0	0
ENSG00000287076	0	0	0
ENSG00000237480	0	0	0
ENSG00000271252	0	0	0
ENSG00000230427	0	0	0
ENSG00000235794	0	0	0
ENSG00000286758	0	0	0
ENSG00000237337	0	0	0
ENSG00000233983	0	0	0
ENSG00000198198	1991	91	2323
ENSG00000225183	0	0	0
ENSG00000230402	0	0	0
ENSG00000116793	353	3	350
ENSG00000134201	7	0	7
ENSG00000238122	1	0	1
ENSG00000260879	0	68	0
ENSG00000213366	292	0	292
ENSG00000230864	0	0	0
ENSG00000283354	0	0	0
ENSG00000232918	0	0	0
ENSG00000236360	0	4	1
ENSG00000183298	0	0	1
ENSG00000234332	17	1	16
ENSG00000117525	1	1	0
ENSG00000225079	23	1	22
ENSG00000226483	0	0	0
ENSG00000224238	0	0	0
ENSG00000229537	0	0	0
ENSG00000162699	0	0	0
ENSG00000162692	3	0	3
ENSG00000203914	0	0	0
ENSG00000270457	0	0	0
ENSG00000203858	0	0	0
ENSG00000231987	0	0	0
ENSG00000228057	5	1	4
ENSG00000261593	0	0	0
ENSG00000224445	0	0	0
ENSG00000229842	0	0	0
ENSG00000270631	0	0	0
ENSG00000229201	0	0	0
ENSG00000181656	11	9	2
ENSG00000122481	29	0	29
ENSG00000198162	1625	3	1622
ENSG00000238198	4	0	4
ENSG00000171517	15	0	15
ENSG00000228852	10	10	0
ENSG00000203864	0	0	0
ENSG00000233482	0	0	0
ENSG00000230250	0	0	0
ENSG00000232878	1	301	0
ENSG00000143079	91	0	91
ENSG00000232450	11	0	11
ENSG00000223575	0	0	0
ENSG00000230768	0	0	0
ENSG00000235202	0	0	0
ENSG00000272715	0	0	0
ENSG00000235038	0	0	0
ENSG00000143093	1362	1	1361
ENSG00000226415	6	0	6
ENSG00000085491	845	3	913
ENSG00000173947	11	0	11
ENSG00000241361	1	0	1
ENSG00000230434	0	0	0
ENSG00000230718	0	0	0
ENSG00000134198	591	2	589
ENSG00000235595	1	0	1
ENSG00000226053	0	0	0
ENSG00000226128	0	0	0
ENSG00000198799	729	0	828
ENSG00000279513	0	0	0
ENSG00000117620	427	9	426
ENSG00000280186	1	0	1
ENSG00000223906	0	0	0
ENSG00000162688	749	1	748
ENSG00000197106	0	0	0
ENSG00000259946	0	0	0
ENSG00000236137	3	165	3
ENSG00000203859	0	0	0
ENSG00000228086	0	129	0
ENSG00000213421	0	0	0
ENSG00000234020	0	0	0
ENSG00000060718	0	0	0
ENSG00000236804	0	0	0
ENSG00000231072	0	0	0
ENSG00000273406	0	0	0
ENSG00000185946	538	0	538
ENSG00000162627	0	0	0
ENSG00000226715	0	1	0
ENSG00000162695	960	0	960
ENSG00000134184	0	0	0
ENSG00000265808	1464	5	1459
ENSG00000261290	0	0	0
ENSG00000225923	0	0	0
ENSG00000134247	78	0	78
ENSG00000187481	0	0	0
ENSG00000116752	696	0	696
ENSG00000162664	492	3	489
ENSG00000236866	1	0	1
ENSG00000134253	3	0	3
ENSG00000277655	0	0	0
ENSG00000223416	1	0	1
ENSG00000213226	0	0	0
ENSG00000179571	1	0	1
ENSG00000227850	0	0	0
ENSG00000243967	0	0	0
ENSG00000235777	0	0	0
ENSG00000260246	0	0	0
ENSG00000173218	130	0	130
ENSG00000285532	0	0	0
ENSG00000226755	0	0	0
ENSG00000232650	0	0	0
ENSG00000183508	1666	3	1663
ENSG00000277095	0	0	0
ENSG00000236806	0	0	0
ENSG00000234283	0	0	0
ENSG00000237188	2	0	2
ENSG00000232780	0	0	0
ENSG00000274927	0	0	0
ENSG00000264145	0	0	0
ENSG00000238256	0	0	0
ENSG00000198765	0	0	0
ENSG00000224335	0	0	0
ENSG00000277702	0	0	0
ENSG00000143398	1190	3	1187
ENSG00000196505	588	3	585
ENSG00000225871	16	72	1
ENSG00000223489	0	0	0
ENSG00000230546	0	0	0
ENSG00000213262	4	4	0
ENSG00000287015	0	0	0
ENSG00000241720	0	1	0
ENSG00000235526	0	0	0
ENSG00000228347	0	0	0
ENSG00000276975	3	0	3
ENSG00000236012	0	0	0
ENSG00000270911	1	1	0
ENSG00000272824	1	0	1
ENSG00000134200	1	1	0
ENSG00000234257	0	0	0
ENSG00000065183	910	5	997
ENSG00000227082	1	0	1
ENSG00000228626	0	0	0
ENSG00000226126	0	0	0
ENSG00000163393	339	2	337
ENSG00000163156	731	18	727
ENSG00000143631	0	1	0
ENSG00000156150	0	61	0
ENSG00000228453	0	0	0
ENSG00000274642	1	1	0
ENSG00000177551	0	0	0
ENSG00000197323	2220	5	2215
ENSG00000237975	2	0	3
ENSG00000261168	1	0	1
ENSG00000287980	0	0	0
ENSG00000229283	0	0	0
ENSG00000271419	0	0	0
ENSG00000226172	0	0	0
ENSG00000079335	1037	12	1154
ENSG00000143119	15404	11	15393
ENSG00000237278	0	99	0
ENSG00000285062	0	0	0
ENSG00000233432	1	1	0
ENSG00000227700	0	0	0
ENSG00000229911	0	0	0
ENSG00000143520	0	0	0
ENSG00000171943	190	7	186
ENSG00000270719	0	0	0
ENSG00000155761	9	89	12
ENSG00000230806	0	0	0
ENSG00000116830	513	1	512
ENSG00000234422	0	0	0
ENSG00000227056	0	0	0
ENSG00000143614	2010	2	2008
ENSG00000227091	0	0	0
ENSG00000169418	0	0	0
ENSG00000214204	0	0	0
ENSG00000081026	99	5	94
ENSG00000225650	0	0	0
ENSG00000227179	0	0	0
ENSG00000224965	1	0	1
ENSG00000228127	1	0	1
ENSG00000226984	1	1	0
ENSG00000186150	0	0	0
ENSG00000143554	881	6	875
ENSG00000143458	877	5	872
ENSG00000230932	0	0	0
ENSG00000073754	0	0	0
ENSG00000228826	1	0	1
ENSG00000233907	0	0	0
ENSG00000225036	0	0	0
ENSG00000228420	0	0	0
ENSG00000233839	0	0	0
ENSG00000250890	0	0	0
ENSG00000232240	0	0	0
ENSG00000280649	66	8	89
ENSG00000131781	191	43	174
ENSG00000223599	1	0	1
ENSG00000230921	0	0	0
ENSG00000286151	3	0	3
ENSG00000234388	0	0	0
ENSG00000235015	0	0	0
ENSG00000271736	28	0	28
ENSG00000235988	0	0	0
ENSG00000233717	0	0	0
ENSG00000231551	64	23	41
ENSG00000227295	1	0	1
ENSG00000163155	90	35	66
ENSG00000243613	0	97	0
ENSG00000241975	11	0	11
ENSG00000271143	0	0	0
ENSG00000270976	0	0	0
ENSG00000228217	1	0	1
ENSG00000270342	0	0	0
ENSG00000143552	2	0	2
ENSG00000175984	29	0	29
ENSG00000231100	0	0	0
ENSG00000116824	4072	3	4069
ENSG00000235887	0	0	0
ENSG00000237460	0	0	0
ENSG00000236327	0	0	0
ENSG00000223804	73	35	38
ENSG00000236887	0	0	0
ENSG00000024526	16	0	17
ENSG00000236480	0	0	0
ENSG00000235756	0	0	0
ENSG00000173810	0	0	0
ENSG00000235005	0	0	0
ENSG00000271890	0	0	0
ENSG00000238107	0	0	0
ENSG00000227425	0	0	0
ENSG00000233222	0	21	0
ENSG00000225279	0	0	0
ENSG00000229101	0	0	0
ENSG00000224927	0	0	0
ENSG00000239216	0	0	0
ENSG00000283360	0	0	0
ENSG00000117262	72	2	70
ENSG00000227907	3	3	0
ENSG00000143624	2105	5	2314
ENSG00000227970	0	0	0
ENSG00000261055	4	0	4
ENSG00000231613	0	0	0
ENSG00000137947	935	3	932
ENSG00000236689	0	0	0
ENSG00000233589	0	1	0
ENSG00000117586	122	0	122
ENSG00000230946	1	0	1
ENSG00000226028	0	0	0
ENSG00000162728	1	1	0
ENSG00000229021	0	0	0
ENSG00000203825	0	0	0
ENSG00000184371	213	0	213
ENSG00000233449	0	0	0
ENSG00000242943	0	0	0
ENSG00000233203	0	0	0
ENSG00000232499	0	0	0
ENSG00000232265	3	0	3
ENSG00000163154	1583	1	1590
ENSG00000232995	8	1	8
ENSG00000236957	2	0	2
ENSG00000238087	0	0	0
ENSG00000227777	0	0	0
ENSG00000177173	5	1	4
ENSG00000277406	91	3	88
ENSG00000238022	0	0	0
ENSG00000231671	0	0	0
ENSG00000162729	992	1	991
ENSG00000143158	370	30	576
ENSG00000271092	8	0	8
ENSG00000238118	0	0	0
ENSG00000276118	0	0	0
ENSG00000232148	0	0	0
ENSG00000278811	16	61	0
ENSG00000000460	84	202	112
ENSG00000188859	2	0	2
ENSG00000275075	0	0	0
ENSG00000135862	309	1	308
ENSG00000232952	0	0	0
ENSG00000158473	1101	1	1100
ENSG00000227722	0	0	0
ENSG00000285922	0	0	0
ENSG00000275801	7	0	7
ENSG00000143198	390	0	390
ENSG00000143318	5	4	1
ENSG00000232188	0	0	0
ENSG00000232212	0	0	0
ENSG00000143621	2654	24	2641
ENSG00000241042	0	0	0
ENSG00000143155	970	4	966
ENSG00000260322	0	0	0
ENSG00000223495	0	0	0
ENSG00000143156	101	10	142
ENSG00000198771	7784	32	8005
ENSG00000225462	0	0	0
ENSG00000237756	1	1	0
ENSG00000116147	4	0	4
ENSG00000213064	2527	7	2843
ENSG00000203307	0	0	0
ENSG00000143179	192	0	238
ENSG00000271187	0	0	0
ENSG00000274562	0	0	0
ENSG00000143315	415	0	415
ENSG00000116199	1047	7	1040
ENSG00000231175	0	0	0
ENSG00000143185	141	1	140
ENSG00000235145	0	0	0
ENSG00000116260	1442	4	1438
ENSG00000272931	21	0	22
ENSG00000143190	828	0	932
ENSG00000225475	0	0	0
ENSG00000230898	0	0	0
ENSG00000232223	0	0	0
ENSG00000224698	0	0	0
ENSG00000287697	3	17	4
ENSG00000075945	554	3	601
ENSG00000235303	0	0	0
ENSG00000234810	6	0	6
ENSG00000232750	1	1	0
ENSG00000224468	1	1	0
ENSG00000235628	0	0	0
ENSG00000232551	0	0	0
ENSG00000092607	0	0	0
ENSG00000238270	0	0	0
ENSG00000285894	0	0	0
ENSG00000236025	0	0	0
ENSG00000230687	0	0	0
ENSG00000230704	0	0	0
ENSG00000283255	0	0	0
ENSG00000227741	4	128	5
ENSG00000237049	0	0	0
ENSG00000286754	0	0	0
ENSG00000232751	0	0	0
ENSG00000236364	0	44	0
ENSG00000117091	3050	21	7585
ENSG00000235378	0	1	0
ENSG00000143171	0	0	0
ENSG00000275767	0	0	0
ENSG00000224718	0	0	0
ENSG00000047410	5198	43	5422
ENSG00000231992	0	0	0
ENSG00000018625	5	0	5
ENSG00000171806	220	0	237
ENSG00000287919	0	0	0
ENSG00000229914	0	0	0
ENSG00000233882	0	0	0
ENSG00000198358	0	0	0
ENSG00000229407	0	0	0
ENSG00000134216	0	0	0
ENSG00000230748	0	0	0
ENSG00000254154	0	0	0
ENSG00000162694	76	3	75
ENSG00000238108	0	0	0
ENSG00000214262	0	323	0
ENSG00000183853	0	0	0
ENSG00000215835	10	0	10
ENSG00000118197	499	1	501
ENSG00000135842	5850	21	5829
ENSG00000229258	0	0	0
ENSG00000287472	0	0	0
ENSG00000241318	1	0	1
ENSG00000228238	0	0	0
ENSG00000232393	0	0	0
ENSG00000121454	36	90	0
ENSG00000184155	0	0	0
ENSG00000058085	0	0	0
ENSG00000260088	0	3	0
ENSG00000287978	62	0	62
ENSG00000116815	389	0	389
ENSG00000232917	0	0	0
ENSG00000233057	4	0	4
ENSG00000237131	0	0	0
ENSG00000233946	0	0	0
ENSG00000143167	627	1	626
ENSG00000143184	47	0	47
ENSG00000231966	0	0	0
ENSG00000176320	5	0	5
ENSG00000260976	0	0	0
ENSG00000235215	0	0	0
ENSG00000223450	0	0	0
ENSG00000224691	0	0	0
ENSG00000286572	0	0	0
ENSG00000235101	6	2	4
ENSG00000228215	4	0	4
ENSG00000177807	3	2	1
ENSG00000233626	1	1	0
ENSG00000233691	0	0	0
ENSG00000283518	0	0	0
ENSG00000271527	0	0	0
ENSG00000143228	46	0	47
ENSG00000235827	0	0	0
ENSG00000231615	2	0	2
ENSG00000231714	0	0	0
ENSG00000174514	41	14	46
ENSG00000143178	75	0	75
ENSG00000224837	0	0	0
ENSG00000116833	1	0	1
ENSG00000227740	3	0	4
ENSG00000260990	0	0	0
ENSG00000000457	481	45	649
ENSG00000143507	204	0	204
ENSG00000285638	0	0	0
ENSG00000226520	0	0	0
ENSG00000284592	0	0	0
ENSG00000230987	0	0	0
ENSG00000232527	0	0	0
ENSG00000215833	0	0	0
ENSG00000228167	0	0	0
ENSG00000225325	0	0	0
ENSG00000223344	0	0	0
ENSG00000228191	0	0	0
ENSG00000229961	48	1	47
ENSG00000150732	0	0	0
ENSG00000157064	1	0	1
ENSG00000288139	0	0	0
ENSG00000226015	21	6	16
ENSG00000215808	0	0	0
ENSG00000059588	885	1	884
ENSG00000231512	0	0	0
ENSG00000237379	0	0	0
ENSG00000232959	0	49	0
ENSG00000122224	1849	12	1837
ENSG00000162782	0	0	0
ENSG00000238051	0	0	0
ENSG00000233196	3	3	0
ENSG00000229220	0	0	0
ENSG00000143653	345	2	343
ENSG00000135837	2918	6	2912
ENSG00000158711	3362	16	3365
ENSG00000227747	0	0	0
ENSG00000228081	1	0	1
ENSG00000228020	0	0	0
ENSG00000234975	15	0	15
ENSG00000162851	259	0	259
ENSG00000271427	7	0	7
ENSG00000261817	0	0	0
ENSG00000143353	270	0	302
ENSG00000197965	1198	5	1193
ENSG00000143493	446	0	446
ENSG00000230777	1	2	0
ENSG00000179397	10	0	10
ENSG00000224540	0	0	0
ENSG00000117592	2726	0	2726
ENSG00000186197	13	0	13
ENSG00000229067	0	0	0
ENSG00000230231	1	2	0
ENSG00000227711	0	0	0
ENSG00000261182	0	0	0
ENSG00000228879	1	1	0
ENSG00000227925	4	1	3
ENSG00000162670	0	0	0
ENSG00000225712	0	0	0
ENSG00000162761	0	0	0
ENSG00000143199	5	1	4
ENSG00000179930	0	0	0
ENSG00000007908	0	0	0
ENSG00000092978	286	0	286
ENSG00000143499	603	2	601
ENSG00000188404	43457	84	43373
ENSG00000227735	0	0	0
ENSG00000243062	0	0	0
ENSG00000143196	0	0	0
ENSG00000228504	0	0	0
ENSG00000274702	0	0	0
ENSG00000226211	0	0	0
ENSG00000236942	1	1	0
ENSG00000287205	0	0	0
ENSG00000203697	6	0	6
ENSG00000116574	683	6	677
ENSG00000287929	0	0	0
ENSG00000186283	1052	5	1047
ENSG00000224896	0	0	0
ENSG00000226292	0	0	0
ENSG00000121481	675	1	676
ENSG00000227940	0	0	0
ENSG00000117139	1121	1	1120
ENSG00000143248	17	0	17
ENSG00000278455	0	0	0
ENSG00000224810	0	0	0
ENSG00000162814	0	0	0
ENSG00000225172	0	0	0
ENSG00000261642	0	0	0
ENSG00000228239	0	0	0
ENSG00000237283	0	0	0
ENSG00000116132	0	0	0
ENSG00000238042	5	0	5
ENSG00000271475	0	0	0
ENSG00000231877	0	0	0
ENSG00000116679	4525	13	4512
ENSG00000228536	0	0	0
ENSG00000230550	1	3	0
ENSG00000229242	0	0	0
ENSG00000253326	0	0	0
ENSG00000228470	1	1	0
ENSG00000152092	0	0	0
ENSG00000234984	0	0	0
ENSG00000231648	0	0	0
ENSG00000229983	0	0	1
ENSG00000215149	0	0	0
ENSG00000225122	0	0	0
ENSG00000225920	3	3	0
ENSG00000143476	62	0	62
ENSG00000121486	860	1	859
ENSG00000228437	0	0	0
ENSG00000214837	14	0	14
ENSG00000057252	2186	5	2181
ENSG00000225982	0	0	0
ENSG00000285718	0	0	0
ENSG00000234070	0	0	0
ENSG00000233620	0	0	0
ENSG00000237783	0	0	0
ENSG00000272906	8	9	20
ENSG00000233018	0	0	0
ENSG00000123685	36	1	35
ENSG00000224783	0	0	0
ENSG00000162852	1705	4	1701
ENSG00000232792	0	2	0
ENSG00000273004	8	0	8
ENSG00000143842	145	2	143
ENSG00000268062	1	1	0
ENSG00000237409	1	1	0
ENSG00000116962	441	4	437
ENSG00000288078	0	0	0
ENSG00000271399	0	0	0
ENSG00000229757	0	0	0
ENSG00000232679	0	0	0
ENSG00000159388	6134	12	6122
ENSG00000220749	28	0	28
ENSG00000181450	282	0	282
ENSG00000223519	14	3	60
ENSG00000120333	511	16	520
ENSG00000286285	13	0	13
ENSG00000225300	0	0	0
ENSG00000223842	0	0	0
ENSG00000162753	0	0	0
ENSG00000228247	0	0	0
ENSG00000231424	5	0	5
ENSG00000143355	0	0	0
ENSG00000287177	0	0	0
ENSG00000237193	0	0	0
ENSG00000223490	0	0	0
ENSG00000121644	756	0	756
ENSG00000174502	0	0	0
ENSG00000224286	0	0	0
ENSG00000158715	109	0	109
ENSG00000143195	16	0	16
ENSG00000162849	14	5	9
ENSG00000232824	0	0	0
ENSG00000273416	0	0	0
ENSG00000234142	3	0	4
ENSG00000282111	0	0	0
ENSG00000233410	0	0	0
ENSG00000067533	454	0	454
ENSG00000228955	0	0	0
ENSG00000270443	0	0	0
ENSG00000116209	3524	2	3522
ENSG00000224702	0	0	0
ENSG00000271811	0	0	0
ENSG00000224278	0	0	0
ENSG00000235492	0	0	0
ENSG00000287808	2	130	3
ENSG00000271588	0	0	0
ENSG00000229840	0	0	0
ENSG00000116161	1170	42	1171
ENSG00000226486	0	0	0
ENSG00000227687	0	0	0
ENSG00000231814	0	0	0
ENSG00000286210	0	0	0
ENSG00000287364	0	0	0
ENSG00000225063	0	0	0
ENSG00000260698	14	0	14
ENSG00000277007	11	0	11
ENSG00000229016	0	0	0
ENSG00000077157	1211	0	1232
ENSG00000152104	8	5	3
ENSG00000236975	0	0	0
ENSG00000215834	0	0	0
ENSG00000286541	0	0	0
ENSG00000117650	29	0	29
ENSG00000235021	0	0	0
ENSG00000203724	3	0	3
ENSG00000225006	0	0	0
ENSG00000287633	0	0	0
ENSG00000158764	0	0	0
ENSG00000223375	0	0	0
ENSG00000230714	0	0	0
ENSG00000261065	0	1	0
ENSG00000260855	7	2	5
ENSG00000188783	0	0	0
ENSG00000236206	0	0	0
ENSG00000168118	679	0	692
ENSG00000181101	0	0	0
ENSG00000173726	2224	2	2222
ENSG00000282852	0	0	0
ENSG00000152382	427	16	411
ENSG00000143839	0	0	0
ENSG00000232100	0	0	0
ENSG00000261024	2	2	0
ENSG00000230547	0	0	0
ENSG00000229703	0	0	0
ENSG00000176754	0	0	0
ENSG00000232309	0	0	0
ENSG00000227953	5	50	4
ENSG00000232215	0	0	0
ENSG00000135829	5450	19	5562
ENSG00000228289	0	0	0
ENSG00000134717	1028	3	1025
ENSG00000232989	0	0	0
ENSG00000233537	0	0	0
ENSG00000116668	212	11	201
ENSG00000143756	985	0	985
ENSG00000278180	0	0	0
ENSG00000143702	807	4	918
ENSG00000232341	0	0	0
ENSG00000287676	3	0	3
ENSG00000236792	0	0	0
ENSG00000143207	1653	2	1651
ENSG00000270859	0	0	0
ENSG00000238224	0	0	0
ENSG00000286775	0	0	0
ENSG00000122176	1	0	1
ENSG00000229120	0	0	0
ENSG00000237492	0	0	0
ENSG00000230404	0	0	0
ENSG00000213036	0	0	0
ENSG00000227230	3	59	0
ENSG00000236230	0	0	0
ENSG00000026751	2123	2	2121
ENSG00000150681	2038	3	2547
ENSG00000116906	980	1	979
ENSG00000092969	2	0	2
ENSG00000157181	414	1	413
ENSG00000250762	1	1	0
ENSG00000236720	0	0	0
ENSG00000227421	1	0	1
ENSG00000227240	3	1	2
ENSG00000076258	62	0	62
ENSG00000286073	0	0	0
ENSG00000231084	5	5	0
ENSG00000232085	0	59	0
ENSG00000117697	909	0	909
ENSG00000279333	0	0	4
ENSG00000235083	0	0	0
ENSG00000162669	0	0	0
ENSG00000197067	1	1	0
ENSG00000229652	0	0	0
ENSG00000132681	0	0	0
ENSG00000225904	0	0	0
ENSG00000270920	0	0	0
ENSG00000281664	0	0	0
ENSG00000143641	1220	6	1748
ENSG00000227630	7	0	7
ENSG00000228830	0	1313	1
ENSG00000010932	8	0	8
ENSG00000282849	0	0	1
ENSG00000276520	0	0	0
ENSG00000226640	0	0	0
ENSG00000010072	294	126	292
ENSG00000135766	249	1	248
ENSG00000232626	0	0	0
ENSG00000232096	1	1	0
ENSG00000279261	0	0	0
ENSG00000213051	0	0	0
ENSG00000238054	0	0	0
ENSG00000163534	1551	1	1550
ENSG00000168243	1	0	1
ENSG00000281453	0	0	0
ENSG00000237469	0	0	0
ENSG00000224939	0	0	0
ENSG00000227613	0	0	0
ENSG00000116183	0	0	0
ENSG00000270106	0	0	0
ENSG00000232194	1	0	1
ENSG00000235152	0	0	0
ENSG00000231612	0	0	0
ENSG00000237980	4	0	4
ENSG00000271036	0	0	0
ENSG00000230849	0	0	0
ENSG00000170382	209	206	6
ENSG00000228664	0	0	0
ENSG00000226868	0	0	0
ENSG00000279401	0	0	0
ENSG00000272362	0	0	0
ENSG00000287450	0	0	0
ENSG00000237011	0	0	0
ENSG00000233583	0	0	0
ENSG00000066027	3248	6	3242
ENSG00000286263	1	0	1
ENSG00000227006	2	2	0
ENSG00000236372	0	0	0
ENSG00000224525	0	0	0
ENSG00000188770	0	0	0
ENSG00000173728	0	0	0
ENSG00000094975	947	1	946
ENSG00000225811	0	0	0
ENSG00000273093	3	0	3
ENSG00000162772	63	1	62
ENSG00000227818	0	0	0
ENSG00000135828	1244	2	1242
ENSG00000224227	1	0	1
ENSG00000286398	0	0	0
ENSG00000076356	111	0	111
ENSG00000215819	0	0	0
ENSG00000185523	1	0	1
ENSG00000236108	0	0	0
ENSG00000116711	144	1	143
ENSG00000231684	2	0	2
ENSG00000226750	0	0	0
ENSG00000285665	10	0	10
ENSG00000231022	0	0	0
ENSG00000224436	0	0	0
ENSG00000228208	0	0	0
ENSG00000273384	0	0	0
ENSG00000238061	0	0	0
ENSG00000234915	0	0	0
ENSG00000143845	8	0	11
ENSG00000235862	0	0	0
ENSG00000069812	0	0	0
ENSG00000227585	0	0	0
ENSG00000157060	0	0	0
ENSG00000237213	0	0	0
ENSG00000236439	14	1	13
ENSG00000224260	0	0	0
ENSG00000213045	1	1	0
ENSG00000287220	0	0	0
ENSG00000230063	1	1	0
ENSG00000235467	0	0	0
ENSG00000123684	3541	5	3536
ENSG00000117707	0	0	0
ENSG00000228044	0	0	0
ENSG00000225338	1	0	1
ENSG00000224407	0	533	1
ENSG00000232463	0	0	0
ENSG00000237457	0	0	0
ENSG00000225171	4	1	3
ENSG00000226843	0	0	0
ENSG00000235386	0	0	0
ENSG00000123836	506	62	505
ENSG00000213690	0	0	0
ENSG00000223982	0	0	0
ENSG00000229832	2	2	0
ENSG00000117691	315	1	314
ENSG00000225233	0	0	0
ENSG00000274895	0	0	0
ENSG00000237514	0	0	0
ENSG00000287856	0	0	0
ENSG00000228067	0	0	0
ENSG00000284299	0	0	0
ENSG00000226375	0	0	0
ENSG00000203705	311	0	311
ENSG00000224040	0	0	0
ENSG00000228686	14	14	0
ENSG00000279838	17	0	17
ENSG00000174175	177	0	177
ENSG00000236401	0	0	0
ENSG00000241475	0	0	0
ENSG00000215800	0	0	0
ENSG00000286421	0	0	0
ENSG00000270936	0	0	0
ENSG00000008118	0	0	0
ENSG00000171161	1129	0	1129
ENSG00000241505	0	0	0
ENSG00000224535	0	0	0
ENSG00000282097	0	0	0
ENSG00000261453	3	3	0
ENSG00000231020	0	0	0
ENSG00000270818	0	0	0
ENSG00000196878	13	0	13
ENSG00000133059	899	2	897
ENSG00000225561	1	0	1
ENSG00000224668	0	0	0
ENSG00000242529	0	0	0
ENSG00000074964	811	0	811
ENSG00000223847	0	0	0
ENSG00000277704	0	0	0
ENSG00000116918	917	22	910
ENSG00000274020	128	3	194
ENSG00000287445	5	0	5
ENSG00000259815	1	0	1
ENSG00000240963	0	0	0
ENSG00000226570	0	0	0
ENSG00000198929	2	1	1
ENSG00000272167	0	0	0
ENSG00000230628	0	0	0
ENSG00000162771	0	0	0
ENSG00000227579	0	0	0
ENSG00000176393	1131	2	1700
ENSG00000174606	880	1	879
ENSG00000179914	14	0	14
ENSG00000235750	5250	9	5241
ENSG00000284376	0	0	0
ENSG00000121446	0	0	0
ENSG00000226758	2	0	2
ENSG00000230199	0	0	0
ENSG00000236905	1	1	0
ENSG00000233304	0	0	0
ENSG00000288007	3	0	3
ENSG00000227887	0	0	0
ENSG00000116903	908	3	1028
ENSG00000228255	0	0	0
ENSG00000226196	0	0	0
ENSG00000287354	0	4	0
ENSG00000233827	0	0	0
ENSG00000198797	0	0	0
ENSG00000271746	1	1	1
ENSG00000234233	0	0	0
ENSG00000151414	2396	1	2395
ENSG00000177614	29	0	29
ENSG00000223794	0	0	0
ENSG00000235182	0	0	0
ENSG00000213041	0	0	0
ENSG00000287157	0	0	0
ENSG00000233920	0	0	0
ENSG00000183831	0	0	0
ENSG00000225755	0	0	0
ENSG00000143858	41	64	0
ENSG00000197472	0	0	0
ENSG00000230184	0	0	0
ENSG00000234004	0	0	0
ENSG00000232436	0	0	0
ENSG00000231718	0	0	0
ENSG00000283952	0	0	0
ENSG00000230019	0	0	0
ENSG00000136643	528	1	527
ENSG00000232537	0	0	0
ENSG00000226036	0	0	0
ENSG00000285521	1	1	0
ENSG00000236317	0	0	0
ENSG00000176855	0	0	0
ENSG00000227728	0	0	0
ENSG00000133069	250	4	246
ENSG00000162877	2	0	2
ENSG00000233461	40	1	39
ENSG00000225401	1	0	1
ENSG00000228190	0	0	0
ENSG00000135747	0	0	0
ENSG00000227237	2	2	0
ENSG00000069248	1238	3	1235
ENSG00000232812	0	0	0
ENSG00000231666	0	0	0
ENSG00000226986	4	0	4
ENSG00000242042	0	0	0
ENSG00000234464	0	0	0
ENSG00000253148	0	0	0
ENSG00000227751	0	534	1
ENSG00000090104	57	2	55
ENSG00000285280	20	521	11
ENSG00000232892	0	0	0
ENSG00000236950	0	0	0
ENSG00000236468	0	0	0
ENSG00000143322	645	0	645
ENSG00000185220	298	1	297
ENSG00000226003	0	0	0
ENSG00000230813	1	0	1
ENSG00000226862	4	0	6
ENSG00000236101	0	0	0
ENSG00000162769	265	1	264
ENSG00000133065	698	1	697
ENSG00000278684	0	0	0
ENSG00000236775	0	0	0
ENSG00000042781	0	0	0
ENSG00000234754	0	0	0
ENSG00000233084	4	0	4
ENSG00000227815	0	0	0
ENSG00000287046	0	0	0
ENSG00000223774	0	6	0
ENSG00000228863	19	4556	19
ENSG00000228646	0	0	0
ENSG00000229112	0	0	0
ENSG00000233332	0	0	0
ENSG00000231984	0	0	0
ENSG00000286213	0	0	0
ENSG00000226876	1	1	0
ENSG00000277462	63	0	63
ENSG00000225591	1	0	1
ENSG00000035687	1321	3	1318
ENSG00000213080	3	0	3
ENSG00000180287	0	0	0
ENSG00000226693	0	0	0
ENSG00000234678	27	597	2
ENSG00000231272	0	0	0
ENSG00000223828	0	0	0
ENSG00000163431	0	0	6
ENSG00000230124	440	1	493
ENSG00000226723	1	0	1
ENSG00000272672	2	0	2
ENSG00000143473	0	4	0
ENSG00000228982	0	0	0
ENSG00000235096	0	0	0
ENSG00000237250	0	0	0
ENSG00000007341	101	21	148
ENSG00000286747	0	0	0
ENSG00000236069	0	0	0
ENSG00000236244	0	0	0
ENSG00000272865	0	0	0
ENSG00000117222	1061	1	1060
ENSG00000143324	650	1	649
ENSG00000229871	0	0	0
ENSG00000225222	0	0	0
ENSG00000118193	21	0	21
ENSG00000234116	0	0	0
ENSG00000231940	0	0	0
ENSG00000198842	1	0	1
ENSG00000286619	78	0	78
ENSG00000198756	56	0	56
ENSG00000259823	4	3	1
ENSG00000271558	0	0	0
ENSG00000227554	0	0	0
ENSG00000178596	0	0	0
ENSG00000135749	463	23	489
ENSG00000143786	23	2	25
ENSG00000224584	0	0	0
ENSG00000054282	315	24	345
ENSG00000183780	33	0	33
ENSG00000229663	1	1	0
ENSG00000162702	1092	3	1089
ENSG00000251508	0	0	0
ENSG00000238272	0	0	0
ENSG00000228530	0	0	0
ENSG00000235060	1	0	1
ENSG00000143194	1	0	1
ENSG00000229531	0	0	0
ENSG00000271329	0	0	0
ENSG00000054267	2773	26	2750
ENSG00000261831	0	0	0
ENSG00000287921	0	0	0
ENSG00000177800	0	0	0
ENSG00000225620	0	0	0
ENSG00000232166	1	1	0
ENSG00000175137	1842	4	1838
ENSG00000134245	10	59	6
ENSG00000234041	0	0	0
ENSG00000227373	10	1	9
ENSG00000231905	0	0	0
ENSG00000228175	0	0	0
ENSG00000069275	3312	9	3303
ENSG00000143674	77	2	75
ENSG00000237317	0	0	0
ENSG00000187889	0	0	0
ENSG00000134375	712	2	710
ENSG00000097046	194	2	192
ENSG00000232113	0	0	0
ENSG00000282718	0	0	0
ENSG00000231378	0	0	0
ENSG00000235605	0	1	0
ENSG00000223525	0	0	0
ENSG00000224857	0	0	0
ENSG00000273367	4	1	3
ENSG00000230604	1	1	0
ENSG00000231605	0	0	0
ENSG00000236358	2	0	2
ENSG00000203737	0	0	0
ENSG00000238003	0	0	0
ENSG00000215873	0	0	0
ENSG00000287008	0	0	0
ENSG00000185420	159	0	159
ENSG00000076321	430	4	426
ENSG00000272175	0	0	1
ENSG00000231564	0	0	0
ENSG00000135778	493	31	511
ENSG00000213070	0	0	0
ENSG00000282265	0	0	0
ENSG00000250536	0	0	0
ENSG00000229747	0	0	0
ENSG00000117280	2223	6	2217
ENSG00000233985	0	0	0
ENSG00000232175	0	0	0
ENSG00000287423	0	0	0
ENSG00000286774	0	0	0
ENSG00000236719	0	0	0
ENSG00000136636	128	0	128
ENSG00000225486	1	0	1
ENSG00000227043	0	0	0
ENSG00000163874	594	3	591
ENSG00000285777	0	0	0
ENSG00000237249	0	0	0
ENSG00000286109	0	0	0
ENSG00000213068	0	0	0
ENSG00000054392	70	1	73
ENSG00000227994	0	0	0
ENSG00000286552	0	0	0
ENSG00000225711	0	0	0
ENSG00000122223	1254	21	1233
ENSG00000235869	0	0	0
ENSG00000188739	17	0	17
ENSG00000286666	0	0	0
ENSG00000135750	5	0	5
ENSG00000273198	0	0	0
ENSG00000203730	0	0	0
ENSG00000225719	0	0	0
ENSG00000273483	0	0	0
ENSG00000287987	0	0	0
ENSG00000203729	0	0	0
ENSG00000232809	0	0	0
ENSG00000284623	0	0	0
ENSG00000285981	0	0	0
ENSG00000261729	1	0	1
ENSG00000223869	0	0	0
ENSG00000229228	0	0	0
ENSG00000215796	1	1	0
ENSG00000185221	0	0	0
ENSG00000233047	0	0	0
ENSG00000143341	7	0	7
ENSG00000228309	0	0	0
ENSG00000229739	2	0	2
ENSG00000116703	0	0	0
ENSG00000273874	0	0	0
ENSG00000278791	0	2	0
ENSG00000278757	0	0	0
ENSG00000264341	0	0	0
ENSG00000264101	0	0	0
ENSG00000265141	0	0	0
ENSG00000221083	0	0	0
ENSG00000252404	0	0	0
ENSG00000222511	0	0	0
ENSG00000265392	0	0	0
ENSG00000243267	0	0	0
ENSG00000201725	0	0	0
ENSG00000274258	0	0	0
ENSG00000239149	3	0	3
ENSG00000252151	0	0	0
ENSG00000252969	1	1	0
ENSG00000252417	0	0	0
ENSG00000200975	0	0	0
ENSG00000201609	0	0	0
ENSG00000238482	0	0	0
ENSG00000252956	0	0	0
ENSG00000265606	0	0	0
ENSG00000284357	0	0	0
ENSG00000278034	0	0	0
ENSG00000207237	0	0	0
ENSG00000222784	0	0	0
ENSG00000266210	0	0	0
ENSG00000265961	0	0	0
ENSG00000251866	0	0	0
ENSG00000252691	0	0	0
ENSG00000264371	0	0	0
ENSG00000253005	0	0	0
ENSG00000238316	0	0	0
ENSG00000207941	0	0	0
ENSG00000264773	0	0	0
ENSG00000252448	1	1	0
ENSG00000200421	0	0	0
ENSG00000222282	0	0	0
ENSG00000199963	0	0	0
ENSG00000264698	0	0	0
ENSG00000207328	0	0	0
ENSG00000207466	0	0	0
ENSG00000252368	0	0	0
ENSG00000206779	0	0	0
ENSG00000265596	0	0	0
ENSG00000212541	4	4	0
ENSG00000200796	0	0	0
ENSG00000252190	0	0	0
ENSG00000264613	0	0	0
ENSG00000199240	0	0	0
ENSG00000277168	0	0	0
ENSG00000283724	0	0	0
ENSG00000284410	0	0	0
ENSG00000252018	0	0	0
ENSG00000206627	0	0	0
ENSG00000283414	0	0	0
ENSG00000207508	0	0	0
ENSG00000200171	0	0	0
ENSG00000207194	0	0	0
ENSG00000283477	0	0	0
ENSG00000264834	0	0	0
ENSG00000263675	1	0	1
ENSG00000266188	0	0	0
ENSG00000206981	0	0	0
ENSG00000200174	0	0	0
ENSG00000265822	0	0	0
ENSG00000265815	0	0	0
ENSG00000238653	0	0	0
ENSG00000212624	0	0	0
ENSG00000200575	0	0	0
ENSG00000212360	0	0	0
ENSG00000242860	0	0	0
ENSG00000263908	0	0	0
ENSG00000283690	0	0	0
ENSG00000199921	0	0	0
ENSG00000251825	0	0	0
ENSG00000201153	0	0	0
ENSG00000222624	0	0	0
ENSG00000223152	0	0	0
ENSG00000212308	0	0	0
ENSG00000279049	0	29	0
ENSG00000276081	0	0	0
ENSG00000239640	0	0	0
ENSG00000252338	0	0	0
ENSG00000251785	0	0	0
ENSG00000239319	0	0	0
ENSG00000222849	0	0	0
ENSG00000283749	0	0	0
ENSG00000251958	0	0	0
ENSG00000251767	0	0	0
ENSG00000243437	0	0	0
ENSG00000202263	0	0	0
ENSG00000199318	0	0	0
ENSG00000199666	0	0	0
ENSG00000200601	0	0	0
ENSG00000242482	0	0	0
ENSG00000212366	0	0	0
ENSG00000201620	0	0	0
ENSG00000206817	0	0	0
ENSG00000284247	0	0	0
ENSG00000200839	0	0	0
ENSG00000264963	0	0	0
ENSG00000264271	0	0	0
ENSG00000239504	0	0	0
ENSG00000284202	0	0	0
ENSG00000251720	0	0	0
ENSG00000274321	0	0	0
ENSG00000198974	0	0	0
ENSG00000212248	0	0	0
ENSG00000207962	0	0	0
ENSG00000276884	0	0	1
ENSG00000207234	1	0	1
ENSG00000202259	0	0	0
ENSG00000212459	0	0	0
ENSG00000278287	0	0	0
ENSG00000277565	0	0	0
ENSG00000263526	0	0	0
ENSG00000211575	0	0	1
ENSG00000275823	0	0	0
ENSG00000277689	0	0	0
ENSG00000274199	0	0	0
ENSG00000202254	0	0	0
ENSG00000244256	3	0	3
ENSG00000201491	0	0	0
ENSG00000199831	0	0	0
ENSG00000275455	0	0	0
ENSG00000252162	0	0	0
ENSG00000272051	0	0	0
ENSG00000283899	0	0	0
ENSG00000200800	0	0	0
ENSG00000207502	0	0	0
ENSG00000252530	0	0	0
ENSG00000200536	0	0	0
ENSG00000211543	0	0	0
ENSG00000252797	0	0	0
ENSG00000212266	0	0	0
ENSG00000222209	0	0	0
ENSG00000277141	0	0	0
ENSG00000215930	0	0	0
ENSG00000238761	0	0	0
ENSG00000201114	1	1	0
ENSG00000206679	0	0	0
ENSG00000264419	0	0	0
ENSG00000222069	0	0	0
ENSG00000274428	0	0	0
ENSG00000199879	0	0	0
ENSG00000274408	0	0	0
ENSG00000283676	0	0	0
ENSG00000252005	0	0	0
ENSG00000252510	0	0	0
ENSG00000207340	1	0	1
ENSG00000252830	0	0	0
ENSG00000274450	0	0	0
ENSG00000252135	0	0	0
ENSG00000278596	0	0	0
ENSG00000238825	0	0	0
ENSG00000201183	0	0	0
ENSG00000202408	0	0	0
ENSG00000252744	0	0	0
ENSG00000273768	2	1	1
ENSG00000242565	0	0	0
ENSG00000239984	0	0	0
ENSG00000283296	0	0	0
ENSG00000252717	0	0	0
ENSG00000194297	0	0	0
ENSG00000199565	0	0	0
ENSG00000277313	0	0	0
ENSG00000274940	0	0	0
ENSG00000207341	0	0	0
ENSG00000207472	0	0	0
ENSG00000206880	0	0	0
ENSG00000252552	0	0	0
ENSG00000199849	0	0	0
ENSG00000252407	0	0	0
ENSG00000212538	0	0	0
ENSG00000251813	0	0	0
ENSG00000207108	0	0	0
ENSG00000201312	0	0	0
ENSG00000207039	0	0	0
ENSG00000202491	0	0	0
ENSG00000201596	0	0	0
ENSG00000276839	0	0	0
ENSG00000207974	0	0	0
ENSG00000273629	0	0	0
ENSG00000201493	0	0	0
ENSG00000215952	0	0	0
ENSG00000200139	0	0	0
ENSG00000283575	0	0	0
ENSG00000238765	0	0	0
ENSG00000264916	0	0	0
ENSG00000212338	0	0	0
ENSG00000206659	0	0	0
ENSG00000253025	0	0	0
ENSG00000201619	0	0	0
ENSG00000201544	1	1	0
ENSG00000202498	0	0	0
ENSG00000221545	0	0	0
ENSG00000252906	1	0	1
ENSG00000206692	0	0	0
ENSG00000202329	0	0	0
ENSG00000242794	0	0	0
ENSG00000212144	0	0	0
ENSG00000283340	0	0	0
ENSG00000252860	0	0	0
ENSG00000252501	0	0	0
ENSG00000263390	0	0	0
ENSG00000207181	2	0	2
ENSG00000265744	0	0	0
ENSG00000264377	0	0	0
ENSG00000207149	0	0	0
ENSG00000283936	0	0	0
ENSG00000284485	0	0	0
ENSG00000201638	0	0	0
ENSG00000275213	0	0	0
ENSG00000239494	4	1	3
ENSG00000212230	0	0	0
ENSG00000252371	0	0	0
ENSG00000199442	0	0	0
ENSG00000200033	0	0	0
ENSG00000239690	0	0	0
ENSG00000202184	0	0	0
ENSG00000241395	0	0	0
ENSG00000200982	0	0	0
ENSG00000275207	0	0	0
ENSG00000202300	0	0	0
ENSG00000222407	0	0	0
ENSG00000222986	0	0	0
ENSG00000265435	0	0	0
ENSG00000272262	0	0	0
ENSG00000200495	0	0	0
ENSG00000202609	0	0	0
ENSG00000252553	0	0	0
ENSG00000206764	0	0	0
ENSG00000222240	0	0	0
ENSG00000212187	0	0	0
ENSG00000206637	0	0	0
ENSG00000253097	0	0	0
ENSG00000200036	0	0	0
ENSG00000201421	0	0	0
ENSG00000212610	0	0	0
ENSG00000252484	0	0	0
ENSG00000201944	0	0	0
ENSG00000200327	0	0	0
ENSG00000206905	0	0	0
ENSG00000200972	0	0	0
ENSG00000243051	0	0	0
ENSG00000252011	0	0	0
ENSG00000207326	0	0	0
ENSG00000212205	3	3	0
ENSG00000253042	0	0	0
ENSG00000274121	0	0	0
ENSG00000264358	0	0	0
ENSG00000206640	0	0	0
ENSG00000212527	0	0	0
ENSG00000252879	0	0	0
ENSG00000252612	1	0	1
ENSG00000202264	0	0	0
ENSG00000285609	0	0	0
ENSG00000206762	5	5	0
ENSG00000252084	0	0	0
ENSG00000200085	0	0	0
ENSG00000264500	4	4	0
ENSG00000202025	0	0	0
ENSG00000225545	0	0	0
ENSG00000206990	0	0	0
ENSG00000230175	0	0	0
ENSG00000225272	0	0	0
ENSG00000215838	2	2	0
ENSG00000273365	0	0	0
ENSG00000224358	9	0	9
ENSG00000230659	0	0	0
ENSG00000162545	29	0	29
ENSG00000090432	839	4	835
ENSG00000215520	0	0	0
ENSG00000183114	0	0	0
ENSG00000158825	1175	0	1175
ENSG00000158828	349	112	1373
ENSG00000284005	0	0	0
ENSG00000117242	78	1032	182
ENSG00000234473	0	0	0
ENSG00000238754	0	0	0
ENSG00000134371	1097	8	1092
ENSG00000221680	0	0	0
ENSG00000162630	66	0	69
ENSG00000276735	0	0	0
ENSG00000232077	0	0	0
ENSG00000229639	0	0	0
ENSG00000287453	0	0	0
ENSG00000270615	0	0	0
ENSG00000287283	0	0	0
ENSG00000240692	0	0	0
ENSG00000229359	0	0	0
ENSG00000237919	0	0	0
ENSG00000066557	395	0	395
ENSG00000244389	0	0	0
ENSG00000228988	0	0	0
ENSG00000118454	570	3	568
ENSG00000226088	2	3	0
ENSG00000116761	27	0	27
ENSG00000278636	0	0	0
ENSG00000271992	0	0	0
ENSG00000233020	0	0	0
ENSG00000237033	0	0	0
ENSG00000226208	0	0	0
ENSG00000007968	554	1	553
ENSG00000235052	3	0	3
ENSG00000117318	645	0	645
ENSG00000285802	7	0	7
ENSG00000229239	0	0	0
ENSG00000142676	35948	608	35340
ENSG00000057757	935	2	933
ENSG00000011009	1589	3	1587
ENSG00000117308	162	0	162
ENSG00000273844	0	0	0
ENSG00000235748	0	0	0
ENSG00000237861	1	0	1
ENSG00000221879	0	0	0
ENSG00000230260	0	0	0
ENSG00000199241	0	0	0
ENSG00000226919	0	1	0
ENSG00000223963	0	0	0
ENSG00000215802	0	0	0
ENSG00000233615	0	0	0
ENSG00000238085	0	0	0
ENSG00000265831	0	0	0
ENSG00000224348	0	0	0
ENSG00000286496	0	0	0
ENSG00000287516	0	0	0
ENSG00000287738	0	0	0
ENSG00000132703	0	0	0
ENSG00000276632	0	0	0
ENSG00000223603	0	0	0
ENSG00000132693	0	0	0
ENSG00000235226	0	0	0
ENSG00000158716	228	0	228
ENSG00000181036	986	6	980
ENSG00000158714	57	21	198
ENSG00000212161	0	0	0
ENSG00000243284	0	0	0
ENSG00000272668	19	3	16
ENSG00000213085	32	0	32
ENSG00000266458	0	0	0
ENSG00000287040	3	1	2
ENSG00000279430	1	0	1
ENSG00000162723	2	0	2
ENSG00000273933	0	0	0
ENSG00000256029	1	54	7
ENSG00000188004	0	0	0
ENSG00000266580	0	0	0
ENSG00000254545	0	2	0
ENSG00000203620	0	0	0
ENSG00000269967	2	0	2
ENSG00000228634	1	1	0
ENSG00000284702	0	0	0
ENSG00000221040	0	0	0
ENSG00000287217	0	0	0
ENSG00000163399	3656	42	9766
ENSG00000212385	0	0	0
ENSG00000233154	5	0	5
ENSG00000230381	0	0	0
ENSG00000200547	0	0	0
ENSG00000224950	30	0	37
ENSG00000286276	6	13	0
ENSG00000177888	633	1	632
ENSG00000243364	114	0	114
ENSG00000251246	0	0	0
ENSG00000143590	28	0	28
ENSG00000202027	0	0	0
ENSG00000169242	52	0	52
ENSG00000169241	679	4	675
ENSG00000223452	0	0	0
ENSG00000163463	84	0	84
ENSG00000273088	0	0	0
ENSG00000284586	0	0	0
ENSG00000169231	149	5	359
ENSG00000236263	0	38	6
ENSG00000236675	66	66	0
ENSG00000177628	1093	1	1092
ENSG00000116521	1246	1	1245
ENSG00000176444	1349	1	1348
ENSG00000143630	34	0	39
ENSG00000143627	0	5	0
ENSG00000253074	0	0	0
ENSG00000252116	0	0	0
ENSG00000228523	0	0	0
ENSG00000223263	1	1	0
ENSG00000207504	0	0	0
ENSG00000238139	0	0	0
ENSG00000197721	9	0	9
ENSG00000244703	0	0	0
ENSG00000226289	0	0	0
ENSG00000285239	0	0	0
ENSG00000234219	1	2	0
ENSG00000174059	8	0	8
ENSG00000285719	0	0	0
ENSG00000284237	0	0	0
ENSG00000158731	0	0	0
ENSG00000201746	2	0	2
ENSG00000264881	0	0	0
ENSG00000199562	0	0	0
ENSG00000264501	0	0	0
ENSG00000284735	5	5	0
ENSG00000284642	6	0	6
ENSG00000142657	4957	15	4942
ENSG00000271989	0	3	0
ENSG00000251503	0	0	0
ENSG00000175279	3	0	3
ENSG00000160049	697	4	807
ENSG00000203469	0	60	0
ENSG00000236035	2	2	0
ENSG00000221643	1	0	1
ENSG00000122188	801	4	797
ENSG00000288644	0	0	0
ENSG00000227417	1	1	0
ENSG00000223505	0	0	0
ENSG00000182004	703	1	702
ENSG00000236430	0	0	0
ENSG00000130768	8	4	11
ENSG00000227050	0	19	1
ENSG00000238231	0	0	0
ENSG00000240750	0	0	0
ENSG00000158156	950	3	961
ENSG00000182118	49	0	49
ENSG00000283799	0	0	0
ENSG00000227934	1	0	1
ENSG00000229595	0	0	0
ENSG00000143633	318	1	317
ENSG00000281912	7	0	8
ENSG00000288208	0	0	0
ENSG00000132773	252	46	309
ENSG00000070759	187	19	196
ENSG00000236872	0	0	0
ENSG00000280670	109	0	109
ENSG00000132763	114	913	118
ENSG00000221953	0	0	0
ENSG00000226164	0	0	0
ENSG00000224014	3	0	3
ENSG00000215795	0	0	0
ENSG00000259865	293	1	292
ENSG00000227671	793	5	788
ENSG00000283881	0	0	0
ENSG00000252516	3	0	3
ENSG00000232347	0	0	0
ENSG00000214144	0	0	0
ENSG00000235818	0	0	0
ENSG00000197617	0	0	0
ENSG00000202079	1	1	0
ENSG00000286216	1	3	0
ENSG00000203664	0	0	0
ENSG00000169224	23	0	24
ENSG00000236817	0	1	0
ENSG00000177489	0	0	0
ENSG00000177476	0	0	0
ENSG00000283369	0	0	0
ENSG00000230411	0	0	0
ENSG00000251977	0	0	0
ENSG00000252254	0	0	0
ENSG00000227854	0	0	0
ENSG00000287589	0	0	0
ENSG00000259776	0	0	0
ENSG00000233355	832	1	848
ENSG00000234601	0	0	0
ENSG00000231979	0	0	0
ENSG00000215805	0	0	0
ENSG00000287102	0	0	0
ENSG00000217327	0	0	0
ENSG00000228818	0	0	0
ENSG00000202041	0	0	0
ENSG00000223694	0	0	0
ENSG00000233735	0	0	0
ENSG00000133019	9	17	9
ENSG00000162636	763	4	759
ENSG00000162639	499	0	499
ENSG00000285923	2	0	2
ENSG00000134186	2725	67	2658
ENSG00000143107	0	0	0
ENSG00000232971	0	0	0
ENSG00000116266	1454	3	1451
ENSG00000228076	1	1	0
ENSG00000203897	0	0	0
ENSG00000237349	0	0	0
ENSG00000244716	35	0	35
ENSG00000228665	0	0	0
ENSG00000228054	0	0	0
ENSG00000273382	10	128	8
ENSG00000215717	1780	2	1904
ENSG00000278249	0	0	0
ENSG00000270066	0	0	0
ENSG00000251484	0	0	0
ENSG00000132676	2111	123	2111
ENSG00000227673	0	0	0
ENSG00000203761	119	75	89
ENSG00000234937	1	1	0
ENSG00000132718	938	6	932
ENSG00000283442	0	0	0
ENSG00000143622	1392	3	1389
ENSG00000132680	1374	2	1372
ENSG00000207475	0	0	0
ENSG00000280466	0	0	0
ENSG00000281394	0	0	0
ENSG00000277817	1	0	1
ENSG00000273002	37	0	39
ENSG00000224276	2	2	0
ENSG00000285677	3	2057	2
ENSG00000163479	3818	2	5871
ENSG00000160803	936	0	937
ENSG00000132698	8	0	8
ENSG00000252236	0	0	0
ENSG00000260238	0	0	0
ENSG00000242252	7	0	7
ENSG00000198952	2222	2	2220
ENSG00000163472	166	150	194
ENSG00000163468	3297	6	3292
ENSG00000132677	0	0	0
ENSG00000237390	0	0	0
ENSG00000207933	0	0	0
ENSG00000254726	5	0	5
ENSG00000186377	0	0	0
ENSG00000186160	0	0	0
ENSG00000225154	0	0	0
ENSG00000225506	0	0	0
ENSG00000225514	0	0	0
ENSG00000224805	10	1	11
ENSG00000162366	324	0	324
ENSG00000226252	2	46	3
ENSG00000225762	4	2	2
ENSG00000186790	0	0	0
ENSG00000237424	69	0	69
ENSG00000189030	0	0	0
ENSG00000162763	0	0	0
ENSG00000143061	4	0	4
ENSG00000135821	6716	22	6694
ENSG00000203740	0	0	0
ENSG00000162374	1	0	1
ENSG00000168275	139	12	201
ENSG00000241563	1	1	0
ENSG00000153207	2448	3	2445
ENSG00000156869	93	0	93
ENSG00000033122	53	13	40
ENSG00000143278	1	0	1
ENSG00000116678	155	0	155
ENSG00000159352	2658	4	2654
ENSG00000158710	18659	20	18639
ENSG00000162734	1869	20	1978
ENSG00000049239	2066	1	2065
ENSG00000186564	14	0	14
ENSG00000244038	4245	4	4241
ENSG00000158747	75	0	75
ENSG00000116690	36	265	38
ENSG00000126091	28	1	28
ENSG00000162383	88	1	87
ENSG00000171163	551	2	549
ENSG00000172456	62	0	62
ENSG00000162946	367	2	366
ENSG00000158786	0	0	0
ENSG00000118733	0	0	0
ENSG00000157870	423	5	545
ENSG00000179085	176	1	175
ENSG00000173080	3	2	1
ENSG00000183347	71	0	71
ENSG00000276470	0	0	0
ENSG00000278852	0	0	0
ENSG00000275915	0	0	0
ENSG00000120937	0	0	0
ENSG00000224904	0	0	0
ENSG00000285646	4	4	0
ENSG00000199347	0	0	0
ENSG00000201801	0	0	0
ENSG00000116685	1904	2	1902
ENSG00000083444	1351	2	1349
ENSG00000287384	0	0	0
ENSG00000270914	0	0	0
ENSG00000116691	789	3	786
ENSG00000202461	2	2	0
ENSG00000276869	0	0	0
ENSG00000243539	0	0	0
ENSG00000120949	259	0	259
ENSG00000201135	0	0	0
ENSG00000227875	0	0	0
ENSG00000285604	0	0	0
ENSG00000283789	0	0	0
ENSG00000263676	0	0	0
ENSG00000200591	0	0	0
ENSG00000162521	2550	14	3700
ENSG00000162520	5	1156	13
ENSG00000224409	0	0	0
ENSG00000162522	83	2	81
ENSG00000116497	887	3	898
ENSG00000160097	8	2	6
ENSG00000121905	0	0	0
ENSG00000121900	1	0	1
ENSG00000287691	15	18	0
ENSG00000278966	5	5	0
ENSG00000143222	1238	6	1600
ENSG00000224985	1	366	3
ENSG00000143224	368	107	386
ENSG00000158850	1160	25	1257
ENSG00000158859	36	1	36
ENSG00000158869	4987	4	4983
ENSG00000158874	1	1	0
ENSG00000158882	231	0	341
ENSG00000284035	0	0	0
ENSG00000143257	8	118	0
ENSG00000248485	9	9	0
ENSG00000188931	68	79	2
ENSG00000236484	0	0	0
ENSG00000283696	31	0	31
ENSG00000288093	2	0	2
ENSG00000206921	0	0	0
ENSG00000215840	3	0	3
ENSG00000277882	0	0	0
ENSG00000283317	3	2	1
ENSG00000277762	0	0	0
ENSG00000227139	0	0	0
ENSG00000265107	0	0	0
ENSG00000274415	0	0	0
ENSG00000234190	0	0	0
ENSG00000223728	0	0	0
ENSG00000121634	0	0	0
ENSG00000188092	112	1	111
ENSG00000215859	15	16	0
ENSG00000273059	0	0	1
ENSG00000274372	7	0	7
ENSG00000206791	0	0	0
ENSG00000206585	0	0	0
ENSG00000229828	1	0	1
ENSG00000225080	1	1	0
ENSG00000198658	0	0	0
ENSG00000238382	0	0	0
ENSG00000225919	0	0	0
ENSG00000236497	0	0	0
ENSG00000207190	0	0	0
ENSG00000200508	0	0	0
ENSG00000284928	0	0	0
ENSG00000223949	0	0	0
ENSG00000116688	2928	4	2924
ENSG00000188800	0	0	0
ENSG00000084073	1101	2	1103
ENSG00000231296	0	4	0
ENSG00000049089	281	1	280
ENSG00000227311	1	0	1
ENSG00000213172	1	0	1
ENSG00000284677	2	2	0
ENSG00000187801	70	0	70
ENSG00000260920	50	1	49
ENSG00000158887	95	0	95
ENSG00000255054	0	0	0
ENSG00000228172	11	267	27
ENSG00000117640	448	12	635
ENSG00000272478	0	0	0
ENSG00000127423	16	21	7
ENSG00000182749	163	12	230
ENSG00000207302	0	0	0
ENSG00000117632	855	3	852
ENSG00000229786	0	0	0
ENSG00000223624	0	0	0
ENSG00000283938	0	0	0
ENSG00000199385	0	0	0
ENSG00000187147	1367	25	2120
ENSG00000263381	0	0	0
ENSG00000126106	75	761	92
ENSG00000198520	417	2	415
ENSG00000199377	0	0	0
ENSG00000200169	0	0	0
ENSG00000142945	39	2	46
ENSG00000142937	22831	60	25662
ENSG00000264294	0	0	0
ENSG00000200913	3	0	3
ENSG00000202031	0	0	0
ENSG00000207421	0	0	0
ENSG00000281859	0	0	0
ENSG00000234093	1	1	0
ENSG00000142959	6	0	6
ENSG00000173846	399	1	414
ENSG00000117425	16	0	16
ENSG00000202444	0	0	0
ENSG00000226499	1	0	1
ENSG00000070785	256	1	255
ENSG00000253039	0	0	0
ENSG00000229815	0	0	0
ENSG00000232369	0	0	0
ENSG00000268949	0	0	0
ENSG00000126107	1154	3	1165
ENSG00000126088	719	13	720
ENSG00000234315	0	0	0
ENSG00000162408	758	2	756
ENSG00000229519	6	6	0
ENSG00000173662	2	0	2
ENSG00000204859	621	5	616
ENSG00000288629	0	0	0
ENSG00000230735	0	7	0
ENSG00000171488	2596	1	2595
ENSG00000226394	1	1	0
ENSG00000237200	3	0	3
ENSG00000070886	1	0	1
ENSG00000276835	0	0	0
ENSG00000265422	0	0	0
ENSG00000223776	1	68	2
ENSG00000273058	21	1	20
ENSG00000230325	2	8	7
ENSG00000119285	1142	754	1381
ENSG00000226498	0	0	0
ENSG00000237991	1	0	1
ENSG00000244020	0	0	0
ENSG00000288099	0	0	0
ENSG00000225886	20	25	0
ENSG00000206767	0	0	0
ENSG00000226662	0	0	0
ENSG00000207095	0	0	0
ENSG00000287244	0	0	0
ENSG00000231344	1	0	1
ENSG00000230833	0	0	0
ENSG00000117758	888	0	888
ENSG00000269971	1	0	1
ENSG00000270031	8	0	8
ENSG00000223062	0	0	0
ENSG00000286433	0	96	0
ENSG00000117751	1268	13	1351
ENSG00000252947	0	0	0
ENSG00000130775	5861	3	5863
ENSG00000117748	1772	41	1736
ENSG00000223643	0	0	0
ENSG00000230239	0	0	0
ENSG00000263811	0	0	0
ENSG00000277234	0	0	0
ENSG00000235241	0	90	0
ENSG00000207005	0	0	0
ENSG00000272426	1	1	0
ENSG00000117122	1	0	2
ENSG00000286898	0	1	0
ENSG00000226526	0	95	0
ENSG00000159363	1092	0	1134
ENSG00000117118	1295	0	1295
ENSG00000117115	2501	3	2498
ENSG00000204362	0	0	0
ENSG00000282843	0	0	0
ENSG00000142623	0	0	0
ENSG00000142619	0	0	0
ENSG00000266634	0	0	0
ENSG00000199459	0	0	0
ENSG00000273264	0	0	0
ENSG00000282057	0	0	0
ENSG00000272691	0	0	0
ENSG00000199934	0	0	0
ENSG00000230285	0	0	0
ENSG00000142871	0	0	0
ENSG00000226643	0	0	0
ENSG00000234419	0	0	0
ENSG00000276997	8	0	8
ENSG00000222399	0	0	0
ENSG00000267305	0	0	0
ENSG00000143512	4	0	4
ENSG00000143498	171	0	189
ENSG00000225265	10	18	10
ENSG00000154305	1964	66	2300
ENSG00000229399	1	1	0
ENSG00000272750	14	399	13
ENSG00000186063	1134	39	1120
ENSG00000162819	1243	3	1261
ENSG00000287684	2	3	1
ENSG00000234523	0	0	0
ENSG00000287338	1	0	1
ENSG00000187554	608	39	569
ENSG00000236846	4	0	4
ENSG00000226601	1	0	1
ENSG00000164010	199	7	350
ENSG00000164011	210	0	210
ENSG00000233708	0	0	0
ENSG00000237090	0	0	0
ENSG00000225099	1	0	1
ENSG00000284138	2	0	2
ENSG00000283973	1	5	0
ENSG00000207256	0	0	0
ENSG00000283136	0	0	0
ENSG00000277513	0	0	0
ENSG00000154309	144	1	143
ENSG00000226967	0	0	0
ENSG00000231407	1	2	1
ENSG00000229570	0	0	0
ENSG00000203857	0	0	0
ENSG00000226443	3	0	3
ENSG00000249798	0	0	0
ENSG00000239873	0	0	0
ENSG00000203855	2	2	0
ENSG00000240244	0	0	0
ENSG00000260941	4	0	4
ENSG00000198857	6	4	2
ENSG00000143067	88	0	88
ENSG00000134240	0	0	0
ENSG00000134193	30	0	30
ENSG00000215864	0	0	0
ENSG00000227205	0	0	0
ENSG00000226446	0	0	0
ENSG00000134249	0	0	0
ENSG00000092621	188	0	188
ENSG00000027644	2	2	0
ENSG00000241992	0	0	0
ENSG00000234226	0	0	0
ENSG00000137970	99	0	99
ENSG00000223229	0	0	0
ENSG00000285698	0	0	0
ENSG00000228035	0	0	0
ENSG00000287103	0	0	0
ENSG00000226973	0	0	0
ENSG00000274468	0	0	0
ENSG00000130764	971	18	1129
ENSG00000266075	3	3	0
ENSG00000272153	20	191	5
ENSG00000230026	0	0	0
ENSG00000285177	0	1	0
ENSG00000284770	12	98	14
ENSG00000229795	0	0	0
ENSG00000238236	0	0	0
ENSG00000235638	0	0	0
ENSG00000231199	0	0	0
ENSG00000226663	0	0	0
ENSG00000231582	0	0	0
ENSG00000232714	0	0	0
ENSG00000235761	0	0	0
ENSG00000270710	0	0	0
ENSG00000227236	0	0	0
ENSG00000198837	5872	11	6186
ENSG00000160741	2105	1	2104
ENSG00000276584	0	0	0
ENSG00000282386	7	3	4
ENSG00000273026	4	0	4
ENSG00000143578	133	30	158
ENSG00000143543	162	13	188
ENSG00000285641	0	9	1
ENSG00000143545	12	1	11
ENSG00000177954	38301	10	38291
ENSG00000231416	0	0	0
ENSG00000200220	0	0	0
ENSG00000231837	0	0	0
ENSG00000263987	0	0	0
ENSG00000162642	459	0	459
ENSG00000223254	1	1	0
ENSG00000223653	1	65	3
ENSG00000116198	831	5	830
ENSG00000169598	285	0	289
ENSG00000226653	0	0	0
ENSG00000207209	0	0	0
ENSG00000272443	0	0	0
ENSG00000272480	0	0	0
ENSG00000288626	0	0	0
ENSG00000162836	217	1	216
ENSG00000207080	0	0	0
ENSG00000231791	0	0	0
ENSG00000244568	0	0	0
ENSG00000271387	1	0	1
ENSG00000116667	388	0	388
ENSG00000230470	0	0	0
ENSG00000232036	0	0	0
ENSG00000285847	1	1	0
ENSG00000286378	0	0	0
ENSG00000215381	0	0	0
ENSG00000261326	96	0	96
ENSG00000284726	6	6	0
ENSG00000125945	315	9	316
ENSG00000201405	0	0	0
ENSG00000271420	6	0	6
ENSG00000204219	266	0	266
ENSG00000232482	0	0	0
ENSG00000285779	0	0	0
ENSG00000162885	208	55	356
ENSG00000270780	0	0	0
ENSG00000232895	0	0	0
ENSG00000273698	0	0	0
ENSG00000273112	64	3	61
ENSG00000173110	821	10	811
ENSG00000224203	1	3	0
ENSG00000224515	0	0	0
ENSG00000225217	499	2	497
ENSG00000231586	3	3	0
ENSG00000234211	3	51	0
ENSG00000213075	2	2	0
ENSG00000143125	0	0	0
ENSG00000270380	0	0	0
ENSG00000282887	0	0	0
ENSG00000283999	0	0	0
ENSG00000240194	0	0	0
ENSG00000235407	0	0	0
ENSG00000143105	0	0	0
ENSG00000199710	0	0	0
ENSG00000237415	0	0	0
ENSG00000232791	0	0	0
ENSG00000177301	59	0	59
ENSG00000226828	2	2	0
ENSG00000279774	0	0	0
ENSG00000229960	1	0	1
ENSG00000286486	0	0	0
ENSG00000244066	0	0	0
ENSG00000237759	0	0	0
ENSG00000287531	0	0	0
ENSG00000225855	58	838	18
ENSG00000283701	0	0	0
ENSG00000207134	0	0	0
ENSG00000227773	0	0	0
ENSG00000207144	0	0	0
ENSG00000237872	1	1	0
ENSG00000271267	6	6	0
ENSG00000225082	0	0	0
ENSG00000223503	3	3	0
ENSG00000232519	0	1	0
ENSG00000160752	473	14	1246
ENSG00000121957	68	282	92
ENSG00000235089	0	0	0
ENSG00000285179	0	0	0
ENSG00000223026	0	0	0
ENSG00000225721	0	2890	11
ENSG00000188396	11	23	4
ENSG00000202167	0	0	0
ENSG00000207349	0	0	0
ENSG00000252826	0	0	0
ENSG00000206737	0	0	0
ENSG00000223779	0	0	0
ENSG00000242352	0	0	0
ENSG00000270962	0	0	0
ENSG00000263590	0	0	0
ENSG00000252105	0	0	0
ENSG00000233430	0	0	0
ENSG00000237503	0	0	0
ENSG00000265531	57	0	66
ENSG00000234571	15	24	0
ENSG00000230186	0	4	0
ENSG00000268074	0	0	0
ENSG00000270872	4	0	4
ENSG00000276674	0	0	0
ENSG00000082482	0	0	0
ENSG00000116747	956	26	1161
ENSG00000118729	0	0	0
ENSG00000134207	2	1	1
ENSG00000163467	4	3	2
ENSG00000243710	1	1	1
ENSG00000117395	508	3	506
ENSG00000116874	191	12	202
ENSG00000065600	301	1	300
ENSG00000009780	243	0	243
ENSG00000023572	249	245	198
ENSG00000077254	1820	4	1816
ENSG00000134644	2620	5	2615
ENSG00000215788	1208	3	1297
ENSG00000117834	15	6	10
ENSG00000117625	1044	3	1041
ENSG00000179902	1	0	2
ENSG00000020633	4738	7	4731
ENSG00000121766	405	1	614
ENSG00000143157	1736	7	1729
ENSG00000162614	141	4	148
ENSG00000160781	34	0	34
ENSG00000143344	115	0	115
ENSG00000162613	2966	11	2955
ENSG00000116882	0	0	0
ENSG00000198758	1	0	1
ENSG00000117569	303	1	302
ENSG00000142856	135	74	132
ENSG00000158022	1	0	1
ENSG00000116396	169	2	167
ENSG00000058668	4953	7	4946
ENSG00000163875	1333	3	1330
ENSG00000282872	0	0	0
ENSG00000131238	6988	23	6966
ENSG00000171680	89	0	89
ENSG00000244457	0	0	0
ENSG00000116977	1527	346	2418
ENSG00000229372	0	207	1
ENSG00000274975	0	0	0
ENSG00000229348	0	0	0
ENSG00000242485	740	37	838
ENSG00000264293	0	0	0
ENSG00000272455	43	1	43
ENSG00000225905	0	0	0
ENSG00000225285	0	0	0
ENSG00000179403	0	0	0
ENSG00000215915	29	0	29
ENSG00000236085	0	0	0
ENSG00000234441	0	0	0
ENSG00000227408	0	0	0
ENSG00000223635	0	0	0
ENSG00000135776	654	0	654
ENSG00000199672	1	0	1
ENSG00000201492	1	1	0
ENSG00000229367	0	0	0
ENSG00000135763	467	0	467
ENSG00000213028	1	1	0
ENSG00000225984	0	0	0
ENSG00000178828	0	0	0
ENSG00000235434	0	0	0
ENSG00000169914	271	0	271
ENSG00000188784	0	0	0
ENSG00000242688	0	0	0
ENSG00000177186	0	0	0
ENSG00000177174	0	0	0
ENSG00000269956	16	179	0
ENSG00000162456	0	0	0
ENSG00000079277	848	2	1009
ENSG00000117407	2	0	2
ENSG00000237950	17	0	17
ENSG00000117408	675	1	674
ENSG00000285649	0	69	0
ENSG00000117410	3079	0	3079
ENSG00000159214	36	1	45
ENSG00000196517	23	9	24
ENSG00000227163	0	0	0
ENSG00000271647	0	0	0
ENSG00000239560	0	0	0
ENSG00000196539	0	0	0
ENSG00000229255	1	0	1
ENSG00000203661	0	0	0
ENSG00000271934	0	0	0
ENSG00000224521	2	0	3
ENSG00000227102	0	0	0
ENSG00000183310	0	0	0
ENSG00000201602	0	0	0
ENSG00000271701	0	0	0
ENSG00000189181	0	0	0
ENSG00000187238	0	0	0
ENSG00000185962	0	0	0
ENSG00000226947	0	0	0
ENSG00000285753	0	0	0
ENSG00000187223	0	0	0
ENSG00000159455	0	0	0
ENSG00000187173	0	0	0
ENSG00000204501	0	0	0
ENSG00000228229	0	0	0
ENSG00000204481	0	0	0
ENSG00000204479	0	0	0
ENSG00000172031	8	0	8
ENSG00000233228	0	0	0
ENSG00000224678	0	0	0
ENSG00000233401	0	0	0
ENSG00000273487	3	0	3
ENSG00000226773	1	0	1
ENSG00000274481	0	0	0
ENSG00000228594	99	0	99
ENSG00000286989	33	0	33
ENSG00000272106	40	2	46
ENSG00000189409	2	0	2
ENSG00000272004	3	286	9
ENSG00000189339	2533	22	2804
ENSG00000269737	37	36	1
ENSG00000215914	4	0	4
ENSG00000008128	33	0	33
ENSG00000268575	15	0	22
ENSG00000227775	89	102	1
ENSG00000008130	7273	8	7265
ENSG00000078369	9020	18	9002
ENSG00000178821	1	0	1
ENSG00000158477	119	0	119
ENSG00000230942	0	0	0
ENSG00000158481	687	0	687
ENSG00000158485	15	0	15
ENSG00000158488	51	1	50
ENSG00000186306	0	0	0
ENSG00000203758	0	0	0
ENSG00000236257	0	0	0
ENSG00000236656	0	0	0
ENSG00000198703	0	0	0
ENSG00000227445	0	0	0
ENSG00000231434	1	0	1
ENSG00000117505	2974	9	3036
ENSG00000229635	1	1	0
ENSG00000207379	0	0	0
ENSG00000212601	0	0	0
ENSG00000162889	3324	2	3322
ENSG00000224114	2	0	2
ENSG00000199349	0	0	0
ENSG00000162892	109	1200	5
ENSG00000162894	8950	13	10033
ENSG00000271680	19	19	0
ENSG00000226945	24	24	0
ENSG00000162896	1	0	1
ENSG00000162897	1	1	0
ENSG00000182795	26	0	26
ENSG00000198890	439	3	436
ENSG00000224550	0	0	0
ENSG00000142669	8954	10	13467
ENSG00000169442	5771	13	11353
ENSG00000225854	0	0	0
ENSG00000176083	588	1	587
ENSG00000229167	0	0	0
ENSG00000142910	0	0	0
ENSG00000162517	1092	3	1296
ENSG00000235790	1	0	2
ENSG00000264078	0	0	0
ENSG00000241745	0	0	0
ENSG00000228407	0	0	0
ENSG00000223429	0	0	0
ENSG00000224255	0	0	0
ENSG00000236004	0	0	0
ENSG00000237663	0	0	0
ENSG00000213735	0	0	0
ENSG00000272100	2	160	1
ENSG00000287078	1	0	1
ENSG00000224680	1	0	1
ENSG00000085840	58	0	58
ENSG00000283445	3	0	3
ENSG00000272226	3	3	0
ENSG00000231740	0	0	0
ENSG00000143751	1022	1	1021
ENSG00000272562	4	1	5
ENSG00000163041	7874	8	7868
ENSG00000225518	2	0	2
ENSG00000270598	0	0	0
ENSG00000182827	1027	8	1171
ENSG00000234478	2	154	0
ENSG00000223570	0	0	0
ENSG00000185155	15	0	15
ENSG00000236773	1	0	1
ENSG00000143753	1761	1	1760
ENSG00000201898	0	0	0
ENSG00000237101	0	54	0
ENSG00000143748	464	1	517
ENSG00000221406	0	0	0
ENSG00000229742	0	0	0
ENSG00000206887	0	0	0
ENSG00000143771	719	3	716
ENSG00000266618	0	0	0
ENSG00000229991	0	0	0
ENSG00000233384	0	0	0
ENSG00000234247	0	0	0
ENSG00000183682	113	157	10
ENSG00000237624	1	0	1
ENSG00000228060	1	745	1
ENSG00000201457	0	0	0
ENSG00000163909	3	0	3
ENSG00000225903	0	0	0
ENSG00000116983	141	1	140
ENSG00000225333	0	0	0
ENSG00000252413	0	0	0
ENSG00000090621	2335	7	3073
ENSG00000236994	0	0	0
ENSG00000275406	0	0	0
ENSG00000270287	0	0	0
ENSG00000229965	0	0	0
ENSG00000223282	0	0	0
ENSG00000177770	0	0	0
ENSG00000287627	0	0	0
ENSG00000283933	0	0	0
ENSG00000143369	10	0	10
ENSG00000228126	2	0	2
ENSG00000237781	60	136	104
ENSG00000264553	5	5	0
ENSG00000277452	10	0	10
ENSG00000274963	5	0	5
ENSG00000253047	3	0	3
ENSG00000143420	2669	20	2649
ENSG00000276103	0	0	0
ENSG00000143457	600	0	600
ENSG00000143452	37	0	37
ENSG00000206931	0	0	0
ENSG00000236713	0	0	0
ENSG00000224690	1	1	0
ENSG00000203804	2	232	67
ENSG00000143384	31199	72	31130
ENSG00000154342	0	0	0
ENSG00000276255	0	0	0
ENSG00000284163	0	0	0
ENSG00000143793	280	13	267
ENSG00000162910	349	1	348
ENSG00000224566	2	0	2
ENSG00000287895	3	2	1
ENSG00000280157	6	0	6
ENSG00000227625	0	0	0
ENSG00000198835	17	0	17
ENSG00000203684	2	0	2
ENSG00000181873	329	0	329
ENSG00000162913	25	18	39
ENSG00000269934	37	127	89
ENSG00000270110	10	10	0
ENSG0000