N_unmapped	502427	502427	502427
N_multimapping	4324525	4324525	4324525
N_noFeature	1034288	31898715	1176225
N_ambiguous	3868591	58681	1483606
ENSG00000160072	338	0	338
ENSG00000234396	1	1	1
ENSG00000225972	22	0	22
ENSG00000224315	0	0	0
ENSG00000198744	29	0	29
ENSG00000279928	12	0	12
ENSG00000228037	44	0	44
ENSG00000142611	3	0	3
ENSG00000225630	1654	17	1637
ENSG00000284616	0	0	0
ENSG00000157911	112	821	234
ENSG00000269896	36	0	36
ENSG00000237973	1190	2	1216
ENSG00000228463	10	0	17
ENSG00000260972	0	0	0
ENSG00000157933	3098	2	3096
ENSG00000224340	0	0	0
ENSG00000226545	0	0	0
ENSG00000268663	0	0	0
ENSG00000226374	0	0	0
ENSG00000229280	0	0	0
ENSG00000142655	382	44	379
ENSG00000232596	0	0	0
ENSG00000235054	0	0	0
ENSG00000232663	0	0	0
ENSG00000240409	1	0	1
ENSG00000229344	27	0	30
ENSG00000231510	0	0	0
ENSG00000149527	243	2	241
ENSG00000284739	0	0	0
ENSG00000171621	114	0	114
ENSG00000272235	0	0	0
ENSG00000284694	0	0	0
ENSG00000230021	4	16	4
ENSG00000287356	7	11	3
ENSG00000224387	6	2	4
ENSG00000285629	0	0	0
ENSG00000173673	0	0	0
ENSG00000142583	90	0	90
ENSG00000284674	0	0	0
ENSG00000272161	1	0	1
ENSG00000237094	98	0	98
ENSG00000224338	0	0	0
ENSG00000074800	15864	8	15859
ENSG00000116786	2249	0	2513
ENSG00000287727	3	3	0
ENSG00000228423	0	0	0
ENSG00000286448	0	7	0
ENSG00000131686	40	54	27
ENSG00000229305	0	0	0
ENSG00000284703	0	0	0
ENSG00000226457	1	0	1
ENSG00000173614	249	0	249
ENSG00000248527	11908	244	11664
ENSG00000215720	0	0	0
ENSG00000241326	0	0	0
ENSG00000233623	2	0	2
ENSG00000162592	1	39	0
ENSG00000116254	4	0	4
ENSG00000233645	0	0	0
ENSG00000204624	13	0	14
ENSG00000142606	23	154	44
ENSG00000235146	0	0	0
ENSG00000225931	18	4	14
ENSG00000171729	39	0	39
ENSG00000279457	227	0	227
ENSG00000162571	2	0	2
ENSG00000229393	2	2	0
ENSG00000037637	1110	0	1110
ENSG00000287586	70	0	70
ENSG00000159423	135	0	135
ENSG00000142599	5801	22	5781
ENSG00000227169	0	0	0
ENSG00000283356	0	0	0
ENSG00000011021	646	0	672
ENSG00000142615	0	0	0
ENSG00000215704	0	4	0
ENSG00000157916	2278	124	3097
ENSG00000157881	913	0	913
ENSG00000238290	2	0	2
ENSG00000225387	0	0	0
ENSG00000048707	2429	2	2427
ENSG00000158748	3	0	3
ENSG00000225196	0	0	0
ENSG00000162444	886	0	886
ENSG00000279625	0	0	0
ENSG00000180758	159	0	159
ENSG00000184677	1429	1	1428
ENSG00000230679	3	0	6
ENSG00000270136	0	0	0
ENSG00000288398	134	0	134
ENSG00000224621	0	0	0
ENSG00000285833	0	1	0
ENSG00000131697	266	0	271
ENSG00000284692	0	0	0
ENSG00000284745	0	0	0
ENSG00000280222	0	0	0
ENSG00000227634	0	0	0
ENSG00000285945	0	0	0
ENSG00000229162	3	0	3
ENSG00000197921	0	0	0
ENSG00000233755	0	0	2
ENSG00000233929	2	0	2
ENSG00000271742	0	0	0
ENSG00000226396	33	0	33
ENSG00000169504	1100	1	1099
ENSG00000234166	0	39	0
ENSG00000235282	0	0	0
ENSG00000055070	3010	1	4675
ENSG00000175087	438	0	438
ENSG00000157191	3977	16	3963
ENSG00000284699	0	0	0
ENSG00000230035	0	0	0
ENSG00000235185	0	0	0
ENSG00000225643	0	0	0
ENSG00000284666	0	0	0
ENSG00000228943	0	0	0
ENSG00000234397	0	0	0
ENSG00000284309	0	0	0
ENSG00000162511	23657	16	52868
ENSG00000158014	0	0	0
ENSG00000204138	914	0	914
ENSG00000233419	0	0	0
ENSG00000235263	0	0	0
ENSG00000228176	0	0	0
ENSG00000231251	0	0	0
ENSG00000142675	67	0	67
ENSG00000197245	0	0	0
ENSG00000261025	0	0	0
ENSG00000116237	889	0	927
ENSG00000130772	525	0	525
ENSG00000215899	0	0	0
ENSG00000271398	0	1	0
ENSG00000225011	0	0	0
ENSG00000235069	0	0	0
ENSG00000284676	0	0	0
ENSG00000237058	0	0	0
ENSG00000233399	0	0	0
ENSG00000090020	1247	0	1247
ENSG00000157978	5395	2	5393
ENSG00000226944	0	0	0
ENSG00000270282	1	1	0
ENSG00000130770	824	29	1367
ENSG00000229044	0	210	0
ENSG00000162512	103	0	103
ENSG00000158006	933	0	933
ENSG00000214812	0	0	0
ENSG00000126698	2993	4	2990
ENSG00000229447	5	0	5
ENSG00000229607	0	0	0
ENSG00000130766	531	0	531
ENSG00000168528	97	0	97
ENSG00000196581	14	0	14
ENSG00000169403	10058	1	10057
ENSG00000084628	0	0	0
ENSG00000060688	1136	1	1135
ENSG00000171612	121	0	121
ENSG00000270927	0	0	0
ENSG00000188910	1	1	0
ENSG00000230523	0	0	0
ENSG00000116138	724	183	628
ENSG00000158161	825	2	823
ENSG00000142684	0	0	135
ENSG00000234619	0	0	0
ENSG00000121769	10	11	0
ENSG00000142627	24	0	24
ENSG00000284668	0	0	0
ENSG00000233234	0	0	0
ENSG00000142632	152	0	191
ENSG00000234593	0	0	0
ENSG00000158292	47	0	47
ENSG00000270605	77	0	84
ENSG00000189337	123	0	128
ENSG00000232912	77	0	79
ENSG00000235084	6	0	6
ENSG00000235143	0	0	0
ENSG00000225478	0	0	0
ENSG00000225077	2	20	2
ENSG00000028137	18042	10	18032
ENSG00000238249	8	6	2
ENSG00000204464	0	0	0
ENSG00000233372	1	0	1
ENSG00000283259	0	0	0
ENSG00000284543	1	0	1
ENSG00000130939	2029	2	2027
ENSG00000175147	1	5	1
ENSG00000127472	0	0	0
ENSG00000060656	6	0	6
ENSG00000163867	512	0	512
ENSG00000232768	0	0	0
ENSG00000230214	0	0	0
ENSG00000189280	4	4	0
ENSG00000134698	5179	4	5175
ENSG00000134690	115	0	115
ENSG00000272420	6	0	6
ENSG00000132881	52	0	52
ENSG00000273274	0	0	0
ENSG00000116251	4586	3	4584
ENSG00000272510	2	16	13
ENSG00000158286	21	22	19
ENSG00000236648	0	0	0
ENSG00000232273	1	0	1
ENSG00000009709	0	0	0
ENSG00000287396	0	0	0
ENSG00000223589	0	0	0
ENSG00000158008	2	2	0
ENSG00000130940	145	0	272
ENSG00000116771	268	14	314
ENSG00000237301	0	0	0
ENSG00000162585	556	233	627
ENSG00000163879	0	16	0
ENSG00000227527	1	1	0
ENSG00000116954	767	0	767
ENSG00000228589	24	0	24
ENSG00000163873	4	0	4
ENSG00000117215	14	0	14
ENSG00000196449	299	4	328
ENSG00000230163	0	42	0
ENSG00000227538	0	0	0
ENSG00000232208	64	0	64
ENSG00000236500	0	0	0
ENSG00000044012	0	0	0
ENSG00000179051	2592	2	3385
ENSG00000215895	1	0	1
ENSG00000231868	0	4	0
ENSG00000284650	0	0	0
ENSG00000237329	0	0	0
ENSG00000236948	2	0	2
ENSG00000126067	1871	0	1871
ENSG00000274944	0	0	0
ENSG00000132906	555	0	559
ENSG00000197312	1369	0	1369
ENSG00000284748	0	0	0
ENSG00000272078	14	141	0
ENSG00000173660	2265	2	2263
ENSG00000224592	0	0	0
ENSG00000233728	0	28	0
ENSG00000230451	0	0	0
ENSG00000231606	0	0	0
ENSG00000215900	0	0	0
ENSG00000284632	0	0	0
ENSG00000241014	18	0	18
ENSG00000054118	5615	5	5610
ENSG00000254553	0	0	0
ENSG00000284653	0	0	0
ENSG00000237749	33	0	33
ENSG00000276747	14	0	14
ENSG00000284705	0	0	0
ENSG00000228776	0	0	0
ENSG00000159339	3245	1	3244
ENSG00000223814	0	0	0
ENSG00000197982	273	31	275
ENSG00000261781	0	0	0
ENSG00000183317	1	0	1
ENSG00000183386	831	0	831
ENSG00000284743	0	0	0
ENSG00000158315	0	2	0
ENSG00000204084	794	0	999
ENSG00000186973	0	0	0
ENSG00000271806	6	44	6
ENSG00000146463	1215	1	1328
ENSG00000279214	0	0	0
ENSG00000183520	517	0	517
ENSG00000271741	0	0	0
ENSG00000214141	0	0	0
ENSG00000142686	237	0	237
ENSG00000224751	0	0	0
ENSG00000279096	0	0	0
ENSG00000117148	0	0	0
ENSG00000230585	1	5	0
ENSG00000117000	1149	0	1149
ENSG00000284989	0	0	0
ENSG00000231630	0	0	0
ENSG00000092853	58	0	63
ENSG00000255811	0	0	0
ENSG00000134697	1137	1	1152
ENSG00000187513	4	0	4
ENSG00000238145	0	0	0
ENSG00000225142	0	0	0
ENSG00000230138	28	0	28
ENSG00000223390	0	20	0
ENSG00000285823	0	2	0
ENSG00000284720	0	0	0
ENSG00000225028	0	0	0
ENSG00000225671	0	0	0
ENSG00000116151	59	1	65
ENSG00000226147	0	0	0
ENSG00000182873	72	37	46
ENSG00000006555	225	0	225
ENSG00000236111	0	0	0
ENSG00000066056	7	0	7
ENSG00000214114	821	12	809
ENSG00000173436	225	6	226
ENSG00000116544	41	0	41
ENSG00000231900	0	0	0
ENSG00000236723	0	309	5
ENSG00000232467	0	0	0
ENSG00000117016	111	0	111
ENSG00000121310	543	1	542
ENSG00000169213	0	0	0
ENSG00000163866	889	0	931
ENSG00000225779	0	0	0
ENSG00000284601	0	0	0
ENSG00000237130	0	0	0
ENSG00000143001	0	0	0
ENSG00000229716	0	0	0
ENSG00000226133	0	0	0
ENSG00000227416	0	0	0
ENSG00000232335	0	5	0
ENSG00000260971	0	0	0
ENSG00000259832	0	0	0
ENSG00000284696	0	0	0
ENSG00000238242	0	0	0
ENSG00000285839	0	0	0
ENSG00000237290	0	0	0
ENSG00000232762	0	0	0
ENSG00000117419	465	0	465
ENSG00000162384	814	27	849
ENSG00000162391	0	6	0
ENSG00000174348	7	0	10
ENSG00000154198	0	0	0
ENSG00000117859	1748	59	1736
ENSG00000228121	0	0	0
ENSG00000253313	0	0	0
ENSG00000162396	117	0	117
ENSG00000203995	0	0	0
ENSG00000227742	0	0	0
ENSG00000284686	0	0	0
ENSG00000162378	1158	0	1158
ENSG00000233079	0	0	0
ENSG00000259818	0	0	0
ENSG00000229444	1	1	1
ENSG00000240563	4	0	4
ENSG00000234318	0	0	0
ENSG00000284773	29	0	29
ENSG00000234481	0	0	0
ENSG00000117862	138	0	138
ENSG00000235612	0	0	0
ENSG00000228369	0	0	0
ENSG00000183431	2499	2	2497
ENSG00000227485	0	0	0
ENSG00000224609	0	0	0
ENSG00000235545	0	0	0
ENSG00000236646	0	0	0
ENSG00000169174	0	0	0
ENSG00000232198	0	0	0
ENSG00000238063	4	0	4
ENSG00000227104	0	0	0
ENSG00000243725	18	0	18
ENSG00000171872	0	0	0
ENSG00000162407	18	0	18
ENSG00000285079	1	0	1
ENSG00000169218	0	0	0
ENSG00000163877	940	6	934
ENSG00000228929	16	0	16
ENSG00000224570	0	0	0
ENSG00000224980	0	0	0
ENSG00000278967	0	0	0
ENSG00000157184	194	44	526
ENSG00000272491	2	0	3
ENSG00000198815	2388	2	2386
ENSG00000134744	1864	5	1859
ENSG00000233910	0	0	0
ENSG00000287703	0	0	0
ENSG00000283039	0	0	0
ENSG00000229032	0	0	0
ENSG00000229294	0	0	0
ENSG00000232993	0	2	0
ENSG00000234088	0	0	0
ENSG00000236973	0	0	0
ENSG00000227947	0	0	0
ENSG00000277397	0	0	0
ENSG00000271200	1	0	1
ENSG00000235446	0	0	0
ENSG00000261196	0	0	0
ENSG00000162385	820	0	820
ENSG00000231413	0	0	0
ENSG00000234264	0	0	0
ENSG00000242391	0	0	0
ENSG00000223883	0	0	0
ENSG00000284808	0	0	0
ENSG00000242267	0	0	0
ENSG00000237227	0	0	0
ENSG00000275350	0	0	0
ENSG00000116652	0	0	0
ENSG00000123080	152	2	150
ENSG00000285778	0	0	0
ENSG00000077549	12197	9	12195
ENSG00000233407	0	0	0
ENSG00000225675	3	0	6
ENSG00000237622	0	0	0
ENSG00000162598	1	0	1
ENSG00000280317	0	0	0
ENSG00000162415	56	0	56
ENSG00000162600	532	0	532
ENSG00000116704	695	0	695
ENSG00000227644	0	1	0
ENSG00000157193	134	13	188
ENSG00000116205	582	6	596
ENSG00000198841	139	0	139
ENSG00000116212	263	0	263
ENSG00000234204	0	0	0
ENSG00000233099	3	0	3
ENSG00000233994	3	0	3
ENSG00000237180	0	0	0
ENSG00000213561	0	0	0
ENSG00000233973	0	0	0
ENSG00000237552	0	0	0
ENSG00000132854	0	0	0
ENSG00000227556	0	0	0
ENSG00000162616	144	0	144
ENSG00000162607	1826	2	1824
ENSG00000233602	0	0	0
ENSG00000233271	0	0	0
ENSG00000285954	24	24	0
ENSG00000233333	0	0	0
ENSG00000154027	409	2	411
ENSG00000234108	0	0	0
ENSG00000232676	0	0	0
ENSG00000225167	0	0	0
ENSG00000132122	96	0	96
ENSG00000213579	1	0	1
ENSG00000137960	4	0	4
ENSG00000237852	1	0	1
ENSG00000116745	0	0	0
ENSG00000132855	0	0	0
ENSG00000285407	0	0	0
ENSG00000272855	1	0	1
ENSG00000270549	0	0	0
ENSG00000237163	0	0	0
ENSG00000229636	0	0	0
ENSG00000116675	23	0	23
ENSG00000162433	28	0	28
ENSG00000213625	1362	1	1361
ENSG00000227207	0	0	0
ENSG00000227016	0	0	0
ENSG00000233664	0	0	0
ENSG00000158966	123	0	123
ENSG00000213703	0	0	0
ENSG00000203965	97	1	104
ENSG00000223479	0	0	0
ENSG00000233674	0	0	0
ENSG00000153898	145	0	145
ENSG00000117069	0	0	0
ENSG00000125703	502	2	500
ENSG00000285041	0	0	0
ENSG00000285808	0	0	0
ENSG00000229440	0	0	0
ENSG00000234144	0	0	0
ENSG00000213540	0	0	0
ENSG00000277670	0	0	0
ENSG00000227466	0	0	0
ENSG00000154007	0	0	0
ENSG00000230498	0	0	0
ENSG00000285782	0	0	0
ENSG00000162618	0	0	0
ENSG00000224493	0	0	0
ENSG00000131233	0	0	0
ENSG00000272371	0	0	0
ENSG00000287647	2	4	2
ENSG00000229225	0	0	0
ENSG00000230863	0	0	0
ENSG00000213560	0	0	0
ENSG00000287224	0	0	0
ENSG00000225598	0	0	0
ENSG00000286455	0	0	0
ENSG00000225087	0	0	0
ENSG00000224986	0	0	0
ENSG00000280378	5	0	5
ENSG00000188786	1466	1	1465
ENSG00000230053	0	0	0
ENSG00000137941	12	0	12
ENSG00000273338	0	0	0
ENSG00000223720	0	0	0
ENSG00000224326	0	0	0
ENSG00000286548	7	2	5
ENSG00000066135	543	1	817
ENSG00000230027	0	0	0
ENSG00000233061	0	0	0
ENSG00000272094	0	0	0
ENSG00000228853	0	0	0
ENSG00000215874	0	0	0
ENSG00000232453	10	2	8
ENSG00000260386	0	0	0
ENSG00000284895	0	0	0
ENSG00000117174	698	0	698
ENSG00000237413	0	0	0
ENSG00000184313	0	0	0
ENSG00000284645	0	0	0
ENSG00000225605	0	0	0
ENSG00000225446	0	0	0
ENSG00000288543	1	1	0
ENSG00000122420	2	0	2
ENSG00000284240	0	0	0
ENSG00000236290	1	1	0
ENSG00000143013	1031	0	1031
ENSG00000226084	63	1	62
ENSG00000134748	2298	7	2292
ENSG00000142892	1015	0	1015
ENSG00000219102	17	0	17
ENSG00000184005	93	0	93
ENSG00000230953	2	2	0
ENSG00000287743	0	0	0
ENSG00000229332	0	0	0
ENSG00000227937	0	0	0
ENSG00000229752	0	0	0
ENSG00000237505	6	0	6
ENSG00000285462	0	0	0
ENSG00000233216	0	0	0
ENSG00000197273	0	0	0
ENSG00000226804	0	0	0
ENSG00000285325	0	0	0
ENSG00000230728	0	0	0
ENSG00000162402	3983	1	3982
ENSG00000232846	0	0	0
ENSG00000219201	2	0	2
ENSG00000230787	0	0	0
ENSG00000116641	245	13	232
ENSG00000235927	2	4	2
ENSG00000223920	0	0	0
ENSG00000237453	0	0	0
ENSG00000172260	19	0	19
ENSG00000285473	0	0	0
ENSG00000237959	0	0	0
ENSG00000231364	0	0	0
ENSG00000234578	0	0	0
ENSG00000117480	177	0	177
ENSG00000137944	832	0	832
ENSG00000229505	0	0	0
ENSG00000228187	0	0	0
ENSG00000285201	0	0	0
ENSG00000182183	333	2	331
ENSG00000236407	0	0	0
ENSG00000271949	0	0	0
ENSG00000227062	0	0	0
ENSG00000067334	1669	2	1667
ENSG00000235011	0	0	0
ENSG00000235673	0	0	0
ENSG00000226938	0	0	0
ENSG00000213559	0	0	0
ENSG00000287587	0	0	0
ENSG00000142949	23	1	22
ENSG00000116133	308	4	339
ENSG00000232882	0	0	0
ENSG00000171502	24	0	24
ENSG00000162399	0	0	0
ENSG00000116157	391	1	390
ENSG00000143036	1	0	1
ENSG00000232672	0	0	0
ENSG00000230817	0	0	0
ENSG00000235613	0	0	0
ENSG00000065243	1936	1	1935
ENSG00000226759	0	0	0
ENSG00000226960	0	0	0
ENSG00000234080	0	0	0
ENSG00000237899	0	0	0
ENSG00000225492	13	0	13
ENSG00000223905	0	0	0
ENSG00000227290	0	0	0
ENSG00000229486	0	0	0
ENSG00000282898	0	0	0
ENSG00000285409	0	0	0
ENSG00000231090	2	0	2
ENSG00000117528	706	0	706
ENSG00000271723	0	0	0
ENSG00000172339	96	0	96
ENSG00000036549	1062	0	1062
ENSG00000287724	0	24	0
ENSG00000058799	1168	0	1168
ENSG00000225191	0	0	0
ENSG00000287870	0	0	0
ENSG00000235563	0	0	0
ENSG00000232048	0	0	0
ENSG00000232857	0	0	0
ENSG00000273637	0	0	0
ENSG00000203985	0	0	0
ENSG00000228838	0	10	0
ENSG00000283761	0	0	0
ENSG00000189433	1	1	0
ENSG00000230759	0	0	0
ENSG00000231866	0	0	0
ENSG00000179178	4	0	4
ENSG00000142700	0	0	0
ENSG00000285525	0	0	0
ENSG00000236098	0	0	0
ENSG00000233514	1	0	1
ENSG00000127124	568	0	568
ENSG00000266993	13	22	13
ENSG00000223675	0	0	0
ENSG00000162604	486	0	486
ENSG00000229316	0	0	0
ENSG00000116171	1838	1	1838
ENSG00000287406	0	0	0
ENSG00000225767	0	0	0
ENSG00000234099	0	0	0
ENSG00000137936	57	0	65
ENSG00000235308	4	4	0
ENSG00000232752	0	0	0
ENSG00000235829	0	0	0
ENSG00000143032	0	0	0
ENSG00000226745	0	0	0
ENSG00000178028	1025	2	1023
ENSG00000280040	0	0	0
ENSG00000168710	2268	0	2268
ENSG00000117519	81	1	80
ENSG00000270507	0	0	0
ENSG00000238037	0	0	0
ENSG00000215869	0	0	0
ENSG00000134215	1228	1	1227
ENSG00000227935	0	0	0
ENSG00000229887	1	0	1
ENSG00000228502	43	0	43
ENSG00000236268	0	0	0
ENSG00000271277	0	0	0
ENSG00000236888	0	0	0
ENSG00000279778	0	0	0
ENSG00000232015	0	0	0
ENSG00000230955	0	205	0
ENSG00000230828	0	0	0
ENSG00000188641	3015	0	3213
ENSG00000152078	22	0	22
ENSG00000237279	0	0	0
ENSG00000233359	0	0	0
ENSG00000237954	0	0	0
ENSG00000185668	1	0	1
ENSG00000171492	1565	2	1563
ENSG00000233129	0	0	0
ENSG00000170989	5722	1	5721
ENSG00000258634	140	0	232
ENSG00000233557	0	0	0
ENSG00000237897	0	0	0
ENSG00000116299	3147	2	3146
ENSG00000137962	11	0	11
ENSG00000227832	0	0	0
ENSG00000286692	0	0	0
ENSG00000260464	5	0	5
ENSG00000237435	0	0	0
ENSG00000231996	0	0	0
ENSG00000273204	0	0	0
ENSG00000079739	803	3	874
ENSG00000117154	0	0	0
ENSG00000162377	211	6	205
ENSG00000224613	0	0	0
ENSG00000215871	0	0	0
ENSG00000287372	0	0	0
ENSG00000232542	0	0	0
ENSG00000231095	0	0	0
ENSG00000116774	4	0	4
ENSG00000287756	0	0	0
ENSG00000269113	0	0	0
ENSG00000284652	0	0	0
ENSG00000023909	397	0	398
ENSG00000069702	837	0	837
ENSG00000232185	0	0	0
ENSG00000230489	8	0	8
ENSG00000228399	4	0	4
ENSG00000236776	0	0	0
ENSG00000285928	3	3	0
ENSG00000224685	0	0	0
ENSG00000287076	0	0	0
ENSG00000237480	0	0	0
ENSG00000271252	0	0	0
ENSG00000230427	0	0	0
ENSG00000235794	0	0	0
ENSG00000286758	0	0	0
ENSG00000237337	0	0	0
ENSG00000233983	0	0	0
ENSG00000198198	1467	159	1824
ENSG00000225183	1	1	0
ENSG00000230402	0	0	0
ENSG00000116793	370	1	370
ENSG00000134201	5	0	5
ENSG00000238122	0	0	0
ENSG00000260879	0	23	0
ENSG00000213366	439	0	439
ENSG00000230864	0	0	0
ENSG00000283354	0	0	0
ENSG00000232918	0	0	0
ENSG00000236360	0	1	0
ENSG00000183298	0	0	26
ENSG00000234332	19	0	20
ENSG00000117525	1	0	1
ENSG00000225079	30	2	28
ENSG00000226483	0	0	0
ENSG00000224238	0	0	0
ENSG00000229537	0	0	0
ENSG00000162699	0	0	0
ENSG00000162692	1	0	1
ENSG00000203914	0	0	0
ENSG00000270457	0	0	0
ENSG00000203858	0	0	0
ENSG00000231987	0	0	0
ENSG00000228057	4	0	4
ENSG00000261593	0	0	0
ENSG00000224445	0	0	0
ENSG00000229842	0	0	0
ENSG00000270631	0	0	0
ENSG00000229201	0	0	0
ENSG00000181656	3	2	1
ENSG00000122481	63	0	63
ENSG00000198162	1232	0	1232
ENSG00000238198	9	2	7
ENSG00000171517	5	1	4
ENSG00000228852	7	7	0
ENSG00000203864	0	0	0
ENSG00000233482	0	0	0
ENSG00000230250	0	0	0
ENSG00000232878	3	200	0
ENSG00000143079	82	0	82
ENSG00000232450	8	0	8
ENSG00000223575	0	0	0
ENSG00000230768	0	0	0
ENSG00000235202	0	0	0
ENSG00000272715	0	0	0
ENSG00000235038	0	0	0
ENSG00000143093	1370	0	1370
ENSG00000226415	10	0	10
ENSG00000085491	631	7	653
ENSG00000173947	7	0	7
ENSG00000241361	0	0	0
ENSG00000230434	0	0	0
ENSG00000230718	0	0	0
ENSG00000134198	781	0	781
ENSG00000235595	0	0	0
ENSG00000226053	0	0	0
ENSG00000226128	0	0	0
ENSG00000198799	754	1	818
ENSG00000279513	0	0	0
ENSG00000117620	375	5	375
ENSG00000280186	5	0	5
ENSG00000223906	0	0	0
ENSG00000162688	640	0	640
ENSG00000197106	0	0	0
ENSG00000259946	0	0	0
ENSG00000236137	4	166	4
ENSG00000203859	0	0	0
ENSG00000228086	0	79	0
ENSG00000213421	0	0	0
ENSG00000234020	0	0	0
ENSG00000060718	0	0	0
ENSG00000236804	0	0	0
ENSG00000231072	0	0	0
ENSG00000273406	0	0	0
ENSG00000185946	488	0	488
ENSG00000162627	0	0	0
ENSG00000226715	0	26	0
ENSG00000162695	843	0	843
ENSG00000134184	370	0	535
ENSG00000265808	1605	3	1602
ENSG00000261290	0	0	0
ENSG00000225923	0	0	0
ENSG00000134247	106	1	105
ENSG00000187481	0	0	0
ENSG00000116752	742	0	742
ENSG00000162664	496	0	496
ENSG00000236866	0	0	0
ENSG00000134253	8	1	7
ENSG00000277655	0	0	0
ENSG00000223416	0	0	0
ENSG00000213226	0	0	0
ENSG00000179571	0	0	0
ENSG00000227850	0	0	0
ENSG00000243967	0	0	0
ENSG00000235777	0	1	0
ENSG00000260246	0	166	0
ENSG00000173218	136	0	136
ENSG00000285532	0	0	0
ENSG00000226755	0	0	0
ENSG00000232650	0	0	0
ENSG00000183508	1722	0	1722
ENSG00000277095	0	0	0
ENSG00000236806	1	0	1
ENSG00000234283	0	0	0
ENSG00000237188	1	0	1
ENSG00000232780	0	0	0
ENSG00000274927	0	0	0
ENSG00000264145	0	0	0
ENSG00000238256	0	0	0
ENSG00000198765	0	0	0
ENSG00000224335	0	0	0
ENSG00000277702	0	0	0
ENSG00000143398	1410	0	1410
ENSG00000196505	775	2	773
ENSG00000225871	10	46	0
ENSG00000223489	0	0	0
ENSG00000230546	0	0	0
ENSG00000213262	1	1	0
ENSG00000287015	0	0	0
ENSG00000241720	0	40	0
ENSG00000235526	0	0	0
ENSG00000228347	0	0	0
ENSG00000276975	0	0	0
ENSG00000236012	0	0	0
ENSG00000270911	2	2	0
ENSG00000272824	2	0	2
ENSG00000134200	1	1	0
ENSG00000234257	0	0	0
ENSG00000065183	953	3	1058
ENSG00000227082	8	0	8
ENSG00000228626	0	0	0
ENSG00000226126	0	0	0
ENSG00000163393	464	1	463
ENSG00000163156	1207	8	1211
ENSG00000143631	0	0	0
ENSG00000156150	0	92	0
ENSG00000228453	0	0	0
ENSG00000274642	0	0	0
ENSG00000177551	0	0	0
ENSG00000197323	1977	0	1977
ENSG00000237975	0	0	0
ENSG00000261168	3	2	1
ENSG00000287980	0	0	0
ENSG00000229283	0	0	0
ENSG00000271419	0	0	0
ENSG00000226172	0	0	0
ENSG00000079335	866	18	928
ENSG00000143119	20951	1	20950
ENSG00000237278	0	65	0
ENSG00000285062	0	0	0
ENSG00000233432	0	0	0
ENSG00000227700	0	0	0
ENSG00000229911	0	0	0
ENSG00000143520	0	0	0
ENSG00000171943	187	9	181
ENSG00000270719	0	0	0
ENSG00000155761	7	106	9
ENSG00000230806	0	0	0
ENSG00000116830	375	0	375
ENSG00000234422	0	0	0
ENSG00000227056	0	0	0
ENSG00000143614	2547	2	2545
ENSG00000227091	0	0	0
ENSG00000169418	1	0	1
ENSG00000214204	0	0	0
ENSG00000081026	76	10	67
ENSG00000225650	0	0	0
ENSG00000227179	0	0	0
ENSG00000224965	2	0	2
ENSG00000228127	1	1	0
ENSG00000226984	1	1	0
ENSG00000186150	0	0	0
ENSG00000143554	976	4	972
ENSG00000143458	887	1	886
ENSG00000230932	0	0	0
ENSG00000073754	0	0	0
ENSG00000228826	1	0	1
ENSG00000233907	0	0	0
ENSG00000225036	0	0	0
ENSG00000228420	3	0	3
ENSG00000233839	0	0	0
ENSG00000250890	0	0	0
ENSG00000232240	0	0	0
ENSG00000280649	47	6	87
ENSG00000131781	214	43	202
ENSG00000223599	1	0	1
ENSG00000230921	0	0	0
ENSG00000286151	3	0	3
ENSG00000234388	0	0	0
ENSG00000235015	0	0	0
ENSG00000271736	31	1	30
ENSG00000235988	0	0	0
ENSG00000233717	1	1	0
ENSG00000231551	115	29	88
ENSG00000227295	2	0	2
ENSG00000163155	63	45	37
ENSG00000243613	0	73	0
ENSG00000241975	9	0	9
ENSG00000271143	0	0	0
ENSG00000270976	0	0	0
ENSG00000228217	1	0	1
ENSG00000270342	0	0	0
ENSG00000143552	4	3	1
ENSG00000175984	27	0	27
ENSG00000231100	0	0	0
ENSG00000116824	4340	5	4335
ENSG00000235887	0	0	0
ENSG00000237460	0	0	0
ENSG00000236327	0	0	0
ENSG00000223804	62	23	39
ENSG00000236887	0	0	0
ENSG00000024526	12	0	12
ENSG00000236480	0	0	0
ENSG00000235756	0	0	0
ENSG00000173810	0	0	0
ENSG00000235005	0	0	0
ENSG00000271890	0	0	0
ENSG00000238107	0	0	0
ENSG00000227425	0	0	0
ENSG00000233222	0	20	1
ENSG00000225279	1	0	1
ENSG00000229101	0	0	0
ENSG00000224927	0	0	0
ENSG00000239216	0	0	0
ENSG00000283360	2	2	0
ENSG00000117262	84	1	84
ENSG00000227907	0	1	0
ENSG00000143624	2070	5	2213
ENSG00000227970	0	0	0
ENSG00000261055	2	0	2
ENSG00000231613	4	0	4
ENSG00000137947	1506	2	1504
ENSG00000236689	0	0	0
ENSG00000233589	0	0	0
ENSG00000117586	155	0	155
ENSG00000230946	0	0	0
ENSG00000226028	0	0	0
ENSG00000162728	1	1	0
ENSG00000229021	0	0	0
ENSG00000203825	0	0	0
ENSG00000184371	379	0	379
ENSG00000233449	0	0	0
ENSG00000242943	0	0	0
ENSG00000233203	0	0	0
ENSG00000232499	0	0	0
ENSG00000232265	6	0	6
ENSG00000163154	2364	0	2376
ENSG00000232995	28	0	28
ENSG00000236957	1	1	0
ENSG00000238087	0	0	0
ENSG00000227777	0	0	0
ENSG00000177173	4	0	4
ENSG00000277406	73	0	73
ENSG00000238022	0	0	0
ENSG00000231671	1	0	1
ENSG00000162729	910	0	910
ENSG00000143158	611	27	892
ENSG00000271092	5	0	5
ENSG00000238118	0	0	0
ENSG00000276118	0	0	0
ENSG00000232148	0	0	0
ENSG00000278811	7	58	0
ENSG00000000460	115	294	148
ENSG00000188859	3	0	4
ENSG00000275075	0	0	0
ENSG00000135862	280	0	280
ENSG00000232952	0	0	0
ENSG00000158473	1076	0	1076
ENSG00000227722	0	0	0
ENSG00000285922	0	0	0
ENSG00000275801	2	0	2
ENSG00000143198	522	0	522
ENSG00000143318	7	3	4
ENSG00000232188	1	0	1
ENSG00000232212	0	0	0
ENSG00000143621	3242	23	3231
ENSG00000241042	0	0	0
ENSG00000143155	1115	2	1113
ENSG00000260322	0	0	0
ENSG00000223495	0	0	0
ENSG00000143156	104	15	144
ENSG00000198771	9876	17	10070
ENSG00000225462	0	0	0
ENSG00000237756	0	0	0
ENSG00000116147	6	0	6
ENSG00000213064	2511	1	2659
ENSG00000203307	0	0	0
ENSG00000143179	174	0	221
ENSG00000271187	0	0	0
ENSG00000274562	0	0	0
ENSG00000143315	368	0	368
ENSG00000116199	1132	0	1132
ENSG00000231175	0	0	0
ENSG00000143185	21	1	20
ENSG00000235145	1	0	1
ENSG00000116260	1765	0	1765
ENSG00000272931	13	0	13
ENSG00000143190	923	4	1084
ENSG00000225475	0	0	0
ENSG00000230898	0	0	0
ENSG00000232223	0	0	0
ENSG00000224698	0	0	0
ENSG00000287697	1	15	2
ENSG00000075945	563	1	590
ENSG00000235303	0	0	0
ENSG00000234810	15	0	15
ENSG00000232750	0	0	0
ENSG00000224468	0	0	0
ENSG00000235628	0	0	0
ENSG00000232551	0	0	0
ENSG00000092607	1	0	1
ENSG00000238270	0	0	0
ENSG00000285894	0	0	0
ENSG00000236025	0	0	0
ENSG00000230687	0	0	0
ENSG00000230704	0	0	0
ENSG00000283255	0	0	0
ENSG00000227741	14	71	16
ENSG00000237049	0	0	0
ENSG00000286754	0	0	0
ENSG00000232751	0	0	0
ENSG00000236364	0	45	0
ENSG00000117091	4089	8	10897
ENSG00000235378	1	0	1
ENSG00000143171	0	0	0
ENSG00000275767	0	0	0
ENSG00000224718	0	0	0
ENSG00000047410	5510	9	5981
ENSG00000231992	0	0	0
ENSG00000018625	0	0	0
ENSG00000171806	349	0	375
ENSG00000287919	1	0	1
ENSG00000229914	0	0	0
ENSG00000233882	0	0	0
ENSG00000198358	0	0	0
ENSG00000229407	0	0	0
ENSG00000134216	0	0	0
ENSG00000230748	0	0	0
ENSG00000254154	0	0	0
ENSG00000162694	106	0	106
ENSG00000238108	0	0	0
ENSG00000214262	0	149	0
ENSG00000183853	0	0	0
ENSG00000215835	20	0	20
ENSG00000118197	710	2	708
ENSG00000135842	9473	6	9467
ENSG00000229258	0	0	0
ENSG00000287472	0	0	0
ENSG00000241318	1	0	1
ENSG00000228238	0	0	0
ENSG00000232393	0	0	0
ENSG00000121454	30	79	0
ENSG00000184155	0	0	0
ENSG00000058085	0	0	0
ENSG00000260088	1	0	1
ENSG00000287978	142	0	142
ENSG00000116815	685	0	685
ENSG00000232917	0	0	0
ENSG00000233057	1	0	1
ENSG00000237131	0	0	0
ENSG00000233946	0	0	0
ENSG00000143167	393	0	394
ENSG00000143184	188	0	188
ENSG00000231966	4	0	4
ENSG00000176320	0	0	0
ENSG00000260976	0	0	0
ENSG00000235215	0	0	0
ENSG00000223450	0	0	0
ENSG00000224691	0	0	0
ENSG00000286572	0	0	0
ENSG00000235101	0	0	0
ENSG00000228215	5	0	5
ENSG00000177807	6	1	5
ENSG00000233626	2	2	0
ENSG00000233691	0	0	0
ENSG00000283518	0	0	0
ENSG00000271527	0	0	0
ENSG00000143228	52	0	52
ENSG00000235827	0	0	0
ENSG00000231615	1	0	1
ENSG00000231714	0	0	0
ENSG00000174514	46	8	55
ENSG00000143178	121	0	121
ENSG00000224837	0	0	0
ENSG00000116833	0	0	0
ENSG00000227740	4	0	4
ENSG00000260990	0	0	0
ENSG00000000457	557	51	807
ENSG00000143507	192	0	192
ENSG00000285638	0	0	0
ENSG00000226520	0	0	0
ENSG00000284592	0	0	0
ENSG00000230987	0	0	0
ENSG00000232527	0	0	0
ENSG00000215833	0	0	0
ENSG00000228167	0	0	0
ENSG00000225325	0	0	0
ENSG00000223344	0	0	0
ENSG00000228191	0	0	0
ENSG00000229961	40	0	40
ENSG00000150732	0	0	0
ENSG00000157064	1	0	1
ENSG00000288139	0	0	0
ENSG00000226015	27	1	26
ENSG00000215808	0	0	0
ENSG00000059588	816	0	816
ENSG00000231512	0	0	0
ENSG00000237379	0	0	0
ENSG00000232959	0	28	0
ENSG00000122224	2046	10	2036
ENSG00000162782	0	0	0
ENSG00000238051	0	0	0
ENSG00000233196	1	1	0
ENSG00000229220	0	0	0
ENSG00000143653	441	1	440
ENSG00000135837	2783	0	2783
ENSG00000158711	3062	12	3067
ENSG00000227747	0	0	0
ENSG00000228081	0	0	0
ENSG00000228020	0	0	0
ENSG00000234975	26	0	26
ENSG00000162851	277	0	277
ENSG00000271427	4	0	4
ENSG00000261817	0	0	0
ENSG00000143353	360	1	388
ENSG00000197965	2732	3	2729
ENSG00000143493	424	0	424
ENSG00000230777	6	4	3
ENSG00000179397	5	0	5
ENSG00000224540	0	0	0
ENSG00000117592	4345	0	4346
ENSG00000186197	27	0	27
ENSG00000229067	0	0	0
ENSG00000230231	0	1	0
ENSG00000227711	0	0	0
ENSG00000261182	0	0	0
ENSG00000228879	0	0	0
ENSG00000227925	0	0	0
ENSG00000162670	0	0	0
ENSG00000225712	0	0	0
ENSG00000162761	0	0	0
ENSG00000143199	3	0	3
ENSG00000179930	0	0	0
ENSG00000007908	3	3	0
ENSG00000092978	263	0	263
ENSG00000143499	558	0	558
ENSG00000188404	67475	26	67449
ENSG00000227735	0	0	0
ENSG00000243062	0	0	0
ENSG00000143196	0	0	0
ENSG00000228504	0	0	0
ENSG00000274702	0	0	0
ENSG00000226211	0	0	0
ENSG00000236942	1	0	1
ENSG00000287205	0	0	0
ENSG00000203697	4	0	4
ENSG00000116574	544	1	543
ENSG00000287929	0	0	0
ENSG00000186283	1098	1	1097
ENSG00000224896	0	0	0
ENSG00000226292	0	0	0
ENSG00000121481	724	0	724
ENSG00000227940	0	0	0
ENSG00000117139	1523	1	1522
ENSG00000143248	24	0	24
ENSG00000278455	0	0	0
ENSG00000224810	0	0	0
ENSG00000162814	1	0	2
ENSG00000225172	0	0	0
ENSG00000261642	0	0	0
ENSG00000228239	0	0	0
ENSG00000237283	0	0	0
ENSG00000116132	0	0	0
ENSG00000238042	2	0	2
ENSG00000271475	0	0	0
ENSG00000231877	0	0	0
ENSG00000116679	5961	10	5951
ENSG00000228536	0	0	0
ENSG00000230550	0	2	0
ENSG00000229242	0	0	0
ENSG00000253326	1	0	1
ENSG00000228470	2	2	0
ENSG00000152092	0	0	0
ENSG00000234984	0	0	0
ENSG00000231648	0	0	0
ENSG00000229983	0	0	0
ENSG00000215149	0	0	0
ENSG00000225122	0	0	0
ENSG00000225920	1	1	0
ENSG00000143476	41	0	41
ENSG00000121486	1057	2	1055
ENSG00000228437	0	0	0
ENSG00000214837	9	0	9
ENSG00000057252	2122	0	2123
ENSG00000225982	1	0	1
ENSG00000285718	0	0	0
ENSG00000234070	0	1	0
ENSG00000233620	0	0	0
ENSG00000237783	0	0	0
ENSG00000272906	16	5	39
ENSG00000233018	0	0	0
ENSG00000123685	62	1	61
ENSG00000224783	0	0	0
ENSG00000162852	1695	0	1695
ENSG00000232792	0	0	0
ENSG00000273004	10	0	10
ENSG00000143842	149	0	149
ENSG00000268062	5	5	0
ENSG00000237409	0	0	0
ENSG00000116962	413	1	412
ENSG00000288078	0	0	0
ENSG00000271399	0	0	0
ENSG00000229757	0	0	0
ENSG00000232679	0	0	0
ENSG00000159388	8125	3	8122
ENSG00000220749	117	0	117
ENSG00000181450	239	2	237
ENSG00000223519	7	2	36
ENSG00000120333	726	16	756
ENSG00000286285	16	0	16
ENSG00000225300	0	0	0
ENSG00000223842	2	2	0
ENSG00000162753	0	0	0
ENSG00000228247	0	0	0
ENSG00000231424	4	0	4
ENSG00000143355	0	0	0
ENSG00000287177	0	0	0
ENSG00000237193	0	0	0
ENSG00000223490	0	0	0
ENSG00000121644	805	0	805
ENSG00000174502	0	0	0
ENSG00000224286	0	0	0
ENSG00000158715	233	0	233
ENSG00000143195	10	0	10
ENSG00000162849	25	4	21
ENSG00000232824	0	0	0
ENSG00000273416	0	0	0
ENSG00000234142	2	0	3
ENSG00000282111	0	0	0
ENSG00000233410	0	0	0
ENSG00000067533	460	2	458
ENSG00000228955	0	0	0
ENSG00000270443	0	0	0
ENSG00000116209	5691	2	5689
ENSG00000224702	0	0	0
ENSG00000271811	0	0	0
ENSG00000224278	0	0	0
ENSG00000235492	0	0	0
ENSG00000287808	15	92	17
ENSG00000271588	0	0	0
ENSG00000229840	0	0	0
ENSG00000116161	1537	77	1522
ENSG00000226486	0	0	0
ENSG00000227687	0	0	0
ENSG00000231814	0	0	0
ENSG00000286210	0	0	0
ENSG00000287364	0	0	0
ENSG00000225063	0	0	0
ENSG00000260698	13	0	13
ENSG00000277007	10	0	10
ENSG00000229016	0	0	0
ENSG00000077157	1908	1	1931
ENSG00000152104	1	0	1
ENSG00000236975	3	0	3
ENSG00000215834	0	0	0
ENSG00000286541	0	0	0
ENSG00000117650	12	0	12
ENSG00000235021	0	0	0
ENSG00000203724	3	0	3
ENSG00000225006	0	0	0
ENSG00000287633	0	0	0
ENSG00000158764	4	0	4
ENSG00000223375	0	0	0
ENSG00000230714	0	0	0
ENSG00000261065	0	13	0
ENSG00000260855	8	3	5
ENSG00000188783	0	0	0
ENSG00000236206	0	0	0
ENSG00000168118	872	0	875
ENSG00000181101	0	0	0
ENSG00000173726	3218	0	3218
ENSG00000282852	0	0	0
ENSG00000152382	491	7	484
ENSG00000143839	1	0	1
ENSG00000232100	0	0	0
ENSG00000261024	1	0	1
ENSG00000230547	0	0	0
ENSG00000229703	0	0	0
ENSG00000176754	0	0	0
ENSG00000232309	0	0	0
ENSG00000227953	9	36	4
ENSG00000232215	0	0	0
ENSG00000135829	6176	9	6261
ENSG00000228289	0	0	0
ENSG00000134717	1287	1	1286
ENSG00000232989	0	0	0
ENSG00000233537	0	0	0
ENSG00000116668	306	17	289
ENSG00000143756	1101	1	1100
ENSG00000278180	0	0	0
ENSG00000143702	832	0	932
ENSG00000232341	5	0	5
ENSG00000287676	4	0	4
ENSG00000236792	0	0	0
ENSG00000143207	2845	3	2843
ENSG00000270859	0	0	0
ENSG00000238224	0	0	0
ENSG00000286775	0	0	0
ENSG00000122176	0	0	0
ENSG00000229120	0	0	0
ENSG00000237492	0	0	0
ENSG00000230404	0	0	0
ENSG00000213036	0	0	0
ENSG00000227230	1	64	0
ENSG00000236230	0	0	0
ENSG00000026751	1421	1	1420
ENSG00000150681	3261	2	3844
ENSG00000116906	1236	1	1235
ENSG00000092969	4	0	4
ENSG00000157181	429	0	429
ENSG00000250762	0	0	0
ENSG00000236720	0	0	0
ENSG00000227421	3	0	3
ENSG00000227240	0	0	0
ENSG00000076258	75	0	75
ENSG00000286073	0	0	0
ENSG00000231084	3	3	0
ENSG00000232085	0	37	0
ENSG00000117697	1021	1	1020
ENSG00000279333	0	0	3
ENSG00000235083	0	0	0
ENSG00000162669	0	0	0
ENSG00000197067	0	0	0
ENSG00000229652	0	0	0
ENSG00000132681	13	0	13
ENSG00000225904	0	0	0
ENSG00000270920	0	0	0
ENSG00000281664	0	0	0
ENSG00000143641	1063	2	1696
ENSG00000227630	6	1	5
ENSG00000228830	0	1205	0
ENSG00000010932	17	1	16
ENSG00000282849	0	0	0
ENSG00000276520	0	0	0
ENSG00000226640	0	0	0
ENSG00000010072	288	74	284
ENSG00000135766	235	4	231
ENSG00000232626	0	0	0
ENSG00000232096	1	1	0
ENSG00000279261	0	0	0
ENSG00000213051	2	0	2
ENSG00000238054	0	0	0
ENSG00000163534	1906	0	1906
ENSG00000168243	2	0	2
ENSG00000281453	0	0	0
ENSG00000237469	0	0	0
ENSG00000224939	1	0	1
ENSG00000227613	0	0	0
ENSG00000116183	2	0	2
ENSG00000270106	2	0	2
ENSG00000232194	1	0	1
ENSG00000235152	0	0	0
ENSG00000231612	0	0	0
ENSG00000237980	5	0	5
ENSG00000271036	0	0	0
ENSG00000230849	0	0	0
ENSG00000170382	74	79	1
ENSG00000228664	0	0	0
ENSG00000226868	0	0	0
ENSG00000279401	0	0	0
ENSG00000272362	0	0	0
ENSG00000287450	0	0	0
ENSG00000237011	0	0	0
ENSG00000233583	1	1	0
ENSG00000066027	4280	5	4275
ENSG00000286263	0	0	0
ENSG00000227006	1	0	1
ENSG00000236372	0	0	0
ENSG00000224525	0	0	0
ENSG00000188770	0	0	0
ENSG00000173728	3	3	0
ENSG00000094975	1072	1	1071
ENSG00000225811	0	0	0
ENSG00000273093	1	0	1
ENSG00000162772	23	0	23
ENSG00000227818	0	0	0
ENSG00000135828	1779	2	1777
ENSG00000224227	1	0	1
ENSG00000286398	0	0	0
ENSG00000076356	119	0	119
ENSG00000215819	0	0	0
ENSG00000185523	1	0	2
ENSG00000236108	0	0	0
ENSG00000116711	138	0	138
ENSG00000231684	2	0	2
ENSG00000226750	0	0	0
ENSG00000285665	8	0	8
ENSG00000231022	1	0	1
ENSG00000224436	0	0	0
ENSG00000228208	0	0	0
ENSG00000273384	1	0	1
ENSG00000238061	0	0	0
ENSG00000234915	0	0	0
ENSG00000143845	17	0	32
ENSG00000235862	0	0	0
ENSG00000069812	0	0	0
ENSG00000227585	0	0	0
ENSG00000157060	0	0	0
ENSG00000237213	0	0	0
ENSG00000236439	78	1	78
ENSG00000224260	0	0	0
ENSG00000213045	3	3	0
ENSG00000287220	0	0	0
ENSG00000230063	0	0	0
ENSG00000235467	0	0	0
ENSG00000123684	4713	3	4710
ENSG00000117707	2	0	2
ENSG00000228044	0	0	0
ENSG00000225338	1	0	1
ENSG00000224407	0	635	0
ENSG00000232463	0	0	0
ENSG00000237457	0	0	0
ENSG00000225171	7	0	7
ENSG00000226843	0	0	0
ENSG00000235386	0	0	0
ENSG00000123836	535	38	534
ENSG00000213690	0	0	0
ENSG00000223982	0	0	0
ENSG00000229832	1	0	1
ENSG00000117691	420	2	418
ENSG00000225233	0	0	0
ENSG00000274895	0	0	0
ENSG00000237514	0	0	0
ENSG00000287856	0	0	0
ENSG00000228067	0	0	0
ENSG00000284299	0	0	0
ENSG00000226375	0	0	0
ENSG00000203705	501	0	501
ENSG00000224040	1	0	1
ENSG00000228686	46	46	0
ENSG00000279838	18	2	16
ENSG00000174175	140	0	140
ENSG00000236401	0	0	0
ENSG00000241475	0	0	0
ENSG00000215800	0	0	0
ENSG00000286421	0	0	0
ENSG00000270936	0	0	0
ENSG00000008118	0	0	0
ENSG00000171161	1490	1	1489
ENSG00000241505	0	0	0
ENSG00000224535	0	0	0
ENSG00000282097	0	0	0
ENSG00000261453	6	6	0
ENSG00000231020	0	0	0
ENSG00000270818	0	0	0
ENSG00000196878	16	0	16
ENSG00000133059	919	0	919
ENSG00000225561	0	0	0
ENSG00000224668	0	0	0
ENSG00000242529	0	0	0
ENSG00000074964	613	0	613
ENSG00000223847	0	0	0
ENSG00000277704	0	0	0
ENSG00000116918	1095	24	1094
ENSG00000274020	168	1	210
ENSG00000287445	7	0	7
ENSG00000259815	0	0	0
ENSG00000240963	0	0	0
ENSG00000226570	0	0	0
ENSG00000198929	0	0	0
ENSG00000272167	0	0	0
ENSG00000230628	0	0	0
ENSG00000162771	0	0	0
ENSG00000227579	0	0	0
ENSG00000176393	1604	1	2262
ENSG00000174606	890	0	890
ENSG00000179914	24	0	24
ENSG00000235750	6949	3	6946
ENSG00000284376	0	0	0
ENSG00000121446	2	2	0
ENSG00000226758	1	0	1
ENSG00000230199	1	0	1
ENSG00000236905	2	1	2
ENSG00000233304	0	0	0
ENSG00000288007	0	0	1
ENSG00000227887	0	0	0
ENSG00000116903	1082	0	1152
ENSG00000228255	0	0	0
ENSG00000226196	0	0	0
ENSG00000287354	0	7	0
ENSG00000233827	0	0	0
ENSG00000198797	0	0	0
ENSG00000271746	2	0	2
ENSG00000234233	0	0	0
ENSG00000151414	2911	0	2911
ENSG00000177614	3	1	2
ENSG00000223794	0	0	0
ENSG00000235182	0	1	0
ENSG00000213041	0	0	0
ENSG00000287157	0	0	0
ENSG00000233920	0	0	0
ENSG00000183831	0	0	0
ENSG00000225755	0	0	0
ENSG00000143858	26	49	1
ENSG00000197472	1	0	1
ENSG00000230184	0	0	0
ENSG00000234004	1	0	1
ENSG00000232436	0	0	0
ENSG00000231718	0	0	0
ENSG00000283952	0	0	0
ENSG00000230019	0	0	0
ENSG00000136643	517	0	517
ENSG00000232537	0	0	0
ENSG00000226036	0	0	0
ENSG00000285521	0	0	0
ENSG00000236317	0	0	0
ENSG00000176855	0	0	0
ENSG00000227728	0	0	0
ENSG00000133069	417	6	411
ENSG00000162877	21	0	21
ENSG00000233461	49	0	49
ENSG00000225401	0	0	0
ENSG00000228190	0	0	0
ENSG00000135747	3	0	3
ENSG00000227237	2	2	0
ENSG00000069248	1473	0	1473
ENSG00000232812	0	0	0
ENSG00000231666	0	0	0
ENSG00000226986	3	0	3
ENSG00000242042	0	0	0
ENSG00000234464	0	0	0
ENSG00000253148	0	0	0
ENSG00000227751	0	794	1
ENSG00000090104	37	0	37
ENSG00000285280	24	592	17
ENSG00000232892	0	0	0
ENSG00000236950	0	0	0
ENSG00000236468	0	0	0
ENSG00000143322	620	0	620
ENSG00000185220	322	0	322
ENSG00000226003	1	1	0
ENSG00000230813	0	0	0
ENSG00000226862	5	0	6
ENSG00000236101	0	0	0
ENSG00000162769	287	0	287
ENSG00000133065	669	0	669
ENSG00000278684	0	0	0
ENSG00000236775	0	0	0
ENSG00000042781	0	0	0
ENSG00000234754	0	0	0
ENSG00000233084	5	0	5
ENSG00000227815	0	0	0
ENSG00000287046	0	0	0
ENSG00000223774	3	0	6
ENSG00000228863	20	6820	16
ENSG00000228646	0	0	0
ENSG00000229112	0	0	0
ENSG00000233332	0	0	0
ENSG00000231984	0	0	0
ENSG00000286213	0	0	0
ENSG00000226876	0	0	0
ENSG00000277462	69	0	69
ENSG00000225591	0	0	0
ENSG00000035687	1581	0	1581
ENSG00000213080	2	0	2
ENSG00000180287	3	0	3
ENSG00000226693	0	0	0
ENSG00000234678	27	686	0
ENSG00000231272	0	0	0
ENSG00000223828	0	0	0
ENSG00000163431	1	4	1
ENSG00000230124	511	0	560
ENSG00000226723	1	0	1
ENSG00000272672	2	0	2
ENSG00000143473	2	5	0
ENSG00000228982	0	0	0
ENSG00000235096	0	0	0
ENSG00000237250	0	0	0
ENSG00000007341	99	20	167
ENSG00000286747	1	1	0
ENSG00000236069	0	0	0
ENSG00000236244	0	0	0
ENSG00000272865	0	0	0
ENSG00000117222	1157	2	1156
ENSG00000143324	655	1	654
ENSG00000229871	0	0	0
ENSG00000225222	0	0	0
ENSG00000118193	10	0	10
ENSG00000234116	0	0	0
ENSG00000231940	1	0	1
ENSG00000198842	0	0	0
ENSG00000286619	47	0	47
ENSG00000198756	39	0	39
ENSG00000259823	5	4	1
ENSG00000271558	0	0	0
ENSG00000227554	0	0	0
ENSG00000178596	0	0	0
ENSG00000135749	336	29	383
ENSG00000143786	38	2	41
ENSG00000224584	0	0	0
ENSG00000054282	385	67	431
ENSG00000183780	11	0	11
ENSG00000229663	0	0	0
ENSG00000162702	1322	1	1321
ENSG00000251508	0	0	0
ENSG00000238272	0	0	0
ENSG00000228530	0	0	0
ENSG00000235060	0	0	0
ENSG00000143194	3	0	3
ENSG00000229531	2	1	1
ENSG00000271329	0	0	0
ENSG00000054267	2799	5	2794
ENSG00000261831	0	0	0
ENSG00000287921	0	0	0
ENSG00000177800	0	0	0
ENSG00000225620	0	0	0
ENSG00000232166	0	0	0
ENSG00000175137	2379	1	2378
ENSG00000134245	14	79	10
ENSG00000234041	0	0	0
ENSG00000227373	10	0	10
ENSG00000231905	0	0	0
ENSG00000228175	1	1	0
ENSG00000069275	4250	3	4247
ENSG00000143674	101	0	101
ENSG00000237317	0	0	0
ENSG00000187889	0	0	0
ENSG00000134375	873	0	873
ENSG00000097046	136	6	130
ENSG00000232113	0	0	0
ENSG00000282718	0	0	0
ENSG00000231378	0	0	0
ENSG00000235605	0	0	6
ENSG00000223525	0	0	0
ENSG00000224857	0	0	0
ENSG00000273367	4	0	4
ENSG00000230604	0	0	0
ENSG00000231605	0	0	0
ENSG00000236358	0	6	0
ENSG00000203737	3	0	3
ENSG00000238003	0	0	0
ENSG00000215873	0	0	0
ENSG00000287008	0	0	0
ENSG00000185420	197	0	197
ENSG00000076321	482	0	482
ENSG00000272175	0	0	4
ENSG00000231564	1	0	1
ENSG00000135778	496	53	519
ENSG00000213070	0	0	0
ENSG00000282265	0	0	0
ENSG00000250536	0	0	0
ENSG00000229747	0	0	0
ENSG00000117280	1978	0	1978
ENSG00000233985	0	0	0
ENSG00000232175	0	0	0
ENSG00000287423	0	0	0
ENSG00000286774	0	0	0
ENSG00000236719	0	0	0
ENSG00000136636	163	0	163
ENSG00000225486	0	0	0
ENSG00000227043	0	0	0
ENSG00000163874	576	1	575
ENSG00000285777	0	0	0
ENSG00000237249	0	0	0
ENSG00000286109	0	0	0
ENSG00000213068	0	0	0
ENSG00000054392	72	0	79
ENSG00000227994	0	0	0
ENSG00000286552	0	0	0
ENSG00000225711	0	0	0
ENSG00000122223	991	25	966
ENSG00000235869	1	0	1
ENSG00000188739	18	0	18
ENSG00000286666	0	0	0
ENSG00000135750	0	0	0
ENSG00000273198	0	0	0
ENSG00000203730	1	1	0
ENSG00000225719	0	0	0
ENSG00000273483	3	0	3
ENSG00000287987	0	0	0
ENSG00000203729	0	0	0
ENSG00000232809	0	0	0
ENSG00000284623	0	0	0
ENSG00000285981	0	0	0
ENSG00000261729	1	0	1
ENSG00000223869	0	0	0
ENSG00000229228	1	0	1
ENSG00000215796	0	0	0
ENSG00000185221	0	0	0
ENSG00000233047	0	0	0
ENSG00000143341	3	0	3
ENSG00000228309	0	0	0
ENSG00000229739	4	0	4
ENSG00000116703	0	0	0
ENSG00000273874	0	0	0
ENSG00000278791	0	23	0
ENSG00000278757	0	0	0
ENSG00000264341	0	0	0
ENSG00000264101	0	0	0
ENSG00000265141	0	0	0
ENSG00000221083	0	0	0
ENSG00000252404	0	0	0
ENSG00000222511	0	0	0
ENSG00000265392	0	0	0
ENSG00000243267	0	0	0
ENSG00000201725	0	0	0
ENSG00000274258	0	0	0
ENSG00000239149	3	0	3
ENSG00000252151	0	0	0
ENSG00000252969	0	0	0
ENSG00000252417	0	0	0
ENSG00000200975	0	0	0
ENSG00000201609	0	0	0
ENSG00000238482	0	0	0
ENSG00000252956	0	0	0
ENSG00000265606	0	0	0
ENSG00000284357	0	0	0
ENSG00000278034	0	0	0
ENSG00000207237	0	0	0
ENSG00000222784	0	0	0
ENSG00000266210	0	0	0
ENSG00000265961	0	0	0
ENSG00000251866	0	0	0
ENSG00000252691	0	0	0
ENSG00000264371	0	0	0
ENSG00000253005	3	0	3
ENSG00000238316	0	0	0
ENSG00000207941	0	0	0
ENSG00000264773	1	0	1
ENSG00000252448	0	0	0
ENSG00000200421	0	0	0
ENSG00000222282	0	0	0
ENSG00000199963	0	0	0
ENSG00000264698	0	0	0
ENSG00000207328	0	0	0
ENSG00000207466	0	0	0
ENSG00000252368	0	0	0
ENSG00000206779	0	0	0
ENSG00000265596	0	0	0
ENSG00000212541	2	2	0
ENSG00000200796	0	0	0
ENSG00000252190	0	0	0
ENSG00000264613	0	0	0
ENSG00000199240	0	0	0
ENSG00000277168	0	0	0
ENSG00000283724	0	0	0
ENSG00000284410	0	0	0
ENSG00000252018	0	0	0
ENSG00000206627	0	0	0
ENSG00000283414	0	0	0
ENSG00000207508	0	0	0
ENSG00000200171	0	0	0
ENSG00000207194	0	0	0
ENSG00000283477	0	0	0
ENSG00000264834	0	0	0
ENSG00000263675	2	0	2
ENSG00000266188	0	0	0
ENSG00000206981	0	0	0
ENSG00000200174	0	0	0
ENSG00000265822	0	0	0
ENSG00000265815	0	0	0
ENSG00000238653	0	0	0
ENSG00000212624	0	0	0
ENSG00000200575	0	0	0
ENSG00000212360	0	0	0
ENSG00000242860	0	0	0
ENSG00000263908	0	0	0
ENSG00000283690	0	0	0
ENSG00000199921	0	0	0
ENSG00000251825	0	0	0
ENSG00000201153	0	0	0
ENSG00000222624	0	0	0
ENSG00000223152	0	0	0
ENSG00000212308	0	0	0
ENSG00000279049	0	20	0
ENSG00000276081	0	0	0
ENSG00000239640	0	0	0
ENSG00000252338	0	0	0
ENSG00000251785	0	0	0
ENSG00000239319	0	0	0
ENSG00000222849	0	0	0
ENSG00000283749	0	0	0
ENSG00000251958	0	0	0
ENSG00000251767	0	0	0
ENSG00000243437	0	0	0
ENSG00000202263	0	0	0
ENSG00000199318	0	0	0
ENSG00000199666	0	0	0
ENSG00000200601	0	0	0
ENSG00000242482	0	0	0
ENSG00000212366	0	0	0
ENSG00000201620	0	0	0
ENSG00000206817	0	0	0
ENSG00000284247	0	0	0
ENSG00000200839	0	0	0
ENSG00000264963	0	1	0
ENSG00000264271	0	0	0
ENSG00000239504	0	0	0
ENSG00000284202	0	0	0
ENSG00000251720	0	0	0
ENSG00000274321	0	0	0
ENSG00000198974	0	0	0
ENSG00000212248	0	0	0
ENSG00000207962	0	0	0
ENSG00000276884	0	0	0
ENSG00000207234	0	0	0
ENSG00000202259	0	0	0
ENSG00000212459	0	0	0
ENSG00000278287	0	0	0
ENSG00000277565	0	0	0
ENSG00000263526	0	0	0
ENSG00000211575	0	0	0
ENSG00000275823	0	0	0
ENSG00000277689	0	0	0
ENSG00000274199	0	0	0
ENSG00000202254	0	0	0
ENSG00000244256	2	0	2
ENSG00000201491	0	0	0
ENSG00000199831	0	0	0
ENSG00000275455	0	0	0
ENSG00000252162	0	0	0
ENSG00000272051	0	0	0
ENSG00000283899	0	0	0
ENSG00000200800	0	0	0
ENSG00000207502	0	0	0
ENSG00000252530	0	0	0
ENSG00000200536	0	0	0
ENSG00000211543	0	0	0
ENSG00000252797	2	2	0
ENSG00000212266	0	0	0
ENSG00000222209	0	0	0
ENSG00000277141	0	0	0
ENSG00000215930	0	0	0
ENSG00000238761	0	0	0
ENSG00000201114	0	0	0
ENSG00000206679	0	0	0
ENSG00000264419	0	0	0
ENSG00000222069	0	0	0
ENSG00000274428	1	1	0
ENSG00000199879	0	0	0
ENSG00000274408	0	0	0
ENSG00000283676	0	0	0
ENSG00000252005	0	0	0
ENSG00000252510	0	0	0
ENSG00000207340	1	1	0
ENSG00000252830	0	0	0
ENSG00000274450	0	0	0
ENSG00000252135	0	0	0
ENSG00000278596	0	0	0
ENSG00000238825	0	0	0
ENSG00000201183	4	2	2
ENSG00000202408	0	0	0
ENSG00000252744	0	0	0
ENSG00000273768	3	3	0
ENSG00000242565	0	0	0
ENSG00000239984	0	0	0
ENSG00000283296	0	0	0
ENSG00000252717	0	0	0
ENSG00000194297	0	0	0
ENSG00000199565	0	0	0
ENSG00000277313	0	0	0
ENSG00000274940	0	0	0
ENSG00000207341	0	0	0
ENSG00000207472	0	0	0
ENSG00000206880	0	0	0
ENSG00000252552	0	0	0
ENSG00000199849	0	0	0
ENSG00000252407	0	0	0
ENSG00000212538	0	0	0
ENSG00000251813	0	0	0
ENSG00000207108	0	0	0
ENSG00000201312	0	0	0
ENSG00000207039	0	0	0
ENSG00000202491	0	0	0
ENSG00000201596	0	0	0
ENSG00000276839	0	0	0
ENSG00000207974	0	0	0
ENSG00000273629	0	0	0
ENSG00000201493	0	0	0
ENSG00000215952	0	0	0
ENSG00000200139	0	0	0
ENSG00000283575	0	0	0
ENSG00000238765	0	0	0
ENSG00000264916	0	0	0
ENSG00000212338	0	0	0
ENSG00000206659	0	0	0
ENSG00000253025	0	0	0
ENSG00000201619	0	0	0
ENSG00000201544	0	0	0
ENSG00000202498	0	0	0
ENSG00000221545	0	0	0
ENSG00000252906	0	0	0
ENSG00000206692	0	0	0
ENSG00000202329	0	0	0
ENSG00000242794	0	0	0
ENSG00000212144	0	0	0
ENSG00000283340	0	0	0
ENSG00000252860	0	0	0
ENSG00000252501	0	0	0
ENSG00000263390	0	0	0
ENSG00000207181	0	0	0
ENSG00000265744	0	0	0
ENSG00000264377	0	0	0
ENSG00000207149	0	0	0
ENSG00000283936	0	0	0
ENSG00000284485	0	0	0
ENSG00000201638	0	0	0
ENSG00000275213	0	0	0
ENSG00000239494	0	0	0
ENSG00000212230	0	0	0
ENSG00000252371	0	0	0
ENSG00000199442	0	0	0
ENSG00000200033	1	0	1
ENSG00000239690	0	0	0
ENSG00000202184	0	0	0
ENSG00000241395	0	0	0
ENSG00000200982	0	0	0
ENSG00000275207	0	0	0
ENSG00000202300	0	0	0
ENSG00000222407	0	0	0
ENSG00000222986	0	0	0
ENSG00000265435	0	0	0
ENSG00000272262	0	0	0
ENSG00000200495	0	0	0
ENSG00000202609	0	0	0
ENSG00000252553	0	0	0
ENSG00000206764	0	0	0
ENSG00000222240	0	0	0
ENSG00000212187	0	0	0
ENSG00000206637	0	0	0
ENSG00000253097	0	0	0
ENSG00000200036	0	0	0
ENSG00000201421	0	0	0
ENSG00000212610	0	0	0
ENSG00000252484	0	0	0
ENSG00000201944	0	0	0
ENSG00000200327	0	0	0
ENSG00000206905	0	0	0
ENSG00000200972	0	0	0
ENSG00000243051	0	0	0
ENSG00000252011	0	0	0
ENSG00000207326	0	0	0
ENSG00000212205	0	0	0
ENSG00000253042	1	1	0
ENSG00000274121	0	0	0
ENSG00000264358	0	0	0
ENSG00000206640	0	0	0
ENSG00000212527	0	0	0
ENSG00000252879	0	0	0
ENSG00000252612	0	0	0
ENSG00000202264	0	0	0
ENSG00000285609	0	0	0
ENSG00000206762	1	1	0
ENSG00000252084	0	0	0
ENSG00000200085	0	0	0
ENSG00000264500	7	6	1
ENSG00000202025	0	0	0
ENSG00000225545	0	0	0
ENSG00000206990	0	0	0
ENSG00000230175	0	0	0
ENSG00000225272	1	1	0
ENSG00000215838	0	0	0
ENSG00000273365	1	0	1
ENSG00000224358	3	0	3
ENSG00000230659	1	0	1
ENSG00000162545	40	0	40
ENSG00000090432	963	0	963
ENSG00000215520	0	0	0
ENSG00000183114	0	0	0
ENSG00000158825	2840	0	2840
ENSG00000158828	568	109	2472
ENSG00000284005	0	0	0
ENSG00000117242	51	1909	155
ENSG00000234473	0	0	0
ENSG00000238754	0	0	0
ENSG00000134371	1196	7	1193
ENSG00000221680	0	0	0
ENSG00000162630	77	1	80
ENSG00000276735	0	0	0
ENSG00000232077	1	0	1
ENSG00000229639	0	0	0
ENSG00000287453	0	0	0
ENSG00000270615	0	0	0
ENSG00000287283	0	0	0
ENSG00000240692	0	0	0
ENSG00000229359	0	0	0
ENSG00000237919	0	1	0
ENSG00000066557	359	0	359
ENSG00000244389	0	0	0
ENSG00000228988	0	0	0
ENSG00000118454	575	0	575
ENSG00000226088	1	1	0
ENSG00000116761	24	0	24
ENSG00000278636	0	0	0
ENSG00000271992	1	0	1
ENSG00000233020	0	0	0
ENSG00000237033	0	0	0
ENSG00000226208	0	0	0
ENSG00000007968	224	1	223
ENSG00000235052	11	1	10
ENSG00000117318	800	0	800
ENSG00000285802	8	0	8
ENSG00000229239	0	0	0
ENSG00000142676	54439	111	54331
ENSG00000057757	1522	0	1522
ENSG00000011009	1953	1	1952
ENSG00000117308	150	0	150
ENSG00000273844	0	0	0
ENSG00000235748	0	0	0
ENSG00000237861	1	0	1
ENSG00000221879	2	0	2
ENSG00000230260	0	1	0
ENSG00000199241	0	0	0
ENSG00000226919	0	1	0
ENSG00000223963	0	0	0
ENSG00000215802	0	0	0
ENSG00000233615	0	0	0
ENSG00000238085	0	0	0
ENSG00000265831	0	0	0
ENSG00000224348	0	0	0
ENSG00000286496	0	0	0
ENSG00000287516	0	0	0
ENSG00000287738	1	0	1
ENSG00000132703	0	0	0
ENSG00000276632	0	0	0
ENSG00000223603	0	0	0
ENSG00000132693	0	0	0
ENSG00000235226	0	0	0
ENSG00000158716	358	0	358
ENSG00000181036	382	1	381
ENSG00000158714	29	28	153
ENSG00000212161	0	0	0
ENSG00000243284	0	1	0
ENSG00000272668	44	4	41
ENSG00000213085	64	2	64
ENSG00000266458	0	0	0
ENSG00000287040	1	1	0
ENSG00000279430	0	0	0
ENSG00000162723	2	0	2
ENSG00000273933	0	0	0
ENSG00000256029	1	49	12
ENSG00000188004	0	0	0
ENSG00000266580	0	0	0
ENSG00000254545	0	8	0
ENSG00000203620	0	0	0
ENSG00000269967	3	0	3
ENSG00000228634	2	2	0
ENSG00000284702	0	0	0
ENSG00000221040	1	1	0
ENSG00000287217	0	0	0
ENSG00000163399	3084	33	9981
ENSG00000212385	0	0	0
ENSG00000233154	9	0	9
ENSG00000230381	0	0	0
ENSG00000200547	0	0	0
ENSG00000224950	25	0	27
ENSG00000286276	4	6	0
ENSG00000177888	496	0	496
ENSG00000243364	171	0	171
ENSG00000251246	0	0	0
ENSG00000143590	36	0	36
ENSG00000202027	0	0	0
ENSG00000169242	50	0	50
ENSG00000169241	864	0	864
ENSG00000223452	0	0	0
ENSG00000163463	71	1	70
ENSG00000273088	0	0	0
ENSG00000284586	0	0	0
ENSG00000169231	194	4	467
ENSG00000236263	0	50	3
ENSG00000236675	72	72	0
ENSG00000177628	1256	0	1256
ENSG00000116521	1274	0	1274
ENSG00000176444	1505	1	1504
ENSG00000143630	24	1	27
ENSG00000143627	0	3	1
ENSG00000253074	0	0	0
ENSG00000252116	0	0	0
ENSG00000228523	0	0	0
ENSG00000223263	0	0	0
ENSG00000207504	0	0	0
ENSG00000238139	0	0	0
ENSG00000197721	31	0	31
ENSG00000244703	0	0	0
ENSG00000226289	0	0	0
ENSG00000285239	0	0	0
ENSG00000234219	3	3	0
ENSG00000174059	52	0	52
ENSG00000285719	0	0	0
ENSG00000284237	0	0	0
ENSG00000158731	0	0	0
ENSG00000201746	0	0	0
ENSG00000264881	1	0	1
ENSG00000199562	0	0	0
ENSG00000264501	0	0	0
ENSG00000284735	2	2	0
ENSG00000284642	16	2	14
ENSG00000142657	8719	8	8711
ENSG00000271989	0	4	0
ENSG00000251503	0	0	0
ENSG00000175279	7	0	7
ENSG00000160049	651	0	763
ENSG00000203469	0	71	0
ENSG00000236035	0	0	0
ENSG00000221643	2	0	2
ENSG00000122188	610	0	610
ENSG00000288644	0	0	0
ENSG00000227417	0	0	0
ENSG00000223505	0	0	0
ENSG00000182004	1164	0	1164
ENSG00000236430	0	0	0
ENSG00000130768	25	2	37
ENSG00000227050	0	16	0
ENSG00000238231	6	6	0
ENSG00000240750	1	0	1
ENSG00000158156	1676	1	1677
ENSG00000182118	70	0	70
ENSG00000283799	0	0	0
ENSG00000227934	1	0	1
ENSG00000229595	0	0	0
ENSG00000143633	392	0	392
ENSG00000281912	5	0	5
ENSG00000288208	0	0	0
ENSG00000132773	332	41	376
ENSG00000070759	290	31	302
ENSG00000236872	0	0	0
ENSG00000280670	27	0	27
ENSG00000132763	84	1180	95
ENSG00000221953	1	1	0
ENSG00000226164	0	0	0
ENSG00000224014	4	0	4
ENSG00000215795	6	6	0
ENSG00000259865	204	0	204
ENSG00000227671	705	0	705
ENSG00000283881	0	0	0
ENSG00000252516	1	0	1
ENSG00000232347	0	0	0
ENSG00000214144	0	0	0
ENSG00000235818	0	0	0
ENSG00000197617	0	0	0
ENSG00000202079	0	0	0
ENSG00000286216	1	1	0
ENSG00000203664	0	0	0
ENSG00000169224	87	0	91
ENSG00000236817	0	4	0
ENSG00000177489	0	0	0
ENSG00000177476	0	0	0
ENSG00000283369	0	0	0
ENSG00000230411	0	0	0
ENSG00000251977	0	0	0
ENSG00000252254	0	0	0
ENSG00000227854	0	0	0
ENSG00000287589	0	0	0
ENSG00000259776	0	0	0
ENSG00000233355	786	0	820
ENSG00000234601	0	0	0
ENSG00000231979	0	0	0
ENSG00000215805	0	0	0
ENSG00000287102	0	0	0
ENSG00000217327	0	0	0
ENSG00000228818	0	0	0
ENSG00000202041	0	0	0
ENSG00000223694	0	0	0
ENSG00000233735	0	0	0
ENSG00000133019	2	34	2
ENSG00000162636	636	2	634
ENSG00000162639	655	0	655
ENSG00000285923	2	0	2
ENSG00000134186	2883	34	2849
ENSG00000143107	2	0	2
ENSG00000232971	0	0	0
ENSG00000116266	2085	2	2083
ENSG00000228076	0	0	0
ENSG00000203897	0	0	0
ENSG00000237349	0	0	0
ENSG00000244716	76	0	76
ENSG00000228665	3	0	3
ENSG00000228054	0	0	0
ENSG00000273382	12	109	12
ENSG00000215717	2766	3	2872
ENSG00000278249	0	0	0
ENSG00000270066	0	0	0
ENSG00000251484	0	0	0
ENSG00000132676	2796	107	2798
ENSG00000227673	0	0	0
ENSG00000203761	128	100	77
ENSG00000234937	3	3	0
ENSG00000132718	754	1	753
ENSG00000283442	1	1	0
ENSG00000143622	1824	0	1824
ENSG00000132680	1459	1	1458
ENSG00000207475	0	0	0
ENSG00000280466	0	0	0
ENSG00000281394	0	0	0
ENSG00000277817	0	0	0
ENSG00000273002	35	0	35
ENSG00000224276	0	0	0
ENSG00000285677	1	2418	1
ENSG00000163479	5347	1	7763
ENSG00000160803	925	0	925
ENSG00000132698	18	0	18
ENSG00000252236	0	0	0
ENSG00000260238	0	0	0
ENSG00000242252	9	0	9
ENSG00000198952	2822	1	2821
ENSG00000163472	240	286	244
ENSG00000163468	4284	1	4283
ENSG00000132677	1	1	0
ENSG00000237390	0	0	0
ENSG00000207933	0	0	0
ENSG00000254726	2	0	2
ENSG00000186377	0	0	0
ENSG00000186160	0	0	0
ENSG00000225154	0	0	0
ENSG00000225506	1	0	1
ENSG00000225514	0	0	0
ENSG00000224805	28	0	46
ENSG00000162366	394	0	394
ENSG00000226252	6	55	2
ENSG00000225762	2	0	2
ENSG00000186790	1	0	1
ENSG00000237424	79	0	79
ENSG00000189030	0	0	0
ENSG00000162763	0	0	0
ENSG00000143061	4	0	4
ENSG00000135821	13998	10	13988
ENSG00000203740	0	0	0
ENSG00000162374	4	0	4
ENSG00000168275	228	7	325
ENSG00000241563	1	1	0
ENSG00000153207	2980	6	2974
ENSG00000156869	75	0	75
ENSG00000033122	27	13	15
ENSG00000143278	0	0	0
ENSG00000116678	91	0	91
ENSG00000159352	4121	3	4118
ENSG00000158710	27815	4	27811
ENSG00000162734	2170	11	2232
ENSG00000049239	2016	1	2015
ENSG00000186564	4	0	4
ENSG00000244038	3906	3	3903
ENSG00000158747	58	0	58
ENSG00000116690	18	480	18
ENSG00000126091	22	0	23
ENSG00000162383	16	0	16
ENSG00000171163	615	3	612
ENSG00000172456	97	0	97
ENSG00000162946	379	0	379
ENSG00000158786	0	0	0
ENSG00000118733	0	0	0
ENSG00000157870	638	21	792
ENSG00000179085	193	0	193
ENSG00000173080	0	0	0
ENSG00000183347	32	0	32
ENSG00000276470	0	0	0
ENSG00000278852	0	0	0
ENSG00000275915	0	0	0
ENSG00000120937	0	0	0
ENSG00000224904	0	0	0
ENSG00000285646	9	6	3
ENSG00000199347	0	0	0
ENSG00000201801	0	0	0
ENSG00000116685	2488	1	2487
ENSG00000083444	1628	1	1627
ENSG00000287384	0	0	0
ENSG00000270914	0	0	0
ENSG00000116691	765	0	765
ENSG00000202461	1	1	0
ENSG00000276869	0	0	0
ENSG00000243539	0	0	0
ENSG00000120949	458	1	457
ENSG00000201135	0	0	0
ENSG00000227875	0	0	0
ENSG00000285604	0	0	0
ENSG00000283789	0	0	0
ENSG00000263676	0	0	0
ENSG00000200591	0	0	0
ENSG00000162521	2616	2	4194
ENSG00000162520	0	1578	2
ENSG00000224409	0	0	0
ENSG00000162522	84	1	83
ENSG00000116497	822	0	831
ENSG00000160097	6	4	2
ENSG00000121905	0	0	0
ENSG00000121900	1	0	1
ENSG00000287691	24	34	0
ENSG00000278966	4	4	0
ENSG00000143222	1942	2	2412
ENSG00000224985	1	472	1
ENSG00000143224	358	63	362
ENSG00000158850	1266	12	1316
ENSG00000158859	20	0	20
ENSG00000158869	7272	0	7272
ENSG00000158874	2	2	0
ENSG00000158882	217	0	368
ENSG00000284035	0	0	0
ENSG00000143257	7	158	0
ENSG00000248485	7	7	0
ENSG00000188931	49	58	0
ENSG00000236484	0	0	0
ENSG00000283696	41	0	41
ENSG00000288093	6	0	6
ENSG00000206921	0	0	0
ENSG00000215840	3	0	3
ENSG00000277882	0	0	0
ENSG00000283317	12	12	0
ENSG00000277762	0	0	0
ENSG00000227139	0	0	0
ENSG00000265107	0	0	0
ENSG00000274415	0	0	0
ENSG00000234190	0	0	0
ENSG00000223728	0	0	0
ENSG00000121634	0	0	0
ENSG00000188092	115	0	115
ENSG00000215859	13	19	0
ENSG00000273059	0	0	6
ENSG00000274372	3	0	3
ENSG00000206791	0	0	0
ENSG00000206585	0	0	0
ENSG00000229828	0	0	0
ENSG00000225080	2	2	0
ENSG00000198658	2	1	1
ENSG00000238382	0	0	0
ENSG00000225919	0	0	0
ENSG00000236497	0	0	0
ENSG00000207190	0	0	0
ENSG00000200508	0	0	0
ENSG00000284928	0	0	0
ENSG00000223949	0	0	0
ENSG00000116688	3209	1	3208
ENSG00000188800	0	0	0
ENSG00000084073	1373	0	1377
ENSG00000231296	0	4	0
ENSG00000049089	216	1	215
ENSG00000227311	0	0	0
ENSG00000213172	0	0	0
ENSG00000284677	0	0	0
ENSG00000187801	42	0	42
ENSG00000260920	56	0	56
ENSG00000158887	103	0	103
ENSG00000255054	0	0	0
ENSG00000228172	5	362	17
ENSG00000117640	531	1	733
ENSG00000272478	0	0	0
ENSG00000127423	6	8	2
ENSG00000182749	201	11	258
ENSG00000207302	0	0	0
ENSG00000117632	1173	0	1173
ENSG00000229786	0	0	0
ENSG00000223624	0	0	0
ENSG00000283938	0	0	0
ENSG00000199385	0	0	0
ENSG00000187147	1948	22	2841
ENSG00000263381	0	0	0
ENSG00000126106	58	897	76
ENSG00000198520	724	9	715
ENSG00000199377	0	0	0
ENSG00000200169	0	0	0
ENSG00000142945	31	7	32
ENSG00000142937	42045	30	44939
ENSG00000264294	0	0	0
ENSG00000200913	3	0	3
ENSG00000202031	0	0	0
ENSG00000207421	0	0	0
ENSG00000281859	0	0	0
ENSG00000234093	1	1	0
ENSG00000142959	20	0	20
ENSG00000173846	514	3	561
ENSG00000117425	20	1	19
ENSG00000202444	0	0	0
ENSG00000226499	0	0	0
ENSG00000070785	291	1	291
ENSG00000253039	0	0	0
ENSG00000229815	0	1	0
ENSG00000232369	0	0	0
ENSG00000268949	0	0	0
ENSG00000126107	1101	1	1105
ENSG00000126088	911	5	911
ENSG00000234315	0	0	0
ENSG00000162408	785	0	785
ENSG00000229519	4	4	0
ENSG00000173662	0	0	0
ENSG00000204859	752	6	746
ENSG00000288629	0	0	0
ENSG00000230735	1	1	1
ENSG00000171488	2059	0	2059
ENSG00000226394	0	0	0
ENSG00000237200	0	0	0
ENSG00000070886	0	0	0
ENSG00000276835	0	0	0
ENSG00000265422	0	0	0
ENSG00000223776	1	45	5
ENSG00000273058	37	1	36
ENSG00000230325	0	2	3
ENSG00000119285	864	858	1216
ENSG00000226498	0	0	0
ENSG00000237991	5	0	5
ENSG00000244020	0	0	0
ENSG00000288099	0	0	0
ENSG00000225886	3	3	0
ENSG00000206767	0	0	0
ENSG00000226662	0	0	0
ENSG00000207095	0	0	0
ENSG00000287244	0	0	0
ENSG00000231344	2	0	2
ENSG00000230833	2	0	2
ENSG00000117758	1077	1	1076
ENSG00000269971	0	0	0
ENSG00000270031	6	0	6
ENSG00000223062	0	0	0
ENSG00000286433	0	61	0
ENSG00000117751	1501	4	1558
ENSG00000252947	0	0	0
ENSG00000130775	8204	4	8206
ENSG00000117748	2625	53	2578
ENSG00000223643	0	0	0
ENSG00000230239	0	0	0
ENSG00000263811	0	0	0
ENSG00000277234	0	0	0
ENSG00000235241	0	262	0
ENSG00000207005	0	0	0
ENSG00000272426	0	0	0
ENSG00000117122	0	0	0
ENSG00000286898	0	0	0
ENSG00000226526	0	75	1
ENSG00000159363	982	1	1012
ENSG00000117118	1877	2	1875
ENSG00000117115	4827	1	4826
ENSG00000204362	0	0	0
ENSG00000282843	0	0	0
ENSG00000142623	0	0	0
ENSG00000142619	0	0	0
ENSG00000266634	0	0	0
ENSG00000199459	0	0	0
ENSG00000273264	0	0	0
ENSG00000282057	0	0	0
ENSG00000272691	0	0	0
ENSG00000199934	0	0	0
ENSG00000230285	0	0	0
ENSG00000142871	0	0	0
ENSG00000226643	0	0	0
ENSG00000234419	0	0	0
ENSG00000276997	8	0	8
ENSG00000222399	0	0	0
ENSG00000267305	0	0	0
ENSG00000143512	2	0	2
ENSG00000143498	123	0	130
ENSG00000225265	21	7	21
ENSG00000154305	2173	94	2676
ENSG00000229399	0	0	0
ENSG00000272750	29	590	32
ENSG00000186063	999	44	990
ENSG00000162819	1706	6	1731
ENSG00000287684	3	5	2
ENSG00000234523	0	0	0
ENSG00000287338	0	0	0
ENSG00000187554	503	29	474
ENSG00000236846	2	0	2
ENSG00000226601	0	0	0
ENSG00000164010	275	26	470
ENSG00000164011	280	0	280
ENSG00000233708	0	0	0
ENSG00000237090	0	0	0
ENSG00000225099	1	0	1
ENSG00000284138	4	0	4
ENSG00000283973	0	7	0
ENSG00000207256	0	0	0
ENSG00000283136	0	0	0
ENSG00000277513	0	0	0
ENSG00000154309	178	0	178
ENSG00000226967	0	0	0
ENSG00000231407	1	3	1
ENSG00000229570	0	0	0
ENSG00000203857	0	0	0
ENSG00000226443	0	0	0
ENSG00000249798	0	0	0
ENSG00000239873	0	0	0
ENSG00000203855	0	0	0
ENSG00000240244	0	0	0
ENSG00000260941	7	0	7
ENSG00000198857	0	0	0
ENSG00000143067	98	0	98
ENSG00000134240	0	0	0
ENSG00000134193	73	0	73
ENSG00000215864	0	0	0
ENSG00000227205	0	0	0
ENSG00000226446	0	0	0
ENSG00000134249	0	0	0
ENSG00000092621	162	1	161
ENSG00000027644	0	0	0
ENSG00000241992	0	0	0
ENSG00000234226	0	0	0
ENSG00000137970	284	0	284
ENSG00000223229	0	0	0
ENSG00000285698	0	0	0
ENSG00000228035	0	0	0
ENSG00000287103	0	0	0
ENSG00000226973	0	0	0
ENSG00000274468	0	0	0
ENSG00000130764	1101	12	1242
ENSG00000266075	0	0	0
ENSG00000272153	19	170	2
ENSG00000230026	0	0	0
ENSG00000285177	0	0	0
ENSG00000284770	11	62	12
ENSG00000229795	0	0	0
ENSG00000238236	0	0	0
ENSG00000235638	0	0	0
ENSG00000231199	0	0	0
ENSG00000226663	0	0	0
ENSG00000231582	0	0	0
ENSG00000232714	0	0	0
ENSG00000235761	0	0	0
ENSG00000270710	0	0	0
ENSG00000227236	0	0	0
ENSG00000198837	4610	0	4842
ENSG00000160741	2768	0	2768
ENSG00000276584	0	0	0
ENSG00000282386	8	3	5
ENSG00000273026	5	0	5
ENSG00000143578	97	37	125
ENSG00000143543	360	9	395
ENSG00000285641	0	4	0
ENSG00000143545	17	0	17
ENSG00000177954	79648	16	79632
ENSG00000231416	5	0	5
ENSG00000200220	0	0	0
ENSG00000231837	0	0	0
ENSG00000263987	0	0	0
ENSG00000162642	539	1	538
ENSG00000223254	4	4	0
ENSG00000223653	3	33	6
ENSG00000116198	906	4	906
ENSG00000169598	305	0	309
ENSG00000226653	0	0	0
ENSG00000207209	0	0	0
ENSG00000272443	0	0	0
ENSG00000272480	0	0	0
ENSG00000288626	0	0	0
ENSG00000162836	251	2	249
ENSG00000207080	0	0	0
ENSG00000231791	0	0	0
ENSG00000244568	0	0	0
ENSG00000271387	0	0	0
ENSG00000116667	287	0	287
ENSG00000230470	0	0	0
ENSG00000232036	0	0	0
ENSG00000285847	0	0	0
ENSG00000286378	0	0	0
ENSG00000215381	0	0	0
ENSG00000261326	92	0	92
ENSG00000284726	3	3	0
ENSG00000125945	351	4	352
ENSG00000201405	0	0	0
ENSG00000271420	5	0	5
ENSG00000204219	375	0	375
ENSG00000232482	0	0	0
ENSG00000285779	0	0	0
ENSG00000162885	168	82	304
ENSG00000270780	0	0	0
ENSG00000232895	0	0	0
ENSG00000273698	0	0	0
ENSG00000273112	2	0	2
ENSG00000173110	3567	4	3563
ENSG00000224203	0	3	0
ENSG00000224515	0	0	0
ENSG00000225217	330	0	330
ENSG00000231586	1	0	1
ENSG00000234211	3	69	0
ENSG00000213075	6	6	0
ENSG00000143125	0	0	1
ENSG00000270380	0	1	0
ENSG00000282887	0	0	0
ENSG00000283999	0	0	0
ENSG00000240194	0	0	0
ENSG00000235407	0	0	0
ENSG00000143105	0	0	0
ENSG00000199710	0	0	0
ENSG00000237415	1	0	1
ENSG00000232791	0	0	0
ENSG00000177301	24	0	24
ENSG00000226828	3	3	0
ENSG00000279774	0	0	0
ENSG00000229960	0	0	0
ENSG00000286486	0	0	0
ENSG00000244066	0	0	0
ENSG00000237759	0	0	0
ENSG00000287531	0	0	0
ENSG00000225855	49	974	11
ENSG00000283701	0	0	0
ENSG00000207134	0	0	0
ENSG00000227773	0	0	0
ENSG00000207144	0	0	0
ENSG00000237872	0	0	0
ENSG00000271267	6	6	0
ENSG00000225082	0	0	0
ENSG00000223503	0	0	0
ENSG00000232519	0	0	0
ENSG00000160752	512	8	1432
ENSG00000121957	87	345	159
ENSG00000235089	0	0	0
ENSG00000285179	0	0	0
ENSG00000223026	0	0	0
ENSG00000225721	0	2927	7
ENSG00000188396	6	52	4
ENSG00000202167	0	0	0
ENSG00000207349	0	0	0
ENSG00000252826	0	0	0
ENSG00000206737	0	0	0
ENSG00000223779	0	0	0
ENSG00000242352	0	0	0
ENSG00000270962	0	0	0
ENSG00000263590	0	0	0
ENSG00000252105	0	0	0
ENSG00000233430	0	0	0
ENSG00000237503	0	0	0
ENSG00000265531	42	0	51
ENSG00000234571	1	10	0
ENSG00000230186	0	1	0
ENSG00000268074	0	0	0
ENSG00000270872	1	0	1
ENSG00000276674	0	0	0
ENSG00000082482	0	0	0
ENSG00000116747	879	32	1247
ENSG00000118729	0	0	0
ENSG00000134207	0	0	0
ENSG00000163467	5	0	5
ENSG00000243710	3	1	3
ENSG00000117395	700	2	699
ENSG00000116874	217	9	226
ENSG00000065600	324	3	321
ENSG00000009780	294	1	293
ENSG00000023572	320	497	204
ENSG00000077254	1901	0	1901
ENSG00000134644	2475	0	2475
ENSG00000215788	957	7	1047
ENSG00000117834	41	1	41
ENSG00000117625	1286	2	1284
ENSG00000179902	3	0	4
ENSG00000020633	3926	3	3923
ENSG00000121766	506	2	715
ENSG00000143157	1694	3	1691
ENSG00000162614	186	2	188
ENSG00000160781	60	0	60
ENSG00000143344	100	0	100
ENSG00000162613	3026	1	3025
ENSG00000116882	0	0	0
ENSG00000198758	0	0	0
ENSG00000117569	332	0	332
ENSG00000142856	216	83	215
ENSG00000158022	0	0	0
ENSG00000116396	86	2	84
ENSG00000058668	3777	3	3774
ENSG00000163875	1830	2	1828
ENSG00000282872	0	0	0
ENSG00000131238	6510	5	6505
ENSG00000171680	32	1	31
ENSG00000244457	0	0	0
ENSG00000116977	1471	465	2424
ENSG00000229372	0	208	0
ENSG00000274975	0	0	0
ENSG00000229348	0	0	0
ENSG00000242485	938	42	1115
ENSG00000264293	0	0	0
ENSG00000272455	37	0	37
ENSG00000225905	0	0	0
ENSG00000225285	0	0	0
ENSG00000179403	0	0	0
ENSG00000215915	23	0	23
ENSG00000236085	0	0	0
ENSG00000234441	0	0	0
ENSG00000227408	0	0	0
ENSG00000223635	0	0	0
ENSG00000135776	530	0	530
ENSG00000199672	0	0	0
ENSG00000201492	1	1	0
ENSG00000229367	0	0	0
ENSG00000135763	407	0	407
ENSG00000213028	2	2	0
ENSG00000225984	0	0	0
ENSG00000178828	0	0	0
ENSG00000235434	0	0	0
ENSG00000169914	259	0	259
ENSG00000188784	0	0	0
ENSG00000242688	0	0	0
ENSG00000177186	0	0	0
ENSG00000177174	0	0	0
ENSG00000269956	8	252	0
ENSG00000162456	0	0	0
ENSG00000079277	1133	2	1375
ENSG00000117407	0	0	0
ENSG00000237950	24	0	24
ENSG00000117408	670	0	670
ENSG00000285649	1	90	0
ENSG00000117410	5115	1	5114
ENSG00000159214	32	0	36
ENSG00000196517	27	5	27
ENSG00000227163	0	0	0
ENSG00000271647	0	0	0
ENSG00000239560	0	0	0
ENSG00000196539	0	0	0
ENSG00000229255	1	0	1
ENSG00000203661	0	0	0
ENSG00000271934	0	0	0
ENSG00000224521	0	0	0
ENSG00000227102	0	0	0
ENSG00000183310	0	0	0
ENSG00000201602	0	0	0
ENSG00000271701	0	0	0
ENSG00000189181	0	0	0
ENSG00000187238	0	0	0
ENSG00000185962	0	0	0
ENSG00000226947	0	0	0
ENSG00000285753	0	0	0
ENSG00000187223	0	0	0
ENSG00000159455	0	0	0
ENSG00000187173	0	0	0
ENSG00000204501	0	0	0
ENSG00000228229	0	0	0
ENSG00000204481	0	0	0
ENSG00000204479	0	0	0
ENSG00000172031	13	1	12
ENSG00000233228	0	0	0
ENSG00000224678	0	0	0
ENSG00000233401	0	0	0
ENSG00000273487	9	0	9
ENSG00000226773	0	0	0
ENSG00000274481	0	0	0
ENSG00000228594	106	0	106
ENSG00000286989	17	0	17
ENSG00000272106	62	3	63
ENSG00000189409	3	1	3
ENSG00000272004	0	214	2
ENSG00000189339	1650	7	1859
ENSG00000269737	19	18	1
ENSG00000215914	1	1	0
ENSG00000008128	73	0	74
ENSG00000268575	41	1	72
ENSG00000227775	284	320	2
ENSG00000008130	11560	6	11554
ENSG00000078369	12021	14	12007
ENSG00000178821	0	0	0
ENSG00000158477	141	0	141
ENSG00000230942	0	0	0
ENSG00000158481	813	1	812
ENSG00000158485	14	0	14
ENSG00000158488	63	0	63
ENSG00000186306	0	0	0
ENSG00000203758	0	0	0
ENSG00000236257	0	0	0
ENSG00000236656	0	0	0
ENSG00000198703	0	0	0
ENSG00000227445	0	0	0
ENSG00000231434	2	0	2
ENSG00000117505	3050	1	3080
ENSG00000229635	5	5	0
ENSG00000207379	0	0	0
ENSG00000212601	0	0	0
ENSG00000162889	4090	2	4088
ENSG00000224114	260	4	256
ENSG00000199349	0	0	0
ENSG00000162892	168	2053	0
ENSG00000162894	11120	4	13001
ENSG00000271680	28	28	0
ENSG00000226945	19	17	2
ENSG00000162896	12	0	12
ENSG00000162897	0	0	0
ENSG00000182795	23	0	23
ENSG00000198890	388	5	383
ENSG00000224550	1	0	1
ENSG00000142669	15063	12	22838
ENSG00000169442	9885	10	19479
ENSG00000225854	0	0	0
ENSG00000176083	324	0	324
ENSG00000229167	0	0	0
ENSG00000142910	0	0	0
ENSG00000162517	1403	0	1625
ENSG00000235790	2	0	2
ENSG00000264078	1	0	1
ENSG00000241745	1	0	1
ENSG00000228407	0	0	0
ENSG00000223429	0	0	0
ENSG00000224255	0	0	0
ENSG00000236004	0	0	0
ENSG00000237663	0	0	0
ENSG00000213735	0	0	0
ENSG00000272100	3	229	0
ENSG00000287078	0	0	0
ENSG00000224680	3	1	2
ENSG00000085840	43	2	42
ENSG00000283445	0	0	0
ENSG00000272226	6	3	3
ENSG00000231740	0	0	0
ENSG00000143751	1213	1	1212
ENSG00000272562	10	1	10
ENSG00000163041	14038	4	14035
ENSG00000225518	2	0	2
ENSG00000270598	0	0	0
ENSG00000182827	1141	2	1260
ENSG00000234478	3	123	1
ENSG00000223570	0	0	0
ENSG00000185155	10	0	10
ENSG00000236773	1	0	3
ENSG00000143753	1915	3	1914
ENSG00000201898	0	0	0
ENSG00000237101	2	104	3
ENSG00000143748	490	3	592
ENSG00000221406	1	0	1
ENSG00000229742	0	0	0
ENSG00000206887	0	0	0
ENSG00000143771	858	0	858
ENSG00000266618	0	0	0
ENSG00000229991	1	0	1
ENSG00000233384	0	0	0
ENSG00000234247	0	0	0
ENSG00000183682	13	32	2
ENSG00000237624	0	0	0
ENSG00000228060	5	796	1
ENSG00000201457	0	0	0
ENSG00000163909	2	0	2
ENSG00000225903	0	0	0
ENSG00000116983	267	2	265
ENSG00000225333	0	0	0
ENSG00000252413	0	0	0
ENSG00000090621	3010	6	3796
ENSG00000236994	0	0	0
ENSG00000275406	0	0	0
ENSG00000270287	0	0	0
ENSG00000229965	2	0	2
ENSG00000223282	0	0	0
ENSG00000177770	0	0	0
ENSG00000287627	0	0	0
ENSG00000283933	0	0	0
ENSG00000143369	16	0	16
ENSG00000228126	3	0	3
ENSG00000237781	44	99	64
ENSG00000264553	7	7	0
ENSG00000277452	3	0	3
ENSG00000274963	1	0	1
ENSG00000253047	1	0	1
ENSG00000143420	3740	11	3729
ENSG00000276103	0	0	0
ENSG00000143457	575	0	575
ENSG00000143452	15	0	15
ENSG00000206931	0	0	0
ENSG00000236713	0	0	0
ENSG00000224690	0	0	0
ENSG00000203804	3	210	24
ENSG00000143384	40693	17	40677
ENSG00000154342	0	0	0
ENSG00000276255	0	0	0
ENSG00000284163	0	0	0
ENSG00000143793	359	13	346
ENSG00000162910	332	0	332
ENSG00000224566	2	1	1
ENSG00000287895	2	2	0
ENSG00000280157	9	1	8
ENSG00000227625	0	0	0
ENSG00000198835	29	0	29
ENSG00000203684	3	0	3
ENSG00000181873	287	0