N_unmapped	110747	110747	110747
N_multimapping	2441394	2441394	2441394
N_noFeature	934927	19764065	1045149
N_ambiguous	2235239	33785	804570
ENSG00000160072	231	0	231
ENSG00000234396	1	1	0
ENSG00000225972	6	0	6
ENSG00000224315	0	0	0
ENSG00000198744	4	0	4
ENSG00000279928	10	0	10
ENSG00000228037	13	0	13
ENSG00000142611	5	0	5
ENSG00000225630	848	12	836
ENSG00000284616	0	0	0
ENSG00000157911	60	398	124
ENSG00000269896	16	0	16
ENSG00000237973	635	3	638
ENSG00000228463	20	0	38
ENSG00000260972	0	0	0
ENSG00000157933	1383	1	1382
ENSG00000224340	0	0	0
ENSG00000226545	0	0	0
ENSG00000268663	0	0	0
ENSG00000226374	0	0	0
ENSG00000229280	0	0	0
ENSG00000142655	206	28	206
ENSG00000232596	0	0	0
ENSG00000235054	0	0	0
ENSG00000232663	2	2	0
ENSG00000240409	0	0	0
ENSG00000229344	4	0	4
ENSG00000231510	0	0	0
ENSG00000149527	262	3	259
ENSG00000284739	0	0	0
ENSG00000171621	98	0	98
ENSG00000272235	0	0	0
ENSG00000284694	0	0	0
ENSG00000230021	5	7	5
ENSG00000287356	1	1	0
ENSG00000224387	6	6	0
ENSG00000285629	0	0	0
ENSG00000173673	0	0	0
ENSG00000142583	46	0	46
ENSG00000284674	0	0	0
ENSG00000272161	0	0	0
ENSG00000237094	198	0	198
ENSG00000224338	0	0	0
ENSG00000074800	9529	7	9522
ENSG00000116786	1551	0	1729
ENSG00000287727	2	2	0
ENSG00000228423	0	0	0
ENSG00000286448	0	18	0
ENSG00000131686	18	15	8
ENSG00000229305	0	0	0
ENSG00000284703	0	0	0
ENSG00000226457	0	0	0
ENSG00000173614	217	3	216
ENSG00000248527	4812	144	4668
ENSG00000215720	0	0	0
ENSG00000241326	0	0	0
ENSG00000233623	0	0	0
ENSG00000162592	0	11	1
ENSG00000116254	3	0	3
ENSG00000233645	0	0	0
ENSG00000204624	0	0	0
ENSG00000142606	1	52	2
ENSG00000235146	0	0	0
ENSG00000225931	25	9	16
ENSG00000171729	71	0	71
ENSG00000279457	100	0	100
ENSG00000162571	2	0	2
ENSG00000229393	5	5	0
ENSG00000037637	651	0	651
ENSG00000287586	63	0	63
ENSG00000159423	102	0	102
ENSG00000142599	4596	40	4562
ENSG00000227169	0	0	0
ENSG00000283356	0	0	0
ENSG00000011021	417	0	432
ENSG00000142615	1	1	0
ENSG00000215704	1	4	0
ENSG00000157916	1485	65	1882
ENSG00000157881	477	0	477
ENSG00000238290	0	0	0
ENSG00000225387	0	0	0
ENSG00000048707	1218	1	1217
ENSG00000158748	18	0	18
ENSG00000225196	0	0	0
ENSG00000162444	424	0	424
ENSG00000279625	0	0	0
ENSG00000180758	90	0	90
ENSG00000184677	843	1	842
ENSG00000230679	0	0	0
ENSG00000270136	0	0	0
ENSG00000288398	59	0	59
ENSG00000224621	0	0	0
ENSG00000285833	0	0	0
ENSG00000131697	133	0	134
ENSG00000284692	0	0	0
ENSG00000284745	0	0	0
ENSG00000280222	0	0	0
ENSG00000227634	0	0	0
ENSG00000285945	0	0	0
ENSG00000229162	1	0	1
ENSG00000197921	0	0	0
ENSG00000233755	1	0	4
ENSG00000233929	0	0	0
ENSG00000271742	0	0	0
ENSG00000226396	6	0	6
ENSG00000169504	398	1	397
ENSG00000234166	0	34	0
ENSG00000235282	0	0	0
ENSG00000055070	1816	2	2816
ENSG00000175087	193	1	192
ENSG00000157191	2030	11	2019
ENSG00000284699	0	0	0
ENSG00000230035	0	0	0
ENSG00000235185	0	0	0
ENSG00000225643	6	0	6
ENSG00000284666	0	0	0
ENSG00000228943	2	2	0
ENSG00000234397	0	0	0
ENSG00000284309	0	0	0
ENSG00000162511	16019	24	28184
ENSG00000158014	0	0	0
ENSG00000204138	398	1	397
ENSG00000233419	0	0	0
ENSG00000235263	0	0	0
ENSG00000228176	0	0	0
ENSG00000231251	0	0	0
ENSG00000142675	10	0	10
ENSG00000197245	0	0	0
ENSG00000261025	0	0	0
ENSG00000116237	537	1	558
ENSG00000130772	346	0	346
ENSG00000215899	0	0	0
ENSG00000271398	2	2	0
ENSG00000225011	0	0	0
ENSG00000235069	0	0	0
ENSG00000284676	0	0	0
ENSG00000237058	0	0	0
ENSG00000233399	0	0	0
ENSG00000090020	1132	0	1132
ENSG00000157978	1731	4	1727
ENSG00000226944	1	0	1
ENSG00000270282	0	0	0
ENSG00000130770	356	16	543
ENSG00000229044	0	123	0
ENSG00000162512	407	1	406
ENSG00000158006	546	1	545
ENSG00000214812	4	0	4
ENSG00000126698	1316	2	1314
ENSG00000229447	0	0	0
ENSG00000229607	0	0	0
ENSG00000130766	364	0	364
ENSG00000168528	77	0	77
ENSG00000196581	11	0	11
ENSG00000169403	8351	6	8345
ENSG00000084628	0	0	0
ENSG00000060688	510	0	510
ENSG00000171612	60	0	60
ENSG00000270927	0	0	0
ENSG00000188910	0	0	0
ENSG00000230523	0	0	0
ENSG00000116138	326	42	320
ENSG00000158161	531	3	528
ENSG00000142684	0	0	90
ENSG00000234619	0	0	0
ENSG00000121769	8	8	1
ENSG00000142627	12	0	12
ENSG00000284668	0	0	0
ENSG00000233234	0	0	0
ENSG00000142632	96	1	129
ENSG00000234593	0	0	0
ENSG00000158292	31	0	31
ENSG00000270605	37	0	38
ENSG00000189337	187	1	207
ENSG00000232912	101	0	107
ENSG00000235084	0	0	0
ENSG00000235143	0	0	0
ENSG00000225478	0	0	0
ENSG00000225077	2	14	2
ENSG00000028137	15364	12	15352
ENSG00000238249	1	1	0
ENSG00000204464	0	0	0
ENSG00000233372	0	0	0
ENSG00000283259	0	0	0
ENSG00000284543	1	0	1
ENSG00000130939	1197	1	1196
ENSG00000175147	1	20	2
ENSG00000127472	0	0	0
ENSG00000060656	5	0	5
ENSG00000163867	210	4	206
ENSG00000232768	0	0	0
ENSG00000230214	0	0	0
ENSG00000189280	2	2	0
ENSG00000134698	3750	3	3747
ENSG00000134690	41	0	41
ENSG00000272420	1	0	1
ENSG00000132881	32	0	32
ENSG00000273274	0	0	0
ENSG00000116251	1502	2	1500
ENSG00000272510	1	18	2
ENSG00000158286	19	9	18
ENSG00000236648	0	0	0
ENSG00000232273	0	0	0
ENSG00000009709	0	0	0
ENSG00000287396	0	0	0
ENSG00000223589	0	0	0
ENSG00000158008	0	0	0
ENSG00000130940	97	0	207
ENSG00000116771	68	2	83
ENSG00000237301	3	3	0
ENSG00000162585	254	128	256
ENSG00000163879	2	2	1
ENSG00000227527	0	0	0
ENSG00000116954	405	0	405
ENSG00000228589	4	0	4
ENSG00000163873	0	0	0
ENSG00000117215	1	0	1
ENSG00000196449	128	7	149
ENSG00000230163	0	15	0
ENSG00000227538	0	0	0
ENSG00000232208	16	0	16
ENSG00000236500	0	0	0
ENSG00000044012	0	0	0
ENSG00000179051	1501	1	1817
ENSG00000215895	0	0	0
ENSG00000231868	0	2	0
ENSG00000284650	0	0	0
ENSG00000237329	0	0	0
ENSG00000236948	0	0	0
ENSG00000126067	1053	1	1052
ENSG00000274944	0	0	0
ENSG00000132906	329	0	332
ENSG00000197312	608	1	607
ENSG00000284748	0	0	0
ENSG00000272078	8	118	0
ENSG00000173660	981	0	981
ENSG00000224592	0	0	0
ENSG00000233728	0	21	0
ENSG00000230451	0	0	0
ENSG00000231606	0	0	0
ENSG00000215900	0	0	0
ENSG00000284632	0	0	0
ENSG00000241014	6	0	6
ENSG00000054118	2858	7	2851
ENSG00000254553	0	0	0
ENSG00000284653	0	0	0
ENSG00000237749	1	1	0
ENSG00000276747	50	0	50
ENSG00000284705	0	0	0
ENSG00000228776	0	0	0
ENSG00000159339	4023	0	4023
ENSG00000223814	0	0	0
ENSG00000197982	135	23	140
ENSG00000261781	0	0	0
ENSG00000183317	2	0	2
ENSG00000183386	952	0	952
ENSG00000284743	0	0	0
ENSG00000158315	0	1	0
ENSG00000204084	438	1	533
ENSG00000186973	0	0	0
ENSG00000271806	5	14	6
ENSG00000146463	548	2	614
ENSG00000279214	0	0	0
ENSG00000183520	284	0	284
ENSG00000271741	0	0	0
ENSG00000214141	0	0	0
ENSG00000142686	221	2	219
ENSG00000224751	0	0	0
ENSG00000279096	0	0	0
ENSG00000117148	0	0	0
ENSG00000230585	0	0	0
ENSG00000117000	646	0	646
ENSG00000284989	0	0	0
ENSG00000231630	0	0	0
ENSG00000092853	25	1	28
ENSG00000255811	1	0	1
ENSG00000134697	482	2	481
ENSG00000187513	2	0	2
ENSG00000238145	0	0	0
ENSG00000225142	0	0	0
ENSG00000230138	16	0	16
ENSG00000223390	0	10	0
ENSG00000285823	0	3	0
ENSG00000284720	0	0	0
ENSG00000225028	0	0	0
ENSG00000225671	0	0	0
ENSG00000116151	34	0	34
ENSG00000226147	0	0	0
ENSG00000182873	48	30	20
ENSG00000006555	172	0	172
ENSG00000236111	0	0	0
ENSG00000066056	7	0	7
ENSG00000214114	413	10	403
ENSG00000173436	92	5	91
ENSG00000116544	11	0	11
ENSG00000231900	0	0	0
ENSG00000236723	1	204	4
ENSG00000232467	0	0	0
ENSG00000117016	58	0	58
ENSG00000121310	296	2	294
ENSG00000169213	1	0	1
ENSG00000163866	505	1	519
ENSG00000225779	1	0	1
ENSG00000284601	0	0	0
ENSG00000237130	0	0	0
ENSG00000143001	0	0	0
ENSG00000229716	0	0	0
ENSG00000226133	0	0	0
ENSG00000227416	0	0	0
ENSG00000232335	0	3	1
ENSG00000260971	0	0	0
ENSG00000259832	0	0	0
ENSG00000284696	0	0	0
ENSG00000238242	0	0	0
ENSG00000285839	0	0	0
ENSG00000237290	0	0	0
ENSG00000232762	0	0	0
ENSG00000117419	203	0	203
ENSG00000162384	346	11	361
ENSG00000162391	4	24	0
ENSG00000174348	16	0	20
ENSG00000154198	0	0	0
ENSG00000117859	935	42	921
ENSG00000228121	0	0	0
ENSG00000253313	0	0	0
ENSG00000162396	45	0	45
ENSG00000203995	1	0	1
ENSG00000227742	1	0	1
ENSG00000284686	0	0	0
ENSG00000162378	464	0	464
ENSG00000233079	0	0	0
ENSG00000259818	0	0	0
ENSG00000229444	1	1	0
ENSG00000240563	12	0	12
ENSG00000234318	0	0	0
ENSG00000284773	21	0	21
ENSG00000234481	0	0	0
ENSG00000117862	99	0	99
ENSG00000235612	0	0	0
ENSG00000228369	0	0	0
ENSG00000183431	1113	1	1112
ENSG00000227485	0	0	0
ENSG00000224609	1	0	1
ENSG00000235545	0	0	0
ENSG00000236646	0	0	0
ENSG00000169174	0	0	0
ENSG00000232198	0	0	0
ENSG00000238063	0	0	0
ENSG00000227104	0	0	0
ENSG00000243725	12	0	12
ENSG00000171872	0	0	0
ENSG00000162407	14	1	13
ENSG00000285079	0	0	0
ENSG00000169218	0	0	0
ENSG00000163877	489	7	482
ENSG00000228929	3	0	3
ENSG00000224570	0	0	0
ENSG00000224980	0	0	0
ENSG00000278967	0	0	0
ENSG00000157184	116	19	330
ENSG00000272491	0	0	2
ENSG00000198815	1027	2	1025
ENSG00000134744	700	3	697
ENSG00000233910	0	0	0
ENSG00000287703	0	0	0
ENSG00000283039	0	0	0
ENSG00000229032	0	0	0
ENSG00000229294	0	0	0
ENSG00000232993	0	3	0
ENSG00000234088	0	0	0
ENSG00000236973	0	0	0
ENSG00000227947	0	0	0
ENSG00000277397	0	0	0
ENSG00000271200	0	0	0
ENSG00000235446	0	0	0
ENSG00000261196	0	0	0
ENSG00000162385	413	0	413
ENSG00000231413	0	0	0
ENSG00000234264	0	0	0
ENSG00000242391	0	0	0
ENSG00000223883	0	0	0
ENSG00000284808	0	0	0
ENSG00000242267	0	0	0
ENSG00000237227	0	0	0
ENSG00000275350	0	0	0
ENSG00000116652	0	0	1
ENSG00000123080	101	1	100
ENSG00000285778	0	0	0
ENSG00000077549	8249	8	8245
ENSG00000233407	0	0	0
ENSG00000225675	2	0	3
ENSG00000237622	0	0	0
ENSG00000162598	0	0	0
ENSG00000280317	0	0	0
ENSG00000162415	27	1	28
ENSG00000162600	232	0	232
ENSG00000116704	297	1	296
ENSG00000227644	0	1	0
ENSG00000157193	84	2	113
ENSG00000116205	321	3	329
ENSG00000198841	50	0	50
ENSG00000116212	119	0	119
ENSG00000234204	0	0	0
ENSG00000233099	0	0	0
ENSG00000233994	2	0	2
ENSG00000237180	0	0	0
ENSG00000213561	0	0	0
ENSG00000233973	0	0	0
ENSG00000237552	0	0	0
ENSG00000132854	0	0	0
ENSG00000227556	0	0	0
ENSG00000162616	45	2	44
ENSG00000162607	820	1	819
ENSG00000233602	0	0	0
ENSG00000233271	0	0	0
ENSG00000285954	11	11	0
ENSG00000233333	0	0	0
ENSG00000154027	59	0	59
ENSG00000234108	0	0	0
ENSG00000232676	0	0	0
ENSG00000225167	0	0	0
ENSG00000132122	37	0	37
ENSG00000213579	0	0	0
ENSG00000137960	1	0	1
ENSG00000237852	0	0	0
ENSG00000116745	0	0	0
ENSG00000132855	0	0	0
ENSG00000285407	0	0	0
ENSG00000272855	0	0	0
ENSG00000270549	0	0	0
ENSG00000237163	0	0	0
ENSG00000229636	0	0	0
ENSG00000116675	15	0	15
ENSG00000162433	37	0	37
ENSG00000213625	1104	1	1103
ENSG00000227207	0	0	0
ENSG00000227016	0	0	0
ENSG00000233664	0	0	0
ENSG00000158966	27	0	27
ENSG00000213703	0	0	0
ENSG00000203965	45	0	46
ENSG00000223479	0	0	0
ENSG00000233674	0	0	0
ENSG00000153898	168	0	168
ENSG00000117069	2	0	2
ENSG00000125703	187	0	187
ENSG00000285041	0	0	0
ENSG00000285808	0	0	0
ENSG00000229440	0	0	0
ENSG00000234144	0	0	0
ENSG00000213540	0	0	0
ENSG00000277670	0	0	0
ENSG00000227466	0	0	0
ENSG00000154007	0	0	0
ENSG00000230498	0	0	0
ENSG00000285782	0	0	0
ENSG00000162618	0	0	0
ENSG00000224493	0	0	0
ENSG00000131233	0	0	0
ENSG00000272371	0	0	0
ENSG00000287647	0	0	0
ENSG00000229225	0	0	0
ENSG00000230863	0	0	0
ENSG00000213560	0	0	0
ENSG00000287224	0	0	0
ENSG00000225598	0	0	0
ENSG00000286455	0	0	0
ENSG00000225087	0	0	0
ENSG00000224986	0	0	0
ENSG00000280378	5	0	5
ENSG00000188786	1271	4	1267
ENSG00000230053	0	0	0
ENSG00000137941	15	0	15
ENSG00000273338	0	0	0
ENSG00000223720	0	0	0
ENSG00000224326	0	0	0
ENSG00000286548	13	11	2
ENSG00000066135	282	0	413
ENSG00000230027	0	0	0
ENSG00000233061	0	0	0
ENSG00000272094	0	0	0
ENSG00000228853	0	0	0
ENSG00000215874	0	0	0
ENSG00000232453	5	0	5
ENSG00000260386	1	0	1
ENSG00000284895	0	0	0
ENSG00000117174	244	4	240
ENSG00000237413	0	0	0
ENSG00000184313	1	0	1
ENSG00000284645	0	0	0
ENSG00000225605	0	0	0
ENSG00000225446	0	0	0
ENSG00000288543	0	0	0
ENSG00000122420	23	0	23
ENSG00000284240	0	0	0
ENSG00000236290	0	0	0
ENSG00000143013	604	0	604
ENSG00000226084	17	0	17
ENSG00000134748	919	9	910
ENSG00000142892	295	0	295
ENSG00000219102	5	0	5
ENSG00000184005	36	0	36
ENSG00000230953	4	4	0
ENSG00000287743	1	1	0
ENSG00000229332	0	0	0
ENSG00000227937	0	0	0
ENSG00000229752	0	0	0
ENSG00000237505	9	0	10
ENSG00000285462	0	0	0
ENSG00000233216	1	0	1
ENSG00000197273	0	0	0
ENSG00000226804	0	0	0
ENSG00000285325	0	0	0
ENSG00000230728	0	0	0
ENSG00000162402	1775	2	1773
ENSG00000232846	0	0	0
ENSG00000219201	0	0	0
ENSG00000230787	0	0	0
ENSG00000116641	104	5	99
ENSG00000235927	2	5	2
ENSG00000223920	0	0	0
ENSG00000237453	0	0	0
ENSG00000172260	7	0	7
ENSG00000285473	0	0	0
ENSG00000237959	0	0	0
ENSG00000231364	1	1	0
ENSG00000234578	0	0	0
ENSG00000117480	110	0	110
ENSG00000137944	354	0	354
ENSG00000229505	0	0	0
ENSG00000228187	0	0	0
ENSG00000285201	0	0	0
ENSG00000182183	92	0	92
ENSG00000236407	0	0	0
ENSG00000271949	0	0	0
ENSG00000227062	0	0	0
ENSG00000067334	808	2	806
ENSG00000235011	0	0	0
ENSG00000235673	0	0	0
ENSG00000226938	0	0	0
ENSG00000213559	0	0	0
ENSG00000287587	0	0	0
ENSG00000142949	15	0	15
ENSG00000116133	255	6	276
ENSG00000232882	0	0	0
ENSG00000171502	6	0	6
ENSG00000162399	2	2	0
ENSG00000116157	148	0	148
ENSG00000143036	7	0	7
ENSG00000232672	0	0	0
ENSG00000230817	1	0	1
ENSG00000235613	0	0	0
ENSG00000065243	937	1	937
ENSG00000226759	0	0	0
ENSG00000226960	0	0	0
ENSG00000234080	0	0	0
ENSG00000237899	0	0	0
ENSG00000225492	97	1	97
ENSG00000223905	0	0	0
ENSG00000227290	0	0	0
ENSG00000229486	0	0	0
ENSG00000282898	0	0	0
ENSG00000285409	0	0	0
ENSG00000231090	0	0	0
ENSG00000117528	316	0	316
ENSG00000271723	0	0	0
ENSG00000172339	41	0	41
ENSG00000036549	433	1	432
ENSG00000287724	0	18	0
ENSG00000058799	852	0	852
ENSG00000225191	0	0	0
ENSG00000287870	0	0	0
ENSG00000235563	0	0	0
ENSG00000232048	0	0	0
ENSG00000232857	0	0	0
ENSG00000273637	0	0	0
ENSG00000203985	0	0	0
ENSG00000228838	0	6	0
ENSG00000283761	1	0	1
ENSG00000189433	0	0	0
ENSG00000230759	0	0	0
ENSG00000231866	0	0	0
ENSG00000179178	0	0	0
ENSG00000142700	0	0	0
ENSG00000285525	0	0	0
ENSG00000236098	0	0	0
ENSG00000233514	0	0	0
ENSG00000127124	319	0	319
ENSG00000266993	13	49	4
ENSG00000223675	0	0	0
ENSG00000162604	239	1	238
ENSG00000229316	0	0	0
ENSG00000116171	890	1	889
ENSG00000287406	0	0	0
ENSG00000225767	0	0	0
ENSG00000234099	0	0	0
ENSG00000137936	15	4	12
ENSG00000235308	3	3	0
ENSG00000232752	0	0	0
ENSG00000235829	0	0	0
ENSG00000143032	0	0	0
ENSG00000226745	0	0	0
ENSG00000178028	557	0	557
ENSG00000280040	0	0	0
ENSG00000168710	1282	0	1282
ENSG00000117519	16	0	16
ENSG00000270507	0	0	0
ENSG00000238037	0	0	0
ENSG00000215869	0	0	0
ENSG00000134215	1018	0	1018
ENSG00000227935	0	0	0
ENSG00000229887	0	0	0
ENSG00000228502	7	0	7
ENSG00000236268	0	0	0
ENSG00000271277	0	0	0
ENSG00000236888	0	0	0
ENSG00000279778	0	0	0
ENSG00000232015	0	0	0
ENSG00000230955	0	96	0
ENSG00000230828	0	0	0
ENSG00000188641	2260	0	2460
ENSG00000152078	10	0	10
ENSG00000237279	0	0	0
ENSG00000233359	0	0	0
ENSG00000237954	0	0	0
ENSG00000185668	0	0	0
ENSG00000171492	808	0	808
ENSG00000233129	0	0	0
ENSG00000170989	2591	9	2582
ENSG00000258634	92	0	131
ENSG00000233557	0	0	0
ENSG00000237897	0	0	0
ENSG00000116299	174	1	173
ENSG00000137962	6	0	6
ENSG00000227832	0	0	0
ENSG00000286692	0	0	0
ENSG00000260464	3	0	3
ENSG00000237435	0	0	0
ENSG00000231996	0	0	0
ENSG00000273204	2	0	2
ENSG00000079739	541	4	590
ENSG00000117154	0	0	0
ENSG00000162377	129	7	122
ENSG00000224613	0	0	0
ENSG00000215871	0	0	0
ENSG00000287372	0	0	0
ENSG00000232542	4	0	4
ENSG00000231095	0	0	0
ENSG00000116774	1	0	1
ENSG00000287756	1	0	1
ENSG00000269113	0	0	0
ENSG00000284652	0	0	0
ENSG00000023909	243	0	243
ENSG00000069702	697	1	696
ENSG00000232185	0	0	0
ENSG00000230489	4	0	4
ENSG00000228399	1	0	1
ENSG00000236776	0	0	0
ENSG00000285928	4	4	0
ENSG00000224685	0	0	0
ENSG00000287076	0	0	0
ENSG00000237480	0	0	0
ENSG00000271252	0	0	0
ENSG00000230427	0	0	0
ENSG00000235794	0	0	0
ENSG00000286758	0	0	0
ENSG00000237337	0	0	0
ENSG00000233983	0	0	0
ENSG00000198198	1040	63	1232
ENSG00000225183	1	0	1
ENSG00000230402	0	0	0
ENSG00000116793	522	1	521
ENSG00000134201	4	0	4
ENSG00000238122	0	0	0
ENSG00000260879	0	28	0
ENSG00000213366	146	0	146
ENSG00000230864	0	0	0
ENSG00000283354	0	0	0
ENSG00000232918	0	0	0
ENSG00000236360	0	0	0
ENSG00000183298	0	0	1
ENSG00000234332	11	0	11
ENSG00000117525	3	0	3
ENSG00000225079	44	0	44
ENSG00000226483	0	0	0
ENSG00000224238	0	0	0
ENSG00000229537	0	0	0
ENSG00000162699	0	0	0
ENSG00000162692	4	0	4
ENSG00000203914	0	0	0
ENSG00000270457	0	0	0
ENSG00000203858	0	0	0
ENSG00000231987	0	0	0
ENSG00000228057	1	0	1
ENSG00000261593	0	0	0
ENSG00000224445	0	0	0
ENSG00000229842	0	0	0
ENSG00000270631	0	0	0
ENSG00000229201	0	0	0
ENSG00000181656	1	0	1
ENSG00000122481	26	0	26
ENSG00000198162	488	2	486
ENSG00000238198	4	0	4
ENSG00000171517	9	0	9
ENSG00000228852	7	7	0
ENSG00000203864	0	0	0
ENSG00000233482	0	0	0
ENSG00000230250	0	0	0
ENSG00000232878	1	201	0
ENSG00000143079	48	1	47
ENSG00000232450	17	0	17
ENSG00000223575	0	0	0
ENSG00000230768	0	0	0
ENSG00000235202	0	0	0
ENSG00000272715	0	0	0
ENSG00000235038	0	0	0
ENSG00000143093	808	2	806
ENSG00000226415	5	0	5
ENSG00000085491	370	3	399
ENSG00000173947	1	0	1
ENSG00000241361	0	0	0
ENSG00000230434	0	0	0
ENSG00000230718	0	0	0
ENSG00000134198	461	0	461
ENSG00000235595	0	0	0
ENSG00000226053	0	0	0
ENSG00000226128	0	0	0
ENSG00000198799	312	0	342
ENSG00000279513	0	0	0
ENSG00000117620	150	3	150
ENSG00000280186	2	0	2
ENSG00000223906	0	0	0
ENSG00000162688	257	0	257
ENSG00000197106	0	0	0
ENSG00000259946	0	0	0
ENSG00000236137	1	162	1
ENSG00000203859	0	0	0
ENSG00000228086	0	42	1
ENSG00000213421	0	0	0
ENSG00000234020	0	0	0
ENSG00000060718	0	0	0
ENSG00000236804	0	0	0
ENSG00000231072	0	0	0
ENSG00000273406	0	0	0
ENSG00000185946	283	0	283
ENSG00000162627	6	0	6
ENSG00000226715	0	1	0
ENSG00000162695	440	0	440
ENSG00000134184	0	0	0
ENSG00000265808	1045	2	1043
ENSG00000261290	0	0	0
ENSG00000225923	0	0	0
ENSG00000134247	32	0	32
ENSG00000187481	0	0	0
ENSG00000116752	336	3	333
ENSG00000162664	193	0	193
ENSG00000236866	0	0	0
ENSG00000134253	4	4	1
ENSG00000277655	0	0	0
ENSG00000223416	0	0	0
ENSG00000213226	0	0	0
ENSG00000179571	0	0	0
ENSG00000227850	0	0	0
ENSG00000243967	0	0	0
ENSG00000235777	0	0	0
ENSG00000260246	0	0	0
ENSG00000173218	90	0	90
ENSG00000285532	0	0	0
ENSG00000226755	1	0	1
ENSG00000232650	0	0	0
ENSG00000183508	1391	3	1388
ENSG00000277095	0	0	0
ENSG00000236806	0	0	0
ENSG00000234283	0	0	0
ENSG00000237188	0	0	0
ENSG00000232780	0	0	0
ENSG00000274927	0	0	0
ENSG00000264145	0	0	0
ENSG00000238256	0	0	0
ENSG00000198765	0	0	0
ENSG00000224335	0	0	0
ENSG00000277702	0	0	0
ENSG00000143398	801	0	801
ENSG00000196505	405	1	404
ENSG00000225871	15	38	0
ENSG00000223489	0	0	0
ENSG00000230546	0	0	0
ENSG00000213262	0	0	0
ENSG00000287015	0	0	0
ENSG00000241720	0	3	0
ENSG00000235526	0	0	0
ENSG00000228347	0	0	0
ENSG00000276975	2	0	2
ENSG00000236012	0	0	0
ENSG00000270911	2	2	0
ENSG00000272824	0	0	0
ENSG00000134200	2	2	0
ENSG00000234257	0	0	0
ENSG00000065183	389	1	423
ENSG00000227082	2	0	2
ENSG00000228626	0	0	0
ENSG00000226126	0	0	0
ENSG00000163393	428	1	427
ENSG00000163156	609	9	606
ENSG00000143631	3	4	0
ENSG00000156150	0	39	0
ENSG00000228453	0	0	0
ENSG00000274642	0	0	0
ENSG00000177551	0	0	0
ENSG00000197323	1038	1	1037
ENSG00000237975	0	0	1
ENSG00000261168	0	0	0
ENSG00000287980	0	0	0
ENSG00000229283	0	0	0
ENSG00000271419	0	0	0
ENSG00000226172	0	0	0
ENSG00000079335	432	4	471
ENSG00000143119	14761	5	14756
ENSG00000237278	0	30	0
ENSG00000285062	0	0	0
ENSG00000233432	0	0	0
ENSG00000227700	0	0	0
ENSG00000229911	0	0	0
ENSG00000143520	0	0	0
ENSG00000171943	98	10	92
ENSG00000270719	0	0	0
ENSG00000155761	1	35	1
ENSG00000230806	0	0	0
ENSG00000116830	213	1	213
ENSG00000234422	0	0	0
ENSG00000227056	0	0	0
ENSG00000143614	1262	3	1259
ENSG00000227091	0	0	0
ENSG00000169418	0	0	0
ENSG00000214204	0	0	0
ENSG00000081026	37	12	25
ENSG00000225650	0	0	0
ENSG00000227179	0	0	0
ENSG00000224965	3	0	3
ENSG00000228127	1	1	0
ENSG00000226984	0	0	0
ENSG00000186150	0	0	0
ENSG00000143554	724	4	720
ENSG00000143458	439	2	437
ENSG00000230932	0	0	0
ENSG00000073754	1	0	1
ENSG00000228826	0	0	0
ENSG00000233907	0	0	0
ENSG00000225036	0	0	0
ENSG00000228420	0	0	0
ENSG00000233839	0	0	0
ENSG00000250890	0	0	0
ENSG00000232240	0	0	0
ENSG00000280649	33	9	43
ENSG00000131781	96	25	86
ENSG00000223599	1	0	1
ENSG00000230921	0	0	0
ENSG00000286151	1	0	1
ENSG00000234388	0	0	0
ENSG00000235015	0	0	0
ENSG00000271736	45	1	44
ENSG00000235988	2	0	2
ENSG00000233717	0	0	0
ENSG00000231551	34	17	17
ENSG00000227295	4	0	4
ENSG00000163155	63	38	34
ENSG00000243613	0	64	0
ENSG00000241975	9	0	9
ENSG00000271143	0	0	0
ENSG00000270976	0	0	0
ENSG00000228217	0	0	0
ENSG00000270342	0	0	0
ENSG00000143552	2	1	1
ENSG00000175984	12	0	12
ENSG00000231100	0	0	0
ENSG00000116824	3158	2	3156
ENSG00000235887	0	0	0
ENSG00000237460	0	0	0
ENSG00000236327	0	0	0
ENSG00000223804	56	8	48
ENSG00000236887	0	0	0
ENSG00000024526	2	0	2
ENSG00000236480	0	0	0
ENSG00000235756	0	0	0
ENSG00000173810	0	0	0
ENSG00000235005	0	0	0
ENSG00000271890	0	0	0
ENSG00000238107	0	0	0
ENSG00000227425	0	0	0
ENSG00000233222	0	12	0
ENSG00000225279	1	0	1
ENSG00000229101	0	0	0
ENSG00000224927	0	0	0
ENSG00000239216	0	0	0
ENSG00000283360	0	0	0
ENSG00000117262	65	0	65
ENSG00000227907	0	0	0
ENSG00000143624	1668	5	1797
ENSG00000227970	0	0	0
ENSG00000261055	3	1	2
ENSG00000231613	3	0	3
ENSG00000137947	820	0	820
ENSG00000236689	0	0	0
ENSG00000233589	0	0	0
ENSG00000117586	116	0	116
ENSG00000230946	0	0	0
ENSG00000226028	0	0	0
ENSG00000162728	0	0	0
ENSG00000229021	1	0	1
ENSG00000203825	0	0	0
ENSG00000184371	432	0	432
ENSG00000233449	0	0	0
ENSG00000242943	0	0	0
ENSG00000233203	1	0	1
ENSG00000232499	0	0	0
ENSG00000232265	0	0	0
ENSG00000163154	1232	0	1238
ENSG00000232995	7	0	7
ENSG00000236957	0	0	0
ENSG00000238087	0	0	0
ENSG00000227777	3	2	1
ENSG00000177173	3	0	3
ENSG00000277406	35	0	35
ENSG00000238022	0	0	0
ENSG00000231671	0	0	0
ENSG00000162729	408	0	408
ENSG00000143158	290	18	407
ENSG00000271092	1	0	1
ENSG00000238118	0	0	0
ENSG00000276118	0	0	0
ENSG00000232148	0	0	0
ENSG00000278811	2	19	0
ENSG00000000460	46	145	53
ENSG00000188859	3	0	3
ENSG00000275075	0	0	0
ENSG00000135862	66	0	66
ENSG00000232952	1	0	1
ENSG00000158473	907	0	907
ENSG00000227722	0	0	0
ENSG00000285922	0	0	0
ENSG00000275801	1	0	1
ENSG00000143198	474	1	473
ENSG00000143318	10	2	8
ENSG00000232188	0	0	0
ENSG00000232212	0	0	0
ENSG00000143621	1311	9	1309
ENSG00000241042	0	0	0
ENSG00000143155	551	0	551
ENSG00000260322	0	0	0
ENSG00000223495	0	0	0
ENSG00000143156	46	6	67
ENSG00000198771	4982	13	5076
ENSG00000225462	0	0	0
ENSG00000237756	0	0	0
ENSG00000116147	2	0	2
ENSG00000213064	1561	1	1673
ENSG00000203307	0	0	0
ENSG00000143179	127	0	155
ENSG00000271187	0	0	0
ENSG00000274562	0	0	0
ENSG00000143315	190	1	189
ENSG00000116199	589	1	588
ENSG00000231175	0	0	0
ENSG00000143185	99	0	99
ENSG00000235145	0	0	0
ENSG00000116260	1570	1	1569
ENSG00000272931	7	0	7
ENSG00000143190	415	0	486
ENSG00000225475	0	0	0
ENSG00000230898	0	0	0
ENSG00000232223	0	0	0
ENSG00000224698	0	0	0
ENSG00000287697	3	4	3
ENSG00000075945	287	0	305
ENSG00000235303	0	0	0
ENSG00000234810	7	0	7
ENSG00000232750	2	2	0
ENSG00000224468	0	0	0
ENSG00000235628	0	0	0
ENSG00000232551	0	0	0
ENSG00000092607	0	0	0
ENSG00000238270	0	0	0
ENSG00000285894	0	0	0
ENSG00000236025	0	0	0
ENSG00000230687	0	0	0
ENSG00000230704	0	0	0
ENSG00000283255	0	0	0
ENSG00000227741	4	55	3
ENSG00000237049	0	0	0
ENSG00000286754	0	0	0
ENSG00000232751	0	0	0
ENSG00000236364	2	27	0
ENSG00000117091	2386	9	5870
ENSG00000235378	0	0	0
ENSG00000143171	0	0	0
ENSG00000275767	0	0	0
ENSG00000224718	0	0	0
ENSG00000047410	3089	13	3257
ENSG00000231992	0	0	0
ENSG00000018625	0	0	0
ENSG00000171806	119	0	134
ENSG00000287919	1	0	1
ENSG00000229914	0	0	0
ENSG00000233882	0	0	0
ENSG00000198358	0	2	0
ENSG00000229407	0	0	0
ENSG00000134216	0	0	0
ENSG00000230748	0	0	0
ENSG00000254154	2	1	1
ENSG00000162694	42	0	42
ENSG00000238108	0	0	0
ENSG00000214262	0	113	0
ENSG00000183853	0	0	0
ENSG00000215835	8	0	8
ENSG00000118197	427	0	428
ENSG00000135842	13235	21	13214
ENSG00000229258	4	0	4
ENSG00000287472	0	0	0
ENSG00000241318	0	0	0
ENSG00000228238	0	0	0
ENSG00000232393	0	0	0
ENSG00000121454	16	59	1
ENSG00000184155	0	0	0
ENSG00000058085	0	0	0
ENSG00000260088	0	1	0
ENSG00000287978	100	0	100
ENSG00000116815	531	1	530
ENSG00000232917	0	0	0
ENSG00000233057	1	0	1
ENSG00000237131	0	0	0
ENSG00000233946	0	0	0
ENSG00000143167	172	0	172
ENSG00000143184	51	0	51
ENSG00000231966	3	0	3
ENSG00000176320	0	0	0
ENSG00000260976	0	0	0
ENSG00000235215	2	2	0
ENSG00000223450	0	0	0
ENSG00000224691	0	0	0
ENSG00000286572	0	0	0
ENSG00000235101	2	2	0
ENSG00000228215	5	0	5
ENSG00000177807	29	0	29
ENSG00000233626	1	1	0
ENSG00000233691	0	0	0
ENSG00000283518	0	0	0
ENSG00000271527	0	0	0
ENSG00000143228	15	0	15
ENSG00000235827	0	0	0
ENSG00000231615	3	0	3
ENSG00000231714	0	0	0
ENSG00000174514	16	7	13
ENSG00000143178	64	0	64
ENSG00000224837	0	0	0
ENSG00000116833	1	0	1
ENSG00000227740	9	0	9
ENSG00000260990	0	0	0
ENSG00000000457	284	20	401
ENSG00000143507	115	0	115
ENSG00000285638	0	0	0
ENSG00000226520	0	0	0
ENSG00000284592	0	0	0
ENSG00000230987	0	0	0
ENSG00000232527	0	0	0
ENSG00000215833	0	0	0
ENSG00000228167	0	0	0
ENSG00000225325	0	0	0
ENSG00000223344	0	0	0
ENSG00000228191	0	0	0
ENSG00000229961	47	0	47
ENSG00000150732	0	0	0
ENSG00000157064	3	0	3
ENSG00000288139	0	0	0
ENSG00000226015	11	1	10
ENSG00000215808	0	0	0
ENSG00000059588	397	1	396
ENSG00000231512	0	0	0
ENSG00000237379	0	0	0
ENSG00000232959	0	18	0
ENSG00000122224	849	13	836
ENSG00000162782	0	0	0
ENSG00000238051	0	0	0
ENSG00000233196	0	0	0
ENSG00000229220	0	0	0
ENSG00000143653	271	1	270
ENSG00000135837	1282	1	1281
ENSG00000158711	1189	4	1189
ENSG00000227747	0	0	0
ENSG00000228081	0	0	0
ENSG00000228020	0	0	0
ENSG00000234975	19	0	19
ENSG00000162851	99	0	99
ENSG00000271427	0	0	0
ENSG00000261817	0	0	0
ENSG00000143353	173	0	184
ENSG00000197965	603	2	601
ENSG00000143493	233	0	233
ENSG00000230777	1	0	1
ENSG00000179397	0	0	0
ENSG00000224540	0	0	0
ENSG00000117592	2453	2	2451
ENSG00000186197	13	0	13
ENSG00000229067	0	0	0
ENSG00000230231	0	1	0
ENSG00000227711	0	0	0
ENSG00000261182	0	0	0
ENSG00000228879	1	0	1
ENSG00000227925	1	0	1
ENSG00000162670	0	0	0
ENSG00000225712	0	0	0
ENSG00000162761	0	0	0
ENSG00000143199	2	0	2
ENSG00000179930	0	0	0
ENSG00000007908	0	0	0
ENSG00000092978	120	0	120
ENSG00000143499	326	0	326
ENSG00000188404	48771	58	48713
ENSG00000227735	0	0	0
ENSG00000243062	0	0	0
ENSG00000143196	0	0	0
ENSG00000228504	0	0	0
ENSG00000274702	0	0	0
ENSG00000226211	0	0	0
ENSG00000236942	0	0	0
ENSG00000287205	0	0	0
ENSG00000203697	3	0	3
ENSG00000116574	704	2	702
ENSG00000287929	0	0	0
ENSG00000186283	629	0	629
ENSG00000224896	0	0	0
ENSG00000226292	0	0	0
ENSG00000121481	307	1	306
ENSG00000227940	0	0	0
ENSG00000117139	761	2	759
ENSG00000143248	10	0	10
ENSG00000278455	0	0	0
ENSG00000224810	1	0	1
ENSG00000162814	0	0	0
ENSG00000225172	0	0	0
ENSG00000261642	0	0	0
ENSG00000228239	0	0	0
ENSG00000237283	0	0	0
ENSG00000116132	0	0	0
ENSG00000238042	2	0	2
ENSG00000271475	0	0	0
ENSG00000231877	0	0	0
ENSG00000116679	4371	4	4367
ENSG00000228536	0	0	0
ENSG00000230550	0	1	0
ENSG00000229242	0	0	0
ENSG00000253326	1	0	1
ENSG00000228470	1	1	0
ENSG00000152092	0	0	0
ENSG00000234984	0	0	0
ENSG00000231648	0	0	0
ENSG00000229983	0	0	0
ENSG00000215149	0	0	0
ENSG00000225122	0	0	0
ENSG00000225920	3	3	0
ENSG00000143476	16	0	16
ENSG00000121486	461	1	460
ENSG00000228437	0	0	0
ENSG00000214837	13	0	13
ENSG00000057252	1254	2	1252
ENSG00000225982	0	0	0
ENSG00000285718	0	0	0
ENSG00000234070	0	0	0
ENSG00000233620	0	0	0
ENSG00000237783	0	0	0
ENSG00000272906	12	2	22
ENSG00000233018	0	0	0
ENSG00000123685	51	0	51
ENSG00000224783	0	0	0
ENSG00000162852	706	1	705
ENSG00000232792	0	0	0
ENSG00000273004	4	0	4
ENSG00000143842	108	0	108
ENSG00000268062	1	1	0
ENSG00000237409	0	0	0
ENSG00000116962	361	0	361
ENSG00000288078	0	0	0
ENSG00000271399	0	0	0
ENSG00000229757	2	2	0
ENSG00000232679	0	0	0
ENSG00000159388	3515	6	3509
ENSG00000220749	40	0	40
ENSG00000181450	68	0	68
ENSG00000223519	12	4	33
ENSG00000120333	261	6	264
ENSG00000286285	20	0	20
ENSG00000225300	1	0	1
ENSG00000223842	0	0	0
ENSG00000162753	0	0	0
ENSG00000228247	0	0	0
ENSG00000231424	2	0	2
ENSG00000143355	0	0	0
ENSG00000287177	0	0	0
ENSG00000237193	0	0	0
ENSG00000223490	0	0	0
ENSG00000121644	399	1	398
ENSG00000174502	0	0	0
ENSG00000224286	0	0	0
ENSG00000158715	92	0	92
ENSG00000143195	7	0	7
ENSG00000162849	10	3	7
ENSG00000232824	0	0	0
ENSG00000273416	0	0	0
ENSG00000234142	1	0	2
ENSG00000282111	0	0	0
ENSG00000233410	0	0	0
ENSG00000067533	127	0	127
ENSG00000228955	0	0	0
ENSG00000270443	0	0	0
ENSG00000116209	3081	0	3081
ENSG00000224702	0	0	0
ENSG00000271811	0	0	0
ENSG00000224278	0	0	0
ENSG00000235492	0	0	0
ENSG00000287808	4	59	5
ENSG00000271588	0	0	0
ENSG00000229840	0	0	0
ENSG00000116161	620	19	614
ENSG00000226486	0	0	0
ENSG00000227687	0	0	0
ENSG00000231814	0	0	0
ENSG00000286210	0	0	0
ENSG00000287364	0	0	0
ENSG00000225063	0	0	0
ENSG00000260698	10	0	10
ENSG00000277007	2	0	2
ENSG00000229016	0	0	0
ENSG00000077157	1062	0	1073
ENSG00000152104	0	0	0
ENSG00000236975	1	0	1
ENSG00000215834	0	0	0
ENSG00000286541	0	0	0
ENSG00000117650	0	0	0
ENSG00000235021	0	0	0
ENSG00000203724	4	0	4
ENSG00000225006	0	0	0
ENSG00000287633	0	0	0
ENSG00000158764	1	0	3
ENSG00000223375	0	0	0
ENSG00000230714	0	0	0
ENSG00000261065	0	2	0
ENSG00000260855	2	0	2
ENSG00000188783	0	0	0
ENSG00000236206	1	0	1
ENSG00000168118	414	0	416
ENSG00000181101	0	0	0
ENSG00000173726	1206	0	1206
ENSG00000282852	0	0	0
ENSG00000152382	152	3	149
ENSG00000143839	0	0	0
ENSG00000232100	0	0	0
ENSG00000261024	0	0	0
ENSG00000230547	0	0	0
ENSG00000229703	0	0	0
ENSG00000176754	0	0	0
ENSG00000232309	0	0	0
ENSG00000227953	4	24	4
ENSG00000232215	0	0	0
ENSG00000135829	2677	5	2732
ENSG00000228289	0	0	0
ENSG00000134717	531	1	530
ENSG00000232989	0	0	0
ENSG00000233537	0	0	0
ENSG00000116668	142	20	122
ENSG00000143756	421	0	421
ENSG00000278180	0	0	0
ENSG00000143702	450	0	509
ENSG00000232341	0	0	0
ENSG00000287676	0	0	0
ENSG00000236792	0	0	0
ENSG00000143207	2035	2	2033
ENSG00000270859	0	0	0
ENSG00000238224	0	0	0
ENSG00000286775	0	0	0
ENSG00000122176	0	0	0
ENSG00000229120	0	0	0
ENSG00000237492	0	0	0
ENSG00000230404	0	0	0
ENSG00000213036	0	0	0
ENSG00000227230	4	37	0
ENSG00000236230	0	0	0
ENSG00000026751	2106	3	2103
ENSG00000150681	1581	1	1960
ENSG00000116906	649	0	649
ENSG00000092969	5	0	5
ENSG00000157181	207	0	207
ENSG00000250762	0	0	0
ENSG00000236720	0	0	0
ENSG00000227421	2	0	2
ENSG00000227240	1	0	1
ENSG00000076258	35	0	35
ENSG00000286073	0	0	0
ENSG00000231084	3	3	0
ENSG00000232085	0	26	0
ENSG00000117697	492	0	492
ENSG00000279333	0	0	1
ENSG00000235083	0	0	0
ENSG00000162669	0	0	0
ENSG00000197067	0	0	0
ENSG00000229652	0	0	0
ENSG00000132681	17	0	17
ENSG00000225904	0	0	0
ENSG00000270920	0	0	0
ENSG00000281664	0	0	0
ENSG00000143641	631	3	938
ENSG00000227630	5	0	5
ENSG00000228830	0	666	0
ENSG00000010932	1	1	0
ENSG00000282849	0	0	0
ENSG00000276520	0	0	0
ENSG00000226640	0	0	0
ENSG00000010072	193	51	190
ENSG00000135766	190	2	188
ENSG00000232626	3	0	3
ENSG00000232096	0	0	0
ENSG00000279261	1	0	1
ENSG00000213051	2	1	1
ENSG00000238054	0	0	0
ENSG00000163534	192	1	191
ENSG00000168243	1	0	1
ENSG00000281453	0	0	0
ENSG00000237469	0	0	0
ENSG00000224939	0	0	0
ENSG00000227613	0	0	0
ENSG00000116183	0	0	0
ENSG00000270106	1	0	1
ENSG00000232194	0	0	0
ENSG00000235152	0	0	0
ENSG00000231612	0	0	0
ENSG00000237980	4	0	4
ENSG00000271036	0	0	0
ENSG00000230849	0	0	0
ENSG00000170382	93	92	3
ENSG00000228664	0	0	0
ENSG00000226868	0	0	0
ENSG00000279401	0	0	0
ENSG00000272362	0	0	0
ENSG00000287450	0	0	0
ENSG00000237011	0	0	0
ENSG00000233583	1	1	0
ENSG00000066027	3186	2	3184
ENSG00000286263	0	0	0
ENSG00000227006	1	1	0
ENSG00000236372	0	0	0
ENSG00000224525	0	0	0
ENSG00000188770	0	0	0
ENSG00000173728	3	3	0
ENSG00000094975	443	1	442
ENSG00000225811	0	0	0
ENSG00000273093	0	0	0
ENSG00000162772	101	0	101
ENSG00000227818	0	0	0
ENSG00000135828	1601	5	1596
ENSG00000224227	1	0	1
ENSG00000286398	0	0	0
ENSG00000076356	83	0	83
ENSG00000215819	0	0	0
ENSG00000185523	0	0	0
ENSG00000236108	0	0	0
ENSG00000116711	117	0	117
ENSG00000231684	0	0	0
ENSG00000226750	0	0	0
ENSG00000285665	10	0	10
ENSG00000231022	0	0	0
ENSG00000224436	0	0	0
ENSG00000228208	0	0	0
ENSG00000273384	1	0	1
ENSG00000238061	0	0	0
ENSG00000234915	0	0	0
ENSG00000143845	8	0	11
ENSG00000235862	0	0	0
ENSG00000069812	0	0	0
ENSG00000227585	0	0	0
ENSG00000157060	0	0	0
ENSG00000237213	0	0	0
ENSG00000236439	6	0	6
ENSG00000224260	0	0	0
ENSG00000213045	1	1	0
ENSG00000287220	0	0	0
ENSG00000230063	0	0	0
ENSG00000235467	0	0	0
ENSG00000123684	3516	3	3513
ENSG00000117707	0	0	1
ENSG00000228044	0	0	0
ENSG00000225338	0	0	0
ENSG00000224407	0	310	0
ENSG00000232463	1	1	0
ENSG00000237457	0	0	0
ENSG00000225171	2	0	2
ENSG00000226843	0	0	0
ENSG00000235386	0	0	0
ENSG00000123836	457	57	456
ENSG00000213690	0	0	0
ENSG00000223982	0	0	0
ENSG00000229832	0	0	0
ENSG00000117691	241	0	241
ENSG00000225233	0	0	0
ENSG00000274895	0	0	0
ENSG00000237514	0	0	0
ENSG00000287856	0	0	0
ENSG00000228067	0	0	0
ENSG00000284299	0	0	0
ENSG00000226375	0	0	0
ENSG00000203705	324	0	324
ENSG00000224040	0	0	0
ENSG00000228686	18	18	0
ENSG00000279838	20	0	20
ENSG00000174175	249	0	249
ENSG00000236401	0	0	0
ENSG00000241475	0	0	0
ENSG00000215800	0	0	0
ENSG00000286421	0	0	0
ENSG00000270936	0	0	0
ENSG00000008118	0	0	0
ENSG00000171161	728	0	728
ENSG00000241505	0	0	0
ENSG00000224535	0	0	0
ENSG00000282097	0	0	0
ENSG00000261453	2	2	0
ENSG00000231020	0	0	0
ENSG00000270818	0	0	0
ENSG00000196878	14	0	14
ENSG00000133059	500	0	500
ENSG00000225561	0	0	0
ENSG00000224668	0	0	0
ENSG00000242529	0	0	0
ENSG00000074964	374	1	373
ENSG00000223847	0	0	0
ENSG00000277704	0	0	0
ENSG00000116918	417	30	417
ENSG00000274020	133	0	162
ENSG00000287445	4	0	4
ENSG00000259815	0	0	0
ENSG00000240963	0	0	0
ENSG00000226570	0	0	0
ENSG00000198929	0	0	0
ENSG00000272167	0	0	0
ENSG00000230628	1	0	1
ENSG00000162771	0	0	0
ENSG00000227579	0	0	0
ENSG00000176393	744	1	1073
ENSG00000174606	417	1	417
ENSG00000179914	20	0	20
ENSG00000235750	4986	5	4981
ENSG00000284376	0	0	0
ENSG00000121446	0	0	0
ENSG00000226758	1	0	1
ENSG00000230199	0	0	0
ENSG00000236905	0	0	0
ENSG00000233304	0	0	0
ENSG00000288007	2	0	3
ENSG00000227887	0	0	0
ENSG00000116903	570	0	616
ENSG00000228255	0	0	0
ENSG00000226196	0	0	0
ENSG00000287354	0	1	0
ENSG00000233827	0	0	0
ENSG00000198797	0	0	0
ENSG00000271746	1	0	1
ENSG00000234233	0	0	0
ENSG00000151414	1225	0	1225
ENSG00000177614	0	0	0
ENSG00000223794	0	0	0
ENSG00000235182	0	0	0
ENSG00000213041	0	0	0
ENSG00000287157	0	0	0
ENSG00000233920	0	0	0
ENSG00000183831	0	0	0
ENSG00000225755	0	0	0
ENSG00000143858	33	45	0
ENSG00000197472	0	0	0
ENSG00000230184	0	0	0
ENSG00000234004	0	0	0
ENSG00000232436	0	0	0
ENSG00000231718	0	0	0
ENSG00000283952	0	0	0
ENSG00000230019	0	0	0
ENSG00000136643	308	0	308
ENSG00000232537	0	0	0
ENSG00000226036	1	1	0
ENSG00000285521	0	0	0
ENSG00000236317	0	0	0
ENSG00000176855	0	0	0
ENSG00000227728	0	0	0
ENSG00000133069	620	5	615
ENSG00000162877	7	0	7
ENSG00000233461	74	0	75
ENSG00000225401	1	0	1
ENSG00000228190	0	0	0
ENSG00000135747	0	0	0
ENSG00000227237	2	2	0
ENSG00000069248	643	0	643
ENSG00000232812	0	0	0
ENSG00000231666	0	0	0
ENSG00000226986	0	0	0
ENSG00000242042	0	0	0
ENSG00000234464	0	0	0
ENSG00000253148	0	0	0
ENSG00000227751	0	317	0
ENSG00000090104	35	0	35
ENSG00000285280	4	383	1
ENSG00000232892	0	0	0
ENSG00000236950	0	0	0
ENSG00000236468	0	0	0
ENSG00000143322	287	1	286
ENSG00000185220	151	1	150
ENSG00000226003	0	0	0
ENSG00000230813	0	0	0
ENSG00000226862	13	0	14
ENSG00000236101	0	0	0
ENSG00000162769	189	1	188
ENSG00000133065	345	0	345
ENSG00000278684	0	0	0
ENSG00000236775	0	0	0
ENSG00000042781	0	0	0
ENSG00000234754	0	0	0
ENSG00000233084	7	0	7
ENSG00000227815	2	0	2
ENSG00000287046	0	0	0
ENSG00000223774	1	0	2
ENSG00000228863	10	3493	10
ENSG00000228646	0	0	0
ENSG00000229112	1	1	0
ENSG00000233332	0	0	0
ENSG00000231984	0	0	0
ENSG00000286213	0	0	0
ENSG00000226876	0	0	0
ENSG00000277462	21	0	21
ENSG00000225591	0	0	0
ENSG00000035687	792	1	791
ENSG00000213080	0	0	0
ENSG00000180287	0	0	0
ENSG00000226693	0	0	0
ENSG00000234678	31	361	1
ENSG00000231272	0	0	0
ENSG00000223828	1	1	0
ENSG00000163431	1	1	1
ENSG00000230124	262	0	306
ENSG00000226723	0	0	0
ENSG00000272672	2	0	2
ENSG00000143473	1	2	0
ENSG00000228982	0	0	0
ENSG00000235096	0	0	0
ENSG00000237250	0	0	0
ENSG00000007341	42	27	69
ENSG00000286747	0	0	0
ENSG00000236069	0	0	0
ENSG00000236244	0	0	0
ENSG00000272865	0	0	0
ENSG00000117222	568	3	566
ENSG00000143324	378	0	378
ENSG00000229871	0	0	0
ENSG00000225222	0	0	0
ENSG00000118193	3	0	3
ENSG00000234116	0	0	0
ENSG00000231940	0	0	0
ENSG00000198842	1	0	1
ENSG00000286619	13	0	13
ENSG00000198756	8	0	8
ENSG00000259823	6	6	0
ENSG00000271558	0	0	0
ENSG00000227554	0	0	0
ENSG00000178596	0	0	0
ENSG00000135749	221	6	243
ENSG00000143786	7	1	11
ENSG00000224584	0	0	0
ENSG00000054282	245	22	261
ENSG00000183780	3	0	3
ENSG00000229663	3	3	0
ENSG00000162702	748	1	747
ENSG00000251508	0	0	0
ENSG00000238272	0	0	0
ENSG00000228530	0	0	0
ENSG00000235060	0	0	0
ENSG00000143194	0	0	0
ENSG00000229531	0	0	0
ENSG00000271329	0	0	0
ENSG00000054267	1805	5	1800
ENSG00000261831	0	0	0
ENSG00000287921	0	0	0
ENSG00000177800	0	0	0
ENSG00000225620	0	0	0
ENSG00000232166	0	0	0
ENSG00000175137	1656	4	1652
ENSG00000134245	8	37	3
ENSG00000234041	0	0	0
ENSG00000227373	3	0	3
ENSG00000231905	0	0	0
ENSG00000228175	0	0	0
ENSG00000069275	1723	6	1717
ENSG00000143674	21	0	21
ENSG00000237317	0	0	0
ENSG00000187889	0	0	0
ENSG00000134375	420	0	420
ENSG00000097046	57	1	56
ENSG00000232113	0	0	0
ENSG00000282718	0	0	0
ENSG00000231378	1	1	0
ENSG00000235605	1	1	1
ENSG00000223525	0	0	0
ENSG00000224857	0	0	0
ENSG00000273367	1	0	1
ENSG00000230604	0	0	0
ENSG00000231605	0	0	0
ENSG00000236358	1	1	1
ENSG00000203737	4	0	4
ENSG00000238003	0	0	0
ENSG00000215873	0	0	0
ENSG00000287008	0	0	0
ENSG00000185420	73	0	73
ENSG00000076321	214	1	213
ENSG00000272175	0	0	2
ENSG00000231564	0	0	0
ENSG00000135778	133	24	137
ENSG00000213070	0	0	0
ENSG00000282265	0	0	0
ENSG00000250536	0	0	0
ENSG00000229747	0	0	0
ENSG00000117280	1366	4	1362
ENSG00000233985	0	0	0
ENSG00000232175	0	0	0
ENSG00000287423	0	0	0
ENSG00000286774	0	0	0
ENSG00000236719	0	0	0
ENSG00000136636	80	0	80
ENSG00000225486	1	0	1
ENSG00000227043	0	0	0
ENSG00000163874	572	1	571
ENSG00000285777	0	0	0
ENSG00000237249	0	0	0
ENSG00000286109	0	0	0
ENSG00000213068	0	0	0
ENSG00000054392	36	0	37
ENSG00000227994	0	0	0
ENSG00000286552	0	0	0
ENSG00000225711	0	0	0
ENSG00000122223	939	16	923
ENSG00000235869	0	0	0
ENSG00000188739	10	0	10
ENSG00000286666	0	0	0
ENSG00000135750	4	0	4
ENSG00000273198	2	0	2
ENSG00000203730	0	0	0
ENSG00000225719	0	0	0
ENSG00000273483	0	0	0
ENSG00000287987	0	0	0
ENSG00000203729	1	0	1
ENSG00000232809	0	0	0
ENSG00000284623	0	0	0
ENSG00000285981	0	0	0
ENSG00000261729	0	0	0
ENSG00000223869	0	0	0
ENSG00000229228	0	0	0
ENSG00000215796	0	0	0
ENSG00000185221	0	0	0
ENSG00000233047	0	0	0
ENSG00000143341	1	0	1
ENSG00000228309	0	0	0
ENSG00000229739	2	0	2
ENSG00000116703	0	0	0
ENSG00000273874	0	0	0
ENSG00000278791	0	4	0
ENSG00000278757	3	0	3
ENSG00000264341	0	0	0
ENSG00000264101	0	0	0
ENSG00000265141	0	0	0
ENSG00000221083	0	0	0
ENSG00000252404	0	0	0
ENSG00000222511	0	0	0
ENSG00000265392	0	0	0
ENSG00000243267	0	0	0
ENSG00000201725	0	0	0
ENSG00000274258	0	0	0
ENSG00000239149	3	0	3
ENSG00000252151	0	0	0
ENSG00000252969	0	0	0
ENSG00000252417	0	0	0
ENSG00000200975	0	0	0
ENSG00000201609	0	0	0
ENSG00000238482	0	0	0
ENSG00000252956	0	0	0
ENSG00000265606	0	0	0
ENSG00000284357	0	0	0
ENSG00000278034	0	0	0
ENSG00000207237	0	0	0
ENSG00000222784	0	0	0
ENSG00000266210	0	0	0
ENSG00000265961	0	0	0
ENSG00000251866	0	0	0
ENSG00000252691	0	0	0
ENSG00000264371	0	0	0
ENSG00000253005	1	0	1
ENSG00000238316	0	0	0
ENSG00000207941	0	0	0
ENSG00000264773	3	0	3
ENSG00000252448	0	0	0
ENSG00000200421	0	0	0
ENSG00000222282	0	0	0
ENSG00000199963	0	0	0
ENSG00000264698	0	0	0
ENSG00000207328	0	0	0
ENSG00000207466	0	0	0
ENSG00000252368	0	0	0
ENSG00000206779	0	0	0
ENSG00000265596	0	0	0
ENSG00000212541	7	7	0
ENSG00000200796	0	0	0
ENSG00000252190	0	0	0
ENSG00000264613	0	0	0
ENSG00000199240	0	0	0
ENSG00000277168	0	0	0
ENSG00000283724	0	0	0
ENSG00000284410	0	0	0
ENSG00000252018	0	0	0
ENSG00000206627	0	0	0
ENSG00000283414	0	0	0
ENSG00000207508	0	0	0
ENSG00000200171	0	0	0
ENSG00000207194	0	0	0
ENSG00000283477	0	0	0
ENSG00000264834	0	0	0
ENSG00000263675	1	0	1
ENSG00000266188	0	0	0
ENSG00000206981	0	0	0
ENSG00000200174	0	0	0
ENSG00000265822	0	0	0
ENSG00000265815	0	0	0
ENSG00000238653	0	0	0
ENSG00000212624	0	0	0
ENSG00000200575	0	0	0
ENSG00000212360	0	0	0
ENSG00000242860	0	0	0
ENSG00000263908	0	0	0
ENSG00000283690	0	0	0
ENSG00000199921	0	0	0
ENSG00000251825	0	0	0
ENSG00000201153	0	0	0
ENSG00000222624	0	0	0
ENSG00000223152	0	0	0
ENSG00000212308	0	0	0
ENSG00000279049	0	11	0
ENSG00000276081	0	0	0
ENSG00000239640	0	0	0
ENSG00000252338	0	0	0
ENSG00000251785	0	0	0
ENSG00000239319	0	0	0
ENSG00000222849	0	0	0
ENSG00000283749	0	0	0
ENSG00000251958	0	0	0
ENSG00000251767	0	0	0
ENSG00000243437	0	0	0
ENSG00000202263	0	0	0
ENSG00000199318	0	0	0
ENSG00000199666	0	0	0
ENSG00000200601	0	0	0
ENSG00000242482	0	0	0
ENSG00000212366	0	0	0
ENSG00000201620	0	0	0
ENSG00000206817	0	0	0
ENSG00000284247	0	0	0
ENSG00000200839	0	0	0
ENSG00000264963	0	0	0
ENSG00000264271	0	0	0
ENSG00000239504	0	0	0
ENSG00000284202	0	0	0
ENSG00000251720	0	0	0
ENSG00000274321	0	0	0
ENSG00000198974	0	0	0
ENSG00000212248	0	0	0
ENSG00000207962	0	0	0
ENSG00000276884	0	0	0
ENSG00000207234	0	0	0
ENSG00000202259	0	0	0
ENSG00000212459	0	0	0
ENSG00000278287	0	0	0
ENSG00000277565	0	0	0
ENSG00000263526	0	0	0
ENSG00000211575	0	0	0
ENSG00000275823	0	0	0
ENSG00000277689	0	0	0
ENSG00000274199	0	1	0
ENSG00000202254	0	0	0
ENSG00000244256	0	0	0
ENSG00000201491	0	0	0
ENSG00000199831	0	0	0
ENSG00000275455	0	0	0
ENSG00000252162	0	0	0
ENSG00000272051	0	0	0
ENSG00000283899	0	0	0
ENSG00000200800	0	0	0
ENSG00000207502	0	0	0
ENSG00000252530	0	0	0
ENSG00000200536	0	0	0
ENSG00000211543	0	0	0
ENSG00000252797	0	0	0
ENSG00000212266	0	0	0
ENSG00000222209	0	0	0
ENSG00000277141	0	0	0
ENSG00000215930	0	0	0
ENSG00000238761	0	0	0
ENSG00000201114	0	0	0
ENSG00000206679	0	0	0
ENSG00000264419	0	0	0
ENSG00000222069	0	0	0
ENSG00000274428	0	0	0
ENSG00000199879	0	0	0
ENSG00000274408	0	0	0
ENSG00000283676	0	0	0
ENSG00000252005	0	0	0
ENSG00000252510	0	0	0
ENSG00000207340	1	0	1
ENSG00000252830	0	0	0
ENSG00000274450	0	0	0
ENSG00000252135	0	0	0
ENSG00000278596	0	0	0
ENSG00000238825	1	0	1
ENSG00000201183	1	1	0
ENSG00000202408	0	0	0
ENSG00000252744	0	0	0
ENSG00000273768	0	0	0
ENSG00000242565	0	0	0
ENSG00000239984	0	0	0
ENSG00000283296	0	0	0
ENSG00000252717	0	0	0
ENSG00000194297	0	0	0
ENSG00000199565	0	0	0
ENSG00000277313	0	0	0
ENSG00000274940	0	0	0
ENSG00000207341	0	0	0
ENSG00000207472	0	0	0
ENSG00000206880	0	0	0
ENSG00000252552	0	0	0
ENSG00000199849	0	0	0
ENSG00000252407	0	0	0
ENSG00000212538	0	0	0
ENSG00000251813	0	0	0
ENSG00000207108	0	0	0
ENSG00000201312	0	0	0
ENSG00000207039	0	0	0
ENSG00000202491	0	0	0
ENSG00000201596	0	0	0
ENSG00000276839	1	0	1
ENSG00000207974	0	0	0
ENSG00000273629	0	0	0
ENSG00000201493	0	0	0
ENSG00000215952	0	0	0
ENSG00000200139	0	0	0
ENSG00000283575	0	0	0
ENSG00000238765	0	0	0
ENSG00000264916	0	0	0
ENSG00000212338	0	0	0
ENSG00000206659	0	0	0
ENSG00000253025	0	0	0
ENSG00000201619	0	0	0
ENSG00000201544	0	0	0
ENSG00000202498	0	0	0
ENSG00000221545	0	0	0
ENSG00000252906	0	0	0
ENSG00000206692	0	0	0
ENSG00000202329	0	0	0
ENSG00000242794	0	0	0
ENSG00000212144	0	0	0
ENSG00000283340	0	0	0
ENSG00000252860	0	0	0
ENSG00000252501	0	0	0
ENSG00000263390	0	0	0
ENSG00000207181	0	0	0
ENSG00000265744	0	0	0
ENSG00000264377	0	0	0
ENSG00000207149	0	0	0
ENSG00000283936	0	0	0
ENSG00000284485	0	0	0
ENSG00000201638	0	0	0
ENSG00000275213	0	0	0
ENSG00000239494	4	1	3
ENSG00000212230	0	0	0
ENSG00000252371	0	0	0
ENSG00000199442	0	0	0
ENSG00000200033	0	0	0
ENSG00000239690	0	0	0
ENSG00000202184	0	0	0
ENSG00000241395	0	0	0
ENSG00000200982	0	0	0
ENSG00000275207	0	0	0
ENSG00000202300	0	0	0
ENSG00000222407	0	0	0
ENSG00000222986	0	0	0
ENSG00000265435	0	0	0
ENSG00000272262	0	0	0
ENSG00000200495	0	0	0
ENSG00000202609	0	0	0
ENSG00000252553	0	0	0
ENSG00000206764	0	0	0
ENSG00000222240	0	0	0
ENSG00000212187	0	0	0
ENSG00000206637	0	0	0
ENSG00000253097	0	0	0
ENSG00000200036	0	0	0
ENSG00000201421	0	0	0
ENSG00000212610	0	0	0
ENSG00000252484	0	0	0
ENSG00000201944	0	0	0
ENSG00000200327	0	0	0
ENSG00000206905	0	0	0
ENSG00000200972	0	0	0
ENSG00000243051	0	0	0
ENSG00000252011	0	0	0
ENSG00000207326	0	0	0
ENSG00000212205	1	1	0
ENSG00000253042	0	0	0
ENSG00000274121	0	0	0
ENSG00000264358	0	0	0
ENSG00000206640	0	0	0
ENSG00000212527	0	0	0
ENSG00000252879	0	0	0
ENSG00000252612	1	0	1
ENSG00000202264	0	0	0
ENSG00000285609	0	0	0
ENSG00000206762	1	1	0
ENSG00000252084	0	0	0
ENSG00000200085	0	0	0
ENSG00000264500	0	0	0
ENSG00000202025	0	0	0
ENSG00000225545	0	0	0
ENSG00000206990	0	0	0
ENSG00000230175	0	0	0
ENSG00000225272	0	0	0
ENSG00000215838	0	0	0
ENSG00000273365	1	0	1
ENSG00000224358	2	0	2
ENSG00000230659	0	0	0
ENSG00000162545	29	0	29
ENSG00000090432	557	0	557
ENSG00000215520	0	0	0
ENSG00000183114	0	0	0
ENSG00000158825	2278	1	2277
ENSG00000158828	512	50	1999
ENSG00000284005	0	0	0
ENSG00000117242	50	1501	86
ENSG00000234473	1	0	1
ENSG00000238754	0	0	0
ENSG00000134371	598	3	597
ENSG00000221680	0	0	0
ENSG00000162630	87	0	89
ENSG00000276735	0	0	0
ENSG00000232077	2	0	2
ENSG00000229639	0	0	0
ENSG00000287453	0	0	0
ENSG00000270615	0	0	0
ENSG00000287283	0	0	0
ENSG00000240692	0	0	0
ENSG00000229359	0	0	0
ENSG00000237919	0	0	0
ENSG00000066557	161	0	161
ENSG00000244389	0	0	0
ENSG00000228988	0	0	0
ENSG00000118454	232	0	232
ENSG00000226088	0	0	0
ENSG00000116761	8	0	8
ENSG00000278636	0	0	0
ENSG00000271992	0	0	0
ENSG00000233020	0	0	0
ENSG00000237033	0	0	0
ENSG00000226208	0	0	0
ENSG00000007968	271	1	270
ENSG00000235052	0	0	0
ENSG00000117318	140	1	139
ENSG00000285802	0	0	0
ENSG00000229239	0	0	0
ENSG00000142676	19356	92	19264
ENSG00000057757	628	2	626
ENSG00000011009	1162	0	1164
ENSG00000117308	111	1	110
ENSG00000273844	0	0	0
ENSG00000235748	0	0	0
ENSG00000237861	0	0	0
ENSG00000221879	0	0	0
ENSG00000230260	0	0	0
ENSG00000199241	0	0	0
ENSG00000226919	0	1	0
ENSG00000223963	0	0	0
ENSG00000215802	0	0	0
ENSG00000233615	0	0	0
ENSG00000238085	0	0	0
ENSG00000265831	0	0	0
ENSG00000224348	0	0	0
ENSG00000286496	0	0	0
ENSG00000287516	0	0	0
ENSG00000287738	0	0	0
ENSG00000132703	0	0	0
ENSG00000276632	0	0	0
ENSG00000223603	0	0	0
ENSG00000132693	0	0	0
ENSG00000235226	0	0	0
ENSG00000158716	199	0	199
ENSG00000181036	933	15	918
ENSG00000158714	78	19	312
ENSG00000212161	0	0	0
ENSG00000243284	1	0	1
ENSG00000272668	22	7	17
ENSG00000213085	44	0	44
ENSG00000266458	0	0	0
ENSG00000287040	1	1	0
ENSG00000279430	0	0	0
ENSG00000162723	1	0	1
ENSG00000273933	0	0	0
ENSG00000256029	2	95	5
ENSG00000188004	0	0	0
ENSG00000266580	0	0	0
ENSG00000254545	0	21	0
ENSG00000203620	0	0	0
ENSG00000269967	2	0	2
ENSG00000228634	2	2	0
ENSG00000284702	0	0	0
ENSG00000221040	0	0	0
ENSG00000287217	0	0	0
ENSG00000163399	1544	19	4417
ENSG00000212385	0	0	0
ENSG00000233154	5	0	5
ENSG00000230381	0	0	0
ENSG00000200547	0	0	0
ENSG00000224950	36	0	40
ENSG00000286276	10	14	0
ENSG00000177888	171	1	170
ENSG00000243364	80	0	80
ENSG00000251246	0	0	0
ENSG00000143590	6	0	6
ENSG00000202027	0	0	0
ENSG00000169242	15	0	15
ENSG00000169241	358	2	356
ENSG00000223452	0	0	0
ENSG00000163463	45	0	45
ENSG00000273088	0	0	0
ENSG00000284586	0	0	0
ENSG00000169231	194	6	438
ENSG00000236263	0	79	5
ENSG00000236675	81	81	0
ENSG00000177628	1092	0	1092
ENSG00000116521	618	0	618
ENSG00000176444	870	1	869
ENSG00000143630	19	0	22
ENSG00000143627	0	3	0
ENSG00000253074	0	0	0
ENSG00000252116	0	0	0
ENSG00000228523	0	0	0
ENSG00000223263	0	0	0
ENSG00000207504	0	0	0
ENSG00000238139	0	0	0
ENSG00000197721	21	0	21
ENSG00000244703	1	0	1
ENSG00000226289	0	0	0
ENSG00000285239	1	1	0
ENSG00000234219	1	3	0
ENSG00000174059	8	0	8
ENSG00000285719	0	0	0
ENSG00000284237	0	0	0
ENSG00000158731	0	0	0
ENSG00000201746	0	0	0
ENSG00000264881	0	0	0
ENSG00000199562	0	0	0
ENSG00000264501	0	0	0
ENSG00000284735	2	2	0
ENSG00000284642	16	3	13
ENSG00000142657	7913	17	7896
ENSG00000271989	0	3	0
ENSG00000251503	0	0	0
ENSG00000175279	3	0	3
ENSG00000160049	278	0	340
ENSG00000203469	0	34	0
ENSG00000236035	0	0	0
ENSG00000221643	1	0	1
ENSG00000122188	437	1	436
ENSG00000288644	0	0	0
ENSG00000227417	0	0	0
ENSG00000223505	0	0	0
ENSG00000182004	418	1	417
ENSG00000236430	0	0	0
ENSG00000130768	11	1	20
ENSG00000227050	1	17	0
ENSG00000238231	0	0	0
ENSG00000240750	0	0	0
ENSG00000158156	1123	0	1129
ENSG00000182118	35	0	35
ENSG00000283799	0	0	0
ENSG00000227934	0	0	0
ENSG00000229595	0	0	0
ENSG00000143633	213	0	213
ENSG00000281912	2	1	3
ENSG00000288208	0	0	0
ENSG00000132773	160	28	166
ENSG00000070759	193	3	201
ENSG00000236872	0	0	0
ENSG00000280670	56	0	56
ENSG00000132763	39	495	47
ENSG00000221953	0	0	0
ENSG00000226164	0	0	0
ENSG00000224014	2	1	1
ENSG00000215795	2	0	2
ENSG00000259865	66	0	66
ENSG00000227671	404	0	404
ENSG00000283881	0	0	0
ENSG00000252516	0	0	0
ENSG00000232347	0	0	0
ENSG00000214144	1	0	1
ENSG00000235818	0	0	0
ENSG00000197617	0	0	0
ENSG00000202079	0	0	0
ENSG00000286216	0	2	0
ENSG00000203664	0	0	0
ENSG00000169224	21	1	26
ENSG00000236817	0	5	0
ENSG00000177489	0	0	0
ENSG00000177476	0	0	0
ENSG00000283369	0	0	0
ENSG00000230411	0	0	0
ENSG00000251977	0	0	0
ENSG00000252254	0	0	0
ENSG00000227854	0	0	0
ENSG00000287589	0	0	0
ENSG00000259776	0	0	0
ENSG00000233355	295	0	299
ENSG00000234601	0	0	0
ENSG00000231979	0	0	0
ENSG00000215805	0	0	0
ENSG00000287102	0	0	0
ENSG00000217327	0	0	0
ENSG00000228818	1	0	1
ENSG00000202041	0	0	0
ENSG00000223694	0	0	0
ENSG00000233735	0	0	0
ENSG00000133019	2	4	2
ENSG00000162636	428	0	428
ENSG00000162639	369	3	366
ENSG00000285923	6	0	6
ENSG00000134186	1366	25	1341
ENSG00000143107	0	0	0
ENSG00000232971	0	0	0
ENSG00000116266	1107	0	1107
ENSG00000228076	0	0	0
ENSG00000203897	0	0	1
ENSG00000237349	1	0	1
ENSG00000244716	17	0	17
ENSG00000228665	0	0	0
ENSG00000228054	0	0	0
ENSG00000273382	8	83	7
ENSG00000215717	1409	0	1491
ENSG00000278249	0	0	0
ENSG00000270066	0	0	0
ENSG00000251484	0	0	0
ENSG00000132676	1283	114	1282
ENSG00000227673	0	0	0
ENSG00000203761	69	47	46
ENSG00000234937	0	0	0
ENSG00000132718	847	1	846
ENSG00000283442	0	0	0
ENSG00000143622	1398	2	1396
ENSG00000132680	645	0	645
ENSG00000207475	0	0	0
ENSG00000280466	0	0	0
ENSG00000281394	0	0	0
ENSG00000277817	1	0	1
ENSG00000273002	35	0	36
ENSG00000224276	0	0	0
ENSG00000285677	4	1331	3
ENSG00000163479	2719	1	4047
ENSG00000160803	439	0	439
ENSG00000132698	1	0	1
ENSG00000252236	0	0	0
ENSG00000260238	1	0	1
ENSG00000242252	3	0	3
ENSG00000198952	1919	1	1918
ENSG00000163472	139	170	142
ENSG00000163468	1502	2	1502
ENSG00000132677	1	0	1
ENSG00000237390	0	0	0
ENSG00000207933	0	0	0
ENSG00000254726	3	0	3
ENSG00000186377	0	0	0
ENSG00000186160	0	0	0
ENSG00000225154	0	0	0
ENSG00000225506	2	0	2
ENSG00000225514	0	0	0
ENSG00000224805	15	1	20
ENSG00000162366	318	1	317
ENSG00000226252	7	65	1
ENSG00000225762	1	1	0
ENSG00000186790	0	0	0
ENSG00000237424	47	0	47
ENSG00000189030	0	0	0
ENSG00000162763	0	0	0
ENSG00000143061	3	0	3
ENSG00000135821	13791	11	13780
ENSG00000203740	0	0	0
ENSG00000162374	1	0	1
ENSG00000168275	79	1	123
ENSG00000241563	1	1	0
ENSG00000153207	1744	3	1741
ENSG00000156869	92	0	92
ENSG00000033122	3	2	1
ENSG00000143278	0	0	0
ENSG00000116678	63	0	63
ENSG00000159352	2046	6	2040
ENSG00000158710	21007	14	20993
ENSG00000162734	1231	5	1280
ENSG00000049239	1497	0	1497
ENSG00000186564	9	0	9
ENSG00000244038	2236	6	2230
ENSG00000158747	35	0	35
ENSG00000116690	16	182	15
ENSG00000126091	14	0	14
ENSG00000162383	43	0	43
ENSG00000171163	396	2	394
ENSG00000172456	42	0	42
ENSG00000162946	364	0	364
ENSG00000158786	0	0	0
ENSG00000118733	1	0	1
ENSG00000157870	257	1	309
ENSG00000179085	95	0	95
ENSG00000173080	2	2	0
ENSG00000183347	175	2	173
ENSG00000276470	0	0	0
ENSG00000278852	0	0	0
ENSG00000275915	0	0	0
ENSG00000120937	0	0	0
ENSG00000224904	0	0	0
ENSG00000285646	5	5	0
ENSG00000199347	0	0	0
ENSG00000201801	0	0	0
ENSG00000116685	1491	1	1490
ENSG00000083444	1132	1	1131
ENSG00000287384	1	1	0
ENSG00000270914	0	0	0
ENSG00000116691	665	0	665
ENSG00000202461	2	2	0
ENSG00000276869	0	0	0
ENSG00000243539	0	0	0
ENSG00000120949	279	1	278
ENSG00000201135	0	0	0
ENSG00000227875	0	0	0
ENSG00000285604	0	0	0
ENSG00000283789	0	0	0
ENSG00000263676	0	0	0
ENSG00000200591	0	0	0
ENSG00000162521	1329	7	1874
ENSG00000162520	1	547	6
ENSG00000224409	1	0	1
ENSG00000162522	50	0	50
ENSG00000116497	560	0	566
ENSG00000160097	3	3	0
ENSG00000121905	0	0	0
ENSG00000121900	1	0	1
ENSG00000287691	12	15	0
ENSG00000278966	6	6	0
ENSG00000143222	743	2	937
ENSG00000224985	3	199	0
ENSG00000143224	230	64	231
ENSG00000158850	974	2	1031
ENSG00000158859	13	3	10
ENSG00000158869	8722	2	8720
ENSG00000158874	3	3	0
ENSG00000158882	137	0	231
ENSG00000284035	0	0	0
ENSG00000143257	8	101	1
ENSG00000248485	14	14	0
ENSG00000188931	37	41	2
ENSG00000236484	0	0	0
ENSG00000283696	37	0	37
ENSG00000288093	2	0	2
ENSG00000206921	0	0	0
ENSG00000215840	2	0	2
ENSG00000277882	0	0	0
ENSG00000283317	5	5	0
ENSG00000277762	0	0	0
ENSG00000227139	0	0	0
ENSG00000265107	0	0	0
ENSG00000274415	0	0	0
ENSG00000234190	0	0	0
ENSG00000223728	0	0	0
ENSG00000121634	0	0	0
ENSG00000188092	59	0	59
ENSG00000215859	11	12	0
ENSG00000273059	0	0	1
ENSG00000274372	0	0	0
ENSG00000206791	0	0	0
ENSG00000206585	0	0	0
ENSG00000229828	0	0	0
ENSG00000225080	0	0	0
ENSG00000198658	1	0	1
ENSG00000238382	0	0	0
ENSG00000225919	0	0	0
ENSG00000236497	0	0	0
ENSG00000207190	0	0	0
ENSG00000200508	0	0	0
ENSG00000284928	0	0	0
ENSG00000223949	0	0	0
ENSG00000116688	2417	3	2414
ENSG00000188800	0	0	0
ENSG00000084073	676	0	676
ENSG00000231296	0	0	0
ENSG00000049089	171	3	168
ENSG00000227311	0	0	0
ENSG00000213172	1	0	1
ENSG00000284677	2	2	0
ENSG00000187801	12	0	12
ENSG00000260920	22	0	22
ENSG00000158887	169	1	168
ENSG00000255054	0	0	0
ENSG00000228172	6	167	12
ENSG00000117640	376	3	514
ENSG00000272478	0	0	0
ENSG00000127423	8	12	3
ENSG00000182749	207	20	272
ENSG00000207302	0	0	0
ENSG00000117632	274	0	274
ENSG00000229786	0	0	0
ENSG00000223624	0	0	0
ENSG00000283938	0	0	0
ENSG00000199385	0	0	0
ENSG00000187147	848	21	1259
ENSG00000263381	0	0	0
ENSG00000126106	23	416	39
ENSG00000198520	350	4	346
ENSG00000199377	0	0	0
ENSG00000200169	0	0	0
ENSG00000142945	28	0	30
ENSG00000142937	12432	23	13690
ENSG00000264294	0	0	0
ENSG00000200913	2	0	2
ENSG00000202031	0	0	0
ENSG00000207421	0	0	0
ENSG00000281859	0	0	0
ENSG00000234093	1	0	1
ENSG00000142959	7	0	7
ENSG00000173846	296	2	308
ENSG00000117425	10	0	10
ENSG00000202444	0	0	0
ENSG00000226499	1	0	1
ENSG00000070785	115	0	115
ENSG00000253039	0	0	0
ENSG00000229815	0	0	0
ENSG00000232369	0	0	0
ENSG00000268949	1	1	0
ENSG00000126107	691	4	692
ENSG00000126088	488	4	489
ENSG00000234315	0	0	0
ENSG00000162408	356	0	356
ENSG00000229519	1	1	0
ENSG00000173662	0	0	0
ENSG00000204859	542	6	536
ENSG00000288629	0	0	0
ENSG00000230735	0	3	0
ENSG00000171488	988	9	979
ENSG00000226394	2	2	0
ENSG00000237200	1	0	1
ENSG00000070886	0	0	0
ENSG00000276835	0	0	0
ENSG00000265422	0	0	0
ENSG00000223776	1	43	2
ENSG00000273058	23	0	23
ENSG00000230325	1	13	1
ENSG00000119285	399	585	498
ENSG00000226498	0	0	0
ENSG00000237991	0	0	0
ENSG00000244020	0	0	0
ENSG00000288099	0	0	0
ENSG00000225886	15	17	0
ENSG00000206767	0	0	0
ENSG00000226662	0	0	0
ENSG00000207095	0	0	0
ENSG00000287244	0	0	0
ENSG00000231344	0	0	0
ENSG00000230833	0	0	0
ENSG00000117758	643	0	643
ENSG00000269971	0	0	0
ENSG00000270031	2	0	2
ENSG00000223062	0	0	0
ENSG00000286433	1	47	0
ENSG00000117751	661	4	703
ENSG00000252947	0	0	0
ENSG00000130775	7775	6	7771
ENSG00000117748	1148	67	1083
ENSG00000223643	0	0	0
ENSG00000230239	0	0	0
ENSG00000263811	0	0	0
ENSG00000277234	0	0	0
ENSG00000235241	0	79	1
ENSG00000207005	1	0	1
ENSG00000272426	1	0	1
ENSG00000117122	1	0	1
ENSG00000286898	0	0	0
ENSG00000226526	0	31	0
ENSG00000159363	511	0	528
ENSG00000117118	1049	1	1048
ENSG00000117115	6368	13	6355
ENSG00000204362	0	0	0
ENSG00000282843	0	0	0
ENSG00000142623	0	0	0
ENSG00000142619	0	0	0
ENSG00000266634	0	0	0
ENSG00000199459	0	0	0
ENSG00000273264	0	0	0
ENSG00000282057	1	0	1
ENSG00000272691	0	0	0
ENSG00000199934	0	0	0
ENSG00000230285	0	0	0
ENSG00000142871	0	0	0
ENSG00000226643	0	0	0
ENSG00000234419	0	0	0
ENSG00000276997	4	0	4
ENSG00000222399	0	0	0
ENSG00000267305	0	0	0
ENSG00000143512	2	0	2
ENSG00000143498	47	0	50
ENSG00000225265	6	3	6
ENSG00000154305	1245	63	1490
ENSG00000229399	3	3	0
ENSG00000272750	12	305	15
ENSG00000186063	445	13	442
ENSG00000162819	868	1	877
ENSG00000287684	1	1	0
ENSG00000234523	0	0	0
ENSG00000287338	7	1	6
ENSG00000187554	1326	38	1288
ENSG00000236846	0	0	0
ENSG00000226601	0	0	0
ENSG00000164010	253	7	398
ENSG00000164011	131	0	131
ENSG00000233708	0	0	0
ENSG00000237090	0	0	0
ENSG00000225099	0	0	0
ENSG00000284138	4	0	4
ENSG00000283973	0	2	0
ENSG00000207256	0	0	0
ENSG00000283136	0	0	0
ENSG00000277513	0	0	0
ENSG00000154309	84	0	84
ENSG00000226967	0	0	0
ENSG00000231407	0	1	0
ENSG00000229570	1	0	1
ENSG00000203857	0	0	0
ENSG00000226443	0	0	0
ENSG00000249798	0	0	0
ENSG00000239873	0	0	0
ENSG00000203855	0	0	0
ENSG00000240244	0	0	0
ENSG00000260941	4	0	4
ENSG00000198857	1	0	1
ENSG00000143067	64	0	64
ENSG00000134240	0	0	0
ENSG00000134193	10	0	10
ENSG00000215864	0	0	0
ENSG00000227205	0	0	0
ENSG00000226446	0	0	0
ENSG00000134249	0	0	0
ENSG00000092621	31	0	31
ENSG00000027644	0	0	0
ENSG00000241992	0	0	0
ENSG00000234226	0	0	0
ENSG00000137970	41	0	41
ENSG00000223229	0	0	0
ENSG00000285698	0	0	0
ENSG00000228035	0	0	0
ENSG00000287103	0	0	0
ENSG00000226973	0	0	0
ENSG00000274468	0	0	0
ENSG00000130764	529	2	608
ENSG00000266075	2	2	0
ENSG00000272153	10	91	0
ENSG00000230026	0	0	0
ENSG00000285177	0	0	0
ENSG00000284770	5	43	5
ENSG00000229795	0	0	0
ENSG00000238236	0	0	0
ENSG00000235638	0	0	0
ENSG00000231199	0	0	0
ENSG00000226663	0	0	0
ENSG00000231582	0	0	0
ENSG00000232714	0	0	0
ENSG00000235761	0	0	0
ENSG00000270710	0	0	0
ENSG00000227236	0	0	0
ENSG00000198837	3491	3	3640
ENSG00000160741	1775	2	1773
ENSG00000276584	0	0	0
ENSG00000282386	7	3	5
ENSG00000273026	8	6	2
ENSG00000143578	48	21	56
ENSG00000143543	176	6	192
ENSG00000285641	0	5	0
ENSG00000143545	17	2	15
ENSG00000177954	23302	6	23296
ENSG00000231416	1	0	1
ENSG00000200220	0	0	0
ENSG00000231837	0	0	0
ENSG00000263987	0	0	0
ENSG00000162642	242	0	242
ENSG00000223254	1	1	0
ENSG00000223653	3	39	3
ENSG00000116198	430	3	430
ENSG00000169598	195	1	197
ENSG00000226653	0	0	0
ENSG00000207209	0	0	0
ENSG00000272443	0	0	0
ENSG00000272480	0	0	0
ENSG00000288626	0	0	0
ENSG00000162836	109	1	108
ENSG00000207080	0	0	0
ENSG00000231791	0	0	0
ENSG00000244568	0	0	0
ENSG00000271387	2	0	2
ENSG00000116667	312	0	312
ENSG00000230470	0	0	0
ENSG00000232036	0	0	0
ENSG00000285847	0	0	0
ENSG00000286378	0	0	0
ENSG00000215381	0	0	0
ENSG00000261326	51	0	51
ENSG00000284726	1	1	0
ENSG00000125945	208	9	209
ENSG00000201405	0	0	0
ENSG00000271420	1	0	1
ENSG00000204219	96	0	96
ENSG00000232482	0	0	0
ENSG00000285779	0	0	0
ENSG00000162885	94	44	172
ENSG00000270780	0	0	0
ENSG00000232895	0	0	0
ENSG00000273698	0	0	0
ENSG00000273112	5	0	5
ENSG00000173110	3858	12	3846
ENSG00000224203	13	21	0
ENSG00000224515	0	0	0
ENSG00000225217	381	2	379
ENSG00000231586	0	1	0
ENSG00000234211	1	47	0
ENSG00000213075	2	2	0
ENSG00000143125	0	0	0
ENSG00000270380	0	0	0
ENSG00000282887	0	0	0
ENSG00000283999	0	0	0
ENSG00000240194	0	0	0
ENSG00000235407	0	0	0
ENSG00000143105	0	0	0
ENSG00000199710	0	0	0
ENSG00000237415	0	0	0
ENSG00000232791	0	0	0
ENSG00000177301	30	0	30
ENSG00000226828	0	0	0
ENSG00000279774	0	0	0
ENSG00000229960	0	0	0
ENSG00000286486	0	0	0
ENSG00000244066	0	0	0
ENSG00000237759	0	0	0
ENSG00000287531	0	0	0
ENSG00000225855	53	569	17
ENSG00000283701	0	0	0
ENSG00000207134	0	0	0
ENSG00000227773	0	0	0
ENSG00000207144	0	0	0
ENSG00000237872	0	0	0
ENSG00000271267	3	3	0
ENSG00000225082	1	0	1
ENSG00000223503	0	0	0
ENSG00000232519	0	0	0
ENSG00000160752	310	10	828
ENSG00000121957	72	125	114
ENSG00000235089	0	0	0
ENSG00000285179	0	0	0
ENSG00000223026	0	0	0
ENSG00000225721	1	1276	8
ENSG00000188396	6	22	0
ENSG00000202167	0	0	0
ENSG00000207349	0	0	0
ENSG00000252826	0	0	0
ENSG00000206737	0	0	0
ENSG00000223779	0	0	0
ENSG00000242352	0	0	0
ENSG00000270962	0	0	0
ENSG00000263590	0	0	0
ENSG00000252105	0	0	0
ENSG00000233430	0	0	0
ENSG00000237503	0	0	0
ENSG00000265531	262	0	309
ENSG00000234571	36	83	0
ENSG00000230186	0	0	0
ENSG00000268074	0	0	0
ENSG00000270872	6	0	6
ENSG00000276674	0	0	0
ENSG00000082482	0	0	0
ENSG00000116747	399	10	472
ENSG00000118729	0	0	0
ENSG00000134207	1	0	1
ENSG00000163467	2	2	2
ENSG00000243710	0	0	0
ENSG00000117395	290	0	290
ENSG00000116874	59	4	63
ENSG00000065600	181	1	180
ENSG00000009780	133	0	133
ENSG00000023572	132	108	90
ENSG00000077254	1067	2	1065
ENSG00000134644	1077	0	1077
ENSG00000215788	595	4	662
ENSG00000117834	15	4	13
ENSG00000117625	575	1	574
ENSG00000179902	2	2	0
ENSG00000020633	2751	4	2747
ENSG00000121766	250	2	372
ENSG00000143157	880	3	877
ENSG00000162614	66	1	70
ENSG00000160781	107	1	106
ENSG00000143344	78	0	78
ENSG00000162613	1109	2	1108
ENSG00000116882	0	0	0
ENSG00000198758	0	0	0
ENSG00000117569	138	0	138
ENSG00000142856	63	57	60
ENSG00000158022	0	0	0
ENSG00000116396	67	0	67
ENSG00000058668	3520	1	3519
ENSG00000163875	728	0	728
ENSG00000282872	0	0	0
ENSG00000131238	6575	11	6564
ENSG00000171680	33	0	33
ENSG00000244457	0	0	0
ENSG00000116977	1195	149	1885
ENSG00000229372	0	101	0
ENSG00000274975	0	0	0
ENSG00000229348	0	0	0
ENSG00000242485	407	29	469
ENSG00000264293	0	0	0
ENSG00000272455	24	0	24
ENSG00000225905	0	0	0
ENSG00000225285	0	0	0
ENSG00000179403	0	0	0
ENSG00000215915	11	0	11
ENSG00000236085	0	0	0
ENSG00000234441	0	0	0
ENSG00000227408	0	0	0
ENSG00000223635	0	0	0
ENSG00000135776	310	0	310
ENSG00000199672	0	0	0
ENSG00000201492	0	0	0
ENSG00000229367	0	0	0
ENSG00000135763	165	0	165
ENSG00000213028	0	0	0
ENSG00000225984	0	0	0
ENSG00000178828	0	0	0
ENSG00000235434	0	0	0
ENSG00000169914	120	1	119
ENSG00000188784	0	0	0
ENSG00000242688	0	0	0
ENSG00000177186	0	0	0
ENSG00000177174	0	0	0
ENSG00000269956	27	364	0
ENSG00000162456	0	0	0
ENSG00000079277	1748	1	2084
ENSG00000117407	0	0	0
ENSG00000237950	14	0	14
ENSG00000117408	359	0	359
ENSG00000285649	0	32	0
ENSG00000117410	3407	0	3407
ENSG00000159214	22	3	22
ENSG00000196517	32	4	33
ENSG00000227163	0	0	0
ENSG00000271647	0	0	0
ENSG00000239560	0	0	0
ENSG00000196539	0	0	0
ENSG00000229255	1	0	1
ENSG00000203661	0	0	0
ENSG00000271934	0	0	0
ENSG00000224521	1	0	2
ENSG00000227102	0	0	0
ENSG00000183310	0	0	0
ENSG00000201602	0	0	0
ENSG00000271701	0	0	0
ENSG00000189181	0	0	0
ENSG00000187238	0	0	0
ENSG00000185962	0	0	0
ENSG00000226947	0	0	0
ENSG00000285753	0	0	0
ENSG00000187223	0	0	0
ENSG00000159455	0	0	0
ENSG00000187173	0	0	0
ENSG00000204501	0	0	0
ENSG00000228229	0	0	0
ENSG00000204481	0	0	0
ENSG00000204479	0	0	0
ENSG00000172031	13	1	12
ENSG00000233228	0	0	0
ENSG00000224678	0	0	0
ENSG00000233401	0	0	0
ENSG00000273487	4	0	4
ENSG00000226773	0	0	0
ENSG00000274481	0	0	0
ENSG00000228594	96	0	96
ENSG00000286989	22	0	22
ENSG00000272106	24	2	24
ENSG00000189409	3	2	2
ENSG00000272004	1	171	1
ENSG00000189339	1454	9	1616
ENSG00000269737	22	22	0
ENSG00000215914	0	0	0
ENSG00000008128	57	0	57
ENSG00000268575	37	1	67
ENSG00000227775	93	128	1
ENSG00000008130	10407	9	10398
ENSG00000078369	7385	15	7370
ENSG00000178821	0	0	0
ENSG00000158477	28	0	28
ENSG00000230942	1	0	1
ENSG00000158481	258	0	258
ENSG00000158485	6	0	6
ENSG00000158488	8	0	8
ENSG00000186306	0	0	0
ENSG00000203758	0	0	0
ENSG00000236257	0	0	0
ENSG00000236656	0	0	0
ENSG00000198703	0	0	0
ENSG00000227445	0	0	0
ENSG00000231434	0	0	0
ENSG00000117505	1339	3	1369
ENSG00000229635	7	7	0
ENSG00000207379	0	0	0
ENSG00000212601	0	0	0
ENSG00000162889	3173	3	3170
ENSG00000224114	85	0	85
ENSG00000199349	0	0	0
ENSG00000162892	42	390	0
ENSG00000162894	2305	0	2653
ENSG00000271680	7	7	0
ENSG00000226945	7	6	1
ENSG00000162896	1	0	1
ENSG00000162897	0	0	0
ENSG00000182795	28	0	28
ENSG00000198890	187	1	186
ENSG00000224550	0	0	0
ENSG00000142669	9145	13	13832
ENSG00000169442	3856	2	7733
ENSG00000225854	0	0	0
ENSG00000176083	592	1	591
ENSG00000229167	0	0	0
ENSG00000142910	0	0	0
ENSG00000162517	813	2	930
ENSG00000235790	0	0	1
ENSG00000264078	0	0	0
ENSG00000241745	0	0	0
ENSG00000228407	0	0	0
ENSG00000223429	0	0	0
ENSG00000224255	0	0	0
ENSG00000236004	0	0	0
ENSG00000237663	0	0	0
ENSG00000213735	0	0	0
ENSG00000272100	4	98	1
ENSG00000287078	3	0	3
ENSG00000224680	1	0	1
ENSG00000085840	19	0	19
ENSG00000283445	0	0	0
ENSG00000272226	0	0	0
ENSG00000231740	0	0	0
ENSG00000143751	542	2	540
ENSG00000272562	5	0	6
ENSG00000163041	10777	11	10767
ENSG00000225518	0	0	0
ENSG00000270598	0	0	0
ENSG00000182827	334	2	388
ENSG00000234478	0	56	0
ENSG00000223570	0	0	0
ENSG00000185155	0	0	0
ENSG00000236773	1	0	1
ENSG00000143753	1264	0	1264
ENSG00000201898	0	0	0
ENSG00000237101	3	23	4
ENSG00000143748	198	1	221
ENSG00000221406	0	0	0
ENSG00000229742	0	0	0
ENSG00000206887	0	0	0
ENSG00000143771	714	0	714
ENSG00000266618	0	0	0
ENSG00000229991	0	0	0
ENSG00000233384	0	0	0
ENSG00000234247	0	0	0
ENSG00000183682	32	56	1
ENSG00000237624	0	0	0
ENSG00000228060	1	385	1
ENSG00000201457	0	0	0
ENSG00000163909	3	0	3
ENSG00000225903	0	0	0
ENSG00000116983	108	0	108
ENSG00000225333	0	0	0
ENSG00000252413	0	0	0
ENSG00000090621	1284	6	1663
ENSG00000236994	0	0	0
ENSG00000275406	0	0	0
ENSG00000270287	0	0	0
ENSG00000229965	0	0	0
ENSG00000223282	0	0	0
ENSG00000177770	0	0	0
ENSG00000287627	0	0	0
ENSG00000283933	0	0	0
ENSG00000143369	16	0	16
ENSG00000228126	0	0	0
ENSG00000237781	62	87	139
ENSG00000264553	9	9	0
ENSG00000277452	11	0	11
ENSG00000274963	13	0	13
ENSG00000253047	1	1	0
ENSG00000143420	1933	15	1918
ENSG00000276103	1	0	1
ENSG00000143457	324	0	324
ENSG00000143452	29	0	29
ENSG00000206931	0	0	0
ENSG00000236713	0	0	0
ENSG00000224690	0	0	0
ENSG00000203804	3	246	59
ENSG00000143384	29810	28	29782
ENSG00000154342	0	0	0
ENSG00000276255	0	0	0
ENSG00000284163	0	0	0
ENSG00000143793	146	10	136
ENSG00000162910	190	2	188
ENSG00000224566	0	0	0
ENSG00000287895	3	1	2
ENSG00000280157	6	0	6
ENSG00000227625	0	0	0
ENSG00000198835	6	0	6
ENSG00000203684	0	0	0
ENSG00000181873	122	0	122
ENSG00000162913	10	1	12
ENSG00000269934	11	27	23
ENSG00000270110	2	3	0
ENSG00000286773	0	0	0
ENSG00000287315	13	58	5
ENSG00000270104	0	0	0
ENSG00000154370	449	1	629
ENSG00000270094	0	181	1
ENSG00000284311	0	0	0
ENSG00000162931	11	6	7
ENSG00000230841	0	0	0
ENSG00000266174	0	0	0
ENSG00000279306	0	0	0
ENSG00000215811	5	0	5
ENSG00000202056	0	0	0
ENSG00000251823	0	0	0
ENSG00000171960	167	2	252
ENSG000002349