N_unmapped	76085	76085	76085
N_multimapping	1930148	1930148	1930148
N_noFeature	638890	15940894	729743
N_ambiguous	1919865	30849	734619
ENSG00000160072	266	0	266
ENSG00000234396	0	0	0
ENSG00000225972	0	0	0
ENSG00000224315	1	0	1
ENSG00000198744	1	0	1
ENSG00000279928	0	0	0
ENSG00000228037	12	0	12
ENSG00000142611	3	0	3
ENSG00000225630	552	4	548
ENSG00000284616	0	0	0
ENSG00000157911	73	335	157
ENSG00000269896	17	0	17
ENSG00000237973	385	2	387
ENSG00000228463	9	0	11
ENSG00000260972	0	0	0
ENSG00000157933	1619	2	1617
ENSG00000224340	0	0	0
ENSG00000226545	0	0	0
ENSG00000268663	0	0	0
ENSG00000226374	0	0	0
ENSG00000229280	0	0	0
ENSG00000142655	259	42	257
ENSG00000232596	0	0	0
ENSG00000235054	0	0	0
ENSG00000232663	0	0	0
ENSG00000240409	0	0	0
ENSG00000229344	2	0	2
ENSG00000231510	0	0	0
ENSG00000149527	239	4	235
ENSG00000284739	0	0	0
ENSG00000171621	170	0	170
ENSG00000272235	0	0	0
ENSG00000284694	0	0	0
ENSG00000230021	3	9	3
ENSG00000287356	8	7	4
ENSG00000224387	0	0	0
ENSG00000285629	0	0	0
ENSG00000173673	0	0	0
ENSG00000142583	67	0	67
ENSG00000284674	0	0	0
ENSG00000272161	0	0	0
ENSG00000237094	70	0	70
ENSG00000224338	0	0	0
ENSG00000074800	11438	12	11429
ENSG00000116786	1432	1	1594
ENSG00000287727	3	3	0
ENSG00000228423	0	0	0
ENSG00000286448	0	2	0
ENSG00000131686	20	17	16
ENSG00000229305	0	0	0
ENSG00000284703	1	0	1
ENSG00000226457	0	0	0
ENSG00000173614	162	2	161
ENSG00000248527	2761	84	2677
ENSG00000215720	0	0	0
ENSG00000241326	0	0	0
ENSG00000233623	0	0	0
ENSG00000162592	1	26	0
ENSG00000116254	2	0	2
ENSG00000233645	0	0	0
ENSG00000204624	2	0	2
ENSG00000142606	1	64	8
ENSG00000235146	0	0	0
ENSG00000225931	12	1	11
ENSG00000171729	97	0	102
ENSG00000279457	75	0	75
ENSG00000162571	7	0	8
ENSG00000229393	5	3	2
ENSG00000037637	659	0	659
ENSG00000287586	29	0	29
ENSG00000159423	104	0	104
ENSG00000142599	3778	20	3759
ENSG00000227169	0	0	0
ENSG00000283356	0	0	0
ENSG00000011021	476	1	487
ENSG00000142615	0	0	0
ENSG00000215704	2	4	0
ENSG00000157916	1262	92	1589
ENSG00000157881	603	2	601
ENSG00000238290	0	0	0
ENSG00000225387	0	0	0
ENSG00000048707	1803	1	1802
ENSG00000158748	24	1	23
ENSG00000225196	1	1	0
ENSG00000162444	230	0	230
ENSG00000279625	0	1	0
ENSG00000180758	61	0	61
ENSG00000184677	1084	3	1081
ENSG00000230679	1	1	3
ENSG00000270136	0	0	0
ENSG00000288398	54	0	54
ENSG00000224621	0	0	0
ENSG00000285833	0	0	0
ENSG00000131697	216	0	220
ENSG00000284692	0	0	0
ENSG00000284745	0	0	0
ENSG00000280222	0	0	0
ENSG00000227634	0	0	0
ENSG00000285945	0	0	0
ENSG00000229162	4	0	4
ENSG00000197921	0	0	0
ENSG00000233755	0	2	0
ENSG00000233929	1	0	1
ENSG00000271742	0	0	0
ENSG00000226396	4	0	4
ENSG00000169504	563	0	563
ENSG00000234166	0	16	0
ENSG00000235282	0	0	0
ENSG00000055070	2019	4	3127
ENSG00000175087	257	2	255
ENSG00000157191	2538	7	2531
ENSG00000284699	0	0	0
ENSG00000230035	0	0	0
ENSG00000235185	0	0	0
ENSG00000225643	1	0	1
ENSG00000284666	0	0	0
ENSG00000228943	0	0	0
ENSG00000234397	0	0	0
ENSG00000284309	0	0	0
ENSG00000162511	15741	31	25559
ENSG00000158014	1	0	1
ENSG00000204138	610	2	608
ENSG00000233419	0	0	0
ENSG00000235263	0	0	0
ENSG00000228176	0	0	0
ENSG00000231251	0	0	0
ENSG00000142675	30	0	31
ENSG00000197245	0	0	0
ENSG00000261025	2	2	0
ENSG00000116237	589	0	619
ENSG00000130772	388	1	387
ENSG00000215899	0	0	0
ENSG00000271398	0	0	0
ENSG00000225011	0	0	0
ENSG00000235069	0	0	0
ENSG00000284676	0	0	0
ENSG00000237058	0	0	0
ENSG00000233399	0	0	0
ENSG00000090020	889	0	889
ENSG00000157978	1836	0	1836
ENSG00000226944	1	0	1
ENSG00000270282	0	0	0
ENSG00000130770	352	6	637
ENSG00000229044	0	134	0
ENSG00000162512	614	0	614
ENSG00000158006	415	0	415
ENSG00000214812	0	0	0
ENSG00000126698	1441	5	1436
ENSG00000229447	3	0	3
ENSG00000229607	0	0	0
ENSG00000130766	270	0	270
ENSG00000168528	21	0	21
ENSG00000196581	7	0	7
ENSG00000169403	3904	6	3898
ENSG00000084628	0	0	0
ENSG00000060688	672	1	671
ENSG00000171612	94	0	94
ENSG00000270927	0	0	0
ENSG00000188910	1	1	0
ENSG00000230523	0	0	0
ENSG00000116138	404	92	376
ENSG00000158161	721	2	719
ENSG00000142684	0	0	125
ENSG00000234619	1	1	0
ENSG00000121769	12	12	0
ENSG00000142627	14	0	14
ENSG00000284668	0	0	0
ENSG00000233234	0	0	0
ENSG00000142632	68	0	84
ENSG00000234593	0	0	0
ENSG00000158292	18	0	18
ENSG00000270605	31	0	32
ENSG00000189337	19	1	20
ENSG00000232912	51	0	52
ENSG00000235084	2	0	2
ENSG00000235143	0	0	0
ENSG00000225478	0	0	0
ENSG00000225077	2	27	1
ENSG00000028137	13581	20	13561
ENSG00000238249	1	0	1
ENSG00000204464	0	0	0
ENSG00000233372	0	0	0
ENSG00000283259	0	0	0
ENSG00000284543	3	0	3
ENSG00000130939	1002	0	1002
ENSG00000175147	1	6	2
ENSG00000127472	0	0	0
ENSG00000060656	9	0	9
ENSG00000163867	201	2	199
ENSG00000232768	0	0	0
ENSG00000230214	0	0	0
ENSG00000189280	1	1	0
ENSG00000134698	2286	4	2282
ENSG00000134690	137	0	137
ENSG00000272420	1	0	1
ENSG00000132881	38	0	38
ENSG00000273274	0	0	0
ENSG00000116251	1372	5	1368
ENSG00000272510	0	19	6
ENSG00000158286	15	6	15
ENSG00000236648	0	0	0
ENSG00000232273	0	0	0
ENSG00000009709	0	0	0
ENSG00000287396	0	0	0
ENSG00000223589	0	0	0
ENSG00000158008	0	0	0
ENSG00000130940	155	0	315
ENSG00000116771	164	2	201
ENSG00000237301	3	3	0
ENSG00000162585	308	71	321
ENSG00000163879	1	5	0
ENSG00000227527	0	0	0
ENSG00000116954	342	0	342
ENSG00000228589	2	0	2
ENSG00000163873	0	0	0
ENSG00000117215	17	0	17
ENSG00000196449	133	11	166
ENSG00000230163	0	11	0
ENSG00000227538	0	0	0
ENSG00000232208	20	0	20
ENSG00000236500	0	0	0
ENSG00000044012	0	0	0
ENSG00000179051	2345	6	2829
ENSG00000215895	0	0	0
ENSG00000231868	0	2	0
ENSG00000284650	0	0	0
ENSG00000237329	0	0	0
ENSG00000236948	0	0	0
ENSG00000126067	1476	1	1475
ENSG00000274944	0	0	0
ENSG00000132906	336	0	338
ENSG00000197312	918	0	918
ENSG00000284748	0	0	0
ENSG00000272078	13	173	0
ENSG00000173660	971	1	970
ENSG00000224592	0	0	0
ENSG00000233728	0	12	0
ENSG00000230451	0	0	0
ENSG00000231606	0	0	0
ENSG00000215900	0	0	0
ENSG00000284632	0	0	0
ENSG00000241014	2	0	2
ENSG00000054118	3483	9	3474
ENSG00000254553	0	0	0
ENSG00000284653	0	0	0
ENSG00000237749	3	0	3
ENSG00000276747	1	0	1
ENSG00000284705	0	0	0
ENSG00000228776	0	0	0
ENSG00000159339	859	0	859
ENSG00000223814	0	0	0
ENSG00000197982	160	34	170
ENSG00000261781	0	0	0
ENSG00000183317	2	0	2
ENSG00000183386	318	0	318
ENSG00000284743	0	0	0
ENSG00000158315	0	3	0
ENSG00000204084	474	0	566
ENSG00000186973	0	0	0
ENSG00000271806	6	30	7
ENSG00000146463	753	1	868
ENSG00000279214	0	0	0
ENSG00000183520	315	0	315
ENSG00000271741	0	0	0
ENSG00000214141	0	0	0
ENSG00000142686	237	1	236
ENSG00000224751	0	0	0
ENSG00000279096	0	0	0
ENSG00000117148	0	0	0
ENSG00000230585	1	1	0
ENSG00000117000	714	1	713
ENSG00000284989	0	0	0
ENSG00000231630	0	0	0
ENSG00000092853	159	3	170
ENSG00000255811	0	0	0
ENSG00000134697	698	2	700
ENSG00000187513	1	0	1
ENSG00000238145	0	0	0
ENSG00000225142	0	0	0
ENSG00000230138	16	0	16
ENSG00000223390	0	27	0
ENSG00000285823	1	0	3
ENSG00000284720	0	0	0
ENSG00000225028	0	0	0
ENSG00000225671	0	0	0
ENSG00000116151	27	0	30
ENSG00000226147	0	0	0
ENSG00000182873	21	14	8
ENSG00000006555	152	1	151
ENSG00000236111	0	0	0
ENSG00000066056	15	0	15
ENSG00000214114	365	6	359
ENSG00000173436	80	3	81
ENSG00000116544	21	0	21
ENSG00000231900	0	0	0
ENSG00000236723	0	173	5
ENSG00000232467	0	0	0
ENSG00000117016	112	0	112
ENSG00000121310	259	0	259
ENSG00000169213	0	0	0
ENSG00000163866	538	1	548
ENSG00000225779	0	0	0
ENSG00000284601	0	0	0
ENSG00000237130	0	0	0
ENSG00000143001	0	0	0
ENSG00000229716	0	0	0
ENSG00000226133	0	0	0
ENSG00000227416	0	0	0
ENSG00000232335	0	12	2
ENSG00000260971	0	0	0
ENSG00000259832	0	0	0
ENSG00000284696	0	0	0
ENSG00000238242	0	0	0
ENSG00000285839	0	0	0
ENSG00000237290	0	0	0
ENSG00000232762	0	0	0
ENSG00000117419	241	0	242
ENSG00000162384	356	7	369
ENSG00000162391	1	7	0
ENSG00000174348	1	0	2
ENSG00000154198	0	0	0
ENSG00000117859	953	35	935
ENSG00000228121	0	0	0
ENSG00000253313	0	0	0
ENSG00000162396	53	0	53
ENSG00000203995	0	0	0
ENSG00000227742	1	0	1
ENSG00000284686	0	0	0
ENSG00000162378	489	0	489
ENSG00000233079	0	0	0
ENSG00000259818	1	1	0
ENSG00000229444	0	0	0
ENSG00000240563	24	0	24
ENSG00000234318	0	0	0
ENSG00000284773	8	0	8
ENSG00000234481	0	0	0
ENSG00000117862	112	0	112
ENSG00000235612	0	0	0
ENSG00000228369	0	0	0
ENSG00000183431	1429	3	1426
ENSG00000227485	0	0	0
ENSG00000224609	1	1	1
ENSG00000235545	0	0	0
ENSG00000236646	0	0	0
ENSG00000169174	0	0	0
ENSG00000232198	0	0	0
ENSG00000238063	0	0	0
ENSG00000227104	0	0	0
ENSG00000243725	9	0	9
ENSG00000171872	0	0	0
ENSG00000162407	7	0	7
ENSG00000285079	0	0	0
ENSG00000169218	0	0	0
ENSG00000163877	484	6	478
ENSG00000228929	5	0	5
ENSG00000224570	1	1	0
ENSG00000224980	0	0	0
ENSG00000278967	0	0	0
ENSG00000157184	118	22	295
ENSG00000272491	2	0	2
ENSG00000198815	1311	5	1306
ENSG00000134744	1030	6	1024
ENSG00000233910	0	0	0
ENSG00000287703	0	0	0
ENSG00000283039	0	0	0
ENSG00000229032	0	0	0
ENSG00000229294	0	0	0
ENSG00000232993	0	1	0
ENSG00000234088	0	0	0
ENSG00000236973	0	0	0
ENSG00000227947	0	0	0
ENSG00000277397	0	0	0
ENSG00000271200	0	0	0
ENSG00000235446	0	0	0
ENSG00000261196	0	0	0
ENSG00000162385	418	1	417
ENSG00000231413	0	0	0
ENSG00000234264	0	0	0
ENSG00000242391	0	0	0
ENSG00000223883	0	0	0
ENSG00000284808	0	0	0
ENSG00000242267	0	0	0
ENSG00000237227	0	0	0
ENSG00000275350	0	0	0
ENSG00000116652	2	0	3
ENSG00000123080	146	5	142
ENSG00000285778	0	0	0
ENSG00000077549	6095	13	6086
ENSG00000233407	0	0	0
ENSG00000225675	2	0	2
ENSG00000237622	0	0	0
ENSG00000162598	0	0	0
ENSG00000280317	0	0	0
ENSG00000162415	29	1	28
ENSG00000162600	224	2	222
ENSG00000116704	367	1	366
ENSG00000227644	0	0	0
ENSG00000157193	131	2	165
ENSG00000116205	320	2	330
ENSG00000198841	66	0	66
ENSG00000116212	152	0	152
ENSG00000234204	0	0	0
ENSG00000233099	2	0	2
ENSG00000233994	2	0	2
ENSG00000237180	0	0	0
ENSG00000213561	0	0	0
ENSG00000233973	0	0	0
ENSG00000237552	0	0	0
ENSG00000132854	0	0	0
ENSG00000227556	0	0	0
ENSG00000162616	75	2	74
ENSG00000162607	1104	1	1103
ENSG00000233602	0	0	0
ENSG00000233271	0	0	0
ENSG00000285954	17	16	1
ENSG00000233333	0	0	0
ENSG00000154027	138	0	138
ENSG00000234108	0	0	0
ENSG00000232676	0	0	0
ENSG00000225167	0	0	0
ENSG00000132122	57	0	57
ENSG00000213579	0	0	0
ENSG00000137960	2	0	2
ENSG00000237852	0	0	0
ENSG00000116745	0	0	0
ENSG00000132855	0	0	0
ENSG00000285407	0	0	0
ENSG00000272855	0	0	0
ENSG00000270549	0	0	0
ENSG00000237163	0	0	0
ENSG00000229636	0	0	0
ENSG00000116675	14	0	14
ENSG00000162433	29	0	29
ENSG00000213625	939	3	936
ENSG00000227207	0	0	0
ENSG00000227016	0	0	0
ENSG00000233664	0	0	0
ENSG00000158966	42	0	42
ENSG00000213703	0	0	0
ENSG00000203965	48	0	53
ENSG00000223479	0	0	0
ENSG00000233674	0	0	0
ENSG00000153898	184	0	184
ENSG00000117069	0	0	0
ENSG00000125703	258	0	258
ENSG00000285041	0	0	0
ENSG00000285808	0	0	0
ENSG00000229440	0	0	0
ENSG00000234144	0	0	0
ENSG00000213540	0	0	0
ENSG00000277670	0	0	0
ENSG00000227466	0	0	0
ENSG00000154007	0	0	0
ENSG00000230498	0	0	0
ENSG00000285782	0	0	0
ENSG00000162618	0	0	0
ENSG00000224493	0	0	0
ENSG00000131233	0	0	0
ENSG00000272371	0	0	0
ENSG00000287647	0	0	0
ENSG00000229225	0	0	0
ENSG00000230863	0	0	0
ENSG00000213560	0	0	0
ENSG00000287224	0	0	0
ENSG00000225598	0	0	0
ENSG00000286455	0	0	0
ENSG00000225087	0	0	0
ENSG00000224986	1	0	1
ENSG00000280378	8	0	8
ENSG00000188786	1336	1	1335
ENSG00000230053	0	0	0
ENSG00000137941	6	0	6
ENSG00000273338	1	1	0
ENSG00000223720	0	0	0
ENSG00000224326	0	0	0
ENSG00000286548	16	14	2
ENSG00000066135	330	4	468
ENSG00000230027	0	0	0
ENSG00000233061	0	0	0
ENSG00000272094	1	0	1
ENSG00000228853	0	0	0
ENSG00000215874	0	0	0
ENSG00000232453	3	0	3
ENSG00000260386	0	0	0
ENSG00000284895	0	0	0
ENSG00000117174	357	4	353
ENSG00000237413	0	0	0
ENSG00000184313	2	0	2
ENSG00000284645	0	0	0
ENSG00000225605	0	0	0
ENSG00000225446	0	0	0
ENSG00000288543	0	0	0
ENSG00000122420	2	0	2
ENSG00000284240	0	0	0
ENSG00000236290	0	0	0
ENSG00000143013	573	0	573
ENSG00000226084	7	0	7
ENSG00000134748	1104	6	1098
ENSG00000142892	362	0	362
ENSG00000219102	7	0	7
ENSG00000184005	38	0	38
ENSG00000230953	3	3	0
ENSG00000287743	1	1	0
ENSG00000229332	0	0	0
ENSG00000227937	0	0	0
ENSG00000229752	0	0	0
ENSG00000237505	6	0	6
ENSG00000285462	0	0	0
ENSG00000233216	0	0	0
ENSG00000197273	1	0	1
ENSG00000226804	0	0	0
ENSG00000285325	0	0	0
ENSG00000230728	0	0	0
ENSG00000162402	2650	3	2647
ENSG00000232846	0	0	0
ENSG00000219201	1	0	1
ENSG00000230787	0	0	0
ENSG00000116641	199	6	193
ENSG00000235927	0	3	0
ENSG00000223920	1	1	0
ENSG00000237453	0	0	0
ENSG00000172260	8	0	8
ENSG00000285473	0	0	0
ENSG00000237959	0	0	0
ENSG00000231364	0	0	0
ENSG00000234578	0	0	0
ENSG00000117480	85	0	85
ENSG00000137944	355	1	354
ENSG00000229505	0	0	0
ENSG00000228187	0	0	0
ENSG00000285201	0	0	0
ENSG00000182183	126	0	126
ENSG00000236407	0	0	0
ENSG00000271949	0	0	0
ENSG00000227062	0	0	0
ENSG00000067334	929	5	924
ENSG00000235011	0	0	0
ENSG00000235673	0	0	0
ENSG00000226938	0	0	0
ENSG00000213559	0	0	0
ENSG00000287587	0	0	0
ENSG00000142949	8	0	8
ENSG00000116133	234	5	260
ENSG00000232882	1	0	1
ENSG00000171502	11	0	11
ENSG00000162399	1	0	1
ENSG00000116157	146	1	145
ENSG00000143036	1	0	1
ENSG00000232672	0	0	0
ENSG00000230817	0	0	0
ENSG00000235613	0	0	0
ENSG00000065243	850	1	849
ENSG00000226759	0	0	0
ENSG00000226960	0	0	0
ENSG00000234080	0	0	0
ENSG00000237899	0	0	0
ENSG00000225492	462	2	462
ENSG00000223905	0	0	0
ENSG00000227290	0	0	0
ENSG00000229486	0	0	0
ENSG00000282898	0	0	0
ENSG00000285409	0	0	0
ENSG00000231090	0	0	0
ENSG00000117528	439	0	439
ENSG00000271723	0	0	0
ENSG00000172339	52	0	52
ENSG00000036549	632	2	630
ENSG00000287724	0	22	0
ENSG00000058799	537	0	537
ENSG00000225191	0	0	0
ENSG00000287870	0	0	0
ENSG00000235563	0	0	0
ENSG00000232048	0	0	0
ENSG00000232857	0	0	0
ENSG00000273637	0	0	0
ENSG00000203985	0	0	0
ENSG00000228838	0	8	0
ENSG00000283761	0	0	0
ENSG00000189433	0	0	0
ENSG00000230759	0	0	0
ENSG00000231866	0	0	0
ENSG00000179178	0	0	0
ENSG00000142700	0	0	0
ENSG00000285525	0	0	0
ENSG00000236098	0	0	0
ENSG00000233514	0	0	0
ENSG00000127124	834	1	833
ENSG00000266993	6	16	6
ENSG00000223675	0	0	0
ENSG00000162604	190	0	190
ENSG00000229316	0	0	0
ENSG00000116171	1084	1	1083
ENSG00000287406	0	0	0
ENSG00000225767	0	0	0
ENSG00000234099	0	0	0
ENSG00000137936	30	1	33
ENSG00000235308	3	3	0
ENSG00000232752	0	0	0
ENSG00000235829	0	0	0
ENSG00000143032	0	0	0
ENSG00000226745	0	0	0
ENSG00000178028	496	4	493
ENSG00000280040	1	0	1
ENSG00000168710	1386	0	1386
ENSG00000117519	19	0	19
ENSG00000270507	0	0	0
ENSG00000238037	0	0	0
ENSG00000215869	1	0	1
ENSG00000134215	641	1	640
ENSG00000227935	0	0	0
ENSG00000229887	0	0	0
ENSG00000228502	4	0	4
ENSG00000236268	0	0	0
ENSG00000271277	0	0	0
ENSG00000236888	0	0	0
ENSG00000279778	0	0	0
ENSG00000232015	0	0	0
ENSG00000230955	0	92	0
ENSG00000230828	0	0	0
ENSG00000188641	2461	4	2671
ENSG00000152078	4	0	4
ENSG00000237279	0	0	0
ENSG00000233359	0	0	0
ENSG00000237954	0	0	0
ENSG00000185668	0	0	0
ENSG00000171492	1014	3	1011
ENSG00000233129	0	0	0
ENSG00000170989	3346	4	3342
ENSG00000258634	90	1	139
ENSG00000233557	0	0	0
ENSG00000237897	0	0	0
ENSG00000116299	399	0	399
ENSG00000137962	8	0	8
ENSG00000227832	0	0	0
ENSG00000286692	0	0	0
ENSG00000260464	4	0	4
ENSG00000237435	0	0	0
ENSG00000231996	0	0	0
ENSG00000273204	0	0	0
ENSG00000079739	421	1	468
ENSG00000117154	0	0	0
ENSG00000162377	199	5	194
ENSG00000224613	0	0	0
ENSG00000215871	0	0	0
ENSG00000287372	0	0	0
ENSG00000232542	0	0	0
ENSG00000231095	0	0	0
ENSG00000116774	2	0	2
ENSG00000287756	0	0	0
ENSG00000269113	0	0	0
ENSG00000284652	0	0	0
ENSG00000023909	169	1	168
ENSG00000069702	696	2	694
ENSG00000232185	0	0	0
ENSG00000230489	3	0	3
ENSG00000228399	2	0	2
ENSG00000236776	0	0	0
ENSG00000285928	3	3	0
ENSG00000224685	0	0	0
ENSG00000287076	0	0	0
ENSG00000237480	0	0	0
ENSG00000271252	0	0	0
ENSG00000230427	0	0	0
ENSG00000235794	0	0	0
ENSG00000286758	0	0	0
ENSG00000237337	0	0	0
ENSG00000233983	0	0	0
ENSG00000198198	1235	36	1443
ENSG00000225183	0	0	0
ENSG00000230402	0	0	0
ENSG00000116793	259	0	259
ENSG00000134201	0	0	0
ENSG00000238122	0	0	0
ENSG00000260879	0	43	1
ENSG00000213366	139	0	139
ENSG00000230864	0	0	0
ENSG00000283354	0	0	0
ENSG00000232918	0	0	0
ENSG00000236360	0	0	0
ENSG00000183298	1	0	1
ENSG00000234332	13	0	13
ENSG00000117525	3	0	3
ENSG00000225079	11	0	11
ENSG00000226483	0	0	0
ENSG00000224238	0	0	0
ENSG00000229537	0	0	0
ENSG00000162699	0	0	0
ENSG00000162692	2	0	2
ENSG00000203914	0	0	0
ENSG00000270457	0	0	0
ENSG00000203858	0	0	0
ENSG00000231987	0	0	0
ENSG00000228057	2	0	2
ENSG00000261593	0	0	0
ENSG00000224445	0	0	0
ENSG00000229842	0	0	0
ENSG00000270631	0	0	0
ENSG00000229201	0	0	0
ENSG00000181656	6	4	2
ENSG00000122481	23	0	23
ENSG00000198162	777	0	777
ENSG00000238198	2	0	2
ENSG00000171517	9	0	9
ENSG00000228852	8	8	0
ENSG00000203864	0	0	0
ENSG00000233482	0	0	0
ENSG00000230250	0	0	0
ENSG00000232878	0	214	0
ENSG00000143079	92	1	91
ENSG00000232450	5	0	5
ENSG00000223575	0	0	0
ENSG00000230768	0	0	0
ENSG00000235202	0	0	0
ENSG00000272715	0	0	0
ENSG00000235038	0	0	0
ENSG00000143093	810	0	810
ENSG00000226415	9	0	9
ENSG00000085491	571	10	612
ENSG00000173947	4	0	4
ENSG00000241361	0	0	0
ENSG00000230434	0	0	0
ENSG00000230718	0	0	0
ENSG00000134198	203	1	202
ENSG00000235595	0	0	0
ENSG00000226053	0	0	0
ENSG00000226128	0	0	0
ENSG00000198799	426	0	465
ENSG00000279513	0	0	0
ENSG00000117620	162	7	158
ENSG00000280186	0	0	0
ENSG00000223906	0	0	0
ENSG00000162688	348	1	347
ENSG00000197106	0	0	0
ENSG00000259946	0	0	0
ENSG00000236137	7	163	9
ENSG00000203859	0	0	0
ENSG00000228086	0	60	0
ENSG00000213421	0	0	0
ENSG00000234020	0	0	0
ENSG00000060718	0	0	0
ENSG00000236804	0	0	0
ENSG00000231072	0	0	0
ENSG00000273406	0	0	0
ENSG00000185946	273	0	273
ENSG00000162627	1	0	1
ENSG00000226715	0	0	0
ENSG00000162695	561	0	561
ENSG00000134184	229	1	339
ENSG00000265808	937	1	936
ENSG00000261290	0	0	0
ENSG00000225923	0	0	0
ENSG00000134247	36	0	36
ENSG00000187481	0	0	0
ENSG00000116752	367	1	366
ENSG00000162664	274	1	273
ENSG00000236866	0	0	0
ENSG00000134253	5	1	4
ENSG00000277655	0	0	0
ENSG00000223416	0	0	0
ENSG00000213226	0	0	0
ENSG00000179571	0	0	0
ENSG00000227850	0	0	0
ENSG00000243967	0	0	0
ENSG00000235777	1	1	0
ENSG00000260246	0	111	0
ENSG00000173218	168	0	168
ENSG00000285532	0	0	0
ENSG00000226755	2	0	2
ENSG00000232650	0	0	0
ENSG00000183508	1331	4	1327
ENSG00000277095	0	0	0
ENSG00000236806	0	0	0
ENSG00000234283	0	0	0
ENSG00000237188	2	0	2
ENSG00000232780	0	0	0
ENSG00000274927	0	0	0
ENSG00000264145	0	0	0
ENSG00000238256	0	0	0
ENSG00000198765	0	0	0
ENSG00000224335	0	0	0
ENSG00000277702	0	0	0
ENSG00000143398	800	1	799
ENSG00000196505	432	3	429
ENSG00000225871	8	35	0
ENSG00000223489	0	0	0
ENSG00000230546	0	0	0
ENSG00000213262	0	0	0
ENSG00000287015	0	0	0
ENSG00000241720	2	16	0
ENSG00000235526	0	0	0
ENSG00000228347	0	0	0
ENSG00000276975	1	0	1
ENSG00000236012	0	0	0
ENSG00000270911	0	0	0
ENSG00000272824	0	0	0
ENSG00000134200	0	0	0
ENSG00000234257	0	0	0
ENSG00000065183	601	2	650
ENSG00000227082	1	0	1
ENSG00000228626	0	0	0
ENSG00000226126	0	0	0
ENSG00000163393	244	0	244
ENSG00000163156	525	8	521
ENSG00000143631	4	6	0
ENSG00000156150	0	50	0
ENSG00000228453	0	0	0
ENSG00000274642	0	0	0
ENSG00000177551	0	0	0
ENSG00000197323	1065	0	1065
ENSG00000237975	4	0	6
ENSG00000261168	1	0	1
ENSG00000287980	0	0	0
ENSG00000229283	0	0	0
ENSG00000271419	0	0	0
ENSG00000226172	0	0	0
ENSG00000079335	452	11	501
ENSG00000143119	12044	10	12034
ENSG00000237278	0	39	0
ENSG00000285062	0	0	0
ENSG00000233432	0	0	0
ENSG00000227700	0	0	0
ENSG00000229911	0	0	0
ENSG00000143520	0	0	0
ENSG00000171943	112	7	109
ENSG00000270719	0	0	0
ENSG00000155761	1	50	2
ENSG00000230806	0	0	0
ENSG00000116830	342	0	342
ENSG00000234422	0	0	0
ENSG00000227056	0	0	0
ENSG00000143614	1265	2	1263
ENSG00000227091	0	0	0
ENSG00000169418	0	0	0
ENSG00000214204	0	0	0
ENSG00000081026	56	7	49
ENSG00000225650	0	0	0
ENSG00000227179	0	0	0
ENSG00000224965	2	0	2
ENSG00000228127	0	0	0
ENSG00000226984	0	0	0
ENSG00000186150	0	0	0
ENSG00000143554	934	6	928
ENSG00000143458	524	3	521
ENSG00000230932	0	0	0
ENSG00000073754	5	0	5
ENSG00000228826	0	0	0
ENSG00000233907	0	0	0
ENSG00000225036	0	0	0
ENSG00000228420	0	0	0
ENSG00000233839	0	0	0
ENSG00000250890	0	0	0
ENSG00000232240	0	0	0
ENSG00000280649	46	8	60
ENSG00000131781	92	31	79
ENSG00000223599	2	0	2
ENSG00000230921	0	0	0
ENSG00000286151	0	0	0
ENSG00000234388	0	0	0
ENSG00000235015	0	0	0
ENSG00000271736	20	0	20
ENSG00000235988	0	0	0
ENSG00000233717	0	0	0
ENSG00000231551	28	13	15
ENSG00000227295	4	0	4
ENSG00000163155	70	43	32
ENSG00000243613	0	73	0
ENSG00000241975	6	0	6
ENSG00000271143	0	0	0
ENSG00000270976	0	0	0
ENSG00000228217	0	0	0
ENSG00000270342	0	0	0
ENSG00000143552	12	0	12
ENSG00000175984	10	0	10
ENSG00000231100	0	0	0
ENSG00000116824	2781	3	2778
ENSG00000235887	0	0	0
ENSG00000237460	0	0	0
ENSG00000236327	0	0	0
ENSG00000223804	39	10	29
ENSG00000236887	0	0	0
ENSG00000024526	31	0	34
ENSG00000236480	0	0	0
ENSG00000235756	0	0	0
ENSG00000173810	0	0	0
ENSG00000235005	0	0	0
ENSG00000271890	0	0	0
ENSG00000238107	0	0	0
ENSG00000227425	0	0	0
ENSG00000233222	0	16	1
ENSG00000225279	0	0	0
ENSG00000229101	0	0	0
ENSG00000224927	0	0	0
ENSG00000239216	0	0	0
ENSG00000283360	0	0	0
ENSG00000117262	49	0	49
ENSG00000227907	0	0	0
ENSG00000143624	1273	2	1414
ENSG00000227970	0	0	0
ENSG00000261055	0	0	0
ENSG00000231613	6	0	6
ENSG00000137947	744	3	741
ENSG00000236689	0	0	0
ENSG00000233589	0	3	0
ENSG00000117586	86	0	86
ENSG00000230946	0	0	0
ENSG00000226028	0	0	0
ENSG00000162728	0	0	0
ENSG00000229021	0	0	0
ENSG00000203825	0	0	0
ENSG00000184371	315	0	315
ENSG00000233449	0	0	0
ENSG00000242943	0	0	0
ENSG00000233203	0	0	0
ENSG00000232499	0	0	0
ENSG00000232265	2	0	2
ENSG00000163154	1123	1	1126
ENSG00000232995	12	0	12
ENSG00000236957	0	0	0
ENSG00000238087	0	0	0
ENSG00000227777	0	0	0
ENSG00000177173	4	0	4
ENSG00000277406	34	0	34
ENSG00000238022	0	0	0
ENSG00000231671	0	0	0
ENSG00000162729	538	0	538
ENSG00000143158	238	25	366
ENSG00000271092	2	0	2
ENSG00000238118	0	0	0
ENSG00000276118	0	0	0
ENSG00000232148	0	0	0
ENSG00000278811	4	33	0
ENSG00000000460	98	114	122
ENSG00000188859	2	0	2
ENSG00000275075	0	0	0
ENSG00000135862	111	0	111
ENSG00000232952	0	0	0
ENSG00000158473	850	0	850
ENSG00000227722	0	0	0
ENSG00000285922	0	0	0
ENSG00000275801	2	0	2
ENSG00000143198	281	0	281
ENSG00000143318	0	0	0
ENSG00000232188	0	0	0
ENSG00000232212	0	0	0
ENSG00000143621	1878	20	1870
ENSG00000241042	1	1	0
ENSG00000143155	579	0	579
ENSG00000260322	0	0	0
ENSG00000223495	0	0	0
ENSG00000143156	51	5	64
ENSG00000198771	5843	25	5992
ENSG00000225462	0	0	0
ENSG00000237756	0	0	0
ENSG00000116147	5	0	5
ENSG00000213064	2165	2	2378
ENSG00000203307	0	0	0
ENSG00000143179	141	0	190
ENSG00000271187	0	0	0
ENSG00000274562	0	0	0
ENSG00000143315	198	0	198
ENSG00000116199	772	4	768
ENSG00000231175	0	0	0
ENSG00000143185	55	0	55
ENSG00000235145	0	0	0
ENSG00000116260	1223	1	1222
ENSG00000272931	7	0	7
ENSG00000143190	611	5	675
ENSG00000225475	0	0	0
ENSG00000230898	0	0	0
ENSG00000232223	0	0	0
ENSG00000224698	0	0	0
ENSG00000287697	0	5	2
ENSG00000075945	314	0	344
ENSG00000235303	0	0	0
ENSG00000234810	0	0	0
ENSG00000232750	1	1	0
ENSG00000224468	0	0	0
ENSG00000235628	0	0	0
ENSG00000232551	0	0	0
ENSG00000092607	0	0	0
ENSG00000238270	0	0	0
ENSG00000285894	0	0	0
ENSG00000236025	0	0	0
ENSG00000230687	0	0	0
ENSG00000230704	0	0	0
ENSG00000283255	0	0	0
ENSG00000227741	8	83	6
ENSG00000237049	0	0	0
ENSG00000286754	0	0	0
ENSG00000232751	0	0	0
ENSG00000236364	0	47	0
ENSG00000117091	2270	9	5398
ENSG00000235378	0	0	0
ENSG00000143171	0	0	0
ENSG00000275767	0	0	0
ENSG00000224718	0	0	0
ENSG00000047410	3694	23	3828
ENSG00000231992	0	0	0
ENSG00000018625	0	0	0
ENSG00000171806	148	0	159
ENSG00000287919	0	0	0
ENSG00000229914	0	0	0
ENSG00000233882	0	0	0
ENSG00000198358	0	0	0
ENSG00000229407	0	0	0
ENSG00000134216	0	0	0
ENSG00000230748	0	0	0
ENSG00000254154	0	0	0
ENSG00000162694	35	0	35
ENSG00000238108	0	0	0
ENSG00000214262	0	215	0
ENSG00000183853	0	0	0
ENSG00000215835	6	0	6
ENSG00000118197	360	2	359
ENSG00000135842	3683	9	3674
ENSG00000229258	0	1	0
ENSG00000287472	0	0	0
ENSG00000241318	0	0	0
ENSG00000228238	0	0	0
ENSG00000232393	0	0	0
ENSG00000121454	10	34	0
ENSG00000184155	0	0	0
ENSG00000058085	0	0	0
ENSG00000260088	0	1	0
ENSG00000287978	52	0	52
ENSG00000116815	381	0	381
ENSG00000232917	0	0	0
ENSG00000233057	0	0	0
ENSG00000237131	0	0	0
ENSG00000233946	0	0	0
ENSG00000143167	218	0	218
ENSG00000143184	28	0	28
ENSG00000231966	1	0	1
ENSG00000176320	1	0	1
ENSG00000260976	0	0	0
ENSG00000235215	0	0	0
ENSG00000223450	0	0	0
ENSG00000224691	0	0	0
ENSG00000286572	0	0	0
ENSG00000235101	2	0	2
ENSG00000228215	2	0	2
ENSG00000177807	9	1	8
ENSG00000233626	1	1	0
ENSG00000233691	0	0	0
ENSG00000283518	0	0	0
ENSG00000271527	0	0	0
ENSG00000143228	81	2	79
ENSG00000235827	0	0	0
ENSG00000231615	0	0	0
ENSG00000231714	0	0	0
ENSG00000174514	25	7	27
ENSG00000143178	85	0	85
ENSG00000224837	0	0	0
ENSG00000116833	0	0	0
ENSG00000227740	1	0	1
ENSG00000260990	0	0	0
ENSG00000000457	319	34	412
ENSG00000143507	155	0	155
ENSG00000285638	0	0	0
ENSG00000226520	0	0	0
ENSG00000284592	0	0	0
ENSG00000230987	0	0	0
ENSG00000232527	0	0	0
ENSG00000215833	0	0	0
ENSG00000228167	0	0	0
ENSG00000225325	0	0	0
ENSG00000223344	0	0	0
ENSG00000228191	0	0	0
ENSG00000229961	22	0	22
ENSG00000150732	0	0	0
ENSG00000157064	1	0	3
ENSG00000288139	0	0	0
ENSG00000226015	12	1	11
ENSG00000215808	0	0	0
ENSG00000059588	451	0	451
ENSG00000231512	1	0	1
ENSG00000237379	0	0	0
ENSG00000232959	0	30	0
ENSG00000122224	868	12	856
ENSG00000162782	0	0	0
ENSG00000238051	0	0	0
ENSG00000233196	1	1	0
ENSG00000229220	0	0	0
ENSG00000143653	156	0	156
ENSG00000135837	1853	2	1851
ENSG00000158711	1909	13	1905
ENSG00000227747	0	0	0
ENSG00000228081	1	0	1
ENSG00000228020	0	0	0
ENSG00000234975	11	0	11
ENSG00000162851	187	0	187
ENSG00000271427	0	0	0
ENSG00000261817	0	0	0
ENSG00000143353	157	0	176
ENSG00000197965	425	1	424
ENSG00000143493	418	0	418
ENSG00000230777	1	1	0
ENSG00000179397	9	0	9
ENSG00000224540	0	0	0
ENSG00000117592	1734	2	1732
ENSG00000186197	27	0	27
ENSG00000229067	0	0	0
ENSG00000230231	0	0	0
ENSG00000227711	0	0	0
ENSG00000261182	0	0	0
ENSG00000228879	1	0	1
ENSG00000227925	0	0	0
ENSG00000162670	0	0	0
ENSG00000225712	0	0	0
ENSG00000162761	0	0	0
ENSG00000143199	1	0	1
ENSG00000179930	0	0	0
ENSG00000007908	1	1	0
ENSG00000092978	178	0	178
ENSG00000143499	362	0	362
ENSG00000188404	23621	31	23590
ENSG00000227735	0	0	0
ENSG00000243062	0	0	0
ENSG00000143196	0	0	0
ENSG00000228504	0	0	0
ENSG00000274702	0	0	0
ENSG00000226211	0	0	0
ENSG00000236942	0	0	0
ENSG00000287205	0	0	0
ENSG00000203697	1	0	1
ENSG00000116574	425	2	423
ENSG00000287929	0	2	0
ENSG00000186283	919	3	916
ENSG00000224896	0	0	0
ENSG00000226292	0	0	0
ENSG00000121481	321	1	320
ENSG00000227940	0	0	0
ENSG00000117139	813	2	811
ENSG00000143248	5	0	5
ENSG00000278455	0	0	0
ENSG00000224810	0	0	0
ENSG00000162814	1	0	1
ENSG00000225172	0	0	0
ENSG00000261642	0	0	0
ENSG00000228239	0	0	0
ENSG00000237283	0	0	0
ENSG00000116132	0	0	0
ENSG00000238042	2	0	2
ENSG00000271475	0	0	0
ENSG00000231877	0	0	0
ENSG00000116679	3329	4	3325
ENSG00000228536	0	0	0
ENSG00000230550	0	0	0
ENSG00000229242	0	0	0
ENSG00000253326	7	0	7
ENSG00000228470	0	0	0
ENSG00000152092	0	0	0
ENSG00000234984	0	0	0
ENSG00000231648	0	0	0
ENSG00000229983	1	0	1
ENSG00000215149	0	0	0
ENSG00000225122	0	0	0
ENSG00000225920	5	5	0
ENSG00000143476	189	0	189
ENSG00000121486	627	1	626
ENSG00000228437	0	0	0
ENSG00000214837	12	0	12
ENSG00000057252	1252	1	1251
ENSG00000225982	1	0	1
ENSG00000285718	0	0	0
ENSG00000234070	0	0	0
ENSG00000233620	0	0	0
ENSG00000237783	0	0	0
ENSG00000272906	3	6	13
ENSG00000233018	0	0	0
ENSG00000123685	78	1	77
ENSG00000224783	0	0	0
ENSG00000162852	964	1	963
ENSG00000232792	1	1	0
ENSG00000273004	11	0	11
ENSG00000143842	75	1	74
ENSG00000268062	3	3	0
ENSG00000237409	1	1	0
ENSG00000116962	691	2	689
ENSG00000288078	0	0	0
ENSG00000271399	0	0	0
ENSG00000229757	0	0	0
ENSG00000232679	0	0	0
ENSG00000159388	3894	7	3887
ENSG00000220749	22	0	22
ENSG00000181450	88	0	88
ENSG00000223519	9	1	28
ENSG00000120333	332	7	336
ENSG00000286285	5	0	5
ENSG00000225300	0	0	0
ENSG00000223842	0	0	0
ENSG00000162753	0	0	0
ENSG00000228247	0	0	0
ENSG00000231424	1	0	1
ENSG00000143355	0	0	0
ENSG00000287177	0	0	0
ENSG00000237193	0	0	0
ENSG00000223490	0	0	0
ENSG00000121644	503	0	503
ENSG00000174502	0	0	0
ENSG00000224286	0	0	0
ENSG00000158715	73	0	73
ENSG00000143195	7	1	7
ENSG00000162849	17	1	16
ENSG00000232824	0	0	0
ENSG00000273416	1	0	1
ENSG00000234142	1	0	1
ENSG00000282111	1	0	1
ENSG00000233410	1	0	1
ENSG00000067533	187	1	186
ENSG00000228955	0	0	0
ENSG00000270443	0	0	0
ENSG00000116209	2407	0	2407
ENSG00000224702	0	0	0
ENSG00000271811	0	0	0
ENSG00000224278	0	0	0
ENSG00000235492	0	0	0
ENSG00000287808	2	93	3
ENSG00000271588	0	0	0
ENSG00000229840	0	0	0
ENSG00000116161	827	32	813
ENSG00000226486	0	0	0
ENSG00000227687	0	0	0
ENSG00000231814	0	0	0
ENSG00000286210	0	0	0
ENSG00000287364	0	0	0
ENSG00000225063	0	0	0
ENSG00000260698	5	0	5
ENSG00000277007	2	0	2
ENSG00000229016	0	0	0
ENSG00000077157	635	1	640
ENSG00000152104	4	2	2
ENSG00000236975	1	0	1
ENSG00000215834	0	0	0
ENSG00000286541	0	0	0
ENSG00000117650	48	0	48
ENSG00000235021	0	0	0
ENSG00000203724	2	0	2
ENSG00000225006	0	0	0
ENSG00000287633	0	0	0
ENSG00000158764	0	0	0
ENSG00000223375	0	0	0
ENSG00000230714	0	0	0
ENSG00000261065	0	8	0
ENSG00000260855	2	0	2
ENSG00000188783	0	0	0
ENSG00000236206	0	0	0
ENSG00000168118	325	2	329
ENSG00000181101	0	0	0
ENSG00000173726	1319	3	1316
ENSG00000282852	0	0	0
ENSG00000152382	188	2	186
ENSG00000143839	0	0	0
ENSG00000232100	0	0	0
ENSG00000261024	1	0	1
ENSG00000230547	0	0	0
ENSG00000229703	1	0	1
ENSG00000176754	0	0	0
ENSG00000232309	0	0	0
ENSG00000227953	6	22	4
ENSG00000232215	0	0	0
ENSG00000135829	3543	4	3633
ENSG00000228289	0	0	0
ENSG00000134717	613	0	613
ENSG00000232989	0	0	0
ENSG00000233537	0	0	0
ENSG00000116668	142	15	127
ENSG00000143756	605	1	604
ENSG00000278180	0	0	0
ENSG00000143702	496	0	584
ENSG00000232341	0	0	0
ENSG00000287676	0	0	0
ENSG00000236792	0	0	0
ENSG00000143207	1300	1	1299
ENSG00000270859	0	0	0
ENSG00000238224	0	0	0
ENSG00000286775	0	0	0
ENSG00000122176	1	0	1
ENSG00000229120	0	0	0
ENSG00000237492	0	0	0
ENSG00000230404	0	0	0
ENSG00000213036	0	0	0
ENSG00000227230	2	43	0
ENSG00000236230	0	0	0
ENSG00000026751	2972	1	2971
ENSG00000150681	1352	2	1763
ENSG00000116906	778	1	777
ENSG00000092969	2	0	2
ENSG00000157181	242	1	241
ENSG00000250762	1	0	1
ENSG00000236720	0	0	0
ENSG00000227421	0	0	0
ENSG00000227240	1	0	1
ENSG00000076258	35	0	35
ENSG00000286073	0	0	0
ENSG00000231084	5	5	0
ENSG00000232085	0	47	0
ENSG00000117697	547	1	546
ENSG00000279333	0	0	0
ENSG00000235083	0	0	0
ENSG00000162669	0	0	0
ENSG00000197067	0	0	0
ENSG00000229652	0	0	0
ENSG00000132681	1	0	1
ENSG00000225904	0	0	0
ENSG00000270920	0	0	0
ENSG00000281664	0	0	0
ENSG00000143641	821	0	1189
ENSG00000227630	4	0	4
ENSG00000228830	0	779	0
ENSG00000010932	1	0	1
ENSG00000282849	0	0	0
ENSG00000276520	0	0	0
ENSG00000226640	0	0	0
ENSG00000010072	195	84	195
ENSG00000135766	134	1	133
ENSG00000232626	0	0	0
ENSG00000232096	0	0	0
ENSG00000279261	0	0	0
ENSG00000213051	1	0	1
ENSG00000238054	0	0	0
ENSG00000163534	718	0	718
ENSG00000168243	11	0	11
ENSG00000281453	0	0	0
ENSG00000237469	0	0	0
ENSG00000224939	0	0	0
ENSG00000227613	0	0	0
ENSG00000116183	1	0	1
ENSG00000270106	0	0	0
ENSG00000232194	0	0	0
ENSG00000235152	0	0	0
ENSG00000231612	1	0	1
ENSG00000237980	12	1	11
ENSG00000271036	0	0	0
ENSG00000230849	0	0	0
ENSG00000170382	91	94	0
ENSG00000228664	0	0	0
ENSG00000226868	0	0	0
ENSG00000279401	0	0	0
ENSG00000272362	0	0	0
ENSG00000287450	0	0	0
ENSG00000237011	0	0	0
ENSG00000233583	0	0	0
ENSG00000066027	1955	7	1948
ENSG00000286263	1	0	1
ENSG00000227006	0	0	0
ENSG00000236372	0	0	0
ENSG00000224525	0	0	0
ENSG00000188770	0	0	0
ENSG00000173728	2	2	0
ENSG00000094975	561	2	559
ENSG00000225811	0	0	0
ENSG00000273093	0	0	0
ENSG00000162772	322	2	320
ENSG00000227818	0	0	0
ENSG00000135828	914	3	911
ENSG00000224227	2	0	2
ENSG00000286398	0	0	0
ENSG00000076356	88	0	88
ENSG00000215819	0	0	0
ENSG00000185523	0	0	0
ENSG00000236108	0	0	0
ENSG00000116711	173	0	173
ENSG00000231684	1	0	1
ENSG00000226750	0	0	0
ENSG00000285665	5	0	5
ENSG00000231022	0	0	0
ENSG00000224436	0	0	0
ENSG00000228208	0	0	0
ENSG00000273384	0	0	0
ENSG00000238061	2	0	2
ENSG00000234915	0	0	0
ENSG00000143845	5	0	13
ENSG00000235862	0	1	0
ENSG00000069812	0	0	0
ENSG00000227585	0	0	0
ENSG00000157060	0	0	0
ENSG00000237213	0	0	0
ENSG00000236439	9	0	9
ENSG00000224260	0	0	0
ENSG00000213045	0	0	0
ENSG00000287220	0	0	0
ENSG00000230063	0	0	0
ENSG00000235467	0	0	0
ENSG00000123684	2574	4	2571
ENSG00000117707	0	0	0
ENSG00000228044	0	0	0
ENSG00000225338	0	0	0
ENSG00000224407	0	368	0
ENSG00000232463	0	0	0
ENSG00000237457	0	0	0
ENSG00000225171	1	0	1
ENSG00000226843	0	0	0
ENSG00000235386	0	0	0
ENSG00000123836	317	44	317
ENSG00000213690	0	0	0
ENSG00000223982	0	0	0
ENSG00000229832	1	0	1
ENSG00000117691	181	0	181
ENSG00000225233	0	0	0
ENSG00000274895	0	0	0
ENSG00000237514	0	0	0
ENSG00000287856	0	0	0
ENSG00000228067	0	0	0
ENSG00000284299	0	0	0
ENSG00000226375	0	0	0
ENSG00000203705	337	0	337
ENSG00000224040	0	0	0
ENSG00000228686	11	11	0
ENSG00000279838	16	0	16
ENSG00000174175	68	0	68
ENSG00000236401	0	0	0
ENSG00000241475	0	0	0
ENSG00000215800	0	0	0
ENSG00000286421	0	0	0
ENSG00000270936	0	0	0
ENSG00000008118	0	0	0
ENSG00000171161	898	3	895
ENSG00000241505	0	0	0
ENSG00000224535	0	0	0
ENSG00000282097	0	0	0
ENSG00000261453	0	0	0
ENSG00000231020	0	0	0
ENSG00000270818	0	0	0
ENSG00000196878	14	0	14
ENSG00000133059	557	1	556
ENSG00000225561	0	0	0
ENSG00000224668	0	0	0
ENSG00000242529	0	0	0
ENSG00000074964	648	0	648
ENSG00000223847	0	0	0
ENSG00000277704	0	0	0
ENSG00000116918	399	7	398
ENSG00000274020	93	3	126
ENSG00000287445	2	0	2
ENSG00000259815	0	0	0
ENSG00000240963	0	0	0
ENSG00000226570	0	0	0
ENSG00000198929	0	0	0
ENSG00000272167	0	0	0
ENSG00000230628	0	0	0
ENSG00000162771	0	0	1
ENSG00000227579	0	0	0
ENSG00000176393	877	2	1291
ENSG00000174606	461	4	457
ENSG00000179914	20	0	20
ENSG00000235750	3726	3	3723
ENSG00000284376	0	0	0
ENSG00000121446	0	0	0
ENSG00000226758	0	0	0
ENSG00000230199	0	0	0
ENSG00000236905	0	1	0
ENSG00000233304	0	0	0
ENSG00000288007	1	0	1
ENSG00000227887	0	0	0
ENSG00000116903	524	3	604
ENSG00000228255	0	0	0
ENSG00000226196	0	0	0
ENSG00000287354	0	2	0
ENSG00000233827	0	0	0
ENSG00000198797	0	0	0
ENSG00000271746	2	0	3
ENSG00000234233	0	0	0
ENSG00000151414	1124	3	1121
ENSG00000177614	2	0	2
ENSG00000223794	0	0	0
ENSG00000235182	0	1	0
ENSG00000213041	0	0	0
ENSG00000287157	0	0	0
ENSG00000233920	0	0	0
ENSG00000183831	1	0	1
ENSG00000225755	0	0	0
ENSG00000143858	16	22	0
ENSG00000197472	2	0	2
ENSG00000230184	0	0	0
ENSG00000234004	0	0	0
ENSG00000232436	0	0	0
ENSG00000231718	0	0	0
ENSG00000283952	0	0	0
ENSG00000230019	0	0	0
ENSG00000136643	433	1	432
ENSG00000232537	0	0	0
ENSG00000226036	1	1	0
ENSG00000285521	0	0	0
ENSG00000236317	1	0	1
ENSG00000176855	0	0	0
ENSG00000227728	0	0	0
ENSG00000133069	247	3	244
ENSG00000162877	21	0	21
ENSG00000233461	27	0	27
ENSG00000225401	0	0	0
ENSG00000228190	0	0	0
ENSG00000135747	0	0	0
ENSG00000227237	0	0	0
ENSG00000069248	805	0	805
ENSG00000232812	0	0	0
ENSG00000231666	0	0	0
ENSG00000226986	0	0	0
ENSG00000242042	0	0	0
ENSG00000234464	0	0	0
ENSG00000253148	0	0	0
ENSG00000227751	0	489	1
ENSG00000090104	134	0	134
ENSG00000285280	6	418	1
ENSG00000232892	0	0	0
ENSG00000236950	0	0	0
ENSG00000236468	0	0	0
ENSG00000143322	330	2	328
ENSG00000185220	145	0	145
ENSG00000226003	0	0	0
ENSG00000230813	0	0	0
ENSG00000226862	1	0	1
ENSG00000236101	0	0	0
ENSG00000162769	294	0	294
ENSG00000133065	400	0	400
ENSG00000278684	0	0	0
ENSG00000236775	0	0	0
ENSG00000042781	0	0	0
ENSG00000234754	0	0	0
ENSG00000233084	2	0	2
ENSG00000227815	2	0	2
ENSG00000287046	0	0	0
ENSG00000223774	0	0	1
ENSG00000228863	14	3140	11
ENSG00000228646	0	0	0
ENSG00000229112	0	0	0
ENSG00000233332	0	0	0
ENSG00000231984	0	0	0
ENSG00000286213	0	0	0
ENSG00000226876	0	0	0
ENSG00000277462	32	0	32
ENSG00000225591	0	0	0
ENSG00000035687	947	1	946
ENSG00000213080	1	0	1
ENSG00000180287	0	0	0
ENSG00000226693	0	0	0
ENSG00000234678	17	433	0
ENSG00000231272	0	0	0
ENSG00000223828	0	0	0
ENSG00000163431	0	1	0
ENSG00000230124	261	0	285
ENSG00000226723	0	0	0
ENSG00000272672	0	0	0
ENSG00000143473	2	2	0
ENSG00000228982	0	0	0
ENSG00000235096	0	0	0
ENSG00000237250	0	0	0
ENSG00000007341	78	25	119
ENSG00000286747	0	0	0
ENSG00000236069	0	0	0
ENSG00000236244	0	0	0
ENSG00000272865	0	0	0
ENSG00000117222	709	2	707
ENSG00000143324	446	0	446
ENSG00000229871	0	0	0
ENSG00000225222	0	0	0
ENSG00000118193	86	0	86
ENSG00000234116	0	0	0
ENSG00000231940	0	0	0
ENSG00000198842	0	0	0
ENSG00000286619	0	0	0
ENSG00000198756	17	0	17
ENSG00000259823	4	0	4
ENSG00000271558	0	0	0
ENSG00000227554	0	0	0
ENSG00000178596	0	0	0
ENSG00000135749	247	7	269
ENSG00000143786	15	0	16
ENSG00000224584	0	0	0
ENSG00000054282	207	12	221
ENSG00000183780	4	0	4
ENSG00000229663	0	0	0
ENSG00000162702	623	0	623
ENSG00000251508	0	0	0
ENSG00000238272	0	0	0
ENSG00000228530	0	0	0
ENSG00000235060	0	0	0
ENSG00000143194	0	0	1
ENSG00000229531	1	0	1
ENSG00000271329	0	0	0
ENSG00000054267	1838	12	1826
ENSG00000261831	0	0	0
ENSG00000287921	0	0	0
ENSG00000177800	0	0	0
ENSG00000225620	1	0	1
ENSG00000232166	0	0	0
ENSG00000175137	1220	2	1218
ENSG00000134245	10	51	5
ENSG00000234041	0	0	0
ENSG00000227373	5	0	5
ENSG00000231905	0	0	0
ENSG00000228175	2	0	2
ENSG00000069275	2186	7	2179
ENSG00000143674	45	0	45
ENSG00000237317	0	0	0
ENSG00000187889	0	0	0
ENSG00000134375	581	2	579
ENSG00000097046	147	3	144
ENSG00000232113	0	0	0
ENSG00000282718	0	0	0
ENSG00000231378	0	0	0
ENSG00000235605	0	0	1
ENSG00000223525	0	0	0
ENSG00000224857	0	0	0
ENSG00000273367	0	0	0
ENSG00000230604	0	0	0
ENSG00000231605	0	0	0
ENSG00000236358	0	1	0
ENSG00000203737	3	0	3
ENSG00000238003	0	0	0
ENSG00000215873	0	0	0
ENSG00000287008	0	0	0
ENSG00000185420	79	0	79
ENSG00000076321	243	0	243
ENSG00000272175	0	0	1
ENSG00000231564	0	0	0
ENSG00000135778	207	24	212
ENSG00000213070	0	0	0
ENSG00000282265	0	0	0
ENSG00000250536	0	0	0
ENSG00000229747	0	0	0
ENSG00000117280	1453	4	1449
ENSG00000233985	0	0	0
ENSG00000232175	0	0	0
ENSG00000287423	0	0	0
ENSG00000286774	0	0	0
ENSG00000236719	0	0	0
ENSG00000136636	91	1	90
ENSG00000225486	0	0	0
ENSG00000227043	0	0	0
ENSG00000163874	783	2	781
ENSG00000285777	0	0	0
ENSG00000237249	0	0	0
ENSG00000286109	0	0	0
ENSG00000213068	0	0	0
ENSG00000054392	40	0	42
ENSG00000227994	0	0	0
ENSG00000286552	0	0	0
ENSG00000225711	0	0	0
ENSG00000122223	527	15	512
ENSG00000235869	0	0	0
ENSG00000188739	8	0	8
ENSG00000286666	0	0	0
ENSG00000135750	3	0	3
ENSG00000273198	0	0	0
ENSG00000203730	0	0	0
ENSG00000225719	0	0	0
ENSG00000273483	0	0	0
ENSG00000287987	0	0	0
ENSG00000203729	0	0	0
ENSG00000232809	0	0	0
ENSG00000284623	0	0	0
ENSG00000285981	0	0	0
ENSG00000261729	1	0	1
ENSG00000223869	0	0	0
ENSG00000229228	1	0	1
ENSG00000215796	0	0	0
ENSG00000185221	0	0	0
ENSG00000233047	0	0	0
ENSG00000143341	5	0	5
ENSG00000228309	0	0	0
ENSG00000229739	10	0	10
ENSG00000116703	1	1	0
ENSG00000273874	0	0	0
ENSG00000278791	0	1	0
ENSG00000278757	0	0	0
ENSG00000264341	1	1	0
ENSG00000264101	0	0	0
ENSG00000265141	0	0	0
ENSG00000221083	0	0	0
ENSG00000252404	0	0	0
ENSG00000222511	0	0	0
ENSG00000265392	0	0	0
ENSG00000243267	0	0	0
ENSG00000201725	1	0	1
ENSG00000274258	0	0	0
ENSG00000239149	1	0	1
ENSG00000252151	0	0	0
ENSG00000252969	0	0	0
ENSG00000252417	0	0	0
ENSG00000200975	0	0	0
ENSG00000201609	0	0	0
ENSG00000238482	0	0	0
ENSG00000252956	0	0	0
ENSG00000265606	0	0	0
ENSG00000284357	0	0	0
ENSG00000278034	0	0	0
ENSG00000207237	0	0	0
ENSG00000222784	0	0	0
ENSG00000266210	0	0	0
ENSG00000265961	0	0	0
ENSG00000251866	0	0	0
ENSG00000252691	0	0	0
ENSG00000264371	0	0	0
ENSG00000253005	0	0	0
ENSG00000238316	0	0	0
ENSG00000207941	0	0	0
ENSG00000264773	2	0	2
ENSG00000252448	2	2	0
ENSG00000200421	0	0	0
ENSG00000222282	2	2	0
ENSG00000199963	0	0	0
ENSG00000264698	0	0	0
ENSG00000207328	0	0	0
ENSG00000207466	0	0	0
ENSG00000252368	0	0	0
ENSG00000206779	0	0	0
ENSG00000265596	0	0	0
ENSG00000212541	3	3	0
ENSG00000200796	0	0	0
ENSG00000252190	0	0	0
ENSG00000264613	0	0	0
ENSG00000199240	0	0	0
ENSG00000277168	0	0	0
ENSG00000283724	0	0	0
ENSG00000284410	0	0	0
ENSG00000252018	0	0	0
ENSG00000206627	0	0	0
ENSG00000283414	1	0	1
ENSG00000207508	0	0	0
ENSG00000200171	0	0	0
ENSG00000207194	0	0	0
ENSG00000283477	0	0	0
ENSG00000264834	0	0	0
ENSG00000263675	4	0	4
ENSG00000266188	0	0	0
ENSG00000206981	0	0	0
ENSG00000200174	0	0	0
ENSG00000265822	0	0	0
ENSG00000265815	0	0	0
ENSG00000238653	0	0	0
ENSG00000212624	0	0	0
ENSG00000200575	0	0	0
ENSG00000212360	0	0	0
ENSG00000242860	0	0	0
ENSG00000263908	0	0	0
ENSG00000283690	0	0	0
ENSG00000199921	0	0	0
ENSG00000251825	0	0	0
ENSG00000201153	0	0	0
ENSG00000222624	0	0	0
ENSG00000223152	0	0	0
ENSG00000212308	0	0	0
ENSG00000279049	0	12	0
ENSG00000276081	0	0	0
ENSG00000239640	0	0	0
ENSG00000252338	0	0	0
ENSG00000251785	0	0	0
ENSG00000239319	0	0	0
ENSG00000222849	0	0	0
ENSG00000283749	0	0	0
ENSG00000251958	0	0	0
ENSG00000251767	0	0	0
ENSG00000243437	0	0	0
ENSG00000202263	0	0	0
ENSG00000199318	0	0	0
ENSG00000199666	0	0	0
ENSG00000200601	0	0	0
ENSG00000242482	0	0	0
ENSG00000212366	0	0	0
ENSG00000201620	0	0	0
ENSG00000206817	0	0	0
ENSG00000284247	0	0	0
ENSG00000200839	0	0	0
ENSG00000264963	0	0	0
ENSG00000264271	0	0	0
ENSG00000239504	0	0	0
ENSG00000284202	0	0	0
ENSG00000251720	0	0	0
ENSG00000274321	0	0	0
ENSG00000198974	0	0	0
ENSG00000212248	0	0	0
ENSG00000207962	0	0	0
ENSG00000276884	0	0	0
ENSG00000207234	0	0	0
ENSG00000202259	0	0	0
ENSG00000212459	0	0	0
ENSG00000278287	0	0	0
ENSG00000277565	0	0	0
ENSG00000263526	0	0	0
ENSG00000211575	0	0	0
ENSG00000275823	0	0	0
ENSG00000277689	0	0	0
ENSG00000274199	0	0	0
ENSG00000202254	0	0	0
ENSG00000244256	0	0	0
ENSG00000201491	0	0	0
ENSG00000199831	0	0	0
ENSG00000275455	0	0	0
ENSG00000252162	0	0	0
ENSG00000272051	0	0	0
ENSG00000283899	0	0	0
ENSG00000200800	0	0	0
ENSG00000207502	0	0	0
ENSG00000252530	0	0	0
ENSG00000200536	0	0	0
ENSG00000211543	0	0	0
ENSG00000252797	0	0	0
ENSG00000212266	0	0	0
ENSG00000222209	0	0	0
ENSG00000277141	0	0	0
ENSG00000215930	0	0	0
ENSG00000238761	0	0	0
ENSG00000201114	0	0	0
ENSG00000206679	0	0	0
ENSG00000264419	0	0	0
ENSG00000222069	0	0	0
ENSG00000274428	0	0	0
ENSG00000199879	0	0	0
ENSG00000274408	0	0	0
ENSG00000283676	0	0	0
ENSG00000252005	0	0	0
ENSG00000252510	0	0	0
ENSG00000207340	0	0	0
ENSG00000252830	0	0	0
ENSG00000274450	0	0	0
ENSG00000252135	0	0	0
ENSG00000278596	0	0	0
ENSG00000238825	0	0	0
ENSG00000201183	0	0	0
ENSG00000202408	0	0	0
ENSG00000252744	0	0	0
ENSG00000273768	2	0	2
ENSG00000242565	0	0	0
ENSG00000239984	0	0	0
ENSG00000283296	0	0	0
ENSG00000252717	0	0	0
ENSG00000194297	0	0	0
ENSG00000199565	0	0	0
ENSG00000277313	0	0	0
ENSG00000274940	0	0	0
ENSG00000207341	0	0	0
ENSG00000207472	0	0	0
ENSG00000206880	0	0	0
ENSG00000252552	0	0	0
ENSG00000199849	0	0	0
ENSG00000252407	0	0	0
ENSG00000212538	0	0	0
ENSG00000251813	0	0	0
ENSG00000207108	0	0	0
ENSG00000201312	0	0	0
ENSG00000207039	0	0	0
ENSG00000202491	0	0	0
ENSG00000201596	0	0	0
ENSG00000276839	0	0	0
ENSG00000207974	0	0	0
ENSG00000273629	0	0	0
ENSG00000201493	0	0	0
ENSG00000215952	0	0	0
ENSG00000200139	0	0	0
ENSG00000283575	0	0	0
ENSG00000238765	0	0	0
ENSG00000264916	0	0	0
ENSG00000212338	0	0	0
ENSG00000206659	0	0	0
ENSG00000253025	0	0	0
ENSG00000201619	0	0	0
ENSG00000201544	0	0	0
ENSG00000202498	0	0	0
ENSG00000221545	0	0	0
ENSG00000252906	1	0	1
ENSG00000206692	0	0	0
ENSG00000202329	0	0	0
ENSG00000242794	0	0	0
ENSG00000212144	0	0	0
ENSG00000283340	0	0	0
ENSG00000252860	0	0	0
ENSG00000252501	0	0	0
ENSG00000263390	0	0	0
ENSG00000207181	1	0	1
ENSG00000265744	0	0	0
ENSG00000264377	0	0	0
ENSG00000207149	0	0	0
ENSG00000283936	0	0	0
ENSG00000284485	0	0	0
ENSG00000201638	0	0	0
ENSG00000275213	0	0	0
ENSG00000239494	1	0	1
ENSG00000212230	0	0	0
ENSG00000252371	0	0	0
ENSG00000199442	0	0	0
ENSG00000200033	1	0	1
ENSG00000239690	0	0	0
ENSG00000202184	0	0	0
ENSG00000241395	0	0	0
ENSG00000200982	0	0	0
ENSG00000275207	0	0	0
ENSG00000202300	0	0	0
ENSG00000222407	0	0	0
ENSG00000222986	0	0	0
ENSG00000265435	0	0	0
ENSG00000272262	0	0	0
ENSG00000200495	0	0	0
ENSG00000202609	0	0	0
ENSG00000252553	0	0	0
ENSG00000206764	0	0	0
ENSG00000222240	0	0	0
ENSG00000212187	0	0	0
ENSG00000206637	0	0	0
ENSG00000253097	0	0	0
ENSG00000200036	0	0	0
ENSG00000201421	0	0	0
ENSG00000212610	0	0	0
ENSG00000252484	0	0	0
ENSG00000201944	0	0	0
ENSG00000200327	0	0	0
ENSG00000206905	0	0	0
ENSG00000200972	0	0	0
ENSG00000243051	0	0	0
ENSG00000252011	0	0	0
ENSG00000207326	0	0	0
ENSG00000212205	0	0	0
ENSG00000253042	0	0	0
ENSG00000274121	0	0	0
ENSG00000264358	0	0	0
ENSG00000206640	0	0	0
ENSG00000212527	0	0	0
ENSG00000252879	0	0	0
ENSG00000252612	0	0	0
ENSG00000202264	0	0	0
ENSG00000285609	0	0	0
ENSG00000206762	1	1	0
ENSG00000252084	0	0	0
ENSG00000200085	1	0	1
ENSG00000264500	1	1	0
ENSG00000202025	0	0	0
ENSG00000225545	0	0	0
ENSG00000206990	0	0	0
ENSG00000230175	0	0	0
ENSG00000225272	0	0	0
ENSG00000215838	4	2	2
ENSG00000273365	0	0	0
ENSG00000224358	3	0	3
ENSG00000230659	0	0	0
ENSG00000162545	12	0	12
ENSG00000090432	566	1	565
ENSG00000215520	0	0	0
ENSG00000183114	0	0	0
ENSG00000158825	1125	0	1125
ENSG00000158828	239	75	968
ENSG00000284005	0	0	0
ENSG00000117242	30	731	102
ENSG00000234473	0	0	0
ENSG00000238754	0	0	0
ENSG00000134371	615	6	610
ENSG00000221680	0	0	0
ENSG00000162630	17	0	18
ENSG00000276735	0	0	0
ENSG00000232077	0	0	0
ENSG00000229639	0	0	0
ENSG00000287453	0	0	0
ENSG00000270615	0	0	0
ENSG00000287283	0	0	0
ENSG00000240692	0	0	0
ENSG00000229359	0	0	0
ENSG00000237919	0	0	0
ENSG00000066557	237	0	237
ENSG00000244389	0	0	0
ENSG00000228988	0	0	0
ENSG00000118454	328	1	327
ENSG00000226088	0	1	0
ENSG00000116761	22	0	22
ENSG00000278636	0	0	0
ENSG00000271992	1	0	1
ENSG00000233020	0	0	0
ENSG00000237033	0	0	0
ENSG00000226208	0	0	0
ENSG00000007968	639	2	637
ENSG00000235052	1	0	1
ENSG00000117318	277	0	277
ENSG00000285802	0	0	0
ENSG00000229239	1	0	1
ENSG00000142676	15706	135	15571
ENSG00000057757	572	2	570
ENSG00000011009	1001	0	1003
ENSG00000117308	104	0	104
ENSG00000273844	0	0	0
ENSG00000235748	0	0	0
ENSG00000237861	0	0	0
ENSG00000221879	0	0	0
ENSG00000230260	0	0	0
ENSG00000199241	0	0	0
ENSG00000226919	0	1	0
ENSG00000223963	0	0	0
ENSG00000215802	0	0	0
ENSG00000233615	0	0	0
ENSG00000238085	0	0	0
ENSG00000265831	0	0	0
ENSG00000224348	0	0	0
ENSG00000286496	0	0	0
ENSG00000287516	0	0	0
ENSG00000287738	0	0	0
ENSG00000132703	0	0	0
ENSG00000276632	0	0	0
ENSG00000223603	0	0	0
ENSG00000132693	0	0	0
ENSG00000235226	0	0	0
ENSG00000158716	180	0	180
ENSG00000181036	282	20	262
ENSG00000158714	90	12	382
ENSG00000212161	0	0	0
ENSG00000243284	0	1	0
ENSG00000272668	15	0	19
ENSG00000213085	18	0	18
ENSG00000266458	0	0	0
ENSG00000287040	1	0	1
ENSG00000279430	0	0	0
ENSG00000162723	0	0	0
ENSG00000273933	0	0	0
ENSG00000256029	0	125	3
ENSG00000188004	0	0	0
ENSG00000266580	0	0	0
ENSG00000254545	0	2	0
ENSG00000203620	0	0	0
ENSG00000269967	0	0	0
ENSG00000228634	0	0	0
ENSG00000284702	0	0	0
ENSG00000221040	0	0	0
ENSG00000287217	1	0	1
ENSG00000163399	2460	24	6742
ENSG00000212385	0	0	0
ENSG00000233154	4	0	4
ENSG00000230381	0	0	0
ENSG00000200547	0	0	0
ENSG00000224950	24	0	26
ENSG00000286276	3	5	0
ENSG00000177888	212	1	211
ENSG00000243364	88	1	87
ENSG00000251246	0	0	0
ENSG00000143590	10	0	10
ENSG00000202027	0	0	0
ENSG00000169242	14	0	14
ENSG00000169241	382	0	382
ENSG00000223452	0	0	0
ENSG00000163463	29	0	29
ENSG00000273088	0	0	0
ENSG00000284586	0	0	0
ENSG00000169231	90	3	181
ENSG00000236263	0	13	3
ENSG00000236675	60	60	0
ENSG00000177628	776	0	776
ENSG00000116521	788	0	788
ENSG00000176444	800	2	798
ENSG00000143630	17	0	20
ENSG00000143627	1	3	1
ENSG00000253074	0	0	0
ENSG00000252116	0	0	0
ENSG00000228523	0	0	0
ENSG00000223263	0	0	0
ENSG00000207504	0	0	0
ENSG00000238139	0	0	0
ENSG00000197721	8	0	8
ENSG00000244703	0	0	0
ENSG00000226289	0	0	0
ENSG00000285239	0	0	0
ENSG00000234219	2	2	0
ENSG00000174059	11	0	11
ENSG00000285719	0	0	0
ENSG00000284237	0	0	0
ENSG00000158731	0	0	0
ENSG00000201746	0	0	0
ENSG00000264881	0	0	0
ENSG00000199562	0	0	0
ENSG00000264501	0	0	0
ENSG00000284735	2	2	0
ENSG00000284642	5	0	5
ENSG00000142657	3407	6	3401
ENSG00000271989	0	4	0
ENSG00000251503	0	0	0
ENSG00000175279	3	0	3
ENSG00000160049	394	0	475
ENSG00000203469	0	41	0
ENSG00000236035	0	0	0
ENSG00000221643	1	0	1
ENSG00000122188	643	1	642
ENSG00000288644	0	0	0
ENSG00000227417	0	0	0
ENSG00000223505	0	0	0
ENSG00000182004	489	1	488
ENSG00000236430	0	0	0
ENSG00000130768	3	1	7
ENSG00000227050	0	13	1
ENSG00000238231	1	0	1
ENSG00000240750	0	0	0
ENSG00000158156	655	0	664
ENSG00000182118	53	1	52
ENSG00000283799	0	0	0
ENSG00000227934	1	0	1
ENSG00000229595	0	0	0
ENSG00000143633	219	1	218
ENSG00000281912	2	0	2
ENSG00000288208	0	0	0
ENSG00000132773	187	25	211
ENSG00000070759	167	8	171
ENSG00000236872	0	0	0
ENSG00000280670	23	0	23
ENSG00000132763	65	785	75
ENSG00000221953	0	0	0
ENSG00000226164	0	0	0
ENSG00000224014	0	0	0
ENSG00000215795	0	0	0
ENSG00000259865	55	0	55
ENSG00000227671	418	0	418
ENSG00000283881	0	0	0
ENSG00000252516	1	0	1
ENSG00000232347	0	0	0
ENSG00000214144	0	0	0
ENSG00000235818	0	0	0
ENSG00000197617	0	0	0
ENSG00000202079	0	0	0
ENSG00000286216	2	3	0
ENSG00000203664	0	0	0
ENSG00000169224	22	0	23
ENSG00000236817	0	1	0
ENSG00000177489	0	0	0
ENSG00000177476	0	0	0
ENSG00000283369	0	0	0
ENSG00000230411	0	0	0
ENSG00000251977	0	0	0
ENSG00000252254	0	0	0
ENSG00000227854	0	0	0
ENSG00000287589	0	0	0
ENSG00000259776	0	0	0
ENSG00000233355	408	0	413
ENSG00000234601	0	0	0
ENSG00000231979	0	0	0
ENSG00000215805	0	0	0
ENSG00000287102	0	0	0
ENSG00000217327	0	0	0
ENSG00000228818	1	0	1
ENSG00000202041	0	0	0
ENSG00000223694	0	0	0
ENSG00000233735	0	0	0
ENSG00000133019	5	5	5
ENSG00000162636	554	0	554
ENSG00000162639	359	1	358
ENSG00000285923	2	0	2
ENSG00000134186	1325	25	1300
ENSG00000143107	1	0	1
ENSG00000232971	0	0	0
ENSG00000116266	970	3	967
ENSG00000228076	0	0	0
ENSG00000203897	0	0	0
ENSG00000237349	0	0	0
ENSG00000244716	8	0	8
ENSG00000228665	2	1	1
ENSG00000228054	0	0	0
ENSG00000273382	11	97	9
ENSG00000215717	1192	1	1286
ENSG00000278249	0	0	0
ENSG00000270066	0	0	0
ENSG00000251484	0	0	0
ENSG00000132676	1260	83	1260
ENSG00000227673	0	0	0
ENSG00000203761	71	45	48
ENSG00000234937	0	0	0
ENSG00000132718	619	1	618
ENSG00000283442	0	0	0
ENSG00000143622	935	3	932
ENSG00000132680	708	1	707
ENSG00000207475	0	0	0
ENSG00000280466	0	0	0
ENSG00000281394	0	0	0
ENSG00000277817	1	0	1
ENSG00000273002	25	0	25
ENSG00000224276	3	3	0
ENSG00000285677	1	1101	1
ENSG00000163479	2164	1	3264
ENSG00000160803	501	0	501
ENSG00000132698	5	0	5
ENSG00000252236	1	1	0
ENSG00000260238	0	0	0
ENSG00000242252	1	0	1
ENSG00000198952	1939	1	1938
ENSG00000163472	135	207	143
ENSG00000163468	2136	3	2134
ENSG00000132677	0	0	0
ENSG00000237390	0	0	0
ENSG00000207933	0	0	0
ENSG00000254726	0	0	0
ENSG00000186377	0	0	0
ENSG00000186160	0	0	0
ENSG00000225154	0	0	0
ENSG00000225506	0	0	0
ENSG00000225514	0	0	0
ENSG00000224805	8	0	11
ENSG00000162366	119	0	119
ENSG00000226252	4	20	1
ENSG00000225762	2	1	1
ENSG00000186790	0	0	0
ENSG00000237424	57	0	57
ENSG00000189030	0	0	0
ENSG00000162763	0	0	0
ENSG00000143061	2	0	2
ENSG00000135821	6201	14	6187
ENSG00000203740	0	0	0
ENSG00000162374	6	0	6
ENSG00000168275	118	3	192
ENSG00000241563	0	0	0
ENSG00000153207	1326	1	1325
ENSG00000156869	77	0	77
ENSG00000033122	2	2	0
ENSG00000143278	0	0	0
ENSG00000116678	49	1	48
ENSG00000159352	2052	7	2045
ENSG00000158710	10249	8	10241
ENSG00000162734	1428	3	1506
ENSG00000049239	1945	1	1944
ENSG00000186564	4	0	4
ENSG00000244038	2960	5	2955
ENSG00000158747	54	0	54
ENSG00000116690	14	157	14
ENSG00000126091	10	0	10
ENSG00000162383	3	0	3
ENSG00000171163	301	4	297
ENSG00000172456	38	1	37
ENSG00000162946	494	1	493
ENSG00000158786	0	0	0
ENSG00000118733	1	0	1
ENSG00000157870	212	8	275
ENSG00000179085	92	0	92
ENSG00000173080	1	0	1
ENSG00000183347	157	0	157
ENSG00000276470	0	0	0
ENSG00000278852	0	0	0
ENSG00000275915	0	0	0
ENSG00000120937	0	0	0
ENSG00000224904	0	0	0
ENSG00000285646	8	7	1
ENSG00000199347	0	0	0
ENSG00000201801	0	0	0
ENSG00000116685	1259	2	1257
ENSG00000083444	796	1	795
ENSG00000287384	0	0	0
ENSG00000270914	0	0	0
ENSG00000116691	660	0	660
ENSG00000202461	2	2	0
ENSG00000276869	0	0	0
ENSG00000243539	0	0	0
ENSG00000120949	253	0	253
ENSG00000201135	0	0	0
ENSG00000227875	0	0	0
ENSG00000285604	0	0	0
ENSG00000283789	0	0	0
ENSG00000263676	0	0	0
ENSG00000200591	0	0	0
ENSG00000162521	1839	7	2527
ENSG00000162520	1	691	5
ENSG00000224409	0	0	0
ENSG00000162522	79	2	77
ENSG00000116497	526	3	534
ENSG00000160097	6	3	3
ENSG00000121905	1	0	1
ENSG00000121900	0	0	0
ENSG00000287691	14	21	0
ENSG00000278966	1	1	0
ENSG00000143222	743	1	966
ENSG00000224985	0	224	0
ENSG00000143224	166	55	170
ENSG00000158850	770	4	823
ENSG00000158859	17	1	17
ENSG00000158869	5057	1	5056
ENSG00000158874	0	0	0
ENSG00000158882	199	0	293
ENSG00000284035	0	0	0
ENSG00000143257	6	100	0
ENSG00000248485	4	4	0
ENSG00000188931	46	52	1
ENSG00000236484	0	0	0
ENSG00000283696	36	0	36
ENSG00000288093	6	0	6
ENSG00000206921	0	0	0
ENSG00000215840	2	1	1
ENSG00000277882	0	0	0
ENSG00000283317	4	3	1
ENSG00000277762	0	0	0
ENSG00000227139	0	0	0
ENSG00000265107	0	0	0
ENSG00000274415	0	0	0
ENSG00000234190	0	0	0
ENSG00000223728	0	0	0
ENSG00000121634	0	0	0
ENSG00000188092	57	0	57
ENSG00000215859	2	3	0
ENSG00000273059	0	0	1
ENSG00000274372	1	0	1
ENSG00000206791	0	0	0
ENSG00000206585	0	0	0
ENSG00000229828	0	0	0
ENSG00000225080	3	3	0
ENSG00000198658	1	0	1
ENSG00000238382	0	0	0
ENSG00000225919	0	0	0
ENSG00000236497	0	0	0
ENSG00000207190	0	0	0
ENSG00000200508	0	0	0
ENSG00000284928	0	0	0
ENSG00000223949	0	0	0
ENSG00000116688	1560	1	1559
ENSG00000188800	1	0	1
ENSG00000084073	661	2	660
ENSG00000231296	0	1	0
ENSG00000049089	170	6	164
ENSG00000227311	0	0	0
ENSG00000213172	0	0	0
ENSG00000284677	1	1	0
ENSG00000187801	31	0	31
ENSG00000260920	34	0	34
ENSG00000158887	68	0	68
ENSG00000255054	0	0	0
ENSG00000228172	5	189	13
ENSG00000117640	281	8	384
ENSG00000272478	0	0	0
ENSG00000127423	16	6	14
ENSG00000182749	118	9	171
ENSG00000207302	0	0	0
ENSG00000117632	994	0	994
ENSG00000229786	0	0	0
ENSG00000223624	0	0	0
ENSG00000283938	0	0	0
ENSG00000199385	0	0	0
ENSG00000187147	904	9	1339
ENSG00000263381	0	0	0
ENSG00000126106	25	438	31
ENSG00000198520	263	2	261
ENSG00000199377	0	0	0
ENSG00000200169	0	0	0
ENSG00000142945	149	2	166
ENSG00000142937	9193	29	10115
ENSG00000264294	0	0	0
ENSG00000200913	2	0	2
ENSG00000202031	0	0	0
ENSG00000207421	0	0	0
ENSG00000281859	0	0	0
ENSG00000234093	0	0	0
ENSG00000142959	8	1	7
ENSG00000173846	267	1	282
ENSG00000117425	16	0	16
ENSG00000202444	0	0	0
ENSG00000226499	0	0	0
ENSG00000070785	178	0	178
ENSG00000253039	0	0	0
ENSG00000229815	0	0	0
ENSG00000232369	0	0	0
ENSG00000268949	1	0	1
ENSG00000126107	790	1	802
ENSG00000126088	500	13	500
ENSG00000234315	0	0	0
ENSG00000162408	507	0	507
ENSG00000229519	2	2	0
ENSG00000173662	2	2	0
ENSG00000204859	331	5	326
ENSG00000288629	0	0	0
ENSG00000230735	0	6	0
ENSG00000171488	1490	2	1488
ENSG00000226394	0	0	0
ENSG00000237200	1	0	1
ENSG00000070886	2	0	2
ENSG00000276835	0	0	0
ENSG00000265422	0	0	0
ENSG00000223776	1	59	3
ENSG00000273058	8	0	8
ENSG00000230325	2	4	1
ENSG00000119285	750	491	922
ENSG00000226498	0	0	0
ENSG00000237991	0	0	0
ENSG00000244020	0	0	0
ENSG00000288099	0	0	0
ENSG00000225886	79	105	0
ENSG00000206767	0	0	0
ENSG00000226662	0	0	0
ENSG00000207095	0	0	0
ENSG00000287244	0	0	0
ENSG00000231344	0	0	0
ENSG00000230833	0	0	0
ENSG00000117758	683	0	683
ENSG00000269971	0	0	0
ENSG00000270031	0	0	0
ENSG00000223062	0	0	0
ENSG00000286433	1	67	1
ENSG00000117751	837	3	901
ENSG00000252947	0	0	0
ENSG00000130775	5762	8	5758
ENSG00000117748	1080	26	1058
ENSG00000223643	0	0	0
ENSG00000230239	0	0	0
ENSG00000263811	0	0	0
ENSG00000277234	0	0	0
ENSG00000235241	0	38	0
ENSG00000207005	0	0	0
ENSG00000272426	0	0	0
ENSG00000117122	0	1	0
ENSG00000286898	0	0	1
ENSG00000226526	0	52	0
ENSG00000159363	700	2	724
ENSG00000117118	1022	0	1022
ENSG00000117115	1109	1	1108
ENSG00000204362	0	0	0
ENSG00000282843	0	0	0
ENSG00000142623	0	0	0
ENSG00000142619	0	0	0
ENSG00000266634	0	0	0
ENSG00000199459	0	0	0
ENSG00000273264	0	0	0
ENSG00000282057	0	0	0
ENSG00000272691	0	0	0
ENSG00000199934	0	0	0
ENSG00000230285	0	0	0
ENSG00000142871	0	0	0
ENSG00000226643	0	0	0
ENSG00000234419	0	0	0
ENSG00000276997	2	0	2
ENSG00000222399	0	0	0
ENSG00000267305	0	0	0
ENSG00000143512	3	0	3
ENSG00000143498	93	0	102
ENSG00000225265	7	9	7
ENSG00000154305	1465	48	1724
ENSG00000229399	0	0	0
ENSG00000272750	8	306	9
ENSG00000186063	739	31	721
ENSG00000162819	819	0	832
ENSG00000287684	5	11	2
ENSG00000234523	0	0	0
ENSG00000287338	5	0	5
ENSG00000187554	494	15	479
ENSG00000236846	3	0	3
ENSG00000226601	0	0	0
ENSG00000164010	181	11	288
ENSG00000164011	132	0	132
ENSG00000233708	0	0	0
ENSG00000237090	0	0	0
ENSG00000225099	0	0	0
ENSG00000284138	0	0	0
ENSG00000283973	0	4	0
ENSG00000207256	0	0	0
ENSG00000283136	0	0	0
ENSG00000277513	0	0	0
ENSG00000154309	100	0	100
ENSG00000226967	0	0	0
ENSG00000231407	2	0	2
ENSG00000229570	0	0	0
ENSG00000203857	0	0	0
ENSG00000226443	0	0	0
ENSG00000249798	0	0	0
ENSG00000239873	0	0	0
ENSG00000203855	1	1	0
ENSG00000240244	0	0	0
ENSG00000260941	5	0	5
ENSG00000198857	2	2	0
ENSG00000143067	35	0	35
ENSG00000134240	0	0	0
ENSG00000134193	11	0	11
ENSG00000215864	0	0	0
ENSG00000227205	0	0	0
ENSG00000226446	0	0	0
ENSG00000134249	0	0	0
ENSG00000092621	96	0	96
ENSG00000027644	0	0	0
ENSG00000241992	0	0	0
ENSG00000234226	0	0	0
ENSG00000137970	38	0	38
ENSG00000223229	0	0	0
ENSG00000285698	0	0	0
ENSG00000228035	0	0	0
ENSG00000287103	0	0	0
ENSG00000226973	0	0	0
ENSG00000274468	0	0	0
ENSG00000130764	641	7	746
ENSG00000266075	0	1	0
ENSG00000272153	9	118	2
ENSG00000230026	0	0	0
ENSG00000285177	1	0	1
ENSG00000284770	6	97	8
ENSG00000229795	0	0	0
ENSG00000238236	0	0	0
ENSG00000235638	0	0	0
ENSG00000231199	0	0	0
ENSG00000226663	0	0	0
ENSG00000231582	0	0	0
ENSG00000232714	0	0	0
ENSG00000235761	0	0	0
ENSG00000270710	0	0	0
ENSG00000227236	0	0	0
ENSG00000198837	3199	3	3368
ENSG00000160741	1467	0	1467
ENSG00000276584	0	0	0
ENSG00000282386	3	0	3
ENSG00000273026	3	0	3
ENSG00000143578	46	19	60
ENSG00000143543	96	5	113
ENSG00000285641	0	5	3
ENSG00000143545	7	1	6
ENSG00000177954	16492	4	16488
ENSG00000231416	0	0	0
ENSG00000200220	0	0	0
ENSG00000231837	0	0	0
ENSG00000263987	0	0	0
ENSG00000162642	258	0	258
ENSG00000223254	1	1	0
ENSG00000223653	1	45	2
ENSG00000116198	531	4	531
ENSG00000169598	212	0	216
ENSG00000226653	0	0	0
ENSG00000207209	0	0	0
ENSG00000272443	0	0	0
ENSG00000272480	0	0	0
ENSG00000288626	0	0	0
ENSG00000162836	92	0	92
ENSG00000207080	0	0	0
ENSG00000231791	0	0	0
ENSG00000244568	0	0	0
ENSG00000271387	0	0	0
ENSG00000116667	180	1	179
ENSG00000230470	0	0	0
ENSG00000232036	0	0	0
ENSG00000285847	2	2	0
ENSG00000286378	0	0	0
ENSG00000215381	0	0	0
ENSG00000261326	40	0	40
ENSG00000284726	3	3	0
ENSG00000125945	231	5	234
ENSG00000201405	0	0	0
ENSG00000271420	1	0	1
ENSG00000204219	148	0	148
ENSG00000232482	0	0	0
ENSG00000285779	0	0	0
ENSG00000162885	175	50	336
ENSG00000270780	0	0	0
ENSG00000232895	0	0	0
ENSG00000273698	0	0	0
ENSG00000273112	1	0	1
ENSG00000173110	1377	9	1368
ENSG00000224203	3	5	0
ENSG00000224515	0	0	0
ENSG00000225217	157	0	157
ENSG00000231586	0	0	0
ENSG00000234211	1	35	0
ENSG00000213075	2	2	0
ENSG00000143125	0	0	0
ENSG00000270380	0	0	0
ENSG00000282887	0	0	0
ENSG00000283999	0	0	0
ENSG00000240194	0	0	0
ENSG00000235407	0	0	0
ENSG00000143105	0	0	0
ENSG00000199710	0	0	0
ENSG00000237415	0	0	0
ENSG00000232791	0	0	0
ENSG00000177301	44	0	44
ENSG00000226828	0	1	0
ENSG00000279774	0	0	0
ENSG00000229960	0	0	0
ENSG00000286486	0	0	0
ENSG00000244066	0	0	0
ENSG00000237759	0	0	0
ENSG00000287531	0	0	0
ENSG00000225855	39	577	16
ENSG00000283701	0	0	0
ENSG00000207134	0	0	0
ENSG00000227773	0	0	0
ENSG00000207144	0	0	0
ENSG00000237872	1	1	0
ENSG00000271267	1	1	0
ENSG00000225082	1	0	1
ENSG00000223503	0	0	0
ENSG00000232519	0	0	0
ENSG00000160752	330	9	871
ENSG00000121957	51	152	62
ENSG00000235089	0	0	0
ENSG00000285179	0	0	0
ENSG00000223026	0	0	0
ENSG00000225721	2	965	8
ENSG00000188396	3	19	2
ENSG00000202167	0	0	0
ENSG00000207349	0	0	0
ENSG00000252826	0	0	0
ENSG00000206737	0	0	0
ENSG00000223779	0	0	0
ENSG00000242352	0	0	0
ENSG00000270962	0	0	0
ENSG00000263590	0	0	0
ENSG00000252105	0	0	0
ENSG00000233430	0	0	0
ENSG00000237503	0	0	0
ENSG00000265531	111	0	128
ENSG00000234571	26	43	0
ENSG00000230186	0	2	0
ENSG00000268074	0	0	0
ENSG00000270872	0	0	0
ENSG00000276674	0	0	0
ENSG00000082482	0	0	0
ENSG00000116747	613	19	696
ENSG00000118729	0	0	0
ENSG00000134207	1	0	1
ENSG00000163467	6	5	2
ENSG00000243710	0	2	0
ENSG00000117395	398	3	397
ENSG00000116874	123	7	131
ENSG00000065600	180	1	179
ENSG00000009780	168	0	168
ENSG00000023572	157	95	134
ENSG00000077254	1266	2	1264
ENSG00000134644	1707	2	1705
ENSG00000215788	658	4	721
ENSG00000117834	15	4	11
ENSG00000117625	632	4	628
ENSG00000179902	0	0	0
ENSG00000020633	3330	7	3323
ENSG00000121766	243	2	375
ENSG00000143157	1141	2	1139
ENSG00000162614	360	8	355
ENSG00000160781	44	1	43
ENSG00000143344	123	0	123
ENSG00000162613	1631	7	1625
ENSG00000116882	0	0	0
ENSG00000198758	0	0	0
ENSG00000117569	151	0	151
ENSG00000142856	90	55	88
ENSG00000158022	0	0	0
ENSG00000116396	63	0	63
ENSG00000058668	2897	4	2893
ENSG00000163875	775	0	775
ENSG00000282872	0	0	0
ENSG00000131238	5576	10	5567
ENSG00000171680	36	0	36
ENSG00000244457	0	0	0
ENSG00000116977	1030	224	1637
ENSG00000229372	0	124	1
ENSG00000274975	0	0	0
ENSG00000229348	0	0	0
ENSG00000242485	488	16	550
ENSG00000264293	0	0	0
ENSG00000272455	15	0	15
ENSG00000225905	0	0	0
ENSG00000225285	0	0	0
ENSG00000179403	1	0	1
ENSG00000215915	21	0	21
ENSG00000236085	0	0	0
ENSG00000234441	0	0	0
ENSG00000227408	0	0	0
ENSG00000223635	1	0	1
ENSG00000135776	414	1	413
ENSG00000199672	0	0	0
ENSG00000201492	0	0	0
ENSG00000229367	1	0	1
ENSG00000135763	282	0	282
ENSG00000213028	2	2	0
ENSG00000225984	0	0	0
ENSG00000178828	0	0	0
ENSG00000235434	0	0	0
ENSG00000169914	131	0	131
ENSG00000188784	0	0	0
ENSG00000242688	0	0	0
ENSG00000177186	0	0	0
ENSG00000177174	0	0	0
ENSG00000269956	5	139	0
ENSG00000162456	0	0	0
ENSG00000079277	718	1	851
ENSG00000117407	0	0	0
ENSG00000237950	8	0	8
ENSG00000117408	492	0	492
ENSG00000285649	1	56	1
ENSG00000117410	1997	0	1997
ENSG00000159214	30	2	36
ENSG00000196517	12	6	14
ENSG00000227163	0	0	0
ENSG00000271647	0	0	0
ENSG00000239560	0	0	0
ENSG00000196539	0	0	0
ENSG00000229255	3	0	3
ENSG00000203661	0	0	0
ENSG00000271934	0	0	0
ENSG00000224521	0	0	0
ENSG00000227102	0	0	0
ENSG00000183310	0	0	0
ENSG00000201602	0	0	0
ENSG00000271701	0	0	0
ENSG00000189181	0	0	0
ENSG00000187238	0	0	0
ENSG00000185962	0	0	0
ENSG00000226947	0	0	0
ENSG00000285753	0	0	0
ENSG00000187223	0	0	0
ENSG00000159455	0	0	0
ENSG00000187173	0	0	0
ENSG00000204501	0	0	0
ENSG00000228229	0	0	0
ENSG00000204481	0	0	0
ENSG00000204479	0	0	0
ENSG00000172031	4	0	4
ENSG00000233228	0	0	0
ENSG00000224678	0	0	0
ENSG00000233401	0	0	0
ENSG00000273487	0	0	0
ENSG00000226773	0	0	0
ENSG00000274481	0	0	0
ENSG00000228594	109	0	109
ENSG00000286989	19	0	19
ENSG00000272106	31	2	34
ENSG00000189409	3	1	2
ENSG00000272004	0	199	3
ENSG00000189339	1706	20	1888
ENSG00000269737	15	15	0
ENSG00000215914	1	0	1
ENSG00000008128	30	0	31
ENSG00000268575	36	0	67
ENSG00000227775	83	130	1
ENSG00000008130	7007	14	6993
ENSG00000078369	7166	22	7144
ENSG00000178821	2	0	2
ENSG00000158477	49	0	49
ENSG00000230942	1	0	1
ENSG00000158481	135	1	134
ENSG00000158485	8	0	8
ENSG00000158488	17	0	17
ENSG00000186306	0	0	0
ENSG00000203758	0	0	0
ENSG00000236257	0	0	0
ENSG00000236656	0	0	0
ENSG00000198703	0	0	0
ENSG00000227445	0	0	0
ENSG00000231434	0	0	0
ENSG00000117505	1486	1	1545
ENSG00000229635	0	0	0
ENSG00000207379	0	0	0
ENSG00000212601	0	0	0
ENSG00000162889	2388	4	2384
ENSG00000224114	0	0	0
ENSG00000199349	0	0	0
ENSG00000162892	60	610	3
ENSG00000162894	4825	3	5375
ENSG00000271680	17	17	0
ENSG00000226945	12	11	1
ENSG00000162896	0	0	0
ENSG00000162897	0	0	0
ENSG00000182795	3	0	3
ENSG00000198890	293	3	290
ENSG00000224550	0	0	0
ENSG00000142669	6276	7	9635
ENSG00000169442	3209	11	6417
ENSG00000225854	0	0	0
ENSG00000176083	141	0	141
ENSG00000229167	0	0	0
ENSG00000142910	0	0	0
ENSG00000162517	737	3	901
ENSG00000235790	1	2	1
ENSG00000264078	0	0	0
ENSG00000241745	0	0	0
ENSG00000228407	0	0	0
ENSG00000223429	0	0	0
ENSG00000224255	0	0	0
ENSG00000236004	0	0	0
ENSG00000237663	0	0	0
ENSG00000213735	0	0	0
ENSG00000272100	1	88	0
ENSG00000287078	1	0	1
ENSG00000224680	0	0	0
ENSG00000085840	141	0	141
ENSG00000283445	0	0	0
ENSG00000272226	1	1	0
ENSG00000231740	0	0	0
ENSG00000143751	667	2	665
ENSG00000272562	6	0	6
ENSG00000163041	4713	4	4709
ENSG00000225518	0	0	0
ENSG00000270598	0	0	0
ENSG00000182827	504	3	595
ENSG00000234478	1	95	0
ENSG00000223570	0	0	0
ENSG00000185155	6	0	6
ENSG00000236773	0	0	1
ENSG00000143753	1108	3	1106
ENSG00000201898	0	0	0
ENSG00000237101	0	39	0
ENSG00000143748	302	2	339
ENSG00000221406	0	0	0
ENSG00000229742	0	0	0
ENSG00000206887	0	0	0
ENSG00000143771	593	3	590
ENSG00000266618	0	0	0
ENSG00000229991	0	0	0
ENSG00000233384	0	0	0
ENSG00000234247	0	0	0
ENSG00000183682	13	13	6
ENSG00000237624	0	0	0
ENSG00000228060	1	404	0
ENSG00000201457	0	0	0
ENSG00000163909	5	0	5
ENSG00000225903	0	0	0
ENSG00000116983	69	0	69
ENSG00000225333	0	0	0
ENSG00000252413	0	0	0
ENSG00000090621	1239	7	1635
ENSG00000236994	0	0	0
ENSG00000275406	0	0	0
ENSG00000270287	0	0	0
ENSG00000229965	0	0	0
ENSG00000223282	0	0	0
ENSG00000177770	0	0	0
ENSG00000287627	0	0	0
ENSG00000283933	0	0	0
ENSG00000143369	9	0	9
ENSG00000228126	0	0	0
ENSG00000237781	31	113	54
ENSG00000264553	1	1	0
ENSG00000277452	6	0	6
ENSG00000274963	4	0	4
ENSG00000253047	1	0	1
ENSG00000143420	1976	8	1968
ENSG00000276103	0	0	0
ENSG00000143457	294	0	294
ENSG00000143452	21	0	21
ENSG00000206931	0	0	0
ENSG00000236713	1	0	1
ENSG00000224690	0	0	0
ENSG00000203804	3	244	49
ENSG00000143384	21486	51	21435
ENSG00000154342	0	0	0
ENSG00000276255	0	0	0
ENSG00000284163	0	0	0
ENSG00000143793	201	11	190
ENSG00000162910	186	0	186
ENSG00000224566	1	0	1
ENSG00000287895	0	0	0
ENSG00000280157	1	0	1
ENSG00000227625	0	0	0
ENSG00000198835	8	0	8
ENSG00000203684	0	0	0
ENSG00000181873	224	0	224
ENSG00000162913	9	6	11
ENSG00000269934	20	51	42
ENSG00000270110	2	2	0
ENSG00000286773	0	0	0
ENSG00000287315	25	112	3
ENSG00000270104	0	0	0
ENSG00000154370	443	0	606
ENSG00000270094	0	163	0
ENSG00000284311	0	0	0
ENSG00000162931	5	7	0
ENSG00000230841	0	0	0
ENSG00000266174	0	0	0
ENSG00000279306	1	0	1
ENSG00000215811	3	1	2
ENSG00000202056	0	0	0
ENSG00000251823	0	0	0
ENSG00000171960	181	2	325
ENSG00000234917	0	0	0
ENSG00000065978	8400	34	8366
ENSG0