N_unmapped	126034	126034	126034
N_multimapping	3990649	3990649	3990649
N_noFeature	1786074	19378381	1942280
N_ambiguous	2302638	31644	748972
ENSG00000160072	452	1	451
ENSG00000234396	0	0	0
ENSG00000225972	2	0	2
ENSG00000224315	0	0	0
ENSG00000198744	5	0	5
ENSG00000279928	15	0	15
ENSG00000228037	15	1	14
ENSG00000142611	2	0	2
ENSG00000225630	1110	7	1103
ENSG00000284616	0	0	0
ENSG00000157911	51	443	94
ENSG00000269896	23	0	23
ENSG00000237973	818	7	817
ENSG00000228463	15	0	20
ENSG00000260972	0	0	0
ENSG00000157933	2286	6	2280
ENSG00000224340	1	1	0
ENSG00000226545	1	1	0
ENSG00000268663	0	0	0
ENSG00000226374	0	0	0
ENSG00000229280	0	0	0
ENSG00000142655	154	21	154
ENSG00000232596	0	0	0
ENSG00000235054	0	0	0
ENSG00000232663	1	1	0
ENSG00000240409	0	0	0
ENSG00000229344	3	0	3
ENSG00000231510	0	0	0
ENSG00000149527	411	29	382
ENSG00000284739	0	0	0
ENSG00000171621	56	0	56
ENSG00000272235	0	0	0
ENSG00000284694	0	0	0
ENSG00000230021	9	9	9
ENSG00000287356	10	11	3
ENSG00000224387	5	2	3
ENSG00000285629	0	0	0
ENSG00000173673	0	0	0
ENSG00000142583	69	0	69
ENSG00000284674	0	0	0
ENSG00000272161	1	0	1
ENSG00000237094	305	1	304
ENSG00000224338	0	0	0
ENSG00000074800	5591	8	5583
ENSG00000116786	1537	1	1695
ENSG00000287727	1	1	0
ENSG00000228423	0	0	0
ENSG00000286448	0	5	0
ENSG00000131686	31	44	6
ENSG00000229305	0	0	0
ENSG00000284703	0	0	0
ENSG00000226457	0	0	0
ENSG00000173614	192	3	190
ENSG00000248527	5094	103	4991
ENSG00000215720	0	0	0
ENSG00000241326	0	0	0
ENSG00000233623	1	0	1
ENSG00000162592	0	37	0
ENSG00000116254	5	0	5
ENSG00000233645	0	0	0
ENSG00000204624	35	0	42
ENSG00000142606	7	84	13
ENSG00000235146	0	0	0
ENSG00000225931	26	0	26
ENSG00000171729	5	0	5
ENSG00000279457	139	0	139
ENSG00000162571	3	0	3
ENSG00000229393	9	7	2
ENSG00000037637	611	1	610
ENSG00000287586	60	0	60
ENSG00000159423	72	0	72
ENSG00000142599	5520	62	5472
ENSG00000227169	2	0	2
ENSG00000283356	0	0	0
ENSG00000011021	394	0	413
ENSG00000142615	0	0	0
ENSG00000215704	1	7	0
ENSG00000157916	1899	47	2338
ENSG00000157881	634	0	634
ENSG00000238290	0	0	0
ENSG00000225387	0	0	0
ENSG00000048707	1731	0	1731
ENSG00000158748	5	0	5
ENSG00000225196	0	0	0
ENSG00000162444	389	1	388
ENSG00000279625	0	0	0
ENSG00000180758	156	0	156
ENSG00000184677	1583	1	1582
ENSG00000230679	0	0	0
ENSG00000270136	0	0	0
ENSG00000288398	38	0	38
ENSG00000224621	0	0	0
ENSG00000285833	0	7	0
ENSG00000131697	207	1	208
ENSG00000284692	0	0	0
ENSG00000284745	0	0	0
ENSG00000280222	0	0	0
ENSG00000227634	0	0	0
ENSG00000285945	0	0	0
ENSG00000229162	6	0	6
ENSG00000197921	0	0	0
ENSG00000233755	0	0	0
ENSG00000233929	2	0	2
ENSG00000271742	0	0	0
ENSG00000226396	13	0	13
ENSG00000169504	480	0	480
ENSG00000234166	0	14	0
ENSG00000235282	0	0	0
ENSG00000055070	1155	5	1784
ENSG00000175087	168	1	167
ENSG00000157191	1423	6	1417
ENSG00000284699	0	0	0
ENSG00000230035	0	0	0
ENSG00000235185	0	0	0
ENSG00000225643	0	0	0
ENSG00000284666	0	0	0
ENSG00000228943	2	2	0
ENSG00000234397	0	0	0
ENSG00000284309	0	0	0
ENSG00000162511	17769	29	27507
ENSG00000158014	0	0	0
ENSG00000204138	444	2	442
ENSG00000233419	0	0	0
ENSG00000235263	0	0	0
ENSG00000228176	0	0	0
ENSG00000231251	0	0	0
ENSG00000142675	66	0	66
ENSG00000197245	0	0	0
ENSG00000261025	0	0	0
ENSG00000116237	391	2	418
ENSG00000130772	247	0	247
ENSG00000215899	0	0	0
ENSG00000271398	4	3	1
ENSG00000225011	0	0	0
ENSG00000235069	0	0	0
ENSG00000284676	0	0	0
ENSG00000237058	0	0	0
ENSG00000233399	0	0	0
ENSG00000090020	989	0	989
ENSG00000157978	2967	3	2964
ENSG00000226944	0	1	0
ENSG00000270282	0	0	0
ENSG00000130770	436	47	590
ENSG00000229044	0	63	1
ENSG00000162512	39	0	39
ENSG00000158006	394	0	394
ENSG00000214812	4	0	4
ENSG00000126698	880	4	876
ENSG00000229447	2	0	2
ENSG00000229607	0	0	0
ENSG00000130766	424	1	423
ENSG00000168528	74	0	74
ENSG00000196581	20	0	20
ENSG00000169403	9113	12	9101
ENSG00000084628	0	0	0
ENSG00000060688	358	1	357
ENSG00000171612	48	0	48
ENSG00000270927	0	0	0
ENSG00000188910	1	1	0
ENSG00000230523	0	0	0
ENSG00000116138	362	61	336
ENSG00000158161	752	0	752
ENSG00000142684	0	0	61
ENSG00000234619	0	0	0
ENSG00000121769	11	11	0
ENSG00000142627	21	0	21
ENSG00000284668	0	0	0
ENSG00000233234	0	0	0
ENSG00000142632	109	0	123
ENSG00000234593	0	0	0
ENSG00000158292	58	0	58
ENSG00000270605	75	0	79
ENSG00000189337	213	0	218
ENSG00000232912	108	0	122
ENSG00000235084	3	0	3
ENSG00000235143	0	0	0
ENSG00000225478	0	0	0
ENSG00000225077	1	26	1
ENSG00000028137	12304	11	12293
ENSG00000238249	0	0	0
ENSG00000204464	0	0	0
ENSG00000233372	2	0	2
ENSG00000283259	0	0	0
ENSG00000284543	2	0	2
ENSG00000130939	1435	2	1433
ENSG00000175147	0	5	0
ENSG00000127472	0	0	0
ENSG00000060656	7	0	7
ENSG00000163867	227	0	227
ENSG00000232768	0	0	0
ENSG00000230214	0	0	0
ENSG00000189280	2	2	0
ENSG00000134698	5185	8	5177
ENSG00000134690	46	0	46
ENSG00000272420	1	0	1
ENSG00000132881	21	0	21
ENSG00000273274	0	0	0
ENSG00000116251	1056	3	1056
ENSG00000272510	2	16	4
ENSG00000158286	50	5	52
ENSG00000236648	0	0	0
ENSG00000232273	0	0	0
ENSG00000009709	0	0	0
ENSG00000287396	0	0	0
ENSG00000223589	0	0	0
ENSG00000158008	0	0	0
ENSG00000130940	131	2	238
ENSG00000116771	75	6	86
ENSG00000237301	4	4	0
ENSG00000162585	438	101	441
ENSG00000163879	0	1	0
ENSG00000227527	1	1	0
ENSG00000116954	284	1	283
ENSG00000228589	9	0	9
ENSG00000163873	0	0	0
ENSG00000117215	3	0	3
ENSG00000196449	112	7	147
ENSG00000230163	0	28	0
ENSG00000227538	0	0	0
ENSG00000232208	24	0	24
ENSG00000236500	0	0	0
ENSG00000044012	0	0	0
ENSG00000179051	1119	3	1330
ENSG00000215895	0	0	0
ENSG00000231868	0	8	0
ENSG00000284650	0	0	0
ENSG00000237329	0	0	0
ENSG00000236948	2	0	2
ENSG00000126067	569	1	568
ENSG00000274944	0	0	0
ENSG00000132906	294	1	299
ENSG00000197312	574	0	574
ENSG00000284748	0	0	0
ENSG00000272078	19	128	0
ENSG00000173660	644	0	644
ENSG00000224592	0	0	0
ENSG00000233728	0	10	0
ENSG00000230451	0	0	0
ENSG00000231606	0	0	0
ENSG00000215900	0	0	0
ENSG00000284632	0	0	0
ENSG00000241014	22	0	22
ENSG00000054118	3068	9	3059
ENSG00000254553	0	0	0
ENSG00000284653	0	0	0
ENSG00000237749	0	0	0
ENSG00000276747	9	0	9
ENSG00000284705	0	0	0
ENSG00000228776	0	0	0
ENSG00000159339	4212	1	4211
ENSG00000223814	0	0	0
ENSG00000197982	130	42	130
ENSG00000261781	0	0	0
ENSG00000183317	1	0	1
ENSG00000183386	994	0	994
ENSG00000284743	0	0	0
ENSG00000158315	0	3	0
ENSG00000204084	450	2	496
ENSG00000186973	0	0	0
ENSG00000271806	6	17	6
ENSG00000146463	492	0	547
ENSG00000279214	0	0	0
ENSG00000183520	173	1	172
ENSG00000271741	0	0	0
ENSG00000214141	0	0	0
ENSG00000142686	138	2	136
ENSG00000224751	1	1	0
ENSG00000279096	0	0	0
ENSG00000117148	0	0	0
ENSG00000230585	1	1	0
ENSG00000117000	673	0	673
ENSG00000284989	0	0	0
ENSG00000231630	0	0	0
ENSG00000092853	29	1	31
ENSG00000255811	0	0	0
ENSG00000134697	364	0	365
ENSG00000187513	1	1	0
ENSG00000238145	0	0	0
ENSG00000225142	0	0	0
ENSG00000230138	18	1	17
ENSG00000223390	0	27	0
ENSG00000285823	2	2	0
ENSG00000284720	0	0	0
ENSG00000225028	0	0	0
ENSG00000225671	0	0	0
ENSG00000116151	47	0	51
ENSG00000226147	0	0	0
ENSG00000182873	48	42	12
ENSG00000006555	196	1	195
ENSG00000236111	1	0	1
ENSG00000066056	9	1	8
ENSG00000214114	297	17	280
ENSG00000173436	114	16	114
ENSG00000116544	14	1	13
ENSG00000231900	0	0	0
ENSG00000236723	3	143	6
ENSG00000232467	0	0	0
ENSG00000117016	73	0	73
ENSG00000121310	611	3	608
ENSG00000169213	0	0	0
ENSG00000163866	340	3	365
ENSG00000225779	0	0	0
ENSG00000284601	0	0	0
ENSG00000237130	0	0	0
ENSG00000143001	0	0	0
ENSG00000229716	0	0	0
ENSG00000226133	0	0	0
ENSG00000227416	0	0	0
ENSG00000232335	0	3	0
ENSG00000260971	0	0	0
ENSG00000259832	0	0	0
ENSG00000284696	0	0	0
ENSG00000238242	0	0	0
ENSG00000285839	0	0	0
ENSG00000237290	0	0	0
ENSG00000232762	0	0	0
ENSG00000117419	161	0	161
ENSG00000162384	361	10	372
ENSG00000162391	0	7	0
ENSG00000174348	7	0	8
ENSG00000154198	0	0	0
ENSG00000117859	1150	51	1117
ENSG00000228121	0	0	0
ENSG00000253313	0	0	0
ENSG00000162396	55	0	55
ENSG00000203995	5	1	5
ENSG00000227742	2	2	0
ENSG00000284686	0	0	0
ENSG00000162378	773	0	773
ENSG00000233079	1	0	1
ENSG00000259818	0	0	0
ENSG00000229444	0	1	0
ENSG00000240563	7	0	7
ENSG00000234318	0	0	0
ENSG00000284773	12	0	12
ENSG00000234481	0	0	0
ENSG00000117862	82	0	82
ENSG00000235612	0	0	0
ENSG00000228369	0	0	0
ENSG00000183431	918	2	916
ENSG00000227485	0	0	0
ENSG00000224609	3	0	3
ENSG00000235545	0	0	0
ENSG00000236646	0	0	0
ENSG00000169174	1	0	1
ENSG00000232198	0	0	0
ENSG00000238063	1	0	1
ENSG00000227104	0	0	0
ENSG00000243725	6	0	6
ENSG00000171872	0	0	0
ENSG00000162407	17	0	17
ENSG00000285079	2	0	2
ENSG00000169218	0	0	0
ENSG00000163877	408	8	400
ENSG00000228929	0	0	0
ENSG00000224570	0	0	0
ENSG00000224980	0	0	0
ENSG00000278967	0	0	0
ENSG00000157184	110	24	253
ENSG00000272491	1	0	1
ENSG00000198815	1277	5	1272
ENSG00000134744	1269	12	1257
ENSG00000233910	0	0	0
ENSG00000287703	0	0	0
ENSG00000283039	0	0	0
ENSG00000229032	0	0	0
ENSG00000229294	0	0	0
ENSG00000232993	0	1	0
ENSG00000234088	0	0	0
ENSG00000236973	0	0	0
ENSG00000227947	0	0	0
ENSG00000277397	0	0	0
ENSG00000271200	0	0	0
ENSG00000235446	0	0	0
ENSG00000261196	0	0	0
ENSG00000162385	282	0	282
ENSG00000231413	0	0	0
ENSG00000234264	0	0	0
ENSG00000242391	0	1	0
ENSG00000223883	0	0	0
ENSG00000284808	0	0	0
ENSG00000242267	1	0	1
ENSG00000237227	0	0	0
ENSG00000275350	0	0	0
ENSG00000116652	11	0	11
ENSG00000123080	66	0	66
ENSG00000285778	0	0	0
ENSG00000077549	4923	7	4932
ENSG00000233407	0	0	0
ENSG00000225675	6	0	7
ENSG00000237622	0	0	0
ENSG00000162598	0	0	0
ENSG00000280317	0	0	0
ENSG00000162415	33	2	33
ENSG00000162600	218	0	218
ENSG00000116704	414	1	413
ENSG00000227644	0	0	0
ENSG00000157193	169	4	196
ENSG00000116205	397	3	406
ENSG00000198841	38	0	38
ENSG00000116212	114	0	114
ENSG00000234204	0	0	0
ENSG00000233099	0	0	0
ENSG00000233994	0	0	0
ENSG00000237180	0	0	0
ENSG00000213561	0	0	0
ENSG00000233973	0	0	0
ENSG00000237552	0	0	0
ENSG00000132854	0	0	0
ENSG00000227556	0	0	0
ENSG00000162616	64	2	62
ENSG00000162607	723	1	722
ENSG00000233602	7	0	7
ENSG00000233271	0	0	0
ENSG00000285954	16	16	0
ENSG00000233333	0	0	0
ENSG00000154027	140	0	141
ENSG00000234108	0	0	0
ENSG00000232676	0	0	0
ENSG00000225167	0	0	0
ENSG00000132122	73	0	73
ENSG00000213579	0	0	0
ENSG00000137960	1	0	1
ENSG00000237852	0	0	0
ENSG00000116745	0	0	0
ENSG00000132855	0	0	0
ENSG00000285407	0	0	0
ENSG00000272855	0	0	0
ENSG00000270549	0	0	0
ENSG00000237163	0	0	0
ENSG00000229636	0	0	0
ENSG00000116675	20	0	20
ENSG00000162433	15	0	15
ENSG00000213625	1123	1	1122
ENSG00000227207	0	0	0
ENSG00000227016	0	0	0
ENSG00000233664	0	0	0
ENSG00000158966	51	1	50
ENSG00000213703	0	0	0
ENSG00000203965	54	0	54
ENSG00000223479	0	0	0
ENSG00000233674	0	0	0
ENSG00000153898	120	0	120
ENSG00000117069	0	0	0
ENSG00000125703	156	0	156
ENSG00000285041	0	0	0
ENSG00000285808	0	0	0
ENSG00000229440	0	0	0
ENSG00000234144	0	0	0
ENSG00000213540	0	0	0
ENSG00000277670	0	0	0
ENSG00000227466	0	0	0
ENSG00000154007	0	0	0
ENSG00000230498	0	0	0
ENSG00000285782	0	0	0
ENSG00000162618	0	0	0
ENSG00000224493	0	0	0
ENSG00000131233	0	0	0
ENSG00000272371	0	0	0
ENSG00000287647	0	1	0
ENSG00000229225	0	0	0
ENSG00000230863	0	0	0
ENSG00000213560	0	0	0
ENSG00000287224	0	0	0
ENSG00000225598	0	0	0
ENSG00000286455	0	0	0
ENSG00000225087	0	1	0
ENSG00000224986	0	0	0
ENSG00000280378	18	0	18
ENSG00000188786	1186	1	1185
ENSG00000230053	1	0	1
ENSG00000137941	10	1	9
ENSG00000273338	1	1	0
ENSG00000223720	0	0	0
ENSG00000224326	0	0	0
ENSG00000286548	4	0	4
ENSG00000066135	265	1	365
ENSG00000230027	0	0	0
ENSG00000233061	0	0	0
ENSG00000272094	0	0	0
ENSG00000228853	0	0	0
ENSG00000215874	0	0	0
ENSG00000232453	5	1	4
ENSG00000260386	3	0	3
ENSG00000284895	0	0	0
ENSG00000117174	226	0	226
ENSG00000237413	0	0	0
ENSG00000184313	1	0	1
ENSG00000284645	0	0	0
ENSG00000225605	0	0	0
ENSG00000225446	0	0	0
ENSG00000288543	0	0	0
ENSG00000122420	0	0	0
ENSG00000284240	0	0	0
ENSG00000236290	1	1	0
ENSG00000143013	430	1	429
ENSG00000226084	7	0	7
ENSG00000134748	929	3	926
ENSG00000142892	314	0	314
ENSG00000219102	2	0	2
ENSG00000184005	56	0	56
ENSG00000230953	11	11	0
ENSG00000287743	0	0	0
ENSG00000229332	0	0	0
ENSG00000227937	0	0	0
ENSG00000229752	0	0	0
ENSG00000237505	5	0	5
ENSG00000285462	0	0	0
ENSG00000233216	0	0	0
ENSG00000197273	0	0	0
ENSG00000226804	0	0	0
ENSG00000285325	0	0	0
ENSG00000230728	0	0	0
ENSG00000162402	2324	3	2321
ENSG00000232846	0	0	0
ENSG00000219201	1	0	1
ENSG00000230787	0	0	0
ENSG00000116641	64	1	63
ENSG00000235927	2	1	2
ENSG00000223920	0	0	0
ENSG00000237453	4	4	0
ENSG00000172260	12	0	12
ENSG00000285473	0	0	0
ENSG00000237959	0	0	0
ENSG00000231364	5	5	0
ENSG00000234578	0	1	0
ENSG00000117480	220	0	220
ENSG00000137944	273	0	273
ENSG00000229505	0	0	0
ENSG00000228187	0	0	0
ENSG00000285201	0	0	0
ENSG00000182183	164	1	163
ENSG00000236407	0	0	0
ENSG00000271949	0	0	0
ENSG00000227062	0	0	0
ENSG00000067334	540	4	536
ENSG00000235011	0	0	0
ENSG00000235673	0	0	0
ENSG00000226938	0	0	0
ENSG00000213559	0	0	0
ENSG00000287587	0	0	0
ENSG00000142949	13	0	13
ENSG00000116133	95	6	105
ENSG00000232882	0	0	0
ENSG00000171502	21	0	21
ENSG00000162399	2	2	0
ENSG00000116157	99	0	99
ENSG00000143036	5	0	5
ENSG00000232672	0	0	0
ENSG00000230817	1	1	0
ENSG00000235613	0	0	0
ENSG00000065243	2448	4	2444
ENSG00000226759	0	0	0
ENSG00000226960	0	0	0
ENSG00000234080	0	0	0
ENSG00000237899	3	0	3
ENSG00000225492	3	0	3
ENSG00000223905	0	0	0
ENSG00000227290	0	0	0
ENSG00000229486	0	0	0
ENSG00000282898	0	0	0
ENSG00000285409	0	0	0
ENSG00000231090	2	0	2
ENSG00000117528	342	0	342
ENSG00000271723	0	0	0
ENSG00000172339	27	0	27
ENSG00000036549	466	1	465
ENSG00000287724	0	10	0
ENSG00000058799	447	0	447
ENSG00000225191	0	0	0
ENSG00000287870	1	0	1
ENSG00000235563	0	0	0
ENSG00000232048	0	0	0
ENSG00000232857	0	0	0
ENSG00000273637	0	0	0
ENSG00000203985	0	0	0
ENSG00000228838	0	6	0
ENSG00000283761	1	0	1
ENSG00000189433	0	0	0
ENSG00000230759	0	0	0
ENSG00000231866	0	0	0
ENSG00000179178	1	0	1
ENSG00000142700	0	0	0
ENSG00000285525	0	0	0
ENSG00000236098	0	0	0
ENSG00000233514	0	0	0
ENSG00000127124	236	1	235
ENSG00000266993	16	73	5
ENSG00000223675	0	0	0
ENSG00000162604	231	1	230
ENSG00000229316	0	0	0
ENSG00000116171	687	1	688
ENSG00000287406	0	0	0
ENSG00000225767	0	0	0
ENSG00000234099	0	0	0
ENSG00000137936	24	6	21
ENSG00000235308	4	4	0
ENSG00000232752	0	0	0
ENSG00000235829	0	0	0
ENSG00000143032	0	0	0
ENSG00000226745	0	0	0
ENSG00000178028	800	4	796
ENSG00000280040	0	0	0
ENSG00000168710	1289	3	1286
ENSG00000117519	11	0	11
ENSG00000270507	0	0	0
ENSG00000238037	0	0	0
ENSG00000215869	0	0	0
ENSG00000134215	799	1	798
ENSG00000227935	0	0	0
ENSG00000229887	0	0	0
ENSG00000228502	2	0	2
ENSG00000236268	0	0	0
ENSG00000271277	0	0	0
ENSG00000236888	0	0	0
ENSG00000279778	0	0	0
ENSG00000232015	0	0	0
ENSG00000230955	0	48	0
ENSG00000230828	0	0	0
ENSG00000188641	2159	3	2335
ENSG00000152078	12	0	12
ENSG00000237279	0	0	0
ENSG00000233359	0	0	0
ENSG00000237954	0	0	0
ENSG00000185668	1	0	1
ENSG00000171492	565	2	563
ENSG00000233129	0	0	0
ENSG00000170989	1959	9	1950
ENSG00000258634	103	0	165
ENSG00000233557	0	0	0
ENSG00000237897	0	0	0
ENSG00000116299	4015	3	4012
ENSG00000137962	14	0	14
ENSG00000227832	0	0	0
ENSG00000286692	0	0	0
ENSG00000260464	14	0	14
ENSG00000237435	0	0	0
ENSG00000231996	0	0	0
ENSG00000273204	1	2	0
ENSG00000079739	367	8	416
ENSG00000117154	0	0	0
ENSG00000162377	90	10	80
ENSG00000224613	0	0	0
ENSG00000215871	0	0	0
ENSG00000287372	0	0	0
ENSG00000232542	2	0	2
ENSG00000231095	1	0	1
ENSG00000116774	2	0	2
ENSG00000287756	0	0	0
ENSG00000269113	0	0	0
ENSG00000284652	0	0	0
ENSG00000023909	185	0	185
ENSG00000069702	494	1	493
ENSG00000232185	0	0	0
ENSG00000230489	3	0	3
ENSG00000228399	1	0	1
ENSG00000236776	0	0	0
ENSG00000285928	2	2	0
ENSG00000224685	0	0	0
ENSG00000287076	0	0	0
ENSG00000237480	0	0	0
ENSG00000271252	0	0	0
ENSG00000230427	0	0	0
ENSG00000235794	0	0	0
ENSG00000286758	0	0	0
ENSG00000237337	0	0	0
ENSG00000233983	0	0	0
ENSG00000198198	1678	88	1907
ENSG00000225183	3	0	3
ENSG00000230402	0	0	0
ENSG00000116793	326	1	325
ENSG00000134201	3	0	3
ENSG00000238122	0	0	0
ENSG00000260879	0	37	2
ENSG00000213366	342	0	342
ENSG00000230864	0	0	0
ENSG00000283354	0	0	0
ENSG00000232918	0	0	0
ENSG00000236360	0	2	0
ENSG00000183298	0	0	3
ENSG00000234332	8	2	6
ENSG00000117525	2	0	2
ENSG00000225079	13	0	13
ENSG00000226483	0	0	0
ENSG00000224238	0	0	0
ENSG00000229537	0	0	0
ENSG00000162699	0	0	0
ENSG00000162692	1	0	1
ENSG00000203914	0	0	0
ENSG00000270457	0	0	0
ENSG00000203858	0	0	0
ENSG00000231987	0	0	0
ENSG00000228057	2	1	1
ENSG00000261593	0	0	0
ENSG00000224445	0	0	0
ENSG00000229842	0	0	0
ENSG00000270631	0	0	0
ENSG00000229201	0	0	0
ENSG00000181656	0	0	0
ENSG00000122481	32	0	32
ENSG00000198162	836	2	834
ENSG00000238198	3	0	3
ENSG00000171517	1	0	1
ENSG00000228852	14	14	0
ENSG00000203864	0	0	0
ENSG00000233482	0	0	0
ENSG00000230250	0	0	0
ENSG00000232878	1	180	0
ENSG00000143079	28	0	28
ENSG00000232450	9	0	9
ENSG00000223575	0	0	0
ENSG00000230768	0	0	0
ENSG00000235202	0	0	0
ENSG00000272715	0	0	0
ENSG00000235038	0	0	0
ENSG00000143093	946	1	945
ENSG00000226415	0	0	0
ENSG00000085491	294	3	331
ENSG00000173947	1	0	1
ENSG00000241361	0	0	0
ENSG00000230434	0	0	0
ENSG00000230718	0	0	0
ENSG00000134198	517	0	517
ENSG00000235595	0	0	0
ENSG00000226053	0	0	0
ENSG00000226128	0	0	0
ENSG00000198799	396	1	452
ENSG00000279513	1	0	1
ENSG00000117620	214	3	212
ENSG00000280186	0	0	0
ENSG00000223906	0	0	0
ENSG00000162688	402	4	398
ENSG00000197106	0	0	0
ENSG00000259946	0	0	0
ENSG00000236137	2	49	1
ENSG00000203859	0	0	0
ENSG00000228086	0	67	0
ENSG00000213421	0	0	0
ENSG00000234020	0	0	0
ENSG00000060718	0	0	0
ENSG00000236804	0	0	0
ENSG00000231072	0	0	0
ENSG00000273406	0	0	0
ENSG00000185946	881	1	880
ENSG00000162627	1	0	1
ENSG00000226715	0	3	0
ENSG00000162695	566	0	566
ENSG00000134184	0	0	2
ENSG00000265808	997	0	997
ENSG00000261290	0	0	0
ENSG00000225923	0	0	0
ENSG00000134247	29	0	29
ENSG00000187481	0	0	0
ENSG00000116752	235	0	235
ENSG00000162664	291	0	291
ENSG00000236866	0	0	0
ENSG00000134253	8	1	7
ENSG00000277655	0	0	0
ENSG00000223416	0	0	0
ENSG00000213226	0	0	0
ENSG00000179571	1	0	1
ENSG00000227850	0	0	0
ENSG00000243967	0	0	0
ENSG00000235777	1	1	0
ENSG00000260246	0	2	0
ENSG00000173218	74	0	74
ENSG00000285532	0	0	0
ENSG00000226755	0	0	0
ENSG00000232650	0	0	0
ENSG00000183508	1717	1	1716
ENSG00000277095	0	0	0
ENSG00000236806	1	0	1
ENSG00000234283	0	0	0
ENSG00000237188	0	0	0
ENSG00000232780	0	0	0
ENSG00000274927	0	0	0
ENSG00000264145	0	0	0
ENSG00000238256	0	0	0
ENSG00000198765	0	0	0
ENSG00000224335	0	0	0
ENSG00000277702	0	0	0
ENSG00000143398	672	0	672
ENSG00000196505	422	8	416
ENSG00000225871	26	63	0
ENSG00000223489	0	0	0
ENSG00000230546	0	0	0
ENSG00000213262	3	2	1
ENSG00000287015	0	0	0
ENSG00000241720	0	19	0
ENSG00000235526	0	0	0
ENSG00000228347	0	0	0
ENSG00000276975	1	0	1
ENSG00000236012	0	0	0
ENSG00000270911	1	1	0
ENSG00000272824	1	0	1
ENSG00000134200	2	2	0
ENSG00000234257	0	0	0
ENSG00000065183	346	0	377
ENSG00000227082	2	0	2
ENSG00000228626	0	0	0
ENSG00000226126	0	0	0
ENSG00000163393	552	1	551
ENSG00000163156	438	3	438
ENSG00000143631	3	3	0
ENSG00000156150	0	62	0
ENSG00000228453	0	0	0
ENSG00000274642	0	0	0
ENSG00000177551	0	0	0
ENSG00000197323	1481	5	1476
ENSG00000237975	0	0	0
ENSG00000261168	0	0	0
ENSG00000287980	0	0	0
ENSG00000229283	0	0	0
ENSG00000271419	0	0	0
ENSG00000226172	0	0	0
ENSG00000079335	429	8	488
ENSG00000143119	10970	5	10965
ENSG00000237278	0	57	0
ENSG00000285062	0	0	0
ENSG00000233432	1	1	0
ENSG00000227700	0	0	0
ENSG00000229911	0	0	0
ENSG00000143520	1	1	0
ENSG00000171943	83	5	79
ENSG00000270719	0	0	0
ENSG00000155761	1	29	1
ENSG00000230806	0	0	0
ENSG00000116830	261	0	261
ENSG00000234422	0	0	0
ENSG00000227056	0	0	0
ENSG00000143614	1444	5	1439
ENSG00000227091	0	0	0
ENSG00000169418	1	0	1
ENSG00000214204	0	0	0
ENSG00000081026	56	9	47
ENSG00000225650	0	0	0
ENSG00000227179	0	0	0
ENSG00000224965	0	0	0
ENSG00000228127	0	0	0
ENSG00000226984	1	1	0
ENSG00000186150	0	0	0
ENSG00000143554	747	8	739
ENSG00000143458	408	2	406
ENSG00000230932	0	0	0
ENSG00000073754	0	0	0
ENSG00000228826	0	0	0
ENSG00000233907	0	0	0
ENSG00000225036	0	0	0
ENSG00000228420	0	0	0
ENSG00000233839	0	0	0
ENSG00000250890	0	0	0
ENSG00000232240	0	0	0
ENSG00000280649	41	8	54
ENSG00000131781	165	29	146
ENSG00000223599	3	0	3
ENSG00000230921	0	0	0
ENSG00000286151	2	0	2
ENSG00000234388	0	0	0
ENSG00000235015	0	0	0
ENSG00000271736	34	0	34
ENSG00000235988	0	0	0
ENSG00000233717	0	0	0
ENSG00000231551	85	44	42
ENSG00000227295	6	1	5
ENSG00000163155	98	75	28
ENSG00000243613	0	87	1
ENSG00000241975	47	0	47
ENSG00000271143	0	0	0
ENSG00000270976	0	0	0
ENSG00000228217	1	0	1
ENSG00000270342	0	0	0
ENSG00000143552	4	0	4
ENSG00000175984	29	0	29
ENSG00000231100	0	0	0
ENSG00000116824	1490	0	1490
ENSG00000235887	0	0	0
ENSG00000237460	0	0	0
ENSG00000236327	0	0	0
ENSG00000223804	26	5	21
ENSG00000236887	0	0	0
ENSG00000024526	6	0	7
ENSG00000236480	0	0	0
ENSG00000235756	0	0	0
ENSG00000173810	0	0	0
ENSG00000235005	0	0	0
ENSG00000271890	0	0	0
ENSG00000238107	0	0	0
ENSG00000227425	0	0	0
ENSG00000233222	0	19	0
ENSG00000225279	1	0	1
ENSG00000229101	0	0	0
ENSG00000224927	0	0	0
ENSG00000239216	0	0	0
ENSG00000283360	0	0	0
ENSG00000117262	64	1	63
ENSG00000227907	1	1	0
ENSG00000143624	2070	8	2244
ENSG00000227970	0	0	0
ENSG00000261055	11	0	11
ENSG00000231613	1	0	1
ENSG00000137947	544	1	543
ENSG00000236689	0	0	0
ENSG00000233589	0	1	0
ENSG00000117586	221	0	221
ENSG00000230946	0	0	0
ENSG00000226028	0	0	0
ENSG00000162728	0	0	0
ENSG00000229021	1	0	1
ENSG00000203825	0	0	0
ENSG00000184371	319	0	319
ENSG00000233449	0	0	0
ENSG00000242943	0	0	0
ENSG00000233203	0	0	0
ENSG00000232499	1	0	1
ENSG00000232265	1	0	1
ENSG00000163154	984	1	987
ENSG00000232995	9	0	9
ENSG00000236957	0	0	0
ENSG00000238087	0	0	0
ENSG00000227777	0	0	0
ENSG00000177173	15	1	14
ENSG00000277406	27	1	26
ENSG00000238022	0	0	0
ENSG00000231671	0	0	0
ENSG00000162729	548	1	547
ENSG00000143158	175	35	274
ENSG00000271092	3	0	3
ENSG00000238118	0	0	0
ENSG00000276118	0	0	0
ENSG00000232148	0	0	0
ENSG00000278811	12	43	0
ENSG00000000460	107	98	132
ENSG00000188859	3	0	3
ENSG00000275075	0	0	0
ENSG00000135862	145	1	144
ENSG00000232952	0	0	0
ENSG00000158473	837	2	835
ENSG00000227722	0	0	0
ENSG00000285922	0	0	0
ENSG00000275801	0	0	0
ENSG00000143198	178	0	178
ENSG00000143318	1	1	0
ENSG00000232188	0	0	0
ENSG00000232212	0	0	0
ENSG00000143621	945	18	930
ENSG00000241042	0	0	0
ENSG00000143155	453	3	450
ENSG00000260322	0	0	0
ENSG00000223495	0	0	0
ENSG00000143156	20	1	29
ENSG00000198771	4683	18	4856
ENSG00000225462	0	0	0
ENSG00000237756	0	0	0
ENSG00000116147	8	0	9
ENSG00000213064	1139	2	1283
ENSG00000203307	1	0	1
ENSG00000143179	85	0	110
ENSG00000271187	0	0	0
ENSG00000274562	0	0	0
ENSG00000143315	246	0	246
ENSG00000116199	472	2	470
ENSG00000231175	0	0	0
ENSG00000143185	26	0	26
ENSG00000235145	0	0	0
ENSG00000116260	1318	1	1317
ENSG00000272931	12	0	12
ENSG00000143190	562	0	616
ENSG00000225475	0	0	0
ENSG00000230898	0	0	0
ENSG00000232223	0	0	0
ENSG00000224698	0	0	0
ENSG00000287697	6	7	10
ENSG00000075945	203	1	223
ENSG00000235303	0	0	0
ENSG00000234810	6	0	6
ENSG00000232750	0	0	0
ENSG00000224468	3	3	0
ENSG00000235628	0	0	0
ENSG00000232551	0	0	0
ENSG00000092607	0	0	0
ENSG00000238270	0	0	0
ENSG00000285894	0	0	0
ENSG00000236025	0	0	0
ENSG00000230687	0	0	0
ENSG00000230704	0	0	0
ENSG00000283255	0	0	0
ENSG00000227741	8	43	7
ENSG00000237049	0	0	0
ENSG00000286754	0	0	0
ENSG00000232751	0	0	0
ENSG00000236364	1	26	0
ENSG00000117091	1256	14	3002
ENSG00000235378	0	0	0
ENSG00000143171	0	0	0
ENSG00000275767	0	0	0
ENSG00000224718	0	0	0
ENSG00000047410	4104	15	4244
ENSG00000231992	0	0	0
ENSG00000018625	0	0	0
ENSG00000171806	125	0	131
ENSG00000287919	1	0	1
ENSG00000229914	0	0	0
ENSG00000233882	0	0	0
ENSG00000198358	0	0	0
ENSG00000229407	0	0	0
ENSG00000134216	0	0	0
ENSG00000230748	0	0	0
ENSG00000254154	0	0	0
ENSG00000162694	40	0	41
ENSG00000238108	0	0	0
ENSG00000214262	0	146	0
ENSG00000183853	0	0	0
ENSG00000215835	5	0	5
ENSG00000118197	369	2	367
ENSG00000135842	9353	26	9327
ENSG00000229258	1	0	1
ENSG00000287472	0	0	0
ENSG00000241318	0	0	0
ENSG00000228238	0	0	0
ENSG00000232393	0	0	0
ENSG00000121454	57	141	0
ENSG00000184155	0	0	0
ENSG00000058085	0	0	0
ENSG00000260088	0	0	0
ENSG00000287978	59	0	59
ENSG00000116815	627	0	627
ENSG00000232917	0	0	0
ENSG00000233057	3	0	3
ENSG00000237131	0	0	0
ENSG00000233946	0	0	0
ENSG00000143167	149	0	149
ENSG00000143184	19	0	19
ENSG00000231966	2	1	1
ENSG00000176320	2	0	2
ENSG00000260976	0	0	0
ENSG00000235215	0	0	0
ENSG00000223450	0	0	0
ENSG00000224691	0	0	0
ENSG00000286572	0	0	0
ENSG00000235101	2	2	0
ENSG00000228215	3	0	3
ENSG00000177807	3	1	2
ENSG00000233626	0	0	0
ENSG00000233691	0	0	0
ENSG00000283518	0	0	0
ENSG00000271527	0	0	0
ENSG00000143228	30	0	30
ENSG00000235827	0	0	0
ENSG00000231615	0	0	0
ENSG00000231714	0	0	0
ENSG00000174514	22	10	24
ENSG00000143178	49	0	49
ENSG00000224837	0	0	0
ENSG00000116833	1	0	1
ENSG00000227740	4	0	4
ENSG00000260990	0	1	0
ENSG00000000457	350	65	402
ENSG00000143507	82	0	82
ENSG00000285638	0	0	0
ENSG00000226520	0	0	0
ENSG00000284592	0	0	0
ENSG00000230987	0	0	0
ENSG00000232527	0	0	0
ENSG00000215833	0	0	0
ENSG00000228167	0	0	0
ENSG00000225325	0	0	0
ENSG00000223344	0	0	0
ENSG00000228191	0	0	0
ENSG00000229961	44	0	44
ENSG00000150732	0	0	0
ENSG00000157064	5	0	7
ENSG00000288139	0	0	0
ENSG00000226015	22	3	19
ENSG00000215808	0	0	0
ENSG00000059588	657	1	656
ENSG00000231512	0	0	0
ENSG00000237379	0	0	0
ENSG00000232959	0	21	0
ENSG00000122224	785	9	776
ENSG00000162782	0	0	0
ENSG00000238051	0	0	0
ENSG00000233196	0	0	0
ENSG00000229220	0	0	0
ENSG00000143653	151	3	148
ENSG00000135837	1995	4	1992
ENSG00000158711	1388	8	1392
ENSG00000227747	0	0	0
ENSG00000228081	0	0	0
ENSG00000228020	0	0	0
ENSG00000234975	19	0	19
ENSG00000162851	88	0	88
ENSG00000271427	5	0	5
ENSG00000261817	0	0	0
ENSG00000143353	161	0	183
ENSG00000197965	1510	4	1506
ENSG00000143493	188	0	188
ENSG00000230777	1	0	1
ENSG00000179397	10	0	10
ENSG00000224540	0	0	0
ENSG00000117592	2613	0	2613
ENSG00000186197	9	0	9
ENSG00000229067	0	0	0
ENSG00000230231	0	0	0
ENSG00000227711	0	0	0
ENSG00000261182	0	0	0
ENSG00000228879	1	1	0
ENSG00000227925	3	0	3
ENSG00000162670	0	0	0
ENSG00000225712	0	0	0
ENSG00000162761	0	0	0
ENSG00000143199	4	0	4
ENSG00000179930	0	0	0
ENSG00000007908	0	0	0
ENSG00000092978	124	0	124
ENSG00000143499	368	0	368
ENSG00000188404	35246	75	35171
ENSG00000227735	0	0	0
ENSG00000243062	0	0	0
ENSG00000143196	0	0	0
ENSG00000228504	0	0	0
ENSG00000274702	0	0	0
ENSG00000226211	0	0	0
ENSG00000236942	0	0	0
ENSG00000287205	0	0	0
ENSG00000203697	7	0	7
ENSG00000116574	303	1	302
ENSG00000287929	0	2	0
ENSG00000186283	443	5	438
ENSG00000224896	0	0	0
ENSG00000226292	0	0	0
ENSG00000121481	262	0	262
ENSG00000227940	0	0	0
ENSG00000117139	977	1	976
ENSG00000143248	9	0	9
ENSG00000278455	1	1	0
ENSG00000224810	0	0	0
ENSG00000162814	1	1	0
ENSG00000225172	0	0	0
ENSG00000261642	0	0	0
ENSG00000228239	0	0	0
ENSG00000237283	0	0	0
ENSG00000116132	0	0	0
ENSG00000238042	2	0	2
ENSG00000271475	0	0	0
ENSG00000231877	0	0	0
ENSG00000116679	5794	9	5785
ENSG00000228536	0	0	0
ENSG00000230550	0	1	0
ENSG00000229242	0	0	0
ENSG00000253326	2	0	2
ENSG00000228470	0	0	0
ENSG00000152092	0	0	0
ENSG00000234984	0	0	0
ENSG00000231648	0	0	0
ENSG00000229983	0	0	0
ENSG00000215149	0	0	0
ENSG00000225122	0	0	0
ENSG00000225920	11	11	0
ENSG00000143476	32	0	32
ENSG00000121486	515	0	515
ENSG00000228437	3	1	2
ENSG00000214837	15	0	15
ENSG00000057252	1220	4	1216
ENSG00000225982	0	0	0
ENSG00000285718	0	0	0
ENSG00000234070	0	0	0
ENSG00000233620	0	0	0
ENSG00000237783	0	0	0
ENSG00000272906	21	8	48
ENSG00000233018	0	0	0
ENSG00000123685	18	0	18
ENSG00000224783	0	0	0
ENSG00000162852	904	1	904
ENSG00000232792	0	0	0
ENSG00000273004	14	0	14
ENSG00000143842	123	0	123
ENSG00000268062	1	1	0
ENSG00000237409	0	0	0
ENSG00000116962	125	0	125
ENSG00000288078	0	0	0
ENSG00000271399	0	0	0
ENSG00000229757	2	2	0
ENSG00000232679	0	0	0
ENSG00000159388	4370	8	4363
ENSG00000220749	24	0	24
ENSG00000181450	122	0	122
ENSG00000223519	31	7	131
ENSG00000120333	296	8	303
ENSG00000286285	21	0	21
ENSG00000225300	0	0	0
ENSG00000223842	3	3	0
ENSG00000162753	0	0	0
ENSG00000228247	0	0	0
ENSG00000231424	0	0	0
ENSG00000143355	0	0	0
ENSG00000287177	0	0	0
ENSG00000237193	0	0	0
ENSG00000223490	0	0	0
ENSG00000121644	367	0	367
ENSG00000174502	0	0	0
ENSG00000224286	0	0	0
ENSG00000158715	124	0	124
ENSG00000143195	5	0	5
ENSG00000162849	15	4	11
ENSG00000232824	0	0	0
ENSG00000273416	1	0	1
ENSG00000234142	1	0	1
ENSG00000282111	0	0	0
ENSG00000233410	0	0	0
ENSG00000067533	114	1	113
ENSG00000228955	0	1	0
ENSG00000270443	0	0	0
ENSG00000116209	2398	0	2398
ENSG00000224702	0	0	0
ENSG00000271811	0	0	0
ENSG00000224278	0	0	0
ENSG00000235492	0	0	0
ENSG00000287808	2	76	3
ENSG00000271588	0	0	0
ENSG00000229840	0	0	0
ENSG00000116161	492	49	469
ENSG00000226486	0	0	0
ENSG00000227687	0	0	0
ENSG00000231814	0	0	0
ENSG00000286210	0	0	0
ENSG00000287364	0	0	0
ENSG00000225063	0	0	0
ENSG00000260698	7	0	7
ENSG00000277007	5	0	5
ENSG00000229016	0	0	0
ENSG00000077157	3598	4	3678
ENSG00000152104	3	1	2
ENSG00000236975	0	0	0
ENSG00000215834	0	0	0
ENSG00000286541	0	0	0
ENSG00000117650	13	0	13
ENSG00000235021	0	0	0
ENSG00000203724	0	0	0
ENSG00000225006	0	0	0
ENSG00000287633	0	0	0
ENSG00000158764	1	0	1
ENSG00000223375	0	0	0
ENSG00000230714	0	0	0
ENSG00000261065	0	2	0
ENSG00000260855	10	5	5
ENSG00000188783	0	0	0
ENSG00000236206	0	0	0
ENSG00000168118	285	1	296
ENSG00000181101	0	1	0
ENSG00000173726	950	1	949
ENSG00000282852	0	0	0
ENSG00000152382	150	4	146
ENSG00000143839	0	0	0
ENSG00000232100	0	0	0
ENSG00000261024	0	0	0
ENSG00000230547	0	0	0
ENSG00000229703	0	0	0
ENSG00000176754	0	0	0
ENSG00000232309	0	0	0
ENSG00000227953	15	110	12
ENSG00000232215	0	0	0
ENSG00000135829	2591	7	2661
ENSG00000228289	0	0	0
ENSG00000134717	409	1	408
ENSG00000232989	0	0	0
ENSG00000233537	0	0	0
ENSG00000116668	184	15	170
ENSG00000143756	481	1	480
ENSG00000278180	0	0	0
ENSG00000143702	617	5	719
ENSG00000232341	0	0	0
ENSG00000287676	3	0	3
ENSG00000236792	0	0	0
ENSG00000143207	1808	1	1807
ENSG00000270859	0	0	0
ENSG00000238224	0	0	0
ENSG00000286775	0	0	0
ENSG00000122176	0	0	0
ENSG00000229120	0	0	0
ENSG00000237492	0	0	0
ENSG00000230404	0	0	0
ENSG00000213036	0	0	0
ENSG00000227230	2	53	0
ENSG00000236230	0	0	0
ENSG00000026751	1102	4	1098
ENSG00000150681	2065	3	2656
ENSG00000116906	631	2	629
ENSG00000092969	1	0	1
ENSG00000157181	272	0	272
ENSG00000250762	0	0	0
ENSG00000236720	0	0	0
ENSG00000227421	2	0	2
ENSG00000227240	2	0	2
ENSG00000076258	36	0	36
ENSG00000286073	0	0	0
ENSG00000231084	2	2	0
ENSG00000232085	0	56	0
ENSG00000117697	384	2	382
ENSG00000279333	0	0	0
ENSG00000235083	0	0	0
ENSG00000162669	2	0	2
ENSG00000197067	0	0	0
ENSG00000229652	0	0	0
ENSG00000132681	0	0	0
ENSG00000225904	0	0	0
ENSG00000270920	0	0	0
ENSG00000281664	0	0	0
ENSG00000143641	630	0	851
ENSG00000227630	7	0	7
ENSG00000228830	0	607	1
ENSG00000010932	0	0	0
ENSG00000282849	0	0	0
ENSG00000276520	0	0	0
ENSG00000226640	0	0	0
ENSG00000010072	151	154	145
ENSG00000135766	533	4	529
ENSG00000232626	1	0	1
ENSG00000232096	2	2	0
ENSG00000279261	0	0	0
ENSG00000213051	0	0	0
ENSG00000238054	0	0	0
ENSG00000163534	824	3	821
ENSG00000168243	0	0	0
ENSG00000281453	0	0	0
ENSG00000237469	0	0	0
ENSG00000224939	0	0	0
ENSG00000227613	0	0	0
ENSG00000116183	0	0	0
ENSG00000270106	0	0	0
ENSG00000232194	1	0	1
ENSG00000235152	0	0	0
ENSG00000231612	1	0	1
ENSG00000237980	2	0	2
ENSG00000271036	0	0	0
ENSG00000230849	0	0	0
ENSG00000170382	237	249	1
ENSG00000228664	0	0	0
ENSG00000226868	0	0	0
ENSG00000279401	0	0	0
ENSG00000272362	0	0	0
ENSG00000287450	0	0	0
ENSG00000237011	0	0	0
ENSG00000233583	1	2	0
ENSG00000066027	2568	10	2558
ENSG00000286263	0	0	0
ENSG00000227006	4	4	0
ENSG00000236372	0	0	0
ENSG00000224525	0	0	0
ENSG00000188770	0	0	0
ENSG00000173728	0	0	0
ENSG00000094975	564	0	564
ENSG00000225811	0	0	0
ENSG00000273093	0	0	0
ENSG00000162772	23	0	23
ENSG00000227818	0	0	0
ENSG00000135828	1382	5	1377
ENSG00000224227	0	0	0
ENSG00000286398	0	0	0
ENSG00000076356	190	0	190
ENSG00000215819	0	0	0
ENSG00000185523	3	0	3
ENSG00000236108	0	0	0
ENSG00000116711	96	0	96
ENSG00000231684	0	0	0
ENSG00000226750	0	0	0
ENSG00000285665	6	0	6
ENSG00000231022	0	0	0
ENSG00000224436	0	0	0
ENSG00000228208	0	0	0
ENSG00000273384	0	0	0
ENSG00000238061	1	0	1
ENSG00000234915	0	0	0
ENSG00000143845	2	0	5
ENSG00000235862	0	0	0
ENSG00000069812	0	0	0
ENSG00000227585	0	0	0
ENSG00000157060	0	0	0
ENSG00000237213	0	0	0
ENSG00000236439	5	4	5
ENSG00000224260	0	0	0
ENSG00000213045	2	2	0
ENSG00000287220	0	0	0
ENSG00000230063	0	0	0
ENSG00000235467	0	0	0
ENSG00000123684	3773	7	3766
ENSG00000117707	3	0	3
ENSG00000228044	0	0	0
ENSG00000225338	1	1	0
ENSG00000224407	0	221	0
ENSG00000232463	0	0	0
ENSG00000237457	0	0	0
ENSG00000225171	1	1	0
ENSG00000226843	0	0	0
ENSG00000235386	0	0	0
ENSG00000123836	451	87	451
ENSG00000213690	0	0	0
ENSG00000223982	0	0	0
ENSG00000229832	4	0	4
ENSG00000117691	120	0	120
ENSG00000225233	0	0	0
ENSG00000274895	0	0	0
ENSG00000237514	0	0	0
ENSG00000287856	0	0	0
ENSG00000228067	0	0	0
ENSG00000284299	0	0	0
ENSG00000226375	0	0	0
ENSG00000203705	189	0	189
ENSG00000224040	0	0	0
ENSG00000228686	39	39	0
ENSG00000279838	28	1	27
ENSG00000174175	148	0	148
ENSG00000236401	0	0	0
ENSG00000241475	0	0	0
ENSG00000215800	0	0	0
ENSG00000286421	0	0	0
ENSG00000270936	0	0	0
ENSG00000008118	0	0	0
ENSG00000171161	557	2	555
ENSG00000241505	0	0	0
ENSG00000224535	0	0	0
ENSG00000282097	0	0	0
ENSG00000261453	1	1	0
ENSG00000231020	0	0	0
ENSG00000270818	0	0	0
ENSG00000196878	12	0	12
ENSG00000133059	548	2	546
ENSG00000225561	0	0	0
ENSG00000224668	0	0	0
ENSG00000242529	0	0	0
ENSG00000074964	363	0	363
ENSG00000223847	0	0	0
ENSG00000277704	0	0	0
ENSG00000116918	308	11	306
ENSG00000274020	138	0	182
ENSG00000287445	2	0	2
ENSG00000259815	0	0	0
ENSG00000240963	0	0	0
ENSG00000226570	0	0	0
ENSG00000198929	5	0	5
ENSG00000272167	0	0	0
ENSG00000230628	0	0	0
ENSG00000162771	0	0	0
ENSG00000227579	0	0	0
ENSG00000176393	760	2	1107
ENSG00000174606	482	0	482
ENSG00000179914	16	0	16
ENSG00000235750	3402	6	3396
ENSG00000284376	0	0	0
ENSG00000121446	2	2	0
ENSG00000226758	2	0	2
ENSG00000230199	0	0	0
ENSG00000236905	2	0	2
ENSG00000233304	0	0	0
ENSG00000288007	1	0	2
ENSG00000227887	0	0	0
ENSG00000116903	971	6	1113
ENSG00000228255	0	0	0
ENSG00000226196	0	0	0
ENSG00000287354	0	2	0
ENSG00000233827	0	0	0
ENSG00000198797	0	0	0
ENSG00000271746	2	0	2
ENSG00000234233	0	0	0
ENSG00000151414	1605	2	1603
ENSG00000177614	2	0	2
ENSG00000223794	0	0	0
ENSG00000235182	0	1	0
ENSG00000213041	0	0	0
ENSG00000287157	0	0	0
ENSG00000233920	0	0	0
ENSG00000183831	0	0	0
ENSG00000225755	0	0	0
ENSG00000143858	140	223	1
ENSG00000197472	0	0	0
ENSG00000230184	1	0	1
ENSG00000234004	0	0	0
ENSG00000232436	0	0	0
ENSG00000231718	0	0	0
ENSG00000283952	0	0	0
ENSG00000230019	0	0	0
ENSG00000136643	283	1	282
ENSG00000232537	0	0	0
ENSG00000226036	1	1	0
ENSG00000285521	0	0	0
ENSG00000236317	5	0	5
ENSG00000176855	0	0	0
ENSG00000227728	0	0	0
ENSG00000133069	281	3	278
ENSG00000162877	28	0	28
ENSG00000233461	39	0	39
ENSG00000225401	1	0	1
ENSG00000228190	0	0	0
ENSG00000135747	2	0	2
ENSG00000227237	0	0	0
ENSG00000069248	653	0	653
ENSG00000232812	0	0	0
ENSG00000231666	0	0	0
ENSG00000226986	1	0	1
ENSG00000242042	0	0	0
ENSG00000234464	0	0	0
ENSG00000253148	0	0	0
ENSG00000227751	0	214	0
ENSG00000090104	7	1	6
ENSG00000285280	31	623	2
ENSG00000232892	0	0	0
ENSG00000236950	0	0	0
ENSG00000236468	0	0	0
ENSG00000143322	298	0	298
ENSG00000185220	193	1	192
ENSG00000226003	0	0	0
ENSG00000230813	0	0	0
ENSG00000226862	25	0	29
ENSG00000236101	0	0	0
ENSG00000162769	205	1	204
ENSG00000133065	443	1	442
ENSG00000278684	0	0	0
ENSG00000236775	0	0	0
ENSG00000042781	0	0	0
ENSG00000234754	0	0	0
ENSG00000233084	3	0	3
ENSG00000227815	1	0	1
ENSG00000287046	0	0	0
ENSG00000223774	0	0	0
ENSG00000228863	19	1769	10
ENSG00000228646	0	0	0
ENSG00000229112	0	0	0
ENSG00000233332	0	0	0
ENSG00000231984	0	0	0
ENSG00000286213	0	0	0
ENSG00000226876	0	0	0
ENSG00000277462	39	0	39
ENSG00000225591	0	0	0
ENSG00000035687	749	4	745
ENSG00000213080	1	0	1
ENSG00000180287	1	0	1
ENSG00000226693	0	0	0
ENSG00000234678	56	404	2
ENSG00000231272	0	0	0
ENSG00000223828	0	0	0
ENSG00000163431	2	0	2
ENSG00000230124	293	0	377
ENSG00000226723	0	0	0
ENSG00000272672	1	0	1
ENSG00000143473	0	0	0
ENSG00000228982	1	0	1
ENSG00000235096	0	0	0
ENSG00000237250	0	0	0
ENSG00000007341	68	27	92
ENSG00000286747	0	0	0
ENSG00000236069	0	0	0
ENSG00000236244	0	0	0
ENSG00000272865	0	0	0
ENSG00000117222	699	2	697
ENSG00000143324	359	0	359
ENSG00000229871	0	0	0
ENSG00000225222	0	0	0
ENSG00000118193	29	0	29
ENSG00000234116	0	0	0
ENSG00000231940	3	0	3
ENSG00000198842	0	0	0
ENSG00000286619	1	0	1
ENSG00000198756	70	1	69
ENSG00000259823	1	1	0
ENSG00000271558	0	0	0
ENSG00000227554	0	0	0
ENSG00000178596	0	0	0
ENSG00000135749	352	7	378
ENSG00000143786	36	4	46
ENSG00000224584	0	0	0
ENSG00000054282	224	8	235
ENSG00000183780	19	0	19
ENSG00000229663	2	2	0
ENSG00000162702	891	2	889
ENSG00000251508	0	0	0
ENSG00000238272	0	0	0
ENSG00000228530	0	0	0
ENSG00000235060	1	1	0
ENSG00000143194	0	0	0
ENSG00000229531	0	0	0
ENSG00000271329	0	0	0
ENSG00000054267	2225	11	2214
ENSG00000261831	0	0	0
ENSG00000287921	0	0	0
ENSG00000177800	0	0	0
ENSG00000225620	0	0	0
ENSG00000232166	0	0	0
ENSG00000175137	1881	2	1879
ENSG00000134245	13	36	4
ENSG00000234041	0	0	0
ENSG00000227373	7	0	7
ENSG00000231905	0	0	0
ENSG00000228175	1	1	0
ENSG00000069275	1194	5	1189
ENSG00000143674	55	0	55
ENSG00000237317	0	0	0
ENSG00000187889	0	0	0
ENSG00000134375	290	2	288
ENSG00000097046	117	6	111
ENSG00000232113	0	0	0
ENSG00000282718	0	0	0
ENSG00000231378	0	0	0
ENSG00000235605	0	0	0
ENSG00000223525	3	0	3
ENSG00000224857	0	0	0
ENSG00000273367	0	0	0
ENSG00000230604	0	0	0
ENSG00000231605	0	0	0
ENSG00000236358	0	0	0
ENSG00000203737	1	0	1
ENSG00000238003	0	0	0
ENSG00000215873	0	0	0
ENSG00000287008	0	0	0
ENSG00000185420	71	0	71
ENSG00000076321	221	2	219
ENSG00000272175	0	1	0
ENSG00000231564	0	0	0
ENSG00000135778	258	29	262
ENSG00000213070	0	0	0
ENSG00000282265	0	0	0
ENSG00000250536	0	0	0
ENSG00000229747	0	0	0
ENSG00000117280	974	1	973
ENSG00000233985	0	0	0
ENSG00000232175	0	0	0
ENSG00000287423	0	0	0
ENSG00000286774	0	0	0
ENSG00000236719	0	0	0
ENSG00000136636	63	1	62
ENSG00000225486	0	0	0
ENSG00000227043	0	0	0
ENSG00000163874	507	0	507
ENSG00000285777	1	0	1
ENSG00000237249	0	0	0
ENSG00000286109	0	0	0
ENSG00000213068	0	0	0
ENSG00000054392	51	0	53
ENSG00000227994	0	0	0
ENSG00000286552	0	0	0
ENSG00000225711	0	0	0
ENSG00000122223	659	11	648
ENSG00000235869	0	0	0
ENSG00000188739	8	0	8
ENSG00000286666	0	0	0
ENSG00000135750	2	0	2
ENSG00000273198	1	0	1
ENSG00000203730	4	4	0
ENSG00000225719	0	0	0
ENSG00000273483	1	0	1
ENSG00000287987	0	0	0
ENSG00000203729	1	0	1
ENSG00000232809	0	0	0
ENSG00000284623	0	0	0
ENSG00000285981	0	0	0
ENSG00000261729	0	0	0
ENSG00000223869	0	0	0
ENSG00000229228	0	0	0
ENSG00000215796	0	0	0
ENSG00000185221	0	0	0
ENSG00000233047	0	0	0
ENSG00000143341	0	0	0
ENSG00000228309	1	1	0
ENSG00000229739	7	0	7
ENSG00000116703	1	1	0
ENSG00000273874	2	0	2
ENSG00000278791	0	4	0
ENSG00000278757	0	0	0
ENSG00000264341	0	0	0
ENSG00000264101	0	0	0
ENSG00000265141	0	0	0
ENSG00000221083	0	0	0
ENSG00000252404	0	0	0
ENSG00000222511	0	0	0
ENSG00000265392	0	0	0
ENSG00000243267	0	0	0
ENSG00000201725	0	0	0
ENSG00000274258	0	0	0
ENSG00000239149	2	0	2
ENSG00000252151	0	0	0
ENSG00000252969	2	2	0
ENSG00000252417	0	0	0
ENSG00000200975	0	0	0
ENSG00000201609	0	0	0
ENSG00000238482	0	0	0
ENSG00000252956	0	0	0
ENSG00000265606	0	0	0
ENSG00000284357	0	0	0
ENSG00000278034	0	0	0
ENSG00000207237	0	0	0
ENSG00000222784	0	0	0
ENSG00000266210	0	0	0
ENSG00000265961	0	0	0
ENSG00000251866	0	0	0
ENSG00000252691	0	0	0
ENSG00000264371	0	0	0
ENSG00000253005	4	0	4
ENSG00000238316	0	0	0
ENSG00000207941	0	0	0
ENSG00000264773	5	0	5
ENSG00000252448	3	3	0
ENSG00000200421	0	0	0
ENSG00000222282	2	2	0
ENSG00000199963	0	0	0
ENSG00000264698	0	0	0
ENSG00000207328	0	0	0
ENSG00000207466	0	0	0
ENSG00000252368	0	0	0
ENSG00000206779	0	0	0
ENSG00000265596	0	0	0
ENSG00000212541	8	8	0
ENSG00000200796	0	0	0
ENSG00000252190	0	0	0
ENSG00000264613	0	0	0
ENSG00000199240	0	0	0
ENSG00000277168	0	0	0
ENSG00000283724	0	0	0
ENSG00000284410	0	0	0
ENSG00000252018	0	0	0
ENSG00000206627	0	0	0
ENSG00000283414	0	0	0
ENSG00000207508	0	0	0
ENSG00000200171	0	0	0
ENSG00000207194	0	0	0
ENSG00000283477	0	0	0
ENSG00000264834	0	0	0
ENSG00000263675	6	0	6
ENSG00000266188	0	0	0
ENSG00000206981	0	0	0
ENSG00000200174	0	0	0
ENSG00000265822	0	0	0
ENSG00000265815	0	0	0
ENSG00000238653	0	0	0
ENSG00000212624	0	0	0
ENSG00000200575	0	0	0
ENSG00000212360	0	0	0
ENSG00000242860	0	0	0
ENSG00000263908	0	0	0
ENSG00000283690	0	0	0
ENSG00000199921	0	0	0
ENSG00000251825	0	0	0
ENSG00000201153	0	0	0
ENSG00000222624	0	0	0
ENSG00000223152	0	0	0
ENSG00000212308	0	0	0
ENSG00000279049	0	12	0
ENSG00000276081	0	0	0
ENSG00000239640	0	0	0
ENSG00000252338	0	0	0
ENSG00000251785	0	0	0
ENSG00000239319	0	0	0
ENSG00000222849	0	0	0
ENSG00000283749	0	0	0
ENSG00000251958	0	0	0
ENSG00000251767	0	0	0
ENSG00000243437	0	0	0
ENSG00000202263	0	0	0
ENSG00000199318	1	1	0
ENSG00000199666	0	0	0
ENSG00000200601	0	0	0
ENSG00000242482	0	0	0
ENSG00000212366	0	0	0
ENSG00000201620	0	0	0
ENSG00000206817	0	0	0
ENSG00000284247	0	0	0
ENSG00000200839	0	0	0
ENSG00000264963	0	0	0
ENSG00000264271	0	0	0
ENSG00000239504	0	0	0
ENSG00000284202	0	0	0
ENSG00000251720	2	2	0
ENSG00000274321	0	0	0
ENSG00000198974	0	0	0
ENSG00000212248	0	0	0
ENSG00000207962	0	0	0
ENSG00000276884	0	0	0
ENSG00000207234	2	0	2
ENSG00000202259	0	0	0
ENSG00000212459	0	0	0
ENSG00000278287	0	0	0
ENSG00000277565	0	0	0
ENSG00000263526	0	0	0
ENSG00000211575	0	0	0
ENSG00000275823	0	0	0
ENSG00000277689	0	0	0
ENSG00000274199	0	0	0
ENSG00000202254	0	0	0
ENSG00000244256	4	0	4
ENSG00000201491	0	0	0
ENSG00000199831	0	0	0
ENSG00000275455	0	0	0
ENSG00000252162	0	0	0
ENSG00000272051	0	0	0
ENSG00000283899	0	0	0
ENSG00000200800	0	0	0
ENSG00000207502	0	0	0
ENSG00000252530	0	0	0
ENSG00000200536	0	0	0
ENSG00000211543	0	0	0
ENSG00000252797	0	0	0
ENSG00000212266	0	0	0
ENSG00000222209	0	0	0
ENSG00000277141	0	0	0
ENSG00000215930	1	0	1
ENSG00000238761	0	0	0
ENSG00000201114	0	0	0
ENSG00000206679	0	0	0
ENSG00000264419	0	0	0
ENSG00000222069	0	0	0
ENSG00000274428	0	0	0
ENSG00000199879	1	0	1
ENSG00000274408	0	0	0
ENSG00000283676	1	0	1
ENSG00000252005	0	0	0
ENSG00000252510	0	0	0
ENSG00000207340	1	0	1
ENSG00000252830	0	0	0
ENSG00000274450	0	0	0
ENSG00000252135	0	0	0
ENSG00000278596	0	0	0
ENSG00000238825	0	0	0
ENSG00000201183	2	0	2
ENSG00000202408	0	0	0
ENSG00000252744	0	0	0
ENSG00000273768	2	0	2
ENSG00000242565	0	0	0
ENSG00000239984	0	0	0
ENSG00000283296	0	0	0
ENSG00000252717	0	0	0
ENSG00000194297	0	0	0
ENSG00000199565	0	0	0
ENSG00000277313	0	0	0
ENSG00000274940	0	0	0
ENSG00000207341	0	0	0
ENSG00000207472	0	0	0
ENSG00000206880	0	0	0
ENSG00000252552	0	0	0
ENSG00000199849	0	0	0
ENSG00000252407	0	0	0
ENSG00000212538	0	0	0
ENSG00000251813	0	0	0
ENSG00000207108	0	0	0
ENSG00000201312	0	0	0
ENSG00000207039	0	0	0
ENSG00000202491	0	0	0
ENSG00000201596	0	0	0
ENSG00000276839	2	0	2
ENSG00000207974	0	0	0
ENSG00000273629	1	0	1
ENSG00000201493	0	0	0
ENSG00000215952	0	0	0
ENSG00000200139	0	0	0
ENSG00000283575	0	0	0
ENSG00000238765	0	0	0
ENSG00000264916	0	0	0
ENSG00000212338	0	0	0
ENSG00000206659	0	0	0
ENSG00000253025	0	0	0
ENSG00000201619	0	0	0
ENSG00000201544	4	0	4
ENSG00000202498	0	0	0
ENSG00000221545	0	0	0
ENSG00000252906	0	0	0
ENSG00000206692	0	0	0
ENSG00000202329	0	0	0
ENSG00000242794	0	0	0
ENSG00000212144	0	0	0
ENSG00000283340	0	0	0
ENSG00000252860	0	0	0
ENSG00000252501	0	0	0
ENSG00000263390	0	0	0
ENSG00000207181	0	0	0
ENSG00000265744	0	0	0
ENSG00000264377	0	0	0
ENSG00000207149	0	0	0
ENSG00000283936	0	0	0
ENSG00000284485	0	0	0
ENSG00000201638	0	0	0
ENSG00000275213	0	0	0
ENSG00000239494	5	2	3
ENSG00000212230	0	0	0
ENSG00000252371	0	0	0
ENSG00000199442	0	0	0
ENSG00000200033	1	0	1
ENSG00000239690	0	0	0
ENSG00000202184	0	0	0
ENSG00000241395	0	0	0
ENSG00000200982	0	0	0
ENSG00000275207	1	0	1
ENSG00000202300	0	0	0
ENSG00000222407	0	0	0
ENSG00000222986	0	0	0
ENSG00000265435	0	0	0
ENSG00000272262	0	0	0
ENSG00000200495	0	0	0
ENSG00000202609	0	0	0
ENSG00000252553	0	0	0
ENSG00000206764	0	0	0
ENSG00000222240	0	0	0
ENSG00000212187	0	0	0
ENSG00000206637	0	0	0
ENSG00000253097	0	0	0
ENSG00000200036	0	0	0
ENSG00000201421	0	0	0
ENSG00000212610	0	0	0
ENSG00000252484	0	0	0
ENSG00000201944	0	0	0
ENSG00000200327	0	0	0
ENSG00000206905	0	0	0
ENSG00000200972	0	0	0
ENSG00000243051	0	0	0
ENSG00000252011	0	0	0
ENSG00000207326	0	0	0
ENSG00000212205	3	3	0
ENSG00000253042	0	0	0
ENSG00000274121	0	0	0
ENSG00000264358	0	0	0
ENSG00000206640	0	0	0
ENSG00000212527	0	0	0
ENSG00000252879	0	0	0
ENSG00000252612	0	0	0
ENSG00000202264	0	0	0
ENSG00000285609	0	0	0
ENSG00000206762	1	1	0
ENSG00000252084	0	0	0
ENSG00000200085	0	0	0
ENSG00000264500	5	5	0
ENSG00000202025	0	0	0
ENSG00000225545	0	0	0
ENSG00000206990	0	0	0
ENSG00000230175	0	0	0
ENSG00000225272	0	0	0
ENSG00000215838	2	0	2
ENSG00000273365	1	0	1
ENSG00000224358	2	0	2
ENSG00000230659	0	0	0
ENSG00000162545	9	0	9
ENSG00000090432	362	0	362
ENSG00000215520	0	0	0
ENSG00000183114	0	0	0
ENSG00000158825	2266	0	2266
ENSG00000158828	506	79	1845
ENSG00000284005	0	0	0
ENSG00000117242	67	1364	121
ENSG00000234473	2	0	2
ENSG00000238754	0	0	0
ENSG00000134371	562	3	562
ENSG00000221680	0	0	0
ENSG00000162630	49	0	51
ENSG00000276735	0	1	0
ENSG00000232077	0	0	0
ENSG00000229639	0	0	0
ENSG00000287453	0	0	0
ENSG00000270615	0	0	0
ENSG00000287283	0	0	0
ENSG00000240692	0	0	0
ENSG00000229359	0	0	0
ENSG00000237919	0	0	0
ENSG00000066557	131	2	129
ENSG00000244389	0	0	0
ENSG00000228988	0	0	0
ENSG00000118454	242	3	241
ENSG00000226088	2	2	0
ENSG00000116761	10	0	10
ENSG00000278636	0	0	0
ENSG00000271992	0	0	0
ENSG00000233020	0	0	0
ENSG00000237033	0	0	0
ENSG00000226208	0	0	0
ENSG00000007968	195	0	195
ENSG00000235052	2	0	2
ENSG00000117318	223	0	223
ENSG00000285802	2	0	2
ENSG00000229239	1	0	1
ENSG00000142676	10348	82	10266
ENSG00000057757	489	2	487
ENSG00000011009	859	0	860
ENSG00000117308	88	2	87
ENSG00000273844	0	0	0
ENSG00000235748	0	0	0
ENSG00000237861	0	0	0
ENSG00000221879	0	0	0
ENSG00000230260	0	0	1
ENSG00000199241	0	0	0
ENSG00000226919	1	3	0
ENSG00000223963	0	0	0
ENSG00000215802	0	0	0
ENSG00000233615	0	0	0
ENSG00000238085	0	0	0
ENSG00000265831	0	0	0
ENSG00000224348	0	0	0
ENSG00000286496	0	0	0
ENSG00000287516	1	0	1
ENSG00000287738	0	0	0
ENSG00000132703	0	0	0
ENSG00000276632	0	0	0
ENSG00000223603	0	0	0
ENSG00000132693	0	0	0
ENSG00000235226	0	0	0
ENSG00000158716	151	0	151
ENSG00000181036	641	4	637
ENSG00000158714	13	25	51
ENSG00000212161	0	0	0
ENSG00000243284	0	2	0
ENSG00000272668	45	25	25
ENSG00000213085	51	0	51
ENSG00000266458	0	0	0
ENSG00000287040	0	0	0
ENSG00000279430	2	0	2
ENSG00000162723	0	0	0
ENSG00000273933	0	0	0
ENSG00000256029	1	19	10
ENSG00000188004	0	0	0
ENSG00000266580	0	0	0
ENSG00000254545	0	10	0
ENSG00000203620	0	0	0
ENSG00000269967	2	1	1
ENSG00000228634	2	2	0
ENSG00000284702	0	0	0
ENSG00000221040	0	0	0
ENSG00000287217	0	0	0
ENSG00000163399	1486	30	3665
ENSG00000212385	0	0	0
ENSG00000233154	5	0	5
ENSG00000230381	1	0	1
ENSG00000200547	0	0	0
ENSG00000224950	59	0	70
ENSG00000286276	14	25	0
ENSG00000177888	241	0	241
ENSG00000243364	106	0	106
ENSG00000251246	0	0	0
ENSG00000143590	7	0	7
ENSG00000202027	0	0	0
ENSG00000169242	24	1	23
ENSG00000169241	237	1	236
ENSG00000223452	0	0	0
ENSG00000163463	101	0	101
ENSG00000273088	0	0	0
ENSG00000284586	0	0	0
ENSG00000169231	231	8	496
ENSG00000236263	0	104	6
ENSG00000236675	51	50	1
ENSG00000177628	762	0	762
ENSG00000116521	525	0	525
ENSG00000176444	1336	2	1334
ENSG00000143630	33	0	37
ENSG00000143627	0	4	0
ENSG00000253074	0	0	0
ENSG00000252116	0	0	0
ENSG00000228523	0	0	0
ENSG00000223263	2	2	0
ENSG00000207504	0	0	0
ENSG00000238139	0	0	0
ENSG00000197721	19	0	19
ENSG00000244703	0	0	0
ENSG00000226289	1	0	1
ENSG00000285239	0	0	0
ENSG00000234219	1	2	0
ENSG00000174059	5	0	5
ENSG00000285719	0	0	0
ENSG00000284237	0	0	0
ENSG00000158731	0	0	0
ENSG00000201746	0	0	0
ENSG00000264881	0	0	0
ENSG00000199562	0	0	0
ENSG00000264501	0	0	0
ENSG00000284735	2	2	0
ENSG00000284642	9	4	5
ENSG00000142657	5178	10	5168
ENSG00000271989	0	5	0
ENSG00000251503	1	1	0
ENSG00000175279	1	0	1
ENSG00000160049	279	0	325
ENSG00000203469	0	25	0
ENSG00000236035	1	1	0
ENSG00000221643	1	0	1
ENSG00000122188	498	1	497
ENSG00000288644	0	0	0
ENSG00000227417	0	0	0
ENSG00000223505	0	0	0
ENSG00000182004	277	0	277
ENSG00000236430	2	2	0
ENSG00000130768	12	3	12
ENSG00000227050	0	34	1
ENSG00000238231	0	0	0
ENSG00000240750	0	0	0
ENSG00000158156	1477	0	1509
ENSG00000182118	24	0	24
ENSG00000283799	0	0	0
ENSG00000227934	0	0	0
ENSG00000229595	0	0	0
ENSG00000143633	187	0	187
ENSG00000281912	4	0	6
ENSG00000288208	0	0	0
ENSG00000132773	97	29	126
ENSG00000070759	208	11	217
ENSG00000236872	0	0	0
ENSG00000280670	82	0	82
ENSG00000132763	52	298	55
ENSG00000221953	0	0	0
ENSG00000226164	0	0	0
ENSG00000224014	1	0	1
ENSG00000215795	5	1	4
ENSG00000259865	87	0	87
ENSG00000227671	1064	2	1062
ENSG00000283881	0	0	0
ENSG00000252516	13	0	13
ENSG00000232347	0	0	0
ENSG00000214144	0	0	0
ENSG00000235818	0	0	0
ENSG00000197617	0	0	0
ENSG00000202079	0	0	0
ENSG00000286216	0	0	0
ENSG00000203664	0	0	0
ENSG00000169224	33	0	35
ENSG00000236817	0	2	0
ENSG00000177489	0	0	0
ENSG00000177476	0	0	0
ENSG00000283369	0	0	0
ENSG00000230411	0	0	0
ENSG00000251977	0	0	0
ENSG00000252254	0	0	0
ENSG00000227854	0	0	0
ENSG00000287589	0	0	0
ENSG00000259776	0	0	0
ENSG00000233355	929	1	950
ENSG00000234601	0	0	0
ENSG00000231979	0	0	0
ENSG00000215805	0	0	0
ENSG00000287102	0	0	0
ENSG00000217327	0	0	0
ENSG00000228818	0	0	0
ENSG00000202041	0	0	0
ENSG00000223694	0	0	0
ENSG00000233735	0	0	0
ENSG00000133019	3	22	3
ENSG00000162636	351	3	349
ENSG00000162639	263	3	261
ENSG00000285923	6	0	6
ENSG00000134186	2474	41	2433
ENSG00000143107	3	0	3
ENSG00000232971	0	0	0
ENSG00000116266	1309	4	1305
ENSG00000228076	0	0	0
ENSG00000203897	0	0	0
ENSG00000237349	0	0	0
ENSG00000244716	14	0	14
ENSG00000228665	1	0	1
ENSG00000228054	0	0	0
ENSG00000273382	20	124	15
ENSG00000215717	1270	10	1379
ENSG00000278249	0	0	0
ENSG00000270066	0	0	0
ENSG00000251484	0	0	0
ENSG00000132676	915	109	912
ENSG00000227673	0	0	0
ENSG00000203761	144	45	126
ENSG00000234937	0	0	0
ENSG00000132718	369	0	369
ENSG00000283442	0	0	0
ENSG00000143622	1403	4	1399
ENSG00000132680	1064	3	1061
ENSG00000207475	1	0	1
ENSG00000280466	0	0	0
ENSG00000281394	0	0	0
ENSG00000277817	0	0	0
ENSG00000273002	61	0	66
ENSG00000224276	3	3	0
ENSG00000285677	0	821	1
ENSG00000163479	1646	3	2465
ENSG00000160803	471	1	470
ENSG00000132698	6	0	6
ENSG00000252236	0	0	0
ENSG00000260238	0	0	0
ENSG00000242252	5	0	5
ENSG00000198952	2384	4	2380
ENSG00000163472	174	128	187
ENSG00000163468	1300	1	1303
ENSG00000132677	0	0	0
ENSG00000237390	0	0	0
ENSG00000207933	0	0	0
ENSG00000254726	1	0	1
ENSG00000186377	0	0	0
ENSG00000186160	0	0	0
ENSG00000225154	0	0	0
ENSG00000225506	2	1	2
ENSG00000225514	0	0	0
ENSG00000224805	22	1	27
ENSG00000162366	793	1	792
ENSG00000226252	7	76	4
ENSG00000225762	2	2	0
ENSG00000186790	0	0	0
ENSG00000237424	48	0	48
ENSG00000189030	1	0	1
ENSG00000162763	0	0	0
ENSG00000143061	2	0	2
ENSG00000135821	9450	26	9424
ENSG00000203740	0	0	0
ENSG00000162374	1	0	1
ENSG00000168275	65	2	96
ENSG00000241563	0	0	0
ENSG00000153207	3145	7	3138
ENSG00000156869	49	0	49
ENSG00000033122	11	11	0
ENSG00000143278	0	0	0
ENSG00000116678	112	0	112
ENSG00000159352	1595	2	1593
ENSG00000158710	17614	21	17593
ENSG00000162734	674	13	704
ENSG00000049239	1477	1	1476
ENSG00000186564	15	0	15
ENSG00000244038	1783	9	1774
ENSG00000158747	13	0	13
ENSG00000116690	14	158	11
ENSG00000126091	20	0	21
ENSG00000162383	26	0	26
ENSG00000171163	730	4	726
ENSG00000172456	41	0	41
ENSG00000162946	178	0	178
ENSG00000158786	0	0	0
ENSG00000118733	0	0	0
ENSG00000157870	245	7	328
ENSG00000179085	88	0	88
ENSG00000173080	2	2	0
ENSG00000183347	14	0	14
ENSG00000276470	0	0	0
ENSG00000278852	0	0	0
ENSG00000275915	0	0	0
ENSG00000120937	1	0	1
ENSG00000224904	0	0	0
ENSG00000285646	13	8	5
ENSG00000199347	0	0	0
ENSG00000201801	0	0	0
ENSG00000116685	1302	0	1302
ENSG00000083444	1221	3	1218
ENSG00000287384	2	2	0
ENSG00000270914	0	0	0
ENSG00000116691	582	1	581
ENSG00000202461	3	3	0
ENSG00000276869	0	0	0
ENSG00000243539	0	0	0
ENSG00000120949	257	1	256
ENSG00000201135	0	0	0
ENSG00000227875	0	0	0
ENSG00000285604	0	0	0
ENSG00000283789	0	0	0
ENSG00000263676	1	0	1
ENSG00000200591	0	0	0
ENSG00000162521	1188	2	1692
ENSG00000162520	0	505	1
ENSG00000224409	2	0	2
ENSG00000162522	41	0	41
ENSG00000116497	537	2	545
ENSG00000160097	2	1	1
ENSG00000121905	0	0	0
ENSG00000121900	0	0	0
ENSG00000287691	30	40	0
ENSG00000278966	5	5	0
ENSG00000143222	499	3	634
ENSG00000224985	2	138	2
ENSG00000143224	327	72	335
ENSG00000158850	734	11	802
ENSG00000158859	24	0	24
ENSG00000158869	3291	1	3290
ENSG00000158874	7	7	0
ENSG00000158882	74	0	118
ENSG00000284035	0	0	0
ENSG00000143257	5	49	0
ENSG00000248485	10	10	0
ENSG00000188931	63	70	2
ENSG00000236484	0	0	0
ENSG00000283696	16	0	16
ENSG00000288093	6	0	6
ENSG00000206921	0	0	0
ENSG00000215840	1	0	1
ENSG00000277882	0	0	0
ENSG00000283317	2	2	0
ENSG00000277762	0	0	0
ENSG00000227139	0	0	0
ENSG00000265107	0	0	0
ENSG00000274415	0	0	0
ENSG00000234190	0	0	0
ENSG00000223728	0	0	0
ENSG00000121634	0	0	0
ENSG00000188092	109	0	109
ENSG00000215859	6	7	0
ENSG00000273059	0	0	1
ENSG00000274372	3	0	3
ENSG00000206791	0	0	0
ENSG00000206585	0	0	0
ENSG00000229828	0	0	0
ENSG00000225080	5	5	0
ENSG00000198658	0	0	0
ENSG00000238382	0	0	0
ENSG00000225919	0	0	0
ENSG00000236497	0	0	0
ENSG00000207190	0	0	0
ENSG00000200508	0	0	0
ENSG00000284928	0	0	0
ENSG00000223949	0	0	0
ENSG00000116688	2707	2	2705
ENSG00000188800	0	0	0
ENSG00000084073	622	1	622
ENSG00000231296	0	1	0
ENSG00000049089	363	2	361
ENSG00000227311	0	0	0
ENSG00000213172	0	0	0
ENSG00000284677	2	2	0
ENSG00000187801	28	0	28
ENSG00000260920	15	0	15
ENSG00000158887	103	0	103
ENSG00000255054	0	0	0
ENSG00000228172	4	168	5
ENSG00000117640	444	2	626
ENSG00000272478	0	0	0
ENSG00000127423	7	9	3
ENSG00000182749	105	9	145
ENSG00000207302	0	0	0
ENSG00000117632	330	0	330
ENSG00000229786	0	0	0
ENSG00000223624	0	0	0
ENSG00000283938	0	0	0
ENSG00000199385	0	0	0
ENSG00000187147	740	8	1065
ENSG00000263381	0	0	0
ENSG00000126106	21	333	21
ENSG00000198520	453	2	451
ENSG00000199377	0	0	0
ENSG00000200169	0	0	0
ENSG00000142945	34	6	32
ENSG00000142937	8387	14	9285
ENSG00000264294	0	0	0
ENSG00000200913	5	0	5
ENSG00000202031	0	0	0
ENSG00000207421	0	0	0
ENSG00000281859	0	0	0
ENSG00000234093	0	0	0
ENSG00000142959	7	0	7
ENSG00000173846	343	0	364
ENSG00000117425	21	1	20
ENSG00000202444	0	0	0
ENSG00000226499	0	0	0
ENSG00000070785	87	0	88
ENSG00000253039	0	0	0
ENSG00000229815	0	1	0
ENSG00000232369	0	0	0
ENSG00000268949	0	0	0
ENSG00000126107	787	5	797
ENSG00000126088	376	15	376
ENSG00000234315	0	0	0
ENSG00000162408	352	0	352
ENSG00000229519	5	5	0
ENSG00000173662	1	1	0
ENSG00000204859	629	28	601
ENSG00000288629	0	0	0
ENSG00000230735	0	8	0
ENSG00000171488	870	2	868
ENSG00000226394	0	0	0
ENSG00000237200	6	0	6
ENSG00000070886	0	0	0
ENSG00000276835	0	0	0
ENSG00000265422	0	0	0
ENSG00000223776	0	58	0
ENSG00000273058	5	0	5
ENSG00000230325	12	36	4
ENSG00000119285	520	541	615
ENSG00000226498	1	0	1
ENSG00000237991	2	0	2
ENSG00000244020	0	0	0
ENSG00000288099	0	0	0
ENSG00000225886	21	26	0
ENSG00000206767	0	0	0
ENSG00000226662	0	0	0
ENSG00000207095	0	0	0
ENSG00000287244	0	0	0
ENSG00000231344	0	0	0
ENSG00000230833	0	0	0
ENSG00000117758	543	0	543
ENSG00000269971	0	0	0
ENSG00000270031	7	0	7
ENSG00000223062	0	0	0
ENSG00000286433	0	30	0
ENSG00000117751	516	6	540
ENSG00000252947	0	0	0
ENSG00000130775	7410	6	7413
ENSG00000117748	887	115	781
ENSG00000223643	0	0	0
ENSG00000230239	0	0	0
ENSG00000263811	0	0	0
ENSG00000277234	0	0	0
ENSG00000235241	0	39	0
ENSG00000207005	0	0	0
ENSG00000272426	0	0	0
ENSG00000117122	0	0	0
ENSG00000286898	0	0	0
ENSG00000226526	0	51	0
ENSG00000159363	517	0	547
ENSG00000117118	764	0	764
ENSG00000117115	7146	12	7134
ENSG00000204362	0	0	0
ENSG00000282843	0	0	0
ENSG00000142623	0	0	0
ENSG00000142619	0	0	0
ENSG00000266634	0	0	0
ENSG00000199459	0	0	0
ENSG00000273264	0	0	0
ENSG00000282057	0	0	0
ENSG00000272691	0	0	0
ENSG00000199934	0	0	0
ENSG00000230285	0	0	0
ENSG00000142871	0	0	0
ENSG00000226643	0	0	0
ENSG00000234419	0	0	0
ENSG00000276997	7	0	7
ENSG00000222399	0	0	0
ENSG00000267305	1	0	1
ENSG00000143512	3	0	3
ENSG00000143498	56	0	61
ENSG00000225265	6	5	6
ENSG00000154305	1483	41	1714
ENSG00000229399	3	3	0
ENSG00000272750	13	280	5
ENSG00000186063	459	38	446
ENSG00000162819	960	2	983
ENSG00000287684	3	5	1
ENSG00000234523	0	0	0
ENSG00000287338	1	0	1
ENSG00000187554	412	63	349
ENSG00000236846	0	0	0
ENSG00000226601	0	0	0
ENSG00000164010	178	13	284
ENSG00000164011	131	0	131
ENSG00000233708	0	0	0
ENSG00000237090	0	0	0
ENSG00000225099	0	0	0
ENSG00000284138	4	0	4
ENSG00000283973	0	3	0
ENSG00000207256	0	0	0
ENSG00000283136	0	0	0
ENSG00000277513	0	0	0
ENSG00000154309	59	0	59
ENSG00000226967	0	0	0
ENSG00000231407	0	3	0
ENSG00000229570	0	0	0
ENSG00000203857	0	0	0
ENSG00000226443	2	0	2
ENSG00000249798	0	0	0
ENSG00000239873	0	0	0
ENSG00000203855	1	1	0
ENSG00000240244	3	0	3
ENSG00000260941	7	0	7
ENSG00000198857	5	5	0
ENSG00000143067	130	1	129
ENSG00000134240	0	0	0
ENSG00000134193	16	0	16
ENSG00000215864	0	0	0
ENSG00000227205	0	0	0
ENSG00000226446	0	0	0
ENSG00000134249	0	0	0
ENSG00000092621	58	0	58
ENSG00000027644	1	1	0
ENSG00000241992	0	0	0
ENSG00000234226	0	0	0
ENSG00000137970	34	0	34
ENSG00000223229	0	0	0
ENSG00000285698	0	0	0
ENSG00000228035	0	0	0
ENSG00000287103	0	0	0
ENSG00000226973	0	0	0
ENSG00000274468	0	0	0
ENSG00000130764	501	9	567
ENSG00000266075	5	6	0
ENSG00000272153	19	92	1
ENSG00000230026	0	0	0
ENSG00000285177	0	0	0
ENSG00000284770	9	67	7
ENSG00000229795	0	0	0
ENSG00000238236	0	0	0
ENSG00000235638	0	0	0
ENSG00000231199	0	0	0
ENSG00000226663	0	0	0
ENSG00000231582	0	0	0
ENSG00000232714	0	0	0
ENSG00000235761	0	0	0
ENSG00000270710	0	0	0
ENSG00000227236	0	0	0
ENSG00000198837	4895	8	5145
ENSG00000160741	2047	1	2046
ENSG00000276584	0	0	0
ENSG00000282386	3	1	2
ENSG00000273026	4	2	2
ENSG00000143578	59	6	70
ENSG00000143543	100	3	104
ENSG00000285641	0	2	1
ENSG00000143545	5	0	5
ENSG00000177954	13054	7	13047
ENSG00000231416	0	0	0
ENSG00000200220	0	0	0
ENSG00000231837	0	0	0
ENSG00000263987	0	0	0
ENSG00000162642	293	0	293
ENSG00000223254	2	2	0
ENSG00000223653	3	62	1
ENSG00000116198	621	5	619
ENSG00000169598	203	0	206
ENSG00000226653	0	0	0
ENSG00000207209	0	0	0
ENSG00000272443	0	0	0
ENSG00000272480	0	0	0
ENSG00000288626	0	0	0
ENSG00000162836	149	1	148
ENSG00000207080	0	0	0
ENSG00000231791	0	0	0
ENSG00000244568	0	0	0
ENSG00000271387	0	0	0
ENSG00000116667	213	1	212
ENSG00000230470	0	0	0
ENSG00000232036	0	0	0
ENSG00000285847	1	1	0
ENSG00000286378	0	0	0
ENSG00000215381	0	0	0
ENSG00000261326	78	0	78
ENSG00000284726	3	3	0
ENSG00000125945	160	9	160
ENSG00000201405	0	0	0
ENSG00000271420	0	0	0
ENSG00000204219	114	0	114
ENSG00000232482	0	0	0
ENSG00000285779	0	0	0
ENSG00000162885	154	34	263
ENSG00000270780	0	0	0
ENSG00000232895	0	0	0
ENSG00000273698	0	0	0
ENSG00000273112	14	0	14
ENSG00000173110	3266	21	3245
ENSG00000224203	11	19	0
ENSG00000224515	0	0	0
ENSG00000225217	447	1	446
ENSG00000231586	0	1	0
ENSG00000234211	1	33	0
ENSG00000213075	1	1	0
ENSG00000143125	0	0	0
ENSG00000270380	0	0	0
ENSG00000282887	0	0	0
ENSG00000283999	0	0	0
ENSG00000240194	0	0	0
ENSG00000235407	0	0	0
ENSG00000143105	0	0	0
ENSG00000199710	0	0	0
ENSG00000237415	0	0	0
ENSG00000232791	0	0	0
ENSG00000177301	61	0	61
ENSG00000226828	5	5	0
ENSG00000279774	0	0	0
ENSG00000229960	0	0	0
ENSG00000286486	0	0	0
ENSG00000244066	0	0	0
ENSG00000237759	0	0	0
ENSG00000287531	0	0	0
ENSG00000225855	81	435	20
ENSG00000283701	0	0	0
ENSG00000207134	0	0	0
ENSG00000227773	0	0	0
ENSG00000207144	0	0	0
ENSG00000237872	2	2	0
ENSG00000271267	5	5	0
ENSG00000225082	1	0	1
ENSG00000223503	0	0	0
ENSG00000232519	1	2	0
ENSG00000160752	280	14	633
ENSG00000121957	129	158	181
ENSG00000235089	0	0	0
ENSG00000285179	0	0	0
ENSG00000223026	0	0	0
ENSG00000225721	3	915	7
ENSG00000188396	15	33	3
ENSG00000202167	0	0	0
ENSG00000207349	0	0	0
ENSG00000252826	0	0	0
ENSG00000206737	0	0	0
ENSG00000223779	2	0	2
ENSG00000242352	0	0	0
ENSG00000270962	0	0	0
ENSG00000263590	0	0	0
ENSG00000252105	0	0	0
ENSG00000233430	0	0	0
ENSG00000237503	0	0	0
ENSG00000265531	26	1	28
ENSG00000234571	4	7	0
ENSG00000230186	0	3	0
ENSG00000268074	0	0	0
ENSG00000270872	3	0	3
ENSG00000276674	0	0	0
ENSG00000082482	0	0	0
ENSG00000116747	561	9	620
ENSG00000118729	0	0	0
ENSG00000134207	1	0	1
ENSG00000163467	8	12	0
ENSG00000243710	1	0	1
ENSG00000117395	212	0	212
ENSG00000116874	65	10	65
ENSG00000065600	122	1	121
ENSG00000009780	109	0	109
ENSG00000023572	147	47	139
ENSG00000077254	1290	4	1286
ENSG00000134644	1412	4	1408
ENSG00000215788	1120	14	1186
ENSG00000117834	19	1	18
ENSG00000117625	876	2	874
ENSG00000179902	3	1	2
ENSG00000020633	2045	4	2041
ENSG00000121766	167	1	230
ENSG00000143157	827	1	826
ENSG00000162614	46	2	45
ENSG00000160781	158	0	158
ENSG00000143344	56	0	56
ENSG00000162613	1918	4	1914
ENSG00000116882	0	0	0
ENSG00000198758	1	0	1
ENSG00000117569	153	0	153
ENSG00000142856	111	61	107
ENSG00000158022	0	0	0
ENSG00000116396	129	1	128
ENSG00000058668	2865	3	2862
ENSG00000163875	563	0	563
ENSG00000282872	0	0	0
ENSG00000131238	3334	9	3326
ENSG00000171680	76	0	76
ENSG00000244457	0	0	0
ENSG00000116977	1357	160	2039
ENSG00000229372	0	157	0
ENSG00000274975	0	0	0
ENSG00000229348	0	0	0
ENSG00000242485	337	12	387
ENSG00000264293	0	0	0
ENSG00000272455	35	0	35
ENSG00000225905	1	0	1
ENSG00000225285	0	0	0
ENSG00000179403	1	0	1
ENSG00000215915	8	0	8
ENSG00000236085	0	0	0
ENSG00000234441	0	0	0
ENSG00000227408	0	0	0
ENSG00000223635	0	0	0
ENSG00000135776	277	1	276
ENSG00000199672	0	0	0
ENSG00000201492	4	4	0
ENSG00000229367	0	0	0
ENSG00000135763	163	0	163
ENSG00000213028	0	0	0
ENSG00000225984	0	0	0
ENSG00000178828	0	0	0
ENSG00000235434	0	0	0
ENSG00000169914	321	0	321
ENSG00000188784	0	0	0
ENSG00000242688	0	0	0
ENSG00000177186	0	0	0
ENSG00000177174	0	0	0
ENSG00000269956	44	271	0
ENSG00000162456	0	0	0
ENSG00000079277	1289	0	1516
ENSG00000117407	0	0	0
ENSG00000237950	21	0	21
ENSG00000117408	343	0	343
ENSG00000285649	1	43	1
ENSG00000117410	3904	1	3903
ENSG00000159214	23	0	32
ENSG00000196517	25	9	25
ENSG00000227163	0	0	0
ENSG00000271647	0	0	0
ENSG00000239560	0	0	0
ENSG00000196539	2	2	0
ENSG00000229255	2	0	2
ENSG00000203661	0	0	0
ENSG00000271934	0	0	0
ENSG00000224521	0	0	0
ENSG00000227102	0	0	0
ENSG00000183310	0	0	0
ENSG00000201602	0	0	0
ENSG00000271701	0	0	0
ENSG00000189181	0	0	0
ENSG00000187238	0	0	0
ENSG00000185962	0	0	0
ENSG00000226947	0	0	0
ENSG00000285753	0	0	0
ENSG00000187223	0	0	0
ENSG00000159455	0	0	0
ENSG00000187173	0	0	0
ENSG00000204501	0	0	0
ENSG00000228229	0	0	0
ENSG00000204481	0	0	0
ENSG00000204479	0	0	0
ENSG00000172031	2	0	2
ENSG00000233228	0	0	0
ENSG00000224678	0	0	0
ENSG00000233401	0	0	0
ENSG00000273487	4	0	4
ENSG00000226773	0	0	0
ENSG00000274481	0	0	0
ENSG00000228594	46	0	46
ENSG00000286989	27	0	27
ENSG00000272106	26	4	31
ENSG00000189409	17	7	11
ENSG00000272004	0	239	4
ENSG00000189339	2445	21	2667
ENSG00000269737	48	48	0
ENSG00000215914	1	0	1
ENSG00000008128	57	0	57
ENSG00000268575	79	0	136
ENSG00000227775	186	253	1
ENSG00000008130	13203	20	13183
ENSG00000078369	5922	25	5897
ENSG00000178821	1	0	1
ENSG00000158477	20	0	20
ENSG00000230942	1	0	1
ENSG00000158481	229	3	226
ENSG00000158485	1	0	1
ENSG00000158488	11	0	11
ENSG00000186306	0	0	0
ENSG00000203758	0	0	0
ENSG00000236257	0	0	0
ENSG00000236656	0	0	0
ENSG00000198703	0	0	0
ENSG00000227445	0	0	0
ENSG00000231434	0	0	0
ENSG00000117505	1356	7	1409
ENSG00000229635	0	0	0
ENSG00000207379	0	0	0
ENSG00000212601	0	0	0
ENSG00000162889	2758	2	2756
ENSG00000224114	2	0	2
ENSG00000199349	0	0	0
ENSG00000162892	45	416	2
ENSG00000162894	3204	5	3572
ENSG00000271680	30	30	0
ENSG00000226945	16	16	0
ENSG00000162896	0	0	0
ENSG00000162897	0	0	0
ENSG00000182795	15	0	15
ENSG00000198890	125	1	124
ENSG00000224550	0	0	0
ENSG00000142669	5194	3	7704
ENSG00000169442	1641	7	3288
ENSG00000225854	3	1	2
ENSG00000176083	191	0	191
ENSG00000229167	0	0	0
ENSG00000142910	0	0	0
ENSG00000162517	452	0	543
ENSG00000235790	1	3	1
ENSG00000264078	0	0	0
ENSG00000241745	0	0	0
ENSG00000228407	0	0	0
ENSG00000223429	0	0	0
ENSG00000224255	0	0	0
ENSG00000236004	0	0	0
ENSG00000237663	0	0	0
ENSG00000213735	0	0	0
ENSG00000272100	1	92	0
ENSG00000287078	1	0	1
ENSG00000224680	0	0	0
ENSG00000085840	30	0	30
ENSG00000283445	0	0	0
ENSG00000272226	3	3	0
ENSG00000231740	1	1	0
ENSG00000143751	586	0	586
ENSG00000272562	11	0	14
ENSG00000163041	8390	15	8378
ENSG00000225518	0	0	0
ENSG00000270598	0	0	0
ENSG00000182827	424	3	513
ENSG00000234478	2	93	1
ENSG00000223570	0	0	0
ENSG00000185155	12	0	12
ENSG00000236773	0	0	0
ENSG00000143753	961	2	959
ENSG00000201898	0	0	0
ENSG00000237101	2	28	3
ENSG00000143748	215	2	242
ENSG00000221406	0	0	0
ENSG00000229742	0	0	0
ENSG00000206887	0	0	0
ENSG00000143771	325	0	325
ENSG00000266618	0	0	0
ENSG00000229991	0	0	0
ENSG00000233384	0	0	0
ENSG00000234247	0	0	0
ENSG00000183682	95	138	1
ENSG00000237624	2	0	2
ENSG00000228060	9	334	0
ENSG00000201457	0	0	0
ENSG00000163909	4	0	4
ENSG00000225903	0	0	0
ENSG00000116983	110	0	110
ENSG00000225333	0	0	0
ENSG00000252413	0	0	0
ENSG00000090621	1147	3	1470
ENSG00000236994	0	0	0
ENSG00000275406	0	0	0
ENSG00000270287	0	0	0
ENSG00000229965	0	0	0
ENSG00000223282	0	0	0
ENSG00000177770	0	0	0
ENSG00000287627	0	0	0
ENSG00000283933	0	0	0
ENSG00000143369	22	0	22
ENSG00000228126	1	0	1
ENSG00000237781	59	119	133
ENSG00000264553	13	12	1
ENSG00000277452	9	0	9
ENSG00000274963	5	1	4
ENSG00000253047	2	0	2
ENSG00000143420	1198	9	1190
ENSG00000276103	1	0	1
ENSG00000143457	292	1	291
ENSG00000143452	51	0	51
ENSG00000206931	1	1	0
ENSG00000236713	1	1	0
ENSG00000224690	0	0	0
ENSG00000203804	2	193	88
ENSG00000143384	32364	56	32309
ENSG00000154342	0	0	0
ENSG00000276255	1	0	1
ENSG00000284163	0	0	0
ENSG00000143793	156	9	147
ENSG00000162910	199	0	199
ENSG00000224566	2	2	0
ENSG00000287895	3	2	1
ENSG00000280157	6	0	6
ENSG00000227625	0	0	0
ENSG00000198835	9	0	9
ENSG00000203684	2	0	2
ENSG00000181873	187	1	186
ENSG00000162913	30	18	35
ENSG00000269934	20	84	48
ENSG00000270110	4	4	0
ENSG00000286773	0	0	0
ENSG00000287315	46	126	7
ENSG00000270104	0	0	0
ENSG00000154370	541	2	662
ENSG00000270094	0	124	0
ENSG00000284311	0	0	0
ENSG00000162931	18	14	8
ENSG00000230841	0	0	0
ENSG00000266174	0	0	0
ENSG00000279306	0	0	0
ENSG00000215811	2	0	2
ENSG00000202056	0	0	0
ENSG00000251823	0	0	0
ENSG00000