N_unmapped	152293	152293	152293
N_multimapping	2164413	2164413	2164413
N_noFeature	2152918	25811246	2401648
N_ambiguous	2610851	47828	1106098
ENSG00000160072	559	1	558
ENSG00000234396	0	2	0
ENSG00000225972	6	0	6
ENSG00000224315	0	0	0
ENSG00000198744	5	0	5
ENSG00000279928	3	0	3
ENSG00000228037	28	2	26
ENSG00000142611	0	0	0
ENSG00000225630	1258	14	1244
ENSG00000284616	0	0	0
ENSG00000157911	79	673	151
ENSG00000269896	51	0	51
ENSG00000237973	304	2	328
ENSG00000228463	7	0	10
ENSG00000260972	0	0	0
ENSG00000157933	2534	12	2522
ENSG00000224340	0	0	0
ENSG00000226545	0	0	0
ENSG00000268663	0	0	0
ENSG00000226374	0	0	0
ENSG00000229280	0	0	0
ENSG00000142655	257	50	254
ENSG00000232596	0	0	0
ENSG00000235054	0	0	0
ENSG00000232663	0	0	0
ENSG00000240409	0	0	0
ENSG00000229344	3	0	3
ENSG00000231510	0	0	0
ENSG00000149527	305	21	284
ENSG00000284739	0	0	0
ENSG00000171621	81	0	81
ENSG00000272235	0	0	0
ENSG00000284694	0	0	0
ENSG00000230021	10	22	10
ENSG00000287356	15	17	5
ENSG00000224387	6	2	4
ENSG00000285629	0	0	0
ENSG00000173673	0	0	0
ENSG00000142583	145	2	143
ENSG00000284674	0	0	0
ENSG00000272161	2	0	2
ENSG00000237094	250	0	250
ENSG00000224338	0	0	0
ENSG00000074800	10537	23	10518
ENSG00000116786	2253	8	2528
ENSG00000287727	5	5	0
ENSG00000228423	0	0	0
ENSG00000286448	0	3	0
ENSG00000131686	63	59	21
ENSG00000229305	0	0	0
ENSG00000284703	0	0	0
ENSG00000226457	2	0	2
ENSG00000173614	275	2	273
ENSG00000248527	5883	120	5763
ENSG00000215720	0	0	0
ENSG00000241326	0	0	0
ENSG00000233623	1	0	1
ENSG00000162592	2	38	0
ENSG00000116254	13	0	13
ENSG00000233645	0	0	0
ENSG00000204624	14	0	16
ENSG00000142606	9	65	10
ENSG00000235146	0	0	0
ENSG00000225931	30	4	26
ENSG00000171729	56	1	56
ENSG00000279457	100	0	100
ENSG00000162571	3	0	3
ENSG00000229393	4	3	1
ENSG00000037637	1075	1	1074
ENSG00000287586	99	0	99
ENSG00000159423	129	0	129
ENSG00000142599	7125	94	7044
ENSG00000227169	0	0	0
ENSG00000283356	0	0	0
ENSG00000011021	898	2	933
ENSG00000142615	0	0	0
ENSG00000215704	1	9	0
ENSG00000157916	2328	74	2999
ENSG00000157881	793	5	788
ENSG00000238290	0	0	0
ENSG00000225387	0	0	0
ENSG00000048707	2828	7	2821
ENSG00000158748	3	1	2
ENSG00000225196	0	0	0
ENSG00000162444	462	3	459
ENSG00000279625	0	0	0
ENSG00000180758	216	0	216
ENSG00000184677	2012	9	2003
ENSG00000230679	0	1	3
ENSG00000270136	0	0	0
ENSG00000288398	79	2	77
ENSG00000224621	0	0	0
ENSG00000285833	0	2	0
ENSG00000131697	298	0	301
ENSG00000284692	0	0	0
ENSG00000284745	0	0	0
ENSG00000280222	0	0	0
ENSG00000227634	0	0	0
ENSG00000285945	0	0	0
ENSG00000229162	3	0	3
ENSG00000197921	0	0	0
ENSG00000233755	2	0	2
ENSG00000233929	1	0	1
ENSG00000271742	0	0	0
ENSG00000226396	26	0	26
ENSG00000169504	904	5	899
ENSG00000234166	0	32	0
ENSG00000235282	0	0	0
ENSG00000055070	1938	10	3057
ENSG00000175087	258	1	257
ENSG00000157191	2837	27	2812
ENSG00000284699	2	1	1
ENSG00000230035	0	0	0
ENSG00000235185	0	0	0
ENSG00000225643	6	0	6
ENSG00000284666	0	0	0
ENSG00000228943	2	2	0
ENSG00000234397	0	0	0
ENSG00000284309	0	0	0
ENSG00000162511	28052	97	44475
ENSG00000158014	0	0	0
ENSG00000204138	710	1	709
ENSG00000233419	0	0	0
ENSG00000235263	0	0	0
ENSG00000228176	0	0	0
ENSG00000231251	0	0	0
ENSG00000142675	49	0	49
ENSG00000197245	0	0	0
ENSG00000261025	1	0	1
ENSG00000116237	645	3	674
ENSG00000130772	473	0	473
ENSG00000215899	0	0	0
ENSG00000271398	2	2	0
ENSG00000225011	0	0	0
ENSG00000235069	0	0	0
ENSG00000284676	0	0	0
ENSG00000237058	0	0	0
ENSG00000233399	0	0	0
ENSG00000090020	1308	3	1305
ENSG00000157978	3113	5	3108
ENSG00000226944	1	0	1
ENSG00000270282	0	0	0
ENSG00000130770	691	40	1000
ENSG00000229044	1	174	0
ENSG00000162512	82	0	82
ENSG00000158006	586	3	583
ENSG00000214812	14	0	14
ENSG00000126698	1585	14	1571
ENSG00000229447	4	0	4
ENSG00000229607	0	0	0
ENSG00000130766	415	0	415
ENSG00000168528	59	0	59
ENSG00000196581	13	0	13
ENSG00000169403	10576	24	10552
ENSG00000084628	0	0	0
ENSG00000060688	692	4	688
ENSG00000171612	99	0	99
ENSG00000270927	0	0	0
ENSG00000188910	4	4	0
ENSG00000230523	0	0	0
ENSG00000116138	632	157	564
ENSG00000158161	994	7	988
ENSG00000142684	0	0	69
ENSG00000234619	0	0	0
ENSG00000121769	26	26	0
ENSG00000142627	22	1	21
ENSG00000284668	0	0	0
ENSG00000233234	0	0	0
ENSG00000142632	137	0	169
ENSG00000234593	0	0	0
ENSG00000158292	37	0	37
ENSG00000270605	83	0	91
ENSG00000189337	90	1	96
ENSG00000232912	142	5	150
ENSG00000235084	8	0	8
ENSG00000235143	0	0	0
ENSG00000225478	0	0	0
ENSG00000225077	0	25	0
ENSG00000028137	18965	47	18918
ENSG00000238249	4	3	1
ENSG00000204464	0	0	0
ENSG00000233372	3	0	3
ENSG00000283259	0	0	0
ENSG00000284543	1	0	1
ENSG00000130939	1829	3	1826
ENSG00000175147	2	7	3
ENSG00000127472	0	0	0
ENSG00000060656	4	0	4
ENSG00000163867	368	2	366
ENSG00000232768	1	1	0
ENSG00000230214	0	0	0
ENSG00000189280	4	4	0
ENSG00000134698	5625	19	5606
ENSG00000134690	69	0	69
ENSG00000272420	2	0	2
ENSG00000132881	51	1	50
ENSG00000273274	0	0	0
ENSG00000116251	2278	12	2269
ENSG00000272510	2	26	2
ENSG00000158286	27	6	31
ENSG00000236648	0	0	0
ENSG00000232273	3	0	3
ENSG00000009709	0	0	0
ENSG00000287396	0	0	0
ENSG00000223589	0	0	0
ENSG00000158008	1	1	0
ENSG00000130940	157	1	321
ENSG00000116771	191	4	250
ENSG00000237301	7	4	3
ENSG00000162585	508	156	535
ENSG00000163879	4	10	1
ENSG00000227527	4	4	0
ENSG00000116954	467	3	465
ENSG00000228589	10	0	10
ENSG00000163873	3	0	3
ENSG00000117215	12	0	12
ENSG00000196449	193	3	234
ENSG00000230163	0	47	0
ENSG00000227538	0	0	0
ENSG00000232208	41	0	41
ENSG00000236500	0	0	0
ENSG00000044012	0	0	0
ENSG00000179051	2213	16	2640
ENSG00000215895	0	0	0
ENSG00000231868	0	2	0
ENSG00000284650	0	0	0
ENSG00000237329	0	0	0
ENSG00000236948	1	0	1
ENSG00000126067	1102	3	1099
ENSG00000274944	0	0	0
ENSG00000132906	505	2	511
ENSG00000197312	1190	2	1188
ENSG00000284748	0	0	0
ENSG00000272078	20	184	1
ENSG00000173660	1034	8	1028
ENSG00000224592	0	0	0
ENSG00000233728	0	14	0
ENSG00000230451	0	0	0
ENSG00000231606	0	0	0
ENSG00000215900	0	0	0
ENSG00000284632	0	0	0
ENSG00000241014	26	0	26
ENSG00000054118	5170	34	5136
ENSG00000254553	1	0	1
ENSG00000284653	0	0	0
ENSG00000237749	1	0	1
ENSG00000276747	0	0	0
ENSG00000284705	0	0	0
ENSG00000228776	0	0	0
ENSG00000159339	4419	3	4416
ENSG00000223814	0	0	0
ENSG00000197982	143	41	146
ENSG00000261781	0	0	0
ENSG00000183317	0	0	0
ENSG00000183386	882	0	882
ENSG00000284743	0	0	0
ENSG00000158315	2	3	0
ENSG00000204084	910	2	1036
ENSG00000186973	0	0	0
ENSG00000271806	10	29	10
ENSG00000146463	943	4	1065
ENSG00000279214	0	0	0
ENSG00000183520	293	1	292
ENSG00000271741	0	0	0
ENSG00000214141	0	0	0
ENSG00000142686	166	0	166
ENSG00000224751	0	0	0
ENSG00000279096	0	0	0
ENSG00000117148	0	0	0
ENSG00000230585	1	3	0
ENSG00000117000	1112	4	1108
ENSG00000284989	0	0	0
ENSG00000231630	0	0	0
ENSG00000092853	29	0	33
ENSG00000255811	0	0	2
ENSG00000134697	755	7	755
ENSG00000187513	2	0	2
ENSG00000238145	0	0	0
ENSG00000225142	0	0	0
ENSG00000230138	45	0	45
ENSG00000223390	0	27	0
ENSG00000285823	1	0	1
ENSG00000284720	0	0	0
ENSG00000225028	0	0	0
ENSG00000225671	0	0	0
ENSG00000116151	77	1	83
ENSG00000226147	1	0	1
ENSG00000182873	98	66	38
ENSG00000006555	187	0	187
ENSG00000236111	0	0	0
ENSG00000066056	15	1	14
ENSG00000214114	519	21	498
ENSG00000173436	140	8	140
ENSG00000116544	24	0	24
ENSG00000231900	0	0	0
ENSG00000236723	6	304	16
ENSG00000232467	0	0	0
ENSG00000117016	97	0	97
ENSG00000121310	669	4	665
ENSG00000169213	1	0	1
ENSG00000163866	679	4	722
ENSG00000225779	1	0	1
ENSG00000284601	0	0	0
ENSG00000237130	0	0	0
ENSG00000143001	0	0	0
ENSG00000229716	0	0	0
ENSG00000226133	0	0	0
ENSG00000227416	0	0	0
ENSG00000232335	0	4	0
ENSG00000260971	0	0	0
ENSG00000259832	0	0	0
ENSG00000284696	0	0	0
ENSG00000238242	0	0	0
ENSG00000285839	0	0	0
ENSG00000237290	0	0	0
ENSG00000232762	2	2	0
ENSG00000117419	305	0	305
ENSG00000162384	615	19	634
ENSG00000162391	3	22	0
ENSG00000174348	3	0	5
ENSG00000154198	0	0	0
ENSG00000117859	1614	76	1566
ENSG00000228121	0	0	0
ENSG00000253313	0	0	0
ENSG00000162396	90	0	90
ENSG00000203995	0	0	0
ENSG00000227742	0	0	0
ENSG00000284686	0	0	0
ENSG00000162378	815	1	814
ENSG00000233079	0	0	0
ENSG00000259818	0	0	0
ENSG00000229444	0	0	0
ENSG00000240563	37	0	37
ENSG00000234318	0	0	0
ENSG00000284773	21	0	21
ENSG00000234481	0	0	0
ENSG00000117862	128	0	128
ENSG00000235612	0	0	0
ENSG00000228369	3	3	0
ENSG00000183431	1718	8	1710
ENSG00000227485	0	0	0
ENSG00000224609	7	0	7
ENSG00000235545	0	0	0
ENSG00000236646	0	0	0
ENSG00000169174	0	0	0
ENSG00000232198	0	0	0
ENSG00000238063	5	0	5
ENSG00000227104	0	0	0
ENSG00000243725	10	0	10
ENSG00000171872	0	0	0
ENSG00000162407	16	0	16
ENSG00000285079	0	0	0
ENSG00000169218	0	0	0
ENSG00000163877	644	11	633
ENSG00000228929	6	0	6
ENSG00000224570	0	0	0
ENSG00000224980	0	0	0
ENSG00000278967	0	0	0
ENSG00000157184	180	44	489
ENSG00000272491	7	0	14
ENSG00000198815	1772	10	1762
ENSG00000134744	1936	15	1923
ENSG00000233910	0	0	0
ENSG00000287703	0	0	0
ENSG00000283039	0	0	0
ENSG00000229032	0	0	0
ENSG00000229294	0	0	0
ENSG00000232993	0	2	0
ENSG00000234088	0	0	0
ENSG00000236973	0	0	0
ENSG00000227947	0	0	0
ENSG00000277397	0	0	0
ENSG00000271200	0	0	0
ENSG00000235446	0	0	0
ENSG00000261196	0	0	0
ENSG00000162385	467	3	464
ENSG00000231413	0	0	0
ENSG00000234264	0	0	0
ENSG00000242391	0	0	0
ENSG00000223883	0	0	0
ENSG00000284808	0	0	0
ENSG00000242267	0	0	0
ENSG00000237227	0	0	0
ENSG00000275350	0	0	0
ENSG00000116652	4	0	5
ENSG00000123080	86	2	85
ENSG00000285778	0	0	0
ENSG00000077549	8244	18	8234
ENSG00000233407	0	0	0
ENSG00000225675	3	0	3
ENSG00000237622	0	0	0
ENSG00000162598	2	0	2
ENSG00000280317	0	0	0
ENSG00000162415	36	2	36
ENSG00000162600	384	2	382
ENSG00000116704	621	0	621
ENSG00000227644	0	0	0
ENSG00000157193	148	2	186
ENSG00000116205	661	4	670
ENSG00000198841	62	0	62
ENSG00000116212	152	1	151
ENSG00000234204	0	0	0
ENSG00000233099	0	0	0
ENSG00000233994	1	0	1
ENSG00000237180	0	0	0
ENSG00000213561	0	0	0
ENSG00000233973	0	0	0
ENSG00000237552	0	0	0
ENSG00000132854	0	0	0
ENSG00000227556	0	0	0
ENSG00000162616	131	1	130
ENSG00000162607	1174	4	1170
ENSG00000233602	2	0	2
ENSG00000233271	0	0	0
ENSG00000285954	28	28	0
ENSG00000233333	0	0	0
ENSG00000154027	294	4	293
ENSG00000234108	0	0	0
ENSG00000232676	0	0	0
ENSG00000225167	0	0	0
ENSG00000132122	121	0	121
ENSG00000213579	0	0	0
ENSG00000137960	2	0	2
ENSG00000237852	0	0	0
ENSG00000116745	0	0	0
ENSG00000132855	0	0	0
ENSG00000285407	0	0	0
ENSG00000272855	1	0	1
ENSG00000270549	0	0	0
ENSG00000237163	0	0	0
ENSG00000229636	0	0	0
ENSG00000116675	18	0	18
ENSG00000162433	33	0	33
ENSG00000213625	1591	4	1587
ENSG00000227207	0	0	0
ENSG00000227016	0	0	0
ENSG00000233664	0	0	0
ENSG00000158966	69	0	69
ENSG00000213703	0	0	0
ENSG00000203965	82	1	84
ENSG00000223479	0	0	0
ENSG00000233674	0	0	0
ENSG00000153898	108	0	108
ENSG00000117069	3	0	3
ENSG00000125703	335	1	334
ENSG00000285041	0	0	0
ENSG00000285808	0	0	0
ENSG00000229440	0	0	0
ENSG00000234144	0	0	0
ENSG00000213540	0	0	0
ENSG00000277670	0	0	0
ENSG00000227466	0	0	0
ENSG00000154007	0	0	0
ENSG00000230498	0	0	0
ENSG00000285782	0	0	0
ENSG00000162618	0	0	0
ENSG00000224493	0	0	0
ENSG00000131233	0	0	0
ENSG00000272371	0	0	0
ENSG00000287647	2	2	2
ENSG00000229225	0	0	0
ENSG00000230863	1	0	1
ENSG00000213560	0	0	0
ENSG00000287224	0	0	0
ENSG00000225598	0	0	0
ENSG00000286455	0	0	0
ENSG00000225087	0	0	0
ENSG00000224986	1	0	1
ENSG00000280378	21	0	21
ENSG00000188786	1743	4	1739
ENSG00000230053	0	0	0
ENSG00000137941	29	2	27
ENSG00000273338	0	0	0
ENSG00000223720	0	0	0
ENSG00000224326	0	0	0
ENSG00000286548	4	0	4
ENSG00000066135	400	7	558
ENSG00000230027	0	0	0
ENSG00000233061	0	0	0
ENSG00000272094	0	0	0
ENSG00000228853	0	0	0
ENSG00000215874	0	0	0
ENSG00000232453	5	1	4
ENSG00000260386	0	0	0
ENSG00000284895	0	0	0
ENSG00000117174	448	6	442
ENSG00000237413	0	0	0
ENSG00000184313	2	0	2
ENSG00000284645	0	0	0
ENSG00000225605	0	0	0
ENSG00000225446	0	0	0
ENSG00000288543	0	0	0
ENSG00000122420	11	0	11
ENSG00000284240	0	0	0
ENSG00000236290	0	0	0
ENSG00000143013	654	2	652
ENSG00000226084	17	0	17
ENSG00000134748	1561	15	1548
ENSG00000142892	475	3	473
ENSG00000219102	2	0	2
ENSG00000184005	77	0	77
ENSG00000230953	14	14	0
ENSG00000287743	0	0	0
ENSG00000229332	0	0	0
ENSG00000227937	0	0	0
ENSG00000229752	0	0	0
ENSG00000237505	2	1	1
ENSG00000285462	0	0	0
ENSG00000233216	1	0	1
ENSG00000197273	0	0	0
ENSG00000226804	0	0	0
ENSG00000285325	0	0	0
ENSG00000230728	0	0	0
ENSG00000162402	3744	10	3734
ENSG00000232846	0	0	0
ENSG00000219201	3	0	3
ENSG00000230787	0	0	0
ENSG00000116641	159	3	156
ENSG00000235927	7	12	4
ENSG00000223920	0	0	0
ENSG00000237453	0	0	0
ENSG00000172260	22	0	22
ENSG00000285473	0	0	0
ENSG00000237959	0	0	0
ENSG00000231364	2	2	0
ENSG00000234578	0	1	0
ENSG00000117480	227	0	227
ENSG00000137944	409	2	407
ENSG00000229505	0	0	0
ENSG00000228187	0	0	0
ENSG00000285201	0	0	0
ENSG00000182183	218	0	218
ENSG00000236407	0	0	0
ENSG00000271949	0	0	0
ENSG00000227062	0	0	0
ENSG00000067334	1117	9	1108
ENSG00000235011	0	0	0
ENSG00000235673	0	0	0
ENSG00000226938	0	0	0
ENSG00000213559	0	0	0
ENSG00000287587	0	0	0
ENSG00000142949	27	0	27
ENSG00000116133	237	6	265
ENSG00000232882	1	0	1
ENSG00000171502	11	0	11
ENSG00000162399	5	3	2
ENSG00000116157	183	2	181
ENSG00000143036	5	0	5
ENSG00000232672	0	0	0
ENSG00000230817	0	0	0
ENSG00000235613	0	0	0
ENSG00000065243	2522	7	2515
ENSG00000226759	0	0	0
ENSG00000226960	0	0	0
ENSG00000234080	0	0	0
ENSG00000237899	5	0	5
ENSG00000225492	22	0	22
ENSG00000223905	0	0	0
ENSG00000227290	0	0	0
ENSG00000229486	0	0	0
ENSG00000282898	0	0	0
ENSG00000285409	0	0	0
ENSG00000231090	0	0	0
ENSG00000117528	512	1	511
ENSG00000271723	0	0	0
ENSG00000172339	45	0	45
ENSG00000036549	852	4	848
ENSG00000287724	0	17	0
ENSG00000058799	798	2	796
ENSG00000225191	0	0	0
ENSG00000287870	2	0	2
ENSG00000235563	0	0	0
ENSG00000232048	0	0	0
ENSG00000232857	0	0	0
ENSG00000273637	0	0	0
ENSG00000203985	0	0	0
ENSG00000228838	0	4	0
ENSG00000283761	1	0	1
ENSG00000189433	3	5	0
ENSG00000230759	0	0	0
ENSG00000231866	0	0	0
ENSG00000179178	1	0	1
ENSG00000142700	0	0	0
ENSG00000285525	0	0	0
ENSG00000236098	0	0	0
ENSG00000233514	0	0	0
ENSG00000127124	649	0	649
ENSG00000266993	14	80	10
ENSG00000223675	0	0	0
ENSG00000162604	317	2	315
ENSG00000229316	0	0	0
ENSG00000116171	1251	8	1248
ENSG00000287406	0	0	0
ENSG00000225767	1	1	0
ENSG00000234099	0	0	0
ENSG00000137936	43	3	47
ENSG00000235308	7	7	0
ENSG00000232752	0	0	0
ENSG00000235829	0	0	0
ENSG00000143032	0	0	0
ENSG00000226745	0	0	0
ENSG00000178028	1037	7	1030
ENSG00000280040	0	0	0
ENSG00000168710	1986	4	1982
ENSG00000117519	37	0	37
ENSG00000270507	0	0	0
ENSG00000238037	0	0	0
ENSG00000215869	1	0	1
ENSG00000134215	1424	2	1422
ENSG00000227935	0	0	0
ENSG00000229887	0	0	0
ENSG00000228502	8	0	8
ENSG00000236268	0	0	0
ENSG00000271277	0	0	0
ENSG00000236888	0	0	0
ENSG00000279778	0	0	0
ENSG00000232015	0	0	0
ENSG00000230955	0	128	0
ENSG00000230828	0	0	0
ENSG00000188641	2983	9	3226
ENSG00000152078	3	0	3
ENSG00000237279	0	0	0
ENSG00000233359	0	0	0
ENSG00000237954	0	0	0
ENSG00000185668	0	0	0
ENSG00000171492	1135	6	1129
ENSG00000233129	0	0	0
ENSG00000170989	3600	13	3587
ENSG00000258634	168	0	258
ENSG00000233557	0	0	0
ENSG00000237897	0	0	0
ENSG00000116299	2808	4	2806
ENSG00000137962	36	0	36
ENSG00000227832	0	0	0
ENSG00000286692	0	0	0
ENSG00000260464	3	0	4
ENSG00000237435	0	0	0
ENSG00000231996	0	0	0
ENSG00000273204	2	3	1
ENSG00000079739	590	11	670
ENSG00000117154	0	0	0
ENSG00000162377	153	15	138
ENSG00000224613	0	0	0
ENSG00000215871	0	0	0
ENSG00000287372	0	0	0
ENSG00000232542	0	0	0
ENSG00000231095	0	0	0
ENSG00000116774	5	0	5
ENSG00000287756	0	0	0
ENSG00000269113	0	0	0
ENSG00000284652	1	0	1
ENSG00000023909	236	0	236
ENSG00000069702	291	1	290
ENSG00000232185	0	0	0
ENSG00000230489	3	0	3
ENSG00000228399	1	0	1
ENSG00000236776	0	0	0
ENSG00000285928	1	1	0
ENSG00000224685	0	0	0
ENSG00000287076	0	0	0
ENSG00000237480	0	0	0
ENSG00000271252	0	0	0
ENSG00000230427	0	0	0
ENSG00000235794	0	0	0
ENSG00000286758	0	0	0
ENSG00000237337	0	0	0
ENSG00000233983	0	0	0
ENSG00000198198	2431	113	2790
ENSG00000225183	0	0	0
ENSG00000230402	0	0	0
ENSG00000116793	354	2	352
ENSG00000134201	3	0	3
ENSG00000238122	0	0	0
ENSG00000260879	0	48	1
ENSG00000213366	313	0	313
ENSG00000230864	0	0	0
ENSG00000283354	0	0	0
ENSG00000232918	0	0	0
ENSG00000236360	0	5	0
ENSG00000183298	1	0	1
ENSG00000234332	10	0	10
ENSG00000117525	0	0	0
ENSG00000225079	5	0	5
ENSG00000226483	0	0	0
ENSG00000224238	0	0	0
ENSG00000229537	0	0	0
ENSG00000162699	0	0	0
ENSG00000162692	0	0	0
ENSG00000203914	0	0	0
ENSG00000270457	0	0	0
ENSG00000203858	0	0	0
ENSG00000231987	0	0	0
ENSG00000228057	2	2	0
ENSG00000261593	0	0	0
ENSG00000224445	0	0	0
ENSG00000229842	0	0	0
ENSG00000270631	0	0	0
ENSG00000229201	0	0	0
ENSG00000181656	4	4	0
ENSG00000122481	42	0	42
ENSG00000198162	996	4	992
ENSG00000238198	7	3	4
ENSG00000171517	6	0	6
ENSG00000228852	17	17	0
ENSG00000203864	0	0	0
ENSG00000233482	0	0	0
ENSG00000230250	0	0	0
ENSG00000232878	4	254	2
ENSG00000143079	81	0	81
ENSG00000232450	19	0	19
ENSG00000223575	0	0	0
ENSG00000230768	0	0	0
ENSG00000235202	0	0	0
ENSG00000272715	0	0	0
ENSG00000235038	0	0	0
ENSG00000143093	1452	5	1447
ENSG00000226415	11	0	11
ENSG00000085491	548	8	594
ENSG00000173947	2	0	2
ENSG00000241361	0	0	0
ENSG00000230434	0	0	0
ENSG00000230718	0	0	0
ENSG00000134198	1017	2	1015
ENSG00000235595	0	0	0
ENSG00000226053	0	0	0
ENSG00000226128	1	1	0
ENSG00000198799	634	2	736
ENSG00000279513	1	0	1
ENSG00000117620	292	6	291
ENSG00000280186	1	0	1
ENSG00000223906	0	0	0
ENSG00000162688	595	3	592
ENSG00000197106	0	0	0
ENSG00000259946	0	0	0
ENSG00000236137	1	134	1
ENSG00000203859	0	0	0
ENSG00000228086	0	94	0
ENSG00000213421	0	0	0
ENSG00000234020	0	0	0
ENSG00000060718	0	0	0
ENSG00000236804	0	0	0
ENSG00000231072	0	0	0
ENSG00000273406	2	2	0
ENSG00000185946	961	0	961
ENSG00000162627	1	0	1
ENSG00000226715	0	0	0
ENSG00000162695	687	0	687
ENSG00000134184	0	0	4
ENSG00000265808	1460	3	1457
ENSG00000261290	0	0	0
ENSG00000225923	0	0	0
ENSG00000134247	62	2	60
ENSG00000187481	0	0	0
ENSG00000116752	418	2	416
ENSG00000162664	431	5	426
ENSG00000236866	0	0	0
ENSG00000134253	4	1	3
ENSG00000277655	2	0	2
ENSG00000223416	0	0	0
ENSG00000213226	0	0	0
ENSG00000179571	0	0	0
ENSG00000227850	0	0	0
ENSG00000243967	0	0	0
ENSG00000235777	1	1	0
ENSG00000260246	0	4	0
ENSG00000173218	120	0	120
ENSG00000285532	0	0	0
ENSG00000226755	1	0	1
ENSG00000232650	0	0	0
ENSG00000183508	951	0	951
ENSG00000277095	0	0	0
ENSG00000236806	0	0	0
ENSG00000234283	0	0	0
ENSG00000237188	1	0	1
ENSG00000232780	0	0	0
ENSG00000274927	0	0	0
ENSG00000264145	0	0	0
ENSG00000238256	0	0	0
ENSG00000198765	0	0	0
ENSG00000224335	0	0	0
ENSG00000277702	0	0	0
ENSG00000143398	1133	2	1131
ENSG00000196505	671	7	667
ENSG00000225871	29	96	0
ENSG00000223489	0	0	0
ENSG00000230546	0	0	0
ENSG00000213262	0	0	0
ENSG00000287015	0	0	0
ENSG00000241720	0	10	0
ENSG00000235526	0	0	0
ENSG00000228347	0	0	0
ENSG00000276975	2	1	1
ENSG00000236012	1	0	1
ENSG00000270911	0	0	0
ENSG00000272824	2	0	2
ENSG00000134200	2	2	0
ENSG00000234257	0	0	0
ENSG00000065183	705	8	760
ENSG00000227082	2	0	3
ENSG00000228626	0	0	0
ENSG00000226126	0	0	0
ENSG00000163393	662	4	658
ENSG00000163156	763	13	767
ENSG00000143631	1	2	0
ENSG00000156150	0	90	0
ENSG00000228453	0	0	0
ENSG00000274642	1	1	0
ENSG00000177551	0	0	0
ENSG00000197323	1823	8	1815
ENSG00000237975	1	0	2
ENSG00000261168	1	0	1
ENSG00000287980	0	0	0
ENSG00000229283	0	0	0
ENSG00000271419	0	0	0
ENSG00000226172	0	0	0
ENSG00000079335	656	10	740
ENSG00000143119	17672	29	17643
ENSG00000237278	0	104	0
ENSG00000285062	0	0	0
ENSG00000233432	2	2	0
ENSG00000227700	0	0	0
ENSG00000229911	0	0	0
ENSG00000143520	0	0	0
ENSG00000171943	191	7	187
ENSG00000270719	0	0	0
ENSG00000155761	2	54	8
ENSG00000230806	0	1	0
ENSG00000116830	435	1	434
ENSG00000234422	0	0	0
ENSG00000227056	0	0	0
ENSG00000143614	2126	9	2117
ENSG00000227091	0	0	0
ENSG00000169418	1	0	1
ENSG00000214204	0	0	0
ENSG00000081026	82	14	68
ENSG00000225650	0	0	0
ENSG00000227179	0	0	0
ENSG00000224965	2	0	2
ENSG00000228127	0	0	0
ENSG00000226984	2	2	0
ENSG00000186150	0	0	0
ENSG00000143554	1189	5	1184
ENSG00000143458	802	4	798
ENSG00000230932	0	0	0
ENSG00000073754	0	0	0
ENSG00000228826	1	0	1
ENSG00000233907	0	0	0
ENSG00000225036	0	0	0
ENSG00000228420	0	0	0
ENSG00000233839	0	0	0
ENSG00000250890	0	0	0
ENSG00000232240	0	0	0
ENSG00000280649	47	12	67
ENSG00000131781	241	57	201
ENSG00000223599	4	0	4
ENSG00000230921	0	0	0
ENSG00000286151	13	0	13
ENSG00000234388	0	0	0
ENSG00000235015	0	0	0
ENSG00000271736	20	0	20
ENSG00000235988	0	0	0
ENSG00000233717	0	0	0
ENSG00000231551	134	48	87
ENSG00000227295	8	1	7
ENSG00000163155	126	88	52
ENSG00000243613	0	135	1
ENSG00000241975	39	0	39
ENSG00000271143	0	0	0
ENSG00000270976	0	0	0
ENSG00000228217	1	0	1
ENSG00000270342	0	0	0
ENSG00000143552	3	2	1
ENSG00000175984	44	1	43
ENSG00000231100	0	0	0
ENSG00000116824	1979	9	1970
ENSG00000235887	0	0	0
ENSG00000237460	0	0	0
ENSG00000236327	0	0	0
ENSG00000223804	102	30	72
ENSG00000236887	1	0	1
ENSG00000024526	6	0	6
ENSG00000236480	0	0	0
ENSG00000235756	0	0	0
ENSG00000173810	0	0	0
ENSG00000235005	0	0	0
ENSG00000271890	0	0	0
ENSG00000238107	0	0	0
ENSG00000227425	0	0	0
ENSG00000233222	0	26	0
ENSG00000225279	1	0	1
ENSG00000229101	0	0	0
ENSG00000224927	0	0	0
ENSG00000239216	0	0	0
ENSG00000283360	2	1	1
ENSG00000117262	89	0	89
ENSG00000227907	3	3	0
ENSG00000143624	2973	13	3247
ENSG00000227970	0	0	0
ENSG00000261055	6	0	6
ENSG00000231613	1	0	1
ENSG00000137947	1050	4	1046
ENSG00000236689	0	0	0
ENSG00000233589	0	0	0
ENSG00000117586	147	0	147
ENSG00000230946	1	0	1
ENSG00000226028	0	0	0
ENSG00000162728	3	2	1
ENSG00000229021	2	0	2
ENSG00000203825	0	0	0
ENSG00000184371	434	0	434
ENSG00000233449	0	0	0
ENSG00000242943	0	0	0
ENSG00000233203	0	0	0
ENSG00000232499	0	0	0
ENSG00000232265	1	0	1
ENSG00000163154	1542	3	1548
ENSG00000232995	18	0	19
ENSG00000236957	0	0	0
ENSG00000238087	0	0	0
ENSG00000227777	3	1	2
ENSG00000177173	14	1	13
ENSG00000277406	68	1	67
ENSG00000238022	0	0	0
ENSG00000231671	0	0	0
ENSG00000162729	860	1	859
ENSG00000143158	322	33	471
ENSG00000271092	1	0	1
ENSG00000238118	0	0	0
ENSG00000276118	0	0	0
ENSG00000232148	0	0	0
ENSG00000278811	21	90	0
ENSG00000000460	119	203	154
ENSG00000188859	5	0	5
ENSG00000275075	0	0	0
ENSG00000135862	319	1	318
ENSG00000232952	0	0	0
ENSG00000158473	1146	5	1141
ENSG00000227722	0	0	0
ENSG00000285922	0	0	0
ENSG00000275801	9	0	9
ENSG00000143198	358	0	358
ENSG00000143318	22	3	19
ENSG00000232188	0	0	0
ENSG00000232212	0	0	0
ENSG00000143621	1946	28	1922
ENSG00000241042	0	0	0
ENSG00000143155	777	3	774
ENSG00000260322	0	0	0
ENSG00000223495	0	0	0
ENSG00000143156	73	8	94
ENSG00000198771	7577	44	7743
ENSG00000225462	1	0	1
ENSG00000237756	0	0	0
ENSG00000116147	14	1	14
ENSG00000213064	2114	3	2277
ENSG00000203307	0	0	0
ENSG00000143179	159	0	185
ENSG00000271187	0	0	0
ENSG00000274562	0	0	0
ENSG00000143315	293	0	293
ENSG00000116199	942	4	938
ENSG00000231175	0	0	0
ENSG00000143185	42	0	42
ENSG00000235145	0	0	0
ENSG00000116260	1501	1	1500
ENSG00000272931	22	0	22
ENSG00000143190	875	2	986
ENSG00000225475	0	0	0
ENSG00000230898	0	0	0
ENSG00000232223	0	0	0
ENSG00000224698	0	0	0
ENSG00000287697	4	5	4
ENSG00000075945	378	3	399
ENSG00000235303	0	0	0
ENSG00000234810	2	0	2
ENSG00000232750	2	2	0
ENSG00000224468	2	2	0
ENSG00000235628	0	0	0
ENSG00000232551	0	0	0
ENSG00000092607	0	0	0
ENSG00000238270	0	0	0
ENSG00000285894	0	0	0
ENSG00000236025	0	0	0
ENSG00000230687	0	0	0
ENSG00000230704	0	0	0
ENSG00000283255	0	0	0
ENSG00000227741	18	87	13
ENSG00000237049	0	0	0
ENSG00000286754	0	0	0
ENSG00000232751	0	0	0
ENSG00000236364	3	28	0
ENSG00000117091	2509	34	6142
ENSG00000235378	0	0	0
ENSG00000143171	0	0	0
ENSG00000275767	0	0	0
ENSG00000224718	0	0	0
ENSG00000047410	5798	57	5977
ENSG00000231992	0	0	0
ENSG00000018625	1	0	1
ENSG00000171806	220	3	239
ENSG00000287919	0	0	0
ENSG00000229914	0	0	0
ENSG00000233882	0	0	0
ENSG00000198358	0	0	0
ENSG00000229407	0	0	0
ENSG00000134216	0	0	0
ENSG00000230748	0	0	0
ENSG00000254154	1	0	1
ENSG00000162694	32	0	34
ENSG00000238108	0	0	0
ENSG00000214262	0	166	0
ENSG00000183853	0	0	0
ENSG00000215835	10	0	10
ENSG00000118197	625	4	630
ENSG00000135842	10513	49	10464
ENSG00000229258	0	1	0
ENSG00000287472	0	0	0
ENSG00000241318	0	0	0
ENSG00000228238	4	0	4
ENSG00000232393	0	0	0
ENSG00000121454	62	151	2
ENSG00000184155	0	0	0
ENSG00000058085	0	0	0
ENSG00000260088	0	8	1
ENSG00000287978	118	1	117
ENSG00000116815	835	4	831
ENSG00000232917	0	0	0
ENSG00000233057	0	0	0
ENSG00000237131	0	0	0
ENSG00000233946	0	0	0
ENSG00000143167	428	1	427
ENSG00000143184	38	0	38
ENSG00000231966	4	0	4
ENSG00000176320	0	0	0
ENSG00000260976	0	0	0
ENSG00000235215	1	1	0
ENSG00000223450	0	0	0
ENSG00000224691	0	0	0
ENSG00000286572	0	0	0
ENSG00000235101	4	1	3
ENSG00000228215	5	0	5
ENSG00000177807	9	2	7
ENSG00000233626	0	0	0
ENSG00000233691	0	0	0
ENSG00000283518	0	0	0
ENSG00000271527	0	0	0
ENSG00000143228	26	1	26
ENSG00000235827	0	0	0
ENSG00000231615	1	0	1
ENSG00000231714	0	0	0
ENSG00000174514	35	13	37
ENSG00000143178	97	0	97
ENSG00000224837	0	0	0
ENSG00000116833	1	0	1
ENSG00000227740	5	0	6
ENSG00000260990	0	0	1
ENSG00000000457	536	79	673
ENSG00000143507	130	0	130
ENSG00000285638	0	0	0
ENSG00000226520	0	0	0
ENSG00000284592	0	0	0
ENSG00000230987	0	0	0
ENSG00000232527	0	0	0
ENSG00000215833	0	0	0
ENSG00000228167	0	0	0
ENSG00000225325	0	0	0
ENSG00000223344	0	0	0
ENSG00000228191	0	0	0
ENSG00000229961	56	0	56
ENSG00000150732	0	0	0
ENSG00000157064	8	0	9
ENSG00000288139	0	0	0
ENSG00000226015	37	7	30
ENSG00000215808	0	0	0
ENSG00000059588	911	0	911
ENSG00000231512	0	0	0
ENSG00000237379	1	0	1
ENSG00000232959	0	24	0
ENSG00000122224	1219	14	1205
ENSG00000162782	0	0	0
ENSG00000238051	0	0	0
ENSG00000233196	0	0	0
ENSG00000229220	0	0	0
ENSG00000143653	290	0	290
ENSG00000135837	2936	14	2922
ENSG00000158711	2139	18	2136
ENSG00000227747	0	0	0
ENSG00000228081	0	0	0
ENSG00000228020	0	0	0
ENSG00000234975	17	0	17
ENSG00000162851	206	1	205
ENSG00000271427	3	0	3
ENSG00000261817	0	0	0
ENSG00000143353	285	0	323
ENSG00000197965	1698	3	1695
ENSG00000143493	321	1	320
ENSG00000230777	4	5	0
ENSG00000179397	15	1	14
ENSG00000224540	0	0	0
ENSG00000117592	2141	3	2138
ENSG00000186197	8	0	8
ENSG00000229067	0	0	0
ENSG00000230231	0	0	0
ENSG00000227711	0	0	0
ENSG00000261182	0	0	0
ENSG00000228879	0	0	0
ENSG00000227925	3	0	3
ENSG00000162670	0	0	0
ENSG00000225712	0	0	0
ENSG00000162761	0	0	0
ENSG00000143199	3	0	3
ENSG00000179930	0	0	0
ENSG00000007908	0	0	0
ENSG00000092978	248	1	247
ENSG00000143499	509	0	509
ENSG00000188404	46214	140	46074
ENSG00000227735	0	0	0
ENSG00000243062	0	0	0
ENSG00000143196	0	0	0
ENSG00000228504	0	0	0
ENSG00000274702	0	0	0
ENSG00000226211	0	0	0
ENSG00000236942	1	1	0
ENSG00000287205	0	0	0
ENSG00000203697	2	0	2
ENSG00000116574	507	5	502
ENSG00000287929	0	1	0
ENSG00000186283	719	10	709
ENSG00000224896	0	0	0
ENSG00000226292	0	0	0
ENSG00000121481	436	2	434
ENSG00000227940	0	0	0
ENSG00000117139	1611	4	1607
ENSG00000143248	7	0	7
ENSG00000278455	0	0	0
ENSG00000224810	0	0	0
ENSG00000162814	0	0	0
ENSG00000225172	0	0	0
ENSG00000261642	0	0	0
ENSG00000228239	0	0	0
ENSG00000237283	0	0	0
ENSG00000116132	0	0	0
ENSG00000238042	5	0	5
ENSG00000271475	0	0	0
ENSG00000231877	0	0	0
ENSG00000116679	6889	28	6861
ENSG00000228536	0	0	0
ENSG00000230550	0	4	0
ENSG00000229242	0	0	0
ENSG00000253326	5	0	5
ENSG00000228470	0	0	0
ENSG00000152092	0	0	0
ENSG00000234984	0	0	0
ENSG00000231648	0	0	0
ENSG00000229983	0	0	1
ENSG00000215149	0	0	0
ENSG00000225122	0	0	0
ENSG00000225920	19	19	0
ENSG00000143476	14	0	14
ENSG00000121486	802	5	797
ENSG00000228437	0	0	0
ENSG00000214837	23	0	23
ENSG00000057252	1558	5	1553
ENSG00000225982	0	0	0
ENSG00000285718	0	0	0
ENSG00000234070	0	0	0
ENSG00000233620	0	0	0
ENSG00000237783	0	0	0
ENSG00000272906	19	11	57
ENSG00000233018	0	0	0
ENSG00000123685	34	0	34
ENSG00000224783	0	0	0
ENSG00000162852	1528	4	1524
ENSG00000232792	0	0	0
ENSG00000273004	15	0	15
ENSG00000143842	119	0	119
ENSG00000268062	7	7	0
ENSG00000237409	0	0	0
ENSG00000116962	719	4	715
ENSG00000288078	0	0	0
ENSG00000271399	0	0	0
ENSG00000229757	1	1	0
ENSG00000232679	0	0	0
ENSG00000159388	7855	26	7829
ENSG00000220749	15	0	15
ENSG00000181450	171	0	171
ENSG00000223519	16	17	36
ENSG00000120333	483	11	488
ENSG00000286285	10	0	10
ENSG00000225300	3	0	3
ENSG00000223842	3	3	0
ENSG00000162753	0	0	0
ENSG00000228247	0	0	0
ENSG00000231424	3	0	3
ENSG00000143355	0	0	0
ENSG00000287177	0	0	0
ENSG00000237193	0	0	0
ENSG00000223490	1	1	0
ENSG00000121644	591	0	591
ENSG00000174502	0	0	0
ENSG00000224286	0	0	0
ENSG00000158715	287	0	287
ENSG00000143195	8	0	8
ENSG00000162849	27	8	19
ENSG00000232824	0	0	0
ENSG00000273416	2	0	2
ENSG00000234142	6	0	6
ENSG00000282111	0	0	0
ENSG00000233410	0	0	0
ENSG00000067533	316	8	308
ENSG00000228955	0	0	0
ENSG00000270443	0	0	0
ENSG00000116209	3702	8	3694
ENSG00000224702	0	0	0
ENSG00000271811	0	0	0
ENSG00000224278	0	0	0
ENSG00000235492	0	0	0
ENSG00000287808	9	129	9
ENSG00000271588	0	0	0
ENSG00000229840	0	0	0
ENSG00000116161	906	49	878
ENSG00000226486	0	0	0
ENSG00000227687	0	0	0
ENSG00000231814	0	0	0
ENSG00000286210	0	0	0
ENSG00000287364	0	0	0
ENSG00000225063	0	0	0
ENSG00000260698	16	1	15
ENSG00000277007	6	0	6
ENSG00000229016	0	0	0
ENSG00000077157	3173	12	3220
ENSG00000152104	3	3	0
ENSG00000236975	0	0	0
ENSG00000215834	0	0	0
ENSG00000286541	0	0	0
ENSG00000117650	7	0	7
ENSG00000235021	0	0	0
ENSG00000203724	1	0	1
ENSG00000225006	0	0	0
ENSG00000287633	0	0	0
ENSG00000158764	3	0	3
ENSG00000223375	1	0	1
ENSG00000230714	0	0	0
ENSG00000261065	0	3	0
ENSG00000260855	12	2	10
ENSG00000188783	0	0	0
ENSG00000236206	0	0	0
ENSG00000168118	455	1	458
ENSG00000181101	0	0	0
ENSG00000173726	1650	3	1647
ENSG00000282852	0	0	0
ENSG00000152382	261	12	249
ENSG00000143839	0	0	0
ENSG00000232100	0	0	0
ENSG00000261024	0	0	0
ENSG00000230547	0	0	0
ENSG00000229703	0	0	0
ENSG00000176754	0	0	0
ENSG00000232309	0	0	0
ENSG00000227953	6	28	15
ENSG00000232215	0	0	0
ENSG00000135829	4350	14	4465
ENSG00000228289	0	0	0
ENSG00000134717	829	6	823
ENSG00000232989	0	0	0
ENSG00000233537	0	0	0
ENSG00000116668	255	26	230
ENSG00000143756	701	1	700
ENSG00000278180	0	0	0
ENSG00000143702	929	5	1058
ENSG00000232341	0	0	0
ENSG00000287676	2	0	2
ENSG00000236792	0	0	0
ENSG00000143207	2538	10	2528
ENSG00000270859	0	0	0
ENSG00000238224	0	0	0
ENSG00000286775	0	0	0
ENSG00000122176	0	0	0
ENSG00000229120	0	0	0
ENSG00000237492	0	0	0
ENSG00000230404	0	0	0
ENSG00000213036	0	0	0
ENSG00000227230	3	68	0
ENSG00000236230	0	0	0
ENSG00000026751	743	4	739
ENSG00000150681	2759	17	3625
ENSG00000116906	966	1	965
ENSG00000092969	11	0	11
ENSG00000157181	378	1	377
ENSG00000250762	1	1	0
ENSG00000236720	0	0	0
ENSG00000227421	0	0	0
ENSG00000227240	1	0	1
ENSG00000076258	72	1	71
ENSG00000286073	0	0	0
ENSG00000231084	9	9	0
ENSG00000232085	0	67	2
ENSG00000117697	703	0	704
ENSG00000279333	0	0	1
ENSG00000235083	0	0	0
ENSG00000162669	0	0	0
ENSG00000197067	0	0	0
ENSG00000229652	0	0	0
ENSG00000132681	32	0	32
ENSG00000225904	0	0	0
ENSG00000270920	0	0	0
ENSG00000281664	0	0	0
ENSG00000143641	1024	3	1438
ENSG00000227630	3	0	3
ENSG00000228830	0	1015	4
ENSG00000010932	10	0	10
ENSG00000282849	0	0	0
ENSG00000276520	0	0	0
ENSG00000226640	0	0	0
ENSG00000010072	287	181	282
ENSG00000135766	383	10	373
ENSG00000232626	2	0	2
ENSG00000232096	0	0	0
ENSG00000279261	3	0	3
ENSG00000213051	0	0	0
ENSG00000238054	0	0	0
ENSG00000163534	3230	12	3218
ENSG00000168243	4	0	4
ENSG00000281453	0	0	0
ENSG00000237469	0	0	0
ENSG00000224939	1	0	1
ENSG00000227613	0	0	0
ENSG00000116183	1	0	1
ENSG00000270106	0	0	0
ENSG00000232194	2	0	2
ENSG00000235152	0	0	0
ENSG00000231612	0	0	0
ENSG00000237980	7	0	8
ENSG00000271036	0	0	0
ENSG00000230849	0	0	0
ENSG00000170382	439	455	1
ENSG00000228664	0	0	0
ENSG00000226868	0	0	0
ENSG00000279401	0	0	0
ENSG00000272362	0	0	0
ENSG00000287450	0	0	0
ENSG00000237011	0	0	0
ENSG00000233583	0	1	0
ENSG00000066027	3210	18	3192
ENSG00000286263	1	0	1
ENSG00000227006	10	10	0
ENSG00000236372	0	0	0
ENSG00000224525	0	0	0
ENSG00000188770	0	0	0
ENSG00000173728	1	1	0
ENSG00000094975	801	6	795
ENSG00000225811	0	0	0
ENSG00000273093	0	0	0
ENSG00000162772	59	0	59
ENSG00000227818	0	0	0
ENSG00000135828	1972	14	1958
ENSG00000224227	5	0	5
ENSG00000286398	0	0	0
ENSG00000076356	241	2	239
ENSG00000215819	0	0	0
ENSG00000185523	3	0	3
ENSG00000236108	0	0	0
ENSG00000116711	124	2	122
ENSG00000231684	0	0	0
ENSG00000226750	0	0	0
ENSG00000285665	9	0	9
ENSG00000231022	0	0	0
ENSG00000224436	0	0	0
ENSG00000228208	0	0	0
ENSG00000273384	2	0	2
ENSG00000238061	2	0	2
ENSG00000234915	0	0	0
ENSG00000143845	7	0	14
ENSG00000235862	1	0	2
ENSG00000069812	0	0	0
ENSG00000227585	0	0	0
ENSG00000157060	0	0	0
ENSG00000237213	0	0	0
ENSG00000236439	14	4	13
ENSG00000224260	0	0	0
ENSG00000213045	1	1	0
ENSG00000287220	0	0	0
ENSG00000230063	0	0	0
ENSG00000235467	0	0	0
ENSG00000123684	4405	19	4387
ENSG00000117707	1	0	2
ENSG00000228044	0	0	0
ENSG00000225338	1	0	1
ENSG00000224407	0	417	0
ENSG00000232463	0	0	0
ENSG00000237457	0	0	0
ENSG00000225171	4	0	4
ENSG00000226843	0	0	0
ENSG00000235386	0	0	0
ENSG00000123836	603	91	603
ENSG00000213690	0	0	0
ENSG00000223982	0	0	0
ENSG00000229832	5	1	4
ENSG00000117691	218	3	215
ENSG00000225233	0	0	0
ENSG00000274895	0	0	0
ENSG00000237514	0	0	0
ENSG00000287856	1	0	1
ENSG00000228067	0	0	0
ENSG00000284299	0	0	0
ENSG00000226375	0	0	0
ENSG00000203705	422	3	420
ENSG00000224040	0	0	0
ENSG00000228686	25	24	1
ENSG00000279838	33	2	31
ENSG00000174175	331	1	330
ENSG00000236401	0	0	0
ENSG00000241475	0	0	0
ENSG00000215800	0	0	0
ENSG00000286421	0	0	0
ENSG00000270936	0	0	0
ENSG00000008118	0	0	0
ENSG00000171161	986	6	980
ENSG00000241505	0	0	0
ENSG00000224535	0	0	0
ENSG00000282097	0	0	0
ENSG00000261453	2	2	0
ENSG00000231020	0	0	0
ENSG00000270818	0	0	0
ENSG00000196878	8	0	8
ENSG00000133059	980	7	973
ENSG00000225561	0	0	0
ENSG00000224668	0	0	0
ENSG00000242529	0	0	0
ENSG00000074964	659	1	658
ENSG00000223847	0	0	0
ENSG00000277704	0	0	0
ENSG00000116918	567	23	563
ENSG00000274020	212	4	285
ENSG00000287445	8	0	8
ENSG00000259815	0	0	0
ENSG00000240963	0	0	0
ENSG00000226570	0	0	0
ENSG00000198929	4	0	4
ENSG00000272167	0	0	0
ENSG00000230628	0	0	0
ENSG00000162771	0	1	0
ENSG00000227579	0	0	0
ENSG00000176393	963	1	1450
ENSG00000174606	822	4	819
ENSG00000179914	14	0	14
ENSG00000235750	6054	16	6038
ENSG00000284376	0	0	0
ENSG00000121446	2	1	1
ENSG00000226758	0	0	0
ENSG00000230199	0	0	0
ENSG00000236905	1	0	1
ENSG00000233304	0	0	0
ENSG00000288007	3	0	5
ENSG00000227887	0	0	0
ENSG00000116903	1037	2	1210
ENSG00000228255	0	0	0
ENSG00000226196	0	0	0
ENSG00000287354	0	0	0
ENSG00000233827	0	0	0
ENSG00000198797	0	0	0
ENSG00000271746	0	0	0
ENSG00000234233	0	0	0
ENSG00000151414	2185	8	2177
ENSG00000177614	2	0	2
ENSG00000223794	0	0	0
ENSG00000235182	0	1	0
ENSG00000213041	0	0	0
ENSG00000287157	0	0	0
ENSG00000233920	0	0	0
ENSG00000183831	0	0	0
ENSG00000225755	1	1	0
ENSG00000143858	107	169	0
ENSG00000197472	0	0	0
ENSG00000230184	0	0	0
ENSG00000234004	0	0	0
ENSG00000232436	0	0	0
ENSG00000231718	0	0	0
ENSG00000283952	0	0	0
ENSG00000230019	0	0	0
ENSG00000136643	495	0	495
ENSG00000232537	0	0	0
ENSG00000226036	0	1	0
ENSG00000285521	0	0	0
ENSG00000236317	0	0	0
ENSG00000176855	0	0	0
ENSG00000227728	0	0	0
ENSG00000133069	236	3	233
ENSG00000162877	0	0	0
ENSG00000233461	47	0	47
ENSG00000225401	3	0	3
ENSG00000228190	0	0	0
ENSG00000135747	0	0	0
ENSG00000227237	0	0	0
ENSG00000069248	1074	1	1073
ENSG00000232812	0	0	0
ENSG00000231666	1	0	1
ENSG00000226986	1	0	1
ENSG00000242042	0	0	0
ENSG00000234464	0	0	0
ENSG00000253148	0	0	0
ENSG00000227751	0	441	2
ENSG00000090104	24	2	22
ENSG00000285280	63	904	43
ENSG00000232892	0	1	0
ENSG00000236950	0	0	0
ENSG00000236468	0	0	0
ENSG00000143322	607	2	605
ENSG00000185220	244	0	244
ENSG00000226003	0	0	0
ENSG00000230813	0	0	0
ENSG00000226862	15	0	21
ENSG00000236101	0	0	0
ENSG00000162769	415	0	415
ENSG00000133065	577	2	575
ENSG00000278684	0	0	0
ENSG00000236775	0	0	0
ENSG00000042781	0	0	0
ENSG00000234754	0	0	0
ENSG00000233084	5	0	5
ENSG00000227815	2	0	2
ENSG00000287046	0	0	0
ENSG00000223774	0	0	1
ENSG00000228863	32	3667	32
ENSG00000228646	0	0	0
ENSG00000229112	0	0	0
ENSG00000233332	1	1	0
ENSG00000231984	0	0	0
ENSG00000286213	0	0	0
ENSG00000226876	1	1	0
ENSG00000277462	54	0	54
ENSG00000225591	0	0	0
ENSG00000035687	1265	3	1262
ENSG00000213080	1	0	1
ENSG00000180287	0	0	0
ENSG00000226693	0	0	0
ENSG00000234678	63	552	0
ENSG00000231272	0	0	0
ENSG00000223828	0	0	0
ENSG00000163431	2	3	0
ENSG00000230124	368	3	456
ENSG00000226723	0	0	0
ENSG00000272672	1	0	1
ENSG00000143473	0	1	0
ENSG00000228982	0	0	0
ENSG00000235096	1	1	0
ENSG00000237250	0	0	0
ENSG00000007341	112	35	154
ENSG00000286747	0	0	0
ENSG00000236069	0	1	0
ENSG00000236244	0	0	0
ENSG00000272865	0	0	0
ENSG00000117222	1039	1	1038
ENSG00000143324	623	1	622
ENSG00000229871	0	0	0
ENSG00000225222	0	0	0
ENSG00000118193	7	0	7
ENSG00000234116	0	0	0
ENSG00000231940	6	0	6
ENSG00000198842	2	0	2
ENSG00000286619	70	0	70
ENSG00000198756	48	0	48
ENSG00000259823	5	5	0
ENSG00000271558	0	0	0
ENSG00000227554	0	0	0
ENSG00000178596	1	0	1
ENSG00000135749	403	16	437
ENSG00000143786	23	1	26
ENSG00000224584	0	0	0
ENSG00000054282	290	21	312
ENSG00000183780	8	0	8
ENSG00000229663	7	7	0
ENSG00000162702	1105	3	1102
ENSG00000251508	0	0	0
ENSG00000238272	0	0	0
ENSG00000228530	0	0	0
ENSG00000235060	0	0	0
ENSG00000143194	3	0	3
ENSG00000229531	1	1	0
ENSG00000271329	1	0	1
ENSG00000054267	3113	51	3064
ENSG00000261831	0	0	0
ENSG00000287921	0	0	0
ENSG00000177800	0	0	0
ENSG00000225620	1	0	1
ENSG00000232166	0	0	0
ENSG00000175137	2199	11	2188
ENSG00000134245	15	55	10
ENSG00000234041	0	0	0
ENSG00000227373	5	0	5
ENSG00000231905	0	0	0
ENSG00000228175	5	5	0
ENSG00000069275	2358	17	2341
ENSG00000143674	53	0	53
ENSG00000237317	0	0	0
ENSG00000187889	0	0	0
ENSG00000134375	486	2	484
ENSG00000097046	119	3	116
ENSG00000232113	0	0	0
ENSG00000282718	0	0	0
ENSG00000231378	0	0	0
ENSG00000235605	0	0	0
ENSG00000223525	0	0	0
ENSG00000224857	0	0	0
ENSG00000273367	0	0	0
ENSG00000230604	2	2	0
ENSG00000231605	0	0	0
ENSG00000236358	2	0	2
ENSG00000203737	1	0	1
ENSG00000238003	0	0	0
ENSG00000215873	0	0	0
ENSG00000287008	0	0	0
ENSG00000185420	89	0	89
ENSG00000076321	384	3	381
ENSG00000272175	0	0	2
ENSG00000231564	0	0	0
ENSG00000135778	398	36	412
ENSG00000213070	0	0	0
ENSG00000282265	0	0	0
ENSG00000250536	0	0	0
ENSG00000229747	0	0	0
ENSG00000117280	1639	5	1634
ENSG00000233985	0	0	0
ENSG00000232175	0	0	0
ENSG00000287423	0	0	0
ENSG00000286774	0	0	0
ENSG00000236719	0	0	0
ENSG00000136636	102	0	102
ENSG00000225486	0	0	0
ENSG00000227043	0	0	0
ENSG00000163874	953	7	946
ENSG00000285777	0	0	0
ENSG00000237249	0	0	0
ENSG00000286109	0	0	0
ENSG00000213068	0	0	0
ENSG00000054392	45	0	45
ENSG00000227994	0	0	0
ENSG00000286552	0	0	0
ENSG00000225711	0	0	0
ENSG00000122223	801	22	779
ENSG00000235869	0	0	0
ENSG00000188739	19	0	19
ENSG00000286666	0	0	0
ENSG00000135750	1	0	1
ENSG00000273198	0	0	0
ENSG00000203730	6	6	0
ENSG00000225719	0	0	0
ENSG00000273483	2	0	2
ENSG00000287987	0	0	0
ENSG00000203729	2	0	2
ENSG00000232809	0	0	0
ENSG00000284623	0	0	0
ENSG00000285981	0	0	0
ENSG00000261729	0	0	0
ENSG00000223869	0	0	0
ENSG00000229228	0	0	0
ENSG00000215796	0	0	0
ENSG00000185221	0	0	0
ENSG00000233047	0	0	0
ENSG00000143341	6	0	6
ENSG00000228309	0	0	0
ENSG00000229739	8	0	8
ENSG00000116703	0	0	0
ENSG00000273874	0	0	0
ENSG00000278791	0	10	0
ENSG00000278757	2	0	2
ENSG00000264341	0	0	0
ENSG00000264101	0	0	0
ENSG00000265141	0	0	0
ENSG00000221083	1	0	1
ENSG00000252404	0	0	0
ENSG00000222511	0	0	0
ENSG00000265392	0	0	0
ENSG00000243267	0	0	0
ENSG00000201725	1	0	1
ENSG00000274258	0	0	0
ENSG00000239149	1	0	1
ENSG00000252151	0	0	0
ENSG00000252969	0	0	0
ENSG00000252417	0	0	0
ENSG00000200975	0	0	0
ENSG00000201609	0	0	0
ENSG00000238482	0	0	0
ENSG00000252956	0	0	0
ENSG00000265606	0	0	0
ENSG00000284357	0	0	0
ENSG00000278034	0	0	0
ENSG00000207237	0	0	0
ENSG00000222784	0	0	0
ENSG00000266210	0	0	0
ENSG00000265961	0	0	0
ENSG00000251866	0	0	0
ENSG00000252691	0	0	0
ENSG00000264371	0	0	0
ENSG00000253005	8	0	8
ENSG00000238316	0	0	0
ENSG00000207941	0	0	0
ENSG00000264773	20	0	20
ENSG00000252448	0	0	0
ENSG00000200421	0	0	0
ENSG00000222282	2	2	0
ENSG00000199963	0	0	0
ENSG00000264698	0	0	0
ENSG00000207328	0	0	0
ENSG00000207466	0	0	0
ENSG00000252368	0	0	0
ENSG00000206779	0	0	0
ENSG00000265596	0	0	0
ENSG00000212541	8	8	0
ENSG00000200796	0	0	0
ENSG00000252190	0	0	0
ENSG00000264613	0	0	0
ENSG00000199240	0	0	0
ENSG00000277168	0	0	0
ENSG00000283724	0	0	0
ENSG00000284410	0	0	0
ENSG00000252018	0	0	0
ENSG00000206627	1	1	0
ENSG00000283414	0	0	0
ENSG00000207508	0	0	0
ENSG00000200171	0	0	0
ENSG00000207194	0	0	0
ENSG00000283477	0	0	0
ENSG00000264834	1	0	1
ENSG00000263675	8	0	8
ENSG00000266188	0	0	0
ENSG00000206981	0	0	0
ENSG00000200174	0	0	0
ENSG00000265822	0	0	0
ENSG00000265815	0	0	0
ENSG00000238653	0	0	0
ENSG00000212624	0	0	0
ENSG00000200575	0	0	0
ENSG00000212360	0	0	0
ENSG00000242860	0	0	0
ENSG00000263908	0	0	0
ENSG00000283690	0	0	0
ENSG00000199921	0	0	0
ENSG00000251825	0	0	0
ENSG00000201153	0	0	0
ENSG00000222624	0	0	0
ENSG00000223152	0	0	0
ENSG00000212308	0	0	0
ENSG00000279049	0	13	0
ENSG00000276081	0	0	0
ENSG00000239640	0	0	0
ENSG00000252338	0	0	0
ENSG00000251785	0	0	0
ENSG00000239319	0	0	0
ENSG00000222849	0	0	0
ENSG00000283749	0	0	0
ENSG00000251958	0	0	0
ENSG00000251767	0	0	0
ENSG00000243437	0	0	0
ENSG00000202263	0	0	0
ENSG00000199318	0	0	0
ENSG00000199666	0	0	0
ENSG00000200601	0	0	0
ENSG00000242482	0	0	0
ENSG00000212366	0	0	0
ENSG00000201620	0	0	0
ENSG00000206817	0	0	0
ENSG00000284247	0	0	0
ENSG00000200839	0	0	0
ENSG00000264963	0	0	0
ENSG00000264271	0	0	0
ENSG00000239504	0	0	0
ENSG00000284202	0	0	0
ENSG00000251720	0	0	0
ENSG00000274321	0	0	0
ENSG00000198974	0	0	0
ENSG00000212248	0	0	0
ENSG00000207962	0	0	0
ENSG00000276884	0	0	0
ENSG00000207234	1	0	1
ENSG00000202259	0	0	0
ENSG00000212459	0	0	0
ENSG00000278287	0	0	0
ENSG00000277565	0	0	0
ENSG00000263526	0	0	0
ENSG00000211575	0	0	0
ENSG00000275823	0	0	0
ENSG00000277689	0	0	0
ENSG00000274199	0	0	0
ENSG00000202254	0	0	0
ENSG00000244256	8	0	8
ENSG00000201491	0	0	0
ENSG00000199831	0	0	0
ENSG00000275455	0	0	0
ENSG00000252162	0	0	0
ENSG00000272051	0	0	0
ENSG00000283899	0	0	0
ENSG00000200800	0	0	0
ENSG00000207502	0	0	0
ENSG00000252530	0	0	0
ENSG00000200536	1	1	0
ENSG00000211543	0	0	0
ENSG00000252797	1	1	0
ENSG00000212266	0	0	0
ENSG00000222209	0	0	0
ENSG00000277141	0	0	0
ENSG00000215930	0	0	0
ENSG00000238761	0	0	0
ENSG00000201114	0	0	0
ENSG00000206679	0	0	0
ENSG00000264419	0	0	0
ENSG00000222069	1	1	0
ENSG00000274428	0	0	0
ENSG00000199879	0	0	0
ENSG00000274408	0	0	0
ENSG00000283676	1	0	1
ENSG00000252005	0	0	0
ENSG00000252510	0	0	0
ENSG00000207340	2	0	2
ENSG00000252830	0	0	0
ENSG00000274450	0	0	0
ENSG00000252135	0	0	0
ENSG00000278596	0	0	0
ENSG00000238825	0	0	0
ENSG00000201183	6	3	3
ENSG00000202408	0	0	0
ENSG00000252744	0	0	0
ENSG00000273768	1	0	1
ENSG00000242565	0	0	0
ENSG00000239984	0	0	0
ENSG00000283296	0	0	0
ENSG00000252717	0	0	0
ENSG00000194297	0	0	0
ENSG00000199565	0	0	0
ENSG00000277313	0	0	0
ENSG00000274940	0	0	0
ENSG00000207341	0	0	0
ENSG00000207472	0	0	0
ENSG00000206880	0	0	0
ENSG00000252552	0	0	0
ENSG00000199849	0	0	0
ENSG00000252407	0	0	0
ENSG00000212538	0	0	0
ENSG00000251813	0	0	0
ENSG00000207108	0	0	0
ENSG00000201312	0	0	0
ENSG00000207039	0	0	0
ENSG00000202491	0	0	0
ENSG00000201596	0	0	0
ENSG00000276839	2	0	2
ENSG00000207974	0	0	0
ENSG00000273629	0	0	0
ENSG00000201493	0	0	0
ENSG00000215952	0	0	0
ENSG00000200139	0	0	0
ENSG00000283575	0	0	0
ENSG00000238765	0	0	0
ENSG00000264916	0	0	0
ENSG00000212338	0	0	0
ENSG00000206659	1	0	1
ENSG00000253025	0	0	0
ENSG00000201619	0	0	0
ENSG00000201544	4	1	3
ENSG00000202498	0	0	0
ENSG00000221545	0	0	0
ENSG00000252906	0	0	0
ENSG00000206692	0	0	0
ENSG00000202329	0	0	0
ENSG00000242794	0	0	0
ENSG00000212144	0	0	0
ENSG00000283340	0	0	0
ENSG00000252860	0	0	0
ENSG00000252501	0	0	0
ENSG00000263390	0	0	0
ENSG00000207181	0	0	0
ENSG00000265744	0	0	0
ENSG00000264377	0	0	0
ENSG00000207149	0	0	0
ENSG00000283936	0	0	0
ENSG00000284485	0	0	0
ENSG00000201638	0	0	0
ENSG00000275213	0	0	0
ENSG00000239494	5	4	1
ENSG00000212230	0	0	0
ENSG00000252371	0	0	0
ENSG00000199442	0	0	0
ENSG00000200033	0	0	0
ENSG00000239690	0	0	0
ENSG00000202184	0	0	0
ENSG00000241395	0	0	0
ENSG00000200982	0	0	0
ENSG00000275207	0	0	0
ENSG00000202300	0	0	0
ENSG00000222407	0	0	0
ENSG00000222986	0	0	0
ENSG00000265435	0	0	0
ENSG00000272262	0	0	0
ENSG00000200495	0	0	0
ENSG00000202609	0	0	0
ENSG00000252553	0	0	0
ENSG00000206764	0	0	0
ENSG00000222240	0	0	0
ENSG00000212187	0	0	0
ENSG00000206637	0	0	0
ENSG00000253097	0	0	0
ENSG00000200036	0	0	0
ENSG00000201421	0	0	0
ENSG00000212610	0	0	0
ENSG00000252484	0	0	0
ENSG00000201944	2	0	2
ENSG00000200327	0	0	0
ENSG00000206905	0	0	0
ENSG00000200972	0	0	0
ENSG00000243051	0	0	0
ENSG00000252011	0	0	0
ENSG00000207326	0	0	0
ENSG00000212205	2	2	0
ENSG00000253042	0	0	0
ENSG00000274121	0	0	0
ENSG00000264358	0	0	0
ENSG00000206640	0	0	0
ENSG00000212527	0	0	0
ENSG00000252879	0	0	0
ENSG00000252612	0	0	0
ENSG00000202264	0	0	0
ENSG00000285609	0	0	0
ENSG00000206762	3	3	0
ENSG00000252084	0	0	0
ENSG00000200085	0	0	0
ENSG00000264500	15	15	0
ENSG00000202025	0	0	0
ENSG00000225545	0	0	0
ENSG00000206990	0	0	0
ENSG00000230175	4	4	0
ENSG00000225272	0	0	0
ENSG00000215838	1	1	0
ENSG00000273365	0	0	0
ENSG00000224358	3	0	3
ENSG00000230659	0	0	0
ENSG00000162545	13	0	13
ENSG00000090432	664	3	661
ENSG00000215520	0	0	0
ENSG00000183114	0	0	0
ENSG00000158825	3212	2	3210
ENSG00000158828	459	115	1864
ENSG00000284005	0	0	0
ENSG00000117242	73	1424	168
ENSG00000234473	0	0	0
ENSG00000238754	0	0	0
ENSG00000134371	857	15	846
ENSG00000221680	0	0	0
ENSG00000162630	46	1	49
ENSG00000276735	0	0	0
ENSG00000232077	1	0	1
ENSG00000229639	0	0	0
ENSG00000287453	0	0	0
ENSG00000270615	0	0	0
ENSG00000287283	0	0	0
ENSG00000240692	0	0	0
ENSG00000229359	0	0	0
ENSG00000237919	0	0	0
ENSG00000066557	235	1	234
ENSG00000244389	0	0	0
ENSG00000228988	0	0	0
ENSG00000118454	414	1	413
ENSG00000226088	0	0	0
ENSG00000116761	23	0	23
ENSG00000278636	0	0	0
ENSG00000271992	2	0	2
ENSG00000233020	0	0	0
ENSG00000237033	0	0	0
ENSG00000226208	0	0	0
ENSG00000007968	241	0	241
ENSG00000235052	4	0	4
ENSG00000117318	454	2	452
ENSG00000285802	3	0	3
ENSG00000229239	1	0	1
ENSG00000142676	23304	219	23085
ENSG00000057757	750	6	744
ENSG00000011009	1279	3	1276
ENSG00000117308	180	2	178
ENSG00000273844	0	0	0
ENSG00000235748	0	0	0
ENSG00000237861	0	0	0
ENSG00000221879	0	0	0
ENSG00000230260	0	0	0
ENSG00000199241	0	0	0
ENSG00000226919	0	0	0
ENSG00000223963	0	0	0
ENSG00000215802	0	0	0
ENSG00000233615	0	0	0
ENSG00000238085	0	0	0
ENSG00000265831	0	0	0
ENSG00000224348	0	0	0
ENSG00000286496	0	0	0
ENSG00000287516	0	0	0
ENSG00000287738	0	0	0
ENSG00000132703	0	0	0
ENSG00000276632	0	0	0
ENSG00000223603	0	0	0
ENSG00000132693	0	0	0
ENSG00000235226	0	0	0
ENSG00000158716	168	1	167
ENSG00000181036	190	5	185
ENSG00000158714	9	43	46
ENSG00000212161	0	0	0
ENSG00000243284	0	4	4
ENSG00000272668	136	41	107
ENSG00000213085	94	1	93
ENSG00000266458	0	0	0
ENSG00000287040	3	3	0
ENSG00000279430	3	0	3
ENSG00000162723	0	0	0
ENSG00000273933	0	0	0
ENSG00000256029	5	20	19
ENSG00000188004	0	0	0
ENSG00000266580	0	0	0
ENSG00000254545	0	19	0
ENSG00000203620	0	0	0
ENSG00000269967	4	0	4
ENSG00000228634	8	8	0
ENSG00000284702	0	0	0
ENSG00000221040	0	0	0
ENSG00000287217	0	0	0
ENSG00000163399	2527	49	6516
ENSG00000212385	0	0	0
ENSG00000233154	18	0	18
ENSG00000230381	0	0	0
ENSG00000200547	0	0	0
ENSG00000224950	92	0	104
ENSG00000286276	11	23	0
ENSG00000177888	301	1	300
ENSG00000243364	130	1	129
ENSG00000251246	0	0	0
ENSG00000143590	19	0	19
ENSG00000202027	0	0	0
ENSG00000169242	59	0	59
ENSG00000169241	567	3	564
ENSG00000223452	0	0	0
ENSG00000163463	114	0	114
ENSG00000273088	0	0	0
ENSG00000284586	0	0	0
ENSG00000169231	406	5	910
ENSG00000236263	0	118	6
ENSG00000236675	110	109	1
ENSG00000177628	998	2	996
ENSG00000116521	847	1	846
ENSG00000176444	1649	5	1644
ENSG00000143630	41	0	47
ENSG00000143627	0	6	0
ENSG00000253074	0	0	0
ENSG00000252116	0	0	0
ENSG00000228523	0	0	0
ENSG00000223263	1	1	0
ENSG00000207504	0	0	0
ENSG00000238139	0	0	0
ENSG00000197721	10	1	10
ENSG00000244703	0	0	0
ENSG00000226289	0	0	0
ENSG00000285239	0	1	0
ENSG00000234219	4	4	0
ENSG00000174059	5	0	5
ENSG00000285719	0	0	0
ENSG00000284237	1	0	1
ENSG00000158731	0	0	0
ENSG00000201746	2	0	2
ENSG00000264881	0	0	0
ENSG00000199562	0	0	0
ENSG00000264501	0	0	0
ENSG00000284735	6	5	1
ENSG00000284642	18	5	13
ENSG00000142657	5611	23	5588
ENSG00000271989	0	0	0
ENSG00000251503	0	0	0
ENSG00000175279	2	0	2
ENSG00000160049	514	2	617
ENSG00000203469	0	58	0
ENSG00000236035	1	1	0
ENSG00000221643	1	0	1
ENSG00000122188	528	4	524
ENSG00000288644	0	0	0
ENSG00000227417	0	0	0
ENSG00000223505	0	0	0
ENSG00000182004	481	1	480
ENSG00000236430	0	0	0
ENSG00000130768	30	4	45
ENSG00000227050	1	21	3
ENSG00000238231	3	3	0
ENSG00000240750	1	0	1
ENSG00000158156	1974	6	1973
ENSG00000182118	35	0	35
ENSG00000283799	0	0	0
ENSG00000227934	0	0	0
ENSG00000229595	0	0	0
ENSG00000143633	366	2	364
ENSG00000281912	8	0	10
ENSG00000288208	0	0	0
ENSG00000132773	215	38	249
ENSG00000070759	264	16	273
ENSG00000236872	0	0	0
ENSG00000280670	25	0	25
ENSG00000132763	82	648	93
ENSG00000221953	0	0	0
ENSG00000226164	0	0	0
ENSG00000224014	1	0	1
ENSG00000215795	4	1	3
ENSG00000259865	107	1	106
ENSG00000227671	1424	4	1420
ENSG00000283881	0	0	0
ENSG00000252516	10	0	10
ENSG00000232347	0	0	0
ENSG00000214144	0	0	0
ENSG00000235818	0	0	0
ENSG00000197617	1	1	0
ENSG00000202079	1	1	0
ENSG00000286216	2	2	0
ENSG00000203664	0	0	0
ENSG00000169224	124	2	126
ENSG00000236817	0	4	0
ENSG00000177489	0	0	0
ENSG00000177476	0	0	0
ENSG00000283369	0	0	0
ENSG00000230411	0	0	0
ENSG00000251977	0	0	0
ENSG00000252254	0	0	0
ENSG00000227854	0	0	0
ENSG00000287589	0	0	0
ENSG00000259776	0	0	0
ENSG00000233355	1031	3	1042
ENSG00000234601	0	0	0
ENSG00000231979	0	0	0
ENSG00000215805	0	0	0
ENSG00000287102	0	0	0
ENSG00000217327	0	0	0
ENSG00000228818	0	0	0
ENSG00000202041	0	0	0
ENSG00000223694	0	0	0
ENSG00000233735	0	0	0
ENSG00000133019	8	14	8
ENSG00000162636	694	2	692
ENSG00000162639	402	1	401
ENSG00000285923	3	0	3
ENSG00000134186	2894	115	2780
ENSG00000143107	3	0	3
ENSG00000232971	0	0	0
ENSG00000116266	1599	3	1596
ENSG00000228076	1	1	0
ENSG00000203897	0	0	0
ENSG00000237349	0	0	0
ENSG00000244716	26	0	26
ENSG00000228665	0	0	0
ENSG00000228054	0	0	0
ENSG00000273382	18	137	16
ENSG00000215717	1753	5	1883
ENSG00000278249	0	0	0
ENSG00000270066	0	0	0
ENSG00000251484	0	0	0
ENSG00000132676	1640	149	1636
ENSG00000227673	0	0	0
ENSG00000203761	167	72	132
ENSG00000234937	0	0	0
ENSG00000132718	558	3	555
ENSG00000283442	1	1	0
ENSG00000143622	1869	2	1867
ENSG00000132680	1484	5	1479
ENSG00000207475	0	0	0
ENSG00000280466	0	0	0
ENSG00000281394	0	0	0
ENSG00000277817	0	0	0
ENSG00000273002	100	3	101
ENSG00000224276	2	2	0
ENSG00000285677	1	1385	3
ENSG00000163479	2818	6	4198
ENSG00000160803	626	0	627
ENSG00000132698	9	0	9
ENSG00000252236	1	1	0
ENSG00000260238	0	0	0
ENSG00000242252	6	0	6
ENSG00000198952	3818	14	3804
ENSG00000163472	276	276	299
ENSG00000163468	2615	10	2607
ENSG00000132677	0	0	0
ENSG00000237390	0	0	0
ENSG00000207933	0	0	0
ENSG00000254726	1	0	1
ENSG00000186377	0	0	0
ENSG00000186160	0	0	0
ENSG00000225154	0	0	0
ENSG00000225506	1	0	1
ENSG00000225514	0	0	0
ENSG00000224805	22	1	28
ENSG00000162366	240	0	240
ENSG00000226252	7	44	1
ENSG00000225762	3	2	1
ENSG00000186790	0	0	0
ENSG00000237424	37	0	37
ENSG00000189030	1	0	1
ENSG00000162763	0	0	0
ENSG00000143061	6	1	5
ENSG00000135821	14571	40	14531
ENSG00000203740	0	0	0
ENSG00000162374	6	0	6
ENSG00000168275	117	8	166
ENSG00000241563	0	0	0
ENSG00000153207	3302	10	3292
ENSG00000156869	85	0	85
ENSG00000033122	9	8	1
ENSG00000143278	0	0	0
ENSG00000116678	181	0	181
ENSG00000159352	2416	14	2402
ENSG00000158710	30324	49	30275
ENSG00000162734	1525	15	1592
ENSG00000049239	2486	8	2478
ENSG00000186564	8	0	8
ENSG00000244038	2677	16	2661
ENSG00000158747	34	0	34
ENSG00000116690	17	237	16
ENSG00000126091	24	1	23
ENSG00000162383	5	0	5
ENSG00000171163	898	8	890
ENSG00000172456	83	1	82
ENSG00000162946	520	0	520
ENSG00000158786	0	0	0
ENSG00000118733	0	0	0
ENSG00000157870	334	3	397
ENSG00000179085	146	0	146
ENSG00000173080	1	1	0
ENSG00000183347	31	0	31
ENSG00000276470	0	0	0
ENSG00000278852	0	0	0
ENSG00000275915	0	0	0
ENSG00000120937	0	0	0
ENSG00000224904	1	0	1
ENSG00000285646	17	16	1
ENSG00000199347	0	0	0
ENSG00000201801	0	0	0
ENSG00000116685	1757	4	1753
ENSG00000083444	1284	3	1281
ENSG00000287384	1	1	0
ENSG00000270914	0	0	0
ENSG00000116691	736	2	734
ENSG00000202461	1	1	0
ENSG00000276869	0	0	0
ENSG00000243539	0	0	0
ENSG00000120949	495	1	494
ENSG00000201135	0	0	0
ENSG00000227875	0	0	0
ENSG00000285604	0	0	0
ENSG00000283789	0	0	0
ENSG00000263676	0	0	0
ENSG00000200591	0	0	0
ENSG00000162521	2043	10	2822
ENSG00000162520	3	786	6
ENSG00000224409	0	0	0
ENSG00000162522	114	2	112
ENSG00000116497	902	2	917
ENSG00000160097	15	7	8
ENSG00000121905	1	0	1
ENSG00000121900	0	0	0
ENSG00000287691	24	33	0
ENSG00000278966	18	18	0
ENSG00000143222	894	8	1156
ENSG00000224985	4	269	5
ENSG00000143224	440	103	443
ENSG00000158850	931	7	1018
ENSG00000158859	19	1	18
ENSG00000158869	4891	3	4888
ENSG00000158874	3	3	0
ENSG00000158882	184	1	295
ENSG00000284035	0	0	0
ENSG00000143257	9	121	0
ENSG00000248485	45	45	0
ENSG00000188931	92	114	1
ENSG00000236484	0	0	0
ENSG00000283696	26	0	26
ENSG00000288093	3	0	3
ENSG00000206921	0	0	0
ENSG00000215840	1	0	1
ENSG00000277882	0	0	0
ENSG00000283317	3	3	0
ENSG00000277762	0	0	0
ENSG00000227139	0	0	0
ENSG00000265107	0	0	0
ENSG00000274415	0	0	0
ENSG00000234190	0	0	0
ENSG00000223728	0	0	0
ENSG00000121634	0	0	0
ENSG00000188092	115	0	115
ENSG00000215859	18	19	0
ENSG00000273059	0	0	1
ENSG00000274372	1	0	1
ENSG00000206791	0	0	0
ENSG00000206585	0	0	0
ENSG00000229828	1	0	1
ENSG00000225080	4	4	0
ENSG00000198658	0	0	0
ENSG00000238382	0	0	0
ENSG00000225919	0	0	0
ENSG00000236497	0	0	0
ENSG00000207190	0	0	0
ENSG00000200508	0	0	0
ENSG00000284928	0	0	0
ENSG00000223949	0	0	0
ENSG00000116688	3162	3	3159
ENSG00000188800	1	0	1
ENSG00000084073	847	3	850
ENSG00000231296	0	6	0
ENSG00000049089	552	6	546
ENSG00000227311	0	0	0
ENSG00000213172	0	0	0
ENSG00000284677	2	2	0
ENSG00000187801	43	0	43
ENSG00000260920	45	0	45
ENSG00000158887	158	0	158
ENSG00000255054	0	0	0
ENSG00000228172	16	296	20
ENSG00000117640	650	5	911
ENSG00000272478	0	0	0
ENSG00000127423	15	19	6
ENSG00000182749	337	31	489
ENSG00000207302	0	0	0
ENSG00000117632	419	3	416
ENSG00000229786	1	1	0
ENSG00000223624	0	0	0
ENSG00000283938	0	0	0
ENSG00000199385	0	0	0
ENSG00000187147	1172	21	1791
ENSG00000263381	0	0	0
ENSG00000126106	43	632	51
ENSG00000198520	736	7	729
ENSG00000199377	0	0	0
ENSG00000200169	0	0	0
ENSG00000142945	42	6	39
ENSG00000142937	16907	96	19212
ENSG00000264294	0	0	0
ENSG00000200913	2	0	2
ENSG00000202031	0	0	0
ENSG00000207421	0	0	0
ENSG00000281859	0	0	0
ENSG00000234093	2	1	1
ENSG00000142959	12	0	12
ENSG00000173846	520	8	545
ENSG00000117425	28	1	27
ENSG00000202444	0	0	0
ENSG00000226499	1	0	1
ENSG00000070785	156	1	155
ENSG00000253039	0	0	0
ENSG00000229815	0	0	0
ENSG00000232369	0	0	0
ENSG00000268949	0	0	0
ENSG00000126107	1130	4	1132
ENSG00000126088	686	8	684
ENSG00000234315	0	0	0
ENSG00000162408	563	2	561
ENSG00000229519	2	2	0
ENSG00000173662	0	0	0
ENSG00000204859	996	23	973
ENSG00000288629	0	0	0
ENSG00000230735	0	8	0
ENSG00000171488	1351	5	1346
ENSG00000226394	0	0	0
ENSG00000237200	2	0	2
ENSG00000070886	1	0	1
ENSG00000276835	0	0	0
ENSG00000265422	0	0	0
ENSG00000223776	2	83	4
ENSG00000273058	23	1	22
ENSG00000230325	12	62	4
ENSG00000119285	981	753	1195
ENSG00000226498	0	0	0
ENSG00000237991	0	0	0
ENSG00000244020	0	0	0
ENSG00000288099	0	0	0
ENSG00000225886	104	124	0
ENSG00000206767	0	0	0
ENSG00000226662	0	0	0
ENSG00000207095	0	0	0
ENSG00000287244	0	0	0
ENSG00000231344	0	0	0
ENSG00000230833	2	0	2
ENSG00000117758	865	2	863
ENSG00000269971	1	0	1
ENSG00000270031	3	0	3
ENSG00000223062	1	0	1
ENSG00000286433	0	76	0
ENSG00000117751	1018	27	1067
ENSG00000252947	0	0	0
ENSG00000130775	9115	20	9127
ENSG00000117748	1659	269	1422
ENSG00000223643	0	0	0
ENSG00000230239	0	0	0
ENSG00000263811	0	0	0
ENSG00000277234	0	0	0
ENSG00000235241	0	55	1
ENSG00000207005	0	0	0
ENSG00000272426	3	3	0
ENSG00000117122	0	0	0
ENSG00000286898	0	0	0
ENSG00000226526	0	64	0
ENSG00000159363	720	0	758
ENSG00000117118	1163	1	1162
ENSG00000117115	4511	9	4502
ENSG00000204362	0	0	0
ENSG00000282843	0	0	0
ENSG00000142623	0	0	0
ENSG00000142619	0	0	0
ENSG00000266634	0	0	0
ENSG00000199459	0	0	0
ENSG00000273264	0	0	0
ENSG00000282057	0	0	0
ENSG00000272691	0	0	0
ENSG00000199934	0	0	0
ENSG00000230285	0	0	0
ENSG00000142871	1	1	0
ENSG00000226643	0	0	0
ENSG00000234419	0	0	0
ENSG00000276997	6	0	6
ENSG00000222399	0	0	0
ENSG00000267305	0	0	0
ENSG00000143512	1	0	1
ENSG00000143498	123	0	132
ENSG00000225265	10	9	10
ENSG00000154305	2052	74	2443
ENSG00000229399	0	0	0
ENSG00000272750	12	459	18
ENSG00000186063	921	44	901
ENSG00000162819	1200	5	1220
ENSG00000287684	5	27	5
ENSG00000234523	0	0	0
ENSG00000287338	4	0	4
ENSG00000187554	873	126	747
ENSG00000236846	2	0	2
ENSG00000226601	0	0	0
ENSG00000164010	260	12	437
ENSG00000164011	217	0	217
ENSG00000233708	0	0	0
ENSG00000237090	0	0	0
ENSG00000225099	0	0	0
ENSG00000284138	3	0	3
ENSG00000283973	0	1	0
ENSG00000207256	0	0	0
ENSG00000283136	0	0	0
ENSG00000277513	0	0	0
ENSG00000154309	138	0	138
ENSG00000226967	0	0	0
ENSG00000231407	1	0	1
ENSG00000229570	0	0	0
ENSG00000203857	0	0	0
ENSG00000226443	0	0	0
ENSG00000249798	0	0	0
ENSG00000239873	1	0	1
ENSG00000203855	0	0	0
ENSG00000240244	0	0	0
ENSG00000260941	4	0	4
ENSG00000198857	2	2	0
ENSG00000143067	80	0	80
ENSG00000134240	0	0	0
ENSG00000134193	64	0	64
ENSG00000215864	0	0	0
ENSG00000227205	0	0	0
ENSG00000226446	0	0	0
ENSG00000134249	0	0	0
ENSG00000092621	120	0	120
ENSG00000027644	2	0	2
ENSG00000241992	0	0	0
ENSG00000234226	0	0	0
ENSG00000137970	59	1	58
ENSG00000223229	0	0	0
ENSG00000285698	0	0	0
ENSG00000228035	0	0	0
ENSG00000287103	0	0	0
ENSG00000226973	0	0	0
ENSG00000274468	0	0	0
ENSG00000130764	759	20	857
ENSG00000266075	3	3	0
ENSG00000272153	22	136	4
ENSG00000230026	0	0	0
ENSG00000285177	0	0	0
ENSG00000284770	13	86	15
ENSG00000229795	0	0	0
ENSG00000238236	0	0	0
ENSG00000235638	0	0	0
ENSG00000231199	0	0	0
ENSG00000226663	0	0	0
ENSG00000231582	0	0	0
ENSG00000232714	0	0	0
ENSG00000235761	0	0	0
ENSG00000270710	0	0	0
ENSG00000227236	0	0	0
ENSG00000198837	6277	19	6631
ENSG00000160741	2713	3	2710
ENSG00000276584	0	0	0
ENSG00000282386	13	1	12
ENSG00000273026	6	3	3
ENSG00000143578	99	9	127
ENSG00000143543	168	12	174
ENSG00000285641	0	6	0
ENSG00000143545	13	1	12
ENSG00000177954	28753	66	28687
ENSG00000231416	0	0	0
ENSG00000200220	0	0	0
ENSG00000231837	0	0	0
ENSG00000263987	0	0	0
ENSG00000162642	450	1	449
ENSG00000223254	0	0	0
ENSG00000223653	10	64	15
ENSG00000116198	954	2	953
ENSG00000169598	345	2	344
ENSG00000226653	0	0	0
ENSG00000207209	0	0	0
ENSG00000272443	0	0	0
ENSG00000272480	0	0	0
ENSG00000288626	0	0	0
ENSG00000162836	182	0	182
ENSG00000207080	0	0	0
ENSG00000231791	0	0	0
ENSG00000244568	0	0	0
ENSG00000271387	0	0	0
ENSG00000116667	125	2	123
ENSG00000230470	0	0	0
ENSG00000232036	0	0	0
ENSG00000285847	1	1	0
ENSG00000286378	0	0	0
ENSG00000215381	0	0	0
ENSG00000261326	135	0	135
ENSG00000284726	5	5	0
ENSG00000125945	290	18	291
ENSG00000201405	0	0	0
ENSG00000271420	4	0	4
ENSG00000204219	194	1	193
ENSG00000232482	0	0	0
ENSG00000285779	0	0	0
ENSG00000162885	137	65	262
ENSG00000270780	0	0	0
ENSG00000232895	0	0	0
ENSG00000273698	0	0	0
ENSG00000273112	15	1	14
ENSG00000173110	7680	54	7626
ENSG00000224203	18	39	0
ENSG00000224515	2	0	2
ENSG00000225217	2182	71	2112
ENSG00000231586	6	11	0
ENSG00000234211	8	97	18
ENSG00000213075	7	7	0
ENSG00000143125	1	0	1
ENSG00000270380	0	0	0
ENSG00000282887	0	0	0
ENSG00000283999	0	0	0
ENSG00000240194	0	0	0
ENSG00000235407	0	0	0
ENSG00000143105	0	0	0
ENSG00000199710	0	0	0
ENSG00000237415	0	0	0
ENSG00000232791	0	0	0
ENSG00000177301	32	1	31
ENSG00000226828	12	16	0
ENSG00000279774	0	0	0
ENSG00000229960	0	0	0
ENSG00000286486	0	0	0
ENSG00000244066	0	0	0
ENSG00000237759	0	0	0
ENSG00000287531	0	0	0
ENSG00000225855	105	733	25
ENSG00000283701	0	0	0
ENSG00000207134	0	0	0
ENSG00000227773	1	0	1
ENSG00000207144	0	0	0
ENSG00000237872	0	0	0
ENSG00000271267	6	6	0
ENSG00000225082	1	0	1
ENSG00000223503	4	4	0
ENSG00000232519	2	3	0
ENSG00000160752	434	13	1062
ENSG00000121957	83	209	129
ENSG00000235089	1	0	1
ENSG00000285179	0	0	0
ENSG00000223026	0	0	0
ENSG00000225721	0	2389	16
ENSG00000188396	18	43	8
ENSG00000202167	0	0	0
ENSG00000207349	0	0	0
ENSG00000252826	0	0	0
ENSG00000206737	0	0	0
ENSG00000223779	0	0	0
ENSG00000242352	0	0	0
ENSG00000270962	0	0	0
ENSG00000263590	16	0	16
ENSG00000252105	0	0	0
ENSG00000233430	1	0	1
ENSG00000237503	0	0	0
ENSG00000265531	24	0	27
ENSG00000234571	3	6	0
ENSG00000230186	0	1	0
ENSG00000268074	0	0	0
ENSG00000270872	5	0	5
ENSG00000276674	0	0	0
ENSG00000082482	0	0	0
ENSG00000116747	733	16	809
ENSG00000118729	0	0	0
ENSG00000134207	0	0	0
ENSG00000163467	4	6	0
ENSG00000243710	4	0	4
ENSG00000117395	433	4	429
ENSG00000116874	118	12	123
ENSG00000065600	220	3	217
ENSG00000009780	226	0	226
ENSG00000023572	196	80	168
ENSG00000077254	1787	8	1779
ENSG00000134644	2265	6	2259
ENSG00000215788	1017	3	1091
ENSG00000117834	57	16	48
ENSG00000117625	1182	4	1178
ENSG00000179902	1	2	1
ENSG00000020633	2625	8	2617
ENSG00000121766	374	5	542
ENSG00000143157	1466	5	1461
ENSG00000162614	162	4	167
ENSG00000160781	281	0	281
ENSG00000143344	93	0	93
ENSG00000162613	2508	8	2500
ENSG00000116882	0	0	0
ENSG00000198758	1	0	1
ENSG00000117569	301	2	299
ENSG00000142856	141	96	139
ENSG00000158022	0	0	0
ENSG00000116396	151	1	150
ENSG00000058668	3466	20	3446
ENSG00000163875	967	6	961
ENSG00000282872	0	0	0
ENSG00000131238	8980	34	8949
ENSG00000171680	55	0	55
ENSG00000244457	0	0	0
ENSG00000116977	1748	313	2718
ENSG00000229372	0	221	1
ENSG00000274975	0	0	0
ENSG00000229348	0	0	0
ENSG00000242485	590	21	662
ENSG00000264293	0	0	0
ENSG00000272455	57	0	57
ENSG00000225905	0	0	0
ENSG00000225285	0	0	0
ENSG00000179403	0	0	0
ENSG00000215915	21	0	21
ENSG00000236085	0	0	0
ENSG00000234441	0	0	0
ENSG00000227408	0	0	0
ENSG00000223635	0	0	0
ENSG00000135776	467	0	467
ENSG00000199672	1	0	1
ENSG00000201492	1	1	0
ENSG00000229367	0	0	0
ENSG00000135763	394	1	393
ENSG00000213028	0	0	0
ENSG00000225984	0	0	0
ENSG00000178828	0	0	0
ENSG00000235434	0	0	0
ENSG00000169914	249	1	248
ENSG00000188784	0	0	0
ENSG00000242688	0	0	0
ENSG00000177186	0	0	0
ENSG00000177174	0	0	0
ENSG00000269956	33	304	0
ENSG00000162456	0	0	0
ENSG00000079277	1460	2	1729
ENSG00000117407	1	0	1
ENSG00000237950	38	1	37
ENSG00000117408	612	2	610
ENSG00000285649	1	71	0
ENSG00000117410	5149	3	5146
ENSG00000159214	58	1	70
ENSG00000196517	8	13	9
ENSG00000227163	0	0	0
ENSG00000271647	0	0	0
ENSG00000239560	0	0	0
ENSG00000196539	0	0	0
ENSG00000229255	2	1	1
ENSG00000203661	0	0	0
ENSG00000271934	0	0	0
ENSG00000224521	0	0	0
ENSG00000227102	0	0	0
ENSG00000183310	0	0	0
ENSG00000201602	0	0	0
ENSG00000271701	0	0	0
ENSG00000189181	0	0	0
ENSG00000187238	0	0	0
ENSG00000185962	0	0	0
ENSG00000226947	0	0	0
ENSG00000285753	0	0	0
ENSG00000187223	0	0	0
ENSG00000159455	0	0	0
ENSG00000187173	0	0	0
ENSG00000204501	0	0	0
ENSG00000228229	0	0	0
ENSG00000204481	0	0	0
ENSG00000204479	0	0	0
ENSG00000172031	2	0	2
ENSG00000233228	0	0	0
ENSG00000224678	0	0	0
ENSG00000233401	0	0	0
ENSG00000273487	2	0	2
ENSG00000226773	0	0	0
ENSG00000274481	0	0	0
ENSG00000228594	96	0	96
ENSG00000286989	38	0	38
ENSG00000272106	57	3	57
ENSG00000189409	2	1	1
ENSG00000272004	1	224	5
ENSG00000189339	2355	32	2551
ENSG00000269737	77	74	3
ENSG00000215914	1	0	1
ENSG00000008128	76	0	77
ENSG00000268575	87	0	167
ENSG00000227775	514	606	2
ENSG00000008130	15462	38	15424
ENSG00000078369	9950	50	9900
ENSG00000178821	0	0	0
ENSG00000158477	79	0	79
ENSG00000230942	0	0	0
ENSG00000158481	454	1	453
ENSG00000158485	3	0	3
ENSG00000158488	11	1	10
ENSG00000186306	0	0	0
ENSG00000203758	0	0	0
ENSG00000236257	0	0	0
ENSG00000236656	0	0	0
ENSG00000198703	0	0	0
ENSG00000227445	0	0	0
ENSG00000231434	0	0	0
ENSG00000117505	1953	9	2017
ENSG00000229635	6	6	0
ENSG00000207379	0	0	0
ENSG00000212601	0	0	0
ENSG00000162889	3102	11	3091
ENSG00000224114	137	11	126
ENSG00000199349	2	2	0
ENSG00000162892	99	1127	2
ENSG00000162894	7868	23	8875
ENSG00000271680	29	29	0
ENSG00000226945	42	42	0
ENSG00000162896	3	0	3
ENSG00000162897	0	0	0
ENSG00000182795	20	0	20
ENSG00000198890	269	1	268
ENSG00000224550	0	0	0
ENSG00000142669	8089	26	11955
ENSG00000169442	4231	24	8105
ENSG00000225854	2	1	1
ENSG00000176083	127	1	126
ENSG00000229167	0	0	0
ENSG00000142910	0	0	0
ENSG00000162517	1049	7	1229
ENSG00000235790	1	1	1
ENSG00000264078	0	0	0
ENSG00000241745	0	0	0
ENSG00000228407	1	1	0
ENSG00000223429	0	0	0
ENSG00000224255	1	0	1
ENSG00000236004	0	0	0
ENSG00000237663	0	0	0
ENSG00000213735	0	0	0
ENSG00000272100	2	144	0
ENSG00000287078	0	0	0
ENSG00000224680	0	0	0
ENSG00000085840	24	0	24
ENSG00000283445	7	0	7
ENSG00000272226	5	5	0
ENSG00000231740	0	0	0
ENSG00000143751	985	7	978
ENSG00000272562	15	0	17
ENSG00000163041	12508	31	12479
ENSG00000225518	5	0	5
ENSG00000270598	0	0	0
ENSG00000182827	627	11	745
ENSG00000234478	2	131	0
ENSG00000223570	0	0	0
ENSG00000185155	1	0	1
ENSG00000236773	0	0	0
ENSG00000143753	1394	4	1390
ENSG00000201898	0	0	0
ENSG00000237101	2	48	5
ENSG00000143748	423	5	469
ENSG00000221406	0	0	0
ENSG00000229742	0	0	0
ENSG00000206887	0	0	0
ENSG00000143771	588	4	584
ENSG00000266618	0	0	0
ENSG00000229991	0	0	0
ENSG00000233384	0	0	0
ENSG00000234247	0	0	0
ENSG00000183682	148	181	24
ENSG00000237624	0	0	0
ENSG00000228060	7	596	2
ENSG00000201457	0	0	0
ENSG00000163909	6	0	6
ENSG00000225903	0	0	0
ENSG00000116983	239	1	238
ENSG00000225333	0	0	0
ENSG00000252413	0	0	0
ENSG00000090621	1890	11	2470
ENSG00000236994	0	0	0
ENSG00000275406	0	0	0
ENSG00000270287	0	0	0
ENSG00000229965	0	0	0
ENSG00000223282	0	0	0
ENSG00000177770	0	0	0
ENSG00000287627	0	0	0
ENSG00000283933	0	0	0
ENSG00000143369	24	0	24
ENSG00000228126	2	0	2
ENSG00000237781	152	201	368
ENSG00000264553	14	14	0
ENSG00000277452	22	1	21
ENSG00000274963	22	0	22
ENSG00000253047	2	0	2
ENSG00000143420	2155	21	2134
ENSG00000276103	2	0	2
ENSG00000143457	471	0	471
ENSG00000143452	76	0	76
ENSG00000206931	0	0	0
ENSG00000236713	1	0	1
ENSG00000224690	1	0	1
ENSG00000203804	9	335	201
ENSG00000143384	43467	151	43318
ENSG00000154342	0	0	0
ENSG00000276255	3	0	3
ENSG00000284163	0	0	0
ENSG00000143793	236	12	224
ENSG00000162910	312	1	311
ENSG00000224566	6	3	3
ENSG00000287895	6	4	2
ENSG00000280157	9	0	9
ENSG00000227625	0	0	0
ENSG00000198835	8	0	8
ENSG00000203684	4	0	4
ENSG00000181873	22