N_unmapped	431571	431571	431571
N_multimapping	1420129	1420129	1420129
N_noFeature	1346276	23583678	1455511
N_ambiguous	2253816	38131	1029420
ENSG00000160072	270	2	268
ENSG00000234396	0	0	0
ENSG00000225972	8	0	8
ENSG00000224315	0	0	0
ENSG00000198744	11	0	11
ENSG00000279928	0	0	0
ENSG00000228037	33	1	32
ENSG00000142611	1	0	1
ENSG00000225630	791	7	784
ENSG00000284616	0	0	0
ENSG00000157911	86	461	159
ENSG00000269896	38	0	38
ENSG00000237973	348	0	367
ENSG00000228463	17	0	22
ENSG00000260972	0	0	0
ENSG00000157933	1869	2	1867
ENSG00000224340	0	0	0
ENSG00000226545	0	0	0
ENSG00000268663	0	0	0
ENSG00000226374	0	0	0
ENSG00000229280	0	0	0
ENSG00000142655	309	58	309
ENSG00000232596	0	0	0
ENSG00000235054	0	0	0
ENSG00000232663	2	2	0
ENSG00000240409	1	0	1
ENSG00000229344	10	0	11
ENSG00000231510	0	0	0
ENSG00000149527	147	12	135
ENSG00000284739	0	0	0
ENSG00000171621	159	0	159
ENSG00000272235	0	0	0
ENSG00000284694	0	0	0
ENSG00000230021	6	37	6
ENSG00000287356	8	7	2
ENSG00000224387	3	1	2
ENSG00000285629	0	0	0
ENSG00000173673	0	0	0
ENSG00000142583	45	1	44
ENSG00000284674	0	0	0
ENSG00000272161	0	0	0
ENSG00000237094	165	0	165
ENSG00000224338	0	0	0
ENSG00000074800	13934	2	13932
ENSG00000116786	1903	1	2118
ENSG00000287727	4	4	0
ENSG00000228423	0	0	0
ENSG00000286448	0	5	0
ENSG00000131686	36	36	16
ENSG00000229305	0	0	0
ENSG00000284703	0	0	0
ENSG00000226457	0	0	0
ENSG00000173614	266	0	266
ENSG00000248527	2641	56	2585
ENSG00000215720	0	0	0
ENSG00000241326	0	0	0
ENSG00000233623	0	0	0
ENSG00000162592	0	38	0
ENSG00000116254	20	0	20
ENSG00000233645	0	0	0
ENSG00000204624	12	0	13
ENSG00000142606	10	57	18
ENSG00000235146	0	0	0
ENSG00000225931	17	4	13
ENSG00000171729	74	0	78
ENSG00000279457	35	0	35
ENSG00000162571	4	0	7
ENSG00000229393	4	3	1
ENSG00000037637	998	1	997
ENSG00000287586	6	0	6
ENSG00000159423	123	0	123
ENSG00000142599	4813	38	4779
ENSG00000227169	0	0	0
ENSG00000283356	0	0	0
ENSG00000011021	687	1	709
ENSG00000142615	0	0	0
ENSG00000215704	2	6	0
ENSG00000157916	1746	74	2206
ENSG00000157881	669	2	667
ENSG00000238290	0	0	0
ENSG00000225387	0	0	0
ENSG00000048707	3656	0	3656
ENSG00000158748	30	0	30
ENSG00000225196	0	0	0
ENSG00000162444	296	0	296
ENSG00000279625	0	0	0
ENSG00000180758	99	0	99
ENSG00000184677	1821	2	1819
ENSG00000230679	1	0	1
ENSG00000270136	0	0	0
ENSG00000288398	87	0	87
ENSG00000224621	0	0	0
ENSG00000285833	0	1	0
ENSG00000131697	252	0	257
ENSG00000284692	0	0	0
ENSG00000284745	0	0	0
ENSG00000280222	0	0	0
ENSG00000227634	0	0	0
ENSG00000285945	0	0	0
ENSG00000229162	4	1	3
ENSG00000197921	0	0	0
ENSG00000233755	0	0	0
ENSG00000233929	0	0	0
ENSG00000271742	0	0	0
ENSG00000226396	10	0	10
ENSG00000169504	1233	0	1233
ENSG00000234166	0	28	0
ENSG00000235282	0	0	0
ENSG00000055070	2650	8	4173
ENSG00000175087	474	0	474
ENSG00000157191	3320	14	3307
ENSG00000284699	0	0	0
ENSG00000230035	0	0	0
ENSG00000235185	0	0	0
ENSG00000225643	4	0	4
ENSG00000284666	0	0	0
ENSG00000228943	0	0	0
ENSG00000234397	0	0	0
ENSG00000284309	0	0	0
ENSG00000162511	24800	10	41644
ENSG00000158014	0	0	0
ENSG00000204138	1049	0	1049
ENSG00000233419	0	0	0
ENSG00000235263	0	0	0
ENSG00000228176	0	0	0
ENSG00000231251	0	0	0
ENSG00000142675	45	0	45
ENSG00000197245	0	0	0
ENSG00000261025	4	4	0
ENSG00000116237	871	5	901
ENSG00000130772	416	0	416
ENSG00000215899	0	0	0
ENSG00000271398	0	0	0
ENSG00000225011	0	0	0
ENSG00000235069	0	0	0
ENSG00000284676	0	0	0
ENSG00000237058	1	1	0
ENSG00000233399	0	0	0
ENSG00000090020	1379	1	1378
ENSG00000157978	3581	2	3579
ENSG00000226944	0	0	0
ENSG00000270282	0	0	0
ENSG00000130770	409	20	665
ENSG00000229044	0	189	0
ENSG00000162512	367	0	367
ENSG00000158006	797	0	797
ENSG00000214812	1	0	1
ENSG00000126698	2099	3	2096
ENSG00000229447	1	0	1
ENSG00000229607	0	0	0
ENSG00000130766	359	0	359
ENSG00000168528	70	0	70
ENSG00000196581	7	0	7
ENSG00000169403	4846	1	4845
ENSG00000084628	2	0	2
ENSG00000060688	875	0	875
ENSG00000171612	115	0	115
ENSG00000270927	0	0	0
ENSG00000188910	0	0	0
ENSG00000230523	0	0	0
ENSG00000116138	819	167	763
ENSG00000158161	956	0	956
ENSG00000142684	0	0	77
ENSG00000234619	0	0	0
ENSG00000121769	15	15	0
ENSG00000142627	61	0	61
ENSG00000284668	0	0	0
ENSG00000233234	0	0	0
ENSG00000142632	150	0	178
ENSG00000234593	0	0	0
ENSG00000158292	57	0	57
ENSG00000270605	58	2	56
ENSG00000189337	23	2	29
ENSG00000232912	100	1	103
ENSG00000235084	3	0	3
ENSG00000235143	0	0	0
ENSG00000225478	0	0	0
ENSG00000225077	5	32	4
ENSG00000028137	16924	5	16919
ENSG00000238249	5	5	0
ENSG00000204464	0	0	0
ENSG00000233372	0	0	0
ENSG00000283259	0	0	0
ENSG00000284543	6	0	6
ENSG00000130939	1639	1	1638
ENSG00000175147	6	10	8
ENSG00000127472	0	0	0
ENSG00000060656	38	0	38
ENSG00000163867	351	5	346
ENSG00000232768	0	0	0
ENSG00000230214	0	0	0
ENSG00000189280	2	2	0
ENSG00000134698	3759	3	3756
ENSG00000134690	69	0	69
ENSG00000272420	6	0	6
ENSG00000132881	56	0	56
ENSG00000273274	0	0	0
ENSG00000116251	2154	1	2155
ENSG00000272510	0	40	6
ENSG00000158286	53	7	52
ENSG00000236648	0	0	0
ENSG00000232273	0	0	0
ENSG00000009709	0	0	0
ENSG00000287396	0	0	0
ENSG00000223589	0	0	0
ENSG00000158008	0	0	0
ENSG00000130940	147	0	266
ENSG00000116771	204	2	267
ENSG00000237301	5	5	0
ENSG00000162585	245	88	262
ENSG00000163879	3	8	3
ENSG00000227527	2	2	0
ENSG00000116954	394	0	394
ENSG00000228589	6	0	6
ENSG00000163873	5	0	5
ENSG00000117215	16	0	16
ENSG00000196449	205	4	251
ENSG00000230163	0	34	0
ENSG00000227538	0	0	0
ENSG00000232208	41	0	41
ENSG00000236500	0	0	0
ENSG00000044012	0	0	0
ENSG00000179051	3418	1	4016
ENSG00000215895	1	0	1
ENSG00000231868	0	0	0
ENSG00000284650	0	0	0
ENSG00000237329	1	1	0
ENSG00000236948	1	0	1
ENSG00000126067	1871	0	1871
ENSG00000274944	0	0	0
ENSG00000132906	404	0	408
ENSG00000197312	1658	1	1657
ENSG00000284748	0	0	0
ENSG00000272078	6	125	0
ENSG00000173660	1191	1	1190
ENSG00000224592	0	0	0
ENSG00000233728	0	16	0
ENSG00000230451	0	0	0
ENSG00000231606	0	0	0
ENSG00000215900	0	0	0
ENSG00000284632	0	0	0
ENSG00000241014	16	0	16
ENSG00000054118	5601	3	5598
ENSG00000254553	0	0	0
ENSG00000284653	0	0	0
ENSG00000237749	14	0	14
ENSG00000276747	22	0	22
ENSG00000284705	0	0	0
ENSG00000228776	0	0	0
ENSG00000159339	1420	0	1420
ENSG00000223814	0	0	0
ENSG00000197982	122	47	125
ENSG00000261781	0	0	0
ENSG00000183317	0	0	0
ENSG00000183386	979	0	979
ENSG00000284743	0	0	0
ENSG00000158315	2	5	0
ENSG00000204084	886	0	1021
ENSG00000186973	0	0	0
ENSG00000271806	4	18	4
ENSG00000146463	1569	0	1764
ENSG00000279214	0	0	0
ENSG00000183520	520	2	518
ENSG00000271741	0	0	0
ENSG00000214141	0	0	0
ENSG00000142686	241	1	240
ENSG00000224751	0	0	0
ENSG00000279096	0	0	0
ENSG00000117148	0	0	0
ENSG00000230585	3	5	0
ENSG00000117000	1205	0	1205
ENSG00000284989	0	0	0
ENSG00000231630	0	0	0
ENSG00000092853	77	0	91
ENSG00000255811	1	0	2
ENSG00000134697	1057	3	1062
ENSG00000187513	2	1	1
ENSG00000238145	0	0	0
ENSG00000225142	0	0	0
ENSG00000230138	51	0	51
ENSG00000223390	0	11	0
ENSG00000285823	2	0	2
ENSG00000284720	0	0	0
ENSG00000225028	0	0	0
ENSG00000225671	0	0	0
ENSG00000116151	65	0	66
ENSG00000226147	0	0	0
ENSG00000182873	47	25	27
ENSG00000006555	186	0	186
ENSG00000236111	0	0	0
ENSG00000066056	16	0	16
ENSG00000214114	478	11	467
ENSG00000173436	154	3	156
ENSG00000116544	21	0	21
ENSG00000231900	0	0	0
ENSG00000236723	0	326	14
ENSG00000232467	0	0	0
ENSG00000117016	151	0	151
ENSG00000121310	448	4	444
ENSG00000169213	2	0	2
ENSG00000163866	624	0	658
ENSG00000225779	0	0	0
ENSG00000284601	0	0	0
ENSG00000237130	0	0	0
ENSG00000143001	0	0	0
ENSG00000229716	0	0	0
ENSG00000226133	0	0	0
ENSG00000227416	0	0	0
ENSG00000232335	0	14	0
ENSG00000260971	0	0	0
ENSG00000259832	0	0	0
ENSG00000284696	0	0	0
ENSG00000238242	0	0	0
ENSG00000285839	0	0	0
ENSG00000237290	0	0	0
ENSG00000232762	0	0	0
ENSG00000117419	322	1	321
ENSG00000162384	548	16	575
ENSG00000162391	1	2	0
ENSG00000174348	23	0	26
ENSG00000154198	0	0	0
ENSG00000117859	1810	43	1788
ENSG00000228121	0	0	0
ENSG00000253313	1	0	1
ENSG00000162396	99	0	99
ENSG00000203995	2	0	2
ENSG00000227742	1	1	0
ENSG00000284686	0	0	0
ENSG00000162378	1041	1	1040
ENSG00000233079	0	0	0
ENSG00000259818	0	0	0
ENSG00000229444	0	1	0
ENSG00000240563	43	0	43
ENSG00000234318	0	0	0
ENSG00000284773	18	0	18
ENSG00000234481	0	0	0
ENSG00000117862	81	0	81
ENSG00000235612	0	0	0
ENSG00000228369	1	1	0
ENSG00000183431	2098	5	2093
ENSG00000227485	0	0	0
ENSG00000224609	1	0	1
ENSG00000235545	0	0	0
ENSG00000236646	0	0	0
ENSG00000169174	0	0	0
ENSG00000232198	0	0	0
ENSG00000238063	1	0	1
ENSG00000227104	0	0	0
ENSG00000243725	10	0	10
ENSG00000171872	0	0	0
ENSG00000162407	25	0	25
ENSG00000285079	1	0	1
ENSG00000169218	1	0	1
ENSG00000163877	756	11	745
ENSG00000228929	5	0	5
ENSG00000224570	0	0	0
ENSG00000224980	0	0	0
ENSG00000278967	2	2	0
ENSG00000157184	201	50	536
ENSG00000272491	3	0	4
ENSG00000198815	2263	0	2263
ENSG00000134744	2000	6	1994
ENSG00000233910	0	0	0
ENSG00000287703	0	0	0
ENSG00000283039	0	0	0
ENSG00000229032	0	0	0
ENSG00000229294	0	0	0
ENSG00000232993	0	3	0
ENSG00000234088	0	0	0
ENSG00000236973	0	0	0
ENSG00000227947	0	0	0
ENSG00000277397	0	0	0
ENSG00000271200	1	0	1
ENSG00000235446	0	0	0
ENSG00000261196	0	0	0
ENSG00000162385	554	0	554
ENSG00000231413	0	0	0
ENSG00000234264	0	0	0
ENSG00000242391	0	0	0
ENSG00000223883	0	0	0
ENSG00000284808	2	0	2
ENSG00000242267	0	0	0
ENSG00000237227	0	0	0
ENSG00000275350	0	0	0
ENSG00000116652	5	1	7
ENSG00000123080	116	0	116
ENSG00000285778	0	0	0
ENSG00000077549	8157	3	8159
ENSG00000233407	0	0	0
ENSG00000225675	2	0	2
ENSG00000237622	0	0	0
ENSG00000162598	1	0	1
ENSG00000280317	0	0	0
ENSG00000162415	46	0	46
ENSG00000162600	422	0	422
ENSG00000116704	739	0	739
ENSG00000227644	0	0	0
ENSG00000157193	191	1	248
ENSG00000116205	604	0	620
ENSG00000198841	88	0	88
ENSG00000116212	156	0	156
ENSG00000234204	0	0	0
ENSG00000233099	0	0	0
ENSG00000233994	0	0	0
ENSG00000237180	0	0	0
ENSG00000213561	0	0	0
ENSG00000233973	0	0	0
ENSG00000237552	0	0	0
ENSG00000132854	1	0	1
ENSG00000227556	0	0	0
ENSG00000162616	204	0	204
ENSG00000162607	1669	1	1668
ENSG00000233602	0	0	0
ENSG00000233271	0	0	0
ENSG00000285954	29	29	0
ENSG00000233333	0	0	0
ENSG00000154027	357	0	362
ENSG00000234108	0	0	0
ENSG00000232676	0	0	0
ENSG00000225167	0	0	0
ENSG00000132122	75	0	75
ENSG00000213579	0	0	0
ENSG00000137960	2	0	2
ENSG00000237852	0	0	0
ENSG00000116745	0	0	0
ENSG00000132855	0	0	0
ENSG00000285407	0	0	0
ENSG00000272855	0	0	0
ENSG00000270549	0	0	0
ENSG00000237163	0	0	0
ENSG00000229636	0	0	0
ENSG00000116675	31	0	31
ENSG00000162433	27	0	27
ENSG00000213625	1512	0	1512
ENSG00000227207	0	0	0
ENSG00000227016	0	0	0
ENSG00000233664	0	0	0
ENSG00000158966	92	0	92
ENSG00000213703	0	0	0
ENSG00000203965	87	1	90
ENSG00000223479	0	0	0
ENSG00000233674	0	0	0
ENSG00000153898	213	0	213
ENSG00000117069	0	0	0
ENSG00000125703	437	0	437
ENSG00000285041	0	0	0
ENSG00000285808	0	0	0
ENSG00000229440	0	0	0
ENSG00000234144	0	0	0
ENSG00000213540	0	0	0
ENSG00000277670	0	0	0
ENSG00000227466	0	0	0
ENSG00000154007	0	0	0
ENSG00000230498	0	0	0
ENSG00000285782	0	0	0
ENSG00000162618	0	0	0
ENSG00000224493	0	0	0
ENSG00000131233	0	0	0
ENSG00000272371	0	0	0
ENSG00000287647	5	5	5
ENSG00000229225	0	0	0
ENSG00000230863	0	0	0
ENSG00000213560	0	0	0
ENSG00000287224	1	0	1
ENSG00000225598	0	0	0
ENSG00000286455	0	0	0
ENSG00000225087	0	0	0
ENSG00000224986	0	0	0
ENSG00000280378	17	0	17
ENSG00000188786	2586	4	2582
ENSG00000230053	0	0	0
ENSG00000137941	15	2	14
ENSG00000273338	4	4	0
ENSG00000223720	0	0	0
ENSG00000224326	0	0	0
ENSG00000286548	10	10	0
ENSG00000066135	518	3	740
ENSG00000230027	0	0	0
ENSG00000233061	0	0	0
ENSG00000272094	0	0	0
ENSG00000228853	0	0	0
ENSG00000215874	0	0	0
ENSG00000232453	5	0	5
ENSG00000260386	1	0	1
ENSG00000284895	0	0	0
ENSG00000117174	706	0	706
ENSG00000237413	0	0	0
ENSG00000184313	0	0	0
ENSG00000284645	0	0	0
ENSG00000225605	0	0	0
ENSG00000225446	0	0	0
ENSG00000288543	0	0	0
ENSG00000122420	16	0	16
ENSG00000284240	0	0	0
ENSG00000236290	0	0	0
ENSG00000143013	742	0	742
ENSG00000226084	23	0	23
ENSG00000134748	1835	5	1830
ENSG00000142892	953	0	953
ENSG00000219102	10	0	10
ENSG00000184005	82	0	82
ENSG00000230953	19	19	0
ENSG00000287743	0	0	0
ENSG00000229332	0	0	0
ENSG00000227937	0	0	0
ENSG00000229752	0	0	0
ENSG00000237505	5	0	5
ENSG00000285462	0	0	0
ENSG00000233216	0	0	0
ENSG00000197273	0	0	0
ENSG00000226804	0	0	0
ENSG00000285325	0	0	0
ENSG00000230728	0	0	0
ENSG00000162402	5330	1	5329
ENSG00000232846	0	0	0
ENSG00000219201	4	0	4
ENSG00000230787	0	0	0
ENSG00000116641	359	6	353
ENSG00000235927	2	2	2
ENSG00000223920	0	0	0
ENSG00000237453	1	1	0
ENSG00000172260	14	0	14
ENSG00000285473	0	0	0
ENSG00000237959	0	0	0
ENSG00000231364	0	0	0
ENSG00000234578	0	1	0
ENSG00000117480	129	0	129
ENSG00000137944	498	1	497
ENSG00000229505	0	0	0
ENSG00000228187	0	0	0
ENSG00000285201	0	0	1
ENSG00000182183	235	4	231
ENSG00000236407	0	0	0
ENSG00000271949	0	0	0
ENSG00000227062	0	0	0
ENSG00000067334	1430	3	1427
ENSG00000235011	0	0	0
ENSG00000235673	0	0	0
ENSG00000226938	0	0	0
ENSG00000213559	0	0	0
ENSG00000287587	0	0	0
ENSG00000142949	23	0	23
ENSG00000116133	271	7	300
ENSG00000232882	1	0	1
ENSG00000171502	43	0	43
ENSG00000162399	0	0	0
ENSG00000116157	217	0	217
ENSG00000143036	2	0	2
ENSG00000232672	0	0	0
ENSG00000230817	0	0	0
ENSG00000235613	0	0	0
ENSG00000065243	1830	0	1830
ENSG00000226759	0	0	0
ENSG00000226960	0	0	0
ENSG00000234080	0	0	0
ENSG00000237899	1	0	1
ENSG00000225492	131	2	131
ENSG00000223905	0	0	0
ENSG00000227290	0	0	0
ENSG00000229486	0	0	0
ENSG00000282898	0	0	0
ENSG00000285409	0	0	0
ENSG00000231090	2	0	2
ENSG00000117528	731	0	731
ENSG00000271723	0	0	0
ENSG00000172339	66	0	66
ENSG00000036549	1364	0	1364
ENSG00000287724	0	26	0
ENSG00000058799	789	0	789
ENSG00000225191	0	0	0
ENSG00000287870	1	0	1
ENSG00000235563	0	0	0
ENSG00000232048	0	0	0
ENSG00000232857	0	0	0
ENSG00000273637	0	0	0
ENSG00000203985	0	0	0
ENSG00000228838	0	11	0
ENSG00000283761	2	0	2
ENSG00000189433	0	1	0
ENSG00000230759	0	0	0
ENSG00000231866	0	0	0
ENSG00000179178	2	0	2
ENSG00000142700	0	0	0
ENSG00000285525	0	0	0
ENSG00000236098	0	0	0
ENSG00000233514	0	0	0
ENSG00000127124	995	0	995
ENSG00000266993	18	35	10
ENSG00000223675	0	0	0
ENSG00000162604	426	0	426
ENSG00000229316	0	0	0
ENSG00000116171	1654	0	1654
ENSG00000287406	0	0	0
ENSG00000225767	0	0	0
ENSG00000234099	0	0	0
ENSG00000137936	41	3	45
ENSG00000235308	3	3	0
ENSG00000232752	0	0	0
ENSG00000235829	0	0	0
ENSG00000143032	0	0	0
ENSG00000226745	1	0	1
ENSG00000178028	843	1	842
ENSG00000280040	0	0	0
ENSG00000168710	2302	0	2302
ENSG00000117519	54	1	53
ENSG00000270507	0	0	0
ENSG00000238037	0	0	0
ENSG00000215869	0	0	0
ENSG00000134215	1313	0	1313
ENSG00000227935	0	0	0
ENSG00000229887	1	0	1
ENSG00000228502	31	0	31
ENSG00000236268	0	0	0
ENSG00000271277	0	0	0
ENSG00000236888	0	0	0
ENSG00000279778	0	0	0
ENSG00000232015	0	0	0
ENSG00000230955	0	135	0
ENSG00000230828	0	0	0
ENSG00000188641	4561	0	4923
ENSG00000152078	16	0	16
ENSG00000237279	0	0	0
ENSG00000233359	0	0	0
ENSG00000237954	0	0	0
ENSG00000185668	2	0	2
ENSG00000171492	1834	0	1834
ENSG00000233129	1	1	0
ENSG00000170989	5213	4	5209
ENSG00000258634	121	0	207
ENSG00000233557	0	0	0
ENSG00000237897	0	0	0
ENSG00000116299	615	0	615
ENSG00000137962	31	0	31
ENSG00000227832	0	0	0
ENSG00000286692	0	0	0
ENSG00000260464	10	0	10
ENSG00000237435	0	0	0
ENSG00000231996	0	0	0
ENSG00000273204	1	5	1
ENSG00000079739	676	4	736
ENSG00000117154	0	0	0
ENSG00000162377	214	7	207
ENSG00000224613	0	0	0
ENSG00000215871	0	0	0
ENSG00000287372	0	0	0
ENSG00000232542	0	0	0
ENSG00000231095	0	0	0
ENSG00000116774	2	0	2
ENSG00000287756	0	0	0
ENSG00000269113	0	0	0
ENSG00000284652	0	0	0
ENSG00000023909	380	0	380
ENSG00000069702	1267	1	1266
ENSG00000232185	0	0	0
ENSG00000230489	3	0	3
ENSG00000228399	0	0	0
ENSG00000236776	0	0	0
ENSG00000285928	11	11	0
ENSG00000224685	0	0	0
ENSG00000287076	0	0	0
ENSG00000237480	0	0	0
ENSG00000271252	0	0	0
ENSG00000230427	0	0	0
ENSG00000235794	0	0	0
ENSG00000286758	0	0	0
ENSG00000237337	0	0	0
ENSG00000233983	0	0	0
ENSG00000198198	2592	91	2921
ENSG00000225183	3	0	3
ENSG00000230402	0	0	0
ENSG00000116793	387	1	386
ENSG00000134201	2	0	2
ENSG00000238122	0	0	0
ENSG00000260879	0	53	0
ENSG00000213366	178	0	178
ENSG00000230864	0	0	0
ENSG00000283354	0	0	0
ENSG00000232918	0	0	0
ENSG00000236360	0	0	0
ENSG00000183298	0	0	19
ENSG00000234332	11	0	11
ENSG00000117525	9	0	9
ENSG00000225079	26	1	25
ENSG00000226483	0	0	0
ENSG00000224238	0	0	0
ENSG00000229537	0	0	0
ENSG00000162699	0	0	0
ENSG00000162692	3	0	3
ENSG00000203914	0	0	0
ENSG00000270457	0	0	0
ENSG00000203858	0	0	0
ENSG00000231987	0	0	0
ENSG00000228057	6	1	5
ENSG00000261593	0	0	0
ENSG00000224445	0	0	0
ENSG00000229842	0	0	0
ENSG00000270631	0	0	0
ENSG00000229201	0	0	0
ENSG00000181656	3	2	1
ENSG00000122481	36	0	36
ENSG00000198162	1769	2	1767
ENSG00000238198	10	2	8
ENSG00000171517	15	0	15
ENSG00000228852	8	8	0
ENSG00000203864	0	0	0
ENSG00000233482	0	0	0
ENSG00000230250	0	0	0
ENSG00000232878	3	365	0
ENSG00000143079	158	0	158
ENSG00000232450	8	0	8
ENSG00000223575	0	0	0
ENSG00000230768	0	0	0
ENSG00000235202	0	0	0
ENSG00000272715	0	0	0
ENSG00000235038	0	0	0
ENSG00000143093	1283	1	1282
ENSG00000226415	6	0	6
ENSG00000085491	1144	8	1198
ENSG00000173947	3	0	3
ENSG00000241361	1	1	0
ENSG00000230434	0	0	0
ENSG00000230718	0	0	0
ENSG00000134198	334	0	334
ENSG00000235595	0	0	0
ENSG00000226053	0	0	0
ENSG00000226128	0	0	0
ENSG00000198799	922	0	1067
ENSG00000279513	0	0	0
ENSG00000117620	477	1	477
ENSG00000280186	1	0	1
ENSG00000223906	0	0	0
ENSG00000162688	940	0	940
ENSG00000197106	0	0	0
ENSG00000259946	0	0	0
ENSG00000236137	2	227	2
ENSG00000203859	0	0	0
ENSG00000228086	1	124	0
ENSG00000213421	0	0	0
ENSG00000234020	0	0	0
ENSG00000060718	0	0	0
ENSG00000236804	0	0	0
ENSG00000231072	0	0	0
ENSG00000273406	0	0	0
ENSG00000185946	598	0	598
ENSG00000162627	2	0	2
ENSG00000226715	0	19	0
ENSG00000162695	1162	0	1163
ENSG00000134184	0	0	0
ENSG00000265808	1814	0	1814
ENSG00000261290	0	0	0
ENSG00000225923	0	0	0
ENSG00000134247	87	0	87
ENSG00000187481	0	0	0
ENSG00000116752	612	0	612
ENSG00000162664	577	1	576
ENSG00000236866	0	0	0
ENSG00000134253	4	1	3
ENSG00000277655	1	0	1
ENSG00000223416	0	0	0
ENSG00000213226	0	0	0
ENSG00000179571	0	0	0
ENSG00000227850	0	0	0
ENSG00000243967	0	0	0
ENSG00000235777	1	1	0
ENSG00000260246	0	0	0
ENSG00000173218	246	0	246
ENSG00000285532	0	0	0
ENSG00000226755	1	0	1
ENSG00000232650	0	0	0
ENSG00000183508	746	0	746
ENSG00000277095	0	0	0
ENSG00000236806	0	0	0
ENSG00000234283	1	0	1
ENSG00000237188	0	0	0
ENSG00000232780	0	0	0
ENSG00000274927	0	0	0
ENSG00000264145	0	0	0
ENSG00000238256	0	0	0
ENSG00000198765	0	0	0
ENSG00000224335	0	0	0
ENSG00000277702	0	0	0
ENSG00000143398	1439	0	1439
ENSG00000196505	803	3	802
ENSG00000225871	16	68	1
ENSG00000223489	0	0	0
ENSG00000230546	0	0	0
ENSG00000213262	0	0	0
ENSG00000287015	0	0	0
ENSG00000241720	1	21	0
ENSG00000235526	0	0	0
ENSG00000228347	0	0	0
ENSG00000276975	1	0	1
ENSG00000236012	0	0	0
ENSG00000270911	3	3	0
ENSG00000272824	1	0	1
ENSG00000134200	1	1	0
ENSG00000234257	0	0	0
ENSG00000065183	940	1	1031
ENSG00000227082	8	0	8
ENSG00000228626	0	0	0
ENSG00000226126	0	0	0
ENSG00000163393	496	0	496
ENSG00000163156	695	7	696
ENSG00000143631	3	8	0
ENSG00000156150	0	86	0
ENSG00000228453	0	0	0
ENSG00000274642	0	0	0
ENSG00000177551	0	0	0
ENSG00000197323	2287	0	2287
ENSG00000237975	4	0	9
ENSG00000261168	2	0	2
ENSG00000287980	0	0	0
ENSG00000229283	0	0	0
ENSG00000271419	0	0	0
ENSG00000226172	0	0	0
ENSG00000079335	813	14	922
ENSG00000143119	16304	2	16302
ENSG00000237278	0	145	0
ENSG00000285062	0	0	0
ENSG00000233432	1	1	0
ENSG00000227700	0	0	0
ENSG00000229911	0	0	0
ENSG00000143520	0	0	0
ENSG00000171943	215	4	212
ENSG00000270719	0	0	0
ENSG00000155761	7	92	5
ENSG00000230806	0	0	0
ENSG00000116830	530	0	530
ENSG00000234422	0	0	0
ENSG00000227056	0	0	0
ENSG00000143614	2321	3	2319
ENSG00000227091	0	0	0
ENSG00000169418	0	0	0
ENSG00000214204	0	0	0
ENSG00000081026	110	7	103
ENSG00000225650	0	0	0
ENSG00000227179	0	0	0
ENSG00000224965	3	0	3
ENSG00000228127	0	0	0
ENSG00000226984	0	0	0
ENSG00000186150	0	0	0
ENSG00000143554	1169	2	1167
ENSG00000143458	1031	3	1028
ENSG00000230932	0	0	0
ENSG00000073754	0	0	0
ENSG00000228826	0	0	0
ENSG00000233907	0	0	0
ENSG00000225036	0	0	0
ENSG00000228420	0	0	0
ENSG00000233839	0	0	0
ENSG00000250890	0	0	0
ENSG00000232240	0	0	0
ENSG00000280649	28	9	51
ENSG00000131781	166	52	128
ENSG00000223599	4	0	4
ENSG00000230921	0	0	0
ENSG00000286151	13	0	13
ENSG00000234388	0	0	0
ENSG00000235015	0	0	0
ENSG00000271736	15	0	15
ENSG00000235988	1	0	1
ENSG00000233717	0	0	0
ENSG00000231551	55	21	34
ENSG00000227295	14	0	14
ENSG00000163155	92	30	71
ENSG00000243613	0	135	0
ENSG00000241975	11	0	11
ENSG00000271143	1	1	0
ENSG00000270976	0	0	0
ENSG00000228217	1	0	1
ENSG00000270342	0	0	0
ENSG00000143552	0	0	0
ENSG00000175984	54	1	53
ENSG00000231100	0	0	0
ENSG00000116824	3584	1	3583
ENSG00000235887	2	0	2
ENSG00000237460	0	0	0
ENSG00000236327	0	0	0
ENSG00000223804	72	8	64
ENSG00000236887	0	0	0
ENSG00000024526	12	0	12
ENSG00000236480	2	1	1
ENSG00000235756	0	0	0
ENSG00000173810	0	0	0
ENSG00000235005	0	0	0
ENSG00000271890	0	0	0
ENSG00000238107	0	0	0
ENSG00000227425	0	0	0
ENSG00000233222	0	23	0
ENSG00000225279	6	5	1
ENSG00000229101	0	0	0
ENSG00000224927	0	0	0
ENSG00000239216	0	0	0
ENSG00000283360	2	2	0
ENSG00000117262	79	0	79
ENSG00000227907	1	1	0
ENSG00000143624	2280	4	2549
ENSG00000227970	0	0	0
ENSG00000261055	2	0	2
ENSG00000231613	7	0	7
ENSG00000137947	1193	0	1193
ENSG00000236689	0	0	0
ENSG00000233589	0	0	0
ENSG00000117586	183	1	182
ENSG00000230946	1	2	0
ENSG00000226028	0	0	0
ENSG00000162728	1	1	0
ENSG00000229021	0	0	0
ENSG00000203825	0	0	0
ENSG00000184371	265	0	265
ENSG00000233449	0	0	0
ENSG00000242943	0	0	0
ENSG00000233203	0	0	0
ENSG00000232499	1	0	1
ENSG00000232265	14	0	14
ENSG00000163154	1284	0	1287
ENSG00000232995	12	1	12
ENSG00000236957	0	0	0
ENSG00000238087	0	0	0
ENSG00000227777	0	0	0
ENSG00000177173	9	0	9
ENSG00000277406	93	0	93
ENSG00000238022	0	0	0
ENSG00000231671	0	0	0
ENSG00000162729	633	0	633
ENSG00000143158	291	32	384
ENSG00000271092	8	0	8
ENSG00000238118	0	0	0
ENSG00000276118	0	0	0
ENSG00000232148	0	0	0
ENSG00000278811	4	45	0
ENSG00000000460	124	200	147
ENSG00000188859	2	0	2
ENSG00000275075	0	0	0
ENSG00000135862	252	1	251
ENSG00000232952	2	0	2
ENSG00000158473	1434	0	1434
ENSG00000227722	0	0	0
ENSG00000285922	0	0	0
ENSG00000275801	4	0	4
ENSG00000143198	368	0	368
ENSG00000143318	3	3	0
ENSG00000232188	0	0	0
ENSG00000232212	0	0	0
ENSG00000143621	2247	15	2234
ENSG00000241042	0	0	0
ENSG00000143155	973	0	973
ENSG00000260322	0	0	0
ENSG00000223495	0	0	0
ENSG00000143156	106	7	122
ENSG00000198771	7950	26	8068
ENSG00000225462	0	0	0
ENSG00000237756	0	0	0
ENSG00000116147	6	0	6
ENSG00000213064	3087	1	3497
ENSG00000203307	0	0	0
ENSG00000143179	206	0	240
ENSG00000271187	0	0	0
ENSG00000274562	0	0	0
ENSG00000143315	557	1	556
ENSG00000116199	1298	0	1298
ENSG00000231175	0	0	0
ENSG00000143185	152	0	152
ENSG00000235145	1	0	1
ENSG00000116260	1856	0	1856
ENSG00000272931	6	0	6
ENSG00000143190	1210	4	1313
ENSG00000225475	0	0	0
ENSG00000230898	0	0	0
ENSG00000232223	0	0	0
ENSG00000224698	0	0	0
ENSG00000287697	1	3	1
ENSG00000075945	574	0	622
ENSG00000235303	0	0	0
ENSG00000234810	1	0	1
ENSG00000232750	0	0	0
ENSG00000224468	0	0	0
ENSG00000235628	0	0	0
ENSG00000232551	0	0	0
ENSG00000092607	0	0	0
ENSG00000238270	0	0	0
ENSG00000285894	0	0	0
ENSG00000236025	0	0	0
ENSG00000230687	0	0	0
ENSG00000230704	0	0	0
ENSG00000283255	0	0	0
ENSG00000227741	8	175	3
ENSG00000237049	0	0	0
ENSG00000286754	0	0	0
ENSG00000232751	0	0	0
ENSG00000236364	0	31	0
ENSG00000117091	3630	6	9177
ENSG00000235378	0	0	0
ENSG00000143171	0	0	0
ENSG00000275767	0	0	0
ENSG00000224718	0	0	0
ENSG00000047410	6581	5	6807
ENSG00000231992	0	0	0
ENSG00000018625	0	0	0
ENSG00000171806	209	0	234
ENSG00000287919	2	0	2
ENSG00000229914	3	0	3
ENSG00000233882	0	0	0
ENSG00000198358	0	0	0
ENSG00000229407	0	0	0
ENSG00000134216	0	0	0
ENSG00000230748	0	0	0
ENSG00000254154	0	0	0
ENSG00000162694	75	0	80
ENSG00000238108	0	0	0
ENSG00000214262	0	411	0
ENSG00000183853	1	0	1
ENSG00000215835	8	0	8
ENSG00000118197	621	0	622
ENSG00000135842	5864	2	5862
ENSG00000229258	0	1	0
ENSG00000287472	0	0	0
ENSG00000241318	0	0	0
ENSG00000228238	2	0	2
ENSG00000232393	0	0	0
ENSG00000121454	45	113	0
ENSG00000184155	0	0	0
ENSG00000058085	0	0	0
ENSG00000260088	1	1	1
ENSG00000287978	64	0	64
ENSG00000116815	562	0	562
ENSG00000232917	0	0	0
ENSG00000233057	5	0	5
ENSG00000237131	0	0	0
ENSG00000233946	0	0	0
ENSG00000143167	463	0	463
ENSG00000143184	45	0	45
ENSG00000231966	2	0	2
ENSG00000176320	0	0	0
ENSG00000260976	0	0	0
ENSG00000235215	0	0	0
ENSG00000223450	0	0	0
ENSG00000224691	0	0	0
ENSG00000286572	0	0	0
ENSG00000235101	3	3	0
ENSG00000228215	3	0	3
ENSG00000177807	252	2	250
ENSG00000233626	0	0	0
ENSG00000233691	0	0	0
ENSG00000283518	0	0	0
ENSG00000271527	0	0	0
ENSG00000143228	40	2	39
ENSG00000235827	0	0	0
ENSG00000231615	0	0	0
ENSG00000231714	0	0	0
ENSG00000174514	28	19	24
ENSG00000143178	135	0	135
ENSG00000224837	0	0	0
ENSG00000116833	0	0	0
ENSG00000227740	6	0	6
ENSG00000260990	0	0	0
ENSG00000000457	576	51	723
ENSG00000143507	206	0	206
ENSG00000285638	0	0	0
ENSG00000226520	0	0	0
ENSG00000284592	0	0	0
ENSG00000230987	0	0	0
ENSG00000232527	0	0	0
ENSG00000215833	0	0	0
ENSG00000228167	0	0	0
ENSG00000225325	0	0	0
ENSG00000223344	0	0	0
ENSG00000228191	0	0	0
ENSG00000229961	142	0	142
ENSG00000150732	0	0	0
ENSG00000157064	3	0	4
ENSG00000288139	0	0	0
ENSG00000226015	24	9	17
ENSG00000215808	0	0	0
ENSG00000059588	991	0	991
ENSG00000231512	0	0	0
ENSG00000237379	0	0	0
ENSG00000232959	0	48	0
ENSG00000122224	1621	10	1611
ENSG00000162782	0	0	0
ENSG00000238051	0	0	0
ENSG00000233196	0	0	0
ENSG00000229220	0	0	0
ENSG00000143653	346	0	346
ENSG00000135837	4072	1	4071
ENSG00000158711	4020	4	4031
ENSG00000227747	0	0	0
ENSG00000228081	0	0	0
ENSG00000228020	0	0	0
ENSG00000234975	11	0	11
ENSG00000162851	239	0	239
ENSG00000271427	6	0	6
ENSG00000261817	0	0	0
ENSG00000143353	260	0	281
ENSG00000197965	1108	0	1108
ENSG00000143493	637	0	637
ENSG00000230777	1	1	0
ENSG00000179397	10	0	10
ENSG00000224540	0	0	0
ENSG00000117592	2350	1	2349
ENSG00000186197	22	0	22
ENSG00000229067	0	0	0
ENSG00000230231	1	4	0
ENSG00000227711	0	0	0
ENSG00000261182	0	0	0
ENSG00000228879	0	0	0
ENSG00000227925	2	0	2
ENSG00000162670	0	0	0
ENSG00000225712	0	0	0
ENSG00000162761	0	0	0
ENSG00000143199	5	0	5
ENSG00000179930	0	0	0
ENSG00000007908	1	0	1
ENSG00000092978	292	0	292
ENSG00000143499	511	0	511
ENSG00000188404	52471	9	52462
ENSG00000227735	0	0	0
ENSG00000243062	0	0	0
ENSG00000143196	0	0	0
ENSG00000228504	0	0	0
ENSG00000274702	0	0	0
ENSG00000226211	0	0	0
ENSG00000236942	0	0	0
ENSG00000287205	0	0	0
ENSG00000203697	3	0	3
ENSG00000116574	627	0	627
ENSG00000287929	0	1	0
ENSG00000186283	907	4	903
ENSG00000224896	0	0	0
ENSG00000226292	0	0	0
ENSG00000121481	703	2	706
ENSG00000227940	0	0	0
ENSG00000117139	1255	1	1254
ENSG00000143248	10	0	10
ENSG00000278455	0	0	0
ENSG00000224810	0	0	0
ENSG00000162814	0	0	0
ENSG00000225172	0	0	0
ENSG00000261642	0	0	0
ENSG00000228239	0	0	0
ENSG00000237283	0	0	0
ENSG00000116132	0	0	0
ENSG00000238042	3	0	3
ENSG00000271475	0	0	0
ENSG00000231877	0	0	0
ENSG00000116679	4464	3	4461
ENSG00000228536	0	0	0
ENSG00000230550	0	4	0
ENSG00000229242	0	0	0
ENSG00000253326	1	0	1
ENSG00000228470	0	0	0
ENSG00000152092	0	0	0
ENSG00000234984	0	0	0
ENSG00000231648	0	0	0
ENSG00000229983	0	0	0
ENSG00000215149	0	0	0
ENSG00000225122	0	0	0
ENSG00000225920	8	8	0
ENSG00000143476	77	0	77
ENSG00000121486	1033	0	1033
ENSG00000228437	1	1	0
ENSG00000214837	18	0	18
ENSG00000057252	2394	1	2393
ENSG00000225982	0	0	0
ENSG00000285718	0	0	0
ENSG00000234070	0	0	0
ENSG00000233620	0	0	0
ENSG00000237783	0	0	0
ENSG00000272906	7	1	22
ENSG00000233018	0	0	0
ENSG00000123685	83	0	83
ENSG00000224783	0	0	0
ENSG00000162852	1877	0	1877
ENSG00000232792	0	5	0
ENSG00000273004	3	0	3
ENSG00000143842	122	0	122
ENSG00000268062	3	3	0
ENSG00000237409	0	0	0
ENSG00000116962	1575	0	1575
ENSG00000288078	0	0	0
ENSG00000271399	0	0	0
ENSG00000229757	0	0	0
ENSG00000232679	0	0	0
ENSG00000159388	6315	2	6314
ENSG00000220749	13	0	13
ENSG00000181450	279	0	279
ENSG00000223519	13	7	53
ENSG00000120333	505	35	507
ENSG00000286285	21	0	21
ENSG00000225300	1	0	1
ENSG00000223842	2	2	0
ENSG00000162753	2	0	2
ENSG00000228247	0	0	0
ENSG00000231424	6	0	6
ENSG00000143355	0	0	0
ENSG00000287177	0	0	0
ENSG00000237193	0	0	0
ENSG00000223490	0	0	0
ENSG00000121644	774	0	774
ENSG00000174502	0	0	0
ENSG00000224286	0	0	0
ENSG00000158715	119	0	119
ENSG00000143195	20	0	20
ENSG00000162849	37	1	36
ENSG00000232824	0	0	0
ENSG00000273416	0	0	0
ENSG00000234142	3	0	6
ENSG00000282111	0	0	0
ENSG00000233410	2	0	2
ENSG00000067533	391	0	391
ENSG00000228955	1	1	0
ENSG00000270443	0	0	0
ENSG00000116209	3310	0	3310
ENSG00000224702	0	0	0
ENSG00000271811	0	0	0
ENSG00000224278	0	0	0
ENSG00000235492	0	0	0
ENSG00000287808	6	247	7
ENSG00000271588	0	0	0
ENSG00000229840	0	0	0
ENSG00000116161	1011	33	1018
ENSG00000226486	0	0	0
ENSG00000227687	0	0	0
ENSG00000231814	0	0	0
ENSG00000286210	0	0	0
ENSG00000287364	0	0	0
ENSG00000225063	0	0	0
ENSG00000260698	7	0	7
ENSG00000277007	3	0	3
ENSG00000229016	0	0	0
ENSG00000077157	1607	0	1636
ENSG00000152104	3	2	1
ENSG00000236975	1	0	1
ENSG00000215834	0	0	0
ENSG00000286541	0	0	0
ENSG00000117650	20	0	20
ENSG00000235021	0	0	0
ENSG00000203724	1	0	1
ENSG00000225006	0	0	0
ENSG00000287633	0	0	0
ENSG00000158764	0	0	0
ENSG00000223375	0	0	0
ENSG00000230714	0	0	0
ENSG00000261065	0	11	0
ENSG00000260855	7	1	6
ENSG00000188783	1	0	1
ENSG00000236206	0	0	0
ENSG00000168118	560	0	563
ENSG00000181101	0	0	0
ENSG00000173726	2056	0	2056
ENSG00000282852	0	0	0
ENSG00000152382	351	9	344
ENSG00000143839	0	0	0
ENSG00000232100	0	0	0
ENSG00000261024	0	0	0
ENSG00000230547	0	0	0
ENSG00000229703	1	0	2
ENSG00000176754	0	0	0
ENSG00000232309	0	0	0
ENSG00000227953	6	43	9
ENSG00000232215	1	0	1
ENSG00000135829	5793	2	6039
ENSG00000228289	0	0	0
ENSG00000134717	1176	1	1175
ENSG00000232989	0	0	0
ENSG00000233537	0	0	0
ENSG00000116668	239	13	226
ENSG00000143756	1102	0	1102
ENSG00000278180	0	0	0
ENSG00000143702	1048	2	1205
ENSG00000232341	0	0	0
ENSG00000287676	3	0	3
ENSG00000236792	1	0	1
ENSG00000143207	1574	0	1574
ENSG00000270859	0	0	0
ENSG00000238224	0	0	0
ENSG00000286775	0	0	0
ENSG00000122176	0	0	0
ENSG00000229120	0	0	0
ENSG00000237492	0	0	0
ENSG00000230404	0	0	0
ENSG00000213036	0	0	0
ENSG00000227230	2	75	0
ENSG00000236230	0	0	0
ENSG00000026751	4832	1	4831
ENSG00000150681	2019	0	2648
ENSG00000116906	1108	0	1108
ENSG00000092969	2	0	2
ENSG00000157181	448	0	448
ENSG00000250762	0	0	0
ENSG00000236720	0	0	0
ENSG00000227421	3	0	3
ENSG00000227240	0	0	0
ENSG00000076258	113	0	113
ENSG00000286073	1	0	1
ENSG00000231084	4	4	0
ENSG00000232085	0	86	0
ENSG00000117697	936	0	936
ENSG00000279333	0	0	0
ENSG00000235083	0	0	0
ENSG00000162669	2	0	2
ENSG00000197067	0	0	0
ENSG00000229652	0	0	0
ENSG00000132681	0	0	0
ENSG00000225904	0	0	0
ENSG00000270920	0	0	0
ENSG00000281664	0	0	0
ENSG00000143641	1110	0	1570
ENSG00000227630	5	0	5
ENSG00000228830	0	1217	1
ENSG00000010932	3	0	3
ENSG00000282849	0	0	0
ENSG00000276520	0	0	0
ENSG00000226640	0	0	0
ENSG00000010072	303	130	301
ENSG00000135766	139	1	138
ENSG00000232626	2	0	2
ENSG00000232096	1	1	0
ENSG00000279261	0	0	0
ENSG00000213051	0	0	0
ENSG00000238054	0	0	0
ENSG00000163534	1259	0	1259
ENSG00000168243	2	0	2
ENSG00000281453	0	0	0
ENSG00000237469	0	0	0
ENSG00000224939	0	0	0
ENSG00000227613	0	0	0
ENSG00000116183	0	0	0
ENSG00000270106	0	0	0
ENSG00000232194	0	0	0
ENSG00000235152	0	0	0
ENSG00000231612	0	0	0
ENSG00000237980	25	0	26
ENSG00000271036	0	0	0
ENSG00000230849	0	0	0
ENSG00000170382	146	151	1
ENSG00000228664	0	0	0
ENSG00000226868	0	0	0
ENSG00000279401	0	0	0
ENSG00000272362	0	0	0
ENSG00000287450	0	0	0
ENSG00000237011	0	0	0
ENSG00000233583	0	0	0
ENSG00000066027	2757	7	2750
ENSG00000286263	1	0	1
ENSG00000227006	2	2	0
ENSG00000236372	0	0	0
ENSG00000224525	0	0	0
ENSG00000188770	0	0	0
ENSG00000173728	1	2	0
ENSG00000094975	1117	0	1117
ENSG00000225811	0	0	0
ENSG00000273093	0	0	0
ENSG00000162772	380	0	380
ENSG00000227818	0	0	0
ENSG00000135828	1751	3	1748
ENSG00000224227	0	0	0
ENSG00000286398	0	0	0
ENSG00000076356	163	1	162
ENSG00000215819	0	0	0
ENSG00000185523	1	0	1
ENSG00000236108	0	0	0
ENSG00000116711	265	0	265
ENSG00000231684	0	0	0
ENSG00000226750	0	0	0
ENSG00000285665	7	0	7
ENSG00000231022	0	0	0
ENSG00000224436	0	0	0
ENSG00000228208	0	0	0
ENSG00000273384	2	0	2
ENSG00000238061	1	0	1
ENSG00000234915	0	0	0
ENSG00000143845	5	0	20
ENSG00000235862	0	0	0
ENSG00000069812	0	0	0
ENSG00000227585	0	0	0
ENSG00000157060	0	0	0
ENSG00000237213	0	0	0
ENSG00000236439	27	2	26
ENSG00000224260	0	0	0
ENSG00000213045	1	1	0
ENSG00000287220	0	0	0
ENSG00000230063	0	0	0
ENSG00000235467	0	0	0
ENSG00000123684	3950	1	3950
ENSG00000117707	4	0	4
ENSG00000228044	0	0	0
ENSG00000225338	1	1	0
ENSG00000224407	0	460	0
ENSG00000232463	0	0	0
ENSG00000237457	0	0	0
ENSG00000225171	3	0	3
ENSG00000226843	0	0	0
ENSG00000235386	0	0	0
ENSG00000123836	554	103	554
ENSG00000213690	0	0	0
ENSG00000223982	0	0	0
ENSG00000229832	3	1	2
ENSG00000117691	184	0	184
ENSG00000225233	0	0	0
ENSG00000274895	0	0	0
ENSG00000237514	0	0	0
ENSG00000287856	0	0	0
ENSG00000228067	0	0	0
ENSG00000284299	0	0	0
ENSG00000226375	1	0	1
ENSG00000203705	487	0	487
ENSG00000224040	1	0	1
ENSG00000228686	15	15	0
ENSG00000279838	24	1	23
ENSG00000174175	300	0	300
ENSG00000236401	0	0	0
ENSG00000241475	0	0	0
ENSG00000215800	0	0	0
ENSG00000286421	0	0	0
ENSG00000270936	0	0	0
ENSG00000008118	0	0	0
ENSG00000171161	888	0	888
ENSG00000241505	0	0	0
ENSG00000224535	0	0	0
ENSG00000282097	0	0	0
ENSG00000261453	0	0	0
ENSG00000231020	0	0	0
ENSG00000270818	0	0	0
ENSG00000196878	11	0	11
ENSG00000133059	982	0	982
ENSG00000225561	0	0	0
ENSG00000224668	0	0	0
ENSG00000242529	0	0	0
ENSG00000074964	850	0	850
ENSG00000223847	0	0	0
ENSG00000277704	0	0	0
ENSG00000116918	723	16	721
ENSG00000274020	164	5	224
ENSG00000287445	3	0	3
ENSG00000259815	0	0	0
ENSG00000240963	0	0	1
ENSG00000226570	0	0	0
ENSG00000198929	5	0	5
ENSG00000272167	0	0	0
ENSG00000230628	2	0	2
ENSG00000162771	0	0	0
ENSG00000227579	0	0	0
ENSG00000176393	1469	0	2229
ENSG00000174606	898	0	898
ENSG00000179914	12	0	12
ENSG00000235750	6055	1	6054
ENSG00000284376	0	0	0
ENSG00000121446	1	1	0
ENSG00000226758	5	0	5
ENSG00000230199	0	0	0
ENSG00000236905	0	0	0
ENSG00000233304	0	0	0
ENSG00000288007	4	0	7
ENSG00000227887	0	0	0
ENSG00000116903	1064	2	1190
ENSG00000228255	0	0	0
ENSG00000226196	0	0	0
ENSG00000287354	0	12	0
ENSG00000233827	0	0	0
ENSG00000198797	0	0	0
ENSG00000271746	1	0	1
ENSG00000234233	0	0	0
ENSG00000151414	2374	0	2374
ENSG00000177614	5	0	5
ENSG00000223794	0	0	0
ENSG00000235182	0	1	0
ENSG00000213041	0	0	0
ENSG00000287157	0	0	0
ENSG00000233920	0	0	0
ENSG00000183831	7	0	7
ENSG00000225755	0	0	0
ENSG00000143858	40	70	0
ENSG00000197472	0	0	0
ENSG00000230184	0	0	0
ENSG00000234004	0	0	0
ENSG00000232436	0	0	0
ENSG00000231718	0	0	0
ENSG00000283952	0	0	0
ENSG00000230019	0	0	0
ENSG00000136643	737	0	737
ENSG00000232537	0	0	0
ENSG00000226036	2	3	0
ENSG00000285521	0	0	0
ENSG00000236317	1	0	1
ENSG00000176855	0	0	0
ENSG00000227728	0	0	0
ENSG00000133069	159	1	158
ENSG00000162877	0	0	0
ENSG00000233461	43	0	43
ENSG00000225401	2	0	2
ENSG00000228190	0	0	0
ENSG00000135747	0	0	0
ENSG00000227237	0	0	0
ENSG00000069248	1328	1	1327
ENSG00000232812	0	0	0
ENSG00000231666	0	0	0
ENSG00000226986	0	0	0
ENSG00000242042	0	0	0
ENSG00000234464	0	0	0
ENSG00000253148	0	0	0
ENSG00000227751	0	599	0
ENSG00000090104	41	2	39
ENSG00000285280	14	635	8
ENSG00000232892	0	0	0
ENSG00000236950	0	0	0
ENSG00000236468	0	0	0
ENSG00000143322	835	0	835
ENSG00000185220	268	0	268
ENSG00000226003	0	0	0
ENSG00000230813	0	0	0
ENSG00000226862	3	0	5
ENSG00000236101	0	0	0
ENSG00000162769	320	0	320
ENSG00000133065	673	0	673
ENSG00000278684	0	0	0
ENSG00000236775	0	0	0
ENSG00000042781	0	0	0
ENSG00000234754	0	0	0
ENSG00000233084	2	0	2
ENSG00000227815	0	0	0
ENSG00000287046	0	0	0
ENSG00000223774	0	0	1
ENSG00000228863	9	5557	5
ENSG00000228646	0	0	0
ENSG00000229112	0	0	0
ENSG00000233332	0	0	0
ENSG00000231984	0	0	0
ENSG00000286213	0	0	0
ENSG00000226876	0	0	0
ENSG00000277462	74	0	74
ENSG00000225591	1	0	1
ENSG00000035687	1449	0	1449
ENSG00000213080	0	0	0
ENSG00000180287	1	0	1
ENSG00000226693	0	0	0
ENSG00000234678	36	799	0
ENSG00000231272	0	0	0
ENSG00000223828	0	0	0
ENSG00000163431	1	2	0
ENSG00000230124	351	0	419
ENSG00000226723	0	0	0
ENSG00000272672	3	0	3
ENSG00000143473	1	1	0
ENSG00000228982	0	0	0
ENSG00000235096	0	0	0
ENSG00000237250	0	0	0
ENSG00000007341	140	18	236
ENSG00000286747	0	0	0
ENSG00000236069	0	0	0
ENSG00000236244	0	0	0
ENSG00000272865	0	0	0
ENSG00000117222	1279	0	1279
ENSG00000143324	844	0	844
ENSG00000229871	0	0	0
ENSG00000225222	0	0	0
ENSG00000118193	37	0	37
ENSG00000234116	0	0	0
ENSG00000231940	2	0	2
ENSG00000198842	1	0	1
ENSG00000286619	62	0	62
ENSG00000198756	54	0	54
ENSG00000259823	3	0	3
ENSG00000271558	0	0	0
ENSG00000227554	0	0	0
ENSG00000178596	0	0	0
ENSG00000135749	529	7	555
ENSG00000143786	14	0	18
ENSG00000224584	0	0	0
ENSG00000054282	347	28	375
ENSG00000183780	31	0	31
ENSG00000229663	0	0	0
ENSG00000162702	953	0	953
ENSG00000251508	0	0	0
ENSG00000238272	0	0	0
ENSG00000228530	0	0	0
ENSG00000235060	0	0	0
ENSG00000143194	13	0	13
ENSG00000229531	0	0	0
ENSG00000271329	0	0	0
ENSG00000054267	3469	7	3462
ENSG00000261831	0	0	0
ENSG00000287921	0	0	0
ENSG00000177800	0	0	0
ENSG00000225620	0	0	0
ENSG00000232166	0	0	0
ENSG00000175137	1443	0	1443
ENSG00000134245	16	103	10
ENSG00000234041	0	0	0
ENSG00000227373	6	0	6
ENSG00000231905	0	0	0
ENSG00000228175	2	1	1
ENSG00000069275	3760	1	3759
ENSG00000143674	62	0	62
ENSG00000237317	0	0	0
ENSG00000187889	0	0	0
ENSG00000134375	565	0	565
ENSG00000097046	208	1	207
ENSG00000232113	0	0	0
ENSG00000282718	0	0	0
ENSG00000231378	0	0	0
ENSG00000235605	0	4	1
ENSG00000223525	1	0	1
ENSG00000224857	0	0	0
ENSG00000273367	2	0	2
ENSG00000230604	0	0	0
ENSG00000231605	0	0	0
ENSG00000236358	3	1	7
ENSG00000203737	0	0	0
ENSG00000238003	0	0	0
ENSG00000215873	0	0	0
ENSG00000287008	0	0	0
ENSG00000185420	106	0	106
ENSG00000076321	559	0	559
ENSG00000272175	0	0	2
ENSG00000231564	0	0	0
ENSG00000135778	293	29	297
ENSG00000213070	0	0	0
ENSG00000282265	0	0	0
ENSG00000250536	0	0	0
ENSG00000229747	0	0	0
ENSG00000117280	2400	1	2399
ENSG00000233985	0	0	0
ENSG00000232175	0	0	0
ENSG00000287423	0	0	0
ENSG00000286774	0	0	0
ENSG00000236719	0	0	0
ENSG00000136636	176	0	176
ENSG00000225486	0	0	0
ENSG00000227043	0	0	0
ENSG00000163874	606	1	605
ENSG00000285777	0	0	0
ENSG00000237249	0	0	0
ENSG00000286109	0	0	0
ENSG00000213068	0	0	0
ENSG00000054392	77	0	89
ENSG00000227994	0	0	0
ENSG00000286552	0	0	0
ENSG00000225711	0	0	0
ENSG00000122223	1114	25	1089
ENSG00000235869	0	0	0
ENSG00000188739	19	0	19
ENSG00000286666	0	0	0
ENSG00000135750	1	0	1
ENSG00000273198	0	0	0
ENSG00000203730	1	1	0
ENSG00000225719	0	0	0
ENSG00000273483	0	0	0
ENSG00000287987	0	0	0
ENSG00000203729	0	0	0
ENSG00000232809	0	0	0
ENSG00000284623	0	0	0
ENSG00000285981	0	0	0
ENSG00000261729	1	0	1
ENSG00000223869	0	0	0
ENSG00000229228	1	0	1
ENSG00000215796	1	1	0
ENSG00000185221	0	0	0
ENSG00000233047	0	0	0
ENSG00000143341	15	1	14
ENSG00000228309	1	1	0
ENSG00000229739	4	0	4
ENSG00000116703	2	1	1
ENSG00000273874	0	0	0
ENSG00000278791	0	8	0
ENSG00000278757	4	0	4
ENSG00000264341	0	0	0
ENSG00000264101	0	0	0
ENSG00000265141	0	0	0
ENSG00000221083	0	0	0
ENSG00000252404	0	0	0
ENSG00000222511	0	0	0
ENSG00000265392	0	0	0
ENSG00000243267	0	0	0
ENSG00000201725	0	0	0
ENSG00000274258	0	0	0
ENSG00000239149	2	0	2
ENSG00000252151	0	0	0
ENSG00000252969	0	0	0
ENSG00000252417	0	0	0
ENSG00000200975	0	0	0
ENSG00000201609	0	0	0
ENSG00000238482	0	0	0
ENSG00000252956	0	0	0
ENSG00000265606	0	0	0
ENSG00000284357	0	0	0
ENSG00000278034	0	0	0
ENSG00000207237	0	0	0
ENSG00000222784	0	0	0
ENSG00000266210	0	0	0
ENSG00000265961	0	0	0
ENSG00000251866	0	0	0
ENSG00000252691	0	0	0
ENSG00000264371	0	0	0
ENSG00000253005	3	0	3
ENSG00000238316	0	0	0
ENSG00000207941	0	0	0
ENSG00000264773	0	0	0
ENSG00000252448	3	3	0
ENSG00000200421	0	0	0
ENSG00000222282	1	1	0
ENSG00000199963	0	0	0
ENSG00000264698	0	0	0
ENSG00000207328	0	0	0
ENSG00000207466	0	0	0
ENSG00000252368	0	0	0
ENSG00000206779	0	0	0
ENSG00000265596	0	0	0
ENSG00000212541	7	7	0
ENSG00000200796	0	0	0
ENSG00000252190	0	0	0
ENSG00000264613	0	0	0
ENSG00000199240	0	0	0
ENSG00000277168	0	0	0
ENSG00000283724	0	0	0
ENSG00000284410	0	0	0
ENSG00000252018	0	0	0
ENSG00000206627	0	0	0
ENSG00000283414	0	0	0
ENSG00000207508	0	0	0
ENSG00000200171	0	0	0
ENSG00000207194	0	0	0
ENSG00000283477	0	0	0
ENSG00000264834	0	0	0
ENSG00000263675	3	0	3
ENSG00000266188	0	0	0
ENSG00000206981	0	0	0
ENSG00000200174	0	0	0
ENSG00000265822	0	0	0
ENSG00000265815	0	0	0
ENSG00000238653	0	0	0
ENSG00000212624	0	0	0
ENSG00000200575	0	0	0
ENSG00000212360	0	0	0
ENSG00000242860	0	0	0
ENSG00000263908	0	0	0
ENSG00000283690	0	0	0
ENSG00000199921	0	0	0
ENSG00000251825	0	0	0
ENSG00000201153	0	0	0
ENSG00000222624	0	0	0
ENSG00000223152	0	0	0
ENSG00000212308	0	0	0
ENSG00000279049	0	16	0
ENSG00000276081	0	0	0
ENSG00000239640	0	0	0
ENSG00000252338	0	0	0
ENSG00000251785	0	0	0
ENSG00000239319	0	0	0
ENSG00000222849	0	0	0
ENSG00000283749	0	0	0
ENSG00000251958	0	0	0
ENSG00000251767	0	0	0
ENSG00000243437	0	0	0
ENSG00000202263	0	0	0
ENSG00000199318	0	0	0
ENSG00000199666	0	0	0
ENSG00000200601	0	0	0
ENSG00000242482	0	0	0
ENSG00000212366	0	0	0
ENSG00000201620	0	0	0
ENSG00000206817	0	0	0
ENSG00000284247	0	0	0
ENSG00000200839	0	0	0
ENSG00000264963	0	0	0
ENSG00000264271	0	0	0
ENSG00000239504	0	0	0
ENSG00000284202	0	0	0
ENSG00000251720	0	0	0
ENSG00000274321	0	0	0
ENSG00000198974	0	0	0
ENSG00000212248	0	0	0
ENSG00000207962	0	0	0
ENSG00000276884	0	0	1
ENSG00000207234	2	0	2
ENSG00000202259	0	0	0
ENSG00000212459	0	0	0
ENSG00000278287	0	0	0
ENSG00000277565	0	0	0
ENSG00000263526	0	0	0
ENSG00000211575	0	0	0
ENSG00000275823	0	0	0
ENSG00000277689	0	0	0
ENSG00000274199	0	0	0
ENSG00000202254	0	0	0
ENSG00000244256	0	0	0
ENSG00000201491	0	0	0
ENSG00000199831	0	0	0
ENSG00000275455	0	0	0
ENSG00000252162	0	0	0
ENSG00000272051	0	0	0
ENSG00000283899	0	0	0
ENSG00000200800	0	0	0
ENSG00000207502	0	0	0
ENSG00000252530	0	0	0
ENSG00000200536	0	0	0
ENSG00000211543	0	0	0
ENSG00000252797	0	0	0
ENSG00000212266	0	0	0
ENSG00000222209	0	0	0
ENSG00000277141	0	0	0
ENSG00000215930	0	0	0
ENSG00000238761	0	0	0
ENSG00000201114	0	0	0
ENSG00000206679	0	0	0
ENSG00000264419	0	0	0
ENSG00000222069	1	1	0
ENSG00000274428	0	0	0
ENSG00000199879	0	0	0
ENSG00000274408	0	0	0
ENSG00000283676	0	0	0
ENSG00000252005	0	0	0
ENSG00000252510	0	0	0
ENSG00000207340	0	0	0
ENSG00000252830	0	0	0
ENSG00000274450	0	0	0
ENSG00000252135	0	0	0
ENSG00000278596	1	1	0
ENSG00000238825	0	0	0
ENSG00000201183	1	1	0
ENSG00000202408	0	0	0
ENSG00000252744	0	0	0
ENSG00000273768	1	0	1
ENSG00000242565	0	0	0
ENSG00000239984	0	0	0
ENSG00000283296	0	0	0
ENSG00000252717	0	0	0
ENSG00000194297	0	0	0
ENSG00000199565	0	0	0
ENSG00000277313	0	0	0
ENSG00000274940	0	0	0
ENSG00000207341	0	0	0
ENSG00000207472	0	0	0
ENSG00000206880	0	0	0
ENSG00000252552	0	0	0
ENSG00000199849	0	0	0
ENSG00000252407	0	0	0
ENSG00000212538	0	0	0
ENSG00000251813	0	0	0
ENSG00000207108	0	0	0
ENSG00000201312	0	0	0
ENSG00000207039	0	0	0
ENSG00000202491	0	0	0
ENSG00000201596	0	0	0
ENSG00000276839	1	0	1
ENSG00000207974	0	0	0
ENSG00000273629	0	0	0
ENSG00000201493	0	0	0
ENSG00000215952	0	0	0
ENSG00000200139	0	0	0
ENSG00000283575	0	0	0
ENSG00000238765	0	0	0
ENSG00000264916	0	0	0
ENSG00000212338	0	0	0
ENSG00000206659	0	0	0
ENSG00000253025	0	0	0
ENSG00000201619	0	0	0
ENSG00000201544	2	0	2
ENSG00000202498	0	0	0
ENSG00000221545	0	0	0
ENSG00000252906	0	0	0
ENSG00000206692	0	0	0
ENSG00000202329	0	0	0
ENSG00000242794	0	0	0
ENSG00000212144	0	0	0
ENSG00000283340	0	0	0
ENSG00000252860	0	0	0
ENSG00000252501	0	0	0
ENSG00000263390	0	0	0
ENSG00000207181	1	0	1
ENSG00000265744	0	0	0
ENSG00000264377	0	0	0
ENSG00000207149	0	0	0
ENSG00000283936	0	0	0
ENSG00000284485	0	0	0
ENSG00000201638	0	0	0
ENSG00000275213	0	0	0
ENSG00000239494	4	0	4
ENSG00000212230	0	0	0
ENSG00000252371	0	0	0
ENSG00000199442	0	0	0
ENSG00000200033	0	0	0
ENSG00000239690	0	0	0
ENSG00000202184	0	0	0
ENSG00000241395	0	0	0
ENSG00000200982	0	0	0
ENSG00000275207	0	0	0
ENSG00000202300	0	0	0
ENSG00000222407	0	0	0
ENSG00000222986	0	0	0
ENSG00000265435	0	0	0
ENSG00000272262	0	0	0
ENSG00000200495	0	0	0
ENSG00000202609	0	0	0
ENSG00000252553	0	0	0
ENSG00000206764	0	0	0
ENSG00000222240	0	0	0
ENSG00000212187	0	0	0
ENSG00000206637	0	0	0
ENSG00000253097	0	0	0
ENSG00000200036	0	0	0
ENSG00000201421	0	0	0
ENSG00000212610	0	0	0
ENSG00000252484	0	0	0
ENSG00000201944	0	0	0
ENSG00000200327	0	0	0
ENSG00000206905	0	0	0
ENSG00000200972	0	0	0
ENSG00000243051	0	0	0
ENSG00000252011	0	0	0
ENSG00000207326	0	0	0
ENSG00000212205	0	0	0
ENSG00000253042	0	0	0
ENSG00000274121	0	0	0
ENSG00000264358	0	0	0
ENSG00000206640	0	0	0
ENSG00000212527	0	0	0
ENSG00000252879	0	0	0
ENSG00000252612	1	0	1
ENSG00000202264	0	0	0
ENSG00000285609	0	0	0
ENSG00000206762	2	2	0
ENSG00000252084	0	0	0
ENSG00000200085	0	0	0
ENSG00000264500	4	3	1
ENSG00000202025	0	0	0
ENSG00000225545	0	0	0
ENSG00000206990	0	0	0
ENSG00000230175	0	0	0
ENSG00000225272	0	0	0
ENSG00000215838	0	0	0
ENSG00000273365	0	0	0
ENSG00000224358	1	0	1
ENSG00000230659	0	0	0
ENSG00000162545	23	0	23
ENSG00000090432	657	0	657
ENSG00000215520	0	0	0
ENSG00000183114	0	0	0
ENSG00000158825	817	0	817
ENSG00000158828	255	131	922
ENSG00000284005	0	0	0
ENSG00000117242	66	677	187
ENSG00000234473	2	0	2
ENSG00000238754	0	0	0
ENSG00000134371	1365	1	1364
ENSG00000221680	0	0	0
ENSG00000162630	37	0	37
ENSG00000276735	1	1	0
ENSG00000232077	1	0	1
ENSG00000229639	0	0	0
ENSG00000287453	0	0	0
ENSG00000270615	0	0	0
ENSG00000287283	0	0	0
ENSG00000240692	0	0	0
ENSG00000229359	0	0	0
ENSG00000237919	0	1	0
ENSG00000066557	392	0	392
ENSG00000244389	0	0	0
ENSG00000228988	0	0	0
ENSG00000118454	643	2	641
ENSG00000226088	1	1	0
ENSG00000116761	31	0	31
ENSG00000278636	0	0	0
ENSG00000271992	0	0	0
ENSG00000233020	0	0	0
ENSG00000237033	0	0	0
ENSG00000226208	0	0	0
ENSG00000007968	570	0	570
ENSG00000235052	2	0	2
ENSG00000117318	370	0	370
ENSG00000285802	4	0	4
ENSG00000229239	1	0	1
ENSG00000142676	22454	28	22426
ENSG00000057757	824	0	824
ENSG00000011009	1307	0	1310
ENSG00000117308	172	1	171
ENSG00000273844	0	0	0
ENSG00000235748	0	0	0
ENSG00000237861	0	0	0
ENSG00000221879	0	0	0
ENSG00000230260	0	0	0
ENSG00000199241	0	0	0
ENSG00000226919	0	0	0
ENSG00000223963	0	0	0
ENSG00000215802	0	0	0
ENSG00000233615	0	0	0
ENSG00000238085	0	0	0
ENSG00000265831	0	0	0
ENSG00000224348	0	0	0
ENSG00000286496	1	0	1
ENSG00000287516	0	0	0
ENSG00000287738	0	0	0
ENSG00000132703	0	0	0
ENSG00000276632	0	0	0
ENSG00000223603	0	0	0
ENSG00000132693	0	0	0
ENSG00000235226	0	0	0
ENSG00000158716	111	0	111
ENSG00000181036	601	12	589
ENSG00000158714	64	24	265
ENSG00000212161	0	0	0
ENSG00000243284	0	0	1
ENSG00000272668	29	11	20
ENSG00000213085	22	0	22
ENSG00000266458	0	0	0
ENSG00000287040	0	0	0
ENSG00000279430	0	0	0
ENSG00000162723	12	7	5
ENSG00000273933	1	1	0
ENSG00000256029	2	73	8
ENSG00000188004	0	0	0
ENSG00000266580	0	0	0
ENSG00000254545	0	1	0
ENSG00000203620	0	0	0
ENSG00000269967	1	0	1
ENSG00000228634	2	2	0
ENSG00000284702	0	0	0
ENSG00000221040	0	0	0
ENSG00000287217	0	0	0
ENSG00000163399	4025	29	10385
ENSG00000212385	0	0	0
ENSG00000233154	5	0	5
ENSG00000230381	0	0	0
ENSG00000200547	0	0	0
ENSG00000224950	50	0	62
ENSG00000286276	9	21	0
ENSG00000177888	583	0	583
ENSG00000243364	117	0	117
ENSG00000251246	0	0	0
ENSG00000143590	15	0	15
ENSG00000202027	0	0	0
ENSG00000169242	39	0	39
ENSG00000169241	639	1	638
ENSG00000223452	0	0	0
ENSG00000163463	60	0	60
ENSG00000273088	0	0	0
ENSG00000284586	0	0	0
ENSG00000169231	163	0	344
ENSG00000236263	0	34	5
ENSG00000236675	87	87	0
ENSG00000177628	1342	0	1342
ENSG00000116521	1015	0	1015
ENSG00000176444	1130	1	1129
ENSG00000143630	30	0	32
ENSG00000143627	0	2	0
ENSG00000253074	0	0	0
ENSG00000252116	0	0	0
ENSG00000228523	0	0	0
ENSG00000223263	1	1	0
ENSG00000207504	0	0	0
ENSG00000238139	0	0	0
ENSG00000197721	6	0	6
ENSG00000244703	1	0	1
ENSG00000226289	0	0	0
ENSG00000285239	1	1	0
ENSG00000234219	2	3	1
ENSG00000174059	11	0	11
ENSG00000285719	0	0	0
ENSG00000284237	0	0	0
ENSG00000158731	0	0	0
ENSG00000201746	1	0	1
ENSG00000264881	0	0	0
ENSG00000199562	0	0	0
ENSG00000264501	0	0	0
ENSG00000284735	1	1	0
ENSG00000284642	3	1	2
ENSG00000142657	5087	3	5084
ENSG00000271989	0	2	0
ENSG00000251503	0	0	0
ENSG00000175279	2	0	2
ENSG00000160049	719	0	851
ENSG00000203469	0	74	0
ENSG00000236035	0	0	0
ENSG00000221643	4	0	4
ENSG00000122188	994	0	994
ENSG00000288644	0	0	0
ENSG00000227417	1	1	0
ENSG00000223505	0	0	0
ENSG00000182004	514	0	514
ENSG00000236430	1	1	0
ENSG00000130768	11	0	16
ENSG00000227050	0	5	0
ENSG00000238231	1	1	0
ENSG00000240750	0	0	0
ENSG00000158156	700	0	700
ENSG00000182118	56	0	56
ENSG00000283799	0	0	0
ENSG00000227934	0	0	0
ENSG00000229595	0	0	0
ENSG00000143633	323	0	323
ENSG00000281912	2	0	2
ENSG00000288208	0	0	0
ENSG00000132773	251	34	283
ENSG00000070759	178	18	188
ENSG00000236872	0	0	0
ENSG00000280670	88	0	88
ENSG00000132763	131	798	140
ENSG00000221953	0	0	0
ENSG00000226164	0	0	0
ENSG00000224014	2	0	2
ENSG00000215795	2	0	2
ENSG00000259865	145	0	145
ENSG00000227671	1151	0	1151
ENSG00000283881	0	0	0
ENSG00000252516	5	0	5
ENSG00000232347	0	0	0
ENSG00000214144	0	0	0
ENSG00000235818	0	0	0
ENSG00000197617	0	0	0
ENSG00000202079	0	0	0
ENSG00000286216	6	7	3
ENSG00000203664	0	0	0
ENSG00000169224	67	1	71
ENSG00000236817	0	4	0
ENSG00000177489	0	0	0
ENSG00000177476	0	0	0
ENSG00000283369	0	0	0
ENSG00000230411	0	0	0
ENSG00000251977	0	0	0
ENSG00000252254	1	0	1
ENSG00000227854	0	0	0
ENSG00000287589	0	0	0
ENSG00000259776	0	0	0
ENSG00000233355	902	1	908
ENSG00000234601	0	0	0
ENSG00000231979	0	0	0
ENSG00000215805	0	0	0
ENSG00000287102	0	0	0
ENSG00000217327	0	0	0
ENSG00000228818	0	0	0
ENSG00000202041	0	0	0
ENSG00000223694	0	0	0
ENSG00000233735	0	0	0
ENSG00000133019	2	7	2
ENSG00000162636	1069	1	1068
ENSG00000162639	386	1	385
ENSG00000285923	1	0	1
ENSG00000134186	2439	25	2414
ENSG00000143107	1	0	1
ENSG00000232971	0	0	0
ENSG00000116266	1704	1	1703
ENSG00000228076	0	0	0
ENSG00000203897	0	0	0
ENSG00000237349	0	0	0
ENSG00000244716	19	0	19
ENSG00000228665	0	0	0
ENSG00000228054	0	0	0
ENSG00000273382	14	140	13
ENSG00000215717	1841	3	1977
ENSG00000278249	0	0	0
ENSG00000270066	0	0	0
ENSG00000251484	0	0	0
ENSG00000132676	1808	136	1809
ENSG00000227673	0	0	0
ENSG00000203761	116	81	74
ENSG00000234937	1	1	0
ENSG00000132718	1016	0	1016
ENSG00000283442	0	0	0
ENSG00000143622	1688	0	1688
ENSG00000132680	1301	0	1301
ENSG00000207475	1	0	1
ENSG00000280466	0	0	0
ENSG00000281394	0	0	0
ENSG00000277817	0	0	0
ENSG00000273002	52	0	52
ENSG00000224276	5	5	1
ENSG00000285677	1	1586	0
ENSG00000163479	2704	1	4288
ENSG00000160803	784	0	784
ENSG00000132698	10	0	10
ENSG00000252236	0	0	0
ENSG00000260238	0	0	0
ENSG00000242252	1	0	1
ENSG00000198952	2828	1	2827
ENSG00000163472	157	279	165
ENSG00000163468	3203	0	3206
ENSG00000132677	1	0	1
ENSG00000237390	0	0	0
ENSG00000207933	0	0	0
ENSG00000254726	1	0	1
ENSG00000186377	0	0	0
ENSG00000186160	0	0	0
ENSG00000225154	0	0	0
ENSG00000225506	2	0	2
ENSG00000225514	0	0	0
ENSG00000224805	19	0	29
ENSG00000162366	60	1	59
ENSG00000226252	6	22	2
ENSG00000225762	2	1	1
ENSG00000186790	0	0	0
ENSG00000237424	55	0	55
ENSG00000189030	0	0	0
ENSG00000162763	0	0	0
ENSG00000143061	6	0	6
ENSG00000135821	12154	8	12146
ENSG00000203740	0	0	0
ENSG00000162374	11	0	11
ENSG00000168275	163	0	211
ENSG00000241563	0	0	0
ENSG00000153207	2519	0	2519
ENSG00000156869	137	0	137
ENSG00000033122	11	10	2
ENSG00000143278	0	0	0
ENSG00000116678	109	0	109
ENSG00000159352	2248	2	2246
ENSG00000158710	12373	2	12371
ENSG00000162734	3046	6	3210
ENSG00000049239	2357	1	2356
ENSG00000186564	5	0	5
ENSG00000244038	3898	5	3893
ENSG00000158747	42	0	42
ENSG00000116690	31	233	29
ENSG00000126091	15	0	16
ENSG00000162383	26	1	25
ENSG00000171163	366	4	362
ENSG00000172456	66	0	66
ENSG00000162946	1012	0	1012
ENSG00000158786	0	0	0
ENSG00000118733	0	0	0
ENSG00000157870	367	8	424
ENSG00000179085	75	0	75
ENSG00000173080	1	1	0
ENSG00000183347	116	0	117
ENSG00000276470	0	0	0
ENSG00000278852	0	0	0
ENSG00000275915	0	0	0
ENSG00000120937	0	0	0
ENSG00000224904	0	0	0
ENSG00000285646	6	6	0
ENSG00000199347	0	0	0
ENSG00000201801	0	0	0
ENSG00000116685	1374	0	1374
ENSG00000083444	1038	0	1038
ENSG00000287384	1	0	1
ENSG00000270914	0	0	0
ENSG00000116691	578	0	578
ENSG00000202461	3	3	0
ENSG00000276869	0	0	0
ENSG00000243539	0	0	0
ENSG00000120949	416	0	416
ENSG00000201135	0	0	0
ENSG00000227875	0	0	0
ENSG00000285604	0	0	0
ENSG00000283789	0	0	0
ENSG00000263676	0	0	0
ENSG00000200591	1	1	0
ENSG00000162521	2603	17	3781
ENSG00000162520	7	1180	22
ENSG00000224409	0	0	0
ENSG00000162522	177	0	177
ENSG00000116497	836	0	849
ENSG00000160097	14	4	12
ENSG00000121905	0	0	0
ENSG00000121900	1	0	1
ENSG00000287691	11	17	0
ENSG00000278966	0	0	0
ENSG00000143222	1043	1	1337
ENSG00000224985	1	296	0
ENSG00000143224	229	107	232
ENSG00000158850	1042	3	1139
ENSG00000158859	47	5	43
ENSG00000158869	8926	1	8925
ENSG00000158874	8	8	0
ENSG00000158882	238	0	367
ENSG00000284035	0	0	0
ENSG00000143257	7	136	0
ENSG00000248485	13	13	0
ENSG00000188931	67	83	0
ENSG00000236484	0	0	0
ENSG00000283696	63	0	63
ENSG00000288093	4	0	4
ENSG00000206921	0	0	0
ENSG00000215840	4	0	4
ENSG00000277882	1	1	0
ENSG00000283317	5	4	1
ENSG00000277762	0	0	0
ENSG00000227139	0	0	0
ENSG00000265107	0	0	0
ENSG00000274415	0	0	0
ENSG00000234190	0	0	0
ENSG00000223728	0	0	0
ENSG00000121634	0	0	0
ENSG00000188092	134	0	134
ENSG00000215859	8	9	0
ENSG00000273059	0	0	1
ENSG00000274372	4	0	4
ENSG00000206791	0	0	0
ENSG00000206585	0	0	0
ENSG00000229828	0	0	0
ENSG00000225080	0	0	0
ENSG00000198658	1	0	1
ENSG00000238382	0	0	0
ENSG00000225919	0	0	0
ENSG00000236497	0	0	0
ENSG00000207190	0	0	0
ENSG00000200508	0	0	0
ENSG00000284928	0	0	0
ENSG00000223949	0	0	0
ENSG00000116688	2402	1	2401
ENSG00000188800	0	0	0
ENSG00000084073	1163	0	1166
ENSG00000231296	0	3	0
ENSG00000049089	148	1	147
ENSG00000227311	0	0	0
ENSG00000213172	0	0	0
ENSG00000284677	1	1	0
ENSG00000187801	42	0	42
ENSG00000260920	46	0	46
ENSG00000158887	114	0	114
ENSG00000255054	0	0	0
ENSG00000228172	8	304	15
ENSG00000117640	490	4	664
ENSG00000272478	0	0	0
ENSG00000127423	7	11	5
ENSG00000182749	150	19	216
ENSG00000207302	0	0	0
ENSG00000117632	852	0	852
ENSG00000229786	0	0	0
ENSG00000223624	0	0	0
ENSG00000283938	0	0	0
ENSG00000199385	0	0	0
ENSG00000187147	1266	20	1989
ENSG00000263381	0	0	0
ENSG00000126106	37	727	53
ENSG00000198520	351	6	345
ENSG00000199377	0	0	0
ENSG00000200169	0	0	0
ENSG00000142945	67	5	70
ENSG00000142937	11933	13	13583
ENSG00000264294	0	0	0
ENSG00000200913	3	0	3
ENSG00000202031	0	0	0
ENSG00000207421	0	0	0
ENSG00000281859	0	0	0
ENSG00000234093	3	2	1
ENSG00000142959	9	1	8
ENSG00000173846	321	0	342
ENSG00000117425	20	1	19
ENSG00000202444	0	0	0
ENSG00000226499	1	0	1
ENSG00000070785	227	0	228
ENSG00000253039	0	0	0
ENSG00000229815	0	1	0
ENSG00000232369	0	0	0
ENSG00000268949	0	0	0
ENSG00000126107	1141	1	1143
ENSG00000126088	679	2	680
ENSG00000234315	0	0	0
ENSG00000162408	680	0	680
ENSG00000229519	6	6	0
ENSG00000173662	1	0	1
ENSG00000204859	537	3	534
ENSG00000288629	0	0	0
ENSG00000230735	1	6	1
ENSG00000171488	2527	2	2526
ENSG00000226394	0	0	0
ENSG00000237200	1	0	1
ENSG00000070886	0	0	0
ENSG00000276835	0	0	0
ENSG00000265422	0	0	0
ENSG00000223776	0	155	0
ENSG00000273058	40	0	40
ENSG00000230325	11	55	2
ENSG00000119285	1506	1266	1769
ENSG00000226498	0	0	0
ENSG00000237991	2	0	2
ENSG00000244020	0	0	0
ENSG00000288099	0	0	0
ENSG00000225886	138	154	0
ENSG00000206767	0	0	0
ENSG00000226662	0	0	0
ENSG00000207095	0	0	0
ENSG00000287244	0	0	0
ENSG00000231344	2	0	2
ENSG00000230833	0	0	0
ENSG00000117758	1293	0	1293
ENSG00000269971	0	0	0
ENSG00000270031	5	0	5
ENSG00000223062	0	0	0
ENSG00000286433	0	92	0
ENSG00000117751	1138	3	1227
ENSG00000252947	0	0	0
ENSG00000130775	7802	5	7808
ENSG00000117748	1661	97	1575
ENSG00000223643	0	0	0
ENSG00000230239	0	0	0
ENSG00000263811	0	0	0
ENSG00000277234	0	0	0
ENSG00000235241	0	47	1
ENSG00000207005	0	0	0
ENSG00000272426	2	2	0
ENSG00000117122	0	0	0
ENSG00000286898	0	0	0
ENSG00000226526	0	80	1
ENSG00000159363	814	1	861
ENSG00000117118	1297	0	1297
ENSG00000117115	1286	4	1282
ENSG00000204362	0	0	0
ENSG00000282843	0	0	0
ENSG00000142623	0	0	0
ENSG00000142619	0	0	0
ENSG00000266634	0	0	0
ENSG00000199459	0	0	0
ENSG00000273264	0	0	0
ENSG00000282057	0	0	0
ENSG00000272691	0	0	0
ENSG00000199934	0	0	0
ENSG00000230285	0	0	0
ENSG00000142871	0	0	0
ENSG00000226643	0	0	0
ENSG00000234419	0	0	0
ENSG00000276997	3	0	3
ENSG00000222399	0	0	0
ENSG00000267305	1	0	1
ENSG00000143512	3	0	3
ENSG00000143498	130	0	139
ENSG00000225265	5	9	5
ENSG00000154305	2864	155	3264
ENSG00000229399	0	0	0
ENSG00000272750	18	540	19
ENSG00000186063	1332	42	1326
ENSG00000162819	1571	2	1591
ENSG00000287684	0	2	0
ENSG00000234523	0	0	0
ENSG00000287338	3	0	3
ENSG00000187554	1094	56	1038
ENSG00000236846	3	0	3
ENSG00000226601	0	0	0
ENSG00000164010	274	8	457
ENSG00000164011	233	0	233
ENSG00000233708	0	0	0
ENSG00000237090	0	0	0
ENSG00000225099	0	0	0
ENSG00000284138	1	0	1
ENSG00000283973	0	8	0
ENSG00000207256	0	0	0
ENSG00000283136	0	0	0
ENSG00000277513	0	0	0
ENSG00000154309	166	0	166
ENSG00000226967	0	0	0
ENSG00000231407	0	1	0
ENSG00000229570	1	0	1
ENSG00000203857	0	0	0
ENSG00000226443	1	0	1
ENSG00000249798	0	0	0
ENSG00000239873	0	0	0
ENSG00000203855	0	0	0
ENSG00000240244	0	0	0
ENSG00000260941	3	0	3
ENSG00000198857	0	0	0
ENSG00000143067	78	0	78
ENSG00000134240	0	0	0
ENSG00000134193	42	0	42
ENSG00000215864	0	0	0
ENSG00000227205	0	0	0
ENSG00000226446	0	0	0
ENSG00000134249	0	0	0
ENSG00000092621	168	0	168
ENSG00000027644	0	0	0
ENSG00000241992	0	0	0
ENSG00000234226	0	0	0
ENSG00000137970	85	0	85
ENSG00000223229	0	0	0
ENSG00000285698	0	0	0
ENSG00000228035	0	0	0
ENSG00000287103	0	0	0
ENSG00000226973	0	0	0
ENSG00000274468	0	0	0
ENSG00000130764	796	12	886
ENSG00000266075	1	1	0
ENSG00000272153	11	111	2
ENSG00000230026	0	0	0
ENSG00000285177	0	0	0
ENSG00000284770	19	61	23
ENSG00000229795	0	0	0
ENSG00000238236	0	0	0
ENSG00000235638	0	0	0
ENSG00000231199	0	0	0
ENSG00000226663	0	0	0
ENSG00000231582	0	0	0
ENSG00000232714	0	0	0
ENSG00000235761	0	0	0
ENSG00000270710	0	0	0
ENSG00000227236	0	0	0
ENSG00000198837	4972	3	5229
ENSG00000160741	2086	1	2085
ENSG00000276584	0	0	0
ENSG00000282386	9	1	8
ENSG00000273026	1	0	1
ENSG00000143578	120	19	135
ENSG00000143543	139	2	157
ENSG00000285641	0	7	0
ENSG00000143545	14	0	14
ENSG00000177954	23213	4	23209
ENSG00000231416	0	0	0
ENSG00000200220	0	0	0
ENSG00000231837	0	0	0
ENSG00000263987	0	0	0
ENSG00000162642	421	0	421
ENSG00000223254	0	0	0
ENSG00000223653	4	37	4
ENSG00000116198	914	4	913
ENSG00000169598	283	0	286
ENSG00000226653	0	0	0
ENSG00000207209	0	0	0
ENSG00000272443	0	0	0
ENSG00000272480	0	0	0
ENSG00000288626	0	0	0
ENSG00000162836	178	1	177
ENSG00000207080	0	0	0
ENSG00000231791	0	0	0
ENSG00000244568	0	0	0
ENSG00000271387	0	0	0
ENSG00000116667	326	0	326
ENSG00000230470	0	0	0
ENSG00000232036	0	0	0
ENSG00000285847	0	0	0
ENSG00000286378	0	0	0
ENSG00000215381	0	0	0
ENSG00000261326	80	0	80
ENSG00000284726	5	5	0
ENSG00000125945	357	10	357
ENSG00000201405	0	0	0
ENSG00000271420	2	0	2
ENSG00000204219	245	0	245
ENSG00000232482	0	0	0
ENSG00000285779	0	0	0
ENSG00000162885	132	54	238
ENSG00000270780	0	0	0
ENSG00000232895	0	0	0
ENSG00000273698	0	0	0
ENSG00000273112	4	0	4
ENSG00000173110	2289	13	2276
ENSG00000224203	4	5	0
ENSG00000224515	1	1	0
ENSG00000225217	508	0	508
ENSG00000231586	0	3	0
ENSG00000234211	3	43	0
ENSG00000213075	3	3	0
ENSG00000143125	0	0	0
ENSG00000270380	0	0	0
ENSG00000282887	0	0	0
ENSG00000283999	0	0	0
ENSG00000240194	0	0	0
ENSG00000235407	0	0	0
ENSG00000143105	0	0	0
ENSG00000199710	0	0	0
ENSG00000237415	0	0	0
ENSG00000232791	0	0	0
ENSG00000177301	62	2	60
ENSG00000226828	5	5	0
ENSG00000279774	0	0	0
ENSG00000229960	0	0	0
ENSG00000286486	0	0	0
ENSG00000244066	0	0	0
ENSG00000237759	0	0	0
ENSG00000287531	0	0	0
ENSG00000225855	64	765	15
ENSG00000283701	0	0	0
ENSG00000207134	0	0	0
ENSG00000227773	0	0	0
ENSG00000207144	0	0	0
ENSG00000237872	0	0	0
ENSG00000271267	3	3	0
ENSG00000225082	0	0	0
ENSG00000223503	1	1	0
ENSG00000232519	0	0	0
ENSG00000160752	416	7	1119
ENSG00000121957	74	312	115
ENSG00000235089	0	0	0
ENSG00000285179	0	0	0
ENSG00000223026	0	0	0
ENSG00000225721	0	1665	7
ENSG00000188396	9	28	2
ENSG00000202167	0	0	0
ENSG00000207349	0	0	0
ENSG00000252826	0	0	0
ENSG00000206737	0	0	0
ENSG00000223779	2	0	2
ENSG00000242352	0	0	0
ENSG00000270962	0	0	0
ENSG00000263590	0	0	0
ENSG00000252105	0	0	0
ENSG00000233430	0	0	0
ENSG00000237503	0	0	0
ENSG00000265531	131	0	165
ENSG00000234571	23	57	0
ENSG00000230186	0	9	0
ENSG00000268074	0	0	0
ENSG00000270872	12	0	12
ENSG00000276674	0	0	0
ENSG00000082482	0	0	0
ENSG00000116747	1256	16	1394
ENSG00000118729	0	0	0
ENSG00000134207	1	0	1
ENSG00000163467	2	4	1
ENSG00000243710	4	0	4
ENSG00000117395	438	1	437
ENSG00000116874	214	9	226
ENSG00000065600	293	1	292
ENSG00000009780	270	0	270
ENSG00000023572	220	127	198
ENSG00000077254	2482	1	2481
ENSG00000134644	3914	2	3912
ENSG00000215788	668	1	702
ENSG00000117834	20	7	14
ENSG00000117625	1022	3	1019
ENSG00000179902	2	2	0
ENSG00000020633	4866	1	4865
ENSG00000121766	352	0	541
ENSG00000143157	2133	2	2133
ENSG00000162614	862	4	860
ENSG00000160781	56	0	56
ENSG00000143344	455	0	455
ENSG00000162613	3322	8	3314
ENSG00000116882	0	0	0
ENSG00000198758	0	0	0
ENSG00000117569	328	0	328
ENSG00000142856	150	80	138
ENSG00000158022	0	0	0
ENSG00000116396	105	0	105
ENSG00000058668	5485	1	5484
ENSG00000163875	1299	0	1299
ENSG00000282872	0	0	0
ENSG00000131238	6155	2	6155
ENSG00000171680	25	0	25
ENSG00000244457	0	0	0
ENSG00000116977	2231	346	3838
ENSG00000229372	0	195	0
ENSG00000274975	0	0	0
ENSG00000229348	0	0	0
ENSG00000242485	558	22	632
ENSG00000264293	0	0	0
ENSG00000272455	33	0	33
ENSG00000225905	0	0	0
ENSG00000225285	0	0	0
ENSG00000179403	0	0	0
ENSG00000215915	27	0	27
ENSG00000236085	0	0	0
ENSG00000234441	0	0	0
ENSG00000227408	0	0	0
ENSG00000223635	1	0	1
ENSG00000135776	716	0	716
ENSG00000199672	0	0	0
ENSG00000201492	1	1	0
ENSG00000229367	0	0	0
ENSG00000135763	421	0	421
ENSG00000213028	1	1	0
ENSG00000225984	0	0	0
ENSG00000178828	0	0	0
ENSG00000235434	1	0	1
ENSG00000169914	221	0	221
ENSG00000188784	0	0	0
ENSG00000242688	0	0	0
ENSG00000177186	0	0	0
ENSG00000177174	0	0	0
ENSG00000269956	15	231	0
ENSG00000162456	0	0	0
ENSG00000079277	1125	0	1341
ENSG00000117407	0	0	0
ENSG00000237950	23	0	23
ENSG00000117408	694	0	694
ENSG00000285649	0	80	0
ENSG00000117410	2184	0	2184
ENSG00000159214	27	0	28
ENSG00000196517	4	1	4
ENSG00000227163	0	0	0
ENSG00000271647	0	0	0
ENSG00000239560	0	0	0
ENSG00000196539	0	0	0
ENSG00000229255	0	0	0
ENSG00000203661	0	0	0
ENSG00000271934	0	0	0
ENSG00000224521	0	0	0
ENSG00000227102	0	0	0
ENSG00000183310	0	0	0
ENSG00000201602	0	0	0
ENSG00000271701	0	0	0
ENSG00000189181	0	0	0
ENSG00000187238	0	0	0
ENSG00000185962	0	0	0
ENSG00000226947	0	0	0
ENSG00000285753	0	0	0
ENSG00000187223	0	0	0
ENSG00000159455	0	0	0
ENSG00000187173	0	0	0
ENSG00000204501	0	0	0
ENSG00000228229	0	0	0
ENSG00000204481	0	0	0
ENSG00000204479	0	0	0
ENSG00000172031	2	1	1
ENSG00000233228	0	0	0
ENSG00000224678	0	0	0
ENSG00000233401	0	0	0
ENSG00000273487	8	0	8
ENSG00000226773	0	0	0
ENSG00000274481	0	0	0
ENSG00000228594	51	0	51
ENSG00000286989	16	0	16
ENSG00000272106	46	0	46
ENSG00000189409	1	0	1
ENSG00000272004	0	312	3
ENSG00000189339	2589	11	2893
ENSG00000269737	42	42	0
ENSG00000215914	1	0	1
ENSG00000008128	38	0	38
ENSG00000268575	33	0	69
ENSG00000227775	136	184	0
ENSG00000008130	9296	6	9290
ENSG00000078369	10472	9	10463
ENSG00000178821	1	0	1
ENSG00000158477	61	1	60
ENSG00000230942	0	0	0
ENSG00000158481	256	0	256
ENSG00000158485	4	0	4
ENSG00000158488	21	0	21
ENSG00000186306	0	0	0
ENSG00000203758	0	0	0
ENSG00000236257	0	0	0
ENSG00000236656	0	0	0
ENSG00000198703	0	0	0
ENSG00000227445	0	0	0
ENSG00000231434	0	0	0
ENSG00000117505	2656	1	2696
ENSG00000229635	0	0	0
ENSG00000207379	0	0	0
ENSG00000212601	0	0	0
ENSG00000162889	3075	1	3074
ENSG00000224114	65	0	65
ENSG00000199349	1	1	0
ENSG00000162892	71	944	2
ENSG00000162894	7206	5	8076
ENSG00000271680	17	17	0
ENSG00000226945	22	19	3
ENSG00000162896	4	0	4
ENSG00000162897	1	0	1
ENSG00000182795	26	0	26
ENSG00000198890	321	2	319
ENSG00000224550	0	0	0
ENSG00000142669	9831	10	13694
ENSG00000169442	3537	2	7843
ENSG00000225854	0	0	0
ENSG00000176083	134	0	134
ENSG00000229167	0	0	0
ENSG00000142910	0	0	0
ENSG00000162517	1020	0	1292
ENSG00000235790	2	0	2
ENSG00000264078	1	0	1
ENSG00000241745	0	0	0
ENSG00000228407	0	0	0
ENSG00000223429	0	0	0
ENSG00000224255	0	0	0
ENSG00000236004	0	0	0
ENSG00000237663	0	0	0
ENSG00000213735	0	0	0
ENSG00000272100	6	126	0
ENSG00000287078	0	0	0
ENSG00000224680	0	0	0
ENSG00000085840	62	0	62
ENSG00000283445	0	0	0
ENSG00000272226	2	2	0
ENSG00000231740	0	0	0
ENSG00000143751	1005	0	1005
ENSG00000272562	4	0	4
ENSG00000163041	6614	1	6613
ENSG00000225518	1	0	1
ENSG00000270598	0	0	0
ENSG00000182827	855	1	1083
ENSG00000234478	0	229	0
ENSG00000223570	0	0	0
ENSG00000185155	2	0	2
ENSG00000236773	0	0	0
ENSG00000143753	1535	0	1535
ENSG00000201898	0	0	0
ENSG00000237101	2	54	3
ENSG00000143748	488	3	540
ENSG00000221406	0	0	0
ENSG00000229742	0	0	0
ENSG00000206887	0	0	0
ENSG00000143771	767	0	767
ENSG00000266618	0	0	0
ENSG00000229991	0	0	0
ENSG00000233384	0	0	0
ENSG00000234247	0	0	0
ENSG00000183682	74	107	4
ENSG00000237624	3	0	3
ENSG00000228060	3	601	0
ENSG00000201457	0	0	0
ENSG00000163909	10	0	10
ENSG00000225903	0	0	0
ENSG00000116983	239	1	238
ENSG00000225333	0	0	0
ENSG00000252413	0	0	0
ENSG00000090621	1783	4	2377
ENSG00000236994	0	0	0
ENSG00000275406	0	0	0
ENSG00000270287	0	0	0
ENSG00000229965	2	0	2
ENSG00000223282	0	0	0
ENSG00000177770	0	0	0
ENSG00000287627	0	0	0
ENSG00000283933	0	0	0
ENSG00000143369	24	0	24
ENSG00000228126	0	0	0
ENSG00000237781	108	264	264
ENSG00000264553	17	17	0
ENSG00000277452	14	0	14
ENSG00000274963	9	1	8
ENSG00000253047	2	0	2
ENSG00000143420	2389	3	2386
ENSG00000276103	1	0	1
ENSG00000143457	542	3	539
ENSG00000143452	49	0	49
ENSG00000206931	2	2	0
ENSG00000236713	0	0	0
ENSG00000224690	1	1	0
ENSG00000203804	3	507	159
ENSG00000143384	34039	12	34029
ENSG00000154342	0	0	0
ENSG00000276255	3	0	3
ENSG00000284163	0	0	0
ENSG00000143793	190	17	173
ENSG00000162910	166	0	166
ENSG00000224566	0	0	0
ENSG00000287895	4	3	1
ENSG00000280157	2	0	2
ENSG00000227625	0	0	0
ENSG00000198835	14	0	14
ENSG00000203684	0	0	0
ENSG00000181873	261	0	261
ENSG00000162913	26	3	29
ENSG00000269934	39	53	80
ENSG