N_unmapped	201327	201327	201327
N_multimapping	1840709	1840709	1840709
N_noFeature	794086	16486548	932488
N_ambiguous	1870651	34420	798559
ENSG00000160072	359	1	358
ENSG00000234396	0	0	0
ENSG00000225972	2	0	2
ENSG00000224315	0	0	0
ENSG00000198744	3	0	3
ENSG00000279928	3	0	3
ENSG00000228037	40	1	39
ENSG00000142611	3	0	3
ENSG00000225630	5566	65	5501
ENSG00000284616	0	0	0
ENSG00000157911	64	526	135
ENSG00000269896	41	1	40
ENSG00000237973	138	1	150
ENSG00000228463	11	0	17
ENSG00000260972	0	0	0
ENSG00000157933	2434	16	2418
ENSG00000224340	0	0	0
ENSG00000226545	0	0	0
ENSG00000268663	0	0	0
ENSG00000226374	0	0	0
ENSG00000229280	0	0	0
ENSG00000142655	264	47	264
ENSG00000232596	0	0	0
ENSG00000235054	0	0	0
ENSG00000232663	1	1	0
ENSG00000240409	0	0	0
ENSG00000229344	0	0	1
ENSG00000231510	0	0	0
ENSG00000149527	211	7	204
ENSG00000284739	0	0	0
ENSG00000171621	108	0	108
ENSG00000272235	0	0	0
ENSG00000284694	0	0	0
ENSG00000230021	4	32	4
ENSG00000287356	12	11	3
ENSG00000224387	4	4	0
ENSG00000285629	0	0	0
ENSG00000173673	0	0	0
ENSG00000142583	62	2	60
ENSG00000284674	0	0	0
ENSG00000272161	1	0	1
ENSG00000237094	103	0	103
ENSG00000224338	0	0	0
ENSG00000074800	10439	33	10407
ENSG00000116786	1454	5	1639
ENSG00000287727	5	5	0
ENSG00000228423	0	0	0
ENSG00000286448	0	6	0
ENSG00000131686	56	65	13
ENSG00000229305	0	0	0
ENSG00000284703	4	0	4
ENSG00000226457	0	0	0
ENSG00000173614	187	0	187
ENSG00000248527	3336	94	3242
ENSG00000215720	0	0	0
ENSG00000241326	0	0	0
ENSG00000233623	1	0	1
ENSG00000162592	0	32	0
ENSG00000116254	4	0	4
ENSG00000233645	0	0	0
ENSG00000204624	10	0	12
ENSG00000142606	23	129	40
ENSG00000235146	0	0	0
ENSG00000225931	17	1	16
ENSG00000171729	12	0	13
ENSG00000279457	109	0	109
ENSG00000162571	2	0	2
ENSG00000229393	5	3	2
ENSG00000037637	728	0	728
ENSG00000287586	52	1	51
ENSG00000159423	120	0	120
ENSG00000142599	3585	24	3562
ENSG00000227169	0	0	0
ENSG00000283356	1	1	0
ENSG00000011021	530	1	545
ENSG00000142615	2	2	0
ENSG00000215704	2	12	0
ENSG00000157916	1378	76	1899
ENSG00000157881	706	2	704
ENSG00000238290	0	0	0
ENSG00000225387	1	0	1
ENSG00000048707	2298	8	2290
ENSG00000158748	38	0	38
ENSG00000225196	0	0	0
ENSG00000162444	162	0	162
ENSG00000279625	0	0	0
ENSG00000180758	106	1	105
ENSG00000184677	1741	5	1736
ENSG00000230679	0	1	0
ENSG00000270136	0	0	0
ENSG00000288398	103	1	102
ENSG00000224621	0	0	0
ENSG00000285833	0	2	0
ENSG00000131697	205	1	204
ENSG00000284692	0	0	0
ENSG00000284745	0	0	0
ENSG00000280222	0	0	0
ENSG00000227634	0	0	0
ENSG00000285945	0	0	0
ENSG00000229162	1	0	1
ENSG00000197921	1	0	1
ENSG00000233755	0	0	0
ENSG00000233929	1	0	1
ENSG00000271742	0	0	0
ENSG00000226396	11	0	11
ENSG00000169504	503	1	502
ENSG00000234166	0	19	0
ENSG00000235282	0	0	0
ENSG00000055070	1832	9	2795
ENSG00000175087	297	0	297
ENSG00000157191	2413	16	2398
ENSG00000284699	0	0	0
ENSG00000230035	0	0	0
ENSG00000235185	0	0	0
ENSG00000225643	4	0	4
ENSG00000284666	0	0	0
ENSG00000228943	0	0	0
ENSG00000234397	0	0	0
ENSG00000284309	0	0	0
ENSG00000162511	18690	75	28111
ENSG00000158014	0	0	0
ENSG00000204138	786	2	784
ENSG00000233419	0	0	0
ENSG00000235263	0	0	0
ENSG00000228176	0	0	0
ENSG00000231251	0	0	0
ENSG00000142675	54	0	54
ENSG00000197245	0	0	0
ENSG00000261025	6	5	1
ENSG00000116237	632	2	660
ENSG00000130772	304	0	304
ENSG00000215899	0	0	0
ENSG00000271398	4	4	0
ENSG00000225011	0	0	0
ENSG00000235069	0	0	0
ENSG00000284676	0	0	0
ENSG00000237058	1	1	0
ENSG00000233399	0	0	0
ENSG00000090020	832	3	829
ENSG00000157978	4563	12	4551
ENSG00000226944	1	0	1
ENSG00000270282	0	0	0
ENSG00000130770	415	14	696
ENSG00000229044	0	196	1
ENSG00000162512	55	1	54
ENSG00000158006	682	0	682
ENSG00000214812	1	0	1
ENSG00000126698	1632	13	1619
ENSG00000229447	4	0	4
ENSG00000229607	0	0	0
ENSG00000130766	255	0	255
ENSG00000168528	29	0	29
ENSG00000196581	39	0	39
ENSG00000169403	3284	6	3278
ENSG00000084628	0	0	0
ENSG00000060688	730	1	729
ENSG00000171612	87	0	87
ENSG00000270927	0	0	0
ENSG00000188910	0	0	0
ENSG00000230523	0	0	0
ENSG00000116138	611	191	519
ENSG00000158161	647	1	646
ENSG00000142684	0	0	71
ENSG00000234619	0	0	0
ENSG00000121769	14	14	0
ENSG00000142627	42	0	42
ENSG00000284668	0	0	0
ENSG00000233234	0	0	0
ENSG00000142632	147	0	166
ENSG00000234593	0	0	0
ENSG00000158292	29	0	29
ENSG00000270605	31	0	31
ENSG00000189337	57	2	58
ENSG00000232912	27	1	27
ENSG00000235084	2	0	2
ENSG00000235143	0	0	0
ENSG00000225478	0	0	0
ENSG00000225077	0	26	0
ENSG00000028137	7062	17	7045
ENSG00000238249	5	4	1
ENSG00000204464	0	0	0
ENSG00000233372	0	0	0
ENSG00000283259	0	0	0
ENSG00000284543	4	0	4
ENSG00000130939	1362	4	1358
ENSG00000175147	0	4	0
ENSG00000127472	0	0	0
ENSG00000060656	6	0	6
ENSG00000163867	221	1	220
ENSG00000232768	0	0	0
ENSG00000230214	0	0	0
ENSG00000189280	1	1	0
ENSG00000134698	2068	3	2065
ENSG00000134690	48	0	48
ENSG00000272420	2	0	2
ENSG00000132881	73	0	73
ENSG00000273274	0	0	0
ENSG00000116251	2863	4	2860
ENSG00000272510	2	28	4
ENSG00000158286	16	6	16
ENSG00000236648	0	0	0
ENSG00000232273	2	1	1
ENSG00000009709	0	0	0
ENSG00000287396	0	0	0
ENSG00000223589	0	0	0
ENSG00000158008	0	0	0
ENSG00000130940	81	2	155
ENSG00000116771	262	3	328
ENSG00000237301	5	4	1
ENSG00000162585	395	132	413
ENSG00000163879	2	6	2
ENSG00000227527	0	0	0
ENSG00000116954	291	0	291
ENSG00000228589	2	0	2
ENSG00000163873	0	0	0
ENSG00000117215	15	0	15
ENSG00000196449	162	5	201
ENSG00000230163	0	25	0
ENSG00000227538	0	0	0
ENSG00000232208	65	0	65
ENSG00000236500	0	0	0
ENSG00000044012	0	0	0
ENSG00000179051	2089	7	2471
ENSG00000215895	0	0	0
ENSG00000231868	0	0	0
ENSG00000284650	0	0	0
ENSG00000237329	0	0	0
ENSG00000236948	3	0	3
ENSG00000126067	1015	1	1014
ENSG00000274944	0	0	0
ENSG00000132906	331	0	341
ENSG00000197312	1156	4	1152
ENSG00000284748	0	0	0
ENSG00000272078	5	81	0
ENSG00000173660	1140	8	1132
ENSG00000224592	0	0	0
ENSG00000233728	0	7	0
ENSG00000230451	0	0	0
ENSG00000231606	0	0	0
ENSG00000215900	0	0	0
ENSG00000284632	0	0	0
ENSG00000241014	8	0	8
ENSG00000054118	4152	36	4116
ENSG00000254553	0	0	0
ENSG00000284653	0	0	0
ENSG00000237749	1	0	1
ENSG00000276747	1	0	1
ENSG00000284705	0	0	0
ENSG00000228776	0	0	0
ENSG00000159339	1384	5	1379
ENSG00000223814	0	0	0
ENSG00000197982	125	39	130
ENSG00000261781	0	0	0
ENSG00000183317	0	0	0
ENSG00000183386	435	0	435
ENSG00000284743	0	0	0
ENSG00000158315	1	3	0
ENSG00000204084	716	3	830
ENSG00000186973	1	0	1
ENSG00000271806	5	29	6
ENSG00000146463	1105	7	1219
ENSG00000279214	0	0	0
ENSG00000183520	298	4	294
ENSG00000271741	0	0	0
ENSG00000214141	0	0	0
ENSG00000142686	155	1	154
ENSG00000224751	0	0	0
ENSG00000279096	0	0	0
ENSG00000117148	0	0	0
ENSG00000230585	0	0	0
ENSG00000117000	849	1	848
ENSG00000284989	0	0	0
ENSG00000231630	0	0	0
ENSG00000092853	22	0	25
ENSG00000255811	0	0	0
ENSG00000134697	731	7	730
ENSG00000187513	0	0	0
ENSG00000238145	0	0	0
ENSG00000225142	0	0	0
ENSG00000230138	27	0	27
ENSG00000223390	1	21	1
ENSG00000285823	1	0	1
ENSG00000284720	0	0	0
ENSG00000225028	0	0	0
ENSG00000225671	0	0	0
ENSG00000116151	54	0	56
ENSG00000226147	0	0	0
ENSG00000182873	51	25	29
ENSG00000006555	163	0	163
ENSG00000236111	0	0	0
ENSG00000066056	20	0	20
ENSG00000214114	315	5	310
ENSG00000173436	139	7	139
ENSG00000116544	38	1	37
ENSG00000231900	0	0	0
ENSG00000236723	0	212	8
ENSG00000232467	0	0	0
ENSG00000117016	125	0	125
ENSG00000121310	432	3	429
ENSG00000169213	0	0	0
ENSG00000163866	471	0	496
ENSG00000225779	0	0	0
ENSG00000284601	0	0	0
ENSG00000237130	0	0	0
ENSG00000143001	0	0	0
ENSG00000229716	0	0	0
ENSG00000226133	0	0	0
ENSG00000227416	0	0	0
ENSG00000232335	0	3	0
ENSG00000260971	0	0	0
ENSG00000259832	0	0	0
ENSG00000284696	0	0	0
ENSG00000238242	0	0	0
ENSG00000285839	0	0	0
ENSG00000237290	0	0	0
ENSG00000232762	0	0	0
ENSG00000117419	312	2	310
ENSG00000162384	397	8	415
ENSG00000162391	3	16	0
ENSG00000174348	3	0	4
ENSG00000154198	0	0	0
ENSG00000117859	1214	24	1202
ENSG00000228121	0	0	0
ENSG00000253313	0	0	0
ENSG00000162396	117	0	117
ENSG00000203995	0	0	0
ENSG00000227742	0	0	0
ENSG00000284686	0	0	0
ENSG00000162378	580	0	580
ENSG00000233079	0	0	0
ENSG00000259818	0	1	0
ENSG00000229444	0	0	0
ENSG00000240563	7	0	7
ENSG00000234318	0	0	0
ENSG00000284773	11	0	11
ENSG00000234481	0	0	0
ENSG00000117862	72	0	72
ENSG00000235612	0	0	0
ENSG00000228369	0	0	0
ENSG00000183431	1679	7	1672
ENSG00000227485	0	0	0
ENSG00000224609	0	0	0
ENSG00000235545	0	0	0
ENSG00000236646	0	0	0
ENSG00000169174	0	0	0
ENSG00000232198	0	0	0
ENSG00000238063	3	0	3
ENSG00000227104	0	0	0
ENSG00000243725	9	0	9
ENSG00000171872	0	0	0
ENSG00000162407	8	0	8
ENSG00000285079	1	0	1
ENSG00000169218	0	0	0
ENSG00000163877	606	17	589
ENSG00000228929	4	0	4
ENSG00000224570	0	0	0
ENSG00000224980	0	0	0
ENSG00000278967	0	0	0
ENSG00000157184	143	31	357
ENSG00000272491	1	0	4
ENSG00000198815	1586	6	1580
ENSG00000134744	1824	13	1812
ENSG00000233910	0	0	0
ENSG00000287703	0	0	0
ENSG00000283039	0	0	0
ENSG00000229032	0	0	0
ENSG00000229294	0	0	0
ENSG00000232993	0	1	0
ENSG00000234088	0	0	0
ENSG00000236973	0	0	0
ENSG00000227947	0	0	0
ENSG00000277397	0	0	0
ENSG00000271200	0	0	0
ENSG00000235446	0	0	0
ENSG00000261196	0	0	0
ENSG00000162385	479	1	479
ENSG00000231413	0	0	0
ENSG00000234264	0	0	0
ENSG00000242391	0	0	0
ENSG00000223883	0	0	0
ENSG00000284808	0	0	0
ENSG00000242267	0	0	0
ENSG00000237227	0	0	0
ENSG00000275350	0	0	0
ENSG00000116652	0	0	1
ENSG00000123080	78	0	78
ENSG00000285778	0	0	0
ENSG00000077549	6846	15	6838
ENSG00000233407	0	0	0
ENSG00000225675	2	0	2
ENSG00000237622	0	0	0
ENSG00000162598	1	0	1
ENSG00000280317	0	0	0
ENSG00000162415	24	2	24
ENSG00000162600	270	1	269
ENSG00000116704	667	3	664
ENSG00000227644	0	0	0
ENSG00000157193	126	4	154
ENSG00000116205	488	7	495
ENSG00000198841	60	0	60
ENSG00000116212	138	1	137
ENSG00000234204	0	0	0
ENSG00000233099	0	0	0
ENSG00000233994	0	0	0
ENSG00000237180	0	0	0
ENSG00000213561	0	0	0
ENSG00000233973	0	0	0
ENSG00000237552	0	0	0
ENSG00000132854	0	0	0
ENSG00000227556	0	0	0
ENSG00000162616	86	0	86
ENSG00000162607	1079	7	1072
ENSG00000233602	0	0	0
ENSG00000233271	0	0	0
ENSG00000285954	18	18	0
ENSG00000233333	0	0	0
ENSG00000154027	486	4	491
ENSG00000234108	0	0	0
ENSG00000232676	0	0	0
ENSG00000225167	0	0	0
ENSG00000132122	54	0	54
ENSG00000213579	0	0	0
ENSG00000137960	0	0	0
ENSG00000237852	0	0	0
ENSG00000116745	0	0	0
ENSG00000132855	0	0	0
ENSG00000285407	0	0	0
ENSG00000272855	0	0	0
ENSG00000270549	0	0	0
ENSG00000237163	0	0	0
ENSG00000229636	0	0	0
ENSG00000116675	13	0	13
ENSG00000162433	12	0	12
ENSG00000213625	730	4	726
ENSG00000227207	0	0	0
ENSG00000227016	0	0	0
ENSG00000233664	0	0	0
ENSG00000158966	123	0	123
ENSG00000213703	0	0	0
ENSG00000203965	59	0	63
ENSG00000223479	0	0	0
ENSG00000233674	0	0	0
ENSG00000153898	118	0	118
ENSG00000117069	1	0	1
ENSG00000125703	275	1	274
ENSG00000285041	0	0	0
ENSG00000285808	0	0	0
ENSG00000229440	0	0	0
ENSG00000234144	0	0	0
ENSG00000213540	0	0	0
ENSG00000277670	0	0	0
ENSG00000227466	0	0	0
ENSG00000154007	0	0	0
ENSG00000230498	0	0	0
ENSG00000285782	0	0	0
ENSG00000162618	0	0	0
ENSG00000224493	0	0	0
ENSG00000131233	0	0	0
ENSG00000272371	0	0	0
ENSG00000287647	2	9	1
ENSG00000229225	0	0	0
ENSG00000230863	0	0	0
ENSG00000213560	0	0	0
ENSG00000287224	1	0	1
ENSG00000225598	0	0	0
ENSG00000286455	0	0	0
ENSG00000225087	0	0	0
ENSG00000224986	0	0	0
ENSG00000280378	10	0	10
ENSG00000188786	936	3	933
ENSG00000230053	0	0	0
ENSG00000137941	12	0	12
ENSG00000273338	0	0	0
ENSG00000223720	0	0	0
ENSG00000224326	0	0	0
ENSG00000286548	5	0	5
ENSG00000066135	345	6	481
ENSG00000230027	0	0	0
ENSG00000233061	0	0	0
ENSG00000272094	0	0	0
ENSG00000228853	0	0	0
ENSG00000215874	0	0	0
ENSG00000232453	6	0	6
ENSG00000260386	0	0	0
ENSG00000284895	0	0	0
ENSG00000117174	465	9	456
ENSG00000237413	0	0	0
ENSG00000184313	2	0	2
ENSG00000284645	0	0	0
ENSG00000225605	0	0	0
ENSG00000225446	0	0	0
ENSG00000288543	1	0	1
ENSG00000122420	0	0	0
ENSG00000284240	0	0	0
ENSG00000236290	0	0	0
ENSG00000143013	407	4	403
ENSG00000226084	18	0	18
ENSG00000134748	1410	16	1394
ENSG00000142892	507	3	505
ENSG00000219102	0	0	0
ENSG00000184005	39	0	39
ENSG00000230953	13	13	0
ENSG00000287743	0	0	0
ENSG00000229332	0	0	0
ENSG00000227937	0	0	0
ENSG00000229752	0	0	0
ENSG00000237505	2	0	2
ENSG00000285462	0	0	0
ENSG00000233216	0	0	0
ENSG00000197273	0	0	0
ENSG00000226804	0	0	0
ENSG00000285325	0	0	0
ENSG00000230728	0	0	0
ENSG00000162402	3670	4	3666
ENSG00000232846	0	0	0
ENSG00000219201	1	0	1
ENSG00000230787	0	0	0
ENSG00000116641	123	1	122
ENSG00000235927	2	1	2
ENSG00000223920	0	0	0
ENSG00000237453	4	4	0
ENSG00000172260	16	0	16
ENSG00000285473	0	0	0
ENSG00000237959	0	0	0
ENSG00000231364	0	0	0
ENSG00000234578	0	0	0
ENSG00000117480	154	0	154
ENSG00000137944	359	3	356
ENSG00000229505	0	0	0
ENSG00000228187	0	0	0
ENSG00000285201	0	0	0
ENSG00000182183	264	1	265
ENSG00000236407	0	0	0
ENSG00000271949	0	0	0
ENSG00000227062	0	0	0
ENSG00000067334	1055	12	1043
ENSG00000235011	0	0	0
ENSG00000235673	0	0	0
ENSG00000226938	0	0	0
ENSG00000213559	0	0	0
ENSG00000287587	0	0	0
ENSG00000142949	13	0	13
ENSG00000116133	196	2	234
ENSG00000232882	0	0	0
ENSG00000171502	15	0	15
ENSG00000162399	1	1	0
ENSG00000116157	278	1	277
ENSG00000143036	2	0	2
ENSG00000232672	0	0	0
ENSG00000230817	0	0	0
ENSG00000235613	1	0	1
ENSG00000065243	866	5	861
ENSG00000226759	0	0	0
ENSG00000226960	0	0	0
ENSG00000234080	0	0	0
ENSG00000237899	4	1	3
ENSG00000225492	3	1	3
ENSG00000223905	0	0	0
ENSG00000227290	0	0	0
ENSG00000229486	0	0	0
ENSG00000282898	0	0	0
ENSG00000285409	0	0	0
ENSG00000231090	1	0	1
ENSG00000117528	553	0	553
ENSG00000271723	0	0	0
ENSG00000172339	43	0	43
ENSG00000036549	989	6	983
ENSG00000287724	0	29	0
ENSG00000058799	415	0	415
ENSG00000225191	0	0	0
ENSG00000287870	1	0	1
ENSG00000235563	0	0	0
ENSG00000232048	0	0	0
ENSG00000232857	0	0	0
ENSG00000273637	0	0	0
ENSG00000203985	0	0	0
ENSG00000228838	0	1	0
ENSG00000283761	1	0	1
ENSG00000189433	1	1	0
ENSG00000230759	0	0	0
ENSG00000231866	0	0	0
ENSG00000179178	0	0	0
ENSG00000142700	2	0	2
ENSG00000285525	0	0	0
ENSG00000236098	0	0	0
ENSG00000233514	0	0	0
ENSG00000127124	412	1	411
ENSG00000266993	11	26	8
ENSG00000223675	0	0	0
ENSG00000162604	218	1	217
ENSG00000229316	0	0	0
ENSG00000116171	1061	1	1063
ENSG00000287406	0	0	0
ENSG00000225767	0	0	0
ENSG00000234099	0	0	0
ENSG00000137936	23	1	24
ENSG00000235308	4	4	0
ENSG00000232752	0	0	0
ENSG00000235829	0	0	0
ENSG00000143032	0	0	0
ENSG00000226745	0	0	0
ENSG00000178028	678	2	676
ENSG00000280040	0	0	0
ENSG00000168710	1494	6	1488
ENSG00000117519	48	0	48
ENSG00000270507	0	0	0
ENSG00000238037	0	0	0
ENSG00000215869	0	0	0
ENSG00000134215	747	2	745
ENSG00000227935	0	0	0
ENSG00000229887	0	0	0
ENSG00000228502	12	0	12
ENSG00000236268	0	0	0
ENSG00000271277	0	0	0
ENSG00000236888	0	0	0
ENSG00000279778	1	0	1
ENSG00000232015	0	0	0
ENSG00000230955	0	117	0
ENSG00000230828	0	0	0
ENSG00000188641	1458	6	1577
ENSG00000152078	3	0	3
ENSG00000237279	0	0	0
ENSG00000233359	0	0	0
ENSG00000237954	0	0	0
ENSG00000185668	2	0	2
ENSG00000171492	1005	3	1002
ENSG00000233129	1	1	0
ENSG00000170989	4362	11	4351
ENSG00000258634	116	0	182
ENSG00000233557	0	0	0
ENSG00000237897	0	0	0
ENSG00000116299	470	2	468
ENSG00000137962	5	0	5
ENSG00000227832	0	0	0
ENSG00000286692	0	0	0
ENSG00000260464	4	0	4
ENSG00000237435	0	0	0
ENSG00000231996	0	0	0
ENSG00000273204	1	1	0
ENSG00000079739	448	2	499
ENSG00000117154	0	0	0
ENSG00000162377	174	12	163
ENSG00000224613	0	0	0
ENSG00000215871	0	0	0
ENSG00000287372	0	0	0
ENSG00000232542	0	0	0
ENSG00000231095	0	0	0
ENSG00000116774	2	0	2
ENSG00000287756	0	0	0
ENSG00000269113	0	0	0
ENSG00000284652	0	0	0
ENSG00000023909	196	1	195
ENSG00000069702	389	2	387
ENSG00000232185	0	0	0
ENSG00000230489	4	0	4
ENSG00000228399	1	0	1
ENSG00000236776	0	0	0
ENSG00000285928	4	4	0
ENSG00000224685	0	0	0
ENSG00000287076	0	0	0
ENSG00000237480	0	1	0
ENSG00000271252	0	0	0
ENSG00000230427	0	0	0
ENSG00000235794	0	0	0
ENSG00000286758	0	0	0
ENSG00000237337	0	0	0
ENSG00000233983	0	0	0
ENSG00000198198	1696	67	1977
ENSG00000225183	1	0	1
ENSG00000230402	0	0	0
ENSG00000116793	159	2	157
ENSG00000134201	4	0	4
ENSG00000238122	0	1	0
ENSG00000260879	0	23	0
ENSG00000213366	357	2	355
ENSG00000230864	0	0	0
ENSG00000283354	0	0	0
ENSG00000232918	0	0	0
ENSG00000236360	0	2	1
ENSG00000183298	0	0	14
ENSG00000234332	13	0	13
ENSG00000117525	0	0	0
ENSG00000225079	19	0	19
ENSG00000226483	0	0	0
ENSG00000224238	0	0	0
ENSG00000229537	0	0	0
ENSG00000162699	0	0	0
ENSG00000162692	0	0	0
ENSG00000203914	0	0	0
ENSG00000270457	0	0	0
ENSG00000203858	0	0	0
ENSG00000231987	0	0	0
ENSG00000228057	2	0	2
ENSG00000261593	0	0	0
ENSG00000224445	0	0	0
ENSG00000229842	0	0	0
ENSG00000270631	0	0	0
ENSG00000229201	0	0	0
ENSG00000181656	1	0	1
ENSG00000122481	16	1	15
ENSG00000198162	1007	6	1001
ENSG00000238198	3	0	3
ENSG00000171517	1	0	1
ENSG00000228852	6	6	0
ENSG00000203864	0	0	0
ENSG00000233482	0	0	0
ENSG00000230250	0	0	0
ENSG00000232878	3	128	0
ENSG00000143079	44	0	44
ENSG00000232450	7	0	7
ENSG00000223575	0	0	0
ENSG00000230768	0	0	0
ENSG00000235202	0	0	0
ENSG00000272715	0	0	0
ENSG00000235038	0	0	0
ENSG00000143093	1113	3	1110
ENSG00000226415	3	0	3
ENSG00000085491	301	3	324
ENSG00000173947	6	0	6
ENSG00000241361	7	0	8
ENSG00000230434	0	0	0
ENSG00000230718	0	0	0
ENSG00000134198	201	2	199
ENSG00000235595	0	0	0
ENSG00000226053	0	0	0
ENSG00000226128	0	0	0
ENSG00000198799	652	2	756
ENSG00000279513	1	0	1
ENSG00000117620	197	2	197
ENSG00000280186	0	0	0
ENSG00000223906	0	0	0
ENSG00000162688	549	1	548
ENSG00000197106	0	0	0
ENSG00000259946	0	0	0
ENSG00000236137	2	76	1
ENSG00000203859	0	0	0
ENSG00000228086	0	113	0
ENSG00000213421	0	0	0
ENSG00000234020	0	0	0
ENSG00000060718	0	0	0
ENSG00000236804	0	0	0
ENSG00000231072	0	0	0
ENSG00000273406	0	0	0
ENSG00000185946	330	1	329
ENSG00000162627	0	0	0
ENSG00000226715	0	14	0
ENSG00000162695	495	1	494
ENSG00000134184	156	2	223
ENSG00000265808	902	3	899
ENSG00000261290	0	0	0
ENSG00000225923	0	0	0
ENSG00000134247	37	0	37
ENSG00000187481	0	0	0
ENSG00000116752	407	1	406
ENSG00000162664	337	3	334
ENSG00000236866	0	0	0
ENSG00000134253	3	0	3
ENSG00000277655	0	0	0
ENSG00000223416	1	0	1
ENSG00000213226	0	0	0
ENSG00000179571	0	0	0
ENSG00000227850	0	0	0
ENSG00000243967	0	0	0
ENSG00000235777	0	0	0
ENSG00000260246	0	69	0
ENSG00000173218	105	1	104
ENSG00000285532	0	0	0
ENSG00000226755	0	0	0
ENSG00000232650	0	0	0
ENSG00000183508	809	6	803
ENSG00000277095	0	0	0
ENSG00000236806	1	0	1
ENSG00000234283	0	0	0
ENSG00000237188	1	0	1
ENSG00000232780	0	0	0
ENSG00000274927	0	0	0
ENSG00000264145	0	0	0
ENSG00000238256	0	0	0
ENSG00000198765	0	0	0
ENSG00000224335	0	0	0
ENSG00000277702	0	0	0
ENSG00000143398	964	1	963
ENSG00000196505	375	3	372
ENSG00000225871	17	38	0
ENSG00000223489	0	0	0
ENSG00000230546	0	0	0
ENSG00000213262	0	0	0
ENSG00000287015	0	0	0
ENSG00000241720	0	8	0
ENSG00000235526	0	0	0
ENSG00000228347	0	0	0
ENSG00000276975	1	0	1
ENSG00000236012	0	0	0
ENSG00000270911	0	0	0
ENSG00000272824	0	0	0
ENSG00000134200	0	0	0
ENSG00000234257	0	0	0
ENSG00000065183	833	2	901
ENSG00000227082	2	0	2
ENSG00000228626	0	0	0
ENSG00000226126	0	0	0
ENSG00000163393	166	1	165
ENSG00000163156	497	2	497
ENSG00000143631	3	3	0
ENSG00000156150	0	66	0
ENSG00000228453	0	0	0
ENSG00000274642	0	0	0
ENSG00000177551	0	0	0
ENSG00000197323	1093	7	1086
ENSG00000237975	1	0	1
ENSG00000261168	1	0	1
ENSG00000287980	0	0	0
ENSG00000229283	0	0	0
ENSG00000271419	0	0	0
ENSG00000226172	0	0	0
ENSG00000079335	696	9	800
ENSG00000143119	9601	23	9578
ENSG00000237278	0	105	1
ENSG00000285062	0	0	0
ENSG00000233432	0	0	0
ENSG00000227700	0	0	0
ENSG00000229911	0	0	0
ENSG00000143520	0	0	0
ENSG00000171943	94	3	92
ENSG00000270719	0	0	0
ENSG00000155761	2	70	2
ENSG00000230806	0	0	0
ENSG00000116830	380	1	379
ENSG00000234422	0	0	0
ENSG00000227056	0	0	0
ENSG00000143614	1937	4	1933
ENSG00000227091	0	0	0
ENSG00000169418	0	0	0
ENSG00000214204	0	0	0
ENSG00000081026	72	2	70
ENSG00000225650	0	0	0
ENSG00000227179	1	0	1
ENSG00000224965	3	0	3
ENSG00000228127	0	0	0
ENSG00000226984	0	0	0
ENSG00000186150	0	0	0
ENSG00000143554	470	5	465
ENSG00000143458	784	8	776
ENSG00000230932	0	0	1
ENSG00000073754	3	0	3
ENSG00000228826	0	0	0
ENSG00000233907	0	0	0
ENSG00000225036	0	0	0
ENSG00000228420	0	0	0
ENSG00000233839	0	0	0
ENSG00000250890	0	0	0
ENSG00000232240	0	0	0
ENSG00000280649	39	8	72
ENSG00000131781	103	27	94
ENSG00000223599	1	0	1
ENSG00000230921	0	0	0
ENSG00000286151	8	0	8
ENSG00000234388	0	0	0
ENSG00000235015	0	0	0
ENSG00000271736	7	0	7
ENSG00000235988	0	0	0
ENSG00000233717	0	0	0
ENSG00000231551	72	15	57
ENSG00000227295	2	0	2
ENSG00000163155	56	29	34
ENSG00000243613	0	68	0
ENSG00000241975	10	0	10
ENSG00000271143	0	0	0
ENSG00000270976	0	0	0
ENSG00000228217	0	0	0
ENSG00000270342	0	0	0
ENSG00000143552	2	1	1
ENSG00000175984	15	0	15
ENSG00000231100	0	0	0
ENSG00000116824	2926	16	2910
ENSG00000235887	1	0	1
ENSG00000237460	0	0	0
ENSG00000236327	1	1	0
ENSG00000223804	43	19	24
ENSG00000236887	0	0	0
ENSG00000024526	3	0	4
ENSG00000236480	0	0	0
ENSG00000235756	0	0	0
ENSG00000173810	0	0	0
ENSG00000235005	0	0	0
ENSG00000271890	0	0	0
ENSG00000238107	0	0	0
ENSG00000227425	0	0	0
ENSG00000233222	0	7	0
ENSG00000225279	0	0	0
ENSG00000229101	0	0	0
ENSG00000224927	0	0	0
ENSG00000239216	0	0	0
ENSG00000283360	1	1	0
ENSG00000117262	78	0	78
ENSG00000227907	1	2	0
ENSG00000143624	1489	5	1649
ENSG00000227970	0	0	0
ENSG00000261055	4	0	4
ENSG00000231613	2	0	2
ENSG00000137947	714	0	714
ENSG00000236689	0	0	0
ENSG00000233589	0	1	0
ENSG00000117586	74	0	74
ENSG00000230946	1	1	0
ENSG00000226028	0	0	0
ENSG00000162728	0	0	0
ENSG00000229021	1	0	1
ENSG00000203825	0	0	0
ENSG00000184371	253	0	253
ENSG00000233449	0	0	0
ENSG00000242943	0	0	0
ENSG00000233203	0	0	0
ENSG00000232499	1	0	1
ENSG00000232265	4	0	4
ENSG00000163154	1103	2	1107
ENSG00000232995	10	0	10
ENSG00000236957	0	0	0
ENSG00000238087	0	0	0
ENSG00000227777	1	1	0
ENSG00000177173	2	0	2
ENSG00000277406	67	2	65
ENSG00000238022	0	0	0
ENSG00000231671	0	0	0
ENSG00000162729	820	5	815
ENSG00000143158	240	23	371
ENSG00000271092	2	0	2
ENSG00000238118	0	0	1
ENSG00000276118	0	0	0
ENSG00000232148	0	0	0
ENSG00000278811	8	66	0
ENSG00000000460	56	163	69
ENSG00000188859	1	0	1
ENSG00000275075	0	0	0
ENSG00000135862	335	0	335
ENSG00000232952	0	0	0
ENSG00000158473	514	2	512
ENSG00000227722	0	0	0
ENSG00000285922	0	0	0
ENSG00000275801	6	1	5
ENSG00000143198	379	1	378
ENSG00000143318	4	0	4
ENSG00000232188	0	0	0
ENSG00000232212	0	0	0
ENSG00000143621	2239	16	2226
ENSG00000241042	1	1	0
ENSG00000143155	578	2	576
ENSG00000260322	0	0	0
ENSG00000223495	0	0	0
ENSG00000143156	56	0	71
ENSG00000198771	6068	51	6215
ENSG00000225462	0	0	0
ENSG00000237756	0	0	0
ENSG00000116147	13	0	13
ENSG00000213064	1559	7	1686
ENSG00000203307	1	0	1
ENSG00000143179	158	1	187
ENSG00000271187	0	0	0
ENSG00000274562	0	0	0
ENSG00000143315	256	1	255
ENSG00000116199	769	5	764
ENSG00000231175	0	0	0
ENSG00000143185	45	0	45
ENSG00000235145	0	0	0
ENSG00000116260	1059	1	1058
ENSG00000272931	10	0	10
ENSG00000143190	621	1	694
ENSG00000225475	0	0	0
ENSG00000230898	0	0	0
ENSG00000232223	0	0	0
ENSG00000224698	0	1	0
ENSG00000287697	2	5	4
ENSG00000075945	384	0	412
ENSG00000235303	0	0	0
ENSG00000234810	1	0	1
ENSG00000232750	0	0	0
ENSG00000224468	0	0	0
ENSG00000235628	0	0	0
ENSG00000232551	0	0	0
ENSG00000092607	0	0	0
ENSG00000238270	0	0	0
ENSG00000285894	0	0	0
ENSG00000236025	0	0	0
ENSG00000230687	0	0	0
ENSG00000230704	0	0	0
ENSG00000283255	0	0	0
ENSG00000227741	3	64	2
ENSG00000237049	0	0	0
ENSG00000286754	0	0	0
ENSG00000232751	0	0	0
ENSG00000236364	2	32	0
ENSG00000117091	2331	19	5444
ENSG00000235378	0	0	0
ENSG00000143171	0	0	0
ENSG00000275767	0	0	0
ENSG00000224718	0	0	0
ENSG00000047410	4704	37	4908
ENSG00000231992	0	0	0
ENSG00000018625	2	0	2
ENSG00000171806	157	0	170
ENSG00000287919	1	0	1
ENSG00000229914	0	0	0
ENSG00000233882	0	0	0
ENSG00000198358	0	0	0
ENSG00000229407	0	0	0
ENSG00000134216	1	0	1
ENSG00000230748	0	0	0
ENSG00000254154	1	0	1
ENSG00000162694	50	0	50
ENSG00000238108	0	0	0
ENSG00000214262	0	134	0
ENSG00000183853	3	0	3
ENSG00000215835	3	0	3
ENSG00000118197	397	2	396
ENSG00000135842	3254	19	3235
ENSG00000229258	0	0	0
ENSG00000287472	0	0	0
ENSG00000241318	0	0	0
ENSG00000228238	3	0	3
ENSG00000232393	0	0	0
ENSG00000121454	26	60	0
ENSG00000184155	0	0	0
ENSG00000058085	0	0	0
ENSG00000260088	0	1	0
ENSG00000287978	58	0	58
ENSG00000116815	208	0	208
ENSG00000232917	0	0	0
ENSG00000233057	0	0	0
ENSG00000237131	0	0	0
ENSG00000233946	0	0	0
ENSG00000143167	477	1	477
ENSG00000143184	51	0	51
ENSG00000231966	0	0	0
ENSG00000176320	0	0	0
ENSG00000260976	0	0	0
ENSG00000235215	1	1	0
ENSG00000223450	0	0	0
ENSG00000224691	0	0	0
ENSG00000286572	0	0	0
ENSG00000235101	1	1	0
ENSG00000228215	0	0	0
ENSG00000177807	4	2	2
ENSG00000233626	1	1	0
ENSG00000233691	0	0	0
ENSG00000283518	0	0	0
ENSG00000271527	0	0	0
ENSG00000143228	20	2	18
ENSG00000235827	0	0	0
ENSG00000231615	0	0	0
ENSG00000231714	0	0	0
ENSG00000174514	42	15	49
ENSG00000143178	96	0	96
ENSG00000224837	0	0	0
ENSG00000116833	0	0	0
ENSG00000227740	3	0	3
ENSG00000260990	0	0	0
ENSG00000000457	410	21	552
ENSG00000143507	103	0	103
ENSG00000285638	0	0	0
ENSG00000226520	0	0	0
ENSG00000284592	0	0	0
ENSG00000230987	0	0	0
ENSG00000232527	0	0	0
ENSG00000215833	0	0	0
ENSG00000228167	0	0	0
ENSG00000225325	0	0	0
ENSG00000223344	0	0	0
ENSG00000228191	0	0	0
ENSG00000229961	67	0	67
ENSG00000150732	0	0	0
ENSG00000157064	4	0	4
ENSG00000288139	0	0	0
ENSG00000226015	16	4	12
ENSG00000215808	0	0	0
ENSG00000059588	900	4	896
ENSG00000231512	0	0	0
ENSG00000237379	0	0	0
ENSG00000232959	0	28	0
ENSG00000122224	1851	25	1826
ENSG00000162782	0	0	0
ENSG00000238051	0	0	0
ENSG00000233196	1	1	0
ENSG00000229220	0	0	0
ENSG00000143653	210	2	208
ENSG00000135837	2165	13	2152
ENSG00000158711	2096	20	2098
ENSG00000227747	0	0	0
ENSG00000228081	1	0	1
ENSG00000228020	0	0	0
ENSG00000234975	7	0	7
ENSG00000162851	216	2	214
ENSG00000271427	2	0	2
ENSG00000261817	0	0	0
ENSG00000143353	116	0	139
ENSG00000197965	655	5	650
ENSG00000143493	371	1	370
ENSG00000230777	0	0	0
ENSG00000179397	12	0	12
ENSG00000224540	0	0	0
ENSG00000117592	1783	4	1779
ENSG00000186197	13	0	13
ENSG00000229067	0	0	0
ENSG00000230231	0	0	0
ENSG00000227711	0	0	0
ENSG00000261182	0	0	0
ENSG00000228879	0	0	0
ENSG00000227925	0	0	0
ENSG00000162670	0	0	0
ENSG00000225712	0	0	0
ENSG00000162761	0	0	0
ENSG00000143199	1	0	1
ENSG00000179930	0	0	0
ENSG00000007908	0	0	0
ENSG00000092978	193	1	192
ENSG00000143499	415	1	414
ENSG00000188404	27993	81	27912
ENSG00000227735	0	0	0
ENSG00000243062	0	0	0
ENSG00000143196	0	0	0
ENSG00000228504	0	0	0
ENSG00000274702	0	0	0
ENSG00000226211	0	0	0
ENSG00000236942	2	2	0
ENSG00000287205	1	0	1
ENSG00000203697	5	0	5
ENSG00000116574	251	1	250
ENSG00000287929	0	0	0
ENSG00000186283	607	4	603
ENSG00000224896	0	0	0
ENSG00000226292	0	0	0
ENSG00000121481	358	1	357
ENSG00000227940	0	0	0
ENSG00000117139	1094	3	1091
ENSG00000143248	9	0	9
ENSG00000278455	0	0	0
ENSG00000224810	0	0	0
ENSG00000162814	0	0	0
ENSG00000225172	0	0	0
ENSG00000261642	0	0	0
ENSG00000228239	0	0	0
ENSG00000237283	0	0	0
ENSG00000116132	0	0	0
ENSG00000238042	1	0	1
ENSG00000271475	0	0	0
ENSG00000231877	0	0	0
ENSG00000116679	2784	8	2776
ENSG00000228536	0	0	0
ENSG00000230550	0	3	0
ENSG00000229242	0	0	0
ENSG00000253326	4	0	4
ENSG00000228470	1	1	0
ENSG00000152092	0	0	0
ENSG00000234984	0	0	0
ENSG00000231648	0	0	0
ENSG00000229983	1	1	0
ENSG00000215149	0	0	0
ENSG00000225122	0	0	0
ENSG00000225920	4	4	0
ENSG00000143476	25	0	25
ENSG00000121486	602	5	597
ENSG00000228437	0	0	0
ENSG00000214837	17	0	17
ENSG00000057252	1192	5	1187
ENSG00000225982	0	0	0
ENSG00000285718	0	0	0
ENSG00000234070	0	0	0
ENSG00000233620	0	0	0
ENSG00000237783	0	0	0
ENSG00000272906	3	4	16
ENSG00000233018	0	0	0
ENSG00000123685	17	0	17
ENSG00000224783	0	0	0
ENSG00000162852	1526	2	1524
ENSG00000232792	0	0	0
ENSG00000273004	2	0	2
ENSG00000143842	84	0	84
ENSG00000268062	2	2	0
ENSG00000237409	0	0	0
ENSG00000116962	377	3	374
ENSG00000288078	0	0	0
ENSG00000271399	0	0	0
ENSG00000229757	0	0	0
ENSG00000232679	0	0	0
ENSG00000159388	5054	20	5034
ENSG00000220749	28	0	28
ENSG00000181450	145	0	145
ENSG00000223519	10	3	37
ENSG00000120333	397	11	402
ENSG00000286285	8	0	8
ENSG00000225300	0	0	0
ENSG00000223842	1	1	0
ENSG00000162753	0	0	0
ENSG00000228247	0	0	0
ENSG00000231424	2	0	2
ENSG00000143355	0	0	0
ENSG00000287177	0	0	0
ENSG00000237193	0	0	0
ENSG00000223490	0	0	0
ENSG00000121644	437	0	437
ENSG00000174502	0	0	0
ENSG00000224286	0	0	0
ENSG00000158715	167	1	166
ENSG00000143195	11	0	11
ENSG00000162849	5	1	4
ENSG00000232824	0	0	0
ENSG00000273416	0	0	0
ENSG00000234142	0	0	0
ENSG00000282111	0	0	0
ENSG00000233410	1	0	1
ENSG00000067533	282	3	279
ENSG00000228955	0	0	0
ENSG00000270443	0	0	0
ENSG00000116209	2287	6	2281
ENSG00000224702	0	0	0
ENSG00000271811	0	0	0
ENSG00000224278	0	0	0
ENSG00000235492	0	0	0
ENSG00000287808	8	128	8
ENSG00000271588	0	0	0
ENSG00000229840	0	0	0
ENSG00000116161	944	48	919
ENSG00000226486	0	0	0
ENSG00000227687	0	0	0
ENSG00000231814	0	0	0
ENSG00000286210	0	0	0
ENSG00000287364	0	0	0
ENSG00000225063	0	0	0
ENSG00000260698	16	0	16
ENSG00000277007	6	0	6
ENSG00000229016	0	0	0
ENSG00000077157	863	3	869
ENSG00000152104	5	2	3
ENSG00000236975	1	0	1
ENSG00000215834	0	0	0
ENSG00000286541	0	0	0
ENSG00000117650	10	0	10
ENSG00000235021	0	0	0
ENSG00000203724	0	0	0
ENSG00000225006	0	0	0
ENSG00000287633	0	0	0
ENSG00000158764	0	0	0
ENSG00000223375	0	0	0
ENSG00000230714	0	0	0
ENSG00000261065	0	8	0
ENSG00000260855	6	2	4
ENSG00000188783	0	0	0
ENSG00000236206	0	0	0
ENSG00000168118	376	1	376
ENSG00000181101	0	0	0
ENSG00000173726	1788	6	1782
ENSG00000282852	0	0	0
ENSG00000152382	278	7	272
ENSG00000143839	0	0	0
ENSG00000232100	0	0	0
ENSG00000261024	0	0	0
ENSG00000230547	0	0	0
ENSG00000229703	1	0	1
ENSG00000176754	0	0	0
ENSG00000232309	0	0	0
ENSG00000227953	2	27	5
ENSG00000232215	0	0	0
ENSG00000135829	4782	13	4897
ENSG00000228289	0	0	0
ENSG00000134717	639	1	638
ENSG00000232989	0	0	0
ENSG00000233537	0	0	0
ENSG00000116668	163	14	151
ENSG00000143756	533	1	532
ENSG00000278180	0	0	0
ENSG00000143702	565	4	659
ENSG00000232341	0	0	0
ENSG00000287676	0	0	0
ENSG00000236792	0	0	0
ENSG00000143207	1055	2	1053
ENSG00000270859	0	0	0
ENSG00000238224	0	0	0
ENSG00000286775	0	0	0
ENSG00000122176	1	0	1
ENSG00000229120	0	0	0
ENSG00000237492	0	0	0
ENSG00000230404	0	0	0
ENSG00000213036	0	0	0
ENSG00000227230	1	50	0
ENSG00000236230	0	0	0
ENSG00000026751	745	4	741
ENSG00000150681	882	8	1166
ENSG00000116906	798	3	795
ENSG00000092969	3	0	3
ENSG00000157181	259	0	259
ENSG00000250762	0	0	0
ENSG00000236720	0	0	0
ENSG00000227421	0	0	0
ENSG00000227240	0	0	0
ENSG00000076258	58	0	58
ENSG00000286073	0	0	0
ENSG00000231084	5	5	0
ENSG00000232085	0	49	0
ENSG00000117697	576	1	575
ENSG00000279333	0	0	2
ENSG00000235083	0	0	0
ENSG00000162669	0	0	0
ENSG00000197067	0	0	0
ENSG00000229652	0	0	0
ENSG00000132681	11	1	10
ENSG00000225904	0	0	0
ENSG00000270920	0	0	0
ENSG00000281664	0	0	0
ENSG00000143641	860	3	1228
ENSG00000227630	1	0	1
ENSG00000228830	0	933	1
ENSG00000010932	3	0	3
ENSG00000282849	0	0	0
ENSG00000276520	0	0	0
ENSG00000226640	0	0	0
ENSG00000010072	181	83	180
ENSG00000135766	103	0	103
ENSG00000232626	0	0	0
ENSG00000232096	0	0	0
ENSG00000279261	1	0	1
ENSG00000213051	0	0	0
ENSG00000238054	0	0	0
ENSG00000163534	1833	4	1829
ENSG00000168243	1	0	1
ENSG00000281453	0	0	0
ENSG00000237469	0	0	0
ENSG00000224939	0	0	0
ENSG00000227613	0	0	0
ENSG00000116183	0	0	0
ENSG00000270106	0	0	0
ENSG00000232194	0	0	0
ENSG00000235152	0	0	0
ENSG00000231612	0	0	0
ENSG00000237980	1	0	1
ENSG00000271036	0	0	0
ENSG00000230849	0	0	0
ENSG00000170382	131	131	3
ENSG00000228664	0	0	0
ENSG00000226868	0	0	0
ENSG00000279401	0	0	0
ENSG00000272362	0	0	0
ENSG00000287450	0	0	0
ENSG00000237011	0	0	0
ENSG00000233583	0	2	0
ENSG00000066027	1794	8	1786
ENSG00000286263	0	0	0
ENSG00000227006	0	0	0
ENSG00000236372	0	0	0
ENSG00000224525	0	0	0
ENSG00000188770	0	0	0
ENSG00000173728	0	0	0
ENSG00000094975	635	2	633
ENSG00000225811	0	0	0
ENSG00000273093	0	0	0
ENSG00000162772	10	0	10
ENSG00000227818	0	0	0
ENSG00000135828	775	2	773
ENSG00000224227	1	0	1
ENSG00000286398	0	0	0
ENSG00000076356	83	3	80
ENSG00000215819	0	0	0
ENSG00000185523	0	0	1
ENSG00000236108	0	0	0
ENSG00000116711	72	0	72
ENSG00000231684	1	0	1
ENSG00000226750	0	0	0
ENSG00000285665	6	0	6
ENSG00000231022	0	0	0
ENSG00000224436	0	0	0
ENSG00000228208	0	0	0
ENSG00000273384	1	0	1
ENSG00000238061	1	0	1
ENSG00000234915	0	0	0
ENSG00000143845	13	1	23
ENSG00000235862	0	0	0
ENSG00000069812	0	0	0
ENSG00000227585	0	0	0
ENSG00000157060	0	0	0
ENSG00000237213	0	0	0
ENSG00000236439	19	0	19
ENSG00000224260	0	0	0
ENSG00000213045	1	1	0
ENSG00000287220	0	0	0
ENSG00000230063	0	0	0
ENSG00000235467	0	0	0
ENSG00000123684	1825	6	1819
ENSG00000117707	2	0	2
ENSG00000228044	1	1	0
ENSG00000225338	0	0	0
ENSG00000224407	0	370	1
ENSG00000232463	0	0	0
ENSG00000237457	0	0	0
ENSG00000225171	4	1	3
ENSG00000226843	0	0	0
ENSG00000235386	0	0	0
ENSG00000123836	417	39	415
ENSG00000213690	1	0	1
ENSG00000223982	0	0	0
ENSG00000229832	0	0	0
ENSG00000117691	204	1	203
ENSG00000225233	0	0	0
ENSG00000274895	0	0	0
ENSG00000237514	0	0	0
ENSG00000287856	0	0	0
ENSG00000228067	0	0	0
ENSG00000284299	0	0	0
ENSG00000226375	0	0	0
ENSG00000203705	205	0	205
ENSG00000224040	0	0	0
ENSG00000228686	14	14	0
ENSG00000279838	13	1	12
ENSG00000174175	105	0	105
ENSG00000236401	0	0	0
ENSG00000241475	0	0	0
ENSG00000215800	0	0	0
ENSG00000286421	0	0	0
ENSG00000270936	0	0	0
ENSG00000008118	0	0	0
ENSG00000171161	790	3	787
ENSG00000241505	0	0	0
ENSG00000224535	0	0	0
ENSG00000282097	0	0	0
ENSG00000261453	0	0	0
ENSG00000231020	0	0	0
ENSG00000270818	0	0	0
ENSG00000196878	7	0	7
ENSG00000133059	789	5	784
ENSG00000225561	1	0	1
ENSG00000224668	0	0	0
ENSG00000242529	0	0	0
ENSG00000074964	305	0	305
ENSG00000223847	0	0	0
ENSG00000277704	0	0	0
ENSG00000116918	390	9	388
ENSG00000274020	95	0	121
ENSG00000287445	2	0	2
ENSG00000259815	0	0	0
ENSG00000240963	0	0	0
ENSG00000226570	0	0	0
ENSG00000198929	0	0	0
ENSG00000272167	0	0	0
ENSG00000230628	0	0	0
ENSG00000162771	0	0	0
ENSG00000227579	0	0	0
ENSG00000176393	608	2	902
ENSG00000174606	571	2	569
ENSG00000179914	10	0	10
ENSG00000235750	3255	12	3243
ENSG00000284376	0	0	0
ENSG00000121446	1	1	0
ENSG00000226758	0	0	0
ENSG00000230199	1	0	1
ENSG00000236905	1	2	0
ENSG00000233304	0	0	0
ENSG00000288007	1	0	1
ENSG00000227887	0	0	0
ENSG00000116903	500	1	581
ENSG00000228255	0	0	0
ENSG00000226196	0	0	0
ENSG00000287354	0	8	0
ENSG00000233827	0	0	0
ENSG00000198797	0	0	0
ENSG00000271746	0	0	0
ENSG00000234233	0	0	0
ENSG00000151414	1228	6	1222
ENSG00000177614	0	0	0
ENSG00000223794	0	0	0
ENSG00000235182	0	0	0
ENSG00000213041	0	0	0
ENSG00000287157	0	0	0
ENSG00000233920	1	0	1
ENSG00000183831	0	0	0
ENSG00000225755	0	0	0
ENSG00000143858	18	29	0
ENSG00000197472	0	0	0
ENSG00000230184	0	0	0
ENSG00000234004	0	0	0
ENSG00000232436	0	0	0
ENSG00000231718	0	0	0
ENSG00000283952	0	0	0
ENSG00000230019	0	0	0
ENSG00000136643	377	3	374
ENSG00000232537	0	0	0
ENSG00000226036	0	0	0
ENSG00000285521	0	0	0
ENSG00000236317	0	0	0
ENSG00000176855	0	0	0
ENSG00000227728	0	0	0
ENSG00000133069	138	0	138
ENSG00000162877	1	0	1
ENSG00000233461	16	0	16
ENSG00000225401	1	0	1
ENSG00000228190	0	0	0
ENSG00000135747	0	0	0
ENSG00000227237	3	3	0
ENSG00000069248	973	2	971
ENSG00000232812	0	0	0
ENSG00000231666	0	0	0
ENSG00000226986	1	0	1
ENSG00000242042	0	0	0
ENSG00000234464	0	0	0
ENSG00000253148	0	0	0
ENSG00000227751	0	389	0
ENSG00000090104	25	1	24
ENSG00000285280	6	294	4
ENSG00000232892	0	0	0
ENSG00000236950	0	0	0
ENSG00000236468	0	0	0
ENSG00000143322	559	2	557
ENSG00000185220	195	0	195
ENSG00000226003	0	0	0
ENSG00000230813	0	0	0
ENSG00000226862	5	0	7
ENSG00000236101	0	0	0
ENSG00000162769	227	0	227
ENSG00000133065	672	1	671
ENSG00000278684	0	0	0
ENSG00000236775	0	0	0
ENSG00000042781	0	0	0
ENSG00000234754	0	0	0
ENSG00000233084	2	0	2
ENSG00000227815	2	0	2
ENSG00000287046	0	0	0
ENSG00000223774	0	0	0
ENSG00000228863	11	3131	12
ENSG00000228646	0	0	0
ENSG00000229112	0	0	0
ENSG00000233332	0	0	0
ENSG00000231984	0	0	0
ENSG00000286213	0	0	0
ENSG00000226876	0	0	0
ENSG00000277462	53	0	53
ENSG00000225591	0	0	0
ENSG00000035687	925	7	918
ENSG00000213080	1	0	1
ENSG00000180287	2	0	2
ENSG00000226693	0	0	0
ENSG00000234678	19	314	1
ENSG00000231272	0	0	0
ENSG00000223828	0	0	0
ENSG00000163431	0	0	0
ENSG00000230124	381	2	413
ENSG00000226723	0	0	0
ENSG00000272672	2	0	2
ENSG00000143473	2	4	0
ENSG00000228982	0	0	0
ENSG00000235096	0	0	0
ENSG00000237250	0	0	0
ENSG00000007341	71	21	112
ENSG00000286747	0	0	0
ENSG00000236069	0	0	0
ENSG00000236244	0	0	0
ENSG00000272865	0	0	0
ENSG00000117222	838	5	833
ENSG00000143324	439	2	437
ENSG00000229871	0	0	0
ENSG00000225222	0	0	0
ENSG00000118193	20	0	20
ENSG00000234116	0	0	0
ENSG00000231940	0	0	0
ENSG00000198842	0	0	0
ENSG00000286619	62	0	62
ENSG00000198756	39	0	39
ENSG00000259823	0	0	0
ENSG00000271558	0	0	0
ENSG00000227554	0	0	0
ENSG00000178596	0	0	0
ENSG00000135749	313	14	327
ENSG00000143786	16	1	17
ENSG00000224584	0	0	0
ENSG00000054282	256	21	278
ENSG00000183780	16	0	16
ENSG00000229663	0	0	0
ENSG00000162702	749	3	746
ENSG00000251508	0	0	0
ENSG00000238272	0	0	0
ENSG00000228530	0	0	0
ENSG00000235060	0	0	0
ENSG00000143194	0	0	0
ENSG00000229531	0	0	0
ENSG00000271329	0	0	0
ENSG00000054267	2082	29	2054
ENSG00000261831	0	0	0
ENSG00000287921	0	0	0
ENSG00000177800	1	1	0
ENSG00000225620	0	0	0
ENSG00000232166	0	0	0
ENSG00000175137	1271	5	1266
ENSG00000134245	19	50	14
ENSG00000234041	0	0	0
ENSG00000227373	2	0	2
ENSG00000231905	0	0	0
ENSG00000228175	0	0	0
ENSG00000069275	3022	31	2991
ENSG00000143674	49	0	49
ENSG00000237317	0	0	0
ENSG00000187889	0	0	0
ENSG00000134375	462	2	460
ENSG00000097046	74	1	73
ENSG00000232113	0	0	0
ENSG00000282718	0	0	0
ENSG00000231378	0	0	0
ENSG00000235605	0	1	1
ENSG00000223525	0	0	0
ENSG00000224857	0	0	0
ENSG00000273367	2	0	2
ENSG00000230604	0	0	0
ENSG00000231605	0	0	0
ENSG00000236358	2	1	3
ENSG00000203737	0	0	0
ENSG00000238003	0	0	0
ENSG00000215873	0	0	0
ENSG00000287008	0	0	0
ENSG00000185420	129	0	129
ENSG00000076321	364	3	361
ENSG00000272175	0	0	0
ENSG00000231564	0	0	0
ENSG00000135778	262	22	268
ENSG00000213070	0	0	0
ENSG00000282265	0	0	0
ENSG00000250536	0	0	0
ENSG00000229747	0	0	0
ENSG00000117280	1404	6	1398
ENSG00000233985	0	0	0
ENSG00000232175	0	0	0
ENSG00000287423	0	0	0
ENSG00000286774	0	0	0
ENSG00000236719	0	0	0
ENSG00000136636	90	0	90
ENSG00000225486	0	0	0
ENSG00000227043	0	0	0
ENSG00000163874	398	1	397
ENSG00000285777	0	0	0
ENSG00000237249	0	0	0
ENSG00000286109	0	0	0
ENSG00000213068	0	0	0
ENSG00000054392	49	0	57
ENSG00000227994	0	0	0
ENSG00000286552	0	0	0
ENSG00000225711	0	0	0
ENSG00000122223	691	33	658
ENSG00000235869	0	0	0
ENSG00000188739	15	0	15
ENSG00000286666	0	0	0
ENSG00000135750	2	0	2
ENSG00000273198	0	0	0
ENSG00000203730	0	0	0
ENSG00000225719	0	0	0
ENSG00000273483	2	0	2
ENSG00000287987	0	0	0
ENSG00000203729	1	0	1
ENSG00000232809	0	0	0
ENSG00000284623	0	0	0
ENSG00000285981	0	0	0
ENSG00000261729	1	0	1
ENSG00000223869	0	0	0
ENSG00000229228	0	0	0
ENSG00000215796	0	0	0
ENSG00000185221	0	0	0
ENSG00000233047	0	0	0
ENSG00000143341	4	0	4
ENSG00000228309	0	0	0
ENSG00000229739	7	0	7
ENSG00000116703	0	0	0
ENSG00000273874	0	0	0
ENSG00000278791	0	3	0
ENSG00000278757	0	0	0
ENSG00000264341	0	0	0
ENSG00000264101	0	0	0
ENSG00000265141	0	0	0
ENSG00000221083	0	0	0
ENSG00000252404	0	0	0
ENSG00000222511	0	0	0
ENSG00000265392	0	0	0
ENSG00000243267	0	0	0
ENSG00000201725	0	0	0
ENSG00000274258	0	0	0
ENSG00000239149	1	0	1
ENSG00000252151	0	0	0
ENSG00000252969	0	0	0
ENSG00000252417	0	0	0
ENSG00000200975	0	0	0
ENSG00000201609	0	0	0
ENSG00000238482	0	0	0
ENSG00000252956	0	0	0
ENSG00000265606	0	0	0
ENSG00000284357	0	0	0
ENSG00000278034	0	0	0
ENSG00000207237	0	0	0
ENSG00000222784	0	0	0
ENSG00000266210	0	0	0
ENSG00000265961	0	0	0
ENSG00000251866	0	0	0
ENSG00000252691	0	0	0
ENSG00000264371	0	0	0
ENSG00000253005	1	0	1
ENSG00000238316	0	0	0
ENSG00000207941	0	0	0
ENSG00000264773	0	0	0
ENSG00000252448	2	2	0
ENSG00000200421	0	0	0
ENSG00000222282	1	1	0
ENSG00000199963	0	0	0
ENSG00000264698	0	0	0
ENSG00000207328	0	0	0
ENSG00000207466	0	0	0
ENSG00000252368	0	0	0
ENSG00000206779	0	0	0
ENSG00000265596	0	0	0
ENSG00000212541	2	2	0
ENSG00000200796	0	0	0
ENSG00000252190	0	0	0
ENSG00000264613	0	0	0
ENSG00000199240	0	0	0
ENSG00000277168	0	0	0
ENSG00000283724	0	0	0
ENSG00000284410	0	0	0
ENSG00000252018	0	0	0
ENSG00000206627	0	0	0
ENSG00000283414	0	0	0
ENSG00000207508	0	0	0
ENSG00000200171	0	0	0
ENSG00000207194	0	0	0
ENSG00000283477	0	0	0
ENSG00000264834	0	0	0
ENSG00000263675	4	0	4
ENSG00000266188	0	0	0
ENSG00000206981	0	0	0
ENSG00000200174	0	0	0
ENSG00000265822	0	0	0
ENSG00000265815	0	0	0
ENSG00000238653	0	0	0
ENSG00000212624	0	0	0
ENSG00000200575	0	0	0
ENSG00000212360	0	0	0
ENSG00000242860	0	0	0
ENSG00000263908	0	0	0
ENSG00000283690	0	0	0
ENSG00000199921	0	0	0
ENSG00000251825	0	0	0
ENSG00000201153	0	0	0
ENSG00000222624	0	0	0
ENSG00000223152	0	0	0
ENSG00000212308	0	0	0
ENSG00000279049	0	14	0
ENSG00000276081	0	0	0
ENSG00000239640	0	0	0
ENSG00000252338	0	0	0
ENSG00000251785	0	0	0
ENSG00000239319	0	0	0
ENSG00000222849	0	0	0
ENSG00000283749	0	0	0
ENSG00000251958	0	0	0
ENSG00000251767	0	0	0
ENSG00000243437	0	0	0
ENSG00000202263	0	0	0
ENSG00000199318	0	0	0
ENSG00000199666	0	0	0
ENSG00000200601	0	0	0
ENSG00000242482	0	0	0
ENSG00000212366	0	0	0
ENSG00000201620	0	0	0
ENSG00000206817	0	0	0
ENSG00000284247	0	0	0
ENSG00000200839	0	0	0
ENSG00000264963	0	0	0
ENSG00000264271	0	0	0
ENSG00000239504	0	0	0
ENSG00000284202	0	0	0
ENSG00000251720	0	0	0
ENSG00000274321	0	0	0
ENSG00000198974	0	0	0
ENSG00000212248	0	0	0
ENSG00000207962	0	0	0
ENSG00000276884	0	1	0
ENSG00000207234	0	0	0
ENSG00000202259	0	0	0
ENSG00000212459	0	0	0
ENSG00000278287	0	0	0
ENSG00000277565	0	0	0
ENSG00000263526	0	0	0
ENSG00000211575	0	0	0
ENSG00000275823	0	0	0
ENSG00000277689	0	0	0
ENSG00000274199	0	0	0
ENSG00000202254	0	0	0
ENSG00000244256	0	0	0
ENSG00000201491	0	0	0
ENSG00000199831	0	0	0
ENSG00000275455	0	0	0
ENSG00000252162	0	0	0
ENSG00000272051	0	0	0
ENSG00000283899	0	0	0
ENSG00000200800	0	0	0
ENSG00000207502	0	0	0
ENSG00000252530	0	0	0
ENSG00000200536	1	1	0
ENSG00000211543	0	0	0
ENSG00000252797	0	0	0
ENSG00000212266	0	0	0
ENSG00000222209	0	0	0
ENSG00000277141	0	0	0
ENSG00000215930	0	0	0
ENSG00000238761	0	0	0
ENSG00000201114	0	0	0
ENSG00000206679	0	0	0
ENSG00000264419	0	0	0
ENSG00000222069	0	0	0
ENSG00000274428	0	0	0
ENSG00000199879	0	0	0
ENSG00000274408	0	0	0
ENSG00000283676	0	0	0
ENSG00000252005	0	0	0
ENSG00000252510	0	0	0
ENSG00000207340	0	0	0
ENSG00000252830	0	0	0
ENSG00000274450	0	0	0
ENSG00000252135	0	0	0
ENSG00000278596	0	0	0
ENSG00000238825	0	0	0
ENSG00000201183	0	0	0
ENSG00000202408	0	0	0
ENSG00000252744	0	0	0
ENSG00000273768	0	0	0
ENSG00000242565	0	0	0
ENSG00000239984	0	0	0
ENSG00000283296	0	0	0
ENSG00000252717	0	0	0
ENSG00000194297	0	0	0
ENSG00000199565	0	0	0
ENSG00000277313	0	0	0
ENSG00000274940	0	0	0
ENSG00000207341	0	0	0
ENSG00000207472	0	0	0
ENSG00000206880	0	0	0
ENSG00000252552	0	0	0
ENSG00000199849	0	0	0
ENSG00000252407	0	0	0
ENSG00000212538	0	0	0
ENSG00000251813	0	0	0
ENSG00000207108	0	0	0
ENSG00000201312	0	0	0
ENSG00000207039	0	0	0
ENSG00000202491	0	0	0
ENSG00000201596	0	0	0
ENSG00000276839	1	0	1
ENSG00000207974	0	0	0
ENSG00000273629	0	0	0
ENSG00000201493	0	0	0
ENSG00000215952	0	0	0
ENSG00000200139	0	0	0
ENSG00000283575	0	0	0
ENSG00000238765	0	0	0
ENSG00000264916	0	0	0
ENSG00000212338	0	0	0
ENSG00000206659	0	0	0
ENSG00000253025	0	0	0
ENSG00000201619	0	0	0
ENSG00000201544	1	0	1
ENSG00000202498	0	0	0
ENSG00000221545	0	0	0
ENSG00000252906	0	0	0
ENSG00000206692	0	0	0
ENSG00000202329	0	0	0
ENSG00000242794	0	0	0
ENSG00000212144	0	0	0
ENSG00000283340	0	0	0
ENSG00000252860	0	0	0
ENSG00000252501	0	0	0
ENSG00000263390	0	0	0
ENSG00000207181	0	0	0
ENSG00000265744	0	0	0
ENSG00000264377	0	0	0
ENSG00000207149	0	0	0
ENSG00000283936	0	0	0
ENSG00000284485	0	0	0
ENSG00000201638	0	0	0
ENSG00000275213	0	0	0
ENSG00000239494	1	0	1
ENSG00000212230	0	0	0
ENSG00000252371	0	0	0
ENSG00000199442	0	0	0
ENSG00000200033	2	0	2
ENSG00000239690	0	0	0
ENSG00000202184	0	0	0
ENSG00000241395	0	0	0
ENSG00000200982	0	0	0
ENSG00000275207	0	0	0
ENSG00000202300	0	0	0
ENSG00000222407	0	0	0
ENSG00000222986	0	0	0
ENSG00000265435	0	0	0
ENSG00000272262	0	0	0
ENSG00000200495	0	0	0
ENSG00000202609	0	0	0
ENSG00000252553	0	0	0
ENSG00000206764	0	0	0
ENSG00000222240	0	0	0
ENSG00000212187	0	0	0
ENSG00000206637	0	0	0
ENSG00000253097	0	0	0
ENSG00000200036	0	0	0
ENSG00000201421	0	0	0
ENSG00000212610	0	0	0
ENSG00000252484	0	0	0
ENSG00000201944	0	0	0
ENSG00000200327	0	0	0
ENSG00000206905	0	0	0
ENSG00000200972	0	0	0
ENSG00000243051	0	0	0
ENSG00000252011	0	0	0
ENSG00000207326	0	0	0
ENSG00000212205	0	0	0
ENSG00000253042	0	0	0
ENSG00000274121	0	0	0
ENSG00000264358	0	0	0
ENSG00000206640	0	0	0
ENSG00000212527	0	0	0
ENSG00000252879	0	0	0
ENSG00000252612	1	0	1
ENSG00000202264	0	0	0
ENSG00000285609	0	0	0
ENSG00000206762	1	1	0
ENSG00000252084	0	0	0
ENSG00000200085	0	0	0
ENSG00000264500	5	5	0
ENSG00000202025	0	0	0
ENSG00000225545	0	0	0
ENSG00000206990	0	0	0
ENSG00000230175	0	0	0
ENSG00000225272	0	0	0
ENSG00000215838	0	1	0
ENSG00000273365	3	0	4
ENSG00000224358	3	2	3
ENSG00000230659	0	0	0
ENSG00000162545	7	0	7
ENSG00000090432	598	1	597
ENSG00000215520	0	0	0
ENSG00000183114	0	0	0
ENSG00000158825	596	1	595
ENSG00000158828	239	137	820
ENSG00000284005	0	0	0
ENSG00000117242	56	592	180
ENSG00000234473	0	0	0
ENSG00000238754	0	0	0
ENSG00000134371	603	6	600
ENSG00000221680	0	0	0
ENSG00000162630	35	0	38
ENSG00000276735	0	0	0
ENSG00000232077	0	0	0
ENSG00000229639	0	0	0
ENSG00000287453	0	0	0
ENSG00000270615	0	0	0
ENSG00000287283	0	0	0
ENSG00000240692	0	0	0
ENSG00000229359	0	0	0
ENSG00000237919	0	0	0
ENSG00000066557	262	1	261
ENSG00000244389	0	0	0
ENSG00000228988	0	0	0
ENSG00000118454	434	3	431
ENSG00000226088	1	1	0
ENSG00000116761	24	0	24
ENSG00000278636	0	0	0
ENSG00000271992	0	0	0
ENSG00000233020	0	0	0
ENSG00000237033	0	0	0
ENSG00000226208	0	0	0
ENSG00000007968	188	0	188
ENSG00000235052	3	0	3
ENSG00000117318	790	1	789
ENSG00000285802	10	0	10
ENSG00000229239	0	0	0
ENSG00000142676	30253	320	29934
ENSG00000057757	770	5	765
ENSG00000011009	1073	1	1072
ENSG00000117308	116	1	115
ENSG00000273844	0	0	0
ENSG00000235748	0	0	0
ENSG00000237861	0	0	0
ENSG00000221879	0	0	0
ENSG00000230260	0	0	0
ENSG00000199241	0	0	0
ENSG00000226919	0	0	0
ENSG00000223963	0	0	0
ENSG00000215802	0	0	0
ENSG00000233615	0	0	0
ENSG00000238085	0	0	0
ENSG00000265831	0	0	0
ENSG00000224348	0	0	0
ENSG00000286496	0	0	0
ENSG00000287516	0	0	0
ENSG00000287738	0	0	0
ENSG00000132703	0	0	0
ENSG00000276632	0	0	0
ENSG00000223603	0	0	0
ENSG00000132693	0	0	0
ENSG00000235226	0	0	0
ENSG00000158716	118	0	118
ENSG00000181036	261	3	258
ENSG00000158714	18	28	67
ENSG00000212161	0	0	0
ENSG00000243284	0	1	1
ENSG00000272668	30	2	30
ENSG00000213085	19	0	19
ENSG00000266458	0	0	0
ENSG00000287040	0	0	0
ENSG00000279430	0	0	0
ENSG00000162723	0	0	0
ENSG00000273933	0	0	0
ENSG00000256029	4	27	8
ENSG00000188004	0	0	0
ENSG00000266580	0	0	0
ENSG00000254545	0	11	0
ENSG00000203620	0	0	0
ENSG00000269967	0	0	0
ENSG00000228634	3	3	0
ENSG00000284702	0	0	0
ENSG00000221040	0	0	0
ENSG00000287217	0	0	0
ENSG00000163399	2980	49	7965
ENSG00000212385	0	0	0
ENSG00000233154	1	0	1
ENSG00000230381	0	0	0
ENSG00000200547	0	0	0
ENSG00000224950	17	1	21
ENSG00000286276	4	8	1
ENSG00000177888	259	1	258
ENSG00000243364	69	0	69
ENSG00000251246	0	0	0
ENSG00000143590	15	0	15
ENSG00000202027	0	0	0
ENSG00000169242	67	0	67
ENSG00000169241	449	5	444
ENSG00000223452	0	0	0
ENSG00000163463	36	0	36
ENSG00000273088	0	0	0
ENSG00000284586	0	0	0
ENSG00000169231	128	2	316
ENSG00000236263	0	25	3
ENSG00000236675	52	51	1
ENSG00000177628	596	0	596
ENSG00000116521	1100	2	1098
ENSG00000176444	996	2	994
ENSG00000143630	24	1	26
ENSG00000143627	0	3	0
ENSG00000253074	0	0	0
ENSG00000252116	0	0	0
ENSG00000228523	0	0	0
ENSG00000223263	0	0	0
ENSG00000207504	0	0	0
ENSG00000238139	0	0	0
ENSG00000197721	8	0	8
ENSG00000244703	0	0	0
ENSG00000226289	0	0	0
ENSG00000285239	0	0	0
ENSG00000234219	1	3	0
ENSG00000174059	34	0	34
ENSG00000285719	0	0	0
ENSG00000284237	0	0	0
ENSG00000158731	0	0	0
ENSG00000201746	0	0	0
ENSG00000264881	0	0	0
ENSG00000199562	0	0	0
ENSG00000264501	0	0	0
ENSG00000284735	1	1	0
ENSG00000284642	2	0	2
ENSG00000142657	3555	25	3530
ENSG00000271989	0	3	0
ENSG00000251503	0	0	0
ENSG00000175279	3	0	3
ENSG00000160049	635	4	738
ENSG00000203469	0	57	3
ENSG00000236035	0	0	0
ENSG00000221643	1	0	1
ENSG00000122188	683	7	676
ENSG00000288644	0	0	0
ENSG00000227417	0	0	0
ENSG00000223505	2	2	0
ENSG00000182004	490	2	488
ENSG00000236430	0	0	0
ENSG00000130768	8	3	5
ENSG00000227050	0	1	0
ENSG00000238231	2	2	0
ENSG00000240750	0	0	0
ENSG00000158156	633	1	633
ENSG00000182118	39	0	39
ENSG00000283799	0	0	0
ENSG00000227934	1	1	0
ENSG00000229595	0	0	0
ENSG00000143633	210	1	209
ENSG00000281912	5	0	7
ENSG00000288208	0	0	0
ENSG00000132773	211	31	236
ENSG00000070759	144	12	144
ENSG00000236872	0	0	0
ENSG00000280670	142	0	142
ENSG00000132763	92	623	110
ENSG00000221953	0	0	0
ENSG00000226164	0	0	0
ENSG00000224014	1	0	1
ENSG00000215795	1	1	0
ENSG00000259865	52	1	51
ENSG00000227671	549	0	549
ENSG00000283881	0	0	0
ENSG00000252516	3	0	3
ENSG00000232347	1	0	1
ENSG00000214144	0	0	0
ENSG00000235818	0	0	0
ENSG00000197617	0	0	0
ENSG00000202079	0	0	0
ENSG00000286216	1	0	1
ENSG00000203664	0	0	0
ENSG00000169224	61	0	65
ENSG00000236817	0	4	0
ENSG00000177489	0	0	0
ENSG00000177476	0	0	0
ENSG00000283369	0	0	0
ENSG00000230411	0	0	0
ENSG00000251977	0	0	0
ENSG00000252254	0	0	0
ENSG00000227854	0	0	0
ENSG00000287589	0	0	0
ENSG00000259776	0	0	0
ENSG00000233355	717	2	723
ENSG00000234601	0	0	0
ENSG00000231979	0	0	0
ENSG00000215805	0	0	0
ENSG00000287102	0	0	0
ENSG00000217327	0	0	0
ENSG00000228818	1	0	1
ENSG00000202041	0	0	0
ENSG00000223694	0	0	0
ENSG00000233735	0	0	0
ENSG00000133019	11	8	11
ENSG00000162636	431	2	429
ENSG00000162639	349	1	349
ENSG00000285923	0	0	1
ENSG00000134186	1928	105	1823
ENSG00000143107	3	0	3
ENSG00000232971	0	0	0
ENSG00000116266	874	4	870
ENSG00000228076	0	0	0
ENSG00000203897	0	0	2
ENSG00000237349	0	0	0
ENSG00000244716	33	1	32
ENSG00000228665	0	0	0
ENSG00000228054	0	0	0
ENSG00000273382	9	93	9
ENSG00000215717	1017	4	1106
ENSG00000278249	0	0	0
ENSG00000270066	0	0	0
ENSG00000251484	1	1	0
ENSG00000132676	1792	99	1788
ENSG00000227673	0	0	0
ENSG00000203761	91	49	72
ENSG00000234937	2	2	0
ENSG00000132718	454	1	454
ENSG00000283442	0	0	0
ENSG00000143622	912	4	908
ENSG00000132680	1038	1	1037
ENSG00000207475	0	0	0
ENSG00000280466	0	0	0
ENSG00000281394	0	0	0
ENSG00000277817	0	0	0
ENSG00000273002	41	0	42
ENSG00000224276	0	0	0
ENSG00000285677	1	1457	2
ENSG00000163479	2681	5	4133
ENSG00000160803	769	5	765
ENSG00000132698	6	0	6
ENSG00000252236	0	0	0
ENSG00000260238	0	0	0
ENSG00000242252	2	0	2
ENSG00000198952	2291	6	2285
ENSG00000163472	167	162	176
ENSG00000163468	3031	10	3021
ENSG00000132677	0	0	0
ENSG00000237390	1	0	1
ENSG00000207933	0	0	0
ENSG00000254726	4	0	4
ENSG00000186377	1	1	0
ENSG00000186160	0	0	0
ENSG00000225154	0	0	0
ENSG00000225506	0	0	1
ENSG00000225514	0	0	0
ENSG00000224805	4	1	7
ENSG00000162366	84	0	84
ENSG00000226252	3	16	1
ENSG00000225762	0	0	0
ENSG00000186790	0	0	0
ENSG00000237424	43	0	43
ENSG00000189030	0	0	0
ENSG00000162763	0	0	0
ENSG00000143061	4	0	4
ENSG00000135821	3888	12	3876
ENSG00000203740	0	0	0
ENSG00000162374	0	0	0
ENSG00000168275	71	4	106
ENSG00000241563	2	1	1
ENSG00000153207	1802	12	1790
ENSG00000156869	70	0	70
ENSG00000033122	27	6	21
ENSG00000143278	0	0	0
ENSG00000116678	46	0	46
ENSG00000159352	1897	9	1888
ENSG00000158710	10819	28	10791
ENSG00000162734	1101	14	1150
ENSG00000049239	1546	0	1546
ENSG00000186564	3	0	3
ENSG00000244038	2922	12	2910
ENSG00000158747	22	0	22
ENSG00000116690	22	238	26
ENSG00000126091	16	0	18
ENSG00000162383	6	0	6
ENSG00000171163	392	3	389
ENSG00000172456	54	0	54
ENSG00000162946	421	1	420
ENSG00000158786	0	0	0
ENSG00000118733	0	0	0
ENSG00000157870	584	18	712
ENSG00000179085	124	0	124
ENSG00000173080	1	1	0
ENSG00000183347	11	0	11
ENSG00000276470	0	0	0
ENSG00000278852	0	0	0
ENSG00000275915	0	0	0
ENSG00000120937	0	0	0
ENSG00000224904	0	0	0
ENSG00000285646	10	7	3
ENSG00000199347	0	0	0
ENSG00000201801	1	1	0
ENSG00000116685	1121	2	1119
ENSG00000083444	737	0	737
ENSG00000287384	0	0	0
ENSG00000270914	0	0	0
ENSG00000116691	459	2	457
ENSG00000202461	0	0	0
ENSG00000276869	0	0	0
ENSG00000243539	0	0	0
ENSG00000120949	141	1	140
ENSG00000201135	0	0	0
ENSG00000227875	0	0	0
ENSG00000285604	0	0	0
ENSG00000283789	0	0	0
ENSG00000263676	0	0	0
ENSG00000200591	0	0	0
ENSG00000162521	2151	9	2890
ENSG00000162520	0	742	6
ENSG00000224409	0	0	0
ENSG00000162522	48	0	48
ENSG00000116497	656	4	668
ENSG00000160097	3	1	2
ENSG00000121905	1	1	1
ENSG00000121900	1	0	2
ENSG00000287691	9	13	0
ENSG00000278966	0	0	0
ENSG00000143222	909	7	1212
ENSG00000224985	5	311	4
ENSG00000143224	264	87	269
ENSG00000158850	865	10	943
ENSG00000158859	32	2	31
ENSG00000158869	2413	6	2407
ENSG00000158874	1	1	0
ENSG00000158882	162	0	245
ENSG00000284035	0	0	0
ENSG00000143257	8	91	0
ENSG00000248485	2	2	0
ENSG00000188931	53	58	0
ENSG00000236484	0	0	0
ENSG00000283696	28	0	28
ENSG00000288093	1	0	1
ENSG00000206921	0	0	0
ENSG00000215840	1	0	1
ENSG00000277882	0	0	0
ENSG00000283317	8	8	0
ENSG00000277762	0	0	0
ENSG00000227139	0	0	0
ENSG00000265107	0	0	0
ENSG00000274415	0	0	0
ENSG00000234190	0	0	0
ENSG00000223728	0	0	0
ENSG00000121634	0	0	0
ENSG00000188092	60	0	60
ENSG00000215859	6	6	0
ENSG00000273059	0	0	0
ENSG00000274372	0	0	0
ENSG00000206791	0	0	0
ENSG00000206585	0	0	0
ENSG00000229828	0	0	0
ENSG00000225080	0	0	0
ENSG00000198658	0	0	0
ENSG00000238382	0	0	0
ENSG00000225919	0	0	0
ENSG00000236497	0	0	0
ENSG00000207190	0	0	0
ENSG00000200508	0	0	0
ENSG00000284928	0	0	0
ENSG00000223949	0	0	0
ENSG00000116688	1999	3	1996
ENSG00000188800	0	0	0
ENSG00000084073	562	1	561
ENSG00000231296	0	0	0
ENSG00000049089	265	4	261
ENSG00000227311	0	0	0
ENSG00000213172	0	0	0
ENSG00000284677	0	0	0
ENSG00000187801	55	0	55
ENSG00000260920	37	0	37
ENSG00000158887	48	0	48
ENSG00000255054	0	0	0
ENSG00000228172	3	239	8
ENSG00000117640	417	1	577
ENSG00000272478	0	0	0
ENSG00000127423	9	12	2
ENSG00000182749	133	9	196
ENSG00000207302	0	0	0
ENSG00000117632	845	9	836
ENSG00000229786	0	0	0
ENSG00000223624	0	0	0
ENSG00000283938	0	0	0
ENSG00000199385	0	0	0
ENSG00000187147	1244	14	1943
ENSG00000263381	0	0	0
ENSG00000126106	43	710	46
ENSG00000198520	479	2	477
ENSG00000199377	0	0	0
ENSG00000200169	0	0	0
ENSG00000142945	29	5	26
ENSG00000142937	17223	103	20084
ENSG00000264294	0	0	0
ENSG00000200913	2	0	2
ENSG00000202031	0	0	0
ENSG00000207421	0	0	0
ENSG00000281859	0	0	0
ENSG00000234093	0	0	0
ENSG00000142959	9	0	9
ENSG00000173846	350	1	364
ENSG00000117425	22	1	21
ENSG00000202444	0	0	0
ENSG00000226499	2	0	2
ENSG00000070785	195	1	194
ENSG00000253039	0	0	0
ENSG00000229815	0	0	0
ENSG00000232369	0	0	0
ENSG00000268949	0	0	0
ENSG00000126107	788	1	787
ENSG00000126088	563	1	562
ENSG00000234315	1	0	1
ENSG00000162408	694	1	693
ENSG00000229519	1	1	0
ENSG00000173662	1	0	1
ENSG00000204859	522	6	516
ENSG00000288629	0	0	0
ENSG00000230735	2	7	2
ENSG00000171488	1583	4	1579
ENSG00000226394	0	0	0
ENSG00000237200	2	0	2
ENSG00000070886	0	0	0
ENSG00000276835	0	0	0
ENSG00000265422	0	0	0
ENSG00000223776	4	58	5
ENSG00000273058	22	0	22
ENSG00000230325	3	9	8
ENSG00000119285	1065	480	1265
ENSG00000226498	0	0	0
ENSG00000237991	0	0	0
ENSG00000244020	0	0	0
ENSG00000288099	0	0	0
ENSG00000225886	5	5	0
ENSG00000206767	0	0	0
ENSG00000226662	0	0	0
ENSG00000207095	0	0	0
ENSG00000287244	0	0	0
ENSG00000231344	0	0	0
ENSG00000230833	1	0	1
ENSG00000117758	452	3	449
ENSG00000269971	0	0	0
ENSG00000270031	1	0	1
ENSG00000223062	0	0	0
ENSG00000286433	2	78	0
ENSG00000117751	971	6	1041
ENSG00000252947	0	0	0
ENSG00000130775	3416	9	3408
ENSG00000117748	1551	25	1527
ENSG00000223643	0	0	0
ENSG00000230239	0	0	0
ENSG00000263811	0	0	0
ENSG00000277234	0	0	0
ENSG00000235241	0	45	0
ENSG00000207005	0	0	0
ENSG00000272426	0	0	0
ENSG00000117122	0	0	0
ENSG00000286898	0	0	0
ENSG00000226526	0	74	0
ENSG00000159363	822	1	859
ENSG00000117118	758	1	757
ENSG00000117115	1487	8	1479
ENSG00000204362	0	0	0
ENSG00000282843	0	0	0
ENSG00000142623	0	0	0
ENSG00000142619	0	0	0
ENSG00000266634	0	0	0
ENSG00000199459	0	0	0
ENSG00000273264	0	0	0
ENSG00000282057	0	0	0
ENSG00000272691	0	0	0
ENSG00000199934	0	0	0
ENSG00000230285	0	0	0
ENSG00000142871	1	1	0
ENSG00000226643	0	0	0
ENSG00000234419	0	0	0
ENSG00000276997	7	0	7
ENSG00000222399	0	0	0
ENSG00000267305	0	0	0
ENSG00000143512	1	0	1
ENSG00000143498	134	0	145
ENSG00000225265	7	11	7
ENSG00000154305	1510	57	1745
ENSG00000229399	0	0	0
ENSG00000272750	9	290	11
ENSG00000186063	806	37	785
ENSG00000162819	578	3	592
ENSG00000287684	3	12	3
ENSG00000234523	0	0	0
ENSG00000287338	2	0	2
ENSG00000187554	322	45	277
ENSG00000236846	3	0	3
ENSG00000226601	0	0	0
ENSG00000164010	169	13	278
ENSG00000164011	168	0	168
ENSG00000233708	0	0	0
ENSG00000237090	0	0	0
ENSG00000225099	0	0	0
ENSG00000284138	0	0	0
ENSG00000283973	0	5	0
ENSG00000207256	0	0	0
ENSG00000283136	0	0	0
ENSG00000277513	0	0	0
ENSG00000154309	143	0	143
ENSG00000226967	0	0	0
ENSG00000231407	0	2	0
ENSG00000229570	0	0	0
ENSG00000203857	0	0	0
ENSG00000226443	0	0	0
ENSG00000249798	0	0	0
ENSG00000239873	0	0	0
ENSG00000203855	0	0	0
ENSG00000240244	0	0	0
ENSG00000260941	0	0	0
ENSG00000198857	2	2	0
ENSG00000143067	46	1	45
ENSG00000134240	0	0	0
ENSG00000134193	80	0	80
ENSG00000215864	0	0	0
ENSG00000227205	0	0	0
ENSG00000226446	0	0	0
ENSG00000134249	0	0	0
ENSG00000092621	142	0	142
ENSG00000027644	0	0	0
ENSG00000241992	0	0	0
ENSG00000234226	0	0	0
ENSG00000137970	104	0	104
ENSG00000223229	0	0	0
ENSG00000285698	0	0	0
ENSG00000228035	0	0	0
ENSG00000287103	0	0	0
ENSG00000226973	0	0	0
ENSG00000274468	0	0	0
ENSG00000130764	740	12	850
ENSG00000266075	2	0	2
ENSG00000272153	12	132	2
ENSG00000230026	0	0	0
ENSG00000285177	0	0	1
ENSG00000284770	6	52	6
ENSG00000229795	0	0	0
ENSG00000238236	0	0	0
ENSG00000235638	0	0	0
ENSG00000231199	0	0	0
ENSG00000226663	0	0	0
ENSG00000231582	0	0	0
ENSG00000232714	0	0	0
ENSG00000235761	0	0	0
ENSG00000270710	0	0	0
ENSG00000227236	0	0	0
ENSG00000198837	3755	11	3952
ENSG00000160741	1754	3	1751
ENSG00000276584	0	0	0
ENSG00000282386	2	1	1
ENSG00000273026	2	1	1
ENSG00000143578	90	21	122
ENSG00000143543	140	7	157
ENSG00000285641	0	8	2
ENSG00000143545	5	1	4
ENSG00000177954	33686	82	33604
ENSG00000231416	1	0	1
ENSG00000200220	0	0	0
ENSG00000231837	0	0	0
ENSG00000263987	0	0	0
ENSG00000162642	278	0	278
ENSG00000223254	0	0	0
ENSG00000223653	0	29	4
ENSG00000116198	736	2	734
ENSG00000169598	270	0	270
ENSG00000226653	0	0	0
ENSG00000207209	0	0	0
ENSG00000272443	0	0	0
ENSG00000272480	0	0	0
ENSG00000288626	0	0	0
ENSG00000162836	102	1	101
ENSG00000207080	0	0	0
ENSG00000231791	0	0	0
ENSG00000244568	0	0	0
ENSG00000271387	0	0	0
ENSG00000116667	115	1	114
ENSG00000230470	0	0	0
ENSG00000232036	1	0	1
ENSG00000285847	0	0	0
ENSG00000286378	0	0	0
ENSG00000215381	0	0	0
ENSG00000261326	66	0	66
ENSG00000284726	1	1	0
ENSG00000125945	293	7	293
ENSG00000201405	0	0	0
ENSG00000271420	2	0	2
ENSG00000204219	269	3	266
ENSG00000232482	0	0	0
ENSG00000285779	0	0	0
ENSG00000162885	127	47	212
ENSG00000270780	0	0	0
ENSG00000232895	0	0	0
ENSG00000273698	0	0	0
ENSG00000273112	7	1	6
ENSG00000173110	784	2	782
ENSG00000224203	1	3	0
ENSG00000224515	0	0	0
ENSG00000225217	182	1	181
ENSG00000231586	0	0	0
ENSG00000234211	0	23	1
ENSG00000213075	2	2	0
ENSG00000143125	0	0	0
ENSG00000270380	0	0	0
ENSG00000282887	0	0	0
ENSG00000283999	0	0	0
ENSG00000240194	0	0	0
ENSG00000235407	0	0	0
ENSG00000143105	0	0	0
ENSG00000199710	0	0	0
ENSG00000237415	1	0	1
ENSG00000232791	0	0	0
ENSG00000177301	27	0	27
ENSG00000226828	1	2	0
ENSG00000279774	0	0	0
ENSG00000229960	0	0	0
ENSG00000286486	0	0	0
ENSG00000244066	0	0	0
ENSG00000237759	0	0	0
ENSG00000287531	0	0	0
ENSG00000225855	42	575	6
ENSG00000283701	0	0	0
ENSG00000207134	0	0	0
ENSG00000227773	0	0	0
ENSG00000207144	0	0	0
ENSG00000237872	0	0	0
ENSG00000271267	3	3	0
ENSG00000225082	0	0	0
ENSG00000223503	1	1	0
ENSG00000232519	0	0	0
ENSG00000160752	396	2	924
ENSG00000121957	53	181	74
ENSG00000235089	0	0	0
ENSG00000285179	0	0	0
ENSG00000223026	0	0	0
ENSG00000225721	1	2949	18
ENSG00000188396	3	18	1
ENSG00000202167	0	0	0
ENSG00000207349	0	0	0
ENSG00000252826	0	0	0
ENSG00000206737	0	0	0
ENSG00000223779	0	0	0
ENSG00000242352	0	0	0
ENSG00000270962	0	0	0
ENSG00000263590	0	0	0
ENSG00000252105	0	0	0
ENSG00000233430	0	0	0
ENSG00000237503	0	0	0
ENSG00000265531	7	0	8
ENSG00000234571	1	2	0
ENSG00000230186	0	6	0
ENSG00000268074	0	0	0
ENSG00000270872	5	0	5
ENSG00000276674	0	0	0
ENSG00000082482	0	0	0
ENSG00000116747	476	15	520
ENSG00000118729	0	0	0
ENSG00000134207	2	0	2
ENSG00000163467	3	2	1
ENSG00000243710	5	0	5
ENSG00000117395	436	6	430
ENSG00000116874	97	10	103
ENSG00000065600	250	2	248
ENSG00000009780	183	0	183
ENSG00000023572	151	65	122
ENSG00000077254	1203	7	1196
ENSG00000134644	2312	12	2300
ENSG00000215788	929	7	993
ENSG00000117834	12	8	7
ENSG00000117625	753	6	747
ENSG00000179902	0	0	0
ENSG00000020633	3326	8	3318
ENSG00000121766	341	7	531
ENSG00000143157	1459	6	1454
ENSG00000162614	56	1	56
ENSG00000160781	45	0	45
ENSG00000143344	85	1	84
ENSG00000162613	1871	12	1859
ENSG00000116882	0	0	0
ENSG00000198758	2	0	2
ENSG00000117569	183	1	182
ENSG00000142856	104	61	100
ENSG00000158022	0	0	0
ENSG00000116396	115	0	115
ENSG00000058668	2727	12	2715
ENSG00000163875	1073	3	1070
ENSG00000282872	0	0	0
ENSG00000131238	3765	15	3750
ENSG00000171680	74	0	74
ENSG00000244457	0	0	0
ENSG00000116977	1054	278	1633
ENSG00000229372	0	166	0
ENSG00000274975	0	0	0
ENSG00000229348	1	0	1
ENSG00000242485	513	26	586
ENSG00000264293	0	0	0
ENSG00000272455	39	0	39
ENSG00000225905	1	0	1
ENSG00000225285	0	0	0
ENSG00000179403	0	0	0
ENSG00000215915	18	0	18
ENSG00000236085	0	0	0
ENSG00000234441	0	0	0
ENSG00000227408	0	0	0
ENSG00000223635	0	0	0
ENSG00000135776	396	0	396
ENSG00000199672	0	0	0
ENSG00000201492	0	0	0
ENSG00000229367	0	0	0
ENSG00000135763	401	1	400
ENSG00000213028	0	0	0
ENSG00000225984	0	0	0
ENSG00000178828	0	0	0
ENSG00000235434	0	0	0
ENSG00000169914	227	2	225
ENSG00000188784	0	0	0
ENSG00000242688	0	0	0
ENSG00000177186	0	0	0
ENSG00000177174	0	0	0
ENSG00000269956	10	121	0
ENSG00000162456	0	0	0
ENSG00000079277	666	3	774
ENSG00000117407	0	0	0
ENSG00000237950	20	0	20
ENSG00000117408	635	1	634
ENSG00000285649	0	86	0
ENSG00000117410	1586	1	1585
ENSG00000159214	16	0	20
ENSG00000196517	11	4	11
ENSG00000227163	0	0	0
ENSG00000271647	0	0	0
ENSG00000239560	0	0	0
ENSG00000196539	0	0	0
ENSG00000229255	0	0	0
ENSG00000203661	0	0	0
ENSG00000271934	0	0	0
ENSG00000224521	0	0	0
ENSG00000227102	0	0	0
ENSG00000183310	0	0	0
ENSG00000201602	0	0	0
ENSG00000271701	0	0	0
ENSG00000189181	0	0	0
ENSG00000187238	0	0	0
ENSG00000185962	0	0	0
ENSG00000226947	0	0	0
ENSG00000285753	0	0	0
ENSG00000187223	0	0	0
ENSG00000159455	0	0	0
ENSG00000187173	0	0	0
ENSG00000204501	0	0	0
ENSG00000228229	0	0	0
ENSG00000204481	0	0	0
ENSG00000204479	0	0	0
ENSG00000172031	3	0	3
ENSG00000233228	0	0	0
ENSG00000224678	0	0	0
ENSG00000233401	0	0	0
ENSG00000273487	4	0	4
ENSG00000226773	0	0	0
ENSG00000274481	0	0	0
ENSG00000228594	101	0	101
ENSG00000286989	25	0	25
ENSG00000272106	40	0	42
ENSG00000189409	0	0	0
ENSG00000272004	0	182	0
ENSG00000189339	1857	8	2031
ENSG00000269737	31	31	0
ENSG00000215914	1	0	1
ENSG00000008128	37	0	39
ENSG00000268575	57	0	88
ENSG00000227775	349	390	2
ENSG00000008130	3800	8	3792
ENSG00000078369	6872	17	6855
ENSG00000178821	3	0	3
ENSG00000158477	48	1	47
ENSG00000230942	0	0	0
ENSG00000158481	297	1	296
ENSG00000158485	4	0	4
ENSG00000158488	15	1	14
ENSG00000186306	0	0	0
ENSG00000203758	0	0	0
ENSG00000236257	0	0	0
ENSG00000236656	0	0	0
ENSG00000198703	0	0	0
ENSG00000227445	0	0	0
ENSG00000231434	0	0	0
ENSG00000117505	1403	8	1454
ENSG00000229635	2	2	0
ENSG00000207379	0	0	0
ENSG00000212601	0	0	0
ENSG00000162889	2275	4	2271
ENSG00000224114	1	0	1
ENSG00000199349	0	0	0
ENSG00000162892	118	1315	11
ENSG00000162894	9834	38	11004
ENSG00000271680	16	16	0
ENSG00000226945	24	23	1
ENSG00000162896	3	0	3
ENSG00000162897	0	0	0
ENSG00000182795	10	0	10
ENSG00000198890	272	2	270
ENSG00000224550	0	0	0
ENSG00000142669	5446	16	8010
ENSG00000169442	3696	33	7217
ENSG00000225854	2	1	1
ENSG00000176083	189	0	189
ENSG00000229167	0	0	0
ENSG00000142910	0	0	0
ENSG00000162517	799	2	972
ENSG00000235790	1	1	1
ENSG00000264078	0	0	0
ENSG00000241745	0	0	0
ENSG00000228407	0	0	0
ENSG00000223429	0	0	0
ENSG00000224255	0	0	0
ENSG00000236004	0	0	0
ENSG00000237663	0	0	0
ENSG00000213735	0	0	0
ENSG00000272100	1	115	2
ENSG00000287078	0	0	0
ENSG00000224680	1	0	1
ENSG00000085840	27	0	27
ENSG00000283445	0	0	0
ENSG00000272226	3	3	0
ENSG00000231740	0	0	0
ENSG00000143751	693	3	690
ENSG00000272562	5	0	6
ENSG00000163041	4411	12	4400
ENSG00000225518	1	0	1
ENSG00000270598	0	0	0
ENSG00000182827	534	11	643
ENSG00000234478	2	121	1
ENSG00000223570	0	0	0
ENSG00000185155	4	0	4
ENSG00000236773	0	0	0
ENSG00000143753	951	2	949
ENSG00000201898	0	0	0
ENSG00000237101	0	46	0
ENSG00000143748	381	3	424
ENSG00000221406	0	0	0
ENSG00000229742	0	0	0
ENSG00000206887	0	0	0
ENSG00000143771	413	2	411
ENSG00000266618	0	0	0
ENSG00000229991	0	0	0
ENSG00000233384	0	0	0
ENSG00000234247	0	0	0
ENSG00000183682	56	87	5
ENSG00000237624	0	0	0
ENSG00000228060	5	659	0
ENSG00000201457	0	0	0
ENSG00000163909	5	0	5
ENSG00000225903	0	0	0
ENSG00000116983	266	0	266
ENSG00000225333	0	0	0
ENSG00000252413	0	0	0
ENSG00000090621	1926	14	2566
ENSG00000236994	0	0	0
ENSG00000275406	0	0	0
ENSG00000270287	0	0	0
ENSG00000229965	0	0	0
ENSG00000223282	0	0	0
ENSG00000177770	0	0	0
ENSG00000287627	0	0	0
ENSG00000283933	0	0	0
ENSG00000143369	9	0	9
ENSG00000228126	2	0	2
ENSG00000237781	15	67	28
ENSG00000264553	1	1	0
ENSG00000277452	3	0	3
ENSG00000274963	0	0	0
ENSG00000253047	4	0	4
ENSG00000143420	2069	22	2047
ENSG00000276103	0	0	0
ENSG00000143457	420	1	419
ENSG00000143452	7	0	7
ENSG00000206931	0	0	0
ENSG00000236713	0	0	0
ENSG00000224690	0	0	0
ENSG00000203804	1	98	23
ENSG00000143384	16121	53	16069
ENSG00000154342	0	0	0
ENSG00000276255	0	0	0
ENSG00000284163	0	0	0
ENSG00000143793	224	9	215
ENSG00000162910	219	1	218
ENSG00000224566	1	0	1
ENSG00000287895	4	1	3
ENSG00000280157	3	0	3
ENSG00000227625	0	0	0
ENSG00000198835	22	0	22
ENSG00000203684	3	1	2
ENSG00000181873	285	1	284
ENSG00000162913	32	16	36
ENSG00000269934	27	100	67
ENSG00000270110	10	11	0
ENSG00000286773	0	0	0
ENSG00000287315	63	249	6
ENSG00000270104	0	0	0
ENSG00000154370	471	2	607
ENSG00000270094	0	139	0
ENSG00000284311	0	0	0
ENSG00000162931	12	10	3
ENSG00000230841	0	0	0
ENSG00000266174	0	0	0
ENSG00000279306	0	0	0
ENSG00000215811	0	0	0
ENSG0000020