N_unmapped	285416	285416	285416
N_multimapping	3845978	3845978	3845978
N_noFeature	1053477	23132750	1224218
N_ambiguous	2865127	40780	977397
ENSG00000160072	214	1	213
ENSG00000234396	0	0	0
ENSG00000225972	9	0	9
ENSG00000224315	0	0	0
ENSG00000198744	694	30	664
ENSG00000279928	17	0	17
ENSG00000228037	25	1	24
ENSG00000142611	0	0	0
ENSG00000225630	13181	146	13035
ENSG00000284616	0	0	0
ENSG00000157911	50	495	102
ENSG00000269896	17	0	17
ENSG00000237973	303	5	312
ENSG00000228463	19	0	26
ENSG00000260972	0	0	0
ENSG00000157933	2937	3	2934
ENSG00000224340	0	0	0
ENSG00000226545	0	0	0
ENSG00000268663	0	0	0
ENSG00000226374	0	0	0
ENSG00000229280	0	0	0
ENSG00000142655	179	15	179
ENSG00000232596	0	0	0
ENSG00000235054	0	0	0
ENSG00000232663	2	2	0
ENSG00000240409	0	0	0
ENSG00000229344	4	0	6
ENSG00000231510	0	0	0
ENSG00000149527	119	4	115
ENSG00000284739	0	0	0
ENSG00000171621	69	0	69
ENSG00000272235	0	0	0
ENSG00000284694	0	0	0
ENSG00000230021	4	21	4
ENSG00000287356	6	4	2
ENSG00000224387	3	2	1
ENSG00000285629	0	0	0
ENSG00000173673	0	0	0
ENSG00000142583	47	0	47
ENSG00000284674	0	0	0
ENSG00000272161	0	0	0
ENSG00000237094	239	0	239
ENSG00000224338	0	0	0
ENSG00000074800	8088	17	8075
ENSG00000116786	1620	2	1833
ENSG00000287727	2	2	0
ENSG00000228423	0	0	0
ENSG00000286448	0	7	0
ENSG00000131686	8	10	7
ENSG00000229305	0	0	0
ENSG00000284703	0	0	0
ENSG00000226457	0	0	0
ENSG00000173614	205	1	206
ENSG00000248527	6733	315	6418
ENSG00000215720	0	0	0
ENSG00000241326	0	0	0
ENSG00000233623	2	0	2
ENSG00000162592	0	24	0
ENSG00000116254	2	0	2
ENSG00000233645	0	0	0
ENSG00000204624	8	0	8
ENSG00000142606	2	61	7
ENSG00000235146	0	0	0
ENSG00000225931	17	2	15
ENSG00000171729	14	0	14
ENSG00000279457	61	0	61
ENSG00000162571	4	1	3
ENSG00000229393	3	3	0
ENSG00000037637	681	1	680
ENSG00000287586	92	0	92
ENSG00000159423	70	0	70
ENSG00000142599	6863	67	6804
ENSG00000227169	0	0	0
ENSG00000283356	0	0	0
ENSG00000011021	259	1	268
ENSG00000142615	1	1	0
ENSG00000215704	3	8	0
ENSG00000157916	1858	54	2351
ENSG00000157881	642	0	642
ENSG00000238290	0	0	0
ENSG00000225387	0	0	0
ENSG00000048707	1522	2	1520
ENSG00000158748	20	1	19
ENSG00000225196	0	0	0
ENSG00000162444	821	2	819
ENSG00000279625	0	0	0
ENSG00000180758	161	1	160
ENSG00000184677	795	1	794
ENSG00000230679	1	2	3
ENSG00000270136	0	0	0
ENSG00000288398	44	0	44
ENSG00000224621	0	0	0
ENSG00000285833	0	0	0
ENSG00000131697	215	0	217
ENSG00000284692	0	0	0
ENSG00000284745	0	0	0
ENSG00000280222	0	0	0
ENSG00000227634	0	0	0
ENSG00000285945	0	0	0
ENSG00000229162	3	0	3
ENSG00000197921	0	0	0
ENSG00000233755	1	0	1
ENSG00000233929	2	0	2
ENSG00000271742	0	0	0
ENSG00000226396	14	0	14
ENSG00000169504	307	0	307
ENSG00000234166	0	6	0
ENSG00000235282	0	0	0
ENSG00000055070	1806	8	2735
ENSG00000175087	96	0	96
ENSG00000157191	1911	11	1900
ENSG00000284699	0	0	0
ENSG00000230035	0	0	0
ENSG00000235185	0	0	0
ENSG00000225643	1	0	1
ENSG00000284666	0	0	0
ENSG00000228943	2	2	0
ENSG00000234397	0	0	0
ENSG00000284309	0	0	0
ENSG00000162511	26933	43	40287
ENSG00000158014	0	0	0
ENSG00000204138	352	0	352
ENSG00000233419	0	0	0
ENSG00000235263	0	0	0
ENSG00000228176	0	0	0
ENSG00000231251	0	0	0
ENSG00000142675	24	0	24
ENSG00000197245	0	0	0
ENSG00000261025	0	0	0
ENSG00000116237	340	0	367
ENSG00000130772	322	0	322
ENSG00000215899	0	0	0
ENSG00000271398	3	3	0
ENSG00000225011	0	0	0
ENSG00000235069	0	0	0
ENSG00000284676	0	0	0
ENSG00000237058	0	0	0
ENSG00000233399	0	0	0
ENSG00000090020	1508	2	1506
ENSG00000157978	2216	1	2215
ENSG00000226944	0	0	0
ENSG00000270282	0	0	0
ENSG00000130770	365	6	788
ENSG00000229044	0	148	1
ENSG00000162512	63	0	63
ENSG00000158006	414	1	413
ENSG00000214812	3	0	3
ENSG00000126698	1133	11	1122
ENSG00000229447	0	0	0
ENSG00000229607	0	0	0
ENSG00000130766	566	1	565
ENSG00000168528	73	0	73
ENSG00000196581	2	0	2
ENSG00000169403	15728	23	15705
ENSG00000084628	0	0	0
ENSG00000060688	415	0	415
ENSG00000171612	29	0	29
ENSG00000270927	0	0	0
ENSG00000188910	0	0	0
ENSG00000230523	0	0	0
ENSG00000116138	214	36	210
ENSG00000158161	609	5	605
ENSG00000142684	0	0	65
ENSG00000234619	0	0	0
ENSG00000121769	10	10	0
ENSG00000142627	18	0	18
ENSG00000284668	0	0	0
ENSG00000233234	0	0	0
ENSG00000142632	69	1	74
ENSG00000234593	0	0	0
ENSG00000158292	20	0	20
ENSG00000270605	28	0	29
ENSG00000189337	93	1	100
ENSG00000232912	97	1	104
ENSG00000235084	2	0	2
ENSG00000235143	0	0	0
ENSG00000225478	0	0	0
ENSG00000225077	0	21	0
ENSG00000028137	21744	37	21707
ENSG00000238249	0	0	0
ENSG00000204464	0	0	0
ENSG00000233372	0	0	0
ENSG00000283259	0	0	0
ENSG00000284543	5	1	4
ENSG00000130939	1704	1	1703
ENSG00000175147	2	8	2
ENSG00000127472	1	0	1
ENSG00000060656	1	0	1
ENSG00000163867	103	5	98
ENSG00000232768	0	0	0
ENSG00000230214	0	0	0
ENSG00000189280	9	9	0
ENSG00000134698	5789	9	5780
ENSG00000134690	38	0	38
ENSG00000272420	1	0	1
ENSG00000132881	30	0	30
ENSG00000273274	0	0	0
ENSG00000116251	812	3	812
ENSG00000272510	0	12	2
ENSG00000158286	12	7	14
ENSG00000236648	0	0	0
ENSG00000232273	0	0	0
ENSG00000009709	0	0	0
ENSG00000287396	0	0	0
ENSG00000223589	0	0	0
ENSG00000158008	0	0	0
ENSG00000130940	125	0	229
ENSG00000116771	50	0	68
ENSG00000237301	1	1	0
ENSG00000162585	556	151	571
ENSG00000163879	1	7	0
ENSG00000227527	6	6	0
ENSG00000116954	247	0	247
ENSG00000228589	9	0	9
ENSG00000163873	0	0	0
ENSG00000117215	8	0	8
ENSG00000196449	116	6	149
ENSG00000230163	0	22	0
ENSG00000227538	0	0	0
ENSG00000232208	13	0	13
ENSG00000236500	0	0	0
ENSG00000044012	0	0	0
ENSG00000179051	1062	5	1267
ENSG00000215895	0	0	0
ENSG00000231868	1	4	0
ENSG00000284650	0	0	0
ENSG00000237329	0	0	0
ENSG00000236948	3	0	3
ENSG00000126067	792	0	792
ENSG00000274944	0	0	0
ENSG00000132906	425	3	427
ENSG00000197312	429	0	429
ENSG00000284748	0	0	0
ENSG00000272078	10	114	0
ENSG00000173660	903	1	904
ENSG00000224592	0	0	0
ENSG00000233728	0	13	0
ENSG00000230451	0	0	0
ENSG00000231606	0	0	0
ENSG00000215900	0	0	0
ENSG00000284632	0	0	0
ENSG00000241014	5	0	5
ENSG00000054118	4480	24	4456
ENSG00000254553	0	0	0
ENSG00000284653	0	0	0
ENSG00000237749	3	0	3
ENSG00000276747	6	0	6
ENSG00000284705	0	0	0
ENSG00000228776	0	0	0
ENSG00000159339	6435	6	6429
ENSG00000223814	0	0	0
ENSG00000197982	206	34	211
ENSG00000261781	0	0	0
ENSG00000183317	1	0	1
ENSG00000183386	787	0	787
ENSG00000284743	0	0	0
ENSG00000158315	0	0	0
ENSG00000204084	352	1	415
ENSG00000186973	0	0	0
ENSG00000271806	5	18	5
ENSG00000146463	402	1	457
ENSG00000279214	0	0	0
ENSG00000183520	196	0	196
ENSG00000271741	0	0	0
ENSG00000214141	0	0	0
ENSG00000142686	121	1	120
ENSG00000224751	0	0	0
ENSG00000279096	0	0	0
ENSG00000117148	0	0	0
ENSG00000230585	1	1	0
ENSG00000117000	613	1	612
ENSG00000284989	0	0	0
ENSG00000231630	0	0	0
ENSG00000092853	18	0	21
ENSG00000255811	0	0	1
ENSG00000134697	373	1	378
ENSG00000187513	4	1	3
ENSG00000238145	0	0	0
ENSG00000225142	0	0	0
ENSG00000230138	14	0	14
ENSG00000223390	0	35	0
ENSG00000285823	0	0	0
ENSG00000284720	0	0	0
ENSG00000225028	0	0	0
ENSG00000225671	0	0	0
ENSG00000116151	45	0	45
ENSG00000226147	0	0	0
ENSG00000182873	44	36	15
ENSG00000006555	187	0	187
ENSG00000236111	0	0	0
ENSG00000066056	13	0	13
ENSG00000214114	331	8	323
ENSG00000173436	65	10	66
ENSG00000116544	12	0	12
ENSG00000231900	0	0	0
ENSG00000236723	1	183	9
ENSG00000232467	0	0	0
ENSG00000117016	61	0	61
ENSG00000121310	321	1	320
ENSG00000169213	0	0	0
ENSG00000163866	554	0	576
ENSG00000225779	0	0	0
ENSG00000284601	1	0	1
ENSG00000237130	0	0	0
ENSG00000143001	0	0	0
ENSG00000229716	0	0	0
ENSG00000226133	0	0	0
ENSG00000227416	0	0	0
ENSG00000232335	0	3	0
ENSG00000260971	0	0	0
ENSG00000259832	0	0	0
ENSG00000284696	0	0	0
ENSG00000238242	0	0	0
ENSG00000285839	0	0	0
ENSG00000237290	0	0	0
ENSG00000232762	0	0	0
ENSG00000117419	170	0	170
ENSG00000162384	398	8	404
ENSG00000162391	0	9	0
ENSG00000174348	11	0	16
ENSG00000154198	0	0	0
ENSG00000117859	938	48	923
ENSG00000228121	0	0	0
ENSG00000253313	0	0	0
ENSG00000162396	47	0	47
ENSG00000203995	0	0	0
ENSG00000227742	0	0	0
ENSG00000284686	0	0	0
ENSG00000162378	464	0	464
ENSG00000233079	0	0	0
ENSG00000259818	0	0	0
ENSG00000229444	0	0	0
ENSG00000240563	11	0	11
ENSG00000234318	0	0	0
ENSG00000284773	8	0	8
ENSG00000234481	0	0	0
ENSG00000117862	243	1	242
ENSG00000235612	0	0	0
ENSG00000228369	1	1	0
ENSG00000183431	993	5	988
ENSG00000227485	0	0	0
ENSG00000224609	2	0	2
ENSG00000235545	1	0	1
ENSG00000236646	0	0	0
ENSG00000169174	2	0	2
ENSG00000232198	0	0	0
ENSG00000238063	2	0	2
ENSG00000227104	0	0	0
ENSG00000243725	4	0	4
ENSG00000171872	0	0	0
ENSG00000162407	15	0	15
ENSG00000285079	0	0	0
ENSG00000169218	0	0	0
ENSG00000163877	445	3	442
ENSG00000228929	2	0	2
ENSG00000224570	0	0	0
ENSG00000224980	0	0	0
ENSG00000278967	0	0	0
ENSG00000157184	133	16	322
ENSG00000272491	4	0	6
ENSG00000198815	999	2	997
ENSG00000134744	887	3	884
ENSG00000233910	0	0	0
ENSG00000287703	0	0	0
ENSG00000283039	0	0	0
ENSG00000229032	0	0	0
ENSG00000229294	0	0	0
ENSG00000232993	0	5	0
ENSG00000234088	0	0	0
ENSG00000236973	0	0	0
ENSG00000227947	0	0	0
ENSG00000277397	0	0	0
ENSG00000271200	1	0	1
ENSG00000235446	0	0	0
ENSG00000261196	0	0	0
ENSG00000162385	433	0	433
ENSG00000231413	0	0	0
ENSG00000234264	0	0	0
ENSG00000242391	0	0	0
ENSG00000223883	0	0	0
ENSG00000284808	0	0	0
ENSG00000242267	0	0	0
ENSG00000237227	0	0	0
ENSG00000275350	0	0	0
ENSG00000116652	1	1	0
ENSG00000123080	71	2	70
ENSG00000285778	0	0	0
ENSG00000077549	8843	11	8843
ENSG00000233407	0	0	0
ENSG00000225675	0	0	0
ENSG00000237622	0	0	0
ENSG00000162598	3	0	3
ENSG00000280317	0	0	0
ENSG00000162415	19	0	19
ENSG00000162600	170	0	170
ENSG00000116704	242	0	242
ENSG00000227644	0	0	0
ENSG00000157193	86	5	106
ENSG00000116205	311	1	318
ENSG00000198841	26	0	26
ENSG00000116212	113	0	113
ENSG00000234204	0	0	0
ENSG00000233099	1	0	1
ENSG00000233994	2	0	2
ENSG00000237180	0	0	0
ENSG00000213561	0	0	0
ENSG00000233973	0	0	0
ENSG00000237552	0	0	0
ENSG00000132854	0	0	0
ENSG00000227556	0	0	0
ENSG00000162616	46	1	46
ENSG00000162607	585	2	583
ENSG00000233602	1	0	1
ENSG00000233271	0	0	0
ENSG00000285954	11	11	0
ENSG00000233333	0	0	0
ENSG00000154027	110	1	110
ENSG00000234108	0	0	0
ENSG00000232676	0	0	0
ENSG00000225167	0	0	0
ENSG00000132122	56	0	56
ENSG00000213579	0	0	0
ENSG00000137960	1	0	1
ENSG00000237852	3	0	3
ENSG00000116745	0	0	0
ENSG00000132855	0	0	0
ENSG00000285407	0	0	0
ENSG00000272855	0	0	0
ENSG00000270549	0	0	0
ENSG00000237163	0	0	0
ENSG00000229636	0	0	0
ENSG00000116675	16	0	16
ENSG00000162433	7	0	7
ENSG00000213625	1129	1	1128
ENSG00000227207	0	0	0
ENSG00000227016	0	0	0
ENSG00000233664	0	0	0
ENSG00000158966	25	0	25
ENSG00000213703	0	0	0
ENSG00000203965	28	0	31
ENSG00000223479	0	0	0
ENSG00000233674	0	0	0
ENSG00000153898	54	1	53
ENSG00000117069	0	0	0
ENSG00000125703	95	0	95
ENSG00000285041	0	0	0
ENSG00000285808	0	0	0
ENSG00000229440	0	0	0
ENSG00000234144	0	0	0
ENSG00000213540	1	0	1
ENSG00000277670	0	0	0
ENSG00000227466	0	0	0
ENSG00000154007	0	0	0
ENSG00000230498	0	0	0
ENSG00000285782	1	0	1
ENSG00000162618	0	0	0
ENSG00000224493	0	0	0
ENSG00000131233	0	0	0
ENSG00000272371	0	0	0
ENSG00000287647	0	1	0
ENSG00000229225	0	0	0
ENSG00000230863	0	0	0
ENSG00000213560	0	0	0
ENSG00000287224	0	0	0
ENSG00000225598	0	0	0
ENSG00000286455	0	0	0
ENSG00000225087	0	0	0
ENSG00000224986	0	0	0
ENSG00000280378	8	0	8
ENSG00000188786	1497	4	1493
ENSG00000230053	0	0	0
ENSG00000137941	17	0	17
ENSG00000273338	0	0	0
ENSG00000223720	0	0	0
ENSG00000224326	0	0	0
ENSG00000286548	2	1	1
ENSG00000066135	305	1	436
ENSG00000230027	0	0	0
ENSG00000233061	0	0	0
ENSG00000272094	0	0	0
ENSG00000228853	0	0	0
ENSG00000215874	0	0	0
ENSG00000232453	11	0	11
ENSG00000260386	0	0	0
ENSG00000284895	0	0	0
ENSG00000117174	142	0	142
ENSG00000237413	0	0	0
ENSG00000184313	0	0	0
ENSG00000284645	0	0	0
ENSG00000225605	0	0	0
ENSG00000225446	0	0	0
ENSG00000288543	0	0	0
ENSG00000122420	1	0	1
ENSG00000284240	0	0	0
ENSG00000236290	0	0	0
ENSG00000143013	503	1	502
ENSG00000226084	15	1	14
ENSG00000134748	963	5	958
ENSG00000142892	231	0	231
ENSG00000219102	1	0	1
ENSG00000184005	84	1	83
ENSG00000230953	4	4	0
ENSG00000287743	1	0	1
ENSG00000229332	0	0	0
ENSG00000227937	0	0	0
ENSG00000229752	0	0	0
ENSG00000237505	4	0	4
ENSG00000285462	0	0	0
ENSG00000233216	0	0	0
ENSG00000197273	0	0	0
ENSG00000226804	0	0	0
ENSG00000285325	0	0	0
ENSG00000230728	0	0	0
ENSG00000162402	1637	5	1632
ENSG00000232846	0	0	0
ENSG00000219201	4	0	4
ENSG00000230787	0	0	0
ENSG00000116641	75	1	74
ENSG00000235927	8	14	10
ENSG00000223920	0	0	0
ENSG00000237453	0	0	0
ENSG00000172260	7	0	7
ENSG00000285473	0	0	0
ENSG00000237959	0	0	0
ENSG00000231364	0	0	0
ENSG00000234578	0	0	0
ENSG00000117480	99	0	99
ENSG00000137944	191	0	191
ENSG00000229505	0	0	0
ENSG00000228187	0	0	0
ENSG00000285201	0	0	0
ENSG00000182183	76	0	76
ENSG00000236407	0	0	0
ENSG00000271949	0	0	0
ENSG00000227062	0	0	0
ENSG00000067334	695	1	694
ENSG00000235011	0	0	0
ENSG00000235673	0	0	0
ENSG00000226938	0	0	0
ENSG00000213559	0	0	0
ENSG00000287587	0	0	0
ENSG00000142949	58	1	57
ENSG00000116133	233	2	270
ENSG00000232882	0	0	0
ENSG00000171502	20	1	19
ENSG00000162399	2	2	0
ENSG00000116157	155	1	154
ENSG00000143036	3	0	3
ENSG00000232672	0	0	0
ENSG00000230817	0	0	0
ENSG00000235613	0	0	0
ENSG00000065243	1565	4	1561
ENSG00000226759	0	0	0
ENSG00000226960	0	0	0
ENSG00000234080	0	0	0
ENSG00000237899	3	0	3
ENSG00000225492	5	0	5
ENSG00000223905	0	0	0
ENSG00000227290	0	0	0
ENSG00000229486	0	0	0
ENSG00000282898	0	0	0
ENSG00000285409	0	0	0
ENSG00000231090	0	0	0
ENSG00000117528	179	0	179
ENSG00000271723	0	0	0
ENSG00000172339	26	0	26
ENSG00000036549	330	0	330
ENSG00000287724	0	22	0
ENSG00000058799	815	2	813
ENSG00000225191	0	0	0
ENSG00000287870	0	0	0
ENSG00000235563	0	0	0
ENSG00000232048	0	0	0
ENSG00000232857	0	0	0
ENSG00000273637	0	0	0
ENSG00000203985	0	0	0
ENSG00000228838	0	5	0
ENSG00000283761	2	0	2
ENSG00000189433	0	1	0
ENSG00000230759	0	0	0
ENSG00000231866	1	0	1
ENSG00000179178	0	0	0
ENSG00000142700	0	0	0
ENSG00000285525	0	0	0
ENSG00000236098	0	0	0
ENSG00000233514	0	0	0
ENSG00000127124	202	0	202
ENSG00000266993	1	33	0
ENSG00000223675	0	0	0
ENSG00000162604	197	0	197
ENSG00000229316	0	0	0
ENSG00000116171	663	0	664
ENSG00000287406	0	0	0
ENSG00000225767	0	0	0
ENSG00000234099	0	0	0
ENSG00000137936	18	1	21
ENSG00000235308	6	6	0
ENSG00000232752	0	0	0
ENSG00000235829	0	0	0
ENSG00000143032	0	0	0
ENSG00000226745	0	0	0
ENSG00000178028	538	0	538
ENSG00000280040	0	0	0
ENSG00000168710	1175	2	1173
ENSG00000117519	25	1	24
ENSG00000270507	0	0	0
ENSG00000238037	0	0	0
ENSG00000215869	1	0	1
ENSG00000134215	993	1	992
ENSG00000227935	0	0	0
ENSG00000229887	0	0	0
ENSG00000228502	60	1	59
ENSG00000236268	0	0	0
ENSG00000271277	0	0	0
ENSG00000236888	0	0	0
ENSG00000279778	0	0	0
ENSG00000232015	0	0	0
ENSG00000230955	0	64	0
ENSG00000230828	0	0	0
ENSG00000188641	2068	0	2251
ENSG00000152078	18	2	18
ENSG00000237279	0	0	0
ENSG00000233359	0	0	0
ENSG00000237954	0	0	0
ENSG00000185668	2	0	2
ENSG00000171492	519	1	518
ENSG00000233129	0	0	0
ENSG00000170989	2122	2	2120
ENSG00000258634	99	0	158
ENSG00000233557	0	0	0
ENSG00000237897	0	0	0
ENSG00000116299	4511	9	4502
ENSG00000137962	13	0	13
ENSG00000227832	0	0	0
ENSG00000286692	0	0	0
ENSG00000260464	0	0	0
ENSG00000237435	1	0	1
ENSG00000231996	0	0	0
ENSG00000273204	1	4	0
ENSG00000079739	706	10	810
ENSG00000117154	0	0	0
ENSG00000162377	94	4	90
ENSG00000224613	1	0	1
ENSG00000215871	0	0	0
ENSG00000287372	0	0	0
ENSG00000232542	2	0	2
ENSG00000231095	0	0	0
ENSG00000116774	1	0	1
ENSG00000287756	0	0	0
ENSG00000269113	0	0	0
ENSG00000284652	0	0	0
ENSG00000023909	201	0	201
ENSG00000069702	567	1	566
ENSG00000232185	0	0	0
ENSG00000230489	1	0	1
ENSG00000228399	0	0	0
ENSG00000236776	0	0	0
ENSG00000285928	3	3	0
ENSG00000224685	0	0	0
ENSG00000287076	0	0	0
ENSG00000237480	0	0	0
ENSG00000271252	0	0	0
ENSG00000230427	0	0	0
ENSG00000235794	0	0	0
ENSG00000286758	0	0	0
ENSG00000237337	0	0	0
ENSG00000233983	0	0	0
ENSG00000198198	1198	87	1413
ENSG00000225183	0	0	0
ENSG00000230402	0	0	0
ENSG00000116793	312	1	311
ENSG00000134201	4	0	4
ENSG00000238122	0	0	0
ENSG00000260879	0	43	1
ENSG00000213366	102	0	102
ENSG00000230864	0	0	0
ENSG00000283354	0	0	0
ENSG00000232918	0	0	0
ENSG00000236360	1	2	0
ENSG00000183298	1	0	22
ENSG00000234332	4	0	4
ENSG00000117525	0	0	0
ENSG00000225079	12	0	12
ENSG00000226483	0	0	0
ENSG00000224238	0	0	0
ENSG00000229537	0	0	0
ENSG00000162699	0	0	0
ENSG00000162692	4	0	4
ENSG00000203914	0	0	0
ENSG00000270457	0	0	0
ENSG00000203858	0	0	0
ENSG00000231987	0	0	0
ENSG00000228057	3	0	3
ENSG00000261593	0	0	0
ENSG00000224445	0	0	0
ENSG00000229842	0	0	0
ENSG00000270631	0	0	0
ENSG00000229201	0	0	0
ENSG00000181656	7	7	0
ENSG00000122481	28	0	28
ENSG00000198162	442	1	441
ENSG00000238198	3	0	3
ENSG00000171517	2	0	2
ENSG00000228852	7	7	0
ENSG00000203864	0	0	0
ENSG00000233482	0	0	0
ENSG00000230250	0	0	0
ENSG00000232878	1	183	0
ENSG00000143079	29	0	29
ENSG00000232450	11	0	11
ENSG00000223575	0	0	0
ENSG00000230768	0	0	0
ENSG00000235202	0	0	0
ENSG00000272715	0	0	0
ENSG00000235038	0	0	0
ENSG00000143093	972	0	972
ENSG00000226415	1	0	1
ENSG00000085491	255	7	298
ENSG00000173947	1	0	1
ENSG00000241361	0	0	0
ENSG00000230434	0	0	0
ENSG00000230718	0	0	0
ENSG00000134198	923	1	922
ENSG00000235595	0	0	0
ENSG00000226053	0	0	0
ENSG00000226128	0	0	0
ENSG00000198799	238	1	259
ENSG00000279513	1	0	1
ENSG00000117620	104	2	104
ENSG00000280186	1	0	1
ENSG00000223906	0	0	0
ENSG00000162688	181	0	181
ENSG00000197106	0	0	0
ENSG00000259946	0	0	0
ENSG00000236137	4	66	2
ENSG00000203859	0	0	0
ENSG00000228086	0	52	0
ENSG00000213421	0	0	0
ENSG00000234020	0	0	0
ENSG00000060718	0	0	0
ENSG00000236804	0	0	0
ENSG00000231072	0	0	0
ENSG00000273406	0	0	0
ENSG00000185946	334	0	334
ENSG00000162627	0	0	0
ENSG00000226715	0	21	0
ENSG00000162695	239	0	239
ENSG00000134184	0	0	1
ENSG00000265808	992	1	991
ENSG00000261290	0	0	0
ENSG00000225923	0	0	0
ENSG00000134247	37	0	37
ENSG00000187481	0	0	0
ENSG00000116752	237	0	237
ENSG00000162664	169	0	169
ENSG00000236866	0	0	0
ENSG00000134253	0	0	0
ENSG00000277655	0	0	0
ENSG00000223416	1	0	1
ENSG00000213226	0	0	0
ENSG00000179571	1	0	1
ENSG00000227850	0	0	0
ENSG00000243967	0	0	0
ENSG00000235777	1	2	0
ENSG00000260246	0	1	0
ENSG00000173218	70	0	70
ENSG00000285532	0	0	0
ENSG00000226755	0	0	0
ENSG00000232650	0	0	0
ENSG00000183508	717	1	716
ENSG00000277095	0	0	0
ENSG00000236806	0	0	0
ENSG00000234283	0	0	0
ENSG00000237188	2	0	2
ENSG00000232780	0	0	0
ENSG00000274927	0	0	0
ENSG00000264145	0	0	0
ENSG00000238256	0	0	0
ENSG00000198765	0	0	0
ENSG00000224335	0	0	0
ENSG00000277702	0	0	0
ENSG00000143398	886	1	885
ENSG00000196505	427	4	424
ENSG00000225871	10	51	1
ENSG00000223489	0	0	0
ENSG00000230546	0	0	0
ENSG00000213262	0	0	0
ENSG00000287015	0	0	0
ENSG00000241720	0	16	0
ENSG00000235526	0	0	0
ENSG00000228347	0	0	0
ENSG00000276975	1	1	0
ENSG00000236012	0	0	0
ENSG00000270911	2	2	0
ENSG00000272824	2	0	2
ENSG00000134200	4	4	0
ENSG00000234257	0	0	0
ENSG00000065183	276	1	312
ENSG00000227082	0	0	0
ENSG00000228626	0	0	0
ENSG00000226126	0	0	0
ENSG00000163393	503	1	502
ENSG00000163156	733	11	731
ENSG00000143631	0	0	0
ENSG00000156150	0	59	0
ENSG00000228453	0	0	0
ENSG00000274642	1	0	1
ENSG00000177551	0	0	0
ENSG00000197323	1073	0	1073
ENSG00000237975	0	0	0
ENSG00000261168	0	0	0
ENSG00000287980	0	0	0
ENSG00000229283	0	0	0
ENSG00000271419	0	0	0
ENSG00000226172	0	0	0
ENSG00000079335	394	3	443
ENSG00000143119	18396	14	18382
ENSG00000237278	0	22	0
ENSG00000285062	0	0	0
ENSG00000233432	0	0	0
ENSG00000227700	0	0	0
ENSG00000229911	0	0	0
ENSG00000143520	0	0	0
ENSG00000171943	70	1	69
ENSG00000270719	0	0	0
ENSG00000155761	2	36	2
ENSG00000230806	0	0	0
ENSG00000116830	185	0	185
ENSG00000234422	0	0	0
ENSG00000227056	0	0	0
ENSG00000143614	1805	0	1805
ENSG00000227091	0	0	0
ENSG00000169418	0	0	0
ENSG00000214204	0	0	0
ENSG00000081026	40	10	30
ENSG00000225650	0	0	0
ENSG00000227179	0	0	0
ENSG00000224965	1	0	1
ENSG00000228127	1	1	0
ENSG00000226984	0	0	0
ENSG00000186150	0	0	0
ENSG00000143554	655	4	651
ENSG00000143458	346	3	343
ENSG00000230932	0	0	0
ENSG00000073754	1	0	1
ENSG00000228826	0	0	0
ENSG00000233907	0	0	0
ENSG00000225036	0	0	0
ENSG00000228420	0	0	0
ENSG00000233839	0	0	0
ENSG00000250890	0	0	0
ENSG00000232240	0	0	0
ENSG00000280649	29	10	40
ENSG00000131781	98	17	95
ENSG00000223599	5	0	5
ENSG00000230921	0	0	0
ENSG00000286151	3	0	3
ENSG00000234388	0	0	0
ENSG00000235015	0	0	0
ENSG00000271736	25	0	25
ENSG00000235988	0	0	0
ENSG00000233717	0	0	0
ENSG00000231551	39	11	28
ENSG00000227295	4	0	4
ENSG00000163155	80	31	51
ENSG00000243613	0	92	0
ENSG00000241975	17	0	17
ENSG00000271143	0	0	0
ENSG00000270976	0	0	0
ENSG00000228217	0	0	0
ENSG00000270342	0	0	0
ENSG00000143552	1	0	1
ENSG00000175984	26	0	26
ENSG00000231100	0	0	0
ENSG00000116824	1604	8	1596
ENSG00000235887	0	0	0
ENSG00000237460	0	0	0
ENSG00000236327	0	0	0
ENSG00000223804	60	8	52
ENSG00000236887	0	0	0
ENSG00000024526	2	0	2
ENSG00000236480	0	0	0
ENSG00000235756	0	0	0
ENSG00000173810	0	0	0
ENSG00000235005	1	0	1
ENSG00000271890	0	0	0
ENSG00000238107	0	0	0
ENSG00000227425	0	0	0
ENSG00000233222	0	12	1
ENSG00000225279	0	0	0
ENSG00000229101	0	0	0
ENSG00000224927	0	0	0
ENSG00000239216	0	0	0
ENSG00000283360	2	2	0
ENSG00000117262	24	0	24
ENSG00000227907	0	0	0
ENSG00000143624	1849	2	2028
ENSG00000227970	0	0	0
ENSG00000261055	5	0	5
ENSG00000231613	1	0	1
ENSG00000137947	944	3	941
ENSG00000236689	0	0	0
ENSG00000233589	0	0	0
ENSG00000117586	247	0	247
ENSG00000230946	0	0	0
ENSG00000226028	0	0	0
ENSG00000162728	1	1	0
ENSG00000229021	0	0	0
ENSG00000203825	0	0	0
ENSG00000184371	385	0	385
ENSG00000233449	0	0	0
ENSG00000242943	0	0	0
ENSG00000233203	0	0	0
ENSG00000232499	0	0	0
ENSG00000232265	0	0	0
ENSG00000163154	1497	2	1495
ENSG00000232995	3	0	3
ENSG00000236957	0	0	0
ENSG00000238087	0	0	0
ENSG00000227777	2	2	1
ENSG00000177173	6	0	6
ENSG00000277406	17	0	18
ENSG00000238022	0	0	0
ENSG00000231671	0	0	0
ENSG00000162729	442	0	442
ENSG00000143158	178	22	459
ENSG00000271092	0	0	0
ENSG00000238118	0	0	0
ENSG00000276118	0	0	0
ENSG00000232148	0	0	0
ENSG00000278811	0	22	0
ENSG00000000460	53	108	69
ENSG00000188859	1	0	1
ENSG00000275075	0	0	0
ENSG00000135862	150	0	150
ENSG00000232952	0	0	0
ENSG00000158473	757	1	756
ENSG00000227722	0	0	0
ENSG00000285922	0	0	0
ENSG00000275801	4	0	4
ENSG00000143198	359	0	359
ENSG00000143318	0	0	0
ENSG00000232188	0	0	0
ENSG00000232212	0	0	0
ENSG00000143621	1144	3	1142
ENSG00000241042	0	0	0
ENSG00000143155	395	0	395
ENSG00000260322	0	0	0
ENSG00000223495	0	0	0
ENSG00000143156	25	1	40
ENSG00000198771	6835	57	7146
ENSG00000225462	0	0	0
ENSG00000237756	0	0	0
ENSG00000116147	2	0	2
ENSG00000213064	903	1	941
ENSG00000203307	0	0	0
ENSG00000143179	79	0	98
ENSG00000271187	0	0	0
ENSG00000274562	0	0	0
ENSG00000143315	139	0	139
ENSG00000116199	404	1	403
ENSG00000231175	0	0	0
ENSG00000143185	86	0	87
ENSG00000235145	0	0	0
ENSG00000116260	1858	2	1856
ENSG00000272931	4	0	4
ENSG00000143190	426	2	485
ENSG00000225475	0	0	0
ENSG00000230898	0	0	0
ENSG00000232223	0	0	0
ENSG00000224698	0	0	0
ENSG00000287697	2	5	3
ENSG00000075945	206	1	223
ENSG00000235303	0	0	0
ENSG00000234810	20	0	20
ENSG00000232750	0	0	0
ENSG00000224468	0	0	0
ENSG00000235628	0	0	0
ENSG00000232551	0	0	0
ENSG00000092607	0	0	0
ENSG00000238270	0	0	0
ENSG00000285894	0	0	0
ENSG00000236025	0	0	0
ENSG00000230687	0	0	0
ENSG00000230704	0	0	0
ENSG00000283255	0	0	0
ENSG00000227741	7	87	4
ENSG00000237049	1	0	1
ENSG00000286754	0	0	0
ENSG00000232751	0	0	0
ENSG00000236364	0	15	0
ENSG00000117091	1673	11	4213
ENSG00000235378	1	0	1
ENSG00000143171	0	0	0
ENSG00000275767	0	0	0
ENSG00000224718	0	0	0
ENSG00000047410	4530	20	4703
ENSG00000231992	0	0	0
ENSG00000018625	1	0	1
ENSG00000171806	71	1	87
ENSG00000287919	1	0	1
ENSG00000229914	2	0	2
ENSG00000233882	0	0	0
ENSG00000198358	0	0	0
ENSG00000229407	0	0	0
ENSG00000134216	0	0	0
ENSG00000230748	0	0	0
ENSG00000254154	0	0	0
ENSG00000162694	20	0	23
ENSG00000238108	0	0	0
ENSG00000214262	0	39	0
ENSG00000183853	0	0	0
ENSG00000215835	5	0	5
ENSG00000118197	473	1	473
ENSG00000135842	17654	35	17619
ENSG00000229258	0	0	0
ENSG00000287472	0	0	0
ENSG00000241318	0	0	0
ENSG00000228238	0	0	0
ENSG00000232393	0	0	0
ENSG00000121454	18	71	0
ENSG00000184155	0	0	0
ENSG00000058085	0	0	0
ENSG00000260088	1	1	1
ENSG00000287978	107	0	107
ENSG00000116815	490	1	489
ENSG00000232917	0	0	0
ENSG00000233057	1	0	1
ENSG00000237131	0	0	0
ENSG00000233946	0	0	0
ENSG00000143167	138	0	138
ENSG00000143184	34	0	35
ENSG00000231966	2	0	2
ENSG00000176320	0	0	0
ENSG00000260976	0	0	0
ENSG00000235215	1	1	0
ENSG00000223450	0	0	0
ENSG00000224691	0	0	0
ENSG00000286572	0	0	0
ENSG00000235101	1	1	0
ENSG00000228215	9	0	9
ENSG00000177807	0	0	0
ENSG00000233626	1	1	0
ENSG00000233691	0	0	0
ENSG00000283518	0	0	0
ENSG00000271527	0	0	0
ENSG00000143228	7	0	7
ENSG00000235827	0	0	0
ENSG00000231615	2	0	2
ENSG00000231714	0	0	0
ENSG00000174514	9	4	10
ENSG00000143178	60	0	60
ENSG00000224837	0	0	0
ENSG00000116833	1	0	1
ENSG00000227740	10	0	11
ENSG00000260990	0	0	0
ENSG00000000457	325	25	407
ENSG00000143507	108	0	108
ENSG00000285638	0	0	0
ENSG00000226520	0	0	0
ENSG00000284592	0	0	0
ENSG00000230987	0	0	0
ENSG00000232527	0	0	0
ENSG00000215833	0	0	0
ENSG00000228167	0	0	0
ENSG00000225325	0	0	0
ENSG00000223344	0	0	0
ENSG00000228191	0	0	0
ENSG00000229961	25	0	25
ENSG00000150732	0	0	0
ENSG00000157064	8	0	9
ENSG00000288139	0	0	0
ENSG00000226015	4	0	4
ENSG00000215808	0	0	0
ENSG00000059588	209	0	209
ENSG00000231512	0	0	0
ENSG00000237379	0	0	0
ENSG00000232959	0	18	0
ENSG00000122224	764	5	759
ENSG00000162782	0	0	0
ENSG00000238051	0	0	0
ENSG00000233196	0	0	0
ENSG00000229220	0	0	0
ENSG00000143653	180	2	178
ENSG00000135837	1499	6	1495
ENSG00000158711	647	6	647
ENSG00000227747	0	0	0
ENSG00000228081	0	0	0
ENSG00000228020	0	0	0
ENSG00000234975	27	0	27
ENSG00000162851	86	0	86
ENSG00000271427	1	0	1
ENSG00000261817	0	0	0
ENSG00000143353	93	0	126
ENSG00000197965	2399	3	2396
ENSG00000143493	133	0	133
ENSG00000230777	3	4	0
ENSG00000179397	1	0	1
ENSG00000224540	0	0	0
ENSG00000117592	2302	1	2301
ENSG00000186197	6	0	6
ENSG00000229067	0	0	0
ENSG00000230231	0	0	0
ENSG00000227711	0	0	0
ENSG00000261182	0	0	0
ENSG00000228879	0	0	0
ENSG00000227925	1	0	1
ENSG00000162670	0	0	0
ENSG00000225712	0	0	0
ENSG00000162761	0	0	0
ENSG00000143199	1	0	1
ENSG00000179930	0	0	0
ENSG00000007908	0	0	0
ENSG00000092978	92	0	92
ENSG00000143499	231	0	231
ENSG00000188404	55973	77	55896
ENSG00000227735	0	0	0
ENSG00000243062	0	0	0
ENSG00000143196	0	0	0
ENSG00000228504	0	0	0
ENSG00000274702	0	0	0
ENSG00000226211	0	0	0
ENSG00000236942	1	1	1
ENSG00000287205	0	0	0
ENSG00000203697	2	0	2
ENSG00000116574	276	1	275
ENSG00000287929	0	1	0
ENSG00000186283	570	4	566
ENSG00000224896	0	0	0
ENSG00000226292	0	0	0
ENSG00000121481	167	4	163
ENSG00000227940	0	0	0
ENSG00000117139	1222	3	1219
ENSG00000143248	4	0	4
ENSG00000278455	0	0	0
ENSG00000224810	0	0	0
ENSG00000162814	0	0	0
ENSG00000225172	0	0	0
ENSG00000261642	0	0	0
ENSG00000228239	0	0	0
ENSG00000237283	0	0	0
ENSG00000116132	0	0	0
ENSG00000238042	3	0	3
ENSG00000271475	0	0	0
ENSG00000231877	0	0	0
ENSG00000116679	5508	5	5503
ENSG00000228536	1	1	0
ENSG00000230550	0	1	0
ENSG00000229242	0	0	0
ENSG00000253326	6	0	6
ENSG00000228470	0	0	0
ENSG00000152092	0	0	0
ENSG00000234984	0	0	0
ENSG00000231648	0	0	0
ENSG00000229983	0	0	0
ENSG00000215149	0	0	0
ENSG00000225122	0	0	0
ENSG00000225920	2	2	0
ENSG00000143476	7	0	7
ENSG00000121486	382	0	382
ENSG00000228437	0	0	0
ENSG00000214837	18	0	18
ENSG00000057252	1467	1	1466
ENSG00000225982	0	0	0
ENSG00000285718	0	0	0
ENSG00000234070	0	0	0
ENSG00000233620	0	0	0
ENSG00000237783	0	0	0
ENSG00000272906	6	9	29
ENSG00000233018	0	0	0
ENSG00000123685	29	1	28
ENSG00000224783	0	0	0
ENSG00000162852	796	0	796
ENSG00000232792	0	0	0
ENSG00000273004	23	0	23
ENSG00000143842	86	1	85
ENSG00000268062	0	0	0
ENSG00000237409	0	0	0
ENSG00000116962	245	0	245
ENSG00000288078	0	0	0
ENSG00000271399	0	0	0
ENSG00000229757	0	1	0
ENSG00000232679	0	0	0
ENSG00000159388	6595	10	6585
ENSG00000220749	26	0	26
ENSG00000181450	47	0	47
ENSG00000223519	23	6	113
ENSG00000120333	246	1	248
ENSG00000286285	5	1	4
ENSG00000225300	1	0	1
ENSG00000223842	2	2	0
ENSG00000162753	0	0	0
ENSG00000228247	0	0	0
ENSG00000231424	0	0	0
ENSG00000143355	0	0	0
ENSG00000287177	0	0	0
ENSG00000237193	0	0	0
ENSG00000223490	0	0	0
ENSG00000121644	275	0	275
ENSG00000174502	0	0	0
ENSG00000224286	0	0	0
ENSG00000158715	217	0	217
ENSG00000143195	11	1	10
ENSG00000162849	6	2	4
ENSG00000232824	0	0	0
ENSG00000273416	3	0	3
ENSG00000234142	0	0	0
ENSG00000282111	0	0	0
ENSG00000233410	0	0	0
ENSG00000067533	107	1	106
ENSG00000228955	0	0	0
ENSG00000270443	0	0	0
ENSG00000116209	3444	5	3439
ENSG00000224702	0	0	0
ENSG00000271811	0	0	0
ENSG00000224278	0	0	0
ENSG00000235492	0	0	0
ENSG00000287808	1	97	1
ENSG00000271588	0	0	0
ENSG00000229840	0	0	0
ENSG00000116161	525	20	514
ENSG00000226486	0	0	0
ENSG00000227687	0	0	0
ENSG00000231814	0	0	0
ENSG00000286210	0	0	0
ENSG00000287364	0	0	0
ENSG00000225063	0	0	0
ENSG00000260698	12	0	12
ENSG00000277007	5	0	5
ENSG00000229016	0	0	0
ENSG00000077157	2110	2	2160
ENSG00000152104	2	1	1
ENSG00000236975	0	0	0
ENSG00000215834	0	0	0
ENSG00000286541	0	0	0
ENSG00000117650	2	0	2
ENSG00000235021	0	0	0
ENSG00000203724	0	0	0
ENSG00000225006	0	0	0
ENSG00000287633	0	0	0
ENSG00000158764	4	0	4
ENSG00000223375	0	0	0
ENSG00000230714	0	0	0
ENSG00000261065	0	3	0
ENSG00000260855	10	4	6
ENSG00000188783	0	0	0
ENSG00000236206	0	0	0
ENSG00000168118	357	0	397
ENSG00000181101	0	0	0
ENSG00000173726	862	0	862
ENSG00000282852	0	0	0
ENSG00000152382	130	3	127
ENSG00000143839	0	0	0
ENSG00000232100	0	0	0
ENSG00000261024	0	0	0
ENSG00000230547	0	0	0
ENSG00000229703	0	0	0
ENSG00000176754	0	0	0
ENSG00000232309	0	0	0
ENSG00000227953	12	100	8
ENSG00000232215	1	0	1
ENSG00000135829	2782	7	2872
ENSG00000228289	0	0	0
ENSG00000134717	339	1	338
ENSG00000232989	0	0	0
ENSG00000233537	0	0	0
ENSG00000116668	128	23	105
ENSG00000143756	289	0	289
ENSG00000278180	0	0	0
ENSG00000143702	531	1	635
ENSG00000232341	0	0	0
ENSG00000287676	2	0	2
ENSG00000236792	0	0	0
ENSG00000143207	2619	2	2617
ENSG00000270859	0	0	0
ENSG00000238224	0	0	0
ENSG00000286775	0	0	0
ENSG00000122176	0	0	0
ENSG00000229120	0	0	0
ENSG00000237492	0	0	0
ENSG00000230404	0	0	0
ENSG00000213036	0	0	0
ENSG00000227230	0	55	0
ENSG00000236230	0	0	0
ENSG00000026751	666	1	665
ENSG00000150681	3029	3	3989
ENSG00000116906	475	0	475
ENSG00000092969	4	0	4
ENSG00000157181	156	1	155
ENSG00000250762	0	0	0
ENSG00000236720	0	0	0
ENSG00000227421	0	0	0
ENSG00000227240	3	0	3
ENSG00000076258	21	0	21
ENSG00000286073	0	0	0
ENSG00000231084	6	6	0
ENSG00000232085	0	50	0
ENSG00000117697	446	2	444
ENSG00000279333	0	0	2
ENSG00000235083	0	0	0
ENSG00000162669	0	0	0
ENSG00000197067	0	0	0
ENSG00000229652	0	0	0
ENSG00000132681	0	0	0
ENSG00000225904	0	0	0
ENSG00000270920	0	0	0
ENSG00000281664	0	0	0
ENSG00000143641	746	1	1071
ENSG00000227630	2	0	2
ENSG00000228830	0	609	1
ENSG00000010932	0	0	0
ENSG00000282849	0	0	0
ENSG00000276520	0	0	0
ENSG00000226640	0	0	0
ENSG00000010072	147	155	137
ENSG00000135766	830	6	824
ENSG00000232626	0	0	0
ENSG00000232096	1	1	0
ENSG00000279261	0	0	0
ENSG00000213051	0	0	0
ENSG00000238054	0	0	0
ENSG00000163534	493	0	493
ENSG00000168243	2	0	2
ENSG00000281453	0	0	0
ENSG00000237469	0	0	0
ENSG00000224939	1	0	1
ENSG00000227613	0	0	0
ENSG00000116183	0	0	0
ENSG00000270106	1	0	1
ENSG00000232194	0	0	0
ENSG00000235152	0	0	0
ENSG00000231612	0	0	0
ENSG00000237980	3	0	3
ENSG00000271036	0	0	0
ENSG00000230849	0	0	0
ENSG00000170382	124	125	3
ENSG00000228664	0	0	0
ENSG00000226868	0	0	0
ENSG00000279401	0	0	0
ENSG00000272362	0	0	0
ENSG00000287450	0	0	0
ENSG00000237011	0	0	0
ENSG00000233583	0	0	0
ENSG00000066027	3840	18	3822
ENSG00000286263	0	0	0
ENSG00000227006	0	0	0
ENSG00000236372	0	0	0
ENSG00000224525	0	0	0
ENSG00000188770	0	0	0
ENSG00000173728	2	2	0
ENSG00000094975	447	3	444
ENSG00000225811	0	0	0
ENSG00000273093	0	0	0
ENSG00000162772	27	0	27
ENSG00000227818	0	0	0
ENSG00000135828	1686	4	1682
ENSG00000224227	0	0	0
ENSG00000286398	0	0	0
ENSG00000076356	324	1	323
ENSG00000215819	0	0	0
ENSG00000185523	2	0	2
ENSG00000236108	0	0	0
ENSG00000116711	72	0	72
ENSG00000231684	1	0	1
ENSG00000226750	0	0	0
ENSG00000285665	8	0	8
ENSG00000231022	0	0	0
ENSG00000224436	0	0	0
ENSG00000228208	0	0	0
ENSG00000273384	0	0	0
ENSG00000238061	0	0	0
ENSG00000234915	0	0	0
ENSG00000143845	4	0	8
ENSG00000235862	0	0	0
ENSG00000069812	0	0	0
ENSG00000227585	0	0	0
ENSG00000157060	0	0	0
ENSG00000237213	0	0	0
ENSG00000236439	6	1	5
ENSG00000224260	0	0	0
ENSG00000213045	3	4	0
ENSG00000287220	0	0	0
ENSG00000230063	0	0	0
ENSG00000235467	0	0	0
ENSG00000123684	3614	2	3612
ENSG00000117707	0	0	0
ENSG00000228044	0	0	0
ENSG00000225338	1	1	0
ENSG00000224407	0	326	0
ENSG00000232463	0	0	0
ENSG00000237457	0	0	0
ENSG00000225171	1	0	1
ENSG00000226843	0	0	0
ENSG00000235386	0	0	0
ENSG00000123836	322	57	322
ENSG00000213690	0	0	0
ENSG00000223982	0	0	0
ENSG00000229832	6	0	6
ENSG00000117691	342	0	342
ENSG00000225233	0	0	0
ENSG00000274895	0	0	0
ENSG00000237514	0	0	0
ENSG00000287856	0	0	0
ENSG00000228067	0	0	0
ENSG00000284299	0	0	0
ENSG00000226375	1	0	1
ENSG00000203705	257	0	257
ENSG00000224040	1	0	1
ENSG00000228686	23	23	0
ENSG00000279838	32	1	31
ENSG00000174175	653	1	652
ENSG00000236401	0	0	0
ENSG00000241475	0	0	0
ENSG00000215800	0	0	0
ENSG00000286421	0	0	0
ENSG00000270936	0	0	0
ENSG00000008118	0	0	0
ENSG00000171161	883	5	878
ENSG00000241505	0	0	0
ENSG00000224535	0	0	0
ENSG00000282097	0	0	0
ENSG00000261453	2	2	0
ENSG00000231020	0	0	0
ENSG00000270818	0	0	0
ENSG00000196878	10	0	10
ENSG00000133059	561	2	559
ENSG00000225561	0	0	0
ENSG00000224668	0	0	0
ENSG00000242529	0	0	0
ENSG00000074964	361	1	360
ENSG00000223847	0	0	0
ENSG00000277704	0	0	0
ENSG00000116918	338	38	338
ENSG00000274020	104	2	153
ENSG00000287445	7	0	7
ENSG00000259815	0	0	0
ENSG00000240963	0	0	0
ENSG00000226570	0	0	0
ENSG00000198929	4	0	4
ENSG00000272167	0	0	0
ENSG00000230628	0	0	0
ENSG00000162771	0	0	0
ENSG00000227579	0	0	0
ENSG00000176393	1088	1	1610
ENSG00000174606	315	1	314
ENSG00000179914	28	0	28
ENSG00000235750	5434	10	5424
ENSG00000284376	0	0	0
ENSG00000121446	1	0	1
ENSG00000226758	1	0	1
ENSG00000230199	0	0	0
ENSG00000236905	2	1	1
ENSG00000233304	0	0	0
ENSG00000288007	0	0	0
ENSG00000227887	0	0	0
ENSG00000116903	517	1	661
ENSG00000228255	0	0	0
ENSG00000226196	0	0	0
ENSG00000287354	0	2	0
ENSG00000233827	0	0	0
ENSG00000198797	0	0	0
ENSG00000271746	0	0	0
ENSG00000234233	0	0	0
ENSG00000151414	1398	3	1395
ENSG00000177614	4	0	4
ENSG00000223794	0	0	0
ENSG00000235182	0	0	0
ENSG00000213041	0	0	0
ENSG00000287157	0	0	0
ENSG00000233920	0	0	0
ENSG00000183831	0	0	0
ENSG00000225755	0	0	0
ENSG00000143858	85	138	1
ENSG00000197472	1	0	1
ENSG00000230184	0	0	0
ENSG00000234004	1	0	1
ENSG00000232436	0	0	0
ENSG00000231718	0	0	0
ENSG00000283952	0	0	0
ENSG00000230019	0	0	0
ENSG00000136643	240	0	240
ENSG00000232537	0	0	0
ENSG00000226036	0	0	0
ENSG00000285521	0	0	0
ENSG00000236317	0	0	0
ENSG00000176855	0	0	0
ENSG00000227728	0	0	0
ENSG00000133069	310	2	308
ENSG00000162877	0	0	0
ENSG00000233461	67	1	66
ENSG00000225401	1	0	1
ENSG00000228190	0	0	0
ENSG00000135747	1	0	1
ENSG00000227237	0	0	0
ENSG00000069248	487	0	487
ENSG00000232812	0	0	0
ENSG00000231666	0	0	0
ENSG00000226986	0	0	0
ENSG00000242042	0	0	0
ENSG00000234464	0	0	0
ENSG00000253148	0	0	0
ENSG00000227751	0	209	1
ENSG00000090104	21	0	21
ENSG00000285280	23	974	12
ENSG00000232892	0	0	0
ENSG00000236950	0	0	0
ENSG00000236468	0	0	0
ENSG00000143322	315	0	315
ENSG00000185220	151	0	151
ENSG00000226003	0	0	0
ENSG00000230813	0	0	0
ENSG00000226862	20	0	22
ENSG00000236101	0	0	0
ENSG00000162769	136	1	135
ENSG00000133065	267	1	266
ENSG00000278684	0	0	0
ENSG00000236775	0	0	0
ENSG00000042781	0	0	0
ENSG00000234754	0	0	0
ENSG00000233084	6	0	6
ENSG00000227815	2	0	2
ENSG00000287046	0	0	0
ENSG00000223774	0	0	0
ENSG00000228863	11	2551	11
ENSG00000228646	0	0	0
ENSG00000229112	1	0	1
ENSG00000233332	0	0	0
ENSG00000231984	0	0	0
ENSG00000286213	0	0	0
ENSG00000226876	0	0	0
ENSG00000277462	23	0	23
ENSG00000225591	0	0	0
ENSG00000035687	722	1	721
ENSG00000213080	1	0	1
ENSG00000180287	0	0	0
ENSG00000226693	0	0	0
ENSG00000234678	28	552	0
ENSG00000231272	0	0	0
ENSG00000223828	0	0	0
ENSG00000163431	1	0	1
ENSG00000230124	231	0	284
ENSG00000226723	0	0	0
ENSG00000272672	2	0	2
ENSG00000143473	0	2	0
ENSG00000228982	0	0	0
ENSG00000235096	0	0	0
ENSG00000237250	0	0	0
ENSG00000007341	52	76	85
ENSG00000286747	0	0	0
ENSG00000236069	0	0	0
ENSG00000236244	0	0	0
ENSG00000272865	0	0	0
ENSG00000117222	630	0	630
ENSG00000143324	374	1	373
ENSG00000229871	0	0	0
ENSG00000225222	0	0	0
ENSG00000118193	7	0	7
ENSG00000234116	0	0	0
ENSG00000231940	1	0	1
ENSG00000198842	0	0	0
ENSG00000286619	29	0	29
ENSG00000198756	47	0	47
ENSG00000259823	8	8	0
ENSG00000271558	0	0	0
ENSG00000227554	0	0	0
ENSG00000178596	0	0	0
ENSG00000135749	198	6	206
ENSG00000143786	33	2	34
ENSG00000224584	0	0	0
ENSG00000054282	182	8	200
ENSG00000183780	4	0	4
ENSG00000229663	1	1	0
ENSG00000162702	889	1	888
ENSG00000251508	0	0	0
ENSG00000238272	0	0	0
ENSG00000228530	0	0	0
ENSG00000235060	0	0	0
ENSG00000143194	1	0	1
ENSG00000229531	0	0	0
ENSG00000271329	0	0	0
ENSG00000054267	1929	6	1923
ENSG00000261831	0	0	0
ENSG00000287921	0	0	0
ENSG00000177800	0	0	0
ENSG00000225620	0	0	0
ENSG00000232166	0	0	0
ENSG00000175137	2888	3	2885
ENSG00000134245	6	39	5
ENSG00000234041	0	0	0
ENSG00000227373	2	0	2
ENSG00000231905	0	0	0
ENSG00000228175	1	0	1
ENSG00000069275	988	5	983
ENSG00000143674	30	0	30
ENSG00000237317	0	0	0
ENSG00000187889	0	0	0
ENSG00000134375	248	1	247
ENSG00000097046	55	4	51
ENSG00000232113	0	0	0
ENSG00000282718	0	0	0
ENSG00000231378	0	0	0
ENSG00000235605	0	1	1
ENSG00000223525	1	0	1
ENSG00000224857	0	0	0
ENSG00000273367	1	0	1
ENSG00000230604	0	0	0
ENSG00000231605	0	0	0
ENSG00000236358	1	1	2
ENSG00000203737	0	0	0
ENSG00000238003	0	0	0
ENSG00000215873	0	0	0
ENSG00000287008	0	0	0
ENSG00000185420	80	1	79
ENSG00000076321	199	1	198
ENSG00000272175	0	0	1
ENSG00000231564	0	0	0
ENSG00000135778	206	10	210
ENSG00000213070	0	0	0
ENSG00000282265	0	0	0
ENSG00000250536	0	0	0
ENSG00000229747	0	0	0
ENSG00000117280	911	3	908
ENSG00000233985	0	0	0
ENSG00000232175	0	0	0
ENSG00000287423	0	0	0
ENSG00000286774	0	0	0
ENSG00000236719	0	0	0
ENSG00000136636	64	0	64
ENSG00000225486	0	0	0
ENSG00000227043	0	0	0
ENSG00000163874	683	1	682
ENSG00000285777	0	0	0
ENSG00000237249	0	0	0
ENSG00000286109	0	0	0
ENSG00000213068	0	0	0
ENSG00000054392	30	1	31
ENSG00000227994	0	0	0
ENSG00000286552	0	0	0
ENSG00000225711	0	0	0
ENSG00000122223	576	14	562
ENSG00000235869	0	0	0
ENSG00000188739	7	0	7
ENSG00000286666	0	0	0
ENSG00000135750	2	0	2
ENSG00000273198	0	0	0
ENSG00000203730	1	1	0
ENSG00000225719	0	0	0
ENSG00000273483	0	0	0
ENSG00000287987	0	0	0
ENSG00000203729	2	0	2
ENSG00000232809	0	0	0
ENSG00000284623	0	0	0
ENSG00000285981	0	0	0
ENSG00000261729	0	0	0
ENSG00000223869	0	0	0
ENSG00000229228	0	0	0
ENSG00000215796	0	0	0
ENSG00000185221	0	0	0
ENSG00000233047	0	0	0
ENSG00000143341	3	0	3
ENSG00000228309	0	0	0
ENSG00000229739	0	0	0
ENSG00000116703	0	0	0
ENSG00000273874	0	0	0
ENSG00000278791	0	3	0
ENSG00000278757	4	0	4
ENSG00000264341	0	0	0
ENSG00000264101	0	0	0
ENSG00000265141	0	0	0
ENSG00000221083	0	0	0
ENSG00000252404	0	0	0
ENSG00000222511	0	0	0
ENSG00000265392	0	0	0
ENSG00000243267	0	0	0
ENSG00000201725	0	0	0
ENSG00000274258	0	0	0
ENSG00000239149	2	0	2
ENSG00000252151	0	0	0
ENSG00000252969	1	1	0
ENSG00000252417	0	0	0
ENSG00000200975	0	0	0
ENSG00000201609	0	0	0
ENSG00000238482	0	0	0
ENSG00000252956	0	0	0
ENSG00000265606	0	0	0
ENSG00000284357	0	0	0
ENSG00000278034	0	0	0
ENSG00000207237	0	0	0
ENSG00000222784	0	0	0
ENSG00000266210	0	0	0
ENSG00000265961	0	0	0
ENSG00000251866	0	0	0
ENSG00000252691	0	0	0
ENSG00000264371	0	0	0
ENSG00000253005	1	0	1
ENSG00000238316	0	0	0
ENSG00000207941	0	0	0
ENSG00000264773	2	0	2
ENSG00000252448	2	2	0
ENSG00000200421	0	0	0
ENSG00000222282	0	0	0
ENSG00000199963	0	0	0
ENSG00000264698	0	0	0
ENSG00000207328	0	0	0
ENSG00000207466	0	0	0
ENSG00000252368	0	0	0
ENSG00000206779	0	0	0
ENSG00000265596	0	0	0
ENSG00000212541	3	3	0
ENSG00000200796	0	0	0
ENSG00000252190	0	0	0
ENSG00000264613	0	0	0
ENSG00000199240	0	0	0
ENSG00000277168	0	0	0
ENSG00000283724	0	0	0
ENSG00000284410	0	0	0
ENSG00000252018	0	0	0
ENSG00000206627	0	0	0
ENSG00000283414	0	0	0
ENSG00000207508	0	0	0
ENSG00000200171	0	0	0
ENSG00000207194	0	0	0
ENSG00000283477	0	0	0
ENSG00000264834	0	0	0
ENSG00000263675	1	0	1
ENSG00000266188	0	0	0
ENSG00000206981	0	0	0
ENSG00000200174	0	0	0
ENSG00000265822	0	0	0
ENSG00000265815	0	0	0
ENSG00000238653	0	0	0
ENSG00000212624	0	0	0
ENSG00000200575	0	0	0
ENSG00000212360	0	0	0
ENSG00000242860	0	0	0
ENSG00000263908	0	0	0
ENSG00000283690	0	0	0
ENSG00000199921	0	0	0
ENSG00000251825	0	0	0
ENSG00000201153	0	0	0
ENSG00000222624	0	0	0
ENSG00000223152	0	0	0
ENSG00000212308	0	0	0
ENSG00000279049	0	8	0
ENSG00000276081	0	0	0
ENSG00000239640	0	0	0
ENSG00000252338	0	0	0
ENSG00000251785	0	0	0
ENSG00000239319	0	0	0
ENSG00000222849	0	0	0
ENSG00000283749	0	0	0
ENSG00000251958	0	0	0
ENSG00000251767	0	0	0
ENSG00000243437	0	0	0
ENSG00000202263	0	0	0
ENSG00000199318	0	0	0
ENSG00000199666	0	0	0
ENSG00000200601	0	0	0
ENSG00000242482	0	0	0
ENSG00000212366	0	0	0
ENSG00000201620	0	0	0
ENSG00000206817	0	0	0
ENSG00000284247	0	0	0
ENSG00000200839	0	0	0
ENSG00000264963	0	0	0
ENSG00000264271	0	0	0
ENSG00000239504	0	0	0
ENSG00000284202	0	0	0
ENSG00000251720	0	0	0
ENSG00000274321	0	0	0
ENSG00000198974	1	0	1
ENSG00000212248	0	0	0
ENSG00000207962	0	0	0
ENSG00000276884	0	0	0
ENSG00000207234	2	0	2
ENSG00000202259	0	0	0
ENSG00000212459	0	0	0
ENSG00000278287	0	0	0
ENSG00000277565	0	0	0
ENSG00000263526	0	0	0
ENSG00000211575	0	0	1
ENSG00000275823	0	0	0
ENSG00000277689	0	0	0
ENSG00000274199	0	0	0
ENSG00000202254	0	0	0
ENSG00000244256	1	0	1
ENSG00000201491	0	0	0
ENSG00000199831	0	0	0
ENSG00000275455	0	0	0
ENSG00000252162	0	0	0
ENSG00000272051	0	0	0
ENSG00000283899	0	0	0
ENSG00000200800	0	0	0
ENSG00000207502	0	0	0
ENSG00000252530	0	0	0
ENSG00000200536	0	0	0
ENSG00000211543	0	0	0
ENSG00000252797	0	0	0
ENSG00000212266	0	0	0
ENSG00000222209	0	0	0
ENSG00000277141	0	0	0
ENSG00000215930	0	0	0
ENSG00000238761	0	0	0
ENSG00000201114	0	0	0
ENSG00000206679	0	0	0
ENSG00000264419	0	0	0
ENSG00000222069	0	0	0
ENSG00000274428	0	0	0
ENSG00000199879	1	0	1
ENSG00000274408	0	0	0
ENSG00000283676	0	0	0
ENSG00000252005	0	0	0
ENSG00000252510	0	0	0
ENSG00000207340	1	0	1
ENSG00000252830	0	0	0
ENSG00000274450	0	0	0
ENSG00000252135	0	0	0
ENSG00000278596	0	0	0
ENSG00000238825	0	0	0
ENSG00000201183	0	0	0
ENSG00000202408	0	0	0
ENSG00000252744	0	0	0
ENSG00000273768	0	1	0
ENSG00000242565	0	0	0
ENSG00000239984	0	0	0
ENSG00000283296	0	0	0
ENSG00000252717	0	0	0
ENSG00000194297	0	0	0
ENSG00000199565	0	0	0
ENSG00000277313	0	0	0
ENSG00000274940	0	0	0
ENSG00000207341	0	0	0
ENSG00000207472	0	0	0
ENSG00000206880	0	0	0
ENSG00000252552	0	0	0
ENSG00000199849	0	0	0
ENSG00000252407	0	0	0
ENSG00000212538	0	0	0
ENSG00000251813	0	0	0
ENSG00000207108	0	0	0
ENSG00000201312	0	0	0
ENSG00000207039	0	0	0
ENSG00000202491	0	0	0
ENSG00000201596	0	0	0
ENSG00000276839	0	0	0
ENSG00000207974	0	0	0
ENSG00000273629	0	0	0
ENSG00000201493	0	0	0
ENSG00000215952	0	0	0
ENSG00000200139	0	0	0
ENSG00000283575	0	0	0
ENSG00000238765	0	0	0
ENSG00000264916	0	0	0
ENSG00000212338	0	0	0
ENSG00000206659	0	0	0
ENSG00000253025	0	0	0
ENSG00000201619	0	0	0
ENSG00000201544	2	0	2
ENSG00000202498	0	0	0
ENSG00000221545	0	0	0
ENSG00000252906	0	0	0
ENSG00000206692	0	0	0
ENSG00000202329	0	0	0
ENSG00000242794	0	0	0
ENSG00000212144	0	0	0
ENSG00000283340	0	0	0
ENSG00000252860	0	0	0
ENSG00000252501	0	0	0
ENSG00000263390	0	0	0
ENSG00000207181	0	0	0
ENSG00000265744	0	0	0
ENSG00000264377	0	0	0
ENSG00000207149	0	0	0
ENSG00000283936	0	0	0
ENSG00000284485	0	0	0
ENSG00000201638	0	0	0
ENSG00000275213	0	0	0
ENSG00000239494	1	0	1
ENSG00000212230	0	0	0
ENSG00000252371	0	0	0
ENSG00000199442	0	0	0
ENSG00000200033	3	0	3
ENSG00000239690	0	0	0
ENSG00000202184	0	0	0
ENSG00000241395	0	0	0
ENSG00000200982	0	0	0
ENSG00000275207	0	0	0
ENSG00000202300	0	0	0
ENSG00000222407	0	0	0
ENSG00000222986	0	0	0
ENSG00000265435	0	0	0
ENSG00000272262	0	0	0
ENSG00000200495	0	0	0
ENSG00000202609	0	0	0
ENSG00000252553	0	0	0
ENSG00000206764	0	0	0
ENSG00000222240	0	0	0
ENSG00000212187	0	0	0
ENSG00000206637	0	0	0
ENSG00000253097	0	0	0
ENSG00000200036	0	0	0
ENSG00000201421	0	0	0
ENSG00000212610	0	0	0
ENSG00000252484	0	0	0
ENSG00000201944	0	0	0
ENSG00000200327	0	0	0
ENSG00000206905	0	0	0
ENSG00000200972	0	0	0
ENSG00000243051	0	0	0
ENSG00000252011	0	0	0
ENSG00000207326	0	0	0
ENSG00000212205	0	0	0
ENSG00000253042	0	0	0
ENSG00000274121	0	0	0
ENSG00000264358	0	0	0
ENSG00000206640	0	0	0
ENSG00000212527	0	0	0
ENSG00000252879	0	0	0
ENSG00000252612	1	0	1
ENSG00000202264	0	0	0
ENSG00000285609	0	0	0
ENSG00000206762	0	0	0
ENSG00000252084	0	0	0
ENSG00000200085	0	0	0
ENSG00000264500	2	2	0
ENSG00000202025	0	0	0
ENSG00000225545	0	0	0
ENSG00000206990	0	0	0
ENSG00000230175	0	0	0
ENSG00000225272	0	0	0
ENSG00000215838	1	1	0
ENSG00000273365	0	0	0
ENSG00000224358	3	0	3
ENSG00000230659	0	0	0
ENSG00000162545	16	0	16
ENSG00000090432	487	2	485
ENSG00000215520	0	0	0
ENSG00000183114	0	0	0
ENSG00000158825	4022	7	4015
ENSG00000158828	852	71	3080
ENSG00000284005	0	0	0
ENSG00000117242	44	2246	97
ENSG00000234473	0	0	0
ENSG00000238754	0	0	0
ENSG00000134371	540	8	535
ENSG00000221680	0	0	0
ENSG00000162630	25	0	28
ENSG00000276735	0	0	0
ENSG00000232077	1	0	1
ENSG00000229639	0	0	0
ENSG00000287453	0	0	0
ENSG00000270615	0	0	0
ENSG00000287283	0	0	0
ENSG00000240692	0	0	0
ENSG00000229359	0	0	0
ENSG00000237919	0	0	0
ENSG00000066557	82	0	82
ENSG00000244389	0	0	0
ENSG00000228988	0	0	0
ENSG00000118454	197	0	197
ENSG00000226088	0	0	0
ENSG00000116761	16	0	16
ENSG00000278636	0	0	0
ENSG00000271992	2	0	2
ENSG00000233020	0	0	0
ENSG00000237033	0	0	0
ENSG00000226208	0	0	0
ENSG00000007968	170	0	170
ENSG00000235052	2	0	2
ENSG00000117318	178	0	178
ENSG00000285802	4	0	4
ENSG00000229239	0	0	0
ENSG00000142676	17404	45	17359
ENSG00000057757	544	1	543
ENSG00000011009	1290	0	1291
ENSG00000117308	111	0	111
ENSG00000273844	0	0	0
ENSG00000235748	0	0	0
ENSG00000237861	0	0	0
ENSG00000221879	0	0	0
ENSG00000230260	0	0	0
ENSG00000199241	0	0	0
ENSG00000226919	0	0	0
ENSG00000223963	0	0	0
ENSG00000215802	0	0	0
ENSG00000233615	0	0	0
ENSG00000238085	0	0	0
ENSG00000265831	0	0	0
ENSG00000224348	0	0	0
ENSG00000286496	0	0	0
ENSG00000287516	0	0	0
ENSG00000287738	0	0	0
ENSG00000132703	0	0	0
ENSG00000276632	0	0	0
ENSG00000223603	0	0	0
ENSG00000132693	0	0	0
ENSG00000235226	0	0	0
ENSG00000158716	272	0	272
ENSG00000181036	299	4	295
ENSG00000158714	10	27	49
ENSG00000212161	0	0	0
ENSG00000243284	0	1	2
ENSG00000272668	58	36	31
ENSG00000213085	180	0	180
ENSG00000266458	0	0	0
ENSG00000287040	1	1	0
ENSG00000279430	1	0	1
ENSG00000162723	0	0	0
ENSG00000273933	0	0	0
ENSG00000256029	6	15	14
ENSG00000188004	1	0	1
ENSG00000266580	0	0	0
ENSG00000254545	0	21	0
ENSG00000203620	1	0	1
ENSG00000269967	1	0	1
ENSG00000228634	4	4	0
ENSG00000284702	0	0	0
ENSG00000221040	0	0	0
ENSG00000287217	0	0	0
ENSG00000163399	1499	20	4351
ENSG00000212385	0	0	0
ENSG00000233154	11	0	11
ENSG00000230381	0	0	0
ENSG00000200547	1	1	0
ENSG00000224950	50	0	60
ENSG00000286276	5	15	0
ENSG00000177888	72	0	72
ENSG00000243364	82	1	81
ENSG00000251246	0	0	0
ENSG00000143590	11	0	11
ENSG00000202027	0	0	0
ENSG00000169242	18	0	18
ENSG00000169241	333	0	333
ENSG00000223452	0	0	0
ENSG00000163463	36	1	35
ENSG00000273088	0	0	0
ENSG00000284586	0	0	0
ENSG00000169231	325	18	681
ENSG00000236263	0	103	5
ENSG00000236675	125	125	0
ENSG00000177628	1104	0	1104
ENSG00000116521	558	0	558
ENSG00000176444	1027	2	1025
ENSG00000143630	23	0	24
ENSG00000143627	0	1	0
ENSG00000253074	0	0	0
ENSG00000252116	0	0	0
ENSG00000228523	0	0	0
ENSG00000223263	0	0	0
ENSG00000207504	0	0	0
ENSG00000238139	0	0	0
ENSG00000197721	22	0	23
ENSG00000244703	1	0	1
ENSG00000226289	0	0	0
ENSG00000285239	0	1	0
ENSG00000234219	4	5	0
ENSG00000174059	17	0	17
ENSG00000285719	0	0	0
ENSG00000284237	0	0	0
ENSG00000158731	0	0	0
ENSG00000201746	0	0	0
ENSG00000264881	0	0	0
ENSG00000199562	0	0	0
ENSG00000264501	0	0	0
ENSG00000284735	4	4	0
ENSG00000284642	17	1	16
ENSG00000142657	11484	30	11454
ENSG00000271989	0	1	0
ENSG00000251503	0	0	0
ENSG00000175279	0	0	0
ENSG00000160049	255	0	295
ENSG00000203469	0	25	0
ENSG00000236035	0	0	0
ENSG00000221643	1	0	1
ENSG00000122188	293	1	292
ENSG00000288644	0	0	0
ENSG00000227417	0	0	0
ENSG00000223505	0	0	0
ENSG00000182004	231	0	231
ENSG00000236430	0	0	0
ENSG00000130768	20	5	40
ENSG00000227050	3	75	4
ENSG00000238231	1	1	0
ENSG00000240750	0	0	0
ENSG00000158156	2449	1	2500
ENSG00000182118	15	0	15
ENSG00000283799	0	0	0
ENSG00000227934	0	0	0
ENSG00000229595	0	0	0
ENSG00000143633	187	1	186
ENSG00000281912	0	0	0
ENSG00000288208	0	0	0
ENSG00000132773	142	25	163
ENSG00000070759	231	7	235
ENSG00000236872	0	0	0
ENSG00000280670	46	0	46
ENSG00000132763	35	356	41
ENSG00000221953	0	0	0
ENSG00000226164	0	0	0
ENSG00000224014	1	0	1
ENSG00000215795	0	0	0
ENSG00000259865	56	0	56
ENSG00000227671	298	0	298
ENSG00000283881	0	0	0
ENSG00000252516	1	0	1
ENSG00000232347	0	0	0
ENSG00000214144	0	0	0
ENSG00000235818	0	0	0
ENSG00000197617	0	0	0
ENSG00000202079	0	0	0
ENSG00000286216	0	0	0
ENSG00000203664	0	0	0
ENSG00000169224	98	0	107
ENSG00000236817	0	9	0
ENSG00000177489	0	0	0
ENSG00000177476	0	0	0
ENSG00000283369	0	0	0
ENSG00000230411	0	0	0
ENSG00000251977	0	0	0
ENSG00000252254	0	0	0
ENSG00000227854	0	0	0
ENSG00000287589	0	0	0
ENSG00000259776	0	0	0
ENSG00000233355	283	3	282
ENSG00000234601	0	0	0
ENSG00000231979	0	0	0
ENSG00000215805	0	0	0
ENSG00000287102	0	0	0
ENSG00000217327	0	0	0
ENSG00000228818	0	0	0
ENSG00000202041	0	0	0
ENSG00000223694	0	0	0
ENSG00000233735	0	0	0
ENSG00000133019	0	2	0
ENSG00000162636	235	2	233
ENSG00000162639	276	1	275
ENSG00000285923	1	0	1
ENSG00000134186	2028	62	1966
ENSG00000143107	0	0	0
ENSG00000232971	0	0	0
ENSG00000116266	1099	2	1097
ENSG00000228076	0	0	0
ENSG00000203897	0	0	1
ENSG00000237349	0	0	0
ENSG00000244716	27	0	27
ENSG00000228665	0	0	0
ENSG00000228054	0	0	0
ENSG00000273382	11	136	3
ENSG00000215717	1171	2	1297
ENSG00000278249	0	0	0
ENSG00000270066	0	0	0
ENSG00000251484	0	0	0
ENSG00000132676	1132	146	1129
ENSG00000227673	0	0	0
ENSG00000203761	63	47	38
ENSG00000234937	0	0	0
ENSG00000132718	456	1	455
ENSG00000283442	2	1	1
ENSG00000143622	1739	2	1737
ENSG00000132680	816	0	816
ENSG00000207475	1	0	1
ENSG00000280466	0	0	0
ENSG00000281394	0	0	0
ENSG00000277817	0	0	0
ENSG00000273002	38	1	37
ENSG00000224276	0	0	0
ENSG00000285677	2	1342	0
ENSG00000163479	2753	3	4090
ENSG00000160803	395	2	393
ENSG00000132698	8	0	8
ENSG00000252236	0	0	0
ENSG00000260238	0	0	0
ENSG00000242252	5	1	4
ENSG00000198952	2405	2	2403
ENSG00000163472	192	146	209
ENSG00000163468	1490	4	1487
ENSG00000132677	1	0	1
ENSG00000237390	0	0	0
ENSG00000207933	0	0	0
ENSG00000254726	2	0	2
ENSG00000186377	0	0	0
ENSG00000186160	0	0	0
ENSG00000225154	0	0	0
ENSG00000225506	1	0	1
ENSG00000225514	0	0	0
ENSG00000224805	41	0	65
ENSG00000162366	567	0	567
ENSG00000226252	9	148	2
ENSG00000225762	3	2	1
ENSG00000186790	0	0	0
ENSG00000237424	53	0	53
ENSG00000189030	0	0	0
ENSG00000162763	0	0	0
ENSG00000143061	3	0	3
ENSG00000135821	21673	34	21639
ENSG00000203740	0	0	0
ENSG00000162374	0	0	0
ENSG00000168275	42	2	86
ENSG00000241563	0	0	0
ENSG00000153207	2777	5	2772
ENSG00000156869	24	0	24
ENSG00000033122	8	5	3
ENSG00000143278	0	0	0
ENSG00000116678	86	0	86
ENSG00000159352	2631	19	2612
ENSG00000158710	51220	76	51144
ENSG00000162734	1031	6	1109
ENSG00000049239	1560	4	1556
ENSG00000186564	11	0	11
ENSG00000244038	2200	10	2190
ENSG00000158747	33	0	33
ENSG00000116690	8	196	5
ENSG00000126091	25	0	26
ENSG00000162383	25	0	25
ENSG00000171163	599	2	597
ENSG00000172456	60	0	60
ENSG00000162946	335	0	335
ENSG00000158786	0	0	0
ENSG00000118733	0	0	0
ENSG00000157870	220	5	281
ENSG00000179085	91	0	91
ENSG00000173080	2	2	0
ENSG00000183347	37	0	37
ENSG00000276470	0	0	0
ENSG00000278852	0	0	0
ENSG00000275915	0	0	0
ENSG00000120937	0	0	0
ENSG00000224904	0	0	0
ENSG00000285646	12	8	4
ENSG00000199347	0	0	0
ENSG00000201801	0	0	0
ENSG00000116685	2142	2	2140
ENSG00000083444	1515	2	1513
ENSG00000287384	0	0	0
ENSG00000270914	0	0	0
ENSG00000116691	713	0	713
ENSG00000202461	1	1	0
ENSG00000276869	0	0	0
ENSG00000243539	0	0	0
ENSG00000120949	437	0	437
ENSG00000201135	0	0	0
ENSG00000227875	0	0	0
ENSG00000285604	0	0	0
ENSG00000283789	0	0	0
ENSG00000263676	0	0	0
ENSG00000200591	0	0	0
ENSG00000162521	1141	1	1428
ENSG00000162520	0	288	0
ENSG00000224409	0	0	0
ENSG00000162522	43	2	41
ENSG00000116497	384	0	394
ENSG00000160097	6	6	0
ENSG00000121905	0	0	0
ENSG00000121900	0	0	0
ENSG00000287691	25	29	0
ENSG00000278966	10	10	0
ENSG00000143222	637	1	891
ENSG00000224985	0	254	1
ENSG00000143224	200	61	203
ENSG00000158850	592	4	650
ENSG00000158859	10	1	9
ENSG00000158869	8471	9	8462
ENSG00000158874	6	6	0
ENSG00000158882	103	1	151
ENSG00000284035	0	0	0
ENSG00000143257	2	50	1
ENSG00000248485	13	13	0
ENSG00000188931	37	38	1
ENSG00000236484	0	0	0
ENSG00000283696	27	1	26
ENSG00000288093	5	0	5
ENSG00000206921	0	0	0
ENSG00000215840	1	0	1
ENSG00000277882	0	0	0
ENSG00000283317	4	4	0
ENSG00000277762	0	0	0
ENSG00000227139	0	0	0
ENSG00000265107	0	0	0
ENSG00000274415	0	0	0
ENSG00000234190	0	0	0
ENSG00000223728	0	0	0
ENSG00000121634	0	0	0
ENSG00000188092	37	0	37
ENSG00000215859	7	8	0
ENSG00000273059	0	0	1
ENSG00000274372	2	0	2
ENSG00000206791	0	0	0
ENSG00000206585	0	0	0
ENSG00000229828	1	0	1
ENSG00000225080	1	1	0
ENSG00000198658	1	0	1
ENSG00000238382	0	0	0
ENSG00000225919	0	0	0
ENSG00000236497	0	0	0
ENSG00000207190	0	0	0
ENSG00000200508	0	0	0
ENSG00000284928	0	0	0
ENSG00000223949	0	0	0
ENSG00000116688	2553	1	2552
ENSG00000188800	0	0	0
ENSG00000084073	510	0	510
ENSG00000231296	0	1	0
ENSG00000049089	141	7	134
ENSG00000227311	0	0	0
ENSG00000213172	1	0	1
ENSG00000284677	0	0	0
ENSG00000187801	22	1	21
ENSG00000260920	18	0	18
ENSG00000158887	146	0	146
ENSG00000255054	0	0	0
ENSG00000228172	5	156	6
ENSG00000117640	340	4	479
ENSG00000272478	0	0	0
ENSG00000127423	4	7	1
ENSG00000182749	82	15	113
ENSG00000207302	0	0	0
ENSG00000117632	270	0	270
ENSG00000229786	0	0	0
ENSG00000223624	0	0	0
ENSG00000283938	0	0	0
ENSG00000199385	0	0	0
ENSG00000187147	823	10	1286
ENSG00000263381	0	0	0
ENSG00000126106	27	465	35
ENSG00000198520	237	0	237
ENSG00000199377	0	0	0
ENSG00000200169	0	0	0
ENSG00000142945	18	2	19
ENSG00000142937	10327	62	12184
ENSG00000264294	0	0	0
ENSG00000200913	0	0	0
ENSG00000202031	0	0	0
ENSG00000207421	0	0	0
ENSG00000281859	0	0	0
ENSG00000234093	0	0	0
ENSG00000142959	8	0	8
ENSG00000173846	534	3	566
ENSG00000117425	9	0	9
ENSG00000202444	0	0	0
ENSG00000226499	0	0	0
ENSG00000070785	89	0	89
ENSG00000253039	0	0	0
ENSG00000229815	0	0	0
ENSG00000232369	0	0	0
ENSG00000268949	0	0	0
ENSG00000126107	582	0	602
ENSG00000126088	400	21	399
ENSG00000234315	0	0	0
ENSG00000162408	238	0	238
ENSG00000229519	0	0	0
ENSG00000173662	0	0	0
ENSG00000204859	791	16	775
ENSG00000288629	0	0	0
ENSG00000230735	0	6	0
ENSG00000171488	542	1	541
ENSG00000226394	0	0	0
ENSG00000237200	2	0	2
ENSG00000070886	0	0	0
ENSG00000276835	0	0	0
ENSG00000265422	0	0	0
ENSG00000223776	0	59	1
ENSG00000273058	16	1	15
ENSG00000230325	0	3	2
ENSG00000119285	311	330	368
ENSG00000226498	0	0	0
ENSG00000237991	0	0	0
ENSG00000244020	0	0	0
ENSG00000288099	0	0	0
ENSG00000225886	8	8	0
ENSG00000206767	0	0	0
ENSG00000226662	0	0	0
ENSG00000207095	0	0	0
ENSG00000287244	0	0	0
ENSG00000231344	0	0	0
ENSG00000230833	0	0	0
ENSG00000117758	542	0	542
ENSG00000269971	0	0	0
ENSG00000270031	0	0	0
ENSG00000223062	0	0	0
ENSG00000286433	0	66	0
ENSG00000117751	557	2	621
ENSG00000252947	0	0	0
ENSG00000130775	11884	12	11879
ENSG00000117748	1163	78	1092
ENSG00000223643	0	0	0
ENSG00000230239	0	0	0
ENSG00000263811	0	0	0
ENSG00000277234	0	0	0
ENSG00000235241	0	50	0
ENSG00000207005	0	0	0
ENSG00000272426	2	2	0
ENSG00000117122	0	1	0
ENSG00000286898	0	0	1
ENSG00000226526	0	39	0
ENSG00000159363	547	2	566
ENSG00000117118	1157	3	1154
ENSG00000117115	8665	11	8654
ENSG00000204362	0	0	0
ENSG00000282843	0	0	0
ENSG00000142623	1	0	1
ENSG00000142619	0	0	0
ENSG00000266634	0	0	0
ENSG00000199459	0	0	0
ENSG00000273264	0	0	0
ENSG00000282057	1	1	0
ENSG00000272691	0	0	0
ENSG00000199934	0	0	0
ENSG00000230285	0	0	0
ENSG00000142871	0	0	0
ENSG00000226643	0	0	0
ENSG00000234419	0	0	0
ENSG00000276997	6	0	6
ENSG00000222399	0	0	0
ENSG00000267305	0	0	0
ENSG00000143512	1	0	1
ENSG00000143498	32	0	39
ENSG00000225265	3	7	3
ENSG00000154305	1192	22	1524
ENSG00000229399	0	0	0
ENSG00000272750	9	356	7
ENSG00000186063	261	48	254
ENSG00000162819	830	2	869
ENSG00000287684	0	3	0
ENSG00000234523	0	0	0
ENSG00000287338	2	0	2
ENSG00000187554	735	94	641
ENSG00000236846	0	0	0
ENSG00000226601	0	0	0
ENSG00000164010	183	18	276
ENSG00000164011	116	0	116
ENSG00000233708	0	0	0
ENSG00000237090	0	0	0
ENSG00000225099	0	0	0
ENSG00000284138	3	0	3
ENSG00000283973	0	5	0
ENSG00000207256	0	0	0
ENSG00000283136	0	0	0
ENSG00000277513	0	0	0
ENSG00000154309	67	0	67
ENSG00000226967	0	0	0
ENSG00000231407	0	0	0
ENSG00000229570	0	0	0
ENSG00000203857	0	0	0
ENSG00000226443	1	0	1
ENSG00000249798	0	0	0
ENSG00000239873	0	0	0
ENSG00000203855	0	0	0
ENSG00000240244	2	0	2
ENSG00000260941	3	0	3
ENSG00000198857	3	3	0
ENSG00000143067	106	0	107
ENSG00000134240	0	0	0
ENSG00000134193	12	0	12
ENSG00000215864	0	0	0
ENSG00000227205	0	0	0
ENSG00000226446	0	0	0
ENSG00000134249	0	0	0
ENSG00000092621	62	1	62
ENSG00000027644	1	1	0
ENSG00000241992	0	0	0
ENSG00000234226	0	0	0
ENSG00000137970	61	0	61
ENSG00000223229	0	0	0
ENSG00000285698	0	0	0
ENSG00000228035	0	0	0
ENSG00000287103	0	0	0
ENSG00000226973	0	0	0
ENSG00000274468	0	0	0
ENSG00000130764	633	18	699
ENSG00000266075	1	1	0
ENSG00000272153	10	92	2
ENSG00000230026	0	0	0
ENSG00000285177	0	0	0
ENSG00000284770	4	28	5
ENSG00000229795	0	0	0
ENSG00000238236	0	0	0
ENSG00000235638	0	0	0
ENSG00000231199	0	0	0
ENSG00000226663	0	0	0
ENSG00000231582	0	0	0
ENSG00000232714	0	0	0
ENSG00000235761	0	0	0
ENSG00000270710	0	0	0
ENSG00000227236	0	0	0
ENSG00000198837	4163	7	4382
ENSG00000160741	2504	3	2501
ENSG00000276584	0	0	0
ENSG00000282386	3	1	2
ENSG00000273026	0	0	0
ENSG00000143578	33	15	42
ENSG00000143543	140	5	154
ENSG00000285641	0	5	0
ENSG00000143545	19	2	17
ENSG00000177954	22565	49	22516
ENSG00000231416	0	0	0
ENSG00000200220	0	0	0
ENSG00000231837	0	0	0
ENSG00000263987	0	0	0
ENSG00000162642	275	0	275
ENSG00000223254	0	0	0
ENSG00000223653	0	108	4
ENSG00000116198	442	2	441
ENSG00000169598	151	0	152
ENSG00000226653	0	0	0
ENSG00000207209	0	0	0
ENSG00000272443	0	0	0
ENSG00000272480	0	0	0
ENSG00000288626	0	0	0
ENSG00000162836	169	1	168
ENSG00000207080	0	0	0
ENSG00000231791	0	0	0
ENSG00000244568	0	0	0
ENSG00000271387	1	0	1
ENSG00000116667	210	1	209
ENSG00000230470	0	0	0
ENSG00000232036	0	0	0
ENSG00000285847	1	1	0
ENSG00000286378	0	0	0
ENSG00000215381	0	0	0
ENSG00000261326	30	0	30
ENSG00000284726	2	2	0
ENSG00000125945	176	1	176
ENSG00000201405	0	0	0
ENSG00000271420	1	0	1
ENSG00000204219	126	0	126
ENSG00000232482	0	0	0
ENSG00000285779	0	0	0
ENSG00000162885	88	24	135
ENSG00000270780	0	0	0
ENSG00000232895	0	0	0
ENSG00000273698	0	0	0
ENSG00000273112	25	0	25
ENSG00000173110	9887	45	9842
ENSG00000224203	5	8	0
ENSG00000224515	49	0	51
ENSG00000225217	517	68	454
ENSG00000231586	0	0	0
ENSG00000234211	32	58	37
ENSG00000213075	3	3	0
ENSG00000143125	0	0	0
ENSG00000270380	0	0	0
ENSG00000282887	0	0	0
ENSG00000283999	0	0	0
ENSG00000240194	0	0	0
ENSG00000235407	0	0	0
ENSG00000143105	0	0	0
ENSG00000199710	0	0	0
ENSG00000237415	0	0	0
ENSG00000232791	0	0	0
ENSG00000177301	25	1	24
ENSG00000226828	1	1	0
ENSG00000279774	1	0	1
ENSG00000229960	0	0	0
ENSG00000286486	0	0	0
ENSG00000244066	0	0	0
ENSG00000237759	0	0	0
ENSG00000287531	0	0	0
ENSG00000225855	43	523	9
ENSG00000283701	0	0	0
ENSG00000207134	0	0	0
ENSG00000227773	0	0	0
ENSG00000207144	0	0	0
ENSG00000237872	0	0	0
ENSG00000271267	2	2	0
ENSG00000225082	0	0	0
ENSG00000223503	1	2	0
ENSG00000232519	1	2	0
ENSG00000160752	314	3	796
ENSG00000121957	96	123	164
ENSG00000235089	0	0	0
ENSG00000285179	0	0	0
ENSG00000223026	0	0	0
ENSG00000225721	0	1916	10
ENSG00000188396	10	39	6
ENSG00000202167	0	0	0
ENSG00000207349	0	0	0
ENSG00000252826	0	0	0
ENSG00000206737	0	0	0
ENSG00000223779	0	0	0
ENSG00000242352	1	0	1
ENSG00000270962	0	0	0
ENSG00000263590	0	0	0
ENSG00000252105	0	0	0
ENSG00000233430	0	0	0
ENSG00000237503	0	0	0
ENSG00000265531	43	0	56
ENSG00000234571	2	15	0
ENSG00000230186	0	1	0
ENSG00000268074	0	0	0
ENSG00000270872	1	0	1
ENSG00000276674	0	0	0
ENSG00000082482	0	0	0
ENSG00000116747	282	5	349
ENSG00000118729	0	0	0
ENSG00000134207	1	0	1
ENSG00000163467	1	1	1
ENSG00000243710	3	0	3
ENSG00000117395	256	0	256
ENSG00000116874	54	4	56
ENSG00000065600	135	0	135
ENSG00000009780	94	0	94
ENSG00000023572	112	79	75
ENSG00000077254	884	1	883
ENSG00000134644	1328	2	1326
ENSG00000215788	517	1	549
ENSG00000117834	24	4	22
ENSG00000117625	608	0	608
ENSG00000179902	3	0	3
ENSG00000020633	2576	6	2570
ENSG00000121766	357	7	499
ENSG00000143157	665	2	663
ENSG00000162614	145	7	154
ENSG00000160781	226	0	226
ENSG00000143344	69	0	69
ENSG00000162613	1018	3	1016
ENSG00000116882	0	0	0
ENSG00000198758	0	0	0
ENSG00000117569	93	0	93
ENSG00000142856	55	111	61
ENSG00000158022	0	0	0
ENSG00000116396	48	1	47
ENSG00000058668	3859	9	3850
ENSG00000163875	525	1	524
ENSG00000282872	0	0	0
ENSG00000131238	7371	8	7364
ENSG00000171680	26	0	26
ENSG00000244457	0	0	0
ENSG00000116977	806	93	1230
ENSG00000229372	0	133	0
ENSG00000274975	0	0	0
ENSG00000229348	0	0	0
ENSG00000242485	469	12	516
ENSG00000264293	0	0	0
ENSG00000272455	10	0	10
ENSG00000225905	0	0	1
ENSG00000225285	0	0	0
ENSG00000179403	0	0	0
ENSG00000215915	12	0	12
ENSG00000236085	0	0	0
ENSG00000234441	0	0	0
ENSG00000227408	0	0	0
ENSG00000223635	0	0	0
ENSG00000135776	206	0	206
ENSG00000199672	0	0	0
ENSG00000201492	2	2	0
ENSG00000229367	0	0	0
ENSG00000135763	143	0	143
ENSG00000213028	0	0	0
ENSG00000225984	0	0	0
ENSG00000178828	0	0	0
ENSG00000235434	0	0	0
ENSG00000169914	109	0	109
ENSG00000188784	0	0	0
ENSG00000242688	0	0	0
ENSG00000177186	0	0	0
ENSG00000177174	0	0	0
ENSG00000269956	20	326	0
ENSG00000162456	0	0	0
ENSG00000079277	1533	3	1836
ENSG00000117407	0	0	0
ENSG00000237950	7	0	7
ENSG00000117408	378	0	378
ENSG00000285649	0	38	0
ENSG00000117410	6075	4	6071
ENSG00000159214	29	2	34
ENSG00000196517	15	6	16
ENSG00000227163	0	0	0
ENSG00000271647	0	0	0
ENSG00000239560	0	0	0
ENSG00000196539	1	0	1
ENSG00000229255	1	0	1
ENSG00000203661	0	0	0
ENSG00000271934	0	0	0
ENSG00000224521	0	0	0
ENSG00000227102	0	0	0
ENSG00000183310	0	0	0
ENSG00000201602	0	0	0
ENSG00000271701	0	0	0
ENSG00000189181	0	0	0
ENSG00000187238	0	0	0
ENSG00000185962	0	0	0
ENSG00000226947	0	0	0
ENSG00000285753	0	0	0
ENSG00000187223	0	0	0
ENSG00000159455	0	0	0
ENSG00000187173	0	0	0
ENSG00000204501	0	0	0
ENSG00000228229	0	0	0
ENSG00000204481	0	0	0
ENSG00000204479	0	0	0
ENSG00000172031	5	1	4
ENSG00000233228	0	0	0
ENSG00000224678	0	0	0
ENSG00000233401	0	0	0
ENSG00000273487	5	0	5
ENSG00000226773	0	0	0
ENSG00000274481	0	0	0
ENSG00000228594	62	0	62
ENSG00000286989	16	0	16
ENSG00000272106	21	7	29
ENSG00000189409	5	2	3
ENSG00000272004	1	72	1
ENSG00000189339	1376	4	1444
ENSG00000269737	21	22	0
ENSG00000215914	0	0	0
ENSG00000008128	37	0	37
ENSG00000268575	10	0	18
ENSG00000227775	235	245	0
ENSG00000008130	17904	27	17877
ENSG00000078369	8792	30	8763
ENSG00000178821	1	0	1
ENSG00000158477	28	0	28
ENSG00000230942	1	0	1
ENSG00000158481	147	0	147
ENSG00000158485	5	0	5
ENSG00000158488	11	0	11
ENSG00000186306	0	0	0
ENSG00000203758	0	0	0
ENSG00000236257	0	0	0
ENSG00000236656	0	0	0
ENSG00000198703	0	0	0
ENSG00000227445	0	0	0
ENSG00000231434	0	0	0
ENSG00000117505	1380	2	1468
ENSG00000229635	0	0	0
ENSG00000207379	0	0	0
ENSG00000212601	0	0	0
ENSG00000162889	3932	12	3920
ENSG00000224114	0	0	0
ENSG00000199349	1	1	0
ENSG00000162892	45	358	0
ENSG00000162894	3121	6	3428
ENSG00000271680	3	3	0
ENSG00000226945	10	10	0
ENSG00000162896	0	0	0
ENSG00000162897	0	0	0
ENSG00000182795	26	0	26
ENSG00000198890	103	0	103
ENSG00000224550	0	0	0
ENSG00000142669	15207	40	20723
ENSG00000169442	2892	24	6105
ENSG00000225854	1	1	0
ENSG00000176083	221	0	221
ENSG00000229167	0	0	0
ENSG00000142910	1	0	1
ENSG00000162517	795	2	944
ENSG00000235790	0	1	0
ENSG00000264078	0	0	0
ENSG00000241745	0	0	0
ENSG00000228407	1	1	0
ENSG00000223429	0	0	0
ENSG00000224255	0	0	0
ENSG00000236004	0	0	0
ENSG00000237663	0	0	0
ENSG00000213735	0	0	0
ENSG00000272100	0	101	0
ENSG00000287078	1	0	1
ENSG00000224680	2	0	2
ENSG00000085840	22	2	20
ENSG00000283445	8	0	8
ENSG00000272226	2	2	0
ENSG00000231740	0	0	0
ENSG00000143751	777	1	776
ENSG00000272562	7	0	11
ENSG00000163041	18722	19	18707
ENSG00000225518	1	0	1
ENSG00000270598	0	0	0
ENSG00000182827	300	5	381
ENSG00000234478	0	86	0
ENSG00000223570	0	0	0
ENSG00000185155	4	0	4
ENSG00000236773	0	0	0
ENSG00000143753	1155	2	1153
ENSG00000201898	0	0	0
ENSG00000237101	1	21	2
ENSG00000143748	189	1	210
ENSG00000221406	0	0	0
ENSG00000229742	0	0	0
ENSG00000206887	0	0	0
ENSG00000143771	449	0	449
ENSG00000266618	0	0	0
ENSG00000229991	0	0	0
ENSG00000233384	0	0	0
ENSG00000234247	0	0	0
ENSG00000183682	39	60	1
ENSG00000237624	1	0	1
ENSG00000228060	3	334	0
ENSG00000201457	0	0	0
ENSG00000163909	3	0	3
ENSG00000225903	0	0	0
ENSG00000116983	25	0	25
ENSG00000225333	0	0	0
ENSG00000252413	0	0	0
ENSG00000090621	1103	3	1431
ENSG00000236994	0	0	0
ENSG00000275406	0	0	0
ENSG00000270287	0	0	0
ENSG00000229965	0	0	0
ENSG00000223282	0	0	0
ENSG00000177770	0	0	0
ENSG00000287627	0	0	0
ENSG00000283933	0	0	0
ENSG00000143369	21	0	21
ENSG00000228126	0	0	0
ENSG00000237781	114	154	258
ENSG00000264553	18	18	0
ENSG00000277452	16	0	16
ENSG00000274963	8	0	8
ENSG00000253047	0	0	0
ENSG00000143420	1831	10	1821
ENSG00000276103	1	0	1
ENSG00000143457	234	0	234
ENSG00000143452	22	0	22
ENSG00000206931	0	0	0
ENSG00000236713	0	0	0
ENSG00000224690	0	0	0
ENSG00000203804	8	301	140
ENSG00000143384	40103	60	40045
ENSG00000154342	0	0	0
ENSG00000276255	0	0	0
ENSG00000284163	0	0	0
ENSG00000143793	171	6	165
ENSG00000162910	191	0	191
ENSG00000224566	1	0	1
ENSG00000287895	2	2	0
ENSG00000280157	1	0	1
ENSG00000227625	0	0	0
ENSG00000198835	5	0	5
ENSG00000203684	1	0	1
ENSG00000181873	137	0	137
ENSG00000162913	8	3	14
ENSG00000269934	18	54	37
ENSG00000270110	8	9	0
ENSG00000286773	0	0	0
ENSG00000287315	14	94	2
ENSG00000270104	0	0	0
ENSG00000154370	653	0	828
ENSG00000270094	0	175	0
ENSG00000284311	0	0	0
ENSG00000162931	13	6	9
ENSG00000230841	0	0	0
ENSG00000266174	0	0	0
ENSG00000279306	0	0	0
ENSG00000215811	6	1	5
ENSG00000202056	0	0	0
ENSG00000251823	0	0	0
ENSG00000171960	148	2	273
ENSG00000234917	0	0	0
ENSG0000