N_unmapped	142612	142612	142612
N_multimapping	4678487	4678487	4678487
N_noFeature	899972	20291805	1043422
N_ambiguous	2625277	34455	810886
ENSG00000160072	198	0	198
ENSG00000234396	0	0	0
ENSG00000225972	1	0	1
ENSG00000224315	0	0	0
ENSG00000198744	4	0	4
ENSG00000279928	7	0	7
ENSG00000228037	9	0	9
ENSG00000142611	2	0	2
ENSG00000225630	4756	53	4703
ENSG00000284616	0	0	0
ENSG00000157911	77	403	141
ENSG00000269896	14	0	14
ENSG00000237973	379	5	384
ENSG00000228463	17	0	29
ENSG00000260972	0	0	0
ENSG00000157933	1549	3	1546
ENSG00000224340	0	0	0
ENSG00000226545	0	0	0
ENSG00000268663	0	0	0
ENSG00000226374	0	0	0
ENSG00000229280	0	0	0
ENSG00000142655	184	37	183
ENSG00000232596	0	0	0
ENSG00000235054	0	0	0
ENSG00000232663	0	0	0
ENSG00000240409	0	0	0
ENSG00000229344	0	0	3
ENSG00000231510	0	0	0
ENSG00000149527	258	12	246
ENSG00000284739	0	0	0
ENSG00000171621	58	0	58
ENSG00000272235	0	0	0
ENSG00000284694	0	0	0
ENSG00000230021	17	18	17
ENSG00000287356	9	8	1
ENSG00000224387	2	2	0
ENSG00000285629	0	0	0
ENSG00000173673	0	0	0
ENSG00000142583	55	2	53
ENSG00000284674	0	0	0
ENSG00000272161	0	0	0
ENSG00000237094	222	0	222
ENSG00000224338	0	0	0
ENSG00000074800	8995	37	8959
ENSG00000116786	1502	4	1653
ENSG00000287727	5	5	0
ENSG00000228423	0	0	0
ENSG00000286448	0	12	0
ENSG00000131686	15	15	7
ENSG00000229305	0	0	0
ENSG00000284703	1	0	1
ENSG00000226457	0	0	0
ENSG00000173614	170	0	170
ENSG00000248527	3752	145	3607
ENSG00000215720	0	0	0
ENSG00000241326	0	0	0
ENSG00000233623	0	0	0
ENSG00000162592	1	32	0
ENSG00000116254	8	0	8
ENSG00000233645	0	0	0
ENSG00000204624	2	0	3
ENSG00000142606	7	99	16
ENSG00000235146	0	0	0
ENSG00000225931	17	4	13
ENSG00000171729	24	0	24
ENSG00000279457	46	0	46
ENSG00000162571	1	0	1
ENSG00000229393	2	2	0
ENSG00000037637	791	4	787
ENSG00000287586	29	0	29
ENSG00000159423	96	1	95
ENSG00000142599	5492	40	5457
ENSG00000227169	0	0	0
ENSG00000283356	0	0	0
ENSG00000011021	574	3	586
ENSG00000142615	0	0	0
ENSG00000215704	0	6	0
ENSG00000157916	1419	71	1815
ENSG00000157881	578	4	574
ENSG00000238290	0	0	0
ENSG00000225387	0	0	0
ENSG00000048707	1827	7	1820
ENSG00000158748	2	0	2
ENSG00000225196	0	0	0
ENSG00000162444	242	0	242
ENSG00000279625	0	0	0
ENSG00000180758	139	0	139
ENSG00000184677	918	6	912
ENSG00000230679	0	1	0
ENSG00000270136	0	0	0
ENSG00000288398	71	0	71
ENSG00000224621	0	0	0
ENSG00000285833	0	1	0
ENSG00000131697	196	0	197
ENSG00000284692	0	0	0
ENSG00000284745	0	0	0
ENSG00000280222	0	0	0
ENSG00000227634	0	0	0
ENSG00000285945	0	0	0
ENSG00000229162	3	0	3
ENSG00000197921	2	1	1
ENSG00000233755	0	0	1
ENSG00000233929	1	0	1
ENSG00000271742	0	0	0
ENSG00000226396	3	1	2
ENSG00000169504	928	3	925
ENSG00000234166	0	19	0
ENSG00000235282	0	0	0
ENSG00000055070	1825	14	2828
ENSG00000175087	257	1	256
ENSG00000157191	1868	11	1857
ENSG00000284699	0	0	0
ENSG00000230035	0	0	0
ENSG00000235185	0	0	0
ENSG00000225643	2	0	2
ENSG00000284666	0	0	0
ENSG00000228943	1	1	0
ENSG00000234397	0	0	0
ENSG00000284309	0	0	0
ENSG00000162511	23613	86	36617
ENSG00000158014	0	0	0
ENSG00000204138	568	1	567
ENSG00000233419	0	0	0
ENSG00000235263	0	0	0
ENSG00000228176	0	0	0
ENSG00000231251	0	0	0
ENSG00000142675	18	0	18
ENSG00000197245	0	0	0
ENSG00000261025	0	0	0
ENSG00000116237	588	2	612
ENSG00000130772	320	1	319
ENSG00000215899	0	0	0
ENSG00000271398	2	2	0
ENSG00000225011	0	0	0
ENSG00000235069	0	0	0
ENSG00000284676	0	0	0
ENSG00000237058	1	1	0
ENSG00000233399	0	0	0
ENSG00000090020	958	1	957
ENSG00000157978	1718	3	1715
ENSG00000226944	0	0	0
ENSG00000270282	0	0	0
ENSG00000130770	307	13	500
ENSG00000229044	0	136	1
ENSG00000162512	137	0	137
ENSG00000158006	454	1	453
ENSG00000214812	0	0	0
ENSG00000126698	1248	23	1225
ENSG00000229447	1	0	1
ENSG00000229607	0	0	0
ENSG00000130766	312	0	312
ENSG00000168528	53	0	53
ENSG00000196581	11	0	11
ENSG00000169403	8300	28	8272
ENSG00000084628	0	0	0
ENSG00000060688	495	1	494
ENSG00000171612	68	0	68
ENSG00000270927	0	0	0
ENSG00000188910	0	0	0
ENSG00000230523	0	0	0
ENSG00000116138	385	47	387
ENSG00000158161	624	7	618
ENSG00000142684	0	0	70
ENSG00000234619	0	0	0
ENSG00000121769	9	9	0
ENSG00000142627	26	0	26
ENSG00000284668	0	0	0
ENSG00000233234	0	0	0
ENSG00000142632	63	1	81
ENSG00000234593	0	0	0
ENSG00000158292	46	0	46
ENSG00000270605	29	0	29
ENSG00000189337	11	0	12
ENSG00000232912	52	1	56
ENSG00000235084	4	0	4
ENSG00000235143	0	0	0
ENSG00000225478	0	0	0
ENSG00000225077	2	24	2
ENSG00000028137	19047	36	19011
ENSG00000238249	2	2	0
ENSG00000204464	0	0	0
ENSG00000233372	0	0	0
ENSG00000283259	0	0	0
ENSG00000284543	4	0	4
ENSG00000130939	1304	2	1302
ENSG00000175147	0	1	0
ENSG00000127472	0	0	0
ENSG00000060656	3	0	3
ENSG00000163867	245	6	239
ENSG00000232768	0	0	0
ENSG00000230214	0	0	0
ENSG00000189280	2	2	0
ENSG00000134698	3654	15	3639
ENSG00000134690	56	0	56
ENSG00000272420	0	0	0
ENSG00000132881	56	0	56
ENSG00000273274	0	0	0
ENSG00000116251	1484	4	1482
ENSG00000272510	1	26	2
ENSG00000158286	24	3	25
ENSG00000236648	0	0	0
ENSG00000232273	0	0	0
ENSG00000009709	0	0	0
ENSG00000287396	0	0	0
ENSG00000223589	0	0	0
ENSG00000158008	0	0	0
ENSG00000130940	153	3	292
ENSG00000116771	78	2	98
ENSG00000237301	2	2	0
ENSG00000162585	255	55	294
ENSG00000163879	1	3	1
ENSG00000227527	0	0	0
ENSG00000116954	358	0	358
ENSG00000228589	3	0	3
ENSG00000163873	1	0	1
ENSG00000117215	5	0	5
ENSG00000196449	125	3	163
ENSG00000230163	0	20	0
ENSG00000227538	0	0	0
ENSG00000232208	9	0	9
ENSG00000236500	0	0	0
ENSG00000044012	0	0	0
ENSG00000179051	1736	10	2055
ENSG00000215895	0	0	0
ENSG00000231868	0	14	0
ENSG00000284650	0	0	0
ENSG00000237329	0	0	0
ENSG00000236948	0	0	0
ENSG00000126067	1137	1	1136
ENSG00000274944	0	0	0
ENSG00000132906	394	2	398
ENSG00000197312	817	4	813
ENSG00000284748	0	0	0
ENSG00000272078	6	147	1
ENSG00000173660	929	11	918
ENSG00000224592	0	0	0
ENSG00000233728	0	14	0
ENSG00000230451	0	0	0
ENSG00000231606	0	0	0
ENSG00000215900	0	0	0
ENSG00000284632	0	0	0
ENSG00000241014	9	0	9
ENSG00000054118	3543	31	3513
ENSG00000254553	0	0	0
ENSG00000284653	0	0	0
ENSG00000237749	0	0	0
ENSG00000276747	12	0	12
ENSG00000284705	0	0	0
ENSG00000228776	0	0	0
ENSG00000159339	1313	1	1312
ENSG00000223814	0	0	0
ENSG00000197982	113	38	116
ENSG00000261781	0	0	0
ENSG00000183317	1	0	1
ENSG00000183386	920	0	920
ENSG00000284743	0	0	0
ENSG00000158315	1	4	0
ENSG00000204084	476	4	558
ENSG00000186973	0	0	0
ENSG00000271806	4	14	4
ENSG00000146463	712	6	788
ENSG00000279214	0	0	0
ENSG00000183520	288	0	288
ENSG00000271741	0	0	0
ENSG00000214141	0	0	0
ENSG00000142686	187	0	187
ENSG00000224751	0	0	0
ENSG00000279096	0	0	0
ENSG00000117148	0	0	0
ENSG00000230585	0	1	0
ENSG00000117000	791	2	789
ENSG00000284989	0	0	0
ENSG00000231630	0	0	0
ENSG00000092853	31	1	35
ENSG00000255811	0	0	0
ENSG00000134697	492	2	493
ENSG00000187513	0	0	0
ENSG00000238145	0	0	0
ENSG00000225142	0	0	0
ENSG00000230138	23	1	22
ENSG00000223390	0	17	0
ENSG00000285823	0	1	0
ENSG00000284720	0	0	0
ENSG00000225028	0	0	0
ENSG00000225671	0	0	0
ENSG00000116151	33	1	32
ENSG00000226147	0	0	0
ENSG00000182873	26	20	9
ENSG00000006555	122	0	122
ENSG00000236111	0	0	0
ENSG00000066056	12	0	12
ENSG00000214114	348	10	338
ENSG00000173436	89	4	89
ENSG00000116544	24	1	23
ENSG00000231900	0	0	0
ENSG00000236723	1	245	7
ENSG00000232467	0	0	0
ENSG00000117016	106	0	106
ENSG00000121310	236	1	235
ENSG00000169213	0	0	0
ENSG00000163866	465	4	481
ENSG00000225779	0	0	0
ENSG00000284601	0	0	0
ENSG00000237130	0	0	0
ENSG00000143001	0	0	0
ENSG00000229716	0	0	0
ENSG00000226133	0	0	0
ENSG00000227416	0	0	0
ENSG00000232335	0	4	1
ENSG00000260971	0	0	0
ENSG00000259832	0	0	0
ENSG00000284696	0	0	0
ENSG00000238242	0	0	0
ENSG00000285839	0	0	0
ENSG00000237290	0	0	0
ENSG00000232762	0	0	0
ENSG00000117419	232	1	231
ENSG00000162384	341	15	348
ENSG00000162391	2	17	0
ENSG00000174348	6	0	10
ENSG00000154198	0	0	0
ENSG00000117859	1039	35	1017
ENSG00000228121	0	0	0
ENSG00000253313	1	0	1
ENSG00000162396	67	0	67
ENSG00000203995	1	1	0
ENSG00000227742	1	1	0
ENSG00000284686	0	0	0
ENSG00000162378	663	0	663
ENSG00000233079	0	0	0
ENSG00000259818	0	0	0
ENSG00000229444	0	0	0
ENSG00000240563	21	0	21
ENSG00000234318	0	0	0
ENSG00000284773	13	0	13
ENSG00000234481	0	0	0
ENSG00000117862	107	0	108
ENSG00000235612	0	0	0
ENSG00000228369	0	0	0
ENSG00000183431	1143	12	1131
ENSG00000227485	0	0	0
ENSG00000224609	0	0	0
ENSG00000235545	0	0	0
ENSG00000236646	0	0	0
ENSG00000169174	0	0	0
ENSG00000232198	0	0	0
ENSG00000238063	2	0	2
ENSG00000227104	0	0	0
ENSG00000243725	6	0	6
ENSG00000171872	0	0	0
ENSG00000162407	7	0	7
ENSG00000285079	0	0	0
ENSG00000169218	0	0	0
ENSG00000163877	519	4	515
ENSG00000228929	1	0	1
ENSG00000224570	0	0	0
ENSG00000224980	0	0	0
ENSG00000278967	0	0	0
ENSG00000157184	142	19	396
ENSG00000272491	0	0	3
ENSG00000198815	1231	7	1224
ENSG00000134744	1126	7	1120
ENSG00000233910	0	0	0
ENSG00000287703	0	0	0
ENSG00000283039	0	0	0
ENSG00000229032	0	0	0
ENSG00000229294	1	0	1
ENSG00000232993	0	4	0
ENSG00000234088	0	0	0
ENSG00000236973	0	0	0
ENSG00000227947	0	0	0
ENSG00000277397	0	0	0
ENSG00000271200	0	0	0
ENSG00000235446	0	0	0
ENSG00000261196	0	0	0
ENSG00000162385	328	3	325
ENSG00000231413	0	0	0
ENSG00000234264	0	0	0
ENSG00000242391	0	0	0
ENSG00000223883	0	0	0
ENSG00000284808	0	0	0
ENSG00000242267	0	0	0
ENSG00000237227	0	0	0
ENSG00000275350	0	0	0
ENSG00000116652	1	0	1
ENSG00000123080	84	1	83
ENSG00000285778	0	0	0
ENSG00000077549	5892	20	5876
ENSG00000233407	0	0	0
ENSG00000225675	3	0	3
ENSG00000237622	0	0	0
ENSG00000162598	0	0	0
ENSG00000280317	0	0	0
ENSG00000162415	18	0	18
ENSG00000162600	244	1	243
ENSG00000116704	392	1	391
ENSG00000227644	0	0	0
ENSG00000157193	111	3	133
ENSG00000116205	405	1	414
ENSG00000198841	58	0	58
ENSG00000116212	132	0	132
ENSG00000234204	0	0	0
ENSG00000233099	2	0	2
ENSG00000233994	1	0	1
ENSG00000237180	0	0	0
ENSG00000213561	0	0	0
ENSG00000233973	0	0	0
ENSG00000237552	0	0	0
ENSG00000132854	0	0	0
ENSG00000227556	0	0	0
ENSG00000162616	79	1	78
ENSG00000162607	1020	11	1009
ENSG00000233602	2	0	2
ENSG00000233271	0	0	0
ENSG00000285954	4	4	0
ENSG00000233333	0	0	0
ENSG00000154027	91	1	90
ENSG00000234108	0	0	0
ENSG00000232676	0	0	0
ENSG00000225167	0	0	0
ENSG00000132122	64	0	64
ENSG00000213579	1	0	1
ENSG00000137960	3	0	3
ENSG00000237852	1	0	1
ENSG00000116745	0	0	0
ENSG00000132855	0	0	0
ENSG00000285407	0	0	0
ENSG00000272855	0	0	0
ENSG00000270549	0	0	0
ENSG00000237163	0	0	0
ENSG00000229636	0	0	0
ENSG00000116675	16	0	16
ENSG00000162433	5	0	5
ENSG00000213625	1316	3	1313
ENSG00000227207	0	0	0
ENSG00000227016	0	0	0
ENSG00000233664	0	0	0
ENSG00000158966	43	0	43
ENSG00000213703	0	0	0
ENSG00000203965	34	0	36
ENSG00000223479	0	0	0
ENSG00000233674	0	0	0
ENSG00000153898	108	0	108
ENSG00000117069	0	0	0
ENSG00000125703	244	0	244
ENSG00000285041	0	0	0
ENSG00000285808	0	0	0
ENSG00000229440	0	0	0
ENSG00000234144	0	0	0
ENSG00000213540	0	0	0
ENSG00000277670	0	0	0
ENSG00000227466	0	0	0
ENSG00000154007	0	0	0
ENSG00000230498	0	0	0
ENSG00000285782	0	0	0
ENSG00000162618	0	0	0
ENSG00000224493	0	0	0
ENSG00000131233	1	1	0
ENSG00000272371	1	0	1
ENSG00000287647	0	0	0
ENSG00000229225	0	0	0
ENSG00000230863	0	0	0
ENSG00000213560	0	0	0
ENSG00000287224	1	0	1
ENSG00000225598	0	0	0
ENSG00000286455	0	0	0
ENSG00000225087	0	0	0
ENSG00000224986	0	0	0
ENSG00000280378	5	0	5
ENSG00000188786	1283	10	1273
ENSG00000230053	0	0	0
ENSG00000137941	13	0	13
ENSG00000273338	0	0	0
ENSG00000223720	0	0	0
ENSG00000224326	0	0	0
ENSG00000286548	4	2	2
ENSG00000066135	312	3	431
ENSG00000230027	0	0	0
ENSG00000233061	1	1	0
ENSG00000272094	0	0	0
ENSG00000228853	0	0	0
ENSG00000215874	0	0	0
ENSG00000232453	7	1	6
ENSG00000260386	1	0	1
ENSG00000284895	0	0	0
ENSG00000117174	299	6	293
ENSG00000237413	0	0	0
ENSG00000184313	1	0	1
ENSG00000284645	0	0	0
ENSG00000225605	0	0	0
ENSG00000225446	0	0	0
ENSG00000288543	0	0	0
ENSG00000122420	6	0	6
ENSG00000284240	0	0	0
ENSG00000236290	0	0	0
ENSG00000143013	617	3	614
ENSG00000226084	15	0	15
ENSG00000134748	1292	16	1276
ENSG00000142892	388	1	387
ENSG00000219102	5	0	5
ENSG00000184005	77	3	74
ENSG00000230953	4	4	0
ENSG00000287743	0	0	0
ENSG00000229332	0	0	0
ENSG00000227937	0	0	0
ENSG00000229752	0	0	0
ENSG00000237505	3	1	2
ENSG00000285462	0	0	0
ENSG00000233216	0	0	0
ENSG00000197273	0	0	0
ENSG00000226804	0	0	0
ENSG00000285325	0	0	0
ENSG00000230728	0	0	0
ENSG00000162402	2920	11	2909
ENSG00000232846	0	0	0
ENSG00000219201	1	0	1
ENSG00000230787	0	0	0
ENSG00000116641	170	3	167
ENSG00000235927	3	6	4
ENSG00000223920	0	0	0
ENSG00000237453	0	0	0
ENSG00000172260	13	0	13
ENSG00000285473	0	0	0
ENSG00000237959	0	0	0
ENSG00000231364	2	2	0
ENSG00000234578	0	0	0
ENSG00000117480	101	0	101
ENSG00000137944	341	3	338
ENSG00000229505	0	0	0
ENSG00000228187	0	0	0
ENSG00000285201	0	0	0
ENSG00000182183	105	2	104
ENSG00000236407	0	0	0
ENSG00000271949	0	0	0
ENSG00000227062	0	0	0
ENSG00000067334	729	13	716
ENSG00000235011	0	0	0
ENSG00000235673	0	0	0
ENSG00000226938	0	0	0
ENSG00000213559	0	0	0
ENSG00000287587	0	0	0
ENSG00000142949	32	0	32
ENSG00000116133	164	8	185
ENSG00000232882	0	0	0
ENSG00000171502	33	0	33
ENSG00000162399	3	3	0
ENSG00000116157	97	2	95
ENSG00000143036	2	0	2
ENSG00000232672	0	0	0
ENSG00000230817	1	0	1
ENSG00000235613	0	0	0
ENSG00000065243	1694	12	1682
ENSG00000226759	0	0	0
ENSG00000226960	0	0	0
ENSG00000234080	0	0	0
ENSG00000237899	0	0	0
ENSG00000225492	184	4	182
ENSG00000223905	0	0	0
ENSG00000227290	0	0	0
ENSG00000229486	0	0	0
ENSG00000282898	0	0	0
ENSG00000285409	0	0	0
ENSG00000231090	0	0	0
ENSG00000117528	499	3	496
ENSG00000271723	0	0	0
ENSG00000172339	42	0	42
ENSG00000036549	573	1	572
ENSG00000287724	0	17	0
ENSG00000058799	609	1	608
ENSG00000225191	0	0	0
ENSG00000287870	1	0	1
ENSG00000235563	0	0	0
ENSG00000232048	0	0	0
ENSG00000232857	0	0	0
ENSG00000273637	0	0	0
ENSG00000203985	0	0	0
ENSG00000228838	0	1	0
ENSG00000283761	3	0	3
ENSG00000189433	1	1	0
ENSG00000230759	0	0	0
ENSG00000231866	0	0	0
ENSG00000179178	0	0	0
ENSG00000142700	0	0	0
ENSG00000285525	0	0	0
ENSG00000236098	0	0	0
ENSG00000233514	0	0	0
ENSG00000127124	500	0	500
ENSG00000266993	10	26	2
ENSG00000223675	0	0	0
ENSG00000162604	250	1	249
ENSG00000229316	0	0	0
ENSG00000116171	1116	7	1110
ENSG00000287406	0	0	0
ENSG00000225767	0	0	0
ENSG00000234099	0	0	0
ENSG00000137936	8	1	10
ENSG00000235308	0	0	0
ENSG00000232752	0	0	0
ENSG00000235829	0	0	0
ENSG00000143032	0	0	0
ENSG00000226745	0	0	0
ENSG00000178028	499	5	494
ENSG00000280040	1	0	1
ENSG00000168710	1702	4	1698
ENSG00000117519	25	0	25
ENSG00000270507	0	0	0
ENSG00000238037	0	0	0
ENSG00000215869	0	0	0
ENSG00000134215	838	2	836
ENSG00000227935	0	0	0
ENSG00000229887	0	0	0
ENSG00000228502	3	0	3
ENSG00000236268	1	0	1
ENSG00000271277	0	0	0
ENSG00000236888	0	0	0
ENSG00000279778	1	0	1
ENSG00000232015	0	0	0
ENSG00000230955	0	85	1
ENSG00000230828	0	0	0
ENSG00000188641	3692	3	3969
ENSG00000152078	13	0	13
ENSG00000237279	0	0	0
ENSG00000233359	0	0	0
ENSG00000237954	0	0	0
ENSG00000185668	1	0	1
ENSG00000171492	940	1	939
ENSG00000233129	0	0	0
ENSG00000170989	2258	8	2250
ENSG00000258634	97	0	148
ENSG00000233557	0	0	0
ENSG00000237897	0	0	0
ENSG00000116299	1471	1	1470
ENSG00000137962	20	0	20
ENSG00000227832	0	0	0
ENSG00000286692	0	0	0
ENSG00000260464	7	1	7
ENSG00000237435	0	0	0
ENSG00000231996	0	0	0
ENSG00000273204	0	1	1
ENSG00000079739	442	11	491
ENSG00000117154	0	0	0
ENSG00000162377	153	4	149
ENSG00000224613	0	0	0
ENSG00000215871	0	0	0
ENSG00000287372	0	0	0
ENSG00000232542	3	0	3
ENSG00000231095	0	0	0
ENSG00000116774	2	0	2
ENSG00000287756	0	0	0
ENSG00000269113	0	0	0
ENSG00000284652	0	0	0
ENSG00000023909	206	1	205
ENSG00000069702	582	4	578
ENSG00000232185	0	0	0
ENSG00000230489	4	0	4
ENSG00000228399	0	0	0
ENSG00000236776	0	0	0
ENSG00000285928	3	3	0
ENSG00000224685	0	0	0
ENSG00000287076	0	0	0
ENSG00000237480	0	0	0
ENSG00000271252	0	0	0
ENSG00000230427	0	0	0
ENSG00000235794	0	0	0
ENSG00000286758	0	0	0
ENSG00000237337	0	0	0
ENSG00000233983	0	0	0
ENSG00000198198	1496	37	1725
ENSG00000225183	0	0	0
ENSG00000230402	0	0	0
ENSG00000116793	348	2	346
ENSG00000134201	1	0	1
ENSG00000238122	0	0	0
ENSG00000260879	0	52	0
ENSG00000213366	157	0	157
ENSG00000230864	0	0	0
ENSG00000283354	0	0	0
ENSG00000232918	0	0	0
ENSG00000236360	0	1	0
ENSG00000183298	1	0	2
ENSG00000234332	4	0	4
ENSG00000117525	3	0	3
ENSG00000225079	27	0	27
ENSG00000226483	0	0	0
ENSG00000224238	0	0	0
ENSG00000229537	0	0	0
ENSG00000162699	0	0	0
ENSG00000162692	1	0	1
ENSG00000203914	0	0	0
ENSG00000270457	0	0	0
ENSG00000203858	0	0	0
ENSG00000231987	0	0	0
ENSG00000228057	4	0	4
ENSG00000261593	0	0	0
ENSG00000224445	0	0	0
ENSG00000229842	0	0	0
ENSG00000270631	0	0	0
ENSG00000229201	0	0	0
ENSG00000181656	6	3	3
ENSG00000122481	12	0	12
ENSG00000198162	1016	9	1007
ENSG00000238198	5	3	2
ENSG00000171517	2	0	2
ENSG00000228852	3	3	0
ENSG00000203864	0	0	0
ENSG00000233482	0	0	0
ENSG00000230250	0	0	0
ENSG00000232878	0	279	1
ENSG00000143079	80	0	80
ENSG00000232450	7	0	7
ENSG00000223575	0	0	0
ENSG00000230768	0	0	0
ENSG00000235202	0	0	0
ENSG00000272715	0	0	0
ENSG00000235038	0	0	0
ENSG00000143093	1000	0	1000
ENSG00000226415	2	0	2
ENSG00000085491	606	4	657
ENSG00000173947	3	0	3
ENSG00000241361	0	0	0
ENSG00000230434	0	0	0
ENSG00000230718	0	0	0
ENSG00000134198	300	2	298
ENSG00000235595	1	0	1
ENSG00000226053	0	0	0
ENSG00000226128	0	0	0
ENSG00000198799	435	2	482
ENSG00000279513	1	0	1
ENSG00000117620	259	3	259
ENSG00000280186	1	0	1
ENSG00000223906	0	0	0
ENSG00000162688	433	2	431
ENSG00000197106	0	0	0
ENSG00000259946	0	0	0
ENSG00000236137	0	135	1
ENSG00000203859	0	0	0
ENSG00000228086	0	48	0
ENSG00000213421	0	0	0
ENSG00000234020	0	0	0
ENSG00000060718	0	0	0
ENSG00000236804	0	0	0
ENSG00000231072	0	0	0
ENSG00000273406	0	0	0
ENSG00000185946	343	0	343
ENSG00000162627	60	1	59
ENSG00000226715	0	1	0
ENSG00000162695	693	2	691
ENSG00000134184	270	2	426
ENSG00000265808	966	3	963
ENSG00000261290	0	0	0
ENSG00000225923	0	0	0
ENSG00000134247	28	0	28
ENSG00000187481	0	0	0
ENSG00000116752	359	3	356
ENSG00000162664	312	1	311
ENSG00000236866	0	0	0
ENSG00000134253	5	0	5
ENSG00000277655	0	0	0
ENSG00000223416	1	0	1
ENSG00000213226	0	0	0
ENSG00000179571	0	0	0
ENSG00000227850	0	0	0
ENSG00000243967	0	0	0
ENSG00000235777	2	2	0
ENSG00000260246	0	156	2
ENSG00000173218	118	0	118
ENSG00000285532	0	0	0
ENSG00000226755	0	0	0
ENSG00000232650	0	0	0
ENSG00000183508	935	2	933
ENSG00000277095	0	0	0
ENSG00000236806	0	0	0
ENSG00000234283	0	0	0
ENSG00000237188	0	0	0
ENSG00000232780	0	0	0
ENSG00000274927	0	0	0
ENSG00000264145	0	0	0
ENSG00000238256	0	0	0
ENSG00000198765	0	0	0
ENSG00000224335	0	0	0
ENSG00000277702	0	0	0
ENSG00000143398	849	2	847
ENSG00000196505	565	5	560
ENSG00000225871	10	32	0
ENSG00000223489	0	0	0
ENSG00000230546	0	0	0
ENSG00000213262	0	0	0
ENSG00000287015	0	0	0
ENSG00000241720	0	12	0
ENSG00000235526	0	0	0
ENSG00000228347	0	0	0
ENSG00000276975	0	0	0
ENSG00000236012	0	0	0
ENSG00000270911	1	1	0
ENSG00000272824	0	0	0
ENSG00000134200	0	0	0
ENSG00000234257	0	0	0
ENSG00000065183	486	3	515
ENSG00000227082	7	0	7
ENSG00000228626	0	0	0
ENSG00000226126	0	0	0
ENSG00000163393	525	3	522
ENSG00000163156	501	11	492
ENSG00000143631	5	7	0
ENSG00000156150	0	51	0
ENSG00000228453	0	0	0
ENSG00000274642	0	0	0
ENSG00000177551	0	0	0
ENSG00000197323	1469	6	1463
ENSG00000237975	3	0	5
ENSG00000261168	0	0	0
ENSG00000287980	0	0	0
ENSG00000229283	0	0	0
ENSG00000271419	0	0	0
ENSG00000226172	0	0	0
ENSG00000079335	457	11	494
ENSG00000143119	14001	31	13970
ENSG00000237278	0	49	0
ENSG00000285062	0	0	0
ENSG00000233432	0	0	0
ENSG00000227700	0	0	0
ENSG00000229911	0	0	0
ENSG00000143520	0	0	0
ENSG00000171943	179	4	176
ENSG00000270719	0	0	0
ENSG00000155761	3	32	3
ENSG00000230806	0	0	0
ENSG00000116830	288	0	288
ENSG00000234422	0	0	0
ENSG00000227056	0	0	0
ENSG00000143614	1352	5	1347
ENSG00000227091	0	0	0
ENSG00000169418	0	0	0
ENSG00000214204	0	0	0
ENSG00000081026	53	6	47
ENSG00000225650	0	0	0
ENSG00000227179	0	0	0
ENSG00000224965	1	0	1
ENSG00000228127	1	1	0
ENSG00000226984	0	0	0
ENSG00000186150	0	0	0
ENSG00000143554	697	2	695
ENSG00000143458	431	8	423
ENSG00000230932	0	0	0
ENSG00000073754	0	0	0
ENSG00000228826	0	0	0
ENSG00000233907	0	0	0
ENSG00000225036	0	0	0
ENSG00000228420	0	0	0
ENSG00000233839	0	0	0
ENSG00000250890	0	0	0
ENSG00000232240	0	0	0
ENSG00000280649	41	5	50
ENSG00000131781	145	29	137
ENSG00000223599	2	0	2
ENSG00000230921	0	0	0
ENSG00000286151	10	0	10
ENSG00000234388	0	0	0
ENSG00000235015	0	0	0
ENSG00000271736	63	0	63
ENSG00000235988	0	0	0
ENSG00000233717	0	0	0
ENSG00000231551	75	39	41
ENSG00000227295	1	0	1
ENSG00000163155	55	22	37
ENSG00000243613	0	70	0
ENSG00000241975	15	0	15
ENSG00000271143	0	0	0
ENSG00000270976	0	0	0
ENSG00000228217	0	0	0
ENSG00000270342	0	0	0
ENSG00000143552	2	1	1
ENSG00000175984	22	2	20
ENSG00000231100	0	0	0
ENSG00000116824	1509	2	1507
ENSG00000235887	0	0	0
ENSG00000237460	0	0	0
ENSG00000236327	0	0	0
ENSG00000223804	41	10	31
ENSG00000236887	0	0	0
ENSG00000024526	6	0	7
ENSG00000236480	0	0	0
ENSG00000235756	0	0	0
ENSG00000173810	1	1	0
ENSG00000235005	0	0	0
ENSG00000271890	0	0	0
ENSG00000238107	0	0	0
ENSG00000227425	0	0	0
ENSG00000233222	0	18	1
ENSG00000225279	0	0	0
ENSG00000229101	0	0	0
ENSG00000224927	0	0	0
ENSG00000239216	0	0	0
ENSG00000283360	2	2	0
ENSG00000117262	43	0	43
ENSG00000227907	0	0	0
ENSG00000143624	1480	4	1639
ENSG00000227970	0	0	0
ENSG00000261055	3	0	3
ENSG00000231613	3	0	3
ENSG00000137947	727	1	726
ENSG00000236689	0	0	0
ENSG00000233589	0	1	0
ENSG00000117586	192	0	192
ENSG00000230946	0	0	0
ENSG00000226028	0	0	0
ENSG00000162728	1	1	0
ENSG00000229021	0	0	0
ENSG00000203825	0	0	0
ENSG00000184371	269	0	269
ENSG00000233449	0	0	0
ENSG00000242943	0	0	0
ENSG00000233203	0	0	0
ENSG00000232499	1	0	1
ENSG00000232265	1	0	1
ENSG00000163154	1151	0	1154
ENSG00000232995	7	0	7
ENSG00000236957	0	0	0
ENSG00000238087	0	0	0
ENSG00000227777	1	1	0
ENSG00000177173	2	0	2
ENSG00000277406	35	0	35
ENSG00000238022	0	0	0
ENSG00000231671	0	0	0
ENSG00000162729	509	0	509
ENSG00000143158	218	38	366
ENSG00000271092	5	0	5
ENSG00000238118	0	0	0
ENSG00000276118	0	0	0
ENSG00000232148	0	0	0
ENSG00000278811	8	42	0
ENSG00000000460	63	133	78
ENSG00000188859	1	0	1
ENSG00000275075	0	0	0
ENSG00000135862	247	4	243
ENSG00000232952	0	0	0
ENSG00000158473	858	2	856
ENSG00000227722	0	0	0
ENSG00000285922	0	0	0
ENSG00000275801	6	0	6
ENSG00000143198	351	0	351
ENSG00000143318	6	2	4
ENSG00000232188	1	0	1
ENSG00000232212	0	0	0
ENSG00000143621	1173	15	1168
ENSG00000241042	0	0	0
ENSG00000143155	609	7	602
ENSG00000260322	0	0	0
ENSG00000223495	0	0	0
ENSG00000143156	57	3	64
ENSG00000198771	6341	41	6515
ENSG00000225462	0	0	0
ENSG00000237756	0	0	0
ENSG00000116147	9	0	9
ENSG00000213064	2023	12	2299
ENSG00000203307	1	0	1
ENSG00000143179	155	1	195
ENSG00000271187	0	0	0
ENSG00000274562	0	0	0
ENSG00000143315	244	1	243
ENSG00000116199	755	7	748
ENSG00000231175	0	0	0
ENSG00000143185	55	0	55
ENSG00000235145	0	0	0
ENSG00000116260	1856	4	1852
ENSG00000272931	3	0	3
ENSG00000143190	681	3	737
ENSG00000225475	0	0	0
ENSG00000230898	0	0	0
ENSG00000232223	0	0	0
ENSG00000224698	0	0	0
ENSG00000287697	5	6	5
ENSG00000075945	283	2	306
ENSG00000235303	0	0	0
ENSG00000234810	8	0	8
ENSG00000232750	0	0	0
ENSG00000224468	0	0	0
ENSG00000235628	0	0	0
ENSG00000232551	0	0	0
ENSG00000092607	0	0	0
ENSG00000238270	0	0	0
ENSG00000285894	0	0	0
ENSG00000236025	0	0	0
ENSG00000230687	0	0	0
ENSG00000230704	0	0	0
ENSG00000283255	0	0	0
ENSG00000227741	3	86	3
ENSG00000237049	0	0	0
ENSG00000286754	0	0	0
ENSG00000232751	0	0	0
ENSG00000236364	6	46	0
ENSG00000117091	2175	13	5222
ENSG00000235378	0	2	0
ENSG00000143171	0	0	0
ENSG00000275767	0	0	0
ENSG00000224718	0	0	0
ENSG00000047410	4059	44	4161
ENSG00000231992	0	0	0
ENSG00000018625	0	0	0
ENSG00000171806	126	1	133
ENSG00000287919	1	0	1
ENSG00000229914	0	0	0
ENSG00000233882	0	0	0
ENSG00000198358	0	2	0
ENSG00000229407	0	0	0
ENSG00000134216	1	0	1
ENSG00000230748	0	0	0
ENSG00000254154	0	0	0
ENSG00000162694	40	1	41
ENSG00000238108	0	0	0
ENSG00000214262	0	288	0
ENSG00000183853	0	0	0
ENSG00000215835	10	0	10
ENSG00000118197	471	2	469
ENSG00000135842	10779	72	10707
ENSG00000229258	0	1	0
ENSG00000287472	0	0	0
ENSG00000241318	0	0	0
ENSG00000228238	2	0	2
ENSG00000232393	0	0	0
ENSG00000121454	20	50	1
ENSG00000184155	0	0	0
ENSG00000058085	0	0	0
ENSG00000260088	1	0	1
ENSG00000287978	33	0	33
ENSG00000116815	461	2	459
ENSG00000232917	0	0	0
ENSG00000233057	1	1	0
ENSG00000237131	0	0	0
ENSG00000233946	0	0	0
ENSG00000143167	151	0	151
ENSG00000143184	50	0	50
ENSG00000231966	3	1	2
ENSG00000176320	0	0	0
ENSG00000260976	0	0	0
ENSG00000235215	1	1	0
ENSG00000223450	0	0	0
ENSG00000224691	0	0	0
ENSG00000286572	0	0	0
ENSG00000235101	1	1	0
ENSG00000228215	4	0	4
ENSG00000177807	5	1	4
ENSG00000233626	0	0	0
ENSG00000233691	0	0	0
ENSG00000283518	0	0	0
ENSG00000271527	0	0	0
ENSG00000143228	15	0	15
ENSG00000235827	0	0	0
ENSG00000231615	0	0	0
ENSG00000231714	0	0	0
ENSG00000174514	16	6	19
ENSG00000143178	82	2	80
ENSG00000224837	0	0	0
ENSG00000116833	1	0	1
ENSG00000227740	3	0	5
ENSG00000260990	0	0	0
ENSG00000000457	360	26	474
ENSG00000143507	153	0	153
ENSG00000285638	0	0	0
ENSG00000226520	0	0	0
ENSG00000284592	0	0	0
ENSG00000230987	0	0	0
ENSG00000232527	0	0	0
ENSG00000215833	0	0	0
ENSG00000228167	0	0	0
ENSG00000225325	0	0	0
ENSG00000223344	0	0	0
ENSG00000228191	0	0	0
ENSG00000229961	42	0	42
ENSG00000150732	0	0	0
ENSG00000157064	6	0	6
ENSG00000288139	0	0	0
ENSG00000226015	27	5	22
ENSG00000215808	0	0	0
ENSG00000059588	395	2	393
ENSG00000231512	0	0	0
ENSG00000237379	0	0	0
ENSG00000232959	0	23	0
ENSG00000122224	652	11	641
ENSG00000162782	0	0	0
ENSG00000238051	0	0	0
ENSG00000233196	1	1	0
ENSG00000229220	0	0	0
ENSG00000143653	207	1	206
ENSG00000135837	2038	5	2033
ENSG00000158711	1762	15	1756
ENSG00000227747	0	0	0
ENSG00000228081	0	0	0
ENSG00000228020	0	0	0
ENSG00000234975	10	0	10
ENSG00000162851	122	2	120
ENSG00000271427	4	0	4
ENSG00000261817	0	0	0
ENSG00000143353	170	1	183
ENSG00000197965	1877	9	1868
ENSG00000143493	256	0	256
ENSG00000230777	1	3	0
ENSG00000179397	2	0	2
ENSG00000224540	0	0	0
ENSG00000117592	2587	3	2585
ENSG00000186197	14	0	14
ENSG00000229067	0	0	0
ENSG00000230231	1	1	0
ENSG00000227711	0	0	0
ENSG00000261182	0	0	0
ENSG00000228879	0	0	0
ENSG00000227925	1	0	1
ENSG00000162670	0	0	0
ENSG00000225712	0	0	0
ENSG00000162761	0	0	0
ENSG00000143199	3	2	1
ENSG00000179930	0	0	0
ENSG00000007908	0	0	0
ENSG00000092978	178	0	178
ENSG00000143499	304	1	303
ENSG00000188404	24063	119	23944
ENSG00000227735	0	0	0
ENSG00000243062	0	0	0
ENSG00000143196	0	0	0
ENSG00000228504	0	0	0
ENSG00000274702	0	0	0
ENSG00000226211	0	0	0
ENSG00000236942	1	1	0
ENSG00000287205	0	0	0
ENSG00000203697	10	0	10
ENSG00000116574	517	2	515
ENSG00000287929	0	0	0
ENSG00000186283	699	5	694
ENSG00000224896	0	0	0
ENSG00000226292	0	0	0
ENSG00000121481	384	3	381
ENSG00000227940	0	0	0
ENSG00000117139	831	3	828
ENSG00000143248	12	0	12
ENSG00000278455	0	0	0
ENSG00000224810	0	0	0
ENSG00000162814	0	0	0
ENSG00000225172	0	0	0
ENSG00000261642	0	0	0
ENSG00000228239	0	0	0
ENSG00000237283	0	0	0
ENSG00000116132	0	0	0
ENSG00000238042	2	0	2
ENSG00000271475	0	0	0
ENSG00000231877	0	0	0
ENSG00000116679	3828	25	3803
ENSG00000228536	0	0	0
ENSG00000230550	0	0	0
ENSG00000229242	0	0	0
ENSG00000253326	1	0	1
ENSG00000228470	0	0	0
ENSG00000152092	0	0	0
ENSG00000234984	0	0	0
ENSG00000231648	0	0	0
ENSG00000229983	0	0	0
ENSG00000215149	0	0	0
ENSG00000225122	0	0	0
ENSG00000225920	9	9	0
ENSG00000143476	23	0	23
ENSG00000121486	627	1	626
ENSG00000228437	0	0	0
ENSG00000214837	31	0	31
ENSG00000057252	1709	10	1699
ENSG00000225982	0	0	0
ENSG00000285718	0	0	0
ENSG00000234070	0	0	0
ENSG00000233620	0	0	0
ENSG00000237783	0	0	0
ENSG00000272906	4	9	13
ENSG00000233018	0	0	0
ENSG00000123685	48	0	48
ENSG00000224783	0	0	0
ENSG00000162852	1006	4	1002
ENSG00000232792	0	0	0
ENSG00000273004	3	0	3
ENSG00000143842	52	0	52
ENSG00000268062	3	3	0
ENSG00000237409	0	0	0
ENSG00000116962	394	0	394
ENSG00000288078	0	0	0
ENSG00000271399	0	0	0
ENSG00000229757	0	0	0
ENSG00000232679	0	0	0
ENSG00000159388	4965	18	4947
ENSG00000220749	18	0	18
ENSG00000181450	119	0	119
ENSG00000223519	15	2	59
ENSG00000120333	279	7	282
ENSG00000286285	14	0	14
ENSG00000225300	1	0	1
ENSG00000223842	0	0	0
ENSG00000162753	0	0	1
ENSG00000228247	0	0	0
ENSG00000231424	0	0	0
ENSG00000143355	0	0	0
ENSG00000287177	0	0	0
ENSG00000237193	0	0	0
ENSG00000223490	0	0	0
ENSG00000121644	542	2	540
ENSG00000174502	0	0	0
ENSG00000224286	0	0	0
ENSG00000158715	170	0	170
ENSG00000143195	12	0	12
ENSG00000162849	11	4	7
ENSG00000232824	0	0	0
ENSG00000273416	2	0	2
ENSG00000234142	3	0	3
ENSG00000282111	0	0	0
ENSG00000233410	0	0	0
ENSG00000067533	193	1	192
ENSG00000228955	0	0	0
ENSG00000270443	0	0	0
ENSG00000116209	3030	5	3025
ENSG00000224702	0	0	0
ENSG00000271811	0	0	0
ENSG00000224278	0	0	0
ENSG00000235492	0	0	0
ENSG00000287808	1	76	2
ENSG00000271588	0	0	0
ENSG00000229840	0	0	0
ENSG00000116161	582	35	563
ENSG00000226486	0	0	0
ENSG00000227687	0	0	0
ENSG00000231814	0	0	0
ENSG00000286210	0	0	0
ENSG00000287364	0	0	0
ENSG00000225063	0	0	0
ENSG00000260698	3	0	3
ENSG00000277007	7	0	7
ENSG00000229016	0	0	0
ENSG00000077157	1010	1	1025
ENSG00000152104	3	0	3
ENSG00000236975	0	0	0
ENSG00000215834	0	0	0
ENSG00000286541	0	0	0
ENSG00000117650	1	0	1
ENSG00000235021	0	0	0
ENSG00000203724	9	0	9
ENSG00000225006	0	0	0
ENSG00000287633	0	0	0
ENSG00000158764	2	0	4
ENSG00000223375	0	0	0
ENSG00000230714	0	0	0
ENSG00000261065	0	5	0
ENSG00000260855	8	0	8
ENSG00000188783	0	0	0
ENSG00000236206	0	0	0
ENSG00000168118	469	1	476
ENSG00000181101	0	0	0
ENSG00000173726	1529	7	1522
ENSG00000282852	0	0	0
ENSG00000152382	201	9	192
ENSG00000143839	0	0	0
ENSG00000232100	0	0	0
ENSG00000261024	0	0	0
ENSG00000230547	0	0	0
ENSG00000229703	0	0	0
ENSG00000176754	0	0	0
ENSG00000232309	0	0	0
ENSG00000227953	3	45	4
ENSG00000232215	0	0	0
ENSG00000135829	3115	19	3173
ENSG00000228289	0	0	0
ENSG00000134717	686	3	683
ENSG00000232989	0	0	0
ENSG00000233537	0	0	0
ENSG00000116668	162	15	147
ENSG00000143756	611	0	611
ENSG00000278180	0	0	0
ENSG00000143702	626	5	718
ENSG00000232341	0	0	0
ENSG00000287676	0	0	0
ENSG00000236792	0	0	0
ENSG00000143207	1560	8	1552
ENSG00000270859	0	0	0
ENSG00000238224	0	0	0
ENSG00000286775	0	0	0
ENSG00000122176	0	0	0
ENSG00000229120	0	0	0
ENSG00000237492	0	0	0
ENSG00000230404	0	0	0
ENSG00000213036	1	0	1
ENSG00000227230	1	44	0
ENSG00000236230	0	0	0
ENSG00000026751	2048	8	2040
ENSG00000150681	2292	9	2940
ENSG00000116906	667	1	666
ENSG00000092969	6	0	6
ENSG00000157181	298	4	294
ENSG00000250762	0	0	0
ENSG00000236720	0	0	0
ENSG00000227421	0	0	0
ENSG00000227240	1	0	1
ENSG00000076258	47	0	47
ENSG00000286073	0	0	0
ENSG00000231084	3	3	0
ENSG00000232085	1	55	0
ENSG00000117697	578	3	576
ENSG00000279333	0	0	0
ENSG00000235083	0	0	0
ENSG00000162669	0	0	0
ENSG00000197067	0	0	0
ENSG00000229652	0	0	0
ENSG00000132681	7	0	7
ENSG00000225904	0	0	0
ENSG00000270920	0	0	0
ENSG00000281664	0	0	0
ENSG00000143641	985	6	1366
ENSG00000227630	0	0	0
ENSG00000228830	0	786	3
ENSG00000010932	2	1	1
ENSG00000282849	0	0	0
ENSG00000276520	0	0	0
ENSG00000226640	0	0	0
ENSG00000010072	196	130	194
ENSG00000135766	280	4	276
ENSG00000232626	0	0	0
ENSG00000232096	0	0	0
ENSG00000279261	0	0	0
ENSG00000213051	0	0	0
ENSG00000238054	0	0	0
ENSG00000163534	1154	3	1151
ENSG00000168243	1	0	1
ENSG00000281453	0	0	0
ENSG00000237469	0	0	0
ENSG00000224939	0	0	0
ENSG00000227613	0	0	0
ENSG00000116183	1	0	1
ENSG00000270106	0	0	0
ENSG00000232194	0	0	0
ENSG00000235152	0	0	0
ENSG00000231612	0	0	0
ENSG00000237980	10	0	11
ENSG00000271036	0	0	0
ENSG00000230849	0	0	0
ENSG00000170382	132	135	1
ENSG00000228664	0	0	0
ENSG00000226868	0	0	0
ENSG00000279401	0	0	0
ENSG00000272362	0	0	0
ENSG00000287450	0	0	0
ENSG00000237011	0	0	0
ENSG00000233583	0	0	0
ENSG00000066027	1749	7	1742
ENSG00000286263	1	0	1
ENSG00000227006	1	1	0
ENSG00000236372	0	0	0
ENSG00000224525	0	0	0
ENSG00000188770	0	0	0
ENSG00000173728	0	0	0
ENSG00000094975	741	4	737
ENSG00000225811	0	0	0
ENSG00000273093	1	0	1
ENSG00000162772	124	0	124
ENSG00000227818	0	0	0
ENSG00000135828	1278	6	1272
ENSG00000224227	0	0	0
ENSG00000286398	0	0	0
ENSG00000076356	150	0	150
ENSG00000215819	0	0	0
ENSG00000185523	1	0	1
ENSG00000236108	0	0	0
ENSG00000116711	163	3	160
ENSG00000231684	3	0	3
ENSG00000226750	0	0	0
ENSG00000285665	4	1	3
ENSG00000231022	0	0	0
ENSG00000224436	0	0	0
ENSG00000228208	0	0	0
ENSG00000273384	2	0	2
ENSG00000238061	0	0	0
ENSG00000234915	0	0	0
ENSG00000143845	6	0	11
ENSG00000235862	0	0	0
ENSG00000069812	1	0	1
ENSG00000227585	0	0	0
ENSG00000157060	0	0	0
ENSG00000237213	0	0	0
ENSG00000236439	11	0	11
ENSG00000224260	0	0	0
ENSG00000213045	2	2	0
ENSG00000287220	0	0	0
ENSG00000230063	0	0	0
ENSG00000235467	0	0	0
ENSG00000123684	3448	19	3430
ENSG00000117707	1	0	1
ENSG00000228044	0	0	0
ENSG00000225338	0	0	0
ENSG00000224407	0	387	0
ENSG00000232463	0	0	0
ENSG00000237457	0	0	0
ENSG00000225171	4	1	3
ENSG00000226843	0	0	0
ENSG00000235386	0	0	0
ENSG00000123836	500	86	500
ENSG00000213690	0	0	0
ENSG00000223982	0	0	0
ENSG00000229832	1	1	0
ENSG00000117691	200	1	199
ENSG00000225233	0	0	0
ENSG00000274895	0	0	0
ENSG00000237514	0	0	0
ENSG00000287856	0	0	0
ENSG00000228067	0	0	0
ENSG00000284299	0	0	0
ENSG00000226375	0	0	0
ENSG00000203705	288	5	284
ENSG00000224040	0	0	0
ENSG00000228686	16	16	0
ENSG00000279838	13	2	11
ENSG00000174175	223	0	223
ENSG00000236401	0	0	0
ENSG00000241475	0	0	0
ENSG00000215800	0	0	0
ENSG00000286421	0	0	0
ENSG00000270936	0	0	0
ENSG00000008118	0	0	0
ENSG00000171161	830	4	826
ENSG00000241505	0	0	0
ENSG00000224535	0	0	0
ENSG00000282097	0	0	0
ENSG00000261453	0	0	0
ENSG00000231020	0	0	0
ENSG00000270818	0	0	0
ENSG00000196878	19	0	19
ENSG00000133059	723	4	719
ENSG00000225561	0	0	0
ENSG00000224668	0	0	0
ENSG00000242529	0	0	0
ENSG00000074964	593	2	591
ENSG00000223847	0	0	0
ENSG00000277704	0	0	0
ENSG00000116918	525	31	515
ENSG00000274020	79	0	107
ENSG00000287445	10	0	10
ENSG00000259815	0	0	0
ENSG00000240963	0	0	0
ENSG00000226570	0	0	0
ENSG00000198929	4	0	4
ENSG00000272167	0	0	0
ENSG00000230628	1	0	1
ENSG00000162771	0	0	0
ENSG00000227579	0	0	0
ENSG00000176393	1295	4	1969
ENSG00000174606	527	5	522
ENSG00000179914	80	2	78
ENSG00000235750	4424	15	4409
ENSG00000284376	0	0	0
ENSG00000121446	1	0	1
ENSG00000226758	4	0	4
ENSG00000230199	0	0	0
ENSG00000236905	2	2	0
ENSG00000233304	0	0	0
ENSG00000288007	2	0	2
ENSG00000227887	0	0	0
ENSG00000116903	754	0	882
ENSG00000228255	0	0	0
ENSG00000226196	0	0	0
ENSG00000287354	0	2	0
ENSG00000233827	0	0	0
ENSG00000198797	0	0	0
ENSG00000271746	2	0	2
ENSG00000234233	0	0	0
ENSG00000151414	1993	5	1988
ENSG00000177614	29	0	29
ENSG00000223794	0	0	0
ENSG00000235182	0	1	0
ENSG00000213041	0	0	0
ENSG00000287157	0	0	0
ENSG00000233920	0	0	0
ENSG00000183831	1	0	1
ENSG00000225755	0	0	0
ENSG00000143858	19	34	1
ENSG00000197472	0	0	0
ENSG00000230184	0	0	0
ENSG00000234004	0	0	0
ENSG00000232436	0	0	0
ENSG00000231718	0	0	0
ENSG00000283952	0	0	0
ENSG00000230019	0	0	0
ENSG00000136643	400	1	399
ENSG00000232537	0	0	0
ENSG00000226036	1	2	0
ENSG00000285521	0	0	0
ENSG00000236317	0	0	0
ENSG00000176855	0	0	0
ENSG00000227728	0	0	0
ENSG00000133069	475	10	465
ENSG00000162877	18	0	18
ENSG00000233461	53	0	53
ENSG00000225401	2	0	2
ENSG00000228190	0	0	0
ENSG00000135747	0	0	0
ENSG00000227237	2	2	0
ENSG00000069248	686	3	683
ENSG00000232812	0	0	0
ENSG00000231666	0	0	0
ENSG00000226986	1	0	1
ENSG00000242042	0	0	0
ENSG00000234464	0	0	0
ENSG00000253148	0	0	0
ENSG00000227751	0	327	2
ENSG00000090104	45	1	44
ENSG00000285280	19	670	6
ENSG00000232892	0	0	0
ENSG00000236950	0	0	0
ENSG00000236468	0	0	0
ENSG00000143322	446	1	445
ENSG00000185220	187	1	186
ENSG00000226003	0	0	0
ENSG00000230813	0	0	0
ENSG00000226862	4	0	4
ENSG00000236101	0	0	0
ENSG00000162769	194	0	194
ENSG00000133065	320	2	318
ENSG00000278684	0	0	0
ENSG00000236775	0	0	0
ENSG00000042781	0	0	0
ENSG00000234754	0	0	0
ENSG00000233084	4	0	4
ENSG00000227815	1	0	1
ENSG00000287046	0	0	0
ENSG00000223774	0	0	2
ENSG00000228863	7	3053	14
ENSG00000228646	0	0	0
ENSG00000229112	0	0	0
ENSG00000233332	0	0	0
ENSG00000231984	0	0	0
ENSG00000286213	0	0	0
ENSG00000226876	0	0	0
ENSG00000277462	32	0	32
ENSG00000225591	0	0	0
ENSG00000035687	823	3	820
ENSG00000213080	1	0	1
ENSG00000180287	1	0	1
ENSG00000226693	0	0	0
ENSG00000234678	45	722	3
ENSG00000231272	0	0	0
ENSG00000223828	0	0	0
ENSG00000163431	4	5	1
ENSG00000230124	255	1	285
ENSG00000226723	0	0	0
ENSG00000272672	0	0	0
ENSG00000143473	1	1	0
ENSG00000228982	0	0	0
ENSG00000235096	0	0	0
ENSG00000237250	0	0	0
ENSG00000007341	55	20	81
ENSG00000286747	0	0	0
ENSG00000236069	0	0	0
ENSG00000236244	0	0	0
ENSG00000272865	0	0	0
ENSG00000117222	682	6	676
ENSG00000143324	509	0	509
ENSG00000229871	0	0	0
ENSG00000225222	0	0	0
ENSG00000118193	20	0	20
ENSG00000234116	0	0	0
ENSG00000231940	0	0	0
ENSG00000198842	0	0	0
ENSG00000286619	0	0	0
ENSG00000198756	42	1	41
ENSG00000259823	5	3	2
ENSG00000271558	0	0	0
ENSG00000227554	0	0	0
ENSG00000178596	0	0	0
ENSG00000135749	245	5	256
ENSG00000143786	36	4	40
ENSG00000224584	0	0	0
ENSG00000054282	223	17	241
ENSG00000183780	13	0	13
ENSG00000229663	0	0	0
ENSG00000162702	791	2	789
ENSG00000251508	0	0	0
ENSG00000238272	0	1	0
ENSG00000228530	0	0	0
ENSG00000235060	0	0	0
ENSG00000143194	4	0	4
ENSG00000229531	0	0	0
ENSG00000271329	0	0	0
ENSG00000054267	2340	38	2302
ENSG00000261831	0	0	0
ENSG00000287921	0	0	0
ENSG00000177800	0	0	0
ENSG00000225620	0	0	0
ENSG00000232166	0	0	0
ENSG00000175137	1237	4	1233
ENSG00000134245	8	35	3
ENSG00000234041	0	0	0
ENSG00000227373	10	0	10
ENSG00000231905	0	0	0
ENSG00000228175	3	3	0
ENSG00000069275	1941	24	1917
ENSG00000143674	69	0	69
ENSG00000237317	0	0	0
ENSG00000187889	0	0	0
ENSG00000134375	428	6	422
ENSG00000097046	103	0	103
ENSG00000232113	0	0	0
ENSG00000282718	0	0	0
ENSG00000231378	0	0	0
ENSG00000235605	0	0	0
ENSG00000223525	0	0	0
ENSG00000224857	0	0	0
ENSG00000273367	1	0	1
ENSG00000230604	1	1	0
ENSG00000231605	0	0	0
ENSG00000236358	1	0	1
ENSG00000203737	1	0	1
ENSG00000238003	0	0	0
ENSG00000215873	0	0	0
ENSG00000287008	0	0	0
ENSG00000185420	94	0	94
ENSG00000076321	334	1	333
ENSG00000272175	1	1	1
ENSG00000231564	0	0	0
ENSG00000135778	169	13	172
ENSG00000213070	0	0	0
ENSG00000282265	0	0	0
ENSG00000250536	0	0	0
ENSG00000229747	0	0	0
ENSG00000117280	1223	2	1221
ENSG00000233985	0	0	0
ENSG00000232175	0	0	0
ENSG00000287423	0	0	0
ENSG00000286774	0	0	0
ENSG00000236719	0	0	0
ENSG00000136636	115	4	111
ENSG00000225486	0	0	0
ENSG00000227043	0	0	0
ENSG00000163874	469	1	468
ENSG00000285777	0	0	0
ENSG00000237249	0	0	0
ENSG00000286109	0	0	0
ENSG00000213068	0	0	0
ENSG00000054392	39	0	41
ENSG00000227994	0	0	0
ENSG00000286552	0	0	0
ENSG00000225711	0	0	0
ENSG00000122223	939	20	919
ENSG00000235869	0	0	0
ENSG00000188739	11	0	11
ENSG00000286666	0	0	0
ENSG00000135750	2	0	2
ENSG00000273198	0	0	0
ENSG00000203730	1	1	0
ENSG00000225719	0	0	0
ENSG00000273483	0	0	0
ENSG00000287987	0	0	0
ENSG00000203729	2	0	2
ENSG00000232809	0	0	0
ENSG00000284623	0	0	0
ENSG00000285981	0	0	0
ENSG00000261729	0	0	0
ENSG00000223869	0	0	0
ENSG00000229228	0	0	0
ENSG00000215796	0	0	0
ENSG00000185221	0	0	0
ENSG00000233047	0	0	0
ENSG00000143341	6	1	5
ENSG00000228309	0	0	0
ENSG00000229739	2	0	2
ENSG00000116703	0	0	0
ENSG00000273874	0	0	0
ENSG00000278791	0	6	0
ENSG00000278757	2	0	2
ENSG00000264341	0	0	0
ENSG00000264101	0	0	0
ENSG00000265141	0	0	0
ENSG00000221083	0	0	0
ENSG00000252404	0	0	0
ENSG00000222511	0	0	0
ENSG00000265392	0	0	0
ENSG00000243267	1	0	1
ENSG00000201725	0	0	0
ENSG00000274258	0	0	0
ENSG00000239149	1	0	1
ENSG00000252151	0	0	0
ENSG00000252969	0	0	0
ENSG00000252417	0	0	0
ENSG00000200975	0	0	0
ENSG00000201609	0	0	0
ENSG00000238482	0	0	0
ENSG00000252956	0	0	0
ENSG00000265606	0	0	0
ENSG00000284357	0	0	0
ENSG00000278034	0	0	0
ENSG00000207237	1	1	0
ENSG00000222784	0	0	0
ENSG00000266210	0	0	0
ENSG00000265961	0	0	0
ENSG00000251866	0	0	0
ENSG00000252691	0	0	0
ENSG00000264371	0	0	0
ENSG00000253005	1	0	1
ENSG00000238316	0	0	0
ENSG00000207941	0	0	0
ENSG00000264773	1	0	1
ENSG00000252448	0	0	0
ENSG00000200421	0	0	0
ENSG00000222282	2	2	0
ENSG00000199963	0	0	0
ENSG00000264698	0	0	0
ENSG00000207328	0	0	0
ENSG00000207466	0	0	0
ENSG00000252368	0	0	0
ENSG00000206779	1	1	0
ENSG00000265596	0	0	0
ENSG00000212541	3	3	0
ENSG00000200796	0	0	0
ENSG00000252190	0	0	0
ENSG00000264613	0	0	0
ENSG00000199240	0	0	0
ENSG00000277168	0	0	0
ENSG00000283724	0	0	0
ENSG00000284410	0	0	0
ENSG00000252018	0	0	0
ENSG00000206627	0	0	0
ENSG00000283414	0	0	0
ENSG00000207508	1	0	1
ENSG00000200171	0	0	0
ENSG00000207194	0	0	0
ENSG00000283477	0	0	0
ENSG00000264834	0	0	0
ENSG00000263675	1	0	1
ENSG00000266188	0	0	0
ENSG00000206981	0	0	0
ENSG00000200174	0	0	0
ENSG00000265822	0	0	0
ENSG00000265815	0	0	0
ENSG00000238653	0	0	0
ENSG00000212624	0	0	0
ENSG00000200575	0	0	0
ENSG00000212360	0	0	0
ENSG00000242860	0	0	0
ENSG00000263908	0	0	0
ENSG00000283690	0	0	0
ENSG00000199921	0	0	0
ENSG00000251825	0	0	0
ENSG00000201153	0	0	0
ENSG00000222624	0	0	0
ENSG00000223152	0	0	0
ENSG00000212308	0	0	0
ENSG00000279049	0	10	0
ENSG00000276081	0	0	0
ENSG00000239640	0	0	0
ENSG00000252338	0	0	0
ENSG00000251785	0	0	0
ENSG00000239319	0	0	0
ENSG00000222849	0	0	0
ENSG00000283749	0	0	0
ENSG00000251958	0	0	0
ENSG00000251767	0	0	0
ENSG00000243437	0	0	0
ENSG00000202263	0	0	0
ENSG00000199318	0	0	0
ENSG00000199666	0	0	0
ENSG00000200601	0	0	0
ENSG00000242482	0	0	0
ENSG00000212366	0	0	0
ENSG00000201620	0	0	0
ENSG00000206817	0	0	0
ENSG00000284247	0	0	0
ENSG00000200839	0	0	0
ENSG00000264963	0	0	0
ENSG00000264271	0	0	0
ENSG00000239504	0	0	0
ENSG00000284202	0	0	0
ENSG00000251720	0	0	0
ENSG00000274321	0	0	0
ENSG00000198974	0	0	0
ENSG00000212248	0	0	0
ENSG00000207962	0	0	0
ENSG00000276884	0	0	0
ENSG00000207234	1	0	1
ENSG00000202259	0	0	0
ENSG00000212459	0	0	0
ENSG00000278287	0	0	0
ENSG00000277565	0	0	0
ENSG00000263526	0	0	0
ENSG00000211575	0	0	0
ENSG00000275823	0	0	0
ENSG00000277689	0	0	0
ENSG00000274199	0	0	0
ENSG00000202254	0	0	0
ENSG00000244256	0	0	0
ENSG00000201491	0	0	0
ENSG00000199831	0	0	0
ENSG00000275455	0	0	0
ENSG00000252162	0	0	0
ENSG00000272051	0	0	0
ENSG00000283899	0	0	0
ENSG00000200800	0	0	0
ENSG00000207502	0	0	0
ENSG00000252530	0	0	0
ENSG00000200536	0	0	0
ENSG00000211543	0	0	0
ENSG00000252797	0	0	0
ENSG00000212266	0	0	0
ENSG00000222209	0	0	0
ENSG00000277141	0	0	0
ENSG00000215930	0	0	0
ENSG00000238761	0	0	0
ENSG00000201114	0	0	0
ENSG00000206679	0	0	0
ENSG00000264419	0	0	0
ENSG00000222069	0	0	0
ENSG00000274428	0	0	0
ENSG00000199879	0	0	0
ENSG00000274408	0	0	0
ENSG00000283676	0	0	0
ENSG00000252005	0	0	0
ENSG00000252510	0	0	0
ENSG00000207340	0	0	0
ENSG00000252830	0	0	0
ENSG00000274450	0	0	0
ENSG00000252135	0	0	0
ENSG00000278596	0	0	0
ENSG00000238825	0	0	0
ENSG00000201183	1	1	0
ENSG00000202408	0	0	0
ENSG00000252744	0	0	0
ENSG00000273768	0	0	0
ENSG00000242565	0	0	0
ENSG00000239984	0	0	0
ENSG00000283296	0	0	0
ENSG00000252717	0	0	0
ENSG00000194297	0	0	0
ENSG00000199565	0	0	0
ENSG00000277313	0	0	0
ENSG00000274940	0	0	0
ENSG00000207341	0	0	0
ENSG00000207472	0	0	0
ENSG00000206880	0	0	0
ENSG00000252552	0	0	0
ENSG00000199849	0	0	0
ENSG00000252407	0	0	0
ENSG00000212538	0	0	0
ENSG00000251813	0	0	0
ENSG00000207108	0	0	0
ENSG00000201312	0	0	0
ENSG00000207039	0	0	0
ENSG00000202491	0	0	0
ENSG00000201596	0	0	0
ENSG00000276839	1	0	1
ENSG00000207974	0	0	0
ENSG00000273629	0	0	0
ENSG00000201493	0	0	0
ENSG00000215952	0	0	0
ENSG00000200139	0	0	0
ENSG00000283575	0	0	0
ENSG00000238765	0	0	0
ENSG00000264916	0	0	0
ENSG00000212338	0	0	0
ENSG00000206659	0	0	0
ENSG00000253025	0	0	0
ENSG00000201619	0	0	0
ENSG00000201544	0	0	0
ENSG00000202498	0	0	0
ENSG00000221545	0	0	0
ENSG00000252906	1	0	1
ENSG00000206692	0	0	0
ENSG00000202329	0	0	0
ENSG00000242794	0	0	0
ENSG00000212144	0	0	0
ENSG00000283340	0	0	0
ENSG00000252860	0	0	0
ENSG00000252501	0	0	0
ENSG00000263390	0	0	0
ENSG00000207181	0	0	0
ENSG00000265744	0	0	0
ENSG00000264377	0	0	0
ENSG00000207149	0	0	0
ENSG00000283936	0	0	0
ENSG00000284485	0	0	0
ENSG00000201638	0	0	0
ENSG00000275213	1	1	0
ENSG00000239494	3	2	1
ENSG00000212230	0	0	0
ENSG00000252371	0	0	0
ENSG00000199442	0	0	0
ENSG00000200033	0	0	0
ENSG00000239690	0	0	0
ENSG00000202184	0	0	0
ENSG00000241395	0	0	0
ENSG00000200982	0	0	0
ENSG00000275207	0	0	0
ENSG00000202300	0	0	0
ENSG00000222407	0	0	0
ENSG00000222986	0	0	0
ENSG00000265435	0	0	0
ENSG00000272262	0	0	0
ENSG00000200495	0	0	0
ENSG00000202609	0	0	0
ENSG00000252553	0	0	0
ENSG00000206764	0	0	0
ENSG00000222240	0	0	0
ENSG00000212187	0	0	0
ENSG00000206637	0	0	0
ENSG00000253097	0	0	0
ENSG00000200036	0	0	0
ENSG00000201421	0	0	0
ENSG00000212610	0	0	0
ENSG00000252484	0	0	0
ENSG00000201944	0	0	0
ENSG00000200327	0	0	0
ENSG00000206905	0	0	0
ENSG00000200972	0	0	0
ENSG00000243051	0	0	0
ENSG00000252011	0	0	0
ENSG00000207326	0	0	0
ENSG00000212205	1	1	0
ENSG00000253042	0	0	0
ENSG00000274121	0	0	1
ENSG00000264358	0	0	0
ENSG00000206640	0	0	0
ENSG00000212527	0	0	0
ENSG00000252879	0	0	0
ENSG00000252612	0	0	0
ENSG00000202264	0	0	0
ENSG00000285609	0	0	0
ENSG00000206762	0	0	0
ENSG00000252084	0	0	0
ENSG00000200085	0	0	0
ENSG00000264500	3	3	0
ENSG00000202025	0	0	0
ENSG00000225545	0	0	0
ENSG00000206990	0	0	0
ENSG00000230175	0	0	0
ENSG00000225272	0	0	0
ENSG00000215838	0	0	0
ENSG00000273365	0	0	0
ENSG00000224358	2	0	2
ENSG00000230659	0	0	0
ENSG00000162545	12	0	12
ENSG00000090432	507	0	507
ENSG00000215520	0	0	0
ENSG00000183114	0	0	0
ENSG00000158825	872	2	870
ENSG00000158828	387	91	1401
ENSG00000284005	0	0	0
ENSG00000117242	38	1026	115
ENSG00000234473	1	0	1
ENSG00000238754	0	0	0
ENSG00000134371	889	12	880
ENSG00000221680	0	0	0
ENSG00000162630	54	0	57
ENSG00000276735	0	0	0
ENSG00000232077	1	0	1
ENSG00000229639	0	0	0
ENSG00000287453	0	0	0
ENSG00000270615	0	0	0
ENSG00000287283	0	0	0
ENSG00000240692	0	0	0
ENSG00000229359	0	0	0
ENSG00000237919	0	0	0
ENSG00000066557	216	0	216
ENSG00000244389	0	0	0
ENSG00000228988	0	0	0
ENSG00000118454	340	1	339
ENSG00000226088	2	2	0
ENSG00000116761	15	0	15
ENSG00000278636	0	0	0
ENSG00000271992	0	0	0
ENSG00000233020	0	0	0
ENSG00000237033	0	0	0
ENSG00000226208	0	0	0
ENSG00000007968	368	0	368
ENSG00000235052	0	0	0
ENSG00000117318	288	0	288
ENSG00000285802	1	0	1
ENSG00000229239	0	0	0
ENSG00000142676	16108	343	15766
ENSG00000057757	533	2	531
ENSG00000011009	1063	3	1060
ENSG00000117308	132	0	132
ENSG00000273844	0	0	0
ENSG00000235748	0	0	0
ENSG00000237861	0	0	0
ENSG00000221879	0	0	0
ENSG00000230260	0	0	0
ENSG00000199241	0	0	0
ENSG00000226919	0	0	0
ENSG00000223963	0	0	0
ENSG00000215802	0	0	0
ENSG00000233615	0	0	0
ENSG00000238085	0	0	0
ENSG00000265831	0	0	0
ENSG00000224348	0	0	0
ENSG00000286496	0	0	0
ENSG00000287516	1	0	1
ENSG00000287738	0	0	0
ENSG00000132703	0	0	0
ENSG00000276632	0	0	0
ENSG00000223603	0	0	0
ENSG00000132693	0	0	0
ENSG00000235226	0	0	0
ENSG00000158716	179	0	179
ENSG00000181036	372	15	357
ENSG00000158714	48	19	156
ENSG00000212161	0	0	0
ENSG00000243284	0	1	0
ENSG00000272668	14	5	10
ENSG00000213085	26	0	26
ENSG00000266458	0	0	0
ENSG00000287040	1	0	1
ENSG00000279430	0	0	0
ENSG00000162723	1	0	1
ENSG00000273933	0	0	0
ENSG00000256029	0	41	6
ENSG00000188004	1	0	1
ENSG00000266580	0	0	0
ENSG00000254545	0	24	0
ENSG00000203620	0	0	0
ENSG00000269967	0	0	0
ENSG00000228634	1	1	0
ENSG00000284702	0	0	0
ENSG00000221040	0	0	0
ENSG00000287217	0	0	0
ENSG00000163399	2220	40	5606
ENSG00000212385	0	0	0
ENSG00000233154	5	0	5
ENSG00000230381	0	0	0
ENSG00000200547	0	0	0
ENSG00000224950	17	0	22
ENSG00000286276	3	8	0
ENSG00000177888	309	2	307
ENSG00000243364	90	0	90
ENSG00000251246	0	0	0
ENSG00000143590	10	0	10
ENSG00000202027	0	0	0
ENSG00000169242	24	1	23
ENSG00000169241	366	2	364
ENSG00000223452	0	0	0
ENSG00000163463	49	0	49
ENSG00000273088	0	0	0
ENSG00000284586	0	0	0
ENSG00000169231	81	6	212
ENSG00000236263	0	32	1
ENSG00000236675	55	55	0
ENSG00000177628	878	0	878
ENSG00000116521	678	1	677
ENSG00000176444	801	3	798
ENSG00000143630	18	0	19
ENSG00000143627	0	1	0
ENSG00000253074	0	0	0
ENSG00000252116	0	0	0
ENSG00000228523	0	0	0
ENSG00000223263	0	0	0
ENSG00000207504	0	0	0
ENSG00000238139	0	0	0
ENSG00000197721	20	0	20
ENSG00000244703	0	0	0
ENSG00000226289	0	0	0
ENSG00000285239	0	0	0
ENSG00000234219	3	4	0
ENSG00000174059	7	0	7
ENSG00000285719	0	0	0
ENSG00000284237	0	0	0
ENSG00000158731	0	0	0
ENSG00000201746	2	0	2
ENSG00000264881	0	0	0
ENSG00000199562	0	0	0
ENSG00000264501	0	0	0
ENSG00000284735	2	2	0
ENSG00000284642	7	1	6
ENSG00000142657	4474	27	4447
ENSG00000271989	0	1	0
ENSG00000251503	1	1	0
ENSG00000175279	2	0	2
ENSG00000160049	416	1	494
ENSG00000203469	0	43	0
ENSG00000236035	0	0	0
ENSG00000221643	2	0	2
ENSG00000122188	372	2	370
ENSG00000288644	0	0	0
ENSG00000227417	0	0	0
ENSG00000223505	0	0	0
ENSG00000182004	398	2	396
ENSG00000236430	0	0	0
ENSG00000130768	16	1	20
ENSG00000227050	0	21	0
ENSG00000238231	1	1	0
ENSG00000240750	0	0	0
ENSG00000158156	1093	1	1109
ENSG00000182118	25	0	25
ENSG00000283799	0	0	0
ENSG00000227934	0	0	0
ENSG00000229595	0	0	0
ENSG00000143633	206	3	203
ENSG00000281912	2	0	2
ENSG00000288208	0	0	0
ENSG00000132773	152	34	177
ENSG00000070759	218	12	231
ENSG00000236872	0	0	0
ENSG00000280670	29	0	29
ENSG00000132763	46	508	55
ENSG00000221953	0	0	0
ENSG00000226164	0	0	0
ENSG00000224014	0	0	0
ENSG00000215795	0	0	0
ENSG00000259865	113	0	113
ENSG00000227671	492	3	489
ENSG00000283881	0	0	0
ENSG00000252516	4	0	4
ENSG00000232347	0	0	0
ENSG00000214144	0	0	0
ENSG00000235818	0	0	0
ENSG00000197617	0	0	0
ENSG00000202079	0	0	0
ENSG00000286216	1	1	1
ENSG00000203664	1	0	1
ENSG00000169224	43	1	49
ENSG00000236817	0	7	0
ENSG00000177489	0	0	0
ENSG00000177476	0	0	0
ENSG00000283369	0	0	0
ENSG00000230411	0	0	0
ENSG00000251977	0	0	0
ENSG00000252254	0	0	0
ENSG00000227854	0	0	0
ENSG00000287589	0	0	0
ENSG00000259776	0	0	0
ENSG00000233355	294	0	299
ENSG00000234601	0	0	0
ENSG00000231979	0	0	0
ENSG00000215805	0	0	0
ENSG00000287102	0	0	0
ENSG00000217327	0	0	0
ENSG00000228818	0	0	0
ENSG00000202041	0	0	0
ENSG00000223694	0	0	0
ENSG00000233735	0	0	0
ENSG00000133019	2	5	2
ENSG00000162636	514	0	514
ENSG00000162639	266	2	264
ENSG00000285923	2	0	2
ENSG00000134186	1476	50	1426
ENSG00000143107	1	0	1
ENSG00000232971	0	0	0
ENSG00000116266	1229	4	1225
ENSG00000228076	0	0	0
ENSG00000203897	0	0	0
ENSG00000237349	0	0	0
ENSG00000244716	14	0	14
ENSG00000228665	0	0	0
ENSG00000228054	0	0	0
ENSG00000273382	6	107	7
ENSG00000215717	1499	7	1600
ENSG00000278249	0	0	0
ENSG00000270066	0	0	0
ENSG00000251484	0	0	0
ENSG00000132676	1026	131	1022
ENSG00000227673	0	0	0
ENSG00000203761	72	35	51
ENSG00000234937	0	0	0
ENSG00000132718	586	3	583
ENSG00000283442	0	0	0
ENSG00000143622	1339	3	1336
ENSG00000132680	781	2	779
ENSG00000207475	0	0	0
ENSG00000280466	0	0	0
ENSG00000281394	0	0	0
ENSG00000277817	0	0	0
ENSG00000273002	19	1	18
ENSG00000224276	0	0	0
ENSG00000285677	0	1163	2
ENSG00000163479	2114	5	3274
ENSG00000160803	469	1	468
ENSG00000132698	7	0	7
ENSG00000252236	0	0	0
ENSG00000260238	0	0	0
ENSG00000242252	2	0	2
ENSG00000198952	2462	7	2455
ENSG00000163472	132	246	151
ENSG00000163468	1716	6	1711
ENSG00000132677	0	0	0
ENSG00000237390	0	0	0
ENSG00000207933	0	0	0
ENSG00000254726	2	0	2
ENSG00000186377	0	0	0
ENSG00000186160	0	0	0
ENSG00000225154	0	0	0
ENSG00000225506	1	0	2
ENSG00000225514	0	0	0
ENSG00000224805	15	3	25
ENSG00000162366	806	4	802
ENSG00000226252	7	93	0
ENSG00000225762	0	0	0
ENSG00000186790	0	0	0
ENSG00000237424	46	1	45
ENSG00000189030	0	0	0
ENSG00000162763	0	0	0
ENSG00000143061	9	0	9
ENSG00000135821	10786	44	10742
ENSG00000203740	0	0	0
ENSG00000162374	5	0	5
ENSG00000168275	97	9	152
ENSG00000241563	1	1	0
ENSG00000153207	1813	10	1803
ENSG00000156869	70	0	70
ENSG00000033122	15	6	9
ENSG00000143278	0	0	0
ENSG00000116678	130	1	129
ENSG00000159352	1808	15	1793
ENSG00000158710	14662	27	14635
ENSG00000162734	1496	20	1563
ENSG00000049239	1850	4	1846
ENSG00000186564	2	0	2
ENSG00000244038	2624	7	2617
ENSG00000158747	37	0	37
ENSG00000116690	9	148	7
ENSG00000126091	12	0	12
ENSG00000162383	16	0	16
ENSG00000171163	316	3	313
ENSG00000172456	41	0	41
ENSG00000162946	448	0	448
ENSG00000158786	0	0	0
ENSG00000118733	0	0	0
ENSG00000157870	348	11	445
ENSG00000179085	111	0	111
ENSG00000173080	2	1	1
ENSG00000183347	153	1	154
ENSG00000276470	0	0	0
ENSG00000278852	0	0	0
ENSG00000275915	0	0	0
ENSG00000120937	0	0	0
ENSG00000224904	0	0	0
ENSG00000285646	7	5	2
ENSG00000199347	0	0	0
ENSG00000201801	0	0	0
ENSG00000116685	1495	0	1495
ENSG00000083444	1145	3	1142
ENSG00000287384	0	0	0
ENSG00000270914	0	0	0
ENSG00000116691	618	0	618
ENSG00000202461	0	0	0
ENSG00000276869	0	0	0
ENSG00000243539	0	0	0
ENSG00000120949	429	3	426
ENSG00000201135	0	0	0
ENSG00000227875	0	0	0
ENSG00000285604	0	0	0
ENSG00000283789	0	0	0
ENSG00000263676	1	0	1
ENSG00000200591	0	0	0
ENSG00000162521	1643	24	2255
ENSG00000162520	6	616	26
ENSG00000224409	0	0	0
ENSG00000162522	80	1	79
ENSG00000116497	437	2	441
ENSG00000160097	5	4	1
ENSG00000121905	0	1	0
ENSG00000121900	0	0	1
ENSG00000287691	13	19	0
ENSG00000278966	1	1	0
ENSG00000143222	719	4	915
ENSG00000224985	3	201	2
ENSG00000143224	171	38	172
ENSG00000158850	696	2	732
ENSG00000158859	11	1	10
ENSG00000158869	6383	6	6377
ENSG00000158874	4	4	0
ENSG00000158882	154	0	229
ENSG00000284035	0	0	0
ENSG00000143257	10	85	0
ENSG00000248485	15	15	0
ENSG00000188931	34	36	0
ENSG00000236484	0	0	0
ENSG00000283696	29	0	29
ENSG00000288093	2	0	2
ENSG00000206921	0	0	0
ENSG00000215840	2	0	2
ENSG00000277882	0	0	0
ENSG00000283317	5	2	3
ENSG00000277762	0	0	0
ENSG00000227139	0	0	0
ENSG00000265107	0	0	0
ENSG00000274415	0	0	0
ENSG00000234190	0	0	0
ENSG00000223728	0	0	0
ENSG00000121634	0	0	0
ENSG00000188092	48	1	47
ENSG00000215859	10	12	0
ENSG00000273059	0	0	2
ENSG00000274372	0	0	0
ENSG00000206791	0	0	0
ENSG00000206585	0	0	0
ENSG00000229828	0	0	0
ENSG00000225080	1	1	0
ENSG00000198658	0	0	0
ENSG00000238382	0	0	0
ENSG00000225919	0	0	0
ENSG00000236497	0	0	0
ENSG00000207190	0	0	0
ENSG00000200508	0	0	0
ENSG00000284928	0	0	0
ENSG00000223949	0	0	0
ENSG00000116688	2436	1	2435
ENSG00000188800	0	0	0
ENSG00000084073	864	3	864
ENSG00000231296	0	3	0
ENSG00000049089	119	0	119
ENSG00000227311	1	0	1
ENSG00000213172	1	0	1
ENSG00000284677	0	0	0
ENSG00000187801	31	1	30
ENSG00000260920	25	0	25
ENSG00000158887	67	0	67
ENSG00000255054	0	0	0
ENSG00000228172	8	215	14
ENSG00000117640	308	9	439
ENSG00000272478	0	0	0
ENSG00000127423	4	5	3
ENSG00000182749	214	13	296
ENSG00000207302	1	0	1
ENSG00000117632	316	0	316
ENSG00000229786	1	1	0
ENSG00000223624	0	0	0
ENSG00000283938	0	0	0
ENSG00000199385	0	0	0
ENSG00000187147	845	18	1287
ENSG00000263381	0	0	0
ENSG00000126106	28	448	40
ENSG00000198520	289	1	288
ENSG00000199377	0	0	0
ENSG00000200169	0	0	0
ENSG00000142945	20	3	17
ENSG00000142937	12321	37	13601
ENSG00000264294	0	0	0
ENSG00000200913	0	0	0
ENSG00000202031	0	0	0
ENSG00000207421	0	0	0
ENSG00000281859	0	0	0
ENSG00000234093	0	0	0
ENSG00000142959	3	0	3
ENSG00000173846	286	1	300
ENSG00000117425	9	0	9
ENSG00000202444	0	0	0
ENSG00000226499	1	1	0
ENSG00000070785	144	0	144
ENSG00000253039	0	0	0
ENSG00000229815	0	0	0
ENSG00000232369	0	0	0
ENSG00000268949	1	1	0
ENSG00000126107	701	1	705
ENSG00000126088	487	6	486
ENSG00000234315	0	0	0
ENSG00000162408	358	3	355
ENSG00000229519	1	1	0
ENSG00000173662	0	0	0
ENSG00000204859	502	8	494
ENSG00000288629	0	0	0
ENSG00000230735	0	2	0
ENSG00000171488	1047	4	1043
ENSG00000226394	0	0	0
ENSG00000237200	2	0	2
ENSG00000070886	0	0	0
ENSG00000276835	0	0	0
ENSG00000265422	0	0	0
ENSG00000223776	4	73	7
ENSG00000273058	16	1	15
ENSG00000230325	4	16	0
ENSG00000119285	647	585	752
ENSG00000226498	0	0	0
ENSG00000237991	0	0	0
ENSG00000244020	0	0	0
ENSG00000288099	0	0	0
ENSG00000225886	18	20	0
ENSG00000206767	0	0	0
ENSG00000226662	0	0	0
ENSG00000207095	0	0	0
ENSG00000287244	0	0	0
ENSG00000231344	0	0	0
ENSG00000230833	0	0	0
ENSG00000117758	776	2	774
ENSG00000269971	1	0	1
ENSG00000270031	5	0	5
ENSG00000223062	0	0	0
ENSG00000286433	1	48	1
ENSG00000117751	672	16	704
ENSG00000252947	1	0	1
ENSG00000130775	8744	20	8728
ENSG00000117748	1109	40	1073
ENSG00000223643	0	0	0
ENSG00000230239	0	0	0
ENSG00000263811	0	0	0
ENSG00000277234	0	0	0
ENSG00000235241	0	81	0
ENSG00000207005	0	0	0
ENSG00000272426	1	1	0
ENSG00000117122	0	0	0
ENSG00000286898	0	0	0
ENSG00000226526	0	58	0
ENSG00000159363	652	0	685
ENSG00000117118	985	2	983
ENSG00000117115	1632	3	1629
ENSG00000204362	0	0	0
ENSG00000282843	0	0	0
ENSG00000142623	0	0	0
ENSG00000142619	0	0	0
ENSG00000266634	0	0	0
ENSG00000199459	0	0	0
ENSG00000273264	0	0	0
ENSG00000282057	0	0	0
ENSG00000272691	0	0	0
ENSG00000199934	0	0	0
ENSG00000230285	1	1	0
ENSG00000142871	0	0	0
ENSG00000226643	0	0	0
ENSG00000234419	0	0	0
ENSG00000276997	6	0	6
ENSG00000222399	0	0	0
ENSG00000267305	0	0	0
ENSG00000143512	2	0	2
ENSG00000143498	67	1	72
ENSG00000225265	9	6	9
ENSG00000154305	1372	92	1595
ENSG00000229399	0	0	0
ENSG00000272750	17	314	15
ENSG00000186063	631	37	619
ENSG00000162819	1095	6	1112
ENSG00000287684	3	2	3
ENSG00000234523	0	0	0
ENSG00000287338	0	0	0
ENSG00000187554	699	77	622
ENSG00000236846	1	0	1
ENSG00000226601	0	0	0
ENSG00000164010	252	9	420
ENSG00000164011	121	0	121
ENSG00000233708	0	0	0
ENSG00000237090	0	0	0
ENSG00000225099	0	0	0
ENSG00000284138	6	0	6
ENSG00000283973	0	0	0
ENSG00000207256	0	0	0
ENSG00000283136	0	0	0
ENSG00000277513	0	0	0
ENSG00000154309	99	1	98
ENSG00000226967	0	0	0
ENSG00000231407	2	2	2
ENSG00000229570	0	0	0
ENSG00000203857	0	0	0
ENSG00000226443	0	0	0
ENSG00000249798	0	0	0
ENSG00000239873	1	0	1
ENSG00000203855	0	0	0
ENSG00000240244	0	0	0
ENSG00000260941	2	0	2
ENSG00000198857	0	0	0
ENSG00000143067	77	0	77
ENSG00000134240	0	0	0
ENSG00000134193	50	0	50
ENSG00000215864	0	0	0
ENSG00000227205	0	0	0
ENSG00000226446	0	0	0
ENSG00000134249	0	0	0
ENSG00000092621	85	0	85
ENSG00000027644	0	0	0
ENSG00000241992	0	0	0
ENSG00000234226	0	0	0
ENSG00000137970	58	0	58
ENSG00000223229	0	0	0
ENSG00000285698	0	0	0
ENSG00000228035	0	0	0
ENSG00000287103	0	0	0
ENSG00000226973	0	0	0
ENSG00000274468	0	0	0
ENSG00000130764	591	13	677
ENSG00000266075	3	2	2
ENSG00000272153	17	114	1
ENSG00000230026	0	0	0
ENSG00000285177	0	1	0
ENSG00000284770	5	52	5
ENSG00000229795	0	0	0
ENSG00000238236	0	0	0
ENSG00000235638	0	0	0
ENSG00000231199	0	0	0
ENSG00000226663	0	0	0
ENSG00000231582	0	0	0
ENSG00000232714	0	0	0
ENSG00000235761	0	0	0
ENSG00000270710	0	0	0
ENSG00000227236	0	0	0
ENSG00000198837	3405	6	3606
ENSG00000160741	1693	4	1689
ENSG00000276584	0	0	0
ENSG00000282386	6	1	5
ENSG00000273026	1	0	1
ENSG00000143578	74	9	90
ENSG00000143543	111	5	118
ENSG00000285641	0	7	0
ENSG00000143545	9	1	8
ENSG00000177954	17698	6	17692
ENSG00000231416	1	0	1
ENSG00000200220	0	0	0
ENSG00000231837	0	0	0
ENSG00000263987	0	0	0
ENSG00000162642	291	1	290
ENSG00000223254	1	1	0
ENSG00000223653	4	78	6
ENSG00000116198	533	6	531
ENSG00000169598	181	2	183
ENSG00000226653	0	0	0
ENSG00000207209	0	0	0
ENSG00000272443	0	0	0
ENSG00000272480	0	0	0
ENSG00000288626	0	0	0
ENSG00000162836	67	1	66
ENSG00000207080	0	0	0
ENSG00000231791	0	0	0
ENSG00000244568	0	0	0
ENSG00000271387	0	0	0
ENSG00000116667	146	1	145
ENSG00000230470	0	0	0
ENSG00000232036	0	0	0
ENSG00000285847	0	0	0
ENSG00000286378	0	0	0
ENSG00000215381	0	0	0
ENSG00000261326	38	0	38
ENSG00000284726	1	1	0
ENSG00000125945	206	6	205
ENSG00000201405	0	0	0
ENSG00000271420	0	0	0
ENSG00000204219	36	1	35
ENSG00000232482	0	0	0
ENSG00000285779	0	0	0
ENSG00000162885	104	39	189
ENSG00000270780	0	0	0
ENSG00000232895	0	0	0
ENSG00000273698	0	0	0
ENSG00000273112	5	1	4
ENSG00000173110	2195	29	2166
ENSG00000224203	1	6	0
ENSG00000224515	0	0	0
ENSG00000225217	163	3	160
ENSG00000231586	0	0	0
ENSG00000234211	1	52	0
ENSG00000213075	4	4	0
ENSG00000143125	0	0	0
ENSG00000270380	0	0	0
ENSG00000282887	0	0	0
ENSG00000283999	0	0	0
ENSG00000240194	0	0	0
ENSG00000235407	0	0	0
ENSG00000143105	0	0	0
ENSG00000199710	0	0	0
ENSG00000237415	1	0	1
ENSG00000232791	0	0	0
ENSG00000177301	32	1	31
ENSG00000226828	1	2	0
ENSG00000279774	0	0	0
ENSG00000229960	0	0	0
ENSG00000286486	0	0	0
ENSG00000244066	0	0	0
ENSG00000237759	0	0	0
ENSG00000287531	0	0	0
ENSG00000225855	40	526	12
ENSG00000283701	0	0	0
ENSG00000207134	0	0	0
ENSG00000227773	2	0	2
ENSG00000207144	0	0	0
ENSG00000237872	0	0	0
ENSG00000271267	1	1	0
ENSG00000225082	0	0	0
ENSG00000223503	0	0	0
ENSG00000232519	0	1	0
ENSG00000160752	297	7	782
ENSG00000121957	58	199	81
ENSG00000235089	0	0	0
ENSG00000285179	0	0	0
ENSG00000223026	0	0	0
ENSG00000225721	0	1316	1
ENSG00000188396	10	26	3
ENSG00000202167	0	0	0
ENSG00000207349	0	0	0
ENSG00000252826	0	0	0
ENSG00000206737	0	0	0
ENSG00000223779	0	0	0
ENSG00000242352	1	1	0
ENSG00000270962	0	0	0
ENSG00000263590	0	0	0
ENSG00000252105	0	0	0
ENSG00000233430	0	0	0
ENSG00000237503	0	0	0
ENSG00000265531	152	0	190
ENSG00000234571	25	63	0
ENSG00000230186	0	0	0
ENSG00000268074	0	0	0
ENSG00000270872	3	0	3
ENSG00000276674	0	0	0
ENSG00000082482	0	0	0
ENSG00000116747	747	20	852
ENSG00000118729	0	0	0
ENSG00000134207	0	0	0
ENSG00000163467	4	3	2
ENSG00000243710	3	0	3
ENSG00000117395	248	0	248
ENSG00000116874	112	3	114
ENSG00000065600	196	0	196
ENSG00000009780	175	0	175
ENSG00000023572	130	97	122
ENSG00000077254	1369	0	1369
ENSG00000134644	2009	7	2002
ENSG00000215788	340	9	364
ENSG00000117834	25	4	24
ENSG00000117625	848	3	845
ENSG00000179902	0	0	0
ENSG00000020633	2807	10	2797
ENSG00000121766	250	2	385
ENSG00000143157	1192	6	1186
ENSG00000162614	134	3	138
ENSG00000160781	138	1	138
ENSG00000143344	98	1	97
ENSG00000162613	1547	13	1534
ENSG00000116882	0	0	0
ENSG00000198758	1	0	1
ENSG00000117569	143	0	143
ENSG00000142856	89	63	89
ENSG00000158022	2	0	2
ENSG00000116396	78	0	78
ENSG00000058668	3693	15	3678
ENSG00000163875	696	0	696
ENSG00000282872	0	0	0
ENSG00000131238	4446	20	4426
ENSG00000171680	26	0	26
ENSG00000244457	0	0	0
ENSG00000116977	1143	153	1876
ENSG00000229372	0	147	0
ENSG00000274975	0	0	0
ENSG00000229348	0	0	0
ENSG00000242485	444	16	510
ENSG00000264293	0	0	0
ENSG00000272455	25	0	25
ENSG00000225905	0	0	0
ENSG00000225285	0	0	0
ENSG00000179403	0	0	0
ENSG00000215915	6	0	6
ENSG00000236085	0	0	0
ENSG00000234441	0	0	0
ENSG00000227408	0	0	0
ENSG00000223635	0	0	0
ENSG00000135776	402	1	401
ENSG00000199672	1	0	1
ENSG00000201492	0	0	0
ENSG00000229367	0	0	0
ENSG00000135763	238	0	238
ENSG00000213028	0	0	0
ENSG00000225984	0	0	0
ENSG00000178828	0	0	0
ENSG00000235434	0	0	0
ENSG00000169914	157	0	157
ENSG00000188784	0	0	0
ENSG00000242688	0	0	0
ENSG00000177186	0	0	0
ENSG00000177174	0	0	0
ENSG00000269956	25	269	0
ENSG00000162456	0	0	0
ENSG00000079277	1221	5	1460
ENSG00000117407	1	0	1
ENSG00000237950	5	1	4
ENSG00000117408	421	0	421
ENSG00000285649	0	53	0
ENSG00000117410	2995	1	2994
ENSG00000159214	35	0	40
ENSG00000196517	18	9	18
ENSG00000227163	0	0	0
ENSG00000271647	0	0	0
ENSG00000239560	0	0	0
ENSG00000196539	0	0	0
ENSG00000229255	1	0	1
ENSG00000203661	0	0	0
ENSG00000271934	0	0	0
ENSG00000224521	1	0	1
ENSG00000227102	0	0	0
ENSG00000183310	0	0	0
ENSG00000201602	0	0	0
ENSG00000271701	0	0	0
ENSG00000189181	0	0	0
ENSG00000187238	0	0	0
ENSG00000185962	0	0	0
ENSG00000226947	0	0	0
ENSG00000285753	0	0	0
ENSG00000187223	0	0	0
ENSG00000159455	0	0	0
ENSG00000187173	0	0	0
ENSG00000204501	0	0	0
ENSG00000228229	0	0	0
ENSG00000204481	0	0	0
ENSG00000204479	0	0	0
ENSG00000172031	10	2	8
ENSG00000233228	0	0	0
ENSG00000224678	0	0	0
ENSG00000233401	0	0	0
ENSG00000273487	3	0	3
ENSG00000226773	0	0	0
ENSG00000274481	0	0	0
ENSG00000228594	48	0	48
ENSG00000286989	10	0	10
ENSG00000272106	31	3	38
ENSG00000189409	0	0	0
ENSG00000272004	0	123	1
ENSG00000189339	1715	14	1825
ENSG00000269737	30	30	0
ENSG00000215914	0	0	0
ENSG00000008128	62	1	61
ENSG00000268575	33	0	59
ENSG00000227775	145	175	0
ENSG00000008130	8637	18	8619
ENSG00000078369	7635	30	7605
ENSG00000178821	1	0	1
ENSG00000158477	46	0	46
ENSG00000230942	1	0	1
ENSG00000158481	318	4	314
ENSG00000158485	0	0	0
ENSG00000158488	18	0	18
ENSG00000186306	0	0	0
ENSG00000203758	0	0	0
ENSG00000236257	0	0	0
ENSG00000236656	0	0	0
ENSG00000198703	0	0	0
ENSG00000227445	0	0	0
ENSG00000231434	0	0	0
ENSG00000117505	1877	10	1931
ENSG00000229635	0	0	0
ENSG00000207379	0	0	0
ENSG00000212601	0	0	0
ENSG00000162889	2606	14	2592
ENSG00000224114	0	0	0
ENSG00000199349	0	0	0
ENSG00000162892	45	429	4
ENSG00000162894	4231	7	4612
ENSG00000271680	11	11	0
ENSG00000226945	10	10	0
ENSG00000162896	0	0	0
ENSG00000162897	0	0	0
ENSG00000182795	36	0	36
ENSG00000198890	269	4	265
ENSG00000224550	0	0	0
ENSG00000142669	7664	24	11561
ENSG00000169442	2720	8	5473
ENSG00000225854	0	0	0
ENSG00000176083	67	0	67
ENSG00000229167	0	0	0
ENSG00000142910	0	0	0
ENSG00000162517	707	4	843
ENSG00000235790	0	2	0
ENSG00000264078	0	0	1
ENSG00000241745	0	0	0
ENSG00000228407	0	0	0
ENSG00000223429	0	0	0
ENSG00000224255	0	0	0
ENSG00000236004	0	0	0
ENSG00000237663	0	0	0
ENSG00000213735	0	0	0
ENSG00000272100	1	96	1
ENSG00000287078	0	0	0
ENSG00000224680	0	0	0
ENSG00000085840	36	0	36
ENSG00000283445	1	0	1
ENSG00000272226	1	1	0
ENSG00000231740	0	0	0
ENSG00000143751	822	8	814
ENSG00000272562	13	2	14
ENSG00000163041	8612	11	8604
ENSG00000225518	2	0	2
ENSG00000270598	0	0	0
ENSG00000182827	640	5	732
ENSG00000234478	2	99	0
ENSG00000223570	0	0	0
ENSG00000185155	9	0	9
ENSG00000236773	0	0	0
ENSG00000143753	1080	3	1077
ENSG00000201898	0	0	0
ENSG00000237101	1	30	0
ENSG00000143748	228	0	257
ENSG00000221406	0	0	0
ENSG00000229742	0	0	0
ENSG00000206887	0	0	0
ENSG00000143771	465	1	464
ENSG00000266618	1	0	1
ENSG00000229991	0	0	0
ENSG00000233384	0	0	0
ENSG00000234247	0	0	0
ENSG00000183682	77	94	13
ENSG00000237624	1	0	1
ENSG00000228060	4	491	2
ENSG00000201457	0	0	0
ENSG00000163909	4	0	4
ENSG00000225903	0	0	0
ENSG00000116983	105	0	105
ENSG00000225333	0	0	0
ENSG00000252413	0	0	0
ENSG00000090621	1569	18	2040
ENSG00000236994	0	0	0
ENSG00000275406	0	0	0
ENSG00000270287	0	0	0
ENSG00000229965	0	0	0
ENSG00000223282	0	0	0
ENSG00000177770	0	0	0
ENSG00000287627	0	0	0
ENSG00000283933	0	0	0
ENSG00000143369	6	0	6
ENSG00000228126	1	0	1
ENSG00000237781	67	114	180
ENSG00000264553	8	7	1
ENSG00000277452	17	0	17
ENSG00000274963	10	0	10
ENSG00000253047	2	0	2
ENSG00000143420	1634	20	1614
ENSG00000276103	0	0	0
ENSG00000143457	246	0	246
ENSG00000143452	27	1	26
ENSG00000206931	2	2	0
ENSG00000236713	1	1	0
ENSG00000224690	1	1	0
ENSG00000203804	6	234	92
ENSG00000143384	26414	138	26276
ENSG00000154342	0	0	0
ENSG00000276255	0	0	0
ENSG00000284163	0	0	0
ENSG00000143793	162	12	150
ENSG00000162910	193	0	193
ENSG00000224566	0	0	0
ENSG00000287895	3	2	1
ENSG00000280157	2	0	2
ENSG00000227625	0	0	0
ENSG00000198835	8	0	8
ENSG00000203684	1	0	1
ENSG00000181873	200	0	200
ENSG00000162913	11	7	18
ENSG00000269934	32	38	59
ENSG00000270110	9	9	0
ENSG00000286773	0	0	0
ENSG00000287315	17	68	10
ENSG00000270104	0	0	0
ENSG00000154370	452	1	599
ENSG00000270094	0	150	0
ENSG00000284311	0	0	0
ENSG00000162931	5	6	2
ENSG00000230841	0	0	0
ENSG00000266174	0	0	0
ENSG00000279306	3	1	2
ENSG0000021581