N_unmapped	149945	149945	149945
N_multimapping	1011501	1011501	1011501
N_noFeature	810381	12257469	895323
N_ambiguous	1254927	20725	503921
ENSG00000160072	117	0	117
ENSG00000234396	0	0	0
ENSG00000225972	5	0	5
ENSG00000224315	0	0	0
ENSG00000198744	3	0	3
ENSG00000279928	18	0	18
ENSG00000228037	12	0	12
ENSG00000142611	0	0	0
ENSG00000225630	724	7	717
ENSG00000284616	0	0	0
ENSG00000157911	24	204	44
ENSG00000269896	13	0	13
ENSG00000237973	77	0	94
ENSG00000228463	16	0	22
ENSG00000260972	0	0	0
ENSG00000157933	899	4	895
ENSG00000224340	2	2	0
ENSG00000226545	0	0	0
ENSG00000268663	0	0	0
ENSG00000226374	0	0	0
ENSG00000229280	0	0	0
ENSG00000142655	112	11	112
ENSG00000232596	0	0	0
ENSG00000235054	0	0	0
ENSG00000232663	0	0	0
ENSG00000240409	1	0	1
ENSG00000229344	3	0	3
ENSG00000231510	0	0	0
ENSG00000149527	105	1	104
ENSG00000284739	0	0	0
ENSG00000171621	42	1	41
ENSG00000272235	0	0	0
ENSG00000284694	0	0	0
ENSG00000230021	4	18	4
ENSG00000287356	7	4	3
ENSG00000224387	1	1	0
ENSG00000285629	0	0	0
ENSG00000173673	0	0	0
ENSG00000142583	33	0	33
ENSG00000284674	0	0	0
ENSG00000272161	0	0	0
ENSG00000237094	178	0	178
ENSG00000224338	0	0	0
ENSG00000074800	4301	8	4294
ENSG00000116786	741	0	837
ENSG00000287727	2	2	0
ENSG00000228423	0	0	0
ENSG00000286448	0	6	0
ENSG00000131686	22	12	16
ENSG00000229305	0	0	0
ENSG00000284703	3	0	3
ENSG00000226457	0	0	0
ENSG00000173614	136	1	135
ENSG00000248527	2020	92	1928
ENSG00000215720	0	0	0
ENSG00000241326	0	0	0
ENSG00000233623	2	0	2
ENSG00000162592	1	3	1
ENSG00000116254	0	0	0
ENSG00000233645	0	0	0
ENSG00000204624	1	0	1
ENSG00000142606	2	21	3
ENSG00000235146	0	0	0
ENSG00000225931	9	2	7
ENSG00000171729	8	0	8
ENSG00000279457	31	0	31
ENSG00000162571	1	0	1
ENSG00000229393	5	5	0
ENSG00000037637	378	1	377
ENSG00000287586	4	0	4
ENSG00000159423	41	1	40
ENSG00000142599	3728	38	3692
ENSG00000227169	0	0	0
ENSG00000283356	0	0	0
ENSG00000011021	194	1	201
ENSG00000142615	0	0	0
ENSG00000215704	0	5	0
ENSG00000157916	965	23	1166
ENSG00000157881	287	0	287
ENSG00000238290	0	0	0
ENSG00000225387	0	0	0
ENSG00000048707	1004	2	1002
ENSG00000158748	4	0	4
ENSG00000225196	0	0	0
ENSG00000162444	126	1	125
ENSG00000279625	0	1	0
ENSG00000180758	79	0	79
ENSG00000184677	594	1	593
ENSG00000230679	1	0	2
ENSG00000270136	0	0	0
ENSG00000288398	27	0	27
ENSG00000224621	0	0	0
ENSG00000285833	0	0	0
ENSG00000131697	73	0	75
ENSG00000284692	0	0	0
ENSG00000284745	0	0	0
ENSG00000280222	0	0	0
ENSG00000227634	0	0	0
ENSG00000285945	0	0	0
ENSG00000229162	4	0	4
ENSG00000197921	0	0	0
ENSG00000233755	0	0	0
ENSG00000233929	0	0	0
ENSG00000271742	0	0	0
ENSG00000226396	6	0	6
ENSG00000169504	337	1	336
ENSG00000234166	0	7	0
ENSG00000235282	0	0	0
ENSG00000055070	905	1	1410
ENSG00000175087	116	1	115
ENSG00000157191	919	4	916
ENSG00000284699	0	0	0
ENSG00000230035	0	0	0
ENSG00000235185	0	0	0
ENSG00000225643	2	0	2
ENSG00000284666	0	0	0
ENSG00000228943	1	1	0
ENSG00000234397	1	0	1
ENSG00000284309	0	0	0
ENSG00000162511	13533	25	23168
ENSG00000158014	0	0	0
ENSG00000204138	271	0	271
ENSG00000233419	0	0	0
ENSG00000235263	0	0	0
ENSG00000228176	0	0	0
ENSG00000231251	0	0	0
ENSG00000142675	20	0	20
ENSG00000197245	0	0	0
ENSG00000261025	0	0	0
ENSG00000116237	275	1	286
ENSG00000130772	196	0	196
ENSG00000215899	0	0	0
ENSG00000271398	0	0	0
ENSG00000225011	0	0	0
ENSG00000235069	0	0	0
ENSG00000284676	0	0	0
ENSG00000237058	0	0	0
ENSG00000233399	0	0	0
ENSG00000090020	838	0	838
ENSG00000157978	1256	1	1255
ENSG00000226944	0	0	0
ENSG00000270282	0	0	0
ENSG00000130770	207	13	324
ENSG00000229044	0	58	0
ENSG00000162512	24	0	24
ENSG00000158006	284	0	284
ENSG00000214812	0	0	0
ENSG00000126698	818	4	814
ENSG00000229447	1	0	1
ENSG00000229607	0	0	0
ENSG00000130766	203	0	203
ENSG00000168528	36	0	36
ENSG00000196581	0	0	0
ENSG00000169403	6161	5	6156
ENSG00000084628	0	0	0
ENSG00000060688	270	0	270
ENSG00000171612	23	0	23
ENSG00000270927	0	0	0
ENSG00000188910	2	2	0
ENSG00000230523	0	0	0
ENSG00000116138	258	57	234
ENSG00000158161	464	3	462
ENSG00000142684	0	0	24
ENSG00000234619	0	0	0
ENSG00000121769	6	7	0
ENSG00000142627	6	0	6
ENSG00000284668	0	0	0
ENSG00000233234	0	0	0
ENSG00000142632	61	0	68
ENSG00000234593	0	0	0
ENSG00000158292	16	0	16
ENSG00000270605	25	0	27
ENSG00000189337	198	0	238
ENSG00000232912	70	0	72
ENSG00000235084	1	0	1
ENSG00000235143	0	0	0
ENSG00000225478	0	0	0
ENSG00000225077	1	11	0
ENSG00000028137	8059	12	8047
ENSG00000238249	0	0	0
ENSG00000204464	0	0	0
ENSG00000233372	0	0	0
ENSG00000283259	0	0	0
ENSG00000284543	5	0	5
ENSG00000130939	838	0	838
ENSG00000175147	0	40	0
ENSG00000127472	0	0	0
ENSG00000060656	3	0	3
ENSG00000163867	125	2	123
ENSG00000232768	0	0	0
ENSG00000230214	0	0	0
ENSG00000189280	1	1	0
ENSG00000134698	3383	7	3376
ENSG00000134690	30	0	30
ENSG00000272420	0	0	0
ENSG00000132881	16	0	16
ENSG00000273274	1	1	0
ENSG00000116251	809	2	809
ENSG00000272510	0	12	4
ENSG00000158286	22	2	24
ENSG00000236648	0	0	0
ENSG00000232273	2	0	2
ENSG00000009709	0	0	0
ENSG00000287396	0	0	0
ENSG00000223589	0	0	0
ENSG00000158008	0	0	0
ENSG00000130940	62	0	113
ENSG00000116771	68	1	84
ENSG00000237301	2	2	0
ENSG00000162585	137	67	142
ENSG00000163879	0	0	0
ENSG00000227527	0	0	0
ENSG00000116954	231	0	231
ENSG00000228589	4	0	4
ENSG00000163873	2	0	2
ENSG00000117215	8	0	8
ENSG00000196449	82	2	91
ENSG00000230163	0	11	0
ENSG00000227538	0	0	0
ENSG00000232208	10	0	10
ENSG00000236500	0	0	0
ENSG00000044012	0	0	0
ENSG00000179051	738	3	880
ENSG00000215895	1	0	1
ENSG00000231868	0	6	0
ENSG00000284650	0	0	0
ENSG00000237329	0	0	0
ENSG00000236948	0	0	0
ENSG00000126067	511	0	511
ENSG00000274944	0	0	0
ENSG00000132906	247	0	252
ENSG00000197312	409	0	409
ENSG00000284748	0	0	0
ENSG00000272078	5	56	0
ENSG00000173660	393	0	393
ENSG00000224592	0	0	0
ENSG00000233728	0	7	0
ENSG00000230451	0	0	0
ENSG00000231606	0	0	0
ENSG00000215900	0	0	0
ENSG00000284632	0	0	0
ENSG00000241014	5	0	5
ENSG00000054118	2382	10	2373
ENSG00000254553	0	0	0
ENSG00000284653	0	0	0
ENSG00000237749	0	0	0
ENSG00000276747	5	0	5
ENSG00000284705	0	0	0
ENSG00000228776	0	0	0
ENSG00000159339	1247	1	1246
ENSG00000223814	0	0	0
ENSG00000197982	72	10	73
ENSG00000261781	0	0	0
ENSG00000183317	2	0	2
ENSG00000183386	319	1	318
ENSG00000284743	0	0	0
ENSG00000158315	1	2	0
ENSG00000204084	297	0	346
ENSG00000186973	0	0	0
ENSG00000271806	6	8	6
ENSG00000146463	384	2	420
ENSG00000279214	0	0	0
ENSG00000183520	142	1	141
ENSG00000271741	0	0	0
ENSG00000214141	0	0	0
ENSG00000142686	54	1	53
ENSG00000224751	0	0	0
ENSG00000279096	0	0	0
ENSG00000117148	0	0	0
ENSG00000230585	0	0	0
ENSG00000117000	559	1	558
ENSG00000284989	0	0	0
ENSG00000231630	0	0	0
ENSG00000092853	28	0	30
ENSG00000255811	0	0	0
ENSG00000134697	232	1	231
ENSG00000187513	3	0	3
ENSG00000238145	0	0	0
ENSG00000225142	0	0	0
ENSG00000230138	12	0	12
ENSG00000223390	0	6	0
ENSG00000285823	2	0	2
ENSG00000284720	0	0	0
ENSG00000225028	0	0	0
ENSG00000225671	0	0	0
ENSG00000116151	23	0	23
ENSG00000226147	0	0	0
ENSG00000182873	13	16	0
ENSG00000006555	69	1	68
ENSG00000236111	0	0	0
ENSG00000066056	4	0	4
ENSG00000214114	227	6	221
ENSG00000173436	46	1	46
ENSG00000116544	5	0	5
ENSG00000231900	0	0	0
ENSG00000236723	0	140	2
ENSG00000232467	0	0	0
ENSG00000117016	56	0	56
ENSG00000121310	260	0	260
ENSG00000169213	0	0	0
ENSG00000163866	250	0	261
ENSG00000225779	0	0	0
ENSG00000284601	0	0	0
ENSG00000237130	0	0	0
ENSG00000143001	0	0	0
ENSG00000229716	0	0	0
ENSG00000226133	0	0	0
ENSG00000227416	0	0	0
ENSG00000232335	0	2	0
ENSG00000260971	0	0	0
ENSG00000259832	0	0	0
ENSG00000284696	0	0	0
ENSG00000238242	0	0	0
ENSG00000285839	0	0	0
ENSG00000237290	0	0	0
ENSG00000232762	0	0	0
ENSG00000117419	98	0	98
ENSG00000162384	220	11	230
ENSG00000162391	1	3	0
ENSG00000174348	6	0	8
ENSG00000154198	0	0	0
ENSG00000117859	641	19	634
ENSG00000228121	0	0	0
ENSG00000253313	0	0	0
ENSG00000162396	42	0	42
ENSG00000203995	0	0	0
ENSG00000227742	0	0	0
ENSG00000284686	0	0	0
ENSG00000162378	533	1	532
ENSG00000233079	0	0	0
ENSG00000259818	0	0	0
ENSG00000229444	0	0	1
ENSG00000240563	5	0	5
ENSG00000234318	0	0	0
ENSG00000284773	14	0	14
ENSG00000234481	0	0	0
ENSG00000117862	57	0	57
ENSG00000235612	0	0	0
ENSG00000228369	0	0	0
ENSG00000183431	685	0	685
ENSG00000227485	0	0	0
ENSG00000224609	2	0	2
ENSG00000235545	0	0	0
ENSG00000236646	0	0	0
ENSG00000169174	0	0	0
ENSG00000232198	0	0	0
ENSG00000238063	1	0	1
ENSG00000227104	0	0	0
ENSG00000243725	4	0	4
ENSG00000171872	0	0	0
ENSG00000162407	14	0	14
ENSG00000285079	0	0	0
ENSG00000169218	1	0	1
ENSG00000163877	303	2	301
ENSG00000228929	1	0	1
ENSG00000224570	0	0	0
ENSG00000224980	0	0	0
ENSG00000278967	0	0	0
ENSG00000157184	80	16	227
ENSG00000272491	2	0	4
ENSG00000198815	843	1	842
ENSG00000134744	772	5	767
ENSG00000233910	0	0	0
ENSG00000287703	0	0	0
ENSG00000283039	0	0	0
ENSG00000229032	0	0	0
ENSG00000229294	0	0	0
ENSG00000232993	0	2	0
ENSG00000234088	0	0	0
ENSG00000236973	0	0	0
ENSG00000227947	0	0	0
ENSG00000277397	0	0	0
ENSG00000271200	1	0	1
ENSG00000235446	0	0	0
ENSG00000261196	0	0	0
ENSG00000162385	287	1	286
ENSG00000231413	0	0	0
ENSG00000234264	0	0	0
ENSG00000242391	0	0	0
ENSG00000223883	0	0	0
ENSG00000284808	0	0	0
ENSG00000242267	0	0	0
ENSG00000237227	0	0	0
ENSG00000275350	0	0	0
ENSG00000116652	4	0	5
ENSG00000123080	49	2	47
ENSG00000285778	0	0	0
ENSG00000077549	3765	7	3759
ENSG00000233407	0	0	0
ENSG00000225675	4	0	4
ENSG00000237622	0	0	0
ENSG00000162598	5	0	5
ENSG00000280317	0	0	0
ENSG00000162415	8	0	8
ENSG00000162600	191	0	191
ENSG00000116704	272	0	272
ENSG00000227644	0	0	0
ENSG00000157193	70	0	93
ENSG00000116205	264	2	270
ENSG00000198841	20	0	20
ENSG00000116212	61	0	61
ENSG00000234204	0	0	0
ENSG00000233099	1	0	1
ENSG00000233994	2	0	2
ENSG00000237180	0	0	0
ENSG00000213561	0	0	0
ENSG00000233973	0	0	0
ENSG00000237552	0	0	0
ENSG00000132854	0	0	0
ENSG00000227556	0	0	0
ENSG00000162616	49	0	49
ENSG00000162607	641	0	641
ENSG00000233602	2	0	2
ENSG00000233271	0	0	0
ENSG00000285954	9	9	0
ENSG00000233333	0	0	0
ENSG00000154027	64	1	63
ENSG00000234108	0	0	0
ENSG00000232676	0	0	0
ENSG00000225167	0	0	0
ENSG00000132122	27	1	26
ENSG00000213579	0	0	0
ENSG00000137960	0	0	0
ENSG00000237852	1	0	1
ENSG00000116745	0	0	0
ENSG00000132855	0	0	0
ENSG00000285407	0	0	0
ENSG00000272855	0	0	0
ENSG00000270549	0	0	0
ENSG00000237163	0	0	0
ENSG00000229636	0	0	0
ENSG00000116675	6	0	6
ENSG00000162433	13	0	13
ENSG00000213625	673	0	673
ENSG00000227207	0	0	0
ENSG00000227016	0	0	0
ENSG00000233664	0	0	0
ENSG00000158966	26	0	26
ENSG00000213703	0	0	0
ENSG00000203965	32	0	36
ENSG00000223479	0	0	0
ENSG00000233674	0	0	0
ENSG00000153898	99	1	98
ENSG00000117069	0	0	0
ENSG00000125703	146	1	145
ENSG00000285041	0	0	0
ENSG00000285808	0	0	0
ENSG00000229440	0	0	0
ENSG00000234144	0	0	0
ENSG00000213540	0	0	0
ENSG00000277670	0	0	0
ENSG00000227466	0	0	0
ENSG00000154007	0	0	0
ENSG00000230498	0	0	0
ENSG00000285782	0	0	0
ENSG00000162618	0	0	0
ENSG00000224493	0	0	0
ENSG00000131233	0	0	0
ENSG00000272371	2	0	2
ENSG00000287647	0	0	0
ENSG00000229225	0	0	0
ENSG00000230863	0	0	0
ENSG00000213560	0	0	0
ENSG00000287224	0	0	0
ENSG00000225598	0	0	0
ENSG00000286455	0	0	0
ENSG00000225087	0	0	0
ENSG00000224986	0	0	0
ENSG00000280378	11	0	11
ENSG00000188786	949	2	947
ENSG00000230053	0	0	0
ENSG00000137941	7	0	7
ENSG00000273338	1	0	1
ENSG00000223720	0	0	0
ENSG00000224326	0	0	0
ENSG00000286548	1	0	1
ENSG00000066135	212	0	282
ENSG00000230027	0	0	0
ENSG00000233061	0	0	0
ENSG00000272094	0	0	0
ENSG00000228853	0	0	0
ENSG00000215874	0	0	0
ENSG00000232453	6	0	6
ENSG00000260386	2	0	2
ENSG00000284895	0	0	0
ENSG00000117174	183	0	183
ENSG00000237413	0	0	0
ENSG00000184313	1	0	1
ENSG00000284645	0	0	0
ENSG00000225605	0	0	0
ENSG00000225446	0	0	0
ENSG00000288543	0	0	0
ENSG00000122420	2	0	2
ENSG00000284240	0	0	0
ENSG00000236290	0	0	0
ENSG00000143013	273	0	273
ENSG00000226084	10	0	10
ENSG00000134748	747	1	746
ENSG00000142892	264	0	264
ENSG00000219102	0	0	0
ENSG00000184005	32	0	32
ENSG00000230953	8	8	0
ENSG00000287743	0	0	0
ENSG00000229332	0	0	0
ENSG00000227937	0	0	0
ENSG00000229752	0	0	0
ENSG00000237505	2	0	2
ENSG00000285462	0	0	0
ENSG00000233216	0	0	0
ENSG00000197273	0	0	0
ENSG00000226804	0	0	0
ENSG00000285325	0	0	0
ENSG00000230728	0	0	0
ENSG00000162402	1393	0	1393
ENSG00000232846	0	0	0
ENSG00000219201	1	0	1
ENSG00000230787	0	0	0
ENSG00000116641	81	1	80
ENSG00000235927	2	5	0
ENSG00000223920	0	0	0
ENSG00000237453	0	0	0
ENSG00000172260	5	0	5
ENSG00000285473	0	0	0
ENSG00000237959	0	0	0
ENSG00000231364	0	0	0
ENSG00000234578	0	0	0
ENSG00000117480	38	0	38
ENSG00000137944	186	0	186
ENSG00000229505	0	0	0
ENSG00000228187	0	0	0
ENSG00000285201	0	0	0
ENSG00000182183	82	1	81
ENSG00000236407	0	0	0
ENSG00000271949	0	0	0
ENSG00000227062	0	0	0
ENSG00000067334	529	2	527
ENSG00000235011	0	0	0
ENSG00000235673	0	0	0
ENSG00000226938	0	0	0
ENSG00000213559	0	0	0
ENSG00000287587	0	0	0
ENSG00000142949	10	0	10
ENSG00000116133	113	3	121
ENSG00000232882	1	0	1
ENSG00000171502	15	1	14
ENSG00000162399	1	1	0
ENSG00000116157	76	2	74
ENSG00000143036	3	0	3
ENSG00000232672	0	0	0
ENSG00000230817	0	0	0
ENSG00000235613	0	0	0
ENSG00000065243	1397	0	1397
ENSG00000226759	0	0	0
ENSG00000226960	0	0	0
ENSG00000234080	0	0	0
ENSG00000237899	0	0	0
ENSG00000225492	5	0	5
ENSG00000223905	0	0	0
ENSG00000227290	0	0	0
ENSG00000229486	0	0	0
ENSG00000282898	0	0	0
ENSG00000285409	0	0	0
ENSG00000231090	2	0	2
ENSG00000117528	224	0	224
ENSG00000271723	0	0	0
ENSG00000172339	22	0	22
ENSG00000036549	354	0	354
ENSG00000287724	0	8	0
ENSG00000058799	638	0	638
ENSG00000225191	0	0	0
ENSG00000287870	0	0	0
ENSG00000235563	0	0	0
ENSG00000232048	0	0	0
ENSG00000232857	0	0	0
ENSG00000273637	0	0	0
ENSG00000203985	0	0	0
ENSG00000228838	1	5	0
ENSG00000283761	0	0	0
ENSG00000189433	0	0	0
ENSG00000230759	0	0	0
ENSG00000231866	0	0	0
ENSG00000179178	0	0	0
ENSG00000142700	0	0	0
ENSG00000285525	0	0	0
ENSG00000236098	0	0	0
ENSG00000233514	0	0	0
ENSG00000127124	198	0	198
ENSG00000266993	8	46	3
ENSG00000223675	0	0	0
ENSG00000162604	146	0	146
ENSG00000229316	0	0	0
ENSG00000116171	520	0	520
ENSG00000287406	0	0	0
ENSG00000225767	0	0	0
ENSG00000234099	0	0	0
ENSG00000137936	11	2	9
ENSG00000235308	3	3	0
ENSG00000232752	0	0	0
ENSG00000235829	0	0	0
ENSG00000143032	0	0	0
ENSG00000226745	0	0	0
ENSG00000178028	325	1	324
ENSG00000280040	0	0	0
ENSG00000168710	811	3	808
ENSG00000117519	30	0	30
ENSG00000270507	0	0	0
ENSG00000238037	0	0	0
ENSG00000215869	0	0	0
ENSG00000134215	788	2	786
ENSG00000227935	0	0	0
ENSG00000229887	0	0	0
ENSG00000228502	1	0	1
ENSG00000236268	0	0	0
ENSG00000271277	0	0	0
ENSG00000236888	0	0	0
ENSG00000279778	1	0	1
ENSG00000232015	0	0	0
ENSG00000230955	0	49	0
ENSG00000230828	0	0	0
ENSG00000188641	1257	0	1334
ENSG00000152078	5	0	5
ENSG00000237279	0	0	0
ENSG00000233359	0	0	0
ENSG00000237954	0	0	0
ENSG00000185668	2	0	2
ENSG00000171492	485	0	485
ENSG00000233129	0	0	0
ENSG00000170989	1833	1	1832
ENSG00000258634	52	0	75
ENSG00000233557	0	0	0
ENSG00000237897	0	0	0
ENSG00000116299	1194	3	1193
ENSG00000137962	4	0	4
ENSG00000227832	0	0	0
ENSG00000286692	0	0	0
ENSG00000260464	6	0	6
ENSG00000237435	0	0	0
ENSG00000231996	0	0	0
ENSG00000273204	0	0	0
ENSG00000079739	318	4	347
ENSG00000117154	0	0	0
ENSG00000162377	86	4	82
ENSG00000224613	0	0	0
ENSG00000215871	0	0	0
ENSG00000287372	0	0	0
ENSG00000232542	0	0	0
ENSG00000231095	0	0	0
ENSG00000116774	1	0	1
ENSG00000287756	0	0	0
ENSG00000269113	0	0	0
ENSG00000284652	0	0	0
ENSG00000023909	167	0	167
ENSG00000069702	415	1	414
ENSG00000232185	0	0	0
ENSG00000230489	3	0	3
ENSG00000228399	0	0	0
ENSG00000236776	0	0	0
ENSG00000285928	2	2	0
ENSG00000224685	0	0	0
ENSG00000287076	0	0	0
ENSG00000237480	0	0	0
ENSG00000271252	0	0	0
ENSG00000230427	0	0	0
ENSG00000235794	0	0	0
ENSG00000286758	0	0	0
ENSG00000237337	0	0	0
ENSG00000233983	0	0	0
ENSG00000198198	792	28	907
ENSG00000225183	0	0	0
ENSG00000230402	0	0	0
ENSG00000116793	286	0	286
ENSG00000134201	5	0	5
ENSG00000238122	0	0	0
ENSG00000260879	0	26	0
ENSG00000213366	113	0	113
ENSG00000230864	0	0	0
ENSG00000283354	0	0	0
ENSG00000232918	0	0	0
ENSG00000236360	1	1	0
ENSG00000183298	0	0	9
ENSG00000234332	6	0	6
ENSG00000117525	0	0	0
ENSG00000225079	10	1	9
ENSG00000226483	0	0	0
ENSG00000224238	0	0	0
ENSG00000229537	0	0	0
ENSG00000162699	0	0	0
ENSG00000162692	1	0	1
ENSG00000203914	1	0	1
ENSG00000270457	1	0	1
ENSG00000203858	0	0	0
ENSG00000231987	0	0	0
ENSG00000228057	0	0	0
ENSG00000261593	0	0	0
ENSG00000224445	0	0	0
ENSG00000229842	0	0	0
ENSG00000270631	0	0	0
ENSG00000229201	0	0	0
ENSG00000181656	1	0	1
ENSG00000122481	16	0	16
ENSG00000198162	483	0	483
ENSG00000238198	1	1	0
ENSG00000171517	5	0	5
ENSG00000228852	7	7	0
ENSG00000203864	0	0	0
ENSG00000233482	0	0	0
ENSG00000230250	0	0	0
ENSG00000232878	2	78	0
ENSG00000143079	26	0	26
ENSG00000232450	4	1	3
ENSG00000223575	0	0	0
ENSG00000230768	0	0	0
ENSG00000235202	0	0	0
ENSG00000272715	0	0	0
ENSG00000235038	0	0	0
ENSG00000143093	481	2	479
ENSG00000226415	3	0	3
ENSG00000085491	283	3	309
ENSG00000173947	3	0	3
ENSG00000241361	0	0	0
ENSG00000230434	0	0	0
ENSG00000230718	0	0	0
ENSG00000134198	531	1	530
ENSG00000235595	0	0	0
ENSG00000226053	0	0	0
ENSG00000226128	0	0	0
ENSG00000198799	243	0	270
ENSG00000279513	1	0	1
ENSG00000117620	132	4	130
ENSG00000280186	0	0	0
ENSG00000223906	0	0	0
ENSG00000162688	264	0	264
ENSG00000197106	0	0	0
ENSG00000259946	0	0	0
ENSG00000236137	1	28	1
ENSG00000203859	0	0	0
ENSG00000228086	0	53	0
ENSG00000213421	0	0	0
ENSG00000234020	0	0	0
ENSG00000060718	0	0	0
ENSG00000236804	0	0	0
ENSG00000231072	0	0	0
ENSG00000273406	0	0	0
ENSG00000185946	381	0	381
ENSG00000162627	10	0	10
ENSG00000226715	0	9	0
ENSG00000162695	331	0	331
ENSG00000134184	0	0	0
ENSG00000265808	771	0	771
ENSG00000261290	0	0	0
ENSG00000225923	0	0	0
ENSG00000134247	28	0	28
ENSG00000187481	0	0	0
ENSG00000116752	201	0	201
ENSG00000162664	175	2	173
ENSG00000236866	0	0	0
ENSG00000134253	3	0	3
ENSG00000277655	0	0	0
ENSG00000223416	1	0	1
ENSG00000213226	0	0	0
ENSG00000179571	0	0	0
ENSG00000227850	0	0	0
ENSG00000243967	0	0	0
ENSG00000235777	0	1	0
ENSG00000260246	0	0	0
ENSG00000173218	88	0	88
ENSG00000285532	0	0	0
ENSG00000226755	0	0	0
ENSG00000232650	0	0	0
ENSG00000183508	644	0	644
ENSG00000277095	0	0	0
ENSG00000236806	0	0	0
ENSG00000234283	0	0	0
ENSG00000237188	1	0	1
ENSG00000232780	0	0	0
ENSG00000274927	0	0	0
ENSG00000264145	0	0	0
ENSG00000238256	0	0	0
ENSG00000198765	0	0	0
ENSG00000224335	0	0	0
ENSG00000277702	0	0	0
ENSG00000143398	537	0	537
ENSG00000196505	302	2	302
ENSG00000225871	10	21	0
ENSG00000223489	0	0	0
ENSG00000230546	0	0	0
ENSG00000213262	0	0	0
ENSG00000287015	0	0	0
ENSG00000241720	0	8	0
ENSG00000235526	0	0	0
ENSG00000228347	0	0	0
ENSG00000276975	0	0	0
ENSG00000236012	0	0	0
ENSG00000270911	2	2	0
ENSG00000272824	0	0	0
ENSG00000134200	1	1	0
ENSG00000234257	0	0	0
ENSG00000065183	274	0	305
ENSG00000227082	4	0	4
ENSG00000228626	0	0	0
ENSG00000226126	0	0	0
ENSG00000163393	431	0	431
ENSG00000163156	375	8	372
ENSG00000143631	2	2	0
ENSG00000156150	0	23	0
ENSG00000228453	0	0	0
ENSG00000274642	0	0	0
ENSG00000177551	0	0	0
ENSG00000197323	923	1	922
ENSG00000237975	0	0	0
ENSG00000261168	1	0	1
ENSG00000287980	0	0	0
ENSG00000229283	0	0	0
ENSG00000271419	0	0	0
ENSG00000226172	0	0	0
ENSG00000079335	328	4	377
ENSG00000143119	10311	11	10300
ENSG00000237278	0	27	0
ENSG00000285062	0	0	0
ENSG00000233432	1	1	0
ENSG00000227700	0	0	0
ENSG00000229911	0	0	0
ENSG00000143520	0	0	0
ENSG00000171943	73	1	72
ENSG00000270719	0	0	0
ENSG00000155761	1	29	1
ENSG00000230806	0	0	0
ENSG00000116830	118	0	118
ENSG00000234422	0	0	0
ENSG00000227056	0	0	0
ENSG00000143614	1055	4	1051
ENSG00000227091	0	0	0
ENSG00000169418	0	0	0
ENSG00000214204	0	0	0
ENSG00000081026	36	7	29
ENSG00000225650	0	0	0
ENSG00000227179	0	0	0
ENSG00000224965	3	0	3
ENSG00000228127	2	2	0
ENSG00000226984	0	0	0
ENSG00000186150	0	0	0
ENSG00000143554	364	0	364
ENSG00000143458	296	0	296
ENSG00000230932	0	0	0
ENSG00000073754	0	0	0
ENSG00000228826	0	0	0
ENSG00000233907	0	0	0
ENSG00000225036	0	0	0
ENSG00000228420	0	0	0
ENSG00000233839	0	0	0
ENSG00000250890	0	0	0
ENSG00000232240	0	0	0
ENSG00000280649	11	4	22
ENSG00000131781	67	17	57
ENSG00000223599	0	0	0
ENSG00000230921	0	0	0
ENSG00000286151	11	0	11
ENSG00000234388	0	0	0
ENSG00000235015	0	0	0
ENSG00000271736	19	0	19
ENSG00000235988	0	0	0
ENSG00000233717	0	0	0
ENSG00000231551	65	24	42
ENSG00000227295	1	0	1
ENSG00000163155	50	13	40
ENSG00000243613	0	49	0
ENSG00000241975	24	0	24
ENSG00000271143	0	0	0
ENSG00000270976	0	0	0
ENSG00000228217	0	0	0
ENSG00000270342	0	0	0
ENSG00000143552	3	1	2
ENSG00000175984	17	0	17
ENSG00000231100	0	0	0
ENSG00000116824	1154	1	1153
ENSG00000235887	0	0	0
ENSG00000237460	0	0	0
ENSG00000236327	0	0	0
ENSG00000223804	26	4	22
ENSG00000236887	0	0	0
ENSG00000024526	5	0	5
ENSG00000236480	0	0	0
ENSG00000235756	0	0	0
ENSG00000173810	1	1	0
ENSG00000235005	0	0	0
ENSG00000271890	0	0	0
ENSG00000238107	0	0	0
ENSG00000227425	0	0	0
ENSG00000233222	0	8	0
ENSG00000225279	0	0	0
ENSG00000229101	0	0	0
ENSG00000224927	0	0	0
ENSG00000239216	0	0	0
ENSG00000283360	1	1	0
ENSG00000117262	31	0	31
ENSG00000227907	0	0	0
ENSG00000143624	1113	3	1217
ENSG00000227970	0	0	0
ENSG00000261055	4	0	4
ENSG00000231613	1	0	1
ENSG00000137947	543	0	543
ENSG00000236689	0	0	0
ENSG00000233589	0	0	0
ENSG00000117586	155	0	155
ENSG00000230946	0	0	0
ENSG00000226028	0	0	0
ENSG00000162728	0	0	0
ENSG00000229021	0	0	0
ENSG00000203825	0	0	0
ENSG00000184371	234	2	232
ENSG00000233449	0	0	0
ENSG00000242943	0	0	0
ENSG00000233203	0	0	0
ENSG00000232499	0	0	0
ENSG00000232265	0	0	0
ENSG00000163154	629	3	629
ENSG00000232995	5	0	6
ENSG00000236957	0	0	0
ENSG00000238087	0	0	0
ENSG00000227777	0	0	0
ENSG00000177173	2	0	2
ENSG00000277406	31	0	31
ENSG00000238022	0	0	0
ENSG00000231671	0	0	0
ENSG00000162729	203	0	203
ENSG00000143158	144	15	211
ENSG00000271092	2	0	2
ENSG00000238118	0	0	0
ENSG00000276118	0	0	0
ENSG00000232148	0	0	0
ENSG00000278811	2	17	0
ENSG00000000460	65	87	74
ENSG00000188859	0	0	0
ENSG00000275075	0	0	0
ENSG00000135862	87	0	87
ENSG00000232952	0	0	0
ENSG00000158473	255	0	255
ENSG00000227722	0	0	0
ENSG00000285922	0	0	0
ENSG00000275801	2	0	2
ENSG00000143198	181	0	181
ENSG00000143318	5	2	3
ENSG00000232188	0	0	0
ENSG00000232212	0	0	0
ENSG00000143621	749	9	741
ENSG00000241042	0	0	0
ENSG00000143155	399	0	399
ENSG00000260322	0	0	0
ENSG00000223495	0	0	0
ENSG00000143156	33	0	44
ENSG00000198771	3098	17	3175
ENSG00000225462	0	0	0
ENSG00000237756	0	0	0
ENSG00000116147	0	0	0
ENSG00000213064	820	1	903
ENSG00000203307	0	0	0
ENSG00000143179	70	0	83
ENSG00000271187	0	0	0
ENSG00000274562	0	0	0
ENSG00000143315	121	0	121
ENSG00000116199	350	1	349
ENSG00000231175	0	0	0
ENSG00000143185	47	0	47
ENSG00000235145	0	0	0
ENSG00000116260	746	1	745
ENSG00000272931	6	0	6
ENSG00000143190	446	0	493
ENSG00000225475	0	0	0
ENSG00000230898	0	0	0
ENSG00000232223	0	0	0
ENSG00000224698	0	0	0
ENSG00000287697	5	1	5
ENSG00000075945	157	1	165
ENSG00000235303	0	0	0
ENSG00000234810	1	0	1
ENSG00000232750	0	0	0
ENSG00000224468	0	0	0
ENSG00000235628	0	0	0
ENSG00000232551	0	0	0
ENSG00000092607	0	0	0
ENSG00000238270	0	0	0
ENSG00000285894	0	0	0
ENSG00000236025	0	0	0
ENSG00000230687	0	0	0
ENSG00000230704	0	0	0
ENSG00000283255	0	0	0
ENSG00000227741	3	43	2
ENSG00000237049	1	0	1
ENSG00000286754	0	0	0
ENSG00000232751	0	0	0
ENSG00000236364	1	14	0
ENSG00000117091	913	9	2655
ENSG00000235378	0	0	0
ENSG00000143171	0	0	0
ENSG00000275767	0	0	0
ENSG00000224718	0	0	0
ENSG00000047410	3032	6	3146
ENSG00000231992	0	0	0
ENSG00000018625	0	0	0
ENSG00000171806	72	0	75
ENSG00000287919	0	0	0
ENSG00000229914	0	0	0
ENSG00000233882	0	0	0
ENSG00000198358	0	1	0
ENSG00000229407	0	0	0
ENSG00000134216	0	0	0
ENSG00000230748	0	0	0
ENSG00000254154	0	0	0
ENSG00000162694	36	0	36
ENSG00000238108	0	0	0
ENSG00000214262	0	84	0
ENSG00000183853	0	0	0
ENSG00000215835	4	0	4
ENSG00000118197	312	0	312
ENSG00000135842	14673	28	14645
ENSG00000229258	0	0	0
ENSG00000287472	0	0	0
ENSG00000241318	0	0	0
ENSG00000228238	1	0	1
ENSG00000232393	0	0	0
ENSG00000121454	19	48	1
ENSG00000184155	0	0	0
ENSG00000058085	0	0	0
ENSG00000260088	0	0	0
ENSG00000287978	45	0	45
ENSG00000116815	404	1	403
ENSG00000232917	0	0	0
ENSG00000233057	1	0	1
ENSG00000237131	0	0	0
ENSG00000233946	0	0	0
ENSG00000143167	101	1	100
ENSG00000143184	50	0	50
ENSG00000231966	0	0	0
ENSG00000176320	0	0	0
ENSG00000260976	0	0	0
ENSG00000235215	0	0	0
ENSG00000223450	0	0	0
ENSG00000224691	0	0	0
ENSG00000286572	0	0	0
ENSG00000235101	4	4	0
ENSG00000228215	2	0	2
ENSG00000177807	0	0	0
ENSG00000233626	0	0	0
ENSG00000233691	0	0	0
ENSG00000283518	0	0	0
ENSG00000271527	0	0	0
ENSG00000143228	18	1	18
ENSG00000235827	0	0	0
ENSG00000231615	0	0	0
ENSG00000231714	0	0	0
ENSG00000174514	16	3	16
ENSG00000143178	31	0	31
ENSG00000224837	0	0	0
ENSG00000116833	0	0	0
ENSG00000227740	9	0	9
ENSG00000260990	0	0	0
ENSG00000000457	246	20	319
ENSG00000143507	64	1	63
ENSG00000285638	0	0	0
ENSG00000226520	0	0	0
ENSG00000284592	0	0	0
ENSG00000230987	0	0	0
ENSG00000232527	0	0	0
ENSG00000215833	0	0	0
ENSG00000228167	0	0	0
ENSG00000225325	0	0	0
ENSG00000223344	0	0	0
ENSG00000228191	0	0	0
ENSG00000229961	19	0	19
ENSG00000150732	0	0	0
ENSG00000157064	2	0	2
ENSG00000288139	0	0	0
ENSG00000226015	11	5	6
ENSG00000215808	0	0	0
ENSG00000059588	222	1	221
ENSG00000231512	0	0	0
ENSG00000237379	0	0	0
ENSG00000232959	0	9	0
ENSG00000122224	531	12	519
ENSG00000162782	0	0	0
ENSG00000238051	0	0	0
ENSG00000233196	0	0	0
ENSG00000229220	0	0	0
ENSG00000143653	78	0	78
ENSG00000135837	1318	1	1317
ENSG00000158711	1027	0	1030
ENSG00000227747	0	0	0
ENSG00000228081	0	0	0
ENSG00000228020	0	0	0
ENSG00000234975	8	0	8
ENSG00000162851	66	0	66
ENSG00000271427	1	0	1
ENSG00000261817	0	0	0
ENSG00000143353	139	0	152
ENSG00000197965	1005	2	1003
ENSG00000143493	163	0	163
ENSG00000230777	2	0	2
ENSG00000179397	1	0	1
ENSG00000224540	0	0	0
ENSG00000117592	1215	0	1215
ENSG00000186197	11	0	11
ENSG00000229067	0	0	0
ENSG00000230231	1	1	0
ENSG00000227711	0	0	0
ENSG00000261182	0	0	0
ENSG00000228879	0	0	0
ENSG00000227925	0	0	0
ENSG00000162670	0	0	0
ENSG00000225712	0	0	0
ENSG00000162761	0	0	0
ENSG00000143199	5	0	5
ENSG00000179930	0	0	0
ENSG00000007908	0	0	0
ENSG00000092978	85	0	85
ENSG00000143499	171	0	171
ENSG00000188404	38905	39	38866
ENSG00000227735	0	0	0
ENSG00000243062	0	0	0
ENSG00000143196	0	0	0
ENSG00000228504	0	0	0
ENSG00000274702	0	0	0
ENSG00000226211	0	0	0
ENSG00000236942	1	0	1
ENSG00000287205	0	0	0
ENSG00000203697	1	0	1
ENSG00000116574	244	0	244
ENSG00000287929	0	0	0
ENSG00000186283	287	4	283
ENSG00000224896	0	0	0
ENSG00000226292	0	0	0
ENSG00000121481	211	1	210
ENSG00000227940	0	0	0
ENSG00000117139	631	1	630
ENSG00000143248	5	0	5
ENSG00000278455	0	0	0
ENSG00000224810	0	0	0
ENSG00000162814	0	0	0
ENSG00000225172	0	0	0
ENSG00000261642	0	0	0
ENSG00000228239	0	0	0
ENSG00000237283	1	1	0
ENSG00000116132	0	0	0
ENSG00000238042	0	0	0
ENSG00000271475	0	0	0
ENSG00000231877	0	0	0
ENSG00000116679	2921	1	2920
ENSG00000228536	0	0	0
ENSG00000230550	0	0	0
ENSG00000229242	0	0	0
ENSG00000253326	0	0	0
ENSG00000228470	0	0	0
ENSG00000152092	0	0	0
ENSG00000234984	0	0	0
ENSG00000231648	0	0	0
ENSG00000229983	0	0	0
ENSG00000215149	0	0	0
ENSG00000225122	0	0	0
ENSG00000225920	2	2	0
ENSG00000143476	21	0	21
ENSG00000121486	404	0	404
ENSG00000228437	0	0	0
ENSG00000214837	10	0	10
ENSG00000057252	894	0	894
ENSG00000225982	0	0	0
ENSG00000285718	0	0	0
ENSG00000234070	0	0	0
ENSG00000233620	0	0	0
ENSG00000237783	0	0	0
ENSG00000272906	5	5	18
ENSG00000233018	0	0	0
ENSG00000123685	6	0	6
ENSG00000224783	0	0	0
ENSG00000162852	717	1	716
ENSG00000232792	0	0	0
ENSG00000273004	11	0	11
ENSG00000143842	33	0	33
ENSG00000268062	1	1	0
ENSG00000237409	0	0	0
ENSG00000116962	129	0	129
ENSG00000288078	0	0	0
ENSG00000271399	0	0	0
ENSG00000229757	0	0	0
ENSG00000232679	0	0	0
ENSG00000159388	4332	1	4331
ENSG00000220749	12	0	12
ENSG00000181450	65	0	65
ENSG00000223519	1	0	19
ENSG00000120333	180	6	184
ENSG00000286285	8	0	8
ENSG00000225300	0	0	0
ENSG00000223842	1	1	0
ENSG00000162753	0	0	0
ENSG00000228247	0	0	0
ENSG00000231424	0	0	0
ENSG00000143355	0	0	0
ENSG00000287177	0	0	0
ENSG00000237193	0	0	0
ENSG00000223490	0	0	0
ENSG00000121644	284	0	284
ENSG00000174502	0	0	0
ENSG00000224286	0	0	0
ENSG00000158715	56	0	56
ENSG00000143195	4	0	4
ENSG00000162849	12	3	9
ENSG00000232824	0	0	0
ENSG00000273416	0	0	0
ENSG00000234142	1	0	1
ENSG00000282111	0	0	0
ENSG00000233410	0	0	0
ENSG00000067533	120	1	119
ENSG00000228955	2	2	0
ENSG00000270443	0	0	0
ENSG00000116209	2200	4	2196
ENSG00000224702	0	0	0
ENSG00000271811	0	0	0
ENSG00000224278	0	0	0
ENSG00000235492	0	0	0
ENSG00000287808	2	64	3
ENSG00000271588	0	0	0
ENSG00000229840	0	0	0
ENSG00000116161	387	28	370
ENSG00000226486	0	0	0
ENSG00000227687	0	0	0
ENSG00000231814	0	0	0
ENSG00000286210	0	0	0
ENSG00000287364	0	0	0
ENSG00000225063	0	0	0
ENSG00000260698	3	0	3
ENSG00000277007	5	0	5
ENSG00000229016	0	0	0
ENSG00000077157	1229	0	1241
ENSG00000152104	4	1	3
ENSG00000236975	0	0	0
ENSG00000215834	0	0	0
ENSG00000286541	0	0	0
ENSG00000117650	7	0	7
ENSG00000235021	0	0	0
ENSG00000203724	0	0	0
ENSG00000225006	0	0	0
ENSG00000287633	1	1	0
ENSG00000158764	2	0	3
ENSG00000223375	0	0	0
ENSG00000230714	0	0	0
ENSG00000261065	0	5	0
ENSG00000260855	3	0	3
ENSG00000188783	0	0	0
ENSG00000236206	0	0	0
ENSG00000168118	173	0	174
ENSG00000181101	0	0	0
ENSG00000173726	587	3	584
ENSG00000282852	0	0	0
ENSG00000152382	100	4	96
ENSG00000143839	0	0	0
ENSG00000232100	0	0	0
ENSG00000261024	0	0	0
ENSG00000230547	0	0	0
ENSG00000229703	0	0	0
ENSG00000176754	0	0	0
ENSG00000232309	0	0	0
ENSG00000227953	3	19	2
ENSG00000232215	0	0	0
ENSG00000135829	1830	4	1891
ENSG00000228289	0	0	0
ENSG00000134717	353	0	353
ENSG00000232989	0	0	0
ENSG00000233537	0	0	0
ENSG00000116668	118	15	103
ENSG00000143756	387	0	387
ENSG00000278180	0	0	0
ENSG00000143702	396	1	454
ENSG00000232341	0	0	0
ENSG00000287676	2	0	2
ENSG00000236792	0	0	0
ENSG00000143207	1407	3	1404
ENSG00000270859	0	0	0
ENSG00000238224	0	0	0
ENSG00000286775	0	0	0
ENSG00000122176	1	0	1
ENSG00000229120	0	0	0
ENSG00000237492	0	0	0
ENSG00000230404	0	0	0
ENSG00000213036	0	0	0
ENSG00000227230	0	32	0
ENSG00000236230	0	0	0
ENSG00000026751	814	2	812
ENSG00000150681	1910	2	2547
ENSG00000116906	434	0	434
ENSG00000092969	2	0	2
ENSG00000157181	176	0	176
ENSG00000250762	0	0	0
ENSG00000236720	0	0	0
ENSG00000227421	0	0	0
ENSG00000227240	0	0	0
ENSG00000076258	24	0	24
ENSG00000286073	0	0	0
ENSG00000231084	5	5	0
ENSG00000232085	0	27	0
ENSG00000117697	310	0	310
ENSG00000279333	0	0	0
ENSG00000235083	0	0	0
ENSG00000162669	1	0	1
ENSG00000197067	0	0	0
ENSG00000229652	0	0	0
ENSG00000132681	1	0	1
ENSG00000225904	0	0	0
ENSG00000270920	0	0	0
ENSG00000281664	0	0	0
ENSG00000143641	342	1	501
ENSG00000227630	1	0	1
ENSG00000228830	0	366	0
ENSG00000010932	2	0	2
ENSG00000282849	0	0	0
ENSG00000276520	0	0	0
ENSG00000226640	0	0	0
ENSG00000010072	121	62	118
ENSG00000135766	299	6	293
ENSG00000232626	0	0	0
ENSG00000232096	0	0	0
ENSG00000279261	0	0	0
ENSG00000213051	0	0	0
ENSG00000238054	0	0	0
ENSG00000163534	680	1	679
ENSG00000168243	0	0	0
ENSG00000281453	0	0	0
ENSG00000237469	0	0	0
ENSG00000224939	0	0	0
ENSG00000227613	0	0	0
ENSG00000116183	1	0	1
ENSG00000270106	0	0	0
ENSG00000232194	0	0	0
ENSG00000235152	0	0	0
ENSG00000231612	0	0	0
ENSG00000237980	2	0	2
ENSG00000271036	0	0	0
ENSG00000230849	0	0	0
ENSG00000170382	81	83	0
ENSG00000228664	0	0	0
ENSG00000226868	0	0	0
ENSG00000279401	0	0	0
ENSG00000272362	0	0	0
ENSG00000287450	0	0	0
ENSG00000237011	0	0	0
ENSG00000233583	0	0	0
ENSG00000066027	1595	6	1589
ENSG00000286263	2	0	2
ENSG00000227006	1	1	0
ENSG00000236372	0	0	0
ENSG00000224525	0	0	0
ENSG00000188770	0	0	0
ENSG00000173728	0	0	0
ENSG00000094975	439	2	437
ENSG00000225811	0	0	0
ENSG00000273093	0	0	0
ENSG00000162772	31	0	31
ENSG00000227818	0	0	0
ENSG00000135828	1040	5	1035
ENSG00000224227	0	0	0
ENSG00000286398	0	0	0
ENSG00000076356	47	0	47
ENSG00000215819	0	0	0
ENSG00000185523	1	0	1
ENSG00000236108	0	0	0
ENSG00000116711	43	0	43
ENSG00000231684	1	0	1
ENSG00000226750	0	0	0
ENSG00000285665	3	0	3
ENSG00000231022	0	0	0
ENSG00000224436	0	0	0
ENSG00000228208	0	0	0
ENSG00000273384	0	0	0
ENSG00000238061	3	0	3
ENSG00000234915	0	0	0
ENSG00000143845	6	0	11
ENSG00000235862	0	0	0
ENSG00000069812	0	0	0
ENSG00000227585	0	0	0
ENSG00000157060	0	0	0
ENSG00000237213	0	0	0
ENSG00000236439	7	0	7
ENSG00000224260	0	0	0
ENSG00000213045	3	3	0
ENSG00000287220	0	0	0
ENSG00000230063	0	0	0
ENSG00000235467	0	0	0
ENSG00000123684	2397	0	2397
ENSG00000117707	0	0	0
ENSG00000228044	0	0	0
ENSG00000225338	0	0	0
ENSG00000224407	0	160	0
ENSG00000232463	0	0	0
ENSG00000237457	0	0	0
ENSG00000225171	2	0	2
ENSG00000226843	0	0	0
ENSG00000235386	0	0	0
ENSG00000123836	248	40	248
ENSG00000213690	0	0	0
ENSG00000223982	0	0	0
ENSG00000229832	0	0	0
ENSG00000117691	84	1	83
ENSG00000225233	0	0	0
ENSG00000274895	0	0	0
ENSG00000237514	0	0	0
ENSG00000287856	0	0	0
ENSG00000228067	0	0	0
ENSG00000284299	0	0	0
ENSG00000226375	0	0	0
ENSG00000203705	189	1	188
ENSG00000224040	0	0	0
ENSG00000228686	22	22	0
ENSG00000279838	18	1	17
ENSG00000174175	119	0	119
ENSG00000236401	0	0	0
ENSG00000241475	0	0	0
ENSG00000215800	1	1	0
ENSG00000286421	0	0	0
ENSG00000270936	0	0	0
ENSG00000008118	0	0	0
ENSG00000171161	372	2	370
ENSG00000241505	0	0	0
ENSG00000224535	0	0	0
ENSG00000282097	0	0	0
ENSG00000261453	1	1	0
ENSG00000231020	0	0	0
ENSG00000270818	0	0	0
ENSG00000196878	5	0	5
ENSG00000133059	364	0	364
ENSG00000225561	0	0	0
ENSG00000224668	0	0	0
ENSG00000242529	0	0	0
ENSG00000074964	129	0	129
ENSG00000223847	0	0	0
ENSG00000277704	0	0	0
ENSG00000116918	286	16	286
ENSG00000274020	68	0	83
ENSG00000287445	1	0	1
ENSG00000259815	0	0	0
ENSG00000240963	0	0	0
ENSG00000226570	0	0	0
ENSG00000198929	2	0	2
ENSG00000272167	0	0	0
ENSG00000230628	0	0	0
ENSG00000162771	0	0	0
ENSG00000227579	0	0	0
ENSG00000176393	399	1	612
ENSG00000174606	321	0	321
ENSG00000179914	10	0	10
ENSG00000235750	3858	3	3855
ENSG00000284376	0	0	0
ENSG00000121446	0	0	0
ENSG00000226758	2	0	2
ENSG00000230199	0	0	0
ENSG00000236905	0	0	0
ENSG00000233304	0	0	0
ENSG00000288007	1	0	1
ENSG00000227887	0	0	0
ENSG00000116903	553	0	612
ENSG00000228255	0	0	0
ENSG00000226196	0	0	0
ENSG00000287354	0	0	0
ENSG00000233827	0	0	0
ENSG00000198797	2	0	2
ENSG00000271746	0	0	0
ENSG00000234233	0	0	0
ENSG00000151414	1297	1	1296
ENSG00000177614	1	0	1
ENSG00000223794	0	0	0
ENSG00000235182	0	2	0
ENSG00000213041	0	0	0
ENSG00000287157	0	0	0
ENSG00000233920	0	0	0
ENSG00000183831	0	0	0
ENSG00000225755	0	0	0
ENSG00000143858	40	54	0
ENSG00000197472	0	0	0
ENSG00000230184	0	0	0
ENSG00000234004	0	0	0
ENSG00000232436	0	0	0
ENSG00000231718	0	0	0
ENSG00000283952	0	0	0
ENSG00000230019	0	0	0
ENSG00000136643	188	0	188
ENSG00000232537	0	0	0
ENSG00000226036	0	0	0
ENSG00000285521	0	0	0
ENSG00000236317	0	0	0
ENSG00000176855	0	0	0
ENSG00000227728	0	0	0
ENSG00000133069	102	2	100
ENSG00000162877	8	0	8
ENSG00000233461	47	0	47
ENSG00000225401	0	0	0
ENSG00000228190	0	0	0
ENSG00000135747	0	0	0
ENSG00000227237	0	0	0
ENSG00000069248	390	0	390
ENSG00000232812	0	0	0
ENSG00000231666	0	0	0
ENSG00000226986	0	0	0
ENSG00000242042	0	0	0
ENSG00000234464	0	0	0
ENSG00000253148	0	0	0
ENSG00000227751	0	145	0
ENSG00000090104	23	0	23
ENSG00000285280	7	644	2
ENSG00000232892	0	0	0
ENSG00000236950	0	0	0
ENSG00000236468	0	0	0
ENSG00000143322	249	0	249
ENSG00000185220	78	0	78
ENSG00000226003	1	1	0
ENSG00000230813	0	0	0
ENSG00000226862	9	0	11
ENSG00000236101	0	0	0
ENSG00000162769	176	1	175
ENSG00000133065	179	1	178
ENSG00000278684	0	0	0
ENSG00000236775	0	0	0
ENSG00000042781	0	0	0
ENSG00000234754	0	0	0
ENSG00000233084	3	0	3
ENSG00000227815	0	0	0
ENSG00000287046	0	0	0
ENSG00000223774	0	0	0
ENSG00000228863	9	1751	9
ENSG00000228646	0	0	0
ENSG00000229112	0	0	0
ENSG00000233332	0	0	0
ENSG00000231984	0	0	0
ENSG00000286213	0	0	0
ENSG00000226876	0	0	0
ENSG00000277462	20	0	20
ENSG00000225591	0	0	0
ENSG00000035687	415	1	414
ENSG00000213080	2	0	2
ENSG00000180287	0	0	0
ENSG00000226693	0	0	0
ENSG00000234678	14	228	0
ENSG00000231272	0	0	0
ENSG00000223828	0	0	0
ENSG00000163431	0	0	0
ENSG00000230124	140	1	169
ENSG00000226723	1	0	1
ENSG00000272672	0	0	0
ENSG00000143473	0	0	0
ENSG00000228982	0	0	0
ENSG00000235096	0	0	0
ENSG00000237250	0	0	0
ENSG00000007341	66	30	104
ENSG00000286747	0	0	0
ENSG00000236069	0	0	0
ENSG00000236244	0	0	0
ENSG00000272865	0	0	0
ENSG00000117222	495	1	494
ENSG00000143324	268	0	268
ENSG00000229871	0	0	0
ENSG00000225222	0	0	0
ENSG00000118193	12	0	12
ENSG00000234116	0	0	0
ENSG00000231940	1	0	1
ENSG00000198842	0	0	0
ENSG00000286619	1	0	1
ENSG00000198756	25	0	25
ENSG00000259823	1	1	0
ENSG00000271558	0	0	0
ENSG00000227554	0	0	0
ENSG00000178596	0	0	0
ENSG00000135749	148	5	156
ENSG00000143786	17	0	17
ENSG00000224584	0	0	0
ENSG00000054282	121	9	131
ENSG00000183780	1	0	1
ENSG00000229663	0	0	0
ENSG00000162702	662	0	662
ENSG00000251508	0	0	0
ENSG00000238272	0	0	0
ENSG00000228530	0	0	0
ENSG00000235060	0	0	0
ENSG00000143194	1	0	1
ENSG00000229531	0	0	0
ENSG00000271329	0	0	0
ENSG00000054267	1845	4	1843
ENSG00000261831	1	1	0
ENSG00000287921	0	0	0
ENSG00000177800	0	0	0
ENSG00000225620	0	0	0
ENSG00000232166	0	0	0
ENSG00000175137	809	3	806
ENSG00000134245	4	43	2
ENSG00000234041	0	0	0
ENSG00000227373	2	0	2
ENSG00000231905	0	0	0
ENSG00000228175	0	0	0
ENSG00000069275	1104	3	1101
ENSG00000143674	20	0	20
ENSG00000237317	0	0	0
ENSG00000187889	0	0	0
ENSG00000134375	219	0	219
ENSG00000097046	75	0	75
ENSG00000232113	0	0	0
ENSG00000282718	0	0	0
ENSG00000231378	0	0	0
ENSG00000235605	0	0	0
ENSG00000223525	0	0	0
ENSG00000224857	0	0	0
ENSG00000273367	1	0	1
ENSG00000230604	0	0	0
ENSG00000231605	0	0	0
ENSG00000236358	1	0	1
ENSG00000203737	0	0	0
ENSG00000238003	0	0	0
ENSG00000215873	0	0	0
ENSG00000287008	0	0	0
ENSG00000185420	53	0	53
ENSG00000076321	163	0	163
ENSG00000272175	0	0	0
ENSG00000231564	0	0	0
ENSG00000135778	111	9	115
ENSG00000213070	0	0	0
ENSG00000282265	0	0	0
ENSG00000250536	4	0	4
ENSG00000229747	0	0	0
ENSG00000117280	819	1	818
ENSG00000233985	0	0	0
ENSG00000232175	0	0	0
ENSG00000287423	0	0	0
ENSG00000286774	0	0	0
ENSG00000236719	0	0	0
ENSG00000136636	37	0	37
ENSG00000225486	0	0	0
ENSG00000227043	0	0	0
ENSG00000163874	380	0	380
ENSG00000285777	0	0	0
ENSG00000237249	0	0	0
ENSG00000286109	0	0	0
ENSG00000213068	0	0	0
ENSG00000054392	23	0	23
ENSG00000227994	0	0	0
ENSG00000286552	0	0	0
ENSG00000225711	0	0	0
ENSG00000122223	339	12	327
ENSG00000235869	0	0	0
ENSG00000188739	5	0	5
ENSG00000286666	0	0	0
ENSG00000135750	0	0	0
ENSG00000273198	0	0	0
ENSG00000203730	5	5	0
ENSG00000225719	0	0	0
ENSG00000273483	0	0	0
ENSG00000287987	0	0	0
ENSG00000203729	0	0	0
ENSG00000232809	0	0	0
ENSG00000284623	0	0	0
ENSG00000285981	0	0	0
ENSG00000261729	0	0	0
ENSG00000223869	0	0	0
ENSG00000229228	0	0	0
ENSG00000215796	0	0	0
ENSG00000185221	0	0	0
ENSG00000233047	0	0	0
ENSG00000143341	1	0	1
ENSG00000228309	0	0	0
ENSG00000229739	1	0	1
ENSG00000116703	1	1	0
ENSG00000273874	0	0	0
ENSG00000278791	0	2	0
ENSG00000278757	0	0	0
ENSG00000264341	0	0	0
ENSG00000264101	0	0	0
ENSG00000265141	0	0	0
ENSG00000221083	0	0	0
ENSG00000252404	0	0	0
ENSG00000222511	0	0	0
ENSG00000265392	0	0	0
ENSG00000243267	0	0	0
ENSG00000201725	0	0	0
ENSG00000274258	0	0	0
ENSG00000239149	0	0	0
ENSG00000252151	0	0	0
ENSG00000252969	0	0	0
ENSG00000252417	0	0	0
ENSG00000200975	0	0	0
ENSG00000201609	0	0	0
ENSG00000238482	0	0	0
ENSG00000252956	0	0	0
ENSG00000265606	0	0	0
ENSG00000284357	0	0	0
ENSG00000278034	0	0	0
ENSG00000207237	0	0	0
ENSG00000222784	0	0	0
ENSG00000266210	0	0	0
ENSG00000265961	0	0	0
ENSG00000251866	0	0	0
ENSG00000252691	0	0	0
ENSG00000264371	0	0	0
ENSG00000253005	2	0	2
ENSG00000238316	0	0	0
ENSG00000207941	0	0	0
ENSG00000264773	0	0	0
ENSG00000252448	3	3	0
ENSG00000200421	0	0	0
ENSG00000222282	3	3	0
ENSG00000199963	0	0	0
ENSG00000264698	0	0	0
ENSG00000207328	0	0	0
ENSG00000207466	0	0	0
ENSG00000252368	0	0	0
ENSG00000206779	0	0	0
ENSG00000265596	0	0	0
ENSG00000212541	1	1	0
ENSG00000200796	0	0	0
ENSG00000252190	0	0	0
ENSG00000264613	0	0	0
ENSG00000199240	0	0	0
ENSG00000277168	0	0	0
ENSG00000283724	0	0	0
ENSG00000284410	0	0	0
ENSG00000252018	0	0	0
ENSG00000206627	0	0	0
ENSG00000283414	0	0	0
ENSG00000207508	0	0	0
ENSG00000200171	0	0	0
ENSG00000207194	0	0	0
ENSG00000283477	0	0	0
ENSG00000264834	0	0	0
ENSG00000263675	0	0	0
ENSG00000266188	0	0	0
ENSG00000206981	0	0	0
ENSG00000200174	0	0	0
ENSG00000265822	0	0	0
ENSG00000265815	0	0	0
ENSG00000238653	0	0	0
ENSG00000212624	0	0	0
ENSG00000200575	0	0	0
ENSG00000212360	0	0	0
ENSG00000242860	0	0	0
ENSG00000263908	0	0	0
ENSG00000283690	0	0	0
ENSG00000199921	0	0	0
ENSG00000251825	0	0	0
ENSG00000201153	0	0	0
ENSG00000222624	0	0	0
ENSG00000223152	0	0	0
ENSG00000212308	0	0	0
ENSG00000279049	0	8	0
ENSG00000276081	0	0	0
ENSG00000239640	0	0	0
ENSG00000252338	0	0	0
ENSG00000251785	0	0	0
ENSG00000239319	0	0	0
ENSG00000222849	0	0	0
ENSG00000283749	0	0	0
ENSG00000251958	0	0	0
ENSG00000251767	0	0	0
ENSG00000243437	0	0	0
ENSG00000202263	0	0	0
ENSG00000199318	1	1	0
ENSG00000199666	0	0	0
ENSG00000200601	0	0	0
ENSG00000242482	0	0	0
ENSG00000212366	0	0	0
ENSG00000201620	0	0	0
ENSG00000206817	0	0	0
ENSG00000284247	0	0	0
ENSG00000200839	0	0	0
ENSG00000264963	0	0	0
ENSG00000264271	0	0	0
ENSG00000239504	0	0	0
ENSG00000284202	0	0	0
ENSG00000251720	0	0	0
ENSG00000274321	0	0	0
ENSG00000198974	0	0	0
ENSG00000212248	0	0	0
ENSG00000207962	0	0	0
ENSG00000276884	0	0	0
ENSG00000207234	0	0	0
ENSG00000202259	0	0	0
ENSG00000212459	0	0	0
ENSG00000278287	0	0	0
ENSG00000277565	0	0	0
ENSG00000263526	0	0	0
ENSG00000211575	0	0	0
ENSG00000275823	0	0	0
ENSG00000277689	0	0	0
ENSG00000274199	0	0	0
ENSG00000202254	0	0	0
ENSG00000244256	2	0	2
ENSG00000201491	0	0	0
ENSG00000199831	0	0	0
ENSG00000275455	0	0	0
ENSG00000252162	0	0	0
ENSG00000272051	0	0	0
ENSG00000283899	0	0	0
ENSG00000200800	0	0	0
ENSG00000207502	0	0	0
ENSG00000252530	0	0	0
ENSG00000200536	0	0	0
ENSG00000211543	0	0	0
ENSG00000252797	1	1	0
ENSG00000212266	0	0	0
ENSG00000222209	0	0	0
ENSG00000277141	0	0	0
ENSG00000215930	0	0	0
ENSG00000238761	0	0	0
ENSG00000201114	0	0	0
ENSG00000206679	0	0	0
ENSG00000264419	0	0	0
ENSG00000222069	0	0	0
ENSG00000274428	0	0	0
ENSG00000199879	0	0	0
ENSG00000274408	0	0	0
ENSG00000283676	0	0	0
ENSG00000252005	0	0	0
ENSG00000252510	0	0	0
ENSG00000207340	0	0	0
ENSG00000252830	0	0	0
ENSG00000274450	0	0	0
ENSG00000252135	0	0	0
ENSG00000278596	0	0	0
ENSG00000238825	0	0	0
ENSG00000201183	0	0	0
ENSG00000202408	0	0	0
ENSG00000252744	0	0	0
ENSG00000273768	0	0	0
ENSG00000242565	0	0	0
ENSG00000239984	0	0	0
ENSG00000283296	0	0	0
ENSG00000252717	0	0	0
ENSG00000194297	0	0	0
ENSG00000199565	0	0	0
ENSG00000277313	0	0	0
ENSG00000274940	0	0	0
ENSG00000207341	0	0	0
ENSG00000207472	0	0	0
ENSG00000206880	0	0	0
ENSG00000252552	0	0	0
ENSG00000199849	0	0	0
ENSG00000252407	0	0	0
ENSG00000212538	0	0	0
ENSG00000251813	0	0	0
ENSG00000207108	0	0	0
ENSG00000201312	0	0	0
ENSG00000207039	0	0	0
ENSG00000202491	0	0	0
ENSG00000201596	0	0	0
ENSG00000276839	0	0	0
ENSG00000207974	0	0	0
ENSG00000273629	0	0	0
ENSG00000201493	0	0	0
ENSG00000215952	0	0	0
ENSG00000200139	0	0	0
ENSG00000283575	0	0	0
ENSG00000238765	0	0	0
ENSG00000264916	0	0	0
ENSG00000212338	0	0	0
ENSG00000206659	0	0	0
ENSG00000253025	0	0	0
ENSG00000201619	0	0	0
ENSG00000201544	0	0	0
ENSG00000202498	0	0	0
ENSG00000221545	0	0	0
ENSG00000252906	0	0	0
ENSG00000206692	0	0	0
ENSG00000202329	0	0	0
ENSG00000242794	0	0	0
ENSG00000212144	0	0	0
ENSG00000283340	0	0	0
ENSG00000252860	0	0	0
ENSG00000252501	0	0	0
ENSG00000263390	0	0	0
ENSG00000207181	0	0	0
ENSG00000265744	0	0	0
ENSG00000264377	0	0	0
ENSG00000207149	0	0	0
ENSG00000283936	0	0	0
ENSG00000284485	0	0	0
ENSG00000201638	0	0	0
ENSG00000275213	0	0	0
ENSG00000239494	1	0	1
ENSG00000212230	0	0	0
ENSG00000252371	0	0	0
ENSG00000199442	0	0	0
ENSG00000200033	0	0	0
ENSG00000239690	0	0	0
ENSG00000202184	1	0	1
ENSG00000241395	0	0	0
ENSG00000200982	0	0	0
ENSG00000275207	0	0	0
ENSG00000202300	0	0	0
ENSG00000222407	0	0	0
ENSG00000222986	0	0	0
ENSG00000265435	0	0	0
ENSG00000272262	0	0	0
ENSG00000200495	0	0	0
ENSG00000202609	0	0	0
ENSG00000252553	0	0	0
ENSG00000206764	0	0	0
ENSG00000222240	0	0	0
ENSG00000212187	0	0	0
ENSG00000206637	0	0	0
ENSG00000253097	0	0	0
ENSG00000200036	0	0	0
ENSG00000201421	0	0	0
ENSG00000212610	0	0	0
ENSG00000252484	0	0	0
ENSG00000201944	0	0	0
ENSG00000200327	0	0	0
ENSG00000206905	0	0	0
ENSG00000200972	0	0	0
ENSG00000243051	0	0	0
ENSG00000252011	0	0	0
ENSG00000207326	0	0	0
ENSG00000212205	1	1	0
ENSG00000253042	0	0	0
ENSG00000274121	0	0	0
ENSG00000264358	0	0	0
ENSG00000206640	0	0	0
ENSG00000212527	0	0	0
ENSG00000252879	0	0	0
ENSG00000252612	1	0	1
ENSG00000202264	0	0	0
ENSG00000285609	0	0	0
ENSG00000206762	0	0	0
ENSG00000252084	0	0	0
ENSG00000200085	0	0	0
ENSG00000264500	1	1	0
ENSG00000202025	0	0	0
ENSG00000225545	0	0	0
ENSG00000206990	0	0	0
ENSG00000230175	0	0	0
ENSG00000225272	0	0	0
ENSG00000215838	0	0	0
ENSG00000273365	0	0	0
ENSG00000224358	4	0	4
ENSG00000230659	0	0	0
ENSG00000162545	13	0	13
ENSG00000090432	280	0	280
ENSG00000215520	0	0	0
ENSG00000183114	0	0	0
ENSG00000158825	892	0	892
ENSG00000158828	224	42	895
ENSG00000284005	0	0	0
ENSG00000117242	26	680	59
ENSG00000234473	0	0	0
ENSG00000238754	0	0	0
ENSG00000134371	512	1	512
ENSG00000221680	0	0	0
ENSG00000162630	29	0	30
ENSG00000276735	1	1	0
ENSG00000232077	2	0	2
ENSG00000229639	0	0	0
ENSG00000287453	0	0	0
ENSG00000270615	0	0	0
ENSG00000287283	0	0	0
ENSG00000240692	0	0	0
ENSG00000229359	0	0	0
ENSG00000237919	0	0	0
ENSG00000066557	109	0	109
ENSG00000244389	0	0	0
ENSG00000228988	0	0	0
ENSG00000118454	188	0	188
ENSG00000226088	1	1	0
ENSG00000116761	19	0	19
ENSG00000278636	0	0	0
ENSG00000271992	1	0	1
ENSG00000233020	0	0	0
ENSG00000237033	0	0	0
ENSG00000226208	0	0	0
ENSG00000007968	123	0	123
ENSG00000235052	2	0	2
ENSG00000117318	175	0	175
ENSG00000285802	2	0	2
ENSG00000229239	0	0	0
ENSG00000142676	8345	23	8322
ENSG00000057757	340	1	339
ENSG00000011009	520	2	518
ENSG00000117308	70	1	69
ENSG00000273844	0	0	0
ENSG00000235748	0	0	0
ENSG00000237861	0	0	0
ENSG00000221879	0	0	0
ENSG00000230260	0	0	0
ENSG00000199241	0	0	0
ENSG00000226919	0	0	0
ENSG00000223963	0	0	0
ENSG00000215802	0	0	0
ENSG00000233615	0	0	0
ENSG00000238085	0	0	0
ENSG00000265831	0	0	0
ENSG00000224348	0	0	0
ENSG00000286496	0	0	0
ENSG00000287516	0	0	0
ENSG00000287738	0	0	0
ENSG00000132703	0	0	0
ENSG00000276632	0	0	0
ENSG00000223603	0	0	0
ENSG00000132693	0	0	0
ENSG00000235226	0	0	0
ENSG00000158716	57	1	56
ENSG00000181036	207	5	202
ENSG00000158714	6	16	32
ENSG00000212161	0	0	0
ENSG00000243284	0	2	1
ENSG00000272668	34	16	21
ENSG00000213085	93	2	91
ENSG00000266458	0	0	0
ENSG00000287040	0	0	0
ENSG00000279430	0	0	0
ENSG00000162723	2	1	1
ENSG00000273933	0	0	0
ENSG00000256029	5	8	12
ENSG00000188004	0	0	0
ENSG00000266580	0	0	0
ENSG00000254545	0	4	0
ENSG00000203620	0	0	0
ENSG00000269967	1	0	1
ENSG00000228634	1	2	0
ENSG00000284702	0	0	0
ENSG00000221040	0	0	0
ENSG00000287217	0	0	0
ENSG00000163399	883	20	2482
ENSG00000212385	0	0	0
ENSG00000233154	6	0	6
ENSG00000230381	0	0	0
ENSG00000200547	0	0	0
ENSG00000224950	21	0	26
ENSG00000286276	7	12	0
ENSG00000177888	170	0	170
ENSG00000243364	57	0	57
ENSG00000251246	0	0	0
ENSG00000143590	9	0	9
ENSG00000202027	0	0	0
ENSG00000169242	21	0	21
ENSG00000169241	195	2	193
ENSG00000223452	0	0	0
ENSG00000163463	29	0	29
ENSG00000273088	0	0	0
ENSG00000284586	0	0	0
ENSG00000169231	132	4	287
ENSG00000236263	0	53	3
ENSG00000236675	34	34	0
ENSG00000177628	666	1	665
ENSG00000116521	287	0	287
ENSG00000176444	575	1	574
ENSG00000143630	12	0	12
ENSG00000143627	2	0	2
ENSG00000253074	0	0	0
ENSG00000252116	0	0	0
ENSG00000228523	0	0	0
ENSG00000223263	0	0	0
ENSG00000207504	0	0	0
ENSG00000238139	0	0	0
ENSG00000197721	6	0	6
ENSG00000244703	0	0	0
ENSG00000226289	0	0	0
ENSG00000285239	0	0	0
ENSG00000234219	2	2	0
ENSG00000174059	5	0	5
ENSG00000285719	0	0	0
ENSG00000284237	1	0	1
ENSG00000158731	0	0	0
ENSG00000201746	0	0	0
ENSG00000264881	0	0	0
ENSG00000199562	0	0	0
ENSG00000264501	0	0	0
ENSG00000284735	1	1	0
ENSG00000284642	7	1	6
ENSG00000142657	3228	5	3223
ENSG00000271989	0	0	0
ENSG00000251503	0	0	0
ENSG00000175279	1	0	1
ENSG00000160049	184	0	216
ENSG00000203469	0	21	0
ENSG00000236035	0	0	0
ENSG00000221643	3	0	3
ENSG00000122188	274	0	274
ENSG00000288644	0	0	0
ENSG00000227417	0	0	0
ENSG00000223505	0	0	0
ENSG00000182004	190	0	190
ENSG00000236430	1	1	0
ENSG00000130768	7	0	12
ENSG00000227050	0	6	0
ENSG00000238231	0	0	0
ENSG00000240750	0	0	0
ENSG00000158156	518	0	520
ENSG00000182118	13	0	13
ENSG00000283799	0	0	0
ENSG00000227934	0	0	0
ENSG00000229595	0	0	0
ENSG00000143633	144	2	142
ENSG00000281912	3	0	3
ENSG00000288208	0	0	0
ENSG00000132773	86	17	103
ENSG00000070759	95	5	100
ENSG00000236872	0	0	0
ENSG00000280670	33	0	33
ENSG00000132763	17	293	21
ENSG00000221953	0	0	0
ENSG00000226164	0	0	0
ENSG00000224014	0	0	0
ENSG00000215795	0	0	0
ENSG00000259865	34	1	33
ENSG00000227671	482	0	482
ENSG00000283881	0	0	0
ENSG00000252516	3	0	3
ENSG00000232347	0	0	0
ENSG00000214144	0	0	0
ENSG00000235818	0	0	0
ENSG00000197617	0	0	0
ENSG00000202079	0	0	0
ENSG00000286216	3	4	0
ENSG00000203664	0	0	0
ENSG00000169224	33	0	36
ENSG00000236817	0	3	0
ENSG00000177489	0	0	0
ENSG00000177476	0	0	0
ENSG00000283369	0	0	0
ENSG00000230411	0	0	0
ENSG00000251977	0	0	0
ENSG00000252254	0	0	0
ENSG00000227854	0	0	0
ENSG00000287589	0	0	0
ENSG00000259776	0	0	0
ENSG00000233355	369	1	374
ENSG00000234601	0	0	0
ENSG00000231979	0	0	0
ENSG00000215805	0	0	0
ENSG00000287102	0	0	0
ENSG00000217327	0	0	0
ENSG00000228818	0	0	0
ENSG00000202041	0	0	0
ENSG00000223694	0	0	0
ENSG00000233735	0	0	0
ENSG00000133019	2	6	2
ENSG00000162636	291	0	291
ENSG00000162639	211	0	211
ENSG00000285923	3	0	3
ENSG00000134186	1132	35	1097
ENSG00000143107	0	0	0
ENSG00000232971	0	0	0
ENSG00000116266	964	0	964
ENSG00000228076	0	0	0
ENSG00000203897	0	0	0
ENSG00000237349	0	0	0
ENSG00000244716	11	0	11
ENSG00000228665	0	0	0
ENSG00000228054	0	0	0
ENSG00000273382	7	89	6
ENSG00000215717	1086	2	1172
ENSG00000278249	0	0	0
ENSG00000270066	0	0	0
ENSG00000251484	0	0	0
ENSG00000132676	657	48	656
ENSG00000227673	0	0	0
ENSG00000203761	52	32	35
ENSG00000234937	0	0	0
ENSG00000132718	261	2	259
ENSG00000283442	0	0	0
ENSG00000143622	1240	1	1239
ENSG00000132680	497	0	497
ENSG00000207475	0	0	0
ENSG00000280466	0	0	0
ENSG00000281394	0	0	0
ENSG00000277817	0	0	0
ENSG00000273002	27	0	27
ENSG00000224276	1	2	0
ENSG00000285677	0	662	1
ENSG00000163479	1193	4	1852
ENSG00000160803	255	0	255
ENSG00000132698	2	0	2
ENSG00000252236	0	0	0
ENSG00000260238	0	0	0
ENSG00000242252	7	0	7
ENSG00000198952	844	0	844
ENSG00000163472	88	46	96
ENSG00000163468	1027	2	1025
ENSG00000132677	0	0	0
ENSG00000237390	0	0	0
ENSG00000207933	0	0	0
ENSG00000254726	1	0	1
ENSG00000186377	0	0	0
ENSG00000186160	0	0	0
ENSG00000225154	0	0	0
ENSG00000225506	2	0	2
ENSG00000225514	0	0	0
ENSG00000224805	5	0	8
ENSG00000162366	158	0	158
ENSG00000226252	2	13	0
ENSG00000225762	0	0	0
ENSG00000186790	0	0	0
ENSG00000237424	21	0	21
ENSG00000189030	0	0	0
ENSG00000162763	0	0	0
ENSG00000143061	3	0	3
ENSG00000135821	11697	19	11678
ENSG00000203740	0	0	0
ENSG00000162374	2	0	2
ENSG00000168275	56	1	80
ENSG00000241563	0	0	0
ENSG00000153207	2009	6	2003
ENSG00000156869	9	0	9
ENSG00000033122	7	6	1
ENSG00000143278	0	0	0
ENSG00000116678	75	0	75
ENSG00000159352	1168	1	1167
ENSG00000158710	15824	18	15806
ENSG00000162734	626	0	668
ENSG00000049239	649	0	649
ENSG00000186564	4	0	4
ENSG00000244038	1218	2	1216
ENSG00000158747	19	0	19
ENSG00000116690	4	120	5
ENSG00000126091	12	1	12
ENSG00000162383	11	1	10
ENSG00000171163	328	0	328
ENSG00000172456	55	0	55
ENSG00000162946	343	0	344
ENSG00000158786	0	0	0
ENSG00000118733	0	0	0
ENSG00000157870	112	1	133
ENSG00000179085	32	0	32
ENSG00000173080	0	0	0
ENSG00000183347	67	0	67
ENSG00000276470	0	0	0
ENSG00000278852	0	0	0
ENSG00000275915	0	0	0
ENSG00000120937	0	0	0
ENSG00000224904	0	0	0
ENSG00000285646	5	5	0
ENSG00000199347	0	0	0
ENSG00000201801	0	0	0
ENSG00000116685	792	0	792
ENSG00000083444	579	0	579
ENSG00000287384	0	0	0
ENSG00000270914	0	0	0
ENSG00000116691	321	1	320
ENSG00000202461	1	1	0
ENSG00000276869	0	0	0
ENSG00000243539	0	0	0
ENSG00000120949	109	0	109
ENSG00000201135	0	0	0
ENSG00000227875	0	0	0
ENSG00000285604	0	0	0
ENSG00000283789	0	0	0
ENSG00000263676	0	0	0
ENSG00000200591	0	0	0
ENSG00000162521	773	2	1144
ENSG00000162520	0	372	1
ENSG00000224409	0	0	0
ENSG00000162522	26	3	23
ENSG00000116497	366	0	376
ENSG00000160097	7	4	3
ENSG00000121905	0	0	0
ENSG00000121900	0	0	0
ENSG00000287691	10	15	0
ENSG00000278966	0	0	0
ENSG00000143222	379	2	517
ENSG00000224985	1	141	0
ENSG00000143224	122	42	125
ENSG00000158850	392	4	433
ENSG00000158859	8	0	9
ENSG00000158869	3500	0	3500
ENSG00000158874	2	2	0
ENSG00000158882	65	0	107
ENSG00000284035	0	0	0
ENSG00000143257	1	43	0
ENSG00000248485	12	12	0
ENSG00000188931	28	32	1
ENSG00000236484	0	0	0
ENSG00000283696	10	0	10
ENSG00000288093	2	0	2
ENSG00000206921	0	0	0
ENSG00000215840	1	0	1
ENSG00000277882	0	0	0
ENSG00000283317	0	0	0
ENSG00000277762	0	0	0
ENSG00000227139	0	0	0
ENSG00000265107	0	0	0
ENSG00000274415	0	0	0
ENSG00000234190	0	0	0
ENSG00000223728	0	0	0
ENSG00000121634	0	0	0
ENSG00000188092	44	0	44
ENSG00000215859	2	2	0
ENSG00000273059	0	0	0
ENSG00000274372	0	0	0
ENSG00000206791	0	0	0
ENSG00000206585	0	0	0
ENSG00000229828	0	0	0
ENSG00000225080	2	2	0
ENSG00000198658	0	0	0
ENSG00000238382	0	0	0
ENSG00000225919	0	0	0
ENSG00000236497	0	0	0
ENSG00000207190	0	0	0
ENSG00000200508	0	0	0
ENSG00000284928	0	0	0
ENSG00000223949	0	0	0
ENSG00000116688	1773	0	1773
ENSG00000188800	1	0	1
ENSG00000084073	453	1	453
ENSG00000231296	0	1	0
ENSG00000049089	37	0	37
ENSG00000227311	0	0	0
ENSG00000213172	0	0	0
ENSG00000284677	0	0	0
ENSG00000187801	24	0	24
ENSG00000260920	23	0	23
ENSG00000158887	53	1	52
ENSG00000255054	0	0	0
ENSG00000228172	1	76	3
ENSG00000117640	180	0	245
ENSG00000272478	0	0	0
ENSG00000127423	2	4	1
ENSG00000182749	22	6	28
ENSG00000207302	0	0	0
ENSG00000117632	237	0	237
ENSG00000229786	0	0	0
ENSG00000223624	0	0	0
ENSG00000283938	0	0	0
ENSG00000199385	0	0	0
ENSG00000187147	403	8	627
ENSG00000263381	0	0	0
ENSG00000126106	9	226	15
ENSG00000198520	117	0	117
ENSG00000199377	0	0	0
ENSG00000200169	0	0	0
ENSG00000142945	17	3	18
ENSG00000142937	5531	23	6602
ENSG00000264294	0	0	0
ENSG00000200913	1	0	1
ENSG00000202031	0	0	0
ENSG00000207421	0	0	0
ENSG00000281859	0	0	0
ENSG00000234093	0	0	0
ENSG00000142959	5	0	5
ENSG00000173846	166	0	174
ENSG00000117425	9	1	8
ENSG00000202444	0	0	0
ENSG00000226499	1	0	1
ENSG00000070785	56	0	56
ENSG00000253039	0	0	0
ENSG00000229815	0	0	0
ENSG00000232369	0	0	0
ENSG00000268949	0	0	0
ENSG00000126107	359	2	361
ENSG00000126088	228	6	226
ENSG00000234315	0	0	0
ENSG00000162408	205	0	205
ENSG00000229519	3	3	0
ENSG00000173662	0	0	0
ENSG00000204859	348	5	343
ENSG00000288629	0	0	0
ENSG00000230735	0	3	0
ENSG00000171488	713	3	710
ENSG00000226394	0	0	0
ENSG00000237200	2	0	2
ENSG00000070886	0	0	0
ENSG00000276835	0	0	0
ENSG00000265422	0	0	0
ENSG00000223776	1	52	2
ENSG00000273058	10	0	10
ENSG00000230325	4	17	1
ENSG00000119285	357	412	413
ENSG00000226498	0	0	0
ENSG00000237991	0	0	0
ENSG00000244020	0	0	0
ENSG00000288099	0	0	0
ENSG00000225886	35	41	0
ENSG00000206767	0	0	0
ENSG00000226662	0	0	0
ENSG00000207095	0	0	0
ENSG00000287244	0	0	0
ENSG00000231344	0	0	0
ENSG00000230833	0	0	0
ENSG00000117758	400	0	400
ENSG00000269971	0	0	0
ENSG00000270031	0	0	0
ENSG00000223062	0	0	0
ENSG00000286433	0	32	0
ENSG00000117751	419	5	446
ENSG00000252947	0	0	0
ENSG00000130775	5362	5	5365
ENSG00000117748	688	74	622
ENSG00000223643	0	0	0
ENSG00000230239	0	0	0
ENSG00000263811	0	0	0
ENSG00000277234	0	0	0
ENSG00000235241	0	20	0
ENSG00000207005	0	0	0
ENSG00000272426	0	0	0
ENSG00000117122	0	0	0
ENSG00000286898	0	0	0
ENSG00000226526	0	32	0
ENSG00000159363	239	2	256
ENSG00000117118	601	0	601
ENSG00000117115	2385	7	2378
ENSG00000204362	0	0	0
ENSG00000282843	0	0	0
ENSG00000142623	0	0	0
ENSG00000142619	0	0	0
ENSG00000266634	0	0	0
ENSG00000199459	0	0	0
ENSG00000273264	0	0	0
ENSG00000282057	0	0	0
ENSG00000272691	0	0	0
ENSG00000199934	0	0	0
ENSG00000230285	0	0	0
ENSG00000142871	1	1	0
ENSG00000226643	0	0	0
ENSG00000234419	0	0	0
ENSG00000276997	0	0	0
ENSG00000222399	1	0	1
ENSG00000267305	0	0	0
ENSG00000143512	0	0	0
ENSG00000143498	49	0	54
ENSG00000225265	2	5	2
ENSG00000154305	1149	48	1389
ENSG00000229399	1	1	0
ENSG00000272750	8	285	9
ENSG00000186063	370	22	367
ENSG00000162819	752	1	769
ENSG00000287684	3	9	0
ENSG00000234523	0	0	0
ENSG00000287338	3	0	3
ENSG00000187554	828	23	805
ENSG00000236846	0	0	0
ENSG00000226601	0	0	0
ENSG00000164010	85	7	143
ENSG00000164011	80	0	80
ENSG00000233708	0	0	0
ENSG00000237090	0	0	0
ENSG00000225099	0	0	0
ENSG00000284138	0	0	0
ENSG00000283973	1	5	0
ENSG00000207256	0	0	0
ENSG00000283136	0	0	0
ENSG00000277513	0	0	0
ENSG00000154309	55	0	55
ENSG00000226967	0	0	0
ENSG00000231407	0	1	0
ENSG00000229570	0	0	0
ENSG00000203857	0	0	0
ENSG00000226443	0	0	0
ENSG00000249798	0	0	0
ENSG00000239873	0	0	0
ENSG00000203855	0	0	0
ENSG00000240244	1	0	1
ENSG00000260941	5	0	5
ENSG00000198857	2	2	0
ENSG00000143067	42	0	42
ENSG00000134240	0	0	0
ENSG00000134193	2	0	2
ENSG00000215864	0	0	0
ENSG00000227205	0	0	0
ENSG00000226446	0	0	0
ENSG00000134249	0	0	0
ENSG00000092621	34	0	34
ENSG00000027644	0	0	0
ENSG00000241992	0	0	0
ENSG00000234226	0	0	0
ENSG00000137970	26	0	26
ENSG00000223229	0	0	0
ENSG00000285698	0	0	0
ENSG00000228035	0	0	0
ENSG00000287103	0	0	0
ENSG00000226973	0	0	0
ENSG00000274468	0	0	0
ENSG00000130764	276	13	298
ENSG00000266075	0	0	0
ENSG00000272153	10	41	4
ENSG00000230026	0	0	0
ENSG00000285177	0	0	0
ENSG00000284770	9	46	7
ENSG00000229795	0	0	0
ENSG00000238236	0	0	0
ENSG00000235638	0	0	0
ENSG00000231199	0	0	0
ENSG00000226663	0	0	0
ENSG00000231582	0	0	0
ENSG00000232714	0	0	0
ENSG00000235761	0	0	0
ENSG00000270710	0	0	0
ENSG00000227236	0	0	0
ENSG00000198837	2138	1	2261
ENSG00000160741	1173	3	1170
ENSG00000276584	0	0	0
ENSG00000282386	3	1	2
ENSG00000273026	5	4	1
ENSG00000143578	25	6	31
ENSG00000143543	60	2	66
ENSG00000285641	0	1	0
ENSG00000143545	6	1	5
ENSG00000177954	10434	18	10416
ENSG00000231416	3	0	3
ENSG00000200220	0	0	0
ENSG00000231837	0	0	0
ENSG00000263987	0	0	0
ENSG00000162642	208	0	208
ENSG00000223254	1	1	0
ENSG00000223653	1	21	1
ENSG00000116198	338	1	338
ENSG00000169598	101	0	102
ENSG00000226653	0	0	0
ENSG00000207209	0	0	0
ENSG00000272443	0	0	0
ENSG00000272480	0	0	0
ENSG00000288626	0	0	0
ENSG00000162836	74	0	74
ENSG00000207080	0	0	0
ENSG00000231791	0	0	0
ENSG00000244568	0	0	0
ENSG00000271387	0	0	0
ENSG00000116667	154	4	150
ENSG00000230470	0	0	0
ENSG00000232036	0	0	0
ENSG00000285847	2	1	1
ENSG00000286378	0	0	0
ENSG00000215381	0	0	0
ENSG00000261326	42	0	42
ENSG00000284726	1	1	0
ENSG00000125945	111	0	111
ENSG00000201405	0	0	0
ENSG00000271420	0	0	0
ENSG00000204219	48	0	48
ENSG00000232482	0	0	0
ENSG00000285779	0	0	0
ENSG00000162885	78	16	151
ENSG00000270780	0	0	0
ENSG00000232895	0	0	0
ENSG00000273698	0	0	0
ENSG00000273112	17	2	15
ENSG00000173110	2913	13	2900
ENSG00000224203	3	4	0
ENSG00000224515	2	1	1
ENSG00000225217	205	2	203
ENSG00000231586	2	2	0
ENSG00000234211	3	58	0
ENSG00000213075	2	2	0
ENSG00000143125	0	0	0
ENSG00000270380	0	0	0
ENSG00000282887	0	0	0
ENSG00000283999	0	0	0
ENSG00000240194	0	0	0
ENSG00000235407	0	0	0
ENSG00000143105	0	0	0
ENSG00000199710	0	0	0
ENSG00000237415	0	0	0
ENSG00000232791	0	0	0
ENSG00000177301	32	0	32
ENSG00000226828	2	3	0
ENSG00000279774	0	0	0
ENSG00000229960	0	0	0
ENSG00000286486	0	0	0
ENSG00000244066	0	0	0
ENSG00000237759	0	0	0
ENSG00000287531	0	0	0
ENSG00000225855	44	328	4
ENSG00000283701	0	0	0
ENSG00000207134	0	0	0
ENSG00000227773	0	0	0
ENSG00000207144	0	0	0
ENSG00000237872	0	0	0
ENSG00000271267	5	5	0
ENSG00000225082	0	0	0
ENSG00000223503	0	0	0
ENSG00000232519	0	0	0
ENSG00000160752	202	2	484
ENSG00000121957	56	97	87
ENSG00000235089	0	0	0
ENSG00000285179	0	0	0
ENSG00000223026	0	0	0
ENSG00000225721	1	1090	10
ENSG00000188396	7	15	0
ENSG00000202167	0	0	0
ENSG00000207349	0	0	0
ENSG00000252826	0	0	0
ENSG00000206737	0	0	0
ENSG00000223779	0	0	0
ENSG00000242352	0	0	0
ENSG00000270962	0	0	0
ENSG00000263590	0	0	0
ENSG00000252105	0	0	0
ENSG00000233430	0	0	0
ENSG00000237503	0	0	0
ENSG00000265531	102	3	130
ENSG00000234571	26	57	0
ENSG00000230186	0	1	0
ENSG00000268074	0	0	0
ENSG00000270872	3	0	3
ENSG00000276674	0	0	0
ENSG00000082482	0	0	0
ENSG00000116747	414	10	471
ENSG00000118729	0	0	0
ENSG00000134207	1	0	1
ENSG00000163467	2	2	0
ENSG00000243710	2	0	2
ENSG00000117395	172	1	171
ENSG00000116874	38	6	40
ENSG00000065600	90	0	90
ENSG00000009780	103	0	103
ENSG00000023572	77	49	69
ENSG00000077254	828	1	827
ENSG00000134644	999	2	997
ENSG00000215788	346	1	364
ENSG00000117834	14	4	12
ENSG00000117625	491	0	491
ENSG00000179902	6	0	8
ENSG00000020633	1274	0	1274
ENSG00000121766	151	2	208
ENSG00000143157	539	1	538
ENSG00000162614	79	0	82
ENSG00000160781	31	0	31
ENSG00000143344	43	0	43
ENSG00000162613	976	4	972
ENSG00000116882	0	0	0
ENSG00000198758	0	0	0
ENSG00000117569	103	0	103
ENSG00000142856	90	35	92
ENSG00000158022	1	0	1
ENSG00000116396	46	1	45
ENSG00000058668	3121	3	3118
ENSG00000163875	363	0	363
ENSG00000282872	0	0	0
ENSG00000131238	2962	2	2960
ENSG00000171680	22	0	22
ENSG00000244457	0	0	0
ENSG00000116977	815	77	1342
ENSG00000229372	0	78	2
ENSG00000274975	0	0	0
ENSG00000229348	0	0	0
ENSG00000242485	202	9	247
ENSG00000264293	0	0	0
ENSG00000272455	14	0	14
ENSG00000225905	0	0	0
ENSG00000225285	1	0	1
ENSG00000179403	0	0	0
ENSG00000215915	6	0	6
ENSG00000236085	0	0	0
ENSG00000234441	0	0	0
ENSG00000227408	0	0	0
ENSG00000223635	0	0	0
ENSG00000135776	210	1	209
ENSG00000199672	0	0	0
ENSG00000201492	0	0	0
ENSG00000229367	0	0	0
ENSG00000135763	123	0	123
ENSG00000213028	2	2	0
ENSG00000225984	0	0	0
ENSG00000178828	0	0	0
ENSG00000235434	0	0	0
ENSG00000169914	91	0	91
ENSG00000188784	0	0	0
ENSG00000242688	0	0	0
ENSG00000177186	0	0	0
ENSG00000177174	0	0	0
ENSG00000269956	24	222	0
ENSG00000162456	0	0	0
ENSG00000079277	1172	2	1368
ENSG00000117407	1	0	1
ENSG00000237950	8	0	8
ENSG00000117408	250	0	250
ENSG00000285649	0	27	0
ENSG00000117410	2422	3	2419
ENSG00000159214	27	0	29
ENSG00000196517	8	3	8
ENSG00000227163	0	0	0
ENSG00000271647	0	0	0
ENSG00000239560	0	0	0
ENSG00000196539	0	0	0
ENSG00000229255	1	0	1
ENSG00000203661	0	0	0
ENSG00000271934	0	0	0
ENSG00000224521	1	0	1
ENSG00000227102	0	0	0
ENSG00000183310	0	0	0
ENSG00000201602	0	0	0
ENSG00000271701	0	0	0
ENSG00000189181	0	0	0
ENSG00000187238	0	0	0
ENSG00000185962	0	0	0
ENSG00000226947	0	0	0
ENSG00000285753	0	0	0
ENSG00000187223	0	0	0
ENSG00000159455	0	0	0
ENSG00000187173	0	0	0
ENSG00000204501	0	0	0
ENSG00000228229	0	0	0
ENSG00000204481	0	0	0
ENSG00000204479	0	0	0
ENSG00000172031	6	0	6
ENSG00000233228	0	0	0
ENSG00000224678	0	0	0
ENSG00000233401	0	0	0
ENSG00000273487	1	0	1
ENSG00000226773	0	0	0
ENSG00000274481	0	0	0
ENSG00000228594	19	0	19
ENSG00000286989	9	0	9
ENSG00000272106	25	0	25
ENSG00000189409	2	2	0
ENSG00000272004	0	123	0
ENSG00000189339	1058	6	1175
ENSG00000269737	19	19	0
ENSG00000215914	0	0	0
ENSG00000008128	44	0	46
ENSG00000268575	17	0	29
ENSG00000227775	88	106	0
ENSG00000008130	7920	7	7913
ENSG00000078369	4419	11	4408
ENSG00000178821	0	0	0
ENSG00000158477	16	0	16
ENSG00000230942	0	0	0
ENSG00000158481	109	1	108
ENSG00000158485	6	0	6
ENSG00000158488	5	0	5
ENSG00000186306	0	0	0
ENSG00000203758	0	0	0
ENSG00000236257	0	0	0
ENSG00000236656	0	0	0
ENSG00000198703	0	0	0
ENSG00000227445	0	0	0
ENSG00000231434	0	0	0
ENSG00000117505	1234	3	1255
ENSG00000229635	0	0	0
ENSG00000207379	0	0	0
ENSG00000212601	0	0	0
ENSG00000162889	1461	3	1458
ENSG00000224114	0	0	0
ENSG00000199349	0	0	0
ENSG00000162892	38	387	2
ENSG00000162894	2608	4	2955
ENSG00000271680	8	8	0
ENSG00000226945	11	11	0
ENSG00000162896	1	0	1
ENSG00000162897	0	0	0
ENSG00000182795	15	0	15
ENSG00000198890	116	0	116
ENSG00000224550	0	0	0
ENSG00000142669	3910	2	5515
ENSG00000169442	1438	5	3332
ENSG00000225854	0	0	0
ENSG00000176083	85	0	85
ENSG00000229167	0	0	0
ENSG00000142910	0	0	0
ENSG00000162517	438	0	534
ENSG00000235790	0	0	0
ENSG00000264078	0	0	0
ENSG00000241745	0	0	0
ENSG00000228407	0	0	0
ENSG00000223429	0	0	0
ENSG00000224255	0	0	0
ENSG00000236004	0	0	0
ENSG00000237663	0	0	0
ENSG00000213735	0	0	0
ENSG00000272100	1	63	0
ENSG00000287078	3	0	3
ENSG00000224680	0	0	0
ENSG00000085840	12	0	12
ENSG00000283445	3	0	3
ENSG00000272226	1	1	0
ENSG00000231740	0	0	0
ENSG00000143751	637	0	637
ENSG00000272562	2	0	2
ENSG00000163041	7844	3	7841
ENSG00000225518	0	0	0
ENSG00000270598	0	0	0
ENSG00000182827	333	2	398
ENSG00000234478	2	69	0
ENSG00000223570	0	0	0
ENSG00000185155	5	0	5
ENSG00000236773	0	0	0
ENSG00000143753	976	1	975
ENSG00000201898	0	0	0
ENSG00000237101	0	17	1
ENSG00000143748	129	1	146
ENSG00000221406	0	0	0
ENSG00000229742	0	0	0
ENSG00000206887	0	0	0
ENSG00000143771	427	0	427
ENSG00000266618	0	0	0
ENSG00000229991	0	0	0
ENSG00000233384	0	0	0
ENSG00000234247	0	0	0
ENSG00000183682	30	37	7
ENSG00000237624	0	0	0
ENSG00000228060	2	156	1
ENSG00000201457	0	0	0
ENSG00000163909	2	0	2
ENSG00000225903	0	0	0
ENSG00000116983	28	0	28
ENSG00000225333	0	0	0
ENSG00000252413	0	0	0
ENSG00000090621	549	1	703
ENSG00000236994	0	0	0
ENSG00000275406	0	0	0
ENSG00000270287	0	0	0
ENSG00000229965	0	0	0
ENSG00000223282	0	0	0
ENSG00000177770	0	0	0
ENSG00000287627	0	0	0
ENSG00000283933	0	0	0
ENSG00000143369	7	0	7
ENSG00000228126	1	0	1
ENSG00000237781	93	65	219
ENSG00000264553	10	10	0
ENSG00000277452	8	0	8
ENSG00000274963	18	0	18
ENSG00000253047	4	0	4
ENSG00000143420	977	5	972
ENSG00000276103	0	0	0
ENSG00000143457	210	1	209
ENSG00000143452	36	0	36
ENSG00000206931	0	0	0
ENSG00000236713	0	0	0
ENSG00000224690	2	2	0
ENSG00000203804	0	79	94
ENSG00000143384	24837	24	24815
ENSG00000154342	0	0	0
ENSG00000276255	0	0	0
ENSG00000284163	0	0	0
ENSG00000143793	78	6	72
ENSG00000162910	75	0	75
ENSG00000224566	1	1	0
ENSG00000287895	2	2	0
ENSG00000280157	2	0	2
ENSG00000227625	0	0	0
ENSG00000198835	1	0	1
ENSG00000203684	3	0	3
ENSG00000181873	79	0	79
ENSG00000162913	11	7	11
ENSG00000269934	11	23	21
ENSG00000270110	4	5	0
ENSG00000286773	0	0	0
ENSG00000287315	10	49	1
ENSG00000270104	0	0	0
ENSG00000154370	215	1	293
ENSG00000270094	0	80	0
ENSG00000284311	0	0	0
ENSG00000162931	6	7	0
ENSG00000230841	0	0	0
ENSG00000266174	0	0	0
ENSG00000279306	0	0	0
ENSG00000215811	1	0	1
ENSG00000202056	0	0	0
ENSG00000251823	0	0	0
ENSG00000171960	79	1	153
ENSG00000234917	0	0	1
ENSG00000065978	3979	21	3958
ENSG00000164007	0	0	0
ENSG00000117385	192	0	192
ENSG00000228452	0	10	0
ENSG00000001460	30	13	30
ENSG00000001461	409	0	422
ENSG00000286061	7	42	9
ENSG00000117602	905	4	1218
ENSG00000264443	0	273	0
ENSG00000184454	0	0	0
ENSG00000227312	0	0	0
ENSG00000239106	0	0	0
ENSG00000177606	116	0	116
ENSG00000116539	1287	3	1285
ENSG0000016292