N_unmapped	153924	153924	153924
N_multimapping	1445831	1445831	1445831
N_noFeature	1485914	17425640	1607394
N_ambiguous	1739340	28046	654737
ENSG00000160072	192	0	192
ENSG00000234396	0	0	0
ENSG00000225972	12	0	12
ENSG00000224315	1	0	1
ENSG00000198744	5	0	5
ENSG00000279928	8	1	7
ENSG00000228037	26	0	26
ENSG00000142611	5	0	5
ENSG00000225630	1814	11	1803
ENSG00000284616	0	0	0
ENSG00000157911	41	327	74
ENSG00000269896	32	0	32
ENSG00000237973	456	3	462
ENSG00000228463	4	0	8
ENSG00000260972	0	0	0
ENSG00000157933	1337	3	1334
ENSG00000224340	0	0	0
ENSG00000226545	0	0	0
ENSG00000268663	0	0	0
ENSG00000226374	0	0	0
ENSG00000229280	0	0	0
ENSG00000142655	129	15	129
ENSG00000232596	0	0	0
ENSG00000235054	0	0	0
ENSG00000232663	0	0	0
ENSG00000240409	1	0	1
ENSG00000229344	9	0	10
ENSG00000231510	0	0	0
ENSG00000149527	224	4	220
ENSG00000284739	0	0	0
ENSG00000171621	35	0	35
ENSG00000272235	0	0	0
ENSG00000284694	0	0	0
ENSG00000230021	4	7	4
ENSG00000287356	5	5	0
ENSG00000224387	1	1	0
ENSG00000285629	0	0	0
ENSG00000173673	0	0	0
ENSG00000142583	49	0	49
ENSG00000284674	0	0	0
ENSG00000272161	0	0	0
ENSG00000237094	145	0	145
ENSG00000224338	0	0	0
ENSG00000074800	5872	0	5872
ENSG00000116786	734	0	797
ENSG00000287727	7	7	0
ENSG00000228423	0	0	0
ENSG00000286448	0	4	0
ENSG00000131686	31	30	17
ENSG00000229305	0	0	0
ENSG00000284703	2	0	2
ENSG00000226457	0	0	0
ENSG00000173614	127	0	127
ENSG00000248527	7963	134	7829
ENSG00000215720	0	0	0
ENSG00000241326	0	0	0
ENSG00000233623	0	0	0
ENSG00000162592	0	22	0
ENSG00000116254	2	0	2
ENSG00000233645	0	0	0
ENSG00000204624	1	0	1
ENSG00000142606	2	28	2
ENSG00000235146	0	0	0
ENSG00000225931	1	0	1
ENSG00000171729	20	0	20
ENSG00000279457	110	0	110
ENSG00000162571	1	0	1
ENSG00000229393	3	3	0
ENSG00000037637	615	0	615
ENSG00000287586	28	1	27
ENSG00000159423	55	0	55
ENSG00000142599	2832	27	2807
ENSG00000227169	0	0	0
ENSG00000283356	0	0	0
ENSG00000011021	557	0	583
ENSG00000142615	0	0	0
ENSG00000215704	5	9	1
ENSG00000157916	1367	33	1694
ENSG00000157881	323	0	323
ENSG00000238290	0	0	0
ENSG00000225387	0	0	0
ENSG00000048707	2101	1	2100
ENSG00000158748	12	0	12
ENSG00000225196	1	1	0
ENSG00000162444	370	0	370
ENSG00000279625	0	0	0
ENSG00000180758	95	0	95
ENSG00000184677	1729	0	1729
ENSG00000230679	1	0	1
ENSG00000270136	0	0	0
ENSG00000288398	53	0	53
ENSG00000224621	1	0	1
ENSG00000285833	0	0	0
ENSG00000131697	83	0	85
ENSG00000284692	0	0	0
ENSG00000284745	0	0	0
ENSG00000280222	0	0	0
ENSG00000227634	0	0	0
ENSG00000285945	0	0	0
ENSG00000229162	7	0	7
ENSG00000197921	0	0	0
ENSG00000233755	0	0	0
ENSG00000233929	0	0	0
ENSG00000271742	0	0	0
ENSG00000226396	20	0	20
ENSG00000169504	761	0	761
ENSG00000234166	0	13	0
ENSG00000235282	0	0	0
ENSG00000055070	1085	1	1795
ENSG00000175087	282	0	282
ENSG00000157191	1463	21	1442
ENSG00000284699	0	0	0
ENSG00000230035	0	0	0
ENSG00000235185	0	0	0
ENSG00000225643	3	0	3
ENSG00000284666	0	0	0
ENSG00000228943	0	0	0
ENSG00000234397	0	0	0
ENSG00000284309	0	0	0
ENSG00000162511	11972	8	22982
ENSG00000158014	0	0	0
ENSG00000204138	607	0	607
ENSG00000233419	0	0	0
ENSG00000235263	0	0	0
ENSG00000228176	0	0	0
ENSG00000231251	0	0	0
ENSG00000142675	42	0	42
ENSG00000197245	0	0	0
ENSG00000261025	0	0	0
ENSG00000116237	434	3	447
ENSG00000130772	247	0	247
ENSG00000215899	0	0	0
ENSG00000271398	3	3	0
ENSG00000225011	0	0	0
ENSG00000235069	0	0	0
ENSG00000284676	0	0	0
ENSG00000237058	0	0	0
ENSG00000233399	0	0	0
ENSG00000090020	620	1	619
ENSG00000157978	2513	1	2512
ENSG00000226944	0	0	0
ENSG00000270282	0	0	0
ENSG00000130770	435	28	546
ENSG00000229044	1	150	2
ENSG00000162512	52	0	52
ENSG00000158006	537	0	537
ENSG00000214812	0	0	0
ENSG00000126698	1309	2	1307
ENSG00000229447	2	0	2
ENSG00000229607	0	0	0
ENSG00000130766	171	0	171
ENSG00000168528	21	0	21
ENSG00000196581	17	0	17
ENSG00000169403	4628	1	4627
ENSG00000084628	0	0	0
ENSG00000060688	505	0	505
ENSG00000171612	76	1	75
ENSG00000270927	0	0	0
ENSG00000188910	1	1	0
ENSG00000230523	0	0	0
ENSG00000116138	497	120	440
ENSG00000158161	632	8	626
ENSG00000142684	0	0	23
ENSG00000234619	0	0	0
ENSG00000121769	12	11	1
ENSG00000142627	24	0	24
ENSG00000284668	0	0	0
ENSG00000233234	0	0	0
ENSG00000142632	101	0	114
ENSG00000234593	0	0	0
ENSG00000158292	10	0	10
ENSG00000270605	69	1	72
ENSG00000189337	76	1	85
ENSG00000232912	91	0	93
ENSG00000235084	3	0	3
ENSG00000235143	0	0	0
ENSG00000225478	0	0	0
ENSG00000225077	1	11	1
ENSG00000028137	7209	5	7204
ENSG00000238249	2	2	0
ENSG00000204464	0	0	0
ENSG00000233372	1	0	1
ENSG00000283259	0	0	0
ENSG00000284543	4	0	4
ENSG00000130939	1244	0	1244
ENSG00000175147	1	9	2
ENSG00000127472	0	0	0
ENSG00000060656	0	0	0
ENSG00000163867	369	0	369
ENSG00000232768	1	1	0
ENSG00000230214	0	0	0
ENSG00000189280	4	4	0
ENSG00000134698	3525	0	3525
ENSG00000134690	36	0	36
ENSG00000272420	2	0	2
ENSG00000132881	23	0	23
ENSG00000273274	0	0	0
ENSG00000116251	1738	1	1738
ENSG00000272510	0	25	5
ENSG00000158286	24	5	25
ENSG00000236648	0	0	0
ENSG00000232273	2	0	2
ENSG00000009709	0	0	0
ENSG00000287396	0	0	0
ENSG00000223589	0	0	0
ENSG00000158008	1	1	0
ENSG00000130940	79	0	116
ENSG00000116771	120	2	151
ENSG00000237301	3	3	0
ENSG00000162585	148	83	162
ENSG00000163879	0	4	0
ENSG00000227527	2	2	0
ENSG00000116954	296	0	296
ENSG00000228589	3	0	3
ENSG00000163873	3	0	3
ENSG00000117215	5	0	5
ENSG00000196449	122	3	138
ENSG00000230163	0	21	0
ENSG00000227538	0	0	0
ENSG00000232208	25	0	25
ENSG00000236500	0	0	0
ENSG00000044012	0	0	0
ENSG00000179051	1232	0	1444
ENSG00000215895	0	0	0
ENSG00000231868	0	1	0
ENSG00000284650	0	0	0
ENSG00000237329	0	0	0
ENSG00000236948	1	0	1
ENSG00000126067	833	0	833
ENSG00000274944	0	0	0
ENSG00000132906	283	0	288
ENSG00000197312	880	0	880
ENSG00000284748	1	1	0
ENSG00000272078	5	42	0
ENSG00000173660	750	0	750
ENSG00000224592	0	0	0
ENSG00000233728	0	11	0
ENSG00000230451	0	0	0
ENSG00000231606	0	0	0
ENSG00000215900	0	0	0
ENSG00000284632	0	0	0
ENSG00000241014	18	0	18
ENSG00000054118	3348	3	3346
ENSG00000254553	0	0	0
ENSG00000284653	0	0	0
ENSG00000237749	8	0	8
ENSG00000276747	1	0	1
ENSG00000284705	0	1	0
ENSG00000228776	0	0	0
ENSG00000159339	1420	0	1420
ENSG00000223814	0	0	0
ENSG00000197982	57	22	54
ENSG00000261781	0	0	0
ENSG00000183317	2	0	2
ENSG00000183386	330	0	330
ENSG00000284743	0	0	0
ENSG00000158315	0	2	0
ENSG00000204084	555	0	622
ENSG00000186973	0	0	0
ENSG00000271806	7	14	7
ENSG00000146463	797	0	892
ENSG00000279214	0	0	0
ENSG00000183520	257	0	257
ENSG00000271741	0	0	0
ENSG00000214141	0	0	0
ENSG00000142686	120	0	120
ENSG00000224751	0	0	0
ENSG00000279096	0	0	0
ENSG00000117148	0	0	0
ENSG00000230585	5	5	0
ENSG00000117000	792	0	792
ENSG00000284989	0	0	0
ENSG00000231630	0	0	0
ENSG00000092853	34	0	39
ENSG00000255811	0	0	2
ENSG00000134697	535	2	537
ENSG00000187513	0	0	0
ENSG00000238145	0	0	0
ENSG00000225142	0	0	0
ENSG00000230138	22	0	22
ENSG00000223390	1	5	0
ENSG00000285823	0	0	0
ENSG00000284720	0	0	0
ENSG00000225028	0	0	0
ENSG00000225671	0	0	0
ENSG00000116151	41	0	41
ENSG00000226147	0	0	0
ENSG00000182873	41	27	17
ENSG00000006555	169	0	169
ENSG00000236111	0	0	0
ENSG00000066056	5	0	5
ENSG00000214114	316	11	305
ENSG00000173436	134	0	134
ENSG00000116544	12	0	12
ENSG00000231900	0	0	0
ENSG00000236723	2	153	7
ENSG00000232467	0	0	0
ENSG00000117016	82	0	82
ENSG00000121310	643	1	642
ENSG00000169213	0	0	0
ENSG00000163866	379	0	400
ENSG00000225779	0	0	0
ENSG00000284601	0	0	0
ENSG00000237130	0	0	0
ENSG00000143001	0	0	0
ENSG00000229716	0	0	0
ENSG00000226133	0	0	0
ENSG00000227416	0	0	0
ENSG00000232335	0	5	0
ENSG00000260971	0	0	0
ENSG00000259832	0	0	0
ENSG00000284696	0	0	0
ENSG00000238242	0	0	0
ENSG00000285839	0	0	0
ENSG00000237290	0	0	0
ENSG00000232762	1	1	0
ENSG00000117419	198	0	198
ENSG00000162384	462	11	488
ENSG00000162391	1	5	0
ENSG00000174348	30	0	31
ENSG00000154198	0	0	0
ENSG00000117859	1143	45	1122
ENSG00000228121	0	0	0
ENSG00000253313	1	0	1
ENSG00000162396	48	0	48
ENSG00000203995	3	0	3
ENSG00000227742	0	0	0
ENSG00000284686	0	0	0
ENSG00000162378	649	0	649
ENSG00000233079	0	0	0
ENSG00000259818	0	0	0
ENSG00000229444	0	0	0
ENSG00000240563	3	0	3
ENSG00000234318	1	0	1
ENSG00000284773	28	0	28
ENSG00000234481	0	0	0
ENSG00000117862	27	0	27
ENSG00000235612	0	0	0
ENSG00000228369	1	1	0
ENSG00000183431	1238	1	1237
ENSG00000227485	0	0	0
ENSG00000224609	5	0	5
ENSG00000235545	0	0	0
ENSG00000236646	0	0	0
ENSG00000169174	0	0	0
ENSG00000232198	0	0	0
ENSG00000238063	1	0	1
ENSG00000227104	0	0	0
ENSG00000243725	13	0	13
ENSG00000171872	0	0	0
ENSG00000162407	11	0	11
ENSG00000285079	0	0	0
ENSG00000169218	0	0	0
ENSG00000163877	475	10	465
ENSG00000228929	6	0	6
ENSG00000224570	0	0	0
ENSG00000224980	0	0	0
ENSG00000278967	1	1	0
ENSG00000157184	100	36	259
ENSG00000272491	2	0	3
ENSG00000198815	1437	3	1434
ENSG00000134744	1574	7	1568
ENSG00000233910	0	0	0
ENSG00000287703	0	0	0
ENSG00000283039	0	0	0
ENSG00000229032	0	0	0
ENSG00000229294	0	0	0
ENSG00000232993	0	0	0
ENSG00000234088	0	0	0
ENSG00000236973	0	0	0
ENSG00000227947	0	0	0
ENSG00000277397	0	0	0
ENSG00000271200	0	0	0
ENSG00000235446	0	0	0
ENSG00000261196	0	0	0
ENSG00000162385	343	0	343
ENSG00000231413	0	0	0
ENSG00000234264	0	0	0
ENSG00000242391	0	0	0
ENSG00000223883	0	0	0
ENSG00000284808	0	0	0
ENSG00000242267	0	0	0
ENSG00000237227	0	0	0
ENSG00000275350	0	0	0
ENSG00000116652	9	0	19
ENSG00000123080	65	0	65
ENSG00000285778	0	0	0
ENSG00000077549	5020	1	5019
ENSG00000233407	0	0	0
ENSG00000225675	2	0	4
ENSG00000237622	0	0	0
ENSG00000162598	1	0	1
ENSG00000280317	0	0	0
ENSG00000162415	34	0	34
ENSG00000162600	306	0	306
ENSG00000116704	492	0	492
ENSG00000227644	0	1	0
ENSG00000157193	109	6	135
ENSG00000116205	494	0	504
ENSG00000198841	50	0	50
ENSG00000116212	102	0	102
ENSG00000234204	0	0	0
ENSG00000233099	1	0	1
ENSG00000233994	0	0	0
ENSG00000237180	0	0	0
ENSG00000213561	0	0	0
ENSG00000233973	0	0	0
ENSG00000237552	0	0	0
ENSG00000132854	1	1	0
ENSG00000227556	0	0	0
ENSG00000162616	106	1	105
ENSG00000162607	969	1	968
ENSG00000233602	2	0	2
ENSG00000233271	0	0	0
ENSG00000285954	14	14	0
ENSG00000233333	0	0	0
ENSG00000154027	210	0	210
ENSG00000234108	0	0	0
ENSG00000232676	0	0	0
ENSG00000225167	0	0	0
ENSG00000132122	108	0	109
ENSG00000213579	0	0	0
ENSG00000137960	5	0	5
ENSG00000237852	0	0	0
ENSG00000116745	0	0	0
ENSG00000132855	0	0	0
ENSG00000285407	0	0	0
ENSG00000272855	0	0	0
ENSG00000270549	0	0	0
ENSG00000237163	0	0	0
ENSG00000229636	0	0	0
ENSG00000116675	20	0	20
ENSG00000162433	8	0	8
ENSG00000213625	1074	0	1074
ENSG00000227207	0	0	0
ENSG00000227016	0	0	0
ENSG00000233664	0	0	0
ENSG00000158966	59	0	59
ENSG00000213703	0	0	0
ENSG00000203965	78	0	83
ENSG00000223479	0	0	0
ENSG00000233674	0	0	0
ENSG00000153898	209	0	209
ENSG00000117069	0	0	0
ENSG00000125703	266	0	266
ENSG00000285041	0	0	0
ENSG00000285808	0	0	0
ENSG00000229440	0	0	0
ENSG00000234144	0	0	0
ENSG00000213540	0	0	0
ENSG00000277670	0	0	0
ENSG00000227466	0	0	0
ENSG00000154007	0	0	0
ENSG00000230498	0	0	0
ENSG00000285782	0	0	0
ENSG00000162618	0	0	0
ENSG00000224493	0	0	0
ENSG00000131233	1	1	0
ENSG00000272371	0	0	0
ENSG00000287647	0	0	0
ENSG00000229225	0	0	0
ENSG00000230863	0	0	0
ENSG00000213560	0	0	0
ENSG00000287224	0	0	0
ENSG00000225598	0	0	0
ENSG00000286455	0	0	0
ENSG00000225087	0	0	0
ENSG00000224986	0	0	0
ENSG00000280378	17	0	17
ENSG00000188786	915	0	915
ENSG00000230053	0	0	0
ENSG00000137941	16	0	16
ENSG00000273338	3	0	3
ENSG00000223720	0	0	0
ENSG00000224326	0	0	0
ENSG00000286548	6	1	6
ENSG00000066135	270	0	395
ENSG00000230027	0	0	0
ENSG00000233061	0	0	0
ENSG00000272094	0	0	0
ENSG00000228853	0	0	0
ENSG00000215874	0	0	0
ENSG00000232453	6	1	5
ENSG00000260386	3	0	3
ENSG00000284895	0	0	0
ENSG00000117174	447	1	446
ENSG00000237413	0	0	0
ENSG00000184313	1	0	1
ENSG00000284645	0	0	0
ENSG00000225605	0	0	0
ENSG00000225446	0	0	0
ENSG00000288543	0	0	0
ENSG00000122420	1	0	1
ENSG00000284240	0	0	0
ENSG00000236290	1	1	0
ENSG00000143013	417	0	417
ENSG00000226084	24	0	24
ENSG00000134748	1177	7	1170
ENSG00000142892	611	0	611
ENSG00000219102	5	1	4
ENSG00000184005	72	0	72
ENSG00000230953	22	22	0
ENSG00000287743	0	0	0
ENSG00000229332	0	0	0
ENSG00000227937	0	0	0
ENSG00000229752	0	0	0
ENSG00000237505	4	0	4
ENSG00000285462	0	0	0
ENSG00000233216	0	0	0
ENSG00000197273	0	0	0
ENSG00000226804	0	0	0
ENSG00000285325	0	0	0
ENSG00000230728	0	0	0
ENSG00000162402	3345	1	3344
ENSG00000232846	0	0	0
ENSG00000219201	1	0	1
ENSG00000230787	0	0	0
ENSG00000116641	100	7	93
ENSG00000235927	7	7	4
ENSG00000223920	0	0	0
ENSG00000237453	1	1	0
ENSG00000172260	23	0	23
ENSG00000285473	0	0	0
ENSG00000237959	0	0	0
ENSG00000231364	1	1	0
ENSG00000234578	0	0	1
ENSG00000117480	79	0	79
ENSG00000137944	411	1	410
ENSG00000229505	0	0	0
ENSG00000228187	0	0	0
ENSG00000285201	0	0	0
ENSG00000182183	210	1	210
ENSG00000236407	0	0	0
ENSG00000271949	0	0	0
ENSG00000227062	0	0	0
ENSG00000067334	845	2	843
ENSG00000235011	0	0	0
ENSG00000235673	0	0	0
ENSG00000226938	0	0	0
ENSG00000213559	0	0	0
ENSG00000287587	0	0	0
ENSG00000142949	18	0	18
ENSG00000116133	110	8	115
ENSG00000232882	2	0	2
ENSG00000171502	21	0	21
ENSG00000162399	0	0	0
ENSG00000116157	157	1	156
ENSG00000143036	2	0	2
ENSG00000232672	0	0	0
ENSG00000230817	0	0	0
ENSG00000235613	0	0	0
ENSG00000065243	1910	0	1910
ENSG00000226759	2	2	0
ENSG00000226960	1	1	0
ENSG00000234080	0	0	0
ENSG00000237899	1	0	1
ENSG00000225492	39	1	38
ENSG00000223905	0	0	0
ENSG00000227290	0	0	0
ENSG00000229486	0	0	0
ENSG00000282898	0	0	0
ENSG00000285409	0	0	0
ENSG00000231090	0	0	0
ENSG00000117528	461	0	461
ENSG00000271723	0	0	0
ENSG00000172339	36	0	36
ENSG00000036549	781	0	781
ENSG00000287724	0	11	0
ENSG00000058799	483	0	483
ENSG00000225191	0	0	0
ENSG00000287870	1	0	1
ENSG00000235563	0	0	0
ENSG00000232048	0	0	0
ENSG00000232857	0	0	0
ENSG00000273637	0	0	0
ENSG00000203985	0	0	0
ENSG00000228838	1	2	0
ENSG00000283761	3	0	3
ENSG00000189433	1	3	0
ENSG00000230759	0	0	0
ENSG00000231866	0	0	0
ENSG00000179178	2	0	2
ENSG00000142700	0	0	0
ENSG00000285525	0	0	0
ENSG00000236098	0	0	0
ENSG00000233514	0	0	0
ENSG00000127124	326	0	326
ENSG00000266993	26	61	8
ENSG00000223675	0	0	0
ENSG00000162604	301	0	301
ENSG00000229316	0	0	0
ENSG00000116171	1118	0	1118
ENSG00000287406	0	0	0
ENSG00000225767	0	0	0
ENSG00000234099	1	1	0
ENSG00000137936	24	2	27
ENSG00000235308	3	3	0
ENSG00000232752	0	0	0
ENSG00000235829	0	0	0
ENSG00000143032	0	0	0
ENSG00000226745	0	0	0
ENSG00000178028	734	5	729
ENSG00000280040	0	0	0
ENSG00000168710	1377	0	1377
ENSG00000117519	48	0	48
ENSG00000270507	0	0	0
ENSG00000238037	0	0	0
ENSG00000215869	0	0	0
ENSG00000134215	854	0	855
ENSG00000227935	0	0	0
ENSG00000229887	0	0	0
ENSG00000228502	16	0	16
ENSG00000236268	0	0	0
ENSG00000271277	0	0	0
ENSG00000236888	0	0	0
ENSG00000279778	0	0	0
ENSG00000232015	0	0	0
ENSG00000230955	0	67	0
ENSG00000230828	0	0	0
ENSG00000188641	2199	0	2346
ENSG00000152078	15	0	15
ENSG00000237279	0	0	0
ENSG00000233359	0	0	0
ENSG00000237954	0	0	0
ENSG00000185668	2	0	2
ENSG00000171492	815	0	815
ENSG00000233129	0	0	0
ENSG00000170989	3205	0	3205
ENSG00000258634	114	0	153
ENSG00000233557	0	0	0
ENSG00000237897	0	0	0
ENSG00000116299	1171	3	1168
ENSG00000137962	19	0	19
ENSG00000227832	0	0	0
ENSG00000286692	0	0	0
ENSG00000260464	8	0	8
ENSG00000237435	0	0	0
ENSG00000231996	0	0	0
ENSG00000273204	0	2	0
ENSG00000079739	387	3	412
ENSG00000117154	0	0	0
ENSG00000162377	146	14	132
ENSG00000224613	0	0	0
ENSG00000215871	0	0	0
ENSG00000287372	0	0	0
ENSG00000232542	0	0	0
ENSG00000231095	0	0	0
ENSG00000116774	2	0	2
ENSG00000287756	0	0	0
ENSG00000269113	0	0	0
ENSG00000284652	0	0	0
ENSG00000023909	271	0	271
ENSG00000069702	927	0	927
ENSG00000232185	0	0	0
ENSG00000230489	4	1	4
ENSG00000228399	1	0	1
ENSG00000236776	0	0	0
ENSG00000285928	7	7	0
ENSG00000224685	0	0	0
ENSG00000287076	0	0	0
ENSG00000237480	0	0	0
ENSG00000271252	0	0	0
ENSG00000230427	0	0	0
ENSG00000235794	1	1	0
ENSG00000286758	0	0	0
ENSG00000237337	0	0	0
ENSG00000233983	0	0	0
ENSG00000198198	1458	72	1625
ENSG00000225183	0	0	0
ENSG00000230402	0	0	0
ENSG00000116793	223	0	223
ENSG00000134201	0	0	0
ENSG00000238122	0	0	0
ENSG00000260879	0	15	0
ENSG00000213366	230	0	230
ENSG00000230864	0	0	0
ENSG00000283354	0	0	0
ENSG00000232918	0	0	0
ENSG00000236360	0	0	0
ENSG00000183298	1	0	1
ENSG00000234332	9	0	9
ENSG00000117525	0	0	0
ENSG00000225079	33	1	32
ENSG00000226483	0	0	0
ENSG00000224238	0	0	0
ENSG00000229537	0	0	0
ENSG00000162699	0	0	0
ENSG00000162692	10	0	10
ENSG00000203914	0	0	0
ENSG00000270457	0	0	0
ENSG00000203858	0	0	0
ENSG00000231987	0	0	0
ENSG00000228057	0	0	0
ENSG00000261593	0	0	0
ENSG00000224445	0	0	0
ENSG00000229842	0	0	0
ENSG00000270631	0	0	0
ENSG00000229201	0	0	0
ENSG00000181656	5	3	2
ENSG00000122481	39	0	39
ENSG00000198162	1282	0	1282
ENSG00000238198	7	2	5
ENSG00000171517	4	0	4
ENSG00000228852	13	13	0
ENSG00000203864	0	0	0
ENSG00000233482	0	0	0
ENSG00000230250	0	0	0
ENSG00000232878	4	151	0
ENSG00000143079	40	0	40
ENSG00000232450	4	0	4
ENSG00000223575	0	0	0
ENSG00000230768	0	0	0
ENSG00000235202	0	0	0
ENSG00000272715	0	0	0
ENSG00000235038	0	0	0
ENSG00000143093	858	0	858
ENSG00000226415	5	0	5
ENSG00000085491	650	3	664
ENSG00000173947	4	0	4
ENSG00000241361	0	0	0
ENSG00000230434	0	0	0
ENSG00000230718	1	1	0
ENSG00000134198	440	0	440
ENSG00000235595	0	0	0
ENSG00000226053	0	0	0
ENSG00000226128	0	0	0
ENSG00000198799	686	1	789
ENSG00000279513	2	0	2
ENSG00000117620	476	1	476
ENSG00000280186	2	0	2
ENSG00000223906	0	0	0
ENSG00000162688	643	0	643
ENSG00000197106	0	0	0
ENSG00000259946	0	0	0
ENSG00000236137	4	56	3
ENSG00000203859	0	0	0
ENSG00000228086	2	56	0
ENSG00000213421	0	0	0
ENSG00000234020	0	0	0
ENSG00000060718	0	0	0
ENSG00000236804	0	0	0
ENSG00000231072	0	0	0
ENSG00000273406	0	0	0
ENSG00000185946	794	1	793
ENSG00000162627	1	0	1
ENSG00000226715	0	0	0
ENSG00000162695	892	0	892
ENSG00000134184	0	0	3
ENSG00000265808	975	0	975
ENSG00000261290	0	0	0
ENSG00000225923	0	0	0
ENSG00000134247	12	0	12
ENSG00000187481	0	0	0
ENSG00000116752	401	0	401
ENSG00000162664	478	0	478
ENSG00000236866	0	0	0
ENSG00000134253	2	0	2
ENSG00000277655	0	0	0
ENSG00000223416	0	0	0
ENSG00000213226	0	0	0
ENSG00000179571	0	0	0
ENSG00000227850	0	0	0
ENSG00000243967	0	0	0
ENSG00000235777	0	0	0
ENSG00000260246	0	3	0
ENSG00000173218	129	0	129
ENSG00000285532	0	0	0
ENSG00000226755	0	0	0
ENSG00000232650	0	0	0
ENSG00000183508	947	0	947
ENSG00000277095	0	0	0
ENSG00000236806	0	0	0
ENSG00000234283	0	0	0
ENSG00000237188	1	0	1
ENSG00000232780	0	0	0
ENSG00000274927	0	0	0
ENSG00000264145	0	0	0
ENSG00000238256	0	0	0
ENSG00000198765	0	0	0
ENSG00000224335	0	0	0
ENSG00000277702	0	0	0
ENSG00000143398	709	1	708
ENSG00000196505	467	1	466
ENSG00000225871	31	67	0
ENSG00000223489	0	0	0
ENSG00000230546	0	0	0
ENSG00000213262	0	0	0
ENSG00000287015	0	0	0
ENSG00000241720	0	18	0
ENSG00000235526	0	0	0
ENSG00000228347	0	0	0
ENSG00000276975	1	0	1
ENSG00000236012	0	0	0
ENSG00000270911	1	1	0
ENSG00000272824	2	0	2
ENSG00000134200	2	2	0
ENSG00000234257	0	0	0
ENSG00000065183	580	2	621
ENSG00000227082	3	0	3
ENSG00000228626	0	0	0
ENSG00000226126	0	0	0
ENSG00000163393	386	0	386
ENSG00000163156	446	11	445
ENSG00000143631	2	2	0
ENSG00000156150	0	39	0
ENSG00000228453	0	0	0
ENSG00000274642	0	0	0
ENSG00000177551	0	0	0
ENSG00000197323	2021	1	2020
ENSG00000237975	2	0	2
ENSG00000261168	3	1	2
ENSG00000287980	0	0	0
ENSG00000229283	0	0	0
ENSG00000271419	0	0	0
ENSG00000226172	0	0	0
ENSG00000079335	630	10	674
ENSG00000143119	10510	1	10509
ENSG00000237278	0	104	0
ENSG00000285062	0	0	0
ENSG00000233432	0	0	0
ENSG00000227700	0	0	0
ENSG00000229911	0	0	0
ENSG00000143520	1	1	0
ENSG00000171943	163	2	161
ENSG00000270719	0	0	0
ENSG00000155761	5	44	4
ENSG00000230806	0	0	0
ENSG00000116830	296	0	296
ENSG00000234422	0	0	0
ENSG00000227056	1	1	0
ENSG00000143614	1572	1	1571
ENSG00000227091	0	0	0
ENSG00000169418	0	0	0
ENSG00000214204	0	0	0
ENSG00000081026	56	4	52
ENSG00000225650	0	0	0
ENSG00000227179	0	0	0
ENSG00000224965	1	0	1
ENSG00000228127	0	0	0
ENSG00000226984	0	0	0
ENSG00000186150	0	0	0
ENSG00000143554	452	3	449
ENSG00000143458	682	5	677
ENSG00000230932	0	0	0
ENSG00000073754	0	0	0
ENSG00000228826	2	0	2
ENSG00000233907	0	0	0
ENSG00000225036	0	0	0
ENSG00000228420	1	0	1
ENSG00000233839	0	0	0
ENSG00000250890	0	0	0
ENSG00000232240	0	0	0
ENSG00000280649	3	4	18
ENSG00000131781	167	34	142
ENSG00000223599	5	0	5
ENSG00000230921	0	0	0
ENSG00000286151	10	0	10
ENSG00000234388	0	0	0
ENSG00000235015	0	0	0
ENSG00000271736	31	0	31
ENSG00000235988	0	0	0
ENSG00000233717	0	0	0
ENSG00000231551	113	41	72
ENSG00000227295	8	0	8
ENSG00000163155	64	35	31
ENSG00000243613	0	67	0
ENSG00000241975	21	0	21
ENSG00000271143	0	0	0
ENSG00000270976	0	0	0
ENSG00000228217	1	0	1
ENSG00000270342	0	0	0
ENSG00000143552	8	7	1
ENSG00000175984	31	1	30
ENSG00000231100	0	0	0
ENSG00000116824	2796	0	2796
ENSG00000235887	0	0	0
ENSG00000237460	0	0	0
ENSG00000236327	0	0	0
ENSG00000223804	37	10	27
ENSG00000236887	0	0	0
ENSG00000024526	4	0	5
ENSG00000236480	0	0	0
ENSG00000235756	0	0	0
ENSG00000173810	0	0	0
ENSG00000235005	1	0	1
ENSG00000271890	0	0	0
ENSG00000238107	0	0	0
ENSG00000227425	0	0	0
ENSG00000233222	0	19	0
ENSG00000225279	0	0	0
ENSG00000229101	0	0	0
ENSG00000224927	0	0	0
ENSG00000239216	0	0	0
ENSG00000283360	3	3	0
ENSG00000117262	56	0	56
ENSG00000227907	1	1	0
ENSG00000143624	1571	0	1714
ENSG00000227970	0	0	0
ENSG00000261055	5	1	4
ENSG00000231613	2	0	2
ENSG00000137947	687	0	687
ENSG00000236689	0	0	0
ENSG00000233589	0	1	0
ENSG00000117586	139	0	139
ENSG00000230946	0	0	0
ENSG00000226028	0	0	0
ENSG00000162728	1	0	1
ENSG00000229021	0	0	0
ENSG00000203825	0	0	0
ENSG00000184371	176	0	176
ENSG00000233449	0	0	0
ENSG00000242943	0	0	0
ENSG00000233203	0	0	0
ENSG00000232499	0	0	0
ENSG00000232265	1	0	1
ENSG00000163154	787	0	788
ENSG00000232995	13	1	13
ENSG00000236957	0	0	0
ENSG00000238087	0	0	0
ENSG00000227777	0	0	0
ENSG00000177173	6	0	6
ENSG00000277406	91	0	91
ENSG00000238022	0	0	0
ENSG00000231671	0	0	0
ENSG00000162729	345	0	345
ENSG00000143158	269	18	293
ENSG00000271092	2	0	2
ENSG00000238118	0	0	0
ENSG00000276118	0	0	0
ENSG00000232148	0	0	0
ENSG00000278811	15	50	0
ENSG00000000460	89	163	113
ENSG00000188859	5	0	6
ENSG00000275075	0	0	0
ENSG00000135862	244	1	243
ENSG00000232952	1	0	1
ENSG00000158473	747	1	746
ENSG00000227722	0	0	0
ENSG00000285922	0	0	0
ENSG00000275801	6	0	6
ENSG00000143198	327	0	327
ENSG00000143318	15	4	11
ENSG00000232188	0	0	0
ENSG00000232212	0	0	0
ENSG00000143621	1464	8	1459
ENSG00000241042	2	2	0
ENSG00000143155	697	1	696
ENSG00000260322	0	0	0
ENSG00000223495	0	0	0
ENSG00000143156	47	4	61
ENSG00000198771	5040	10	5072
ENSG00000225462	0	0	0
ENSG00000237756	1	1	0
ENSG00000116147	7	0	7
ENSG00000213064	1585	0	1799
ENSG00000203307	0	0	0
ENSG00000143179	114	0	125
ENSG00000271187	0	0	0
ENSG00000274562	0	0	0
ENSG00000143315	339	0	339
ENSG00000116199	603	1	602
ENSG00000231175	0	0	0
ENSG00000143185	63	0	63
ENSG00000235145	0	0	0
ENSG00000116260	696	1	695
ENSG00000272931	6	0	6
ENSG00000143190	698	1	781
ENSG00000225475	0	0	0
ENSG00000230898	0	0	0
ENSG00000232223	0	0	0
ENSG00000224698	0	0	0
ENSG00000287697	7	2	11
ENSG00000075945	304	0	322
ENSG00000235303	0	0	0
ENSG00000234810	6	0	6
ENSG00000232750	0	0	0
ENSG00000224468	0	0	0
ENSG00000235628	0	0	0
ENSG00000232551	0	0	0
ENSG00000092607	0	0	0
ENSG00000238270	0	0	0
ENSG00000285894	0	0	0
ENSG00000236025	0	0	0
ENSG00000230687	0	0	0
ENSG00000230704	0	0	0
ENSG00000283255	0	0	0
ENSG00000227741	8	29	7
ENSG00000237049	0	0	0
ENSG00000286754	0	0	0
ENSG00000232751	0	0	0
ENSG00000236364	4	15	0
ENSG00000117091	2088	12	4559
ENSG00000235378	1	0	1
ENSG00000143171	0	0	0
ENSG00000275767	0	0	0
ENSG00000224718	0	0	0
ENSG00000047410	4557	8	4715
ENSG00000231992	0	0	0
ENSG00000018625	0	0	0
ENSG00000171806	180	2	197
ENSG00000287919	1	0	1
ENSG00000229914	2	0	2
ENSG00000233882	0	0	0
ENSG00000198358	0	0	0
ENSG00000229407	0	0	0
ENSG00000134216	0	0	0
ENSG00000230748	0	0	0
ENSG00000254154	1	0	1
ENSG00000162694	53	0	55
ENSG00000238108	0	0	0
ENSG00000214262	0	214	0
ENSG00000183853	0	0	0
ENSG00000215835	11	0	11
ENSG00000118197	458	1	458
ENSG00000135842	6573	2	6571
ENSG00000229258	0	0	0
ENSG00000287472	0	0	0
ENSG00000241318	0	0	0
ENSG00000228238	2	0	2
ENSG00000232393	0	0	0
ENSG00000121454	68	170	0
ENSG00000184155	0	0	0
ENSG00000058085	0	0	0
ENSG00000260088	0	1	0
ENSG00000287978	64	0	64
ENSG00000116815	413	0	413
ENSG00000232917	0	0	0
ENSG00000233057	5	1	4
ENSG00000237131	0	0	0
ENSG00000233946	0	0	0
ENSG00000143167	236	0	236
ENSG00000143184	25	0	25
ENSG00000231966	1	0	1
ENSG00000176320	2	0	2
ENSG00000260976	0	0	0
ENSG00000235215	1	1	0
ENSG00000223450	0	0	0
ENSG00000224691	0	0	0
ENSG00000286572	0	0	0
ENSG00000235101	2	0	2
ENSG00000228215	7	0	7
ENSG00000177807	7	5	2
ENSG00000233626	1	1	0
ENSG00000233691	0	0	0
ENSG00000283518	0	0	0
ENSG00000271527	0	0	0
ENSG00000143228	32	0	33
ENSG00000235827	0	0	0
ENSG00000231615	4	0	4
ENSG00000231714	0	0	0
ENSG00000174514	31	6	32
ENSG00000143178	84	0	84
ENSG00000224837	0	0	0
ENSG00000116833	3	0	3
ENSG00000227740	2	0	2
ENSG00000260990	0	0	0
ENSG00000000457	383	42	509
ENSG00000143507	131	0	131
ENSG00000285638	0	0	0
ENSG00000226520	0	0	0
ENSG00000284592	0	0	0
ENSG00000230987	0	0	0
ENSG00000232527	0	0	0
ENSG00000215833	0	0	0
ENSG00000228167	0	0	0
ENSG00000225325	0	0	0
ENSG00000223344	0	0	0
ENSG00000228191	0	0	0
ENSG00000229961	103	0	103
ENSG00000150732	0	0	0
ENSG00000157064	1	0	1
ENSG00000288139	0	0	0
ENSG00000226015	26	2	24
ENSG00000215808	0	0	0
ENSG00000059588	822	1	821
ENSG00000231512	0	0	0
ENSG00000237379	0	0	0
ENSG00000232959	0	18	0
ENSG00000122224	1222	21	1201
ENSG00000162782	0	0	0
ENSG00000238051	0	0	0
ENSG00000233196	2	2	0
ENSG00000229220	0	0	0
ENSG00000143653	149	0	149
ENSG00000135837	2379	1	2378
ENSG00000158711	2501	5	2503
ENSG00000227747	0	0	0
ENSG00000228081	0	0	0
ENSG00000228020	0	0	0
ENSG00000234975	16	0	16
ENSG00000162851	138	0	138
ENSG00000271427	3	0	3
ENSG00000261817	0	0	0
ENSG00000143353	242	0	260
ENSG00000197965	1332	1	1331
ENSG00000143493	301	0	301
ENSG00000230777	1	1	0
ENSG00000179397	5	0	5
ENSG00000224540	0	0	0
ENSG00000117592	2322	0	2322
ENSG00000186197	16	0	16
ENSG00000229067	0	0	0
ENSG00000230231	1	1	0
ENSG00000227711	0	0	0
ENSG00000261182	0	0	0
ENSG00000228879	0	0	0
ENSG00000227925	0	0	0
ENSG00000162670	0	0	0
ENSG00000225712	0	0	0
ENSG00000162761	0	0	0
ENSG00000143199	2	2	0
ENSG00000179930	0	0	0
ENSG00000007908	2	2	0
ENSG00000092978	217	1	216
ENSG00000143499	422	0	422
ENSG00000188404	26590	8	26582
ENSG00000227735	0	0	0
ENSG00000243062	0	0	0
ENSG00000143196	0	0	0
ENSG00000228504	0	0	0
ENSG00000274702	0	0	0
ENSG00000226211	0	0	0
ENSG00000236942	0	0	0
ENSG00000287205	1	0	1
ENSG00000203697	5	0	5
ENSG00000116574	388	0	388
ENSG00000287929	0	0	0
ENSG00000186283	442	2	440
ENSG00000224896	0	0	0
ENSG00000226292	0	0	0
ENSG00000121481	421	0	423
ENSG00000227940	0	0	0
ENSG00000117139	864	0	864
ENSG00000143248	8	0	8
ENSG00000278455	0	0	0
ENSG00000224810	0	0	0
ENSG00000162814	0	0	0
ENSG00000225172	1	0	1
ENSG00000261642	0	0	0
ENSG00000228239	0	0	0
ENSG00000237283	0	0	0
ENSG00000116132	0	0	0
ENSG00000238042	5	0	5
ENSG00000271475	0	0	0
ENSG00000231877	0	0	0
ENSG00000116679	3950	1	3949
ENSG00000228536	2	2	0
ENSG00000230550	0	2	0
ENSG00000229242	0	0	0
ENSG00000253326	0	0	0
ENSG00000228470	3	3	0
ENSG00000152092	0	0	0
ENSG00000234984	0	0	0
ENSG00000231648	0	0	0
ENSG00000229983	0	0	0
ENSG00000215149	0	0	0
ENSG00000225122	0	0	0
ENSG00000225920	20	20	0
ENSG00000143476	27	0	27
ENSG00000121486	592	0	592
ENSG00000228437	1	1	0
ENSG00000214837	24	0	24
ENSG00000057252	1456	0	1456
ENSG00000225982	0	0	0
ENSG00000285718	0	0	0
ENSG00000234070	0	0	0
ENSG00000233620	0	0	0
ENSG00000237783	0	0	0
ENSG00000272906	13	1	22
ENSG00000233018	0	0	0
ENSG00000123685	5	0	5
ENSG00000224783	0	0	0
ENSG00000162852	1092	1	1091
ENSG00000232792	0	2	0
ENSG00000273004	2	0	2
ENSG00000143842	96	0	96
ENSG00000268062	5	5	0
ENSG00000237409	1	1	0
ENSG00000116962	273	0	273
ENSG00000288078	0	0	0
ENSG00000271399	0	0	0
ENSG00000229757	0	0	0
ENSG00000232679	0	0	0
ENSG00000159388	3173	1	3172
ENSG00000220749	14	0	14
ENSG00000181450	228	1	227
ENSG00000223519	10	6	37
ENSG00000120333	360	9	370
ENSG00000286285	18	0	18
ENSG00000225300	0	0	0
ENSG00000223842	3	3	0
ENSG00000162753	0	0	0
ENSG00000228247	0	0	0
ENSG00000231424	4	0	4
ENSG00000143355	0	0	0
ENSG00000287177	0	0	0
ENSG00000237193	0	0	0
ENSG00000223490	0	0	0
ENSG00000121644	506	0	506
ENSG00000174502	0	0	0
ENSG00000224286	0	0	0
ENSG00000158715	105	0	105
ENSG00000143195	7	0	7
ENSG00000162849	9	6	3
ENSG00000232824	0	0	0
ENSG00000273416	0	0	0
ENSG00000234142	1	0	1
ENSG00000282111	0	0	0
ENSG00000233410	4	0	4
ENSG00000067533	295	1	294
ENSG00000228955	1	1	0
ENSG00000270443	0	0	0
ENSG00000116209	1956	0	1956
ENSG00000224702	0	0	0
ENSG00000271811	0	0	0
ENSG00000224278	0	0	0
ENSG00000235492	0	0	0
ENSG00000287808	5	84	4
ENSG00000271588	0	0	0
ENSG00000229840	0	0	0
ENSG00000116161	699	51	673
ENSG00000226486	0	0	0
ENSG00000227687	0	0	0
ENSG00000231814	0	0	0
ENSG00000286210	0	0	0
ENSG00000287364	0	0	0
ENSG00000225063	0	0	0
ENSG00000260698	14	0	14
ENSG00000277007	10	0	10
ENSG00000229016	0	0	0
ENSG00000077157	1103	0	1110
ENSG00000152104	8	7	1
ENSG00000236975	0	0	0
ENSG00000215834	0	0	0
ENSG00000286541	0	0	0
ENSG00000117650	14	0	14
ENSG00000235021	0	0	0
ENSG00000203724	0	0	0
ENSG00000225006	0	0	0
ENSG00000287633	0	0	0
ENSG00000158764	1	0	1
ENSG00000223375	1	0	1
ENSG00000230714	0	0	0
ENSG00000261065	0	5	0
ENSG00000260855	6	0	6
ENSG00000188783	0	0	0
ENSG00000236206	0	0	0
ENSG00000168118	449	0	449
ENSG00000181101	0	0	0
ENSG00000173726	1344	0	1344
ENSG00000282852	0	0	0
ENSG00000152382	246	12	234
ENSG00000143839	0	0	0
ENSG00000232100	0	0	0
ENSG00000261024	0	0	0
ENSG00000230547	0	0	0
ENSG00000229703	0	0	0
ENSG00000176754	0	0	0
ENSG00000232309	0	0	0
ENSG00000227953	7	30	10
ENSG00000232215	0	0	0
ENSG00000135829	3481	2	3562
ENSG00000228289	0	0	0
ENSG00000134717	640	0	640
ENSG00000232989	0	0	0
ENSG00000233537	0	0	0
ENSG00000116668	177	24	153
ENSG00000143756	696	0	696
ENSG00000278180	0	0	0
ENSG00000143702	716	0	783
ENSG00000232341	2	0	2
ENSG00000287676	4	0	4
ENSG00000236792	0	0	0
ENSG00000143207	1149	0	1149
ENSG00000270859	0	0	0
ENSG00000238224	0	0	0
ENSG00000286775	0	0	0
ENSG00000122176	0	0	0
ENSG00000229120	0	0	0
ENSG00000237492	0	0	0
ENSG00000230404	0	0	0
ENSG00000213036	0	0	0
ENSG00000227230	8	42	0
ENSG00000236230	0	0	0
ENSG00000026751	1357	0	1357
ENSG00000150681	2144	0	2574
ENSG00000116906	679	0	679
ENSG00000092969	7	0	7
ENSG00000157181	304	0	304
ENSG00000250762	0	0	0
ENSG00000236720	0	0	0
ENSG00000227421	1	0	1
ENSG00000227240	3	0	3
ENSG00000076258	67	0	67
ENSG00000286073	0	0	0
ENSG00000231084	3	3	0
ENSG00000232085	0	33	0
ENSG00000117697	633	0	633
ENSG00000279333	0	0	0
ENSG00000235083	0	0	0
ENSG00000162669	0	0	0
ENSG00000197067	1	0	1
ENSG00000229652	0	0	0
ENSG00000132681	26	0	26
ENSG00000225904	0	0	0
ENSG00000270920	0	0	0
ENSG00000281664	0	0	0
ENSG00000143641	461	1	633
ENSG00000227630	2	0	2
ENSG00000228830	0	672	0
ENSG00000010932	4	0	4
ENSG00000282849	0	0	0
ENSG00000276520	1	0	1
ENSG00000226640	0	0	0
ENSG00000010072	207	48	203
ENSG00000135766	82	0	82
ENSG00000232626	0	0	0
ENSG00000232096	2	2	0
ENSG00000279261	0	0	0
ENSG00000213051	0	0	0
ENSG00000238054	0	0	0
ENSG00000163534	2692	0	2692
ENSG00000168243	1	0	1
ENSG00000281453	0	0	0
ENSG00000237469	0	0	0
ENSG00000224939	0	0	0
ENSG00000227613	0	0	0
ENSG00000116183	0	0	0
ENSG00000270106	0	0	0
ENSG00000232194	1	0	1
ENSG00000235152	0	0	0
ENSG00000231612	0	0	0
ENSG00000237980	1	0	1
ENSG00000271036	0	0	0
ENSG00000230849	0	0	0
ENSG00000170382	161	165	0
ENSG00000228664	0	0	0
ENSG00000226868	0	0	0
ENSG00000279401	0	0	0
ENSG00000272362	0	0	0
ENSG00000287450	0	0	0
ENSG00000237011	0	0	0
ENSG00000233583	0	0	0
ENSG00000066027	1843	4	1839
ENSG00000286263	0	0	0
ENSG00000227006	3	3	0
ENSG00000236372	0	0	0
ENSG00000224525	0	0	0
ENSG00000188770	0	0	0
ENSG00000173728	3	3	0
ENSG00000094975	845	0	845
ENSG00000225811	0	0	0
ENSG00000273093	0	0	0
ENSG00000162772	31	0	31
ENSG00000227818	0	0	0
ENSG00000135828	1130	1	1129
ENSG00000224227	2	0	2
ENSG00000286398	0	0	0
ENSG00000076356	146	0	146
ENSG00000215819	0	0	0
ENSG00000185523	1	0	1
ENSG00000236108	0	0	0
ENSG00000116711	70	0	70
ENSG00000231684	0	0	0
ENSG00000226750	0	0	0
ENSG00000285665	5	0	5
ENSG00000231022	0	0	0
ENSG00000224436	0	0	0
ENSG00000228208	0	0	0
ENSG00000273384	2	0	2
ENSG00000238061	0	0	0
ENSG00000234915	0	0	0
ENSG00000143845	7	0	14
ENSG00000235862	0	0	1
ENSG00000069812	0	0	0
ENSG00000227585	0	0	0
ENSG00000157060	0	0	0
ENSG00000237213	0	0	0
ENSG00000236439	20	0	20
ENSG00000224260	0	0	0
ENSG00000213045	1	1	0
ENSG00000287220	0	0	0
ENSG00000230063	0	0	0
ENSG00000235467	0	0	0
ENSG00000123684	3411	0	3411
ENSG00000117707	0	0	0
ENSG00000228044	0	0	0
ENSG00000225338	1	1	0
ENSG00000224407	0	173	0
ENSG00000232463	0	0	0
ENSG00000237457	0	0	0
ENSG00000225171	6	1	5
ENSG00000226843	0	0	0
ENSG00000235386	0	0	0
ENSG00000123836	404	63	404
ENSG00000213690	0	0	0
ENSG00000223982	0	0	0
ENSG00000229832	4	2	2
ENSG00000117691	161	0	161
ENSG00000225233	0	0	0
ENSG00000274895	1	0	1
ENSG00000237514	0	0	0
ENSG00000287856	0	0	0
ENSG00000228067	0	0	0
ENSG00000284299	0	0	0
ENSG00000226375	1	0	1
ENSG00000203705	297	4	293
ENSG00000224040	1	0	1
ENSG00000228686	21	21	0
ENSG00000279838	22	4	18
ENSG00000174175	181	0	181
ENSG00000236401	0	0	0
ENSG00000241475	0	0	0
ENSG00000215800	0	0	0
ENSG00000286421	0	0	0
ENSG00000270936	0	0	0
ENSG00000008118	0	0	0
ENSG00000171161	386	1	385
ENSG00000241505	0	0	0
ENSG00000224535	0	0	0
ENSG00000282097	0	0	0
ENSG00000261453	2	2	0
ENSG00000231020	0	0	0
ENSG00000270818	0	0	0
ENSG00000196878	3	0	3
ENSG00000133059	660	0	660
ENSG00000225561	0	0	0
ENSG00000224668	0	0	0
ENSG00000242529	0	0	0
ENSG00000074964	156	0	156
ENSG00000223847	0	0	0
ENSG00000277704	0	0	0
ENSG00000116918	604	4	604
ENSG00000274020	163	0	205
ENSG00000287445	13	0	13
ENSG00000259815	0	0	0
ENSG00000240963	0	0	0
ENSG00000226570	0	0	0
ENSG00000198929	0	0	0
ENSG00000272167	0	0	0
ENSG00000230628	0	0	0
ENSG00000162771	0	1	0
ENSG00000227579	0	0	0
ENSG00000176393	670	0	1013
ENSG00000174606	693	0	693
ENSG00000179914	30	0	30
ENSG00000235750	3629	0	3629
ENSG00000284376	0	0	0
ENSG00000121446	2	1	1
ENSG00000226758	0	0	0
ENSG00000230199	0	0	0
ENSG00000236905	0	0	0
ENSG00000233304	0	0	0
ENSG00000288007	0	0	0
ENSG00000227887	0	0	0
ENSG00000116903	850	0	894
ENSG00000228255	0	0	0
ENSG00000226196	0	0	0
ENSG00000287354	0	1	0
ENSG00000233827	0	0	0
ENSG00000198797	0	0	0
ENSG00000271746	2	0	2
ENSG00000234233	0	0	0
ENSG00000151414	2188	0	2188
ENSG00000177614	1	0	1
ENSG00000223794	0	0	0
ENSG00000235182	0	2	0
ENSG00000213041	0	0	0
ENSG00000287157	0	0	0
ENSG00000233920	0	0	0
ENSG00000183831	0	0	0
ENSG00000225755	0	0	0
ENSG00000143858	32	39	0
ENSG00000197472	2	0	2
ENSG00000230184	0	0	0
ENSG00000234004	2	0	2
ENSG00000232436	0	0	0
ENSG00000231718	0	0	0
ENSG00000283952	0	0	0
ENSG00000230019	0	0	0
ENSG00000136643	347	0	347
ENSG00000232537	0	0	0
ENSG00000226036	0	0	0
ENSG00000285521	1	1	0
ENSG00000236317	0	0	0
ENSG00000176855	0	0	0
ENSG00000227728	0	0	0
ENSG00000133069	169	3	166
ENSG00000162877	13	0	13
ENSG00000233461	35	0	35
ENSG00000225401	0	0	0
ENSG00000228190	0	0	0
ENSG00000135747	0	0	0
ENSG00000227237	1	1	0
ENSG00000069248	737	0	737
ENSG00000232812	0	0	0
ENSG00000231666	0	0	0
ENSG00000226986	1	0	1
ENSG00000242042	0	0	0
ENSG00000234464	0	0	0
ENSG00000253148	1	1	0
ENSG00000227751	0	212	0
ENSG00000090104	77	1	76
ENSG00000285280	20	440	11
ENSG00000232892	1	1	0
ENSG00000236950	0	0	0
ENSG00000236468	0	0	0
ENSG00000143322	485	0	485
ENSG00000185220	203	0	203
ENSG00000226003	1	0	1
ENSG00000230813	0	0	0
ENSG00000226862	3	0	3
ENSG00000236101	0	0	0
ENSG00000162769	193	0	193
ENSG00000133065	538	0	538
ENSG00000278684	0	0	0
ENSG00000236775	0	0	0
ENSG00000042781	0	0	0
ENSG00000234754	0	0	0
ENSG00000233084	0	0	0
ENSG00000227815	2	0	2
ENSG00000287046	1	0	1
ENSG00000223774	0	0	1
ENSG00000228863	17	2487	13
ENSG00000228646	0	0	0
ENSG00000229112	0	0	0
ENSG00000233332	1	1	0
ENSG00000231984	0	0	0
ENSG00000286213	0	0	0
ENSG00000226876	0	0	0
ENSG00000277462	64	0	64
ENSG00000225591	0	0	0
ENSG00000035687	870	1	869
ENSG00000213080	2	0	2
ENSG00000180287	0	0	0
ENSG00000226693	0	0	0
ENSG00000234678	53	396	0
ENSG00000231272	0	0	0
ENSG00000223828	0	0	0
ENSG00000163431	0	1	0
ENSG00000230124	341	0	443
ENSG00000226723	0	0	0
ENSG00000272672	2	0	2
ENSG00000143473	0	0	0
ENSG00000228982	0	0	0
ENSG00000235096	0	0	0
ENSG00000237250	0	0	0
ENSG00000007341	92	13	144
ENSG00000286747	0	0	0
ENSG00000236069	0	1	0
ENSG00000236244	0	0	0
ENSG00000272865	2	2	0
ENSG00000117222	694	1	693
ENSG00000143324	481	0	481
ENSG00000229871	0	0	0
ENSG00000225222	0	0	0
ENSG00000118193	13	0	13
ENSG00000234116	0	0	0
ENSG00000231940	2	0	2
ENSG00000198842	0	0	0
ENSG00000286619	46	0	46
ENSG00000198756	40	0	40
ENSG00000259823	1	1	0
ENSG00000271558	0	0	0
ENSG00000227554	0	0	0
ENSG00000178596	0	0	0
ENSG00000135749	341	13	374
ENSG00000143786	18	0	18
ENSG00000224584	0	0	0
ENSG00000054282	281	19	294
ENSG00000183780	11	0	11
ENSG00000229663	2	1	1
ENSG00000162702	770	1	769
ENSG00000251508	0	0	0
ENSG00000238272	0	0	0
ENSG00000228530	0	0	0
ENSG00000235060	0	0	0
ENSG00000143194	0	0	0
ENSG00000229531	0	0	0
ENSG00000271329	0	0	0
ENSG00000054267	2288	6	2284
ENSG00000261831	1	1	0
ENSG00000287921	0	0	0
ENSG00000177800	0	0	0
ENSG00000225620	0	0	0
ENSG00000232166	0	0	0
ENSG00000175137	840	1	839
ENSG00000134245	14	68	8
ENSG00000234041	0	0	0
ENSG00000227373	14	0	14
ENSG00000231905	0	0	0
ENSG00000228175	0	0	0
ENSG00000069275	2415	2	2413
ENSG00000143674	56	0	56
ENSG00000237317	0	0	0
ENSG00000187889	0	0	0
ENSG00000134375	393	0	393
ENSG00000097046	148	2	146
ENSG00000232113	0	0	0
ENSG00000282718	0	0	0
ENSG00000231378	0	0	0
ENSG00000235605	0	3	0
ENSG00000223525	1	0	1
ENSG00000224857	0	0	0
ENSG00000273367	3	0	3
ENSG00000230604	0	0	0
ENSG00000231605	0	0	0
ENSG00000236358	3	0	5
ENSG00000203737	2	0	2
ENSG00000238003	0	0	0
ENSG00000215873	0	0	0
ENSG00000287008	0	0	0
ENSG00000185420	80	0	80
ENSG00000076321	366	0	366
ENSG00000272175	1	1	0
ENSG00000231564	0	0	0
ENSG00000135778	323	37	332
ENSG00000213070	0	0	0
ENSG00000282265	0	0	0
ENSG00000250536	0	0	0
ENSG00000229747	0	0	0
ENSG00000117280	1245	1	1244
ENSG00000233985	0	0	0
ENSG00000232175	0	0	0
ENSG00000287423	0	0	0
ENSG00000286774	0	0	0
ENSG00000236719	0	0	0
ENSG00000136636	110	0	110
ENSG00000225486	0	0	0
ENSG00000227043	0	0	0
ENSG00000163874	255	1	254
ENSG00000285777	0	0	0
ENSG00000237249	2	0	2
ENSG00000286109	0	0	0
ENSG00000213068	0	0	0
ENSG00000054392	41	0	42
ENSG00000227994	0	0	0
ENSG00000286552	0	0	0
ENSG00000225711	0	0	0
ENSG00000122223	671	23	648
ENSG00000235869	0	0	0
ENSG00000188739	20	0	20
ENSG00000286666	0	0	0
ENSG00000135750	1	0	1
ENSG00000273198	0	0	0
ENSG00000203730	2	2	0
ENSG00000225719	0	0	0
ENSG00000273483	1	0	1
ENSG00000287987	0	0	0
ENSG00000203729	1	0	1
ENSG00000232809	0	0	0
ENSG00000284623	0	0	0
ENSG00000285981	0	0	0
ENSG00000261729	0	0	0
ENSG00000223869	0	0	0
ENSG00000229228	0	0	0
ENSG00000215796	0	0	0
ENSG00000185221	0	0	0
ENSG00000233047	0	0	0
ENSG00000143341	4	1	3
ENSG00000228309	0	0	0
ENSG00000229739	11	0	11
ENSG00000116703	1	1	0
ENSG00000273874	0	0	0
ENSG00000278791	0	7	0
ENSG00000278757	2	0	2
ENSG00000264341	0	0	0
ENSG00000264101	0	0	0
ENSG00000265141	0	0	0
ENSG00000221083	0	0	0
ENSG00000252404	0	0	0
ENSG00000222511	0	0	0
ENSG00000265392	0	0	0
ENSG00000243267	1	0	1
ENSG00000201725	1	0	1
ENSG00000274258	0	0	0
ENSG00000239149	0	0	0
ENSG00000252151	0	0	0
ENSG00000252969	0	0	0
ENSG00000252417	0	0	0
ENSG00000200975	0	0	0
ENSG00000201609	0	0	0
ENSG00000238482	0	0	0
ENSG00000252956	0	0	0
ENSG00000265606	0	0	0
ENSG00000284357	0	0	0
ENSG00000278034	0	0	0
ENSG00000207237	0	0	0
ENSG00000222784	0	0	0
ENSG00000266210	0	0	0
ENSG00000265961	0	0	0
ENSG00000251866	0	0	0
ENSG00000252691	0	0	0
ENSG00000264371	0	0	0
ENSG00000253005	2	0	2
ENSG00000238316	0	0	0
ENSG00000207941	0	0	0
ENSG00000264773	2	0	2
ENSG00000252448	3	3	0
ENSG00000200421	0	0	0
ENSG00000222282	4	4	0
ENSG00000199963	0	0	0
ENSG00000264698	0	0	0
ENSG00000207328	0	0	0
ENSG00000207466	0	0	0
ENSG00000252368	0	0	0
ENSG00000206779	0	0	0
ENSG00000265596	0	0	0
ENSG00000212541	4	4	0
ENSG00000200796	0	0	0
ENSG00000252190	0	0	0
ENSG00000264613	0	0	0
ENSG00000199240	0	0	0
ENSG00000277168	0	0	0
ENSG00000283724	0	0	0
ENSG00000284410	0	0	0
ENSG00000252018	0	0	0
ENSG00000206627	0	0	0
ENSG00000283414	0	0	0
ENSG00000207508	0	0	0
ENSG00000200171	0	0	0
ENSG00000207194	0	0	0
ENSG00000283477	0	0	0
ENSG00000264834	0	0	0
ENSG00000263675	3	0	3
ENSG00000266188	0	0	0
ENSG00000206981	0	0	0
ENSG00000200174	0	0	0
ENSG00000265822	0	0	0
ENSG00000265815	0	0	0
ENSG00000238653	0	0	0
ENSG00000212624	0	0	0
ENSG00000200575	0	0	0
ENSG00000212360	0	0	0
ENSG00000242860	0	0	0
ENSG00000263908	0	0	0
ENSG00000283690	0	0	0
ENSG00000199921	0	0	0
ENSG00000251825	0	0	0
ENSG00000201153	0	0	0
ENSG00000222624	0	0	0
ENSG00000223152	0	0	0
ENSG00000212308	0	0	0
ENSG00000279049	0	10	0
ENSG00000276081	0	0	0
ENSG00000239640	0	0	0
ENSG00000252338	0	0	0
ENSG00000251785	0	0	0
ENSG00000239319	0	0	0
ENSG00000222849	0	0	0
ENSG00000283749	0	0	0
ENSG00000251958	0	0	0
ENSG00000251767	0	0	0
ENSG00000243437	0	0	0
ENSG00000202263	0	0	0
ENSG00000199318	0	0	0
ENSG00000199666	0	0	0
ENSG00000200601	0	0	0
ENSG00000242482	0	0	0
ENSG00000212366	0	0	0
ENSG00000201620	0	0	0
ENSG00000206817	0	0	0
ENSG00000284247	0	0	0
ENSG00000200839	0	0	0
ENSG00000264963	0	0	0
ENSG00000264271	0	0	0
ENSG00000239504	0	0	0
ENSG00000284202	0	0	0
ENSG00000251720	0	0	0
ENSG00000274321	0	0	0
ENSG00000198974	0	0	0
ENSG00000212248	0	0	0
ENSG00000207962	0	0	0
ENSG00000276884	0	4	0
ENSG00000207234	1	0	1
ENSG00000202259	0	0	0
ENSG00000212459	0	0	0
ENSG00000278287	0	0	0
ENSG00000277565	0	0	0
ENSG00000263526	0	0	0
ENSG00000211575	0	0	1
ENSG00000275823	0	0	0
ENSG00000277689	0	0	0
ENSG00000274199	0	3	0
ENSG00000202254	0	0	0
ENSG00000244256	4	0	4
ENSG00000201491	0	0	0
ENSG00000199831	0	0	0
ENSG00000275455	0	0	0
ENSG00000252162	0	0	0
ENSG00000272051	0	0	0
ENSG00000283899	0	0	0
ENSG00000200800	0	0	0
ENSG00000207502	0	0	0
ENSG00000252530	0	0	0
ENSG00000200536	0	0	0
ENSG00000211543	0	0	0
ENSG00000252797	0	0	0
ENSG00000212266	0	0	0
ENSG00000222209	0	0	0
ENSG00000277141	0	0	0
ENSG00000215930	1	0	1
ENSG00000238761	0	0	0
ENSG00000201114	0	0	0
ENSG00000206679	0	0	0
ENSG00000264419	0	0	0
ENSG00000222069	0	0	0
ENSG00000274428	0	0	0
ENSG00000199879	0	0	0
ENSG00000274408	0	0	0
ENSG00000283676	0	0	0
ENSG00000252005	0	0	0
ENSG00000252510	0	0	0
ENSG00000207340	3	0	3
ENSG00000252830	0	0	0
ENSG00000274450	0	0	0
ENSG00000252135	0	0	0
ENSG00000278596	0	0	0
ENSG00000238825	0	0	0
ENSG00000201183	0	0	0
ENSG00000202408	0	0	0
ENSG00000252744	0	0	0
ENSG00000273768	1	0	1
ENSG00000242565	0	0	0
ENSG00000239984	0	0	0
ENSG00000283296	0	0	0
ENSG00000252717	0	0	0
ENSG00000194297	0	0	0
ENSG00000199565	0	0	0
ENSG00000277313	0	0	0
ENSG00000274940	0	0	0
ENSG00000207341	0	0	0
ENSG00000207472	0	0	0
ENSG00000206880	0	0	0
ENSG00000252552	0	0	0
ENSG00000199849	0	0	0
ENSG00000252407	0	0	0
ENSG00000212538	0	0	0
ENSG00000251813	0	0	0
ENSG00000207108	0	0	0
ENSG00000201312	0	0	0
ENSG00000207039	0	0	0
ENSG00000202491	0	0	0
ENSG00000201596	0	0	0
ENSG00000276839	0	0	0
ENSG00000207974	0	0	0
ENSG00000273629	0	0	0
ENSG00000201493	0	0	0
ENSG00000215952	0	0	0
ENSG00000200139	0	0	0
ENSG00000283575	0	0	0
ENSG00000238765	0	0	0
ENSG00000264916	0	0	0
ENSG00000212338	0	0	0
ENSG00000206659	0	0	0
ENSG00000253025	0	0	0
ENSG00000201619	0	0	0
ENSG00000201544	2	0	2
ENSG00000202498	0	0	0
ENSG00000221545	0	0	0
ENSG00000252906	0	0	0
ENSG00000206692	0	0	0
ENSG00000202329	0	0	0
ENSG00000242794	0	0	0
ENSG00000212144	0	0	0
ENSG00000283340	0	0	0
ENSG00000252860	0	0	0
ENSG00000252501	0	0	0
ENSG00000263390	0	0	0
ENSG00000207181	1	0	1
ENSG00000265744	0	0	0
ENSG00000264377	0	0	0
ENSG00000207149	0	0	0
ENSG00000283936	0	0	0
ENSG00000284485	0	0	0
ENSG00000201638	0	0	0
ENSG00000275213	0	0	0
ENSG00000239494	2	1	1
ENSG00000212230	0	0	0
ENSG00000252371	0	0	0
ENSG00000199442	0	0	0
ENSG00000200033	0	0	0
ENSG00000239690	0	0	0
ENSG00000202184	0	0	0
ENSG00000241395	0	0	0
ENSG00000200982	0	0	0
ENSG00000275207	0	0	0
ENSG00000202300	0	0	0
ENSG00000222407	0	0	0
ENSG00000222986	0	0	0
ENSG00000265435	0	0	0
ENSG00000272262	0	0	0
ENSG00000200495	0	0	0
ENSG00000202609	0	0	0
ENSG00000252553	0	0	0
ENSG00000206764	0	0	0
ENSG00000222240	0	0	0
ENSG00000212187	0	0	0
ENSG00000206637	0	0	0
ENSG00000253097	0	0	0
ENSG00000200036	0	0	0
ENSG00000201421	0	0	0
ENSG00000212610	0	0	0
ENSG00000252484	0	0	0
ENSG00000201944	1	0	1
ENSG00000200327	0	0	0
ENSG00000206905	0	0	0
ENSG00000200972	0	0	0
ENSG00000243051	0	0	0
ENSG00000252011	0	0	0
ENSG00000207326	0	0	0
ENSG00000212205	2	2	0
ENSG00000253042	0	0	0
ENSG00000274121	0	0	0
ENSG00000264358	0	0	0
ENSG00000206640	0	0	0
ENSG00000212527	0	0	0
ENSG00000252879	0	0	0
ENSG00000252612	1	0	1
ENSG00000202264	0	0	0
ENSG00000285609	0	0	0
ENSG00000206762	3	3	0
ENSG00000252084	0	0	0
ENSG00000200085	0	0	0
ENSG00000264500	2	2	0
ENSG00000202025	0	0	0
ENSG00000225545	0	0	0
ENSG00000206990	0	0	0
ENSG00000230175	0	0	0
ENSG00000225272	0	0	0
ENSG00000215838	1	1	0
ENSG00000273365	1	0	1
ENSG00000224358	1	1	1
ENSG00000230659	0	0	0
ENSG00000162545	31	0	31
ENSG00000090432	314	0	314
ENSG00000215520	0	0	0
ENSG00000183114	0	0	0
ENSG00000158825	1213	0	1213
ENSG00000158828	232	93	796
ENSG00000284005	0	0	0
ENSG00000117242	53	575	135
ENSG00000234473	1	0	1
ENSG00000238754	0	0	0
ENSG00000134371	817	2	816
ENSG00000221680	0	0	0
ENSG00000162630	31	0	32
ENSG00000276735	0	0	0
ENSG00000232077	0	0	0
ENSG00000229639	0	0	0
ENSG00000287453	0	0	0
ENSG00000270615	0	0	0
ENSG00000287283	0	0	0
ENSG00000240692	0	0	0
ENSG00000229359	1	0	1
ENSG00000237919	0	0	0
ENSG00000066557	312	2	310
ENSG00000244389	0	0	0
ENSG00000228988	0	0	0
ENSG00000118454	397	1	396
ENSG00000226088	0	0	0
ENSG00000116761	15	0	15
ENSG00000278636	0	0	0
ENSG00000271992	0	0	0
ENSG00000233020	0	0	0
ENSG00000237033	0	0	0
ENSG00000226208	0	0	0
ENSG00000007968	113	1	112
ENSG00000235052	1	0	1
ENSG00000117318	202	0	202
ENSG00000285802	7	0	7
ENSG00000229239	3	0	3
ENSG00000142676	19384	40	19344
ENSG00000057757	607	0	607
ENSG00000011009	524	0	524
ENSG00000117308	79	2	77
ENSG00000273844	0	0	0
ENSG00000235748	0	0	0
ENSG00000237861	3	0	3
ENSG00000221879	0	0	0
ENSG00000230260	0	0	0
ENSG00000199241	0	0	0
ENSG00000226919	0	3	0
ENSG00000223963	1	0	1
ENSG00000215802	0	0	0
ENSG00000233615	0	0	0
ENSG00000238085	0	0	0
ENSG00000265831	0	0	0
ENSG00000224348	0	0	0
ENSG00000286496	1	0	1
ENSG00000287516	0	0	0
ENSG00000287738	1	0	1
ENSG00000132703	0	0	0
ENSG00000276632	0	0	0
ENSG00000223603	0	0	0
ENSG00000132693	0	0	0
ENSG00000235226	0	0	0
ENSG00000158716	78	0	78
ENSG00000181036	828	5	823
ENSG00000158714	12	19	99
ENSG00000212161	0	0	0
ENSG00000243284	0	0	0
ENSG00000272668	73	12	62
ENSG00000213085	36	0	37
ENSG00000266458	0	0	0
ENSG00000287040	0	0	0
ENSG00000279430	0	0	0
ENSG00000162723	1	1	0
ENSG00000273933	0	0	0
ENSG00000256029	3	33	12
ENSG00000188004	1	0	1
ENSG00000266580	0	0	0
ENSG00000254545	0	4	0
ENSG00000203620	0	0	0
ENSG00000269967	2	0	2
ENSG00000228634	2	2	0
ENSG00000284702	0	0	0
ENSG00000221040	0	0	0
ENSG00000287217	0	0	0
ENSG00000163399	1801	25	4577
ENSG00000212385	0	0	0
ENSG00000233154	11	0	11
ENSG00000230381	0	0	0
ENSG00000200547	0	0	0
ENSG00000224950	29	0	44
ENSG00000286276	3	18	0
ENSG00000177888	478	1	477
ENSG00000243364	63	0	63
ENSG00000251246	0	0	0
ENSG00000143590	17	0	17
ENSG00000202027	0	0	0
ENSG00000169242	33	1	32
ENSG00000169241	356	2	354
ENSG00000223452	0	0	0
ENSG00000163463	103	0	103
ENSG00000273088	0	0	0
ENSG00000284586	0	0	0
ENSG00000169231	113	2	238
ENSG00000236263	0	30	2
ENSG00000236675	37	37	0
ENSG00000177628	581	0	581
ENSG00000116521	570	0	570
ENSG00000176444	1155	0	1155
ENSG00000143630	25	1	33
ENSG00000143627	0	9	0
ENSG00000253074	0	0	0
ENSG00000252116	0	0	0
ENSG00000228523	0	0	0
ENSG00000223263	1	1	0
ENSG00000207504	0	0	0
ENSG00000238139	0	0	0
ENSG00000197721	23	0	23
ENSG00000244703	1	0	1
ENSG00000226289	0	0	0
ENSG00000285239	1	1	0
ENSG00000234219	2	3	0
ENSG00000174059	8	0	8
ENSG00000285719	0	0	0
ENSG00000284237	0	0	0
ENSG00000158731	0	0	0
ENSG00000201746	1	0	1
ENSG00000264881	0	0	0
ENSG00000199562	0	0	0
ENSG00000264501	0	0	0
ENSG00000284735	3	3	0
ENSG00000284642	5	0	5
ENSG00000142657	3333	0	3333
ENSG00000271989	0	2	0
ENSG00000251503	1	1	0
ENSG00000175279	2	0	2
ENSG00000160049	421	0	477
ENSG00000203469	0	41	0
ENSG00000236035	1	1	0
ENSG00000221643	0	0	0
ENSG00000122188	589	0	589
ENSG00000288644	0	0	0
ENSG00000227417	0	0	0
ENSG00000223505	0	0	0
ENSG00000182004	457	0	457
ENSG00000236430	0	0	0
ENSG00000130768	2	1	3
ENSG00000227050	0	2	0
ENSG00000238231	3	3	0
ENSG00000240750	1	0	1
ENSG00000158156	669	1	670
ENSG00000182118	38	1	37
ENSG00000283799	0	0	0
ENSG00000227934	0	0	0
ENSG00000229595	0	0	0
ENSG00000143633	238	1	237
ENSG00000281912	4	0	4
ENSG00000288208	0	0	0
ENSG00000132773	181	14	197
ENSG00000070759	181	6	185
ENSG00000236872	0	0	0
ENSG00000280670	100	0	100
ENSG00000132763	74	396	76
ENSG00000221953	0	0	0
ENSG00000226164	0	0	0
ENSG00000224014	0	0	0
ENSG00000215795	0	0	0
ENSG00000259865	385	0	385
ENSG00000227671	1079	1	1078
ENSG00000283881	0	0	0
ENSG00000252516	3	0	3
ENSG00000232347	0	0	0
ENSG00000214144	0	0	0
ENSG00000235818	0	0	0
ENSG00000197617	0	0	0
ENSG00000202079	1	1	0
ENSG00000286216	1	3	0
ENSG00000203664	0	0	0
ENSG00000169224	40	2	44
ENSG00000236817	0	4	0
ENSG00000177489	0	0	0
ENSG00000177476	0	0	0
ENSG00000283369	0	0	0
ENSG00000230411	0	0	0
ENSG00000251977	0	0	0
ENSG00000252254	0	0	0
ENSG00000227854	0	0	0
ENSG00000287589	0	0	0
ENSG00000259776	0	0	0
ENSG00000233355	1083	0	1092
ENSG00000234601	0	0	0
ENSG00000231979	0	0	0
ENSG00000215805	0	0	0
ENSG00000287102	0	0	0
ENSG00000217327	0	0	0
ENSG00000228818	0	0	0
ENSG00000202041	0	0	0
ENSG00000223694	0	0	0
ENSG00000233735	0	0	0
ENSG00000133019	3	9	3
ENSG00000162636	489	0	489
ENSG00000162639	354	2	352
ENSG00000285923	7	0	7
ENSG00000134186	2258	16	2242
ENSG00000143107	1	0	1
ENSG00000232971	0	0	0
ENSG00000116266	1490	2	1488
ENSG00000228076	0	0	0
ENSG00000203897	0	0	0
ENSG00000237349	0	0	0
ENSG00000244716	24	0	24
ENSG00000228665	0	0	0
ENSG00000228054	0	0	0
ENSG00000273382	9	38	9
ENSG00000215717	1194	1	1231
ENSG00000278249	0	0	0
ENSG00000270066	0	0	0
ENSG00000251484	1	1	0
ENSG00000132676	1265	59	1265
ENSG00000227673	0	0	0
ENSG00000203761	140	36	118
ENSG00000234937	2	2	0
ENSG00000132718	487	0	487
ENSG00000283442	0	0	0
ENSG00000143622	1081	0	1081
ENSG00000132680	1212	0	1212
ENSG00000207475	0	0	0
ENSG00000280466	0	0	0
ENSG00000281394	0	0	0
ENSG00000277817	0	0	0
ENSG00000273002	50	0	51
ENSG00000224276	0	0	0
ENSG00000285677	1	897	0
ENSG00000163479	2224	0	3119
ENSG00000160803	513	0	514
ENSG00000132698	4	0	4
ENSG00000252236	0	0	0
ENSG00000260238	0	0	0
ENSG00000242252	0	0	0
ENSG00000198952	1436	0	1436
ENSG00000163472	114	52	118
ENSG00000163468	1733	2	1732
ENSG00000132677	0	0	0
ENSG00000237390	0	0	0
ENSG00000207933	0	0	0
ENSG00000254726	1	0	1
ENSG00000186377	0	0	0
ENSG00000186160	0	0	0
ENSG00000225154	0	0	0
ENSG00000225506	1	0	1
ENSG00000225514	0	0	0
ENSG00000224805	29	2	33
ENSG00000162366	361	0	361
ENSG00000226252	5	52	0
ENSG00000225762	3	3	0
ENSG00000186790	0	0	0
ENSG00000237424	40	0	40
ENSG00000189030	0	0	0
ENSG00000162763	0	0	0
ENSG00000143061	5	0	5
ENSG00000135821	7845	2	7843
ENSG00000203740	0	0	0
ENSG00000162374	2	0	2
ENSG00000168275	81	1	93
ENSG00000241563	0	0	0
ENSG00000153207	2330	0	2330
ENSG00000156869	50	0	50
ENSG00000033122	47	19	28
ENSG00000143278	0	0	0
ENSG00000116678	204	0	204
ENSG00000159352	1471	2	1469
ENSG00000158710	9870	4	9866
ENSG00000162734	982	8	1002
ENSG00000049239	1368	1	1367
ENSG00000186564	7	0	7
ENSG00000244038	1752	4	1748
ENSG00000158747	31	0	31
ENSG00000116690	15	170	11
ENSG00000126091	36	0	36
ENSG00000162383	12	0	12
ENSG00000171163	430	0	430
ENSG00000172456	38	1	37
ENSG00000162946	394	1	393
ENSG00000158786	0	0	0
ENSG00000118733	0	0	0
ENSG00000157870	193	0	221
ENSG00000179085	25	0	25
ENSG00000173080	1	1	0
ENSG00000183347	33	0	33
ENSG00000276470	0	0	0
ENSG00000278852	0	0	0
ENSG00000275915	0	0	0
ENSG00000120937	0	0	0
ENSG00000224904	0	0	0
ENSG00000285646	2	2	0
ENSG00000199347	0	0	0
ENSG00000201801	0	0	0
ENSG00000116685	642	0	642
ENSG00000083444	660	1	659
ENSG00000287384	1	0	1
ENSG00000270914	0	0	0
ENSG00000116691	204	0	204
ENSG00000202461	0	0	0
ENSG00000276869	0	0	0
ENSG00000243539	0	0	0
ENSG00000120949	104	0	104
ENSG00000201135	0	0	0
ENSG00000227875	0	0	0
ENSG00000285604	0	0	0
ENSG00000283789	0	0	0
ENSG00000263676	0	0	0
ENSG00000200591	0	0	0
ENSG00000162521	1538	0	2302
ENSG00000162520	0	764	0
ENSG00000224409	0	0	0
ENSG00000162522	23	0	23
ENSG00000116497	648	1	650
ENSG00000160097	9	5	4
ENSG00000121905	1	0	1
ENSG00000121900	0	0	0
ENSG00000287691	7	10	0
ENSG00000278966	2	2	0
ENSG00000143222	729	1	901
ENSG00000224985	6	177	2
ENSG00000143224	227	66	232
ENSG00000158850	618	9	671
ENSG00000158859	28	2	27
ENSG00000158869	2328	0	2328
ENSG00000158874	1	1	0
ENSG00000158882	110	0	188
ENSG00000284035	0	0	0
ENSG00000143257	10	88	0
ENSG00000248485	7	7	0
ENSG00000188931	50	58	0
ENSG00000236484	0	0	0
ENSG00000283696	24	0	24
ENSG00000288093	5	0	5
ENSG00000206921	0	0	0
ENSG00000215840	3	0	3
ENSG00000277882	1	1	0
ENSG00000283317	6	4	2
ENSG00000277762	0	0	0
ENSG00000227139	0	0	0
ENSG00000265107	0	0	0
ENSG00000274415	0	0	0
ENSG00000234190	0	0	0
ENSG00000223728	0	0	0
ENSG00000121634	0	0	0
ENSG00000188092	93	0	93
ENSG00000215859	14	14	1
ENSG00000273059	0	0	1
ENSG00000274372	4	0	4
ENSG00000206791	0	0	0
ENSG00000206585	0	0	0
ENSG00000229828	0	0	0
ENSG00000225080	3	3	0
ENSG00000198658	1	0	1
ENSG00000238382	0	0	0
ENSG00000225919	0	0	0
ENSG00000236497	0	0	0
ENSG00000207190	0	0	0
ENSG00000200508	0	0	0
ENSG00000284928	0	0	0
ENSG00000223949	0	0	0
ENSG00000116688	1798	0	1798
ENSG00000188800	0	0	0
ENSG00000084073	763	0	765
ENSG00000231296	1	3	0
ENSG00000049089	126	1	125
ENSG00000227311	0	0	0
ENSG00000213172	0	0	0
ENSG00000284677	1	1	0
ENSG00000187801	37	0	37
ENSG00000260920	45	0	45
ENSG00000158887	83	0	83
ENSG00000255054	0	0	0
ENSG00000228172	2	163	7
ENSG00000117640	404	2	520
ENSG00000272478	0	0	0
ENSG00000127423	4	5	1
ENSG00000182749	72	6	114
ENSG00000207302	0	0	0
ENSG00000117632	531	0	531
ENSG00000229786	0	0	0
ENSG00000223624	0	0	0
ENSG00000283938	0	0	0
ENSG00000199385	0	0	0
ENSG00000187147	849	16	1249
ENSG00000263381	0	0	0
ENSG00000126106	26	411	31
ENSG00000198520	244	6	238
ENSG00000199377	0	0	0
ENSG00000200169	0	0	0
ENSG00000142945	20	2	20
ENSG00000142937	12546	15	13334
ENSG00000264294	0	0	0
ENSG00000200913	2	0	2
ENSG00000202031	0	0	0
ENSG00000207421	0	0	0
ENSG00000281859	0	0	0
ENSG00000234093	0	0	0
ENSG00000142959	14	0	14
ENSG00000173846	220	1	235
ENSG00000117425	13	1	12
ENSG00000202444	0	0	0
ENSG00000226499	0	0	0
ENSG00000070785	117	0	117
ENSG00000253039	0	0	0
ENSG00000229815	0	0	0
ENSG00000232369	0	0	0
ENSG00000268949	0	0	0
ENSG00000126107	714	0	715
ENSG00000126088	402	3	400
ENSG00000234315	0	0	0
ENSG00000162408	485	0	485
ENSG00000229519	3	3	0
ENSG00000173662	0	0	0
ENSG00000204859	381	10	371
ENSG00000288629	0	0	0
ENSG00000230735	0	2	0
ENSG00000171488	1456	2	1454
ENSG00000226394	2	2	0
ENSG00000237200	4	0	4
ENSG00000070886	0	0	0
ENSG00000276835	0	0	0
ENSG00000265422	0	0	0
ENSG00000223776	1	64	0
ENSG00000273058	15	3	12
ENSG00000230325	4	19	5
ENSG00000119285	866	727	1057
ENSG00000226498	0	0	0
ENSG00000237991	1	0	1
ENSG00000244020	0	0	0
ENSG00000288099	0	0	0
ENSG00000225886	48	55	0
ENSG00000206767	0	0	0
ENSG00000226662	0	0	0
ENSG00000207095	0	0	0
ENSG00000287244	0	0	0
ENSG00000231344	0	0	0
ENSG00000230833	0	0	0
ENSG00000117758	638	0	638
ENSG00000269971	0	0	0
ENSG00000270031	1	0	1
ENSG00000223062	0	0	0
ENSG00000286433	1	42	0
ENSG00000117751	620	3	658
ENSG00000252947	0	0	0
ENSG00000130775	3713	3	3710
ENSG00000117748	1245	27	1218
ENSG00000223643	0	0	0
ENSG00000230239	0	0	0
ENSG00000263811	0	0	0
ENSG00000277234	0	0	0
ENSG00000235241	0	45	0
ENSG00000207005	0	0	0
ENSG00000272426	1	0	1
ENSG00000117122	0	0	0
ENSG00000286898	0	0	0
ENSG00000226526	0	14	0
ENSG00000159363	312	0	318
ENSG00000117118	732	0	732
ENSG00000117115	3223	1	3222
ENSG00000204362	0	0	0
ENSG00000282843	0	0	0
ENSG00000142623	0	0	0
ENSG00000142619	0	0	0
ENSG00000266634	0	0	0
ENSG00000199459	0	0	0
ENSG00000273264	0	0	0
ENSG00000282057	1	0	1
ENSG00000272691	0	0	0
ENSG00000199934	0	0	0
ENSG00000230285	0	0	0
ENSG00000142871	0	0	0
ENSG00000226643	0	0	0
ENSG00000234419	0	0	0
ENSG00000276997	3	0	3
ENSG00000222399	0	0	0
ENSG00000267305	0	0	0
ENSG00000143512	1	0	1
ENSG00000143498	100	0	105
ENSG00000225265	10	5	10
ENSG00000154305	1678	98	1851
ENSG00000229399	0	0	0
ENSG00000272750	19	267	17
ENSG00000186063	674	17	678
ENSG00000162819	1032	4	1043
ENSG00000287684	12	23	5
ENSG00000234523	0	0	0
ENSG00000287338	2	0	2
ENSG00000187554	519	70	449
ENSG00000236846	1	0	1
ENSG00000226601	0	0	0
ENSG00000164010	190	12	270
ENSG00000164011	134	0	134
ENSG00000233708	0	0	0
ENSG00000237090	0	0	0
ENSG00000225099	0	0	0
ENSG00000284138	2	0	2
ENSG00000283973	3	4	0
ENSG00000207256	0	0	0
ENSG00000283136	0	0	0
ENSG00000277513	0	0	0
ENSG00000154309	138	0	138
ENSG00000226967	0	0	0
ENSG00000231407	1	3	1
ENSG00000229570	0	0	0
ENSG00000203857	0	0	0
ENSG00000226443	3	0	3
ENSG00000249798	1	1	0
ENSG00000239873	0	0	0
ENSG00000203855	1	1	0
ENSG00000240244	0	0	0
ENSG00000260941	9	0	9
ENSG00000198857	4	3	1
ENSG00000143067	50	0	50
ENSG00000134240	0	0	0
ENSG00000134193	25	0	25
ENSG00000215864	0	0	0
ENSG00000227205	0	0	0
ENSG00000226446	0	0	0
ENSG00000134249	0	0	0
ENSG00000092621	80	0	80
ENSG00000027644	3	1	2
ENSG00000241992	0	0	0
ENSG00000234226	0	0	0
ENSG00000137970	64	0	64
ENSG00000223229	0	0	0
ENSG00000285698	0	0	0
ENSG00000228035	0	0	0
ENSG00000287103	0	0	0
ENSG00000226973	0	0	0
ENSG00000274468	0	0	0
ENSG00000130764	399	15	400
ENSG00000266075	4	4	0
ENSG00000272153	18	32	2
ENSG00000230026	0	0	0
ENSG00000285177	0	1	0
ENSG00000284770	15	83	15
ENSG00000229795	0	0	0
ENSG00000238236	0	0	0
ENSG00000235638	0	0	0
ENSG00000231199	0	0	0
ENSG00000226663	0	0	0
ENSG00000231582	0	0	0
ENSG00000232714	0	0	0
ENSG00000235761	0	0	0
ENSG00000270710	0	0	0
ENSG00000227236	0	0	0
ENSG00000198837	3075	4	3150
ENSG00000160741	1463	2	1461
ENSG00000276584	0	0	0
ENSG00000282386	2	0	2
ENSG00000273026	2	2	0
ENSG00000143578	77	13	89
ENSG00000143543	103	6	116
ENSG00000285641	0	10	1
ENSG00000143545	7	0	7
ENSG00000177954	24407	6	24401
ENSG00000231416	0	0	0
ENSG00000200220	0	0	0
ENSG00000231837	0	0	0
ENSG00000263987	0	0	0
ENSG00000162642	347	1	346
ENSG00000223254	0	0	0
ENSG00000223653	0	6	0
ENSG00000116198	621	0	621
ENSG00000169598	203	0	203
ENSG00000226653	0	0	0
ENSG00000207209	0	0	0
ENSG00000272443	0	0	0
ENSG00000272480	0	0	0
ENSG00000288626	0	0	0
ENSG00000162836	160	0	160
ENSG00000207080	0	0	0
ENSG00000231791	0	0	0
ENSG00000244568	0	0	0
ENSG00000271387	0	0	0
ENSG00000116667	366	1	365
ENSG00000230470	0	0	0
ENSG00000232036	0	0	0
ENSG00000285847	2	2	0
ENSG00000286378	0	0	0
ENSG00000215381	0	0	0
ENSG00000261326	116	0	116
ENSG00000284726	2	2	0
ENSG00000125945	233	10	233
ENSG00000201405	0	0	0
ENSG00000271420	0	0	0
ENSG00000204219	136	1	136
ENSG00000232482	0	0	0
ENSG00000285779	0	0	0
ENSG00000162885	148	55	268
ENSG00000270780	0	0	0
ENSG00000232895	0	0	0
ENSG00000273698	0	0	0
ENSG00000273112	18	2	16
ENSG00000173110	1234	3	1231
ENSG00000224203	1	2	0
ENSG00000224515	0	0	0
ENSG00000225217	325	1	324
ENSG00000231586	0	1	0
ENSG00000234211	1	52	0
ENSG00000213075	3	3	0
ENSG00000143125	0	0	0
ENSG00000270380	0	0	0
ENSG00000282887	0	0	0
ENSG00000283999	0	0	0
ENSG00000240194	0	0	0
ENSG00000235407	0	0	0
ENSG00000143105	0	0	0
ENSG00000199710	0	0	0
ENSG00000237415	0	0	0
ENSG00000232791	0	0	0
ENSG00000177301	46	0	46
ENSG00000226828	3	3	0
ENSG00000279774	0	0	0
ENSG00000229960	0	0	0
ENSG00000286486	0	0	0
ENSG00000244066	0	0	0
ENSG00000237759	0	0	0
ENSG00000287531	0	0	0
ENSG00000225855	67	483	17
ENSG00000283701	0	0	0
ENSG00000207134	0	0	0
ENSG00000227773	1	0	1
ENSG00000207144	0	0	0
ENSG00000237872	0	0	0
ENSG00000271267	4	4	0
ENSG00000225082	0	0	0
ENSG00000223503	0	0	0
ENSG00000232519	0	0	0
ENSG00000160752	345	11	765
ENSG00000121957	65	242	100
ENSG00000235089	1	0	1
ENSG00000285179	0	0	0
ENSG00000223026	0	0	0
ENSG00000225721	0	802	3
ENSG00000188396	6	21	1
ENSG00000202167	0	0	0
ENSG00000207349	0	0	0
ENSG00000252826	0	0	0
ENSG00000206737	0	0	0
ENSG00000223779	0	0	0
ENSG00000242352	0	0	0
ENSG00000270962	0	0	0
ENSG00000263590	0	0	0
ENSG00000252105	0	0	0
ENSG00000233430	0	0	0
ENSG00000237503	0	0	0
ENSG00000265531	32	0	39
ENSG00000234571	9	16	0
ENSG00000230186	0	1	0
ENSG00000268074	0	0	0
ENSG00000270872	5	0	5
ENSG00000276674	0	0	0
ENSG00000082482	0	0	0
ENSG00000116747	822	24	945
ENSG00000118729	0	0	0
ENSG00000134207	0	0	0
ENSG00000163467	3	4	0
ENSG00000243710	3	1	2
ENSG00000117395	245	1	244
ENSG00000116874	70	3	79
ENSG00000065600	182	0	182
ENSG00000009780	203	0	203
ENSG00000023572	204	160	181
ENSG00000077254	1485	0	1485
ENSG00000134644	1936	0	1936
ENSG00000215788	633	0	660
ENSG00000117834	17	6	12
ENSG00000117625	1103	2	1101
ENSG00000179902	0	0	0
ENSG00000020633	2465	0	2465
ENSG00000121766	217	3	365
ENSG00000143157	1150	0	1150
ENSG00000162614	99	1	102
ENSG00000160781	23	0	23
ENSG00000143344	102	0	102
ENSG00000162613	2866	1	2865
ENSG00000116882	0	0	0
ENSG00000198758	0	0	0
ENSG00000117569	310	0	310
ENSG00000142856	128	46	115
ENSG00000158022	0	0	0
ENSG00000116396	144	0	144
ENSG00000058668	3510	2	3508
ENSG00000163875	942	1	941
ENSG00000282872	0	0	0
ENSG00000131238	4532	8	4524
ENSG00000171680	33	0	33
ENSG00000244457	0	0	0
ENSG00000116977	1667	288	2523
ENSG00000229372	0	80	0
ENSG00000274975	0	0	0
ENSG00000229348	1	0	1
ENSG00000242485	374	21	429
ENSG00000264293	0	0	0
ENSG00000272455	49	2	47
ENSG00000225905	0	0	0
ENSG00000225285	0	0	0
ENSG00000179403	0	0	0
ENSG00000215915	7	0	7
ENSG00000236085	0	0	0
ENSG00000234441	0	0	0
ENSG00000227408	0	0	0
ENSG00000223635	0	0	0
ENSG00000135776	440	0	440
ENSG00000199672	0	0	0
ENSG00000201492	0	0	0
ENSG00000229367	0	0	0
ENSG00000135763	231	0	231
ENSG00000213028	0	0	0
ENSG00000225984	0	0	0
ENSG00000178828	0	0	0
ENSG00000235434	0	0	0
ENSG00000169914	223	0	223
ENSG00000188784	0	0	0
ENSG00000242688	0	0	0
ENSG00000177186	0	0	0
ENSG00000177174	0	0	0
ENSG00000269956	15	159	0
ENSG00000162456	0	0	0
ENSG00000079277	737	0	881
ENSG00000117407	1	0	1
ENSG00000237950	21	0	21
ENSG00000117408	355	0	355
ENSG00000285649	0	35	0
ENSG00000117410	1622	0	1622
ENSG00000159214	17	0	20
ENSG00000196517	8	3	8
ENSG00000227163	0	0	0
ENSG00000271647	0	0	0
ENSG00000239560	0	0	0
ENSG00000196539	0	0	0
ENSG00000229255	0	0	0
ENSG00000203661	0	0	0
ENSG00000271934	0	0	0
ENSG00000224521	0	0	0
ENSG00000227102	0	0	0
ENSG00000183310	0	0	0
ENSG00000201602	1	0	1
ENSG00000271701	0	0	0
ENSG00000189181	0	0	0
ENSG00000187238	0	0	0
ENSG00000185962	0	0	0
ENSG00000226947	0	0	0
ENSG00000285753	0	0	0
ENSG00000187223	0	0	0
ENSG00000159455	0	0	0
ENSG00000187173	0	0	0
ENSG00000204501	0	0	0
ENSG00000228229	0	0	0
ENSG00000204481	0	0	0
ENSG00000204479	0	0	0
ENSG00000172031	7	0	7
ENSG00000233228	0	0	0
ENSG00000224678	0	0	0
ENSG00000233401	0	0	0
ENSG00000273487	3	0	3
ENSG00000226773	0	0	0
ENSG00000274481	0	0	0
ENSG00000228594	17	0	17
ENSG00000286989	26	0	26
ENSG00000272106	36	0	36
ENSG00000189409	1	0	1
ENSG00000272004	0	227	2
ENSG00000189339	1558	12	1776
ENSG00000269737	44	44	0
ENSG00000215914	0	0	0
ENSG00000008128	20	0	20
ENSG00000268575	52	0	94
ENSG00000227775	113	158	0
ENSG00000008130	4318	6	4312
ENSG00000078369	5944	11	5933
ENSG00000178821	0	0	0
ENSG00000158477	64	0	64
ENSG00000230942	0	0	0
ENSG00000158481	284	0	284
ENSG00000158485	2	0	2
ENSG00000158488	14	0	14
ENSG00000186306	0	0	0
ENSG00000203758	0	0	0
ENSG00000236257	0	0	0
ENSG00000236656	0	0	0
ENSG00000198703	0	0	0
ENSG00000227445	0	0	0
ENSG00000231434	0	0	0
ENSG00000117505	1854	0	1863
ENSG00000229635	1	1	0
ENSG00000207379	0	0	0
ENSG00000212601	0	0	0
ENSG00000162889	1950	0	1950
ENSG00000224114	129	2	127
ENSG00000199349	0	0	0
ENSG00000162892	74	821	2
ENSG00000162894	6183	5	6927
ENSG00000271680	47	47	0
ENSG00000226945	24	24	0
ENSG00000162896	3	0	3
ENSG00000162897	0	0	0
ENSG00000182795	10	0	10
ENSG00000198890	158	0	158
ENSG00000224550	0	0	0
ENSG00000142669	5330	2	7418
ENSG00000169442	2572	6	5898
ENSG00000225854	4	0	4
ENSG00000176083	325	2	323
ENSG00000229167	0	0	0
ENSG00000142910	0	0	0
ENSG00000162517	530	0	618
ENSG00000235790	1	3	1
ENSG00000264078	0	0	0
ENSG00000241745	0	0	0
ENSG00000228407	0	0	0
ENSG00000223429	0	0	0
ENSG00000224255	0	0	0
ENSG00000236004	0	0	0
ENSG00000237663	0	0	0
ENSG00000213735	0	0	0
ENSG00000272100	1	66	1
ENSG00000287078	1	0	1
ENSG00000224680	0	0	0
ENSG00000085840	25	1	24
ENSG00000283445	0	0	0
ENSG00000272226	3	3	0
ENSG00000231740	0	0	0
ENSG00000143751	764	0	764
ENSG00000272562	17	0	17
ENSG00000163041	5328	1	5327
ENSG00000225518	2	0	2
ENSG00000270598	0	0	0
ENSG00000182827	619	3	728
ENSG00000234478	2	114	0
ENSG00000223570	0	0	0
ENSG00000185155	3	0	3
ENSG00000236773	0	0	1
ENSG00000143753	990	1	990
ENSG00000201898	0	0	0
ENSG00000237101	3	45	3
ENSG00000143748	299	0	344
ENSG00000221406	0	0	0
ENSG00000229742	0	0	0
ENSG00000206887	0	0	0
ENSG00000143771	445	2	443
ENSG00000266618	2	0	2
ENSG00000229991	0	0	0
ENSG00000233384	0	0	0
ENSG00000234247	0	0	0
ENSG00000183682	90	112	7
ENSG00000237624	0	0	0
ENSG00000228060	4	337	0
ENSG00000201457	0	0	0
ENSG00000163909	3	0	3
ENSG00000225903	0	0	0
ENSG00000116983	69	0	69
ENSG00000225333	0	0	0
ENSG00000252413	0	0	0
ENSG00000090621	1255	1	1587
ENSG00000236994	0	0	0
ENSG00000275406	0	0	0
ENSG00000270287	0	0	0
ENSG00000229965	1	0	1
ENSG00000223282	0	0	0
ENSG00000177770	0	0	0
ENSG00000287627	0	0	0
ENSG00000283933	0	0	0
ENSG00000143369	13	0	13
ENSG00000228126	1	0	1
ENSG00000237781	28	50	66
ENSG00000264553	8	8	0
ENSG00000277452	4	0	4
ENSG00000274963	6	0	6
ENSG00000253047	3	0	3
ENSG00000143420	1410	1	1409
ENSG00000276103	3	0	3
ENSG00000143457	364	1	363
ENSG00000143452	34	0	34
ENSG00000206931	0	0	0
ENSG00000236713	1	1	0
ENSG00000224690	0	0	0
ENSG00000203804	3	171	50
ENSG00000143384	20985	7	20978
ENSG00000154342	0	0	0
ENSG00000276255	1	0	1
ENSG00000284163	0	0	0
ENSG00000143793	84	3	81
ENSG00000162910	105	0	105
ENSG00000224566	1	1	0
ENSG00000287895	4	2	2
ENSG00000280157	4	0	4
ENSG00000227625	0	0	0
ENSG00000198835	1	0	1
ENSG00000203684	4	0	4
ENSG00000181873	159	0	159
ENSG00000162913	29	3	32
ENSG00000269934	34	22	51
ENSG00000270110	9	10	0
ENSG00000286773	1	0	1
ENSG00000287315	46	78	10
ENSG00000270104	0	0	0
ENSG00000154370	281	0	358
ENSG00000270094	0	77	0
ENSG00000284311	0	0	0
ENSG00000162931	22	19	5
ENSG00000230841	0	0	0
ENSG00000266174	0	0	0
ENSG00000279306	1	1	0
ENSG00000215811	0	0	0
ENSG00000202056	0	0	0
ENSG00000251823	0	0	0
ENSG