N_unmapped	618742	618742	618742
N_multimapping	1580541	1580541	1580541
N_noFeature	1971067	7223008	7210099
N_ambiguous	1192001	396648	400326
ENSG00000160072	0	0	0
ENSG00000234396	0	0	0
ENSG00000225972	127	66	61
ENSG00000224315	0	0	0
ENSG00000198744	27	15	13
ENSG00000279928	0	0	0
ENSG00000228037	0	0	0
ENSG00000142611	0	0	0
ENSG00000225630	13197	6823	6374
ENSG00000284616	0	0	0
ENSG00000157911	0	16	16
ENSG00000269896	2	2	0
ENSG00000237973	592	509	518
ENSG00000228463	0	0	0
ENSG00000260972	0	0	0
ENSG00000157933	179	96	83
ENSG00000224340	0	0	0
ENSG00000226545	0	0	0
ENSG00000268663	0	0	0
ENSG00000226374	0	0	0
ENSG00000229280	0	0	0
ENSG00000142655	8	2	6
ENSG00000232596	0	0	0
ENSG00000235054	0	0	0
ENSG00000232663	0	0	0
ENSG00000240409	0	0	0
ENSG00000229344	13	22	20
ENSG00000231510	0	0	0
ENSG00000149527	0	0	0
ENSG00000284739	0	0	0
ENSG00000171621	15	9	6
ENSG00000272235	20	9	11
ENSG00000284694	0	0	0
ENSG00000230021	0	77	87
ENSG00000287356	0	0	0
ENSG00000224387	0	0	0
ENSG00000285629	0	0	0
ENSG00000173673	27	11	16
ENSG00000142583	12	6	6
ENSG00000284674	0	0	0
ENSG00000272161	0	0	0
ENSG00000237094	4	1	3
ENSG00000224338	0	0	0
ENSG00000074800	1007	548	459
ENSG00000116786	1	1	0
ENSG00000287727	0	0	0
ENSG00000228423	0	0	0
ENSG00000286448	0	0	0
ENSG00000131686	0	0	0
ENSG00000229305	0	0	0
ENSG00000284703	0	0	0
ENSG00000226457	0	0	0
ENSG00000173614	0	0	0
ENSG00000248527	3697	1915	1782
ENSG00000215720	0	0	0
ENSG00000241326	0	0	0
ENSG00000233623	0	0	0
ENSG00000162592	0	0	0
ENSG00000116254	3	2	1
ENSG00000233645	0	0	0
ENSG00000204624	0	0	0
ENSG00000142606	0	6	2
ENSG00000235146	0	0	0
ENSG00000225931	26	13	13
ENSG00000171729	124	65	59
ENSG00000279457	12	6	6
ENSG00000162571	0	7	3
ENSG00000229393	0	0	0
ENSG00000037637	60	34	26
ENSG00000287586	0	0	0
ENSG00000159423	6	1	5
ENSG00000142599	336	182	154
ENSG00000227169	0	0	0
ENSG00000283356	0	0	0
ENSG00000011021	86	38	48
ENSG00000142615	0	0	0
ENSG00000215704	0	0	0
ENSG00000157916	88	65	55
ENSG00000157881	0	0	0
ENSG00000238290	0	0	0
ENSG00000225387	0	0	0
ENSG00000048707	157	82	75
ENSG00000158748	2	1	1
ENSG00000225196	0	0	0
ENSG00000162444	0	0	0
ENSG00000279625	0	0	0
ENSG00000180758	13	5	8
ENSG00000184677	111	53	58
ENSG00000230679	0	0	0
ENSG00000270136	0	0	0
ENSG00000288398	53	34	19
ENSG00000224621	0	0	0
ENSG00000285833	0	0	0
ENSG00000131697	49	24	25
ENSG00000284692	0	0	0
ENSG00000284745	0	0	0
ENSG00000280222	0	0	0
ENSG00000227634	0	0	0
ENSG00000285945	0	0	0
ENSG00000229162	0	0	0
ENSG00000197921	0	0	0
ENSG00000233755	0	0	0
ENSG00000233929	0	0	0
ENSG00000271742	0	0	0
ENSG00000226396	1	1	0
ENSG00000169504	48	20	28
ENSG00000234166	0	0	0
ENSG00000235282	0	0	0
ENSG00000055070	35	24	23
ENSG00000175087	117	58	59
ENSG00000157191	174	80	94
ENSG00000284699	0	0	0
ENSG00000230035	0	0	0
ENSG00000235185	0	0	0
ENSG00000225643	0	0	0
ENSG00000284666	0	0	0
ENSG00000228943	0	0	0
ENSG00000234397	0	0	0
ENSG00000284309	1	0	1
ENSG00000162511	190	216	231
ENSG00000158014	0	0	0
ENSG00000204138	235	109	126
ENSG00000233419	0	0	0
ENSG00000235263	0	0	0
ENSG00000228176	0	0	0
ENSG00000231251	0	0	0
ENSG00000142675	229	100	129
ENSG00000197245	0	0	0
ENSG00000261025	0	0	0
ENSG00000116237	153	114	115
ENSG00000130772	68	31	37
ENSG00000215899	0	0	0
ENSG00000271398	0	0	0
ENSG00000225011	0	0	0
ENSG00000235069	0	0	0
ENSG00000284676	0	0	0
ENSG00000237058	0	0	0
ENSG00000233399	0	0	0
ENSG00000090020	248	122	126
ENSG00000157978	69	26	43
ENSG00000226944	0	0	0
ENSG00000270282	0	0	0
ENSG00000130770	2137	1164	1168
ENSG00000229044	0	3	1
ENSG00000162512	24	8	16
ENSG00000158006	366	183	183
ENSG00000214812	0	0	0
ENSG00000126698	128	65	63
ENSG00000229447	0	0	0
ENSG00000229607	0	0	0
ENSG00000130766	38	17	21
ENSG00000168528	451	212	239
ENSG00000196581	10	4	6
ENSG00000169403	71	37	34
ENSG00000084628	0	0	0
ENSG00000060688	1	0	1
ENSG00000171612	10	6	4
ENSG00000270927	0	0	0
ENSG00000188910	4	1	3
ENSG00000230523	0	0	0
ENSG00000116138	186	118	112
ENSG00000158161	99	49	50
ENSG00000142684	0	1	1
ENSG00000234619	0	0	0
ENSG00000121769	0	17	14
ENSG00000142627	30	13	17
ENSG00000284668	0	0	0
ENSG00000233234	0	0	0
ENSG00000142632	0	0	0
ENSG00000234593	3	2	1
ENSG00000158292	59	30	29
ENSG00000270605	4	2	2
ENSG00000189337	132	71	61
ENSG00000232912	16	8	8
ENSG00000235084	0	0	0
ENSG00000235143	0	0	0
ENSG00000225478	0	0	0
ENSG00000225077	0	0	0
ENSG00000028137	64	33	31
ENSG00000238249	0	0	0
ENSG00000204464	31	17	14
ENSG00000233372	0	0	0
ENSG00000283259	0	0	0
ENSG00000284543	0	0	0
ENSG00000130939	290	156	134
ENSG00000175147	1	0	1
ENSG00000127472	0	0	0
ENSG00000060656	0	0	0
ENSG00000163867	17	7	10
ENSG00000232768	1	1	0
ENSG00000230214	0	0	0
ENSG00000189280	0	0	0
ENSG00000134698	140	67	73
ENSG00000134690	141	82	59
ENSG00000272420	0	0	0
ENSG00000132881	0	0	0
ENSG00000273274	0	0	0
ENSG00000116251	188	96	92
ENSG00000272510	0	0	0
ENSG00000158286	17	49	44
ENSG00000236648	0	0	0
ENSG00000232273	0	0	0
ENSG00000009709	0	0	0
ENSG00000287396	0	0	0
ENSG00000223589	0	0	0
ENSG00000158008	0	0	0
ENSG00000130940	64	72	106
ENSG00000116771	7	29	22
ENSG00000237301	0	0	0
ENSG00000162585	12	36	31
ENSG00000163879	8	59	51
ENSG00000227527	0	0	0
ENSG00000116954	86	40	46
ENSG00000228589	2	1	1
ENSG00000163873	0	0	0
ENSG00000117215	0	0	0
ENSG00000196449	84	43	41
ENSG00000230163	0	3	0
ENSG00000227538	0	0	0
ENSG00000232208	0	0	0
ENSG00000236500	0	0	0
ENSG00000044012	0	0	0
ENSG00000179051	205	161	175
ENSG00000215895	140	66	74
ENSG00000231868	0	0	0
ENSG00000284650	0	0	0
ENSG00000237329	0	0	0
ENSG00000236948	0	0	0
ENSG00000126067	315	144	171
ENSG00000274944	0	0	0
ENSG00000132906	66	35	31
ENSG00000197312	75	32	43
ENSG00000284748	0	0	0
ENSG00000272078	0	67	47
ENSG00000173660	957	464	493
ENSG00000224592	0	0	0
ENSG00000233728	0	0	0
ENSG00000230451	0	0	0
ENSG00000231606	0	0	0
ENSG00000215900	0	0	0
ENSG00000284632	0	0	0
ENSG00000241014	0	0	0
ENSG00000054118	872	454	418
ENSG00000254553	0	0	0
ENSG00000284653	0	0	0
ENSG00000237749	0	0	0
ENSG00000276747	0	0	0
ENSG00000284705	0	0	0
ENSG00000228776	0	0	0
ENSG00000159339	0	0	0
ENSG00000223814	0	0	0
ENSG00000197982	12	8	4
ENSG00000261781	0	0	0
ENSG00000183317	156	77	79
ENSG00000183386	0	0	0
ENSG00000284743	0	0	0
ENSG00000158315	42	17	25
ENSG00000204084	26	30	21
ENSG00000186973	0	0	0
ENSG00000271806	0	0	0
ENSG00000146463	160	107	110
ENSG00000279214	0	0	0
ENSG00000183520	148	79	69
ENSG00000271741	0	0	0
ENSG00000214141	0	0	0
ENSG00000142686	0	0	0
ENSG00000224751	0	0	0
ENSG00000279096	0	0	0
ENSG00000117148	0	0	0
ENSG00000230585	0	0	0
ENSG00000117000	93	42	51
ENSG00000284989	0	0	0
ENSG00000231630	0	0	0
ENSG00000092853	39	22	24
ENSG00000255811	0	0	0
ENSG00000134697	117	90	129
ENSG00000187513	0	0	0
ENSG00000238145	0	0	0
ENSG00000225142	0	0	0
ENSG00000230138	0	0	0
ENSG00000223390	0	0	0
ENSG00000285823	0	0	0
ENSG00000284720	0	0	0
ENSG00000225028	0	0	0
ENSG00000225671	0	0	0
ENSG00000116151	0	0	0
ENSG00000226147	0	0	0
ENSG00000182873	0	0	0
ENSG00000006555	173	86	87
ENSG00000236111	0	0	0
ENSG00000066056	0	0	0
ENSG00000214114	158	89	69
ENSG00000173436	11	4	7
ENSG00000116544	0	0	0
ENSG00000231900	0	0	0
ENSG00000236723	0	11	12
ENSG00000232467	0	0	0
ENSG00000117016	8	4	4
ENSG00000121310	145	75	70
ENSG00000169213	30	13	17
ENSG00000163866	57	28	32
ENSG00000225779	0	0	0
ENSG00000284601	2	1	1
ENSG00000237130	0	0	0
ENSG00000143001	0	4	2
ENSG00000229716	0	0	0
ENSG00000226133	0	0	0
ENSG00000227416	0	0	0
ENSG00000232335	0	6	1
ENSG00000260971	0	0	0
ENSG00000259832	0	0	0
ENSG00000284696	0	0	0
ENSG00000238242	0	0	0
ENSG00000285839	0	0	0
ENSG00000237290	0	0	0
ENSG00000232762	0	0	0
ENSG00000117419	1	0	1
ENSG00000162384	39	50	54
ENSG00000162391	0	1	3
ENSG00000174348	0	0	0
ENSG00000154198	0	0	0
ENSG00000117859	250	168	168
ENSG00000228121	0	0	0
ENSG00000253313	67	35	32
ENSG00000162396	13	4	9
ENSG00000203995	0	0	0
ENSG00000227742	0	14	11
ENSG00000284686	0	0	0
ENSG00000162378	63	28	35
ENSG00000233079	0	0	0
ENSG00000259818	0	0	0
ENSG00000229444	0	0	5
ENSG00000240563	1945	915	1030
ENSG00000234318	0	0	0
ENSG00000284773	0	0	0
ENSG00000234481	0	0	0
ENSG00000117862	0	0	0
ENSG00000235612	0	0	0
ENSG00000228369	0	0	0
ENSG00000183431	198	104	94
ENSG00000227485	0	0	0
ENSG00000224609	0	0	0
ENSG00000235545	0	0	0
ENSG00000236646	0	0	0
ENSG00000169174	18	9	9
ENSG00000232198	0	0	0
ENSG00000238063	0	0	0
ENSG00000227104	0	0	0
ENSG00000243725	0	0	0
ENSG00000171872	0	0	0
ENSG00000162407	0	0	0
ENSG00000285079	0	0	0
ENSG00000169218	0	0	0
ENSG00000163877	125	56	69
ENSG00000228929	4	1	3
ENSG00000224570	0	0	0
ENSG00000224980	0	0	0
ENSG00000278967	0	0	0
ENSG00000157184	3	48	43
ENSG00000272491	0	0	0
ENSG00000198815	245	122	123
ENSG00000134744	225	101	124
ENSG00000233910	0	0	0
ENSG00000287703	0	0	0
ENSG00000283039	0	0	0
ENSG00000229032	0	0	0
ENSG00000229294	0	0	0
ENSG00000232993	0	0	0
ENSG00000234088	0	0	0
ENSG00000236973	0	0	0
ENSG00000227947	0	0	0
ENSG00000277397	0	0	0
ENSG00000271200	0	0	0
ENSG00000235446	0	0	0
ENSG00000261196	0	0	0
ENSG00000162385	0	0	0
ENSG00000231413	0	0	0
ENSG00000234264	0	0	0
ENSG00000242391	0	0	0
ENSG00000223883	0	0	0
ENSG00000284808	0	0	0
ENSG00000242267	0	0	0
ENSG00000237227	0	0	0
ENSG00000275350	0	0	0
ENSG00000116652	22	13	9
ENSG00000123080	36	18	18
ENSG00000285778	14	6	8
ENSG00000077549	704	343	361
ENSG00000233407	0	0	0
ENSG00000225675	0	0	0
ENSG00000237622	0	0	0
ENSG00000162598	0	0	0
ENSG00000280317	0	0	0
ENSG00000162415	33	10	23
ENSG00000162600	7	4	3
ENSG00000116704	467	223	244
ENSG00000227644	0	0	0
ENSG00000157193	26	12	14
ENSG00000116205	35	11	24
ENSG00000198841	3	2	1
ENSG00000116212	18	12	6
ENSG00000234204	0	0	0
ENSG00000233099	0	0	0
ENSG00000233994	0	0	0
ENSG00000237180	0	0	0
ENSG00000213561	0	0	0
ENSG00000233973	0	0	0
ENSG00000237552	0	0	0
ENSG00000132854	0	0	0
ENSG00000227556	0	0	0
ENSG00000162616	12	5	7
ENSG00000162607	180	99	81
ENSG00000233602	0	0	0
ENSG00000233271	0	2	4
ENSG00000285954	0	0	0
ENSG00000233333	0	0	0
ENSG00000154027	38	17	21
ENSG00000234108	0	0	0
ENSG00000232676	0	0	0
ENSG00000225167	0	0	0
ENSG00000132122	20	10	10
ENSG00000213579	0	0	0
ENSG00000137960	144	72	72
ENSG00000237852	0	0	0
ENSG00000116745	0	0	0
ENSG00000132855	0	0	0
ENSG00000285407	0	0	0
ENSG00000272855	0	0	0
ENSG00000270549	0	0	0
ENSG00000237163	0	0	0
ENSG00000229636	0	0	0
ENSG00000116675	1	1	0
ENSG00000162433	109	53	56
ENSG00000213625	189	100	89
ENSG00000227207	0	0	0
ENSG00000227016	2	0	2
ENSG00000233664	0	0	0
ENSG00000158966	0	0	0
ENSG00000213703	7	2	5
ENSG00000203965	40	19	21
ENSG00000223479	0	0	0
ENSG00000233674	0	0	0
ENSG00000153898	67	35	32
ENSG00000117069	0	0	0
ENSG00000125703	21	6	15
ENSG00000285041	0	0	0
ENSG00000285808	0	0	0
ENSG00000229440	0	0	0
ENSG00000234144	0	0	0
ENSG00000213540	2	2	0
ENSG00000277670	0	0	0
ENSG00000227466	0	0	0
ENSG00000154007	0	0	0
ENSG00000230498	0	0	0
ENSG00000285782	4	2	2
ENSG00000162618	32	15	17
ENSG00000224493	0	0	0
ENSG00000131233	0	0	0
ENSG00000272371	0	0	0
ENSG00000287647	0	0	0
ENSG00000229225	0	0	0
ENSG00000230863	0	0	0
ENSG00000213560	0	0	0
ENSG00000287224	0	0	0
ENSG00000225598	0	0	0
ENSG00000286455	0	0	0
ENSG00000225087	0	0	0
ENSG00000224986	0	0	0
ENSG00000280378	0	0	0
ENSG00000188786	135	88	47
ENSG00000230053	0	0	0
ENSG00000137941	23	11	12
ENSG00000273338	0	0	0
ENSG00000223720	0	0	0
ENSG00000224326	0	0	0
ENSG00000286548	0	0	0
ENSG00000066135	18	15	27
ENSG00000230027	0	0	0
ENSG00000233061	0	0	0
ENSG00000272094	0	0	0
ENSG00000228853	0	0	0
ENSG00000215874	0	0	0
ENSG00000232453	0	0	0
ENSG00000260386	0	0	0
ENSG00000284895	0	0	0
ENSG00000117174	27	17	10
ENSG00000237413	0	0	0
ENSG00000184313	0	0	0
ENSG00000284645	0	0	0
ENSG00000225605	0	0	0
ENSG00000225446	0	0	0
ENSG00000288543	0	0	0
ENSG00000122420	0	0	0
ENSG00000284240	0	0	0
ENSG00000236290	0	0	0
ENSG00000143013	699	342	357
ENSG00000226084	5	2	3
ENSG00000134748	182	97	85
ENSG00000142892	9	2	7
ENSG00000219102	0	0	0
ENSG00000184005	2	1	1
ENSG00000230953	25	14	11
ENSG00000287743	0	0	0
ENSG00000229332	0	0	0
ENSG00000227937	0	0	0
ENSG00000229752	0	0	0
ENSG00000237505	0	0	0
ENSG00000285462	0	0	0
ENSG00000233216	0	0	0
ENSG00000197273	20	10	10
ENSG00000226804	0	0	0
ENSG00000285325	0	0	0
ENSG00000230728	0	0	0
ENSG00000162402	305	155	150
ENSG00000232846	0	0	0
ENSG00000219201	0	0	0
ENSG00000230787	0	0	0
ENSG00000116641	120	54	66
ENSG00000235927	20	9	11
ENSG00000223920	0	0	0
ENSG00000237453	0	0	0
ENSG00000172260	0	0	0
ENSG00000285473	0	0	0
ENSG00000237959	0	0	0
ENSG00000231364	60	31	29
ENSG00000234578	0	0	0
ENSG00000117480	49	25	24
ENSG00000137944	149	78	71
ENSG00000229505	0	0	0
ENSG00000228187	0	0	0
ENSG00000285201	0	0	0
ENSG00000182183	0	0	0
ENSG00000236407	0	0	0
ENSG00000271949	0	0	0
ENSG00000227062	0	0	0
ENSG00000067334	234	108	126
ENSG00000235011	0	0	0
ENSG00000235673	0	0	0
ENSG00000226938	0	0	0
ENSG00000213559	0	0	0
ENSG00000287587	0	0	0
ENSG00000142949	702	339	363
ENSG00000116133	348	196	214
ENSG00000232882	56	28	28
ENSG00000171502	6	2	4
ENSG00000162399	0	0	0
ENSG00000116157	0	0	0
ENSG00000143036	640	328	312
ENSG00000232672	0	0	0
ENSG00000230817	0	0	0
ENSG00000235613	1	0	1
ENSG00000065243	601	303	298
ENSG00000226759	0	0	0
ENSG00000226960	0	0	0
ENSG00000234080	0	0	0
ENSG00000237899	0	0	0
ENSG00000225492	0	0	0
ENSG00000223905	0	0	0
ENSG00000227290	0	0	0
ENSG00000229486	0	0	0
ENSG00000282898	0	0	0
ENSG00000285409	0	0	0
ENSG00000231090	0	0	0
ENSG00000117528	225	105	120
ENSG00000271723	0	0	0
ENSG00000172339	85	39	46
ENSG00000036549	47	21	26
ENSG00000287724	0	10	11
ENSG00000058799	10	4	6
ENSG00000225191	0	0	0
ENSG00000287870	0	0	0
ENSG00000235563	0	0	0
ENSG00000232048	0	0	0
ENSG00000232857	0	0	0
ENSG00000273637	0	0	0
ENSG00000203985	0	0	0
ENSG00000228838	0	0	0
ENSG00000283761	0	0	0
ENSG00000189433	0	0	0
ENSG00000230759	0	0	0
ENSG00000231866	0	0	0
ENSG00000179178	25	12	14
ENSG00000142700	0	0	0
ENSG00000285525	0	0	0
ENSG00000236098	0	0	0
ENSG00000233514	0	0	0
ENSG00000127124	57	29	28
ENSG00000266993	0	0	0
ENSG00000223675	0	0	0
ENSG00000162604	166	84	82
ENSG00000229316	0	0	0
ENSG00000116171	1250	622	628
ENSG00000287406	0	0	0
ENSG00000225767	0	0	0
ENSG00000234099	0	0	0
ENSG00000137936	24	14	10
ENSG00000235308	0	0	0
ENSG00000232752	0	0	0
ENSG00000235829	0	0	0
ENSG00000143032	0	0	0
ENSG00000226745	0	0	0
ENSG00000178028	139	78	61
ENSG00000280040	0	0	0
ENSG00000168710	448	217	231
ENSG00000117519	217	115	102
ENSG00000270507	0	0	0
ENSG00000238037	0	0	0
ENSG00000215869	0	0	0
ENSG00000134215	137	76	61
ENSG00000227935	0	0	0
ENSG00000229887	0	0	0
ENSG00000228502	33	15	18
ENSG00000236268	0	0	0
ENSG00000271277	0	0	0
ENSG00000236888	0	0	0
ENSG00000279778	0	0	0
ENSG00000232015	0	0	0
ENSG00000230955	0	13	12
ENSG00000230828	0	0	0
ENSG00000188641	37	15	22
ENSG00000152078	47	27	20
ENSG00000237279	0	0	0
ENSG00000233359	0	0	0
ENSG00000237954	0	0	0
ENSG00000185668	0	0	0
ENSG00000171492	102	53	49
ENSG00000233129	0	0	0
ENSG00000170989	7	4	3
ENSG00000258634	53	30	25
ENSG00000233557	0	0	0
ENSG00000237897	0	0	0
ENSG00000116299	978	503	475
ENSG00000137962	0	0	0
ENSG00000227832	0	0	0
ENSG00000286692	0	0	0
ENSG00000260464	0	0	0
ENSG00000237435	0	0	0
ENSG00000231996	0	0	0
ENSG00000273204	0	0	0
ENSG00000079739	94	48	64
ENSG00000117154	0	0	0
ENSG00000162377	7	4	3
ENSG00000224613	0	0	0
ENSG00000215871	0	0	0
ENSG00000287372	0	0	0
ENSG00000232542	0	0	0
ENSG00000231095	0	0	0
ENSG00000116774	0	0	0
ENSG00000287756	0	0	0
ENSG00000269113	39	16	23
ENSG00000284652	0	0	0
ENSG00000023909	13	10	3
ENSG00000069702	28	13	15
ENSG00000232185	0	0	0
ENSG00000230489	0	0	0
ENSG00000228399	0	0	0
ENSG00000236776	0	0	0
ENSG00000285928	0	0	0
ENSG00000224685	0	0	0
ENSG00000287076	0	0	0
ENSG00000237480	0	0	0
ENSG00000271252	0	0	0
ENSG00000230427	0	0	0
ENSG00000235794	0	0	0
ENSG00000286758	0	0	0
ENSG00000237337	0	0	0
ENSG00000233983	0	0	0
ENSG00000198198	100	78	73
ENSG00000225183	0	0	0
ENSG00000230402	0	0	0
ENSG00000116793	1	0	1
ENSG00000134201	0	0	0
ENSG00000238122	0	0	0
ENSG00000260879	0	0	0
ENSG00000213366	0	0	0
ENSG00000230864	0	0	0
ENSG00000283354	0	0	0
ENSG00000232918	0	0	0
ENSG00000236360	0	0	0
ENSG00000183298	1	4	1
ENSG00000234332	0	0	0
ENSG00000117525	133	74	59
ENSG00000225079	0	0	0
ENSG00000226483	0	0	0
ENSG00000224238	0	0	0
ENSG00000229537	0	0	0
ENSG00000162699	0	0	0
ENSG00000162692	0	0	0
ENSG00000203914	0	0	0
ENSG00000270457	0	0	0
ENSG00000203858	0	0	0
ENSG00000231987	0	0	0
ENSG00000228057	2	1	1
ENSG00000261593	0	0	0
ENSG00000224445	0	0	0
ENSG00000229842	0	0	0
ENSG00000270631	0	0	0
ENSG00000229201	0	0	0
ENSG00000181656	0	0	0
ENSG00000122481	0	0	0
ENSG00000198162	173	87	86
ENSG00000238198	0	0	0
ENSG00000171517	0	0	0
ENSG00000228852	0	0	0
ENSG00000203864	0	0	0
ENSG00000233482	0	0	0
ENSG00000230250	0	0	0
ENSG00000232878	0	0	0
ENSG00000143079	494	243	251
ENSG00000232450	1	1	0
ENSG00000223575	0	0	0
ENSG00000230768	0	0	0
ENSG00000235202	0	0	0
ENSG00000272715	0	0	0
ENSG00000235038	0	0	0
ENSG00000143093	46	19	27
ENSG00000226415	1	0	1
ENSG00000085491	257	133	124
ENSG00000173947	0	0	0
ENSG00000241361	0	0	0
ENSG00000230434	0	0	0
ENSG00000230718	0	0	0
ENSG00000134198	0	0	0
ENSG00000235595	0	0	0
ENSG00000226053	0	0	0
ENSG00000226128	0	0	0
ENSG00000198799	70	39	31
ENSG00000279513	0	0	0
ENSG00000117620	427	221	206
ENSG00000280186	0	0	0
ENSG00000223906	0	0	0
ENSG00000162688	56	27	29
ENSG00000197106	26	9	17
ENSG00000259946	0	0	0
ENSG00000236137	0	0	0
ENSG00000203859	0	0	0
ENSG00000228086	0	0	0
ENSG00000213421	0	0	0
ENSG00000234020	0	0	0
ENSG00000060718	0	0	0
ENSG00000236804	0	0	0
ENSG00000231072	0	0	0
ENSG00000273406	0	0	0
ENSG00000185946	175	85	90
ENSG00000162627	74	36	38
ENSG00000226715	0	1	3
ENSG00000162695	363	178	185
ENSG00000134184	1	5	1
ENSG00000265808	305	149	156
ENSG00000261290	0	0	0
ENSG00000225923	0	0	0
ENSG00000134247	110	65	45
ENSG00000187481	0	0	0
ENSG00000116752	30	16	14
ENSG00000162664	127	66	61
ENSG00000236866	1	0	1
ENSG00000134253	16	10	6
ENSG00000277655	0	0	0
ENSG00000223416	0	0	0
ENSG00000213226	0	0	0
ENSG00000179571	0	0	0
ENSG00000227850	0	0	0
ENSG00000243967	0	0	0
ENSG00000235777	0	0	0
ENSG00000260246	0	1	4
ENSG00000173218	2	1	1
ENSG00000285532	0	0	0
ENSG00000226755	0	0	0
ENSG00000232650	0	0	0
ENSG00000183508	404	194	210
ENSG00000277095	0	0	0
ENSG00000236806	0	0	0
ENSG00000234283	0	0	0
ENSG00000237188	32	11	21
ENSG00000232780	0	0	0
ENSG00000274927	0	0	0
ENSG00000264145	0	0	0
ENSG00000238256	0	0	0
ENSG00000198765	0	0	0
ENSG00000224335	0	0	0
ENSG00000277702	0	0	0
ENSG00000143398	62	32	30
ENSG00000196505	89	44	45
ENSG00000225871	0	0	0
ENSG00000223489	0	0	0
ENSG00000230546	0	0	0
ENSG00000213262	0	0	0
ENSG00000287015	0	0	0
ENSG00000241720	0	0	0
ENSG00000235526	0	0	0
ENSG00000228347	0	0	0
ENSG00000276975	0	0	0
ENSG00000236012	0	0	0
ENSG00000270911	0	0	0
ENSG00000272824	0	0	0
ENSG00000134200	0	0	0
ENSG00000234257	0	0	0
ENSG00000065183	45	31	16
ENSG00000227082	0	0	0
ENSG00000228626	0	0	0
ENSG00000226126	0	0	0
ENSG00000163393	0	0	0
ENSG00000163156	67	35	32
ENSG00000143631	0	0	0
ENSG00000156150	0	1	1
ENSG00000228453	0	0	0
ENSG00000274642	0	0	0
ENSG00000177551	0	0	0
ENSG00000197323	528	271	257
ENSG00000237975	0	0	0
ENSG00000261168	0	0	0
ENSG00000287980	0	0	0
ENSG00000229283	0	0	0
ENSG00000271419	0	0	0
ENSG00000226172	0	0	0
ENSG00000079335	70	43	27
ENSG00000143119	351	179	172
ENSG00000237278	0	0	0
ENSG00000285062	0	0	0
ENSG00000233432	0	0	0
ENSG00000227700	0	0	0
ENSG00000229911	0	0	0
ENSG00000143520	0	0	0
ENSG00000171943	17	8	9
ENSG00000270719	0	0	0
ENSG00000155761	0	1	1
ENSG00000230806	0	0	0
ENSG00000116830	242	128	114
ENSG00000234422	0	0	0
ENSG00000227056	0	0	0
ENSG00000143614	146	60	86
ENSG00000227091	0	0	0
ENSG00000169418	0	0	0
ENSG00000214204	0	0	0
ENSG00000081026	319	149	170
ENSG00000225650	0	0	0
ENSG00000227179	0	0	0
ENSG00000224965	0	0	0
ENSG00000228127	0	0	0
ENSG00000226984	0	0	0
ENSG00000186150	0	0	0
ENSG00000143554	76	29	47
ENSG00000143458	192	95	97
ENSG00000230932	0	0	0
ENSG00000073754	0	0	0
ENSG00000228826	0	0	0
ENSG00000233907	0	0	0
ENSG00000225036	0	0	0
ENSG00000228420	0	0	0
ENSG00000233839	0	0	0
ENSG00000250890	0	0	0
ENSG00000232240	0	0	0
ENSG00000280649	0	0	0
ENSG00000131781	137	61	76
ENSG00000223599	0	0	0
ENSG00000230921	0	0	0
ENSG00000286151	0	0	0
ENSG00000234388	0	0	0
ENSG00000235015	0	0	0
ENSG00000271736	0	0	0
ENSG00000235988	0	0	0
ENSG00000233717	0	0	0
ENSG00000231551	63	31	32
ENSG00000227295	0	0	0
ENSG00000163155	49	35	29
ENSG00000243613	0	0	0
ENSG00000241975	0	0	0
ENSG00000271143	0	0	0
ENSG00000270976	0	0	0
ENSG00000228217	0	0	0
ENSG00000270342	0	0	0
ENSG00000143552	0	0	0
ENSG00000175984	0	0	0
ENSG00000231100	0	0	0
ENSG00000116824	1	0	1
ENSG00000235887	0	0	0
ENSG00000237460	6	5	1
ENSG00000236327	0	0	0
ENSG00000223804	2	0	2
ENSG00000236887	0	0	0
ENSG00000024526	1	10	10
ENSG00000236480	0	0	0
ENSG00000235756	0	0	0
ENSG00000173810	0	0	0
ENSG00000235005	0	0	0
ENSG00000271890	0	0	0
ENSG00000238107	0	0	0
ENSG00000227425	0	0	0
ENSG00000233222	0	1	0
ENSG00000225279	0	0	0
ENSG00000229101	0	0	0
ENSG00000224927	0	0	0
ENSG00000239216	0	0	0
ENSG00000283360	0	0	0
ENSG00000117262	8	6	2
ENSG00000227907	0	0	0
ENSG00000143624	166	88	100
ENSG00000227970	0	0	0
ENSG00000261055	0	0	0
ENSG00000231613	0	0	0
ENSG00000137947	172	89	83
ENSG00000236689	0	0	0
ENSG00000233589	0	9	10
ENSG00000117586	0	0	0
ENSG00000230946	11	5	6
ENSG00000226028	0	0	0
ENSG00000162728	0	0	0
ENSG00000229021	1	0	1
ENSG00000203825	0	0	0
ENSG00000184371	2	0	2
ENSG00000233449	0	0	0
ENSG00000242943	0	0	0
ENSG00000233203	0	0	0
ENSG00000232499	0	0	0
ENSG00000232265	14	7	7
ENSG00000163154	0	5	10
ENSG00000232995	0	0	0
ENSG00000236957	0	0	0
ENSG00000238087	0	0	0
ENSG00000227777	0	0	0
ENSG00000177173	0	0	0
ENSG00000277406	1	0	1
ENSG00000238022	0	0	0
ENSG00000231671	0	0	0
ENSG00000162729	29	13	16
ENSG00000143158	1130	565	577
ENSG00000271092	0	0	0
ENSG00000238118	0	0	0
ENSG00000276118	0	0	0
ENSG00000232148	0	0	0
ENSG00000278811	18	9	9
ENSG00000000460	34	84	79
ENSG00000188859	2	0	2
ENSG00000275075	0	0	0
ENSG00000135862	1	0	1
ENSG00000232952	0	0	0
ENSG00000158473	32	12	20
ENSG00000227722	0	0	0
ENSG00000285922	0	0	0
ENSG00000275801	0	0	0
ENSG00000143198	514	260	254
ENSG00000143318	0	0	0
ENSG00000232188	0	0	0
ENSG00000232212	0	0	0
ENSG00000143621	341	187	196
ENSG00000241042	0	0	0
ENSG00000143155	689	318	371
ENSG00000260322	0	0	0
ENSG00000223495	0	0	0
ENSG00000143156	1	728	706
ENSG00000198771	53	27	26
ENSG00000225462	0	0	0
ENSG00000237756	0	0	0
ENSG00000116147	0	0	0
ENSG00000213064	146	105	76
ENSG00000203307	0	0	0
ENSG00000143179	85	103	80
ENSG00000271187	0	0	0
ENSG00000274562	0	0	0
ENSG00000143315	51	31	20
ENSG00000116199	109	48	61
ENSG00000231175	0	0	0
ENSG00000143185	0	0	0
ENSG00000235145	0	0	0
ENSG00000116260	795	400	395
ENSG00000272931	0	0	0
ENSG00000143190	257	125	132
ENSG00000225475	1	0	1
ENSG00000230898	0	0	0
ENSG00000232223	0	0	0
ENSG00000224698	0	0	0
ENSG00000287697	0	0	0
ENSG00000075945	63	44	54
ENSG00000235303	0	0	0
ENSG00000234810	0	0	0
ENSG00000232750	0	0	0
ENSG00000224468	0	0	0
ENSG00000235628	0	0	0
ENSG00000232551	0	0	0
ENSG00000092607	0	0	0
ENSG00000238270	0	0	0
ENSG00000285894	0	0	0
ENSG00000236025	0	0	0
ENSG00000230687	0	0	0
ENSG00000230704	0	0	0
ENSG00000283255	0	0	0
ENSG00000227741	2	92	69
ENSG00000237049	0	0	0
ENSG00000286754	0	0	0
ENSG00000232751	0	0	0
ENSG00000236364	0	41	58
ENSG00000117091	25	66	46
ENSG00000235378	0	0	0
ENSG00000143171	0	0	0
ENSG00000275767	0	0	0
ENSG00000224718	0	0	0
ENSG00000047410	755	445	457
ENSG00000231992	0	0	0
ENSG00000018625	0	0	0
ENSG00000171806	58	31	27
ENSG00000287919	0	0	0
ENSG00000229914	0	0	0
ENSG00000233882	0	0	0
ENSG00000198358	0	0	0
ENSG00000229407	0	0	0
ENSG00000134216	0	0	0
ENSG00000230748	0	0	0
ENSG00000254154	0	0	0
ENSG00000162694	33	16	17
ENSG00000238108	0	0	0
ENSG00000214262	0	11	24
ENSG00000183853	0	0	0
ENSG00000215835	0	0	0
ENSG00000118197	104	44	60
ENSG00000135842	50	25	25
ENSG00000229258	0	0	0
ENSG00000287472	0	0	0
ENSG00000241318	0	0	0
ENSG00000228238	0	0	0
ENSG00000232393	0	0	0
ENSG00000121454	49	62	51
ENSG00000184155	0	0	0
ENSG00000058085	309	162	147
ENSG00000260088	0	0	0
ENSG00000287978	77	40	37
ENSG00000116815	417	201	216
ENSG00000232917	0	0	0
ENSG00000233057	0	0	0
ENSG00000237131	0	0	0
ENSG00000233946	0	0	0
ENSG00000143167	474	253	221
ENSG00000143184	0	0	0
ENSG00000231966	0	0	0
ENSG00000176320	0	0	0
ENSG00000260976	0	0	0
ENSG00000235215	0	0	0
ENSG00000223450	0	0	0
ENSG00000224691	0	0	0
ENSG00000286572	0	0	0
ENSG00000235101	0	0	0
ENSG00000228215	0	0	0
ENSG00000177807	28	14	14
ENSG00000233626	0	0	0
ENSG00000233691	0	0	0
ENSG00000283518	0	0	0
ENSG00000271527	0	0	0
ENSG00000143228	0	0	0
ENSG00000235827	0	0	0
ENSG00000231615	0	0	0
ENSG00000231714	0	0	0
ENSG00000174514	38	22	16
ENSG00000143178	24	13	11
ENSG00000224837	0	0	0
ENSG00000116833	229	119	110
ENSG00000227740	0	0	0
ENSG00000260990	0	0	0
ENSG00000000457	31	80	80
ENSG00000143507	58	31	27
ENSG00000285638	0	0	0
ENSG00000226520	0	0	0
ENSG00000284592	0	0	0
ENSG00000230987	0	0	0
ENSG00000232527	0	0	0
ENSG00000215833	0	0	0
ENSG00000228167	0	0	0
ENSG00000225325	0	0	0
ENSG00000223344	0	0	0
ENSG00000228191	0	0	0
ENSG00000229961	0	0	0
ENSG00000150732	0	0	0
ENSG00000157064	0	0	0
ENSG00000288139	0	0	0
ENSG00000226015	23	8	15
ENSG00000215808	0	0	0
ENSG00000059588	107	55	52
ENSG00000231512	0	0	0
ENSG00000237379	0	0	0
ENSG00000232959	0	24	11
ENSG00000122224	29	13	16
ENSG00000162782	0	0	0
ENSG00000238051	0	0	0
ENSG00000233196	0	0	0
ENSG00000229220	0	0	0
ENSG00000143653	183	98	85
ENSG00000135837	834	409	425
ENSG00000158711	187	91	96
ENSG00000227747	0	0	0
ENSG00000228081	0	0	0
ENSG00000228020	0	0	0
ENSG00000234975	0	0	0
ENSG00000162851	4	4	0
ENSG00000271427	16	6	10
ENSG00000261817	0	0	0
ENSG00000143353	62	35	27
ENSG00000197965	383	191	192
ENSG00000143493	78	40	38
ENSG00000230777	0	0	0
ENSG00000179397	1	0	1
ENSG00000224540	0	0	0
ENSG00000117592	261	139	122
ENSG00000186197	0	0	0
ENSG00000229067	0	0	0
ENSG00000230231	0	0	0
ENSG00000227711	0	0	0
ENSG00000261182	0	0	0
ENSG00000228879	0	0	0
ENSG00000227925	0	0	0
ENSG00000162670	15	8	7
ENSG00000225712	0	0	0
ENSG00000162761	0	0	0
ENSG00000143199	0	0	0
ENSG00000179930	0	0	0
ENSG00000007908	0	0	0
ENSG00000092978	135	70	65
ENSG00000143499	66	33	33
ENSG00000188404	97	49	48
ENSG00000227735	0	0	0
ENSG00000243062	0	0	0
ENSG00000143196	0	0	0
ENSG00000228504	0	0	0
ENSG00000274702	0	0	0
ENSG00000226211	0	0	0
ENSG00000236942	0	0	0
ENSG00000287205	0	0	0
ENSG00000203697	99	46	53
ENSG00000116574	30	14	16
ENSG00000287929	0	0	0
ENSG00000186283	20	9	11
ENSG00000224896	0	0	0
ENSG00000226292	0	0	0
ENSG00000121481	44	18	26
ENSG00000227940	0	0	0
ENSG00000117139	483	251	232
ENSG00000143248	0	0	0
ENSG00000278455	0	0	0
ENSG00000224810	0	0	0
ENSG00000162814	0	0	0
ENSG00000225172	0	0	0
ENSG00000261642	0	0	0
ENSG00000228239	0	0	0
ENSG00000237283	0	0	0
ENSG00000116132	0	0	0
ENSG00000238042	0	0	0
ENSG00000271475	0	0	0
ENSG00000231877	0	0	0
ENSG00000116679	797	416	381
ENSG00000228536	0	0	0
ENSG00000230550	0	0	0
ENSG00000229242	0	0	0
ENSG00000253326	0	0	0
ENSG00000228470	1	0	1
ENSG00000152092	0	0	0
ENSG00000234984	0	0	0
ENSG00000231648	0	0	0
ENSG00000229983	0	0	0
ENSG00000215149	0	0	0
ENSG00000225122	0	0	0
ENSG00000225920	0	0	0
ENSG00000143476	33	13	20
ENSG00000121486	190	92	98
ENSG00000228437	0	0	0
ENSG00000214837	3	2	1
ENSG00000057252	89	45	44
ENSG00000225982	79	38	41
ENSG00000285718	0	0	0
ENSG00000234070	0	0	0
ENSG00000233620	0	0	0
ENSG00000237783	0	0	0
ENSG00000272906	0	4	0
ENSG00000233018	0	0	0
ENSG00000123685	0	0	0
ENSG00000224783	0	0	0
ENSG00000162852	272	120	152
ENSG00000232792	0	0	0
ENSG00000273004	26	15	11
ENSG00000143842	21	8	13
ENSG00000268062	0	0	0
ENSG00000237409	0	0	0
ENSG00000116962	3	1	2
ENSG00000288078	0	0	0
ENSG00000271399	0	0	0
ENSG00000229757	0	0	0
ENSG00000232679	0	0	0
ENSG00000159388	366	187	179
ENSG00000220749	19	11	8
ENSG00000181450	31	14	17
ENSG00000223519	0	0	0
ENSG00000120333	72	58	53
ENSG00000286285	0	0	0
ENSG00000225300	0	0	0
ENSG00000223842	0	0	0
ENSG00000162753	0	0	0
ENSG00000228247	0	0	0
ENSG00000231424	23	10	13
ENSG00000143355	0	0	0
ENSG00000287177	0	0	0
ENSG00000237193	0	0	0
ENSG00000223490	0	0	0
ENSG00000121644	3	2	1
ENSG00000174502	0	0	0
ENSG00000224286	0	0	0
ENSG00000158715	5	3	2
ENSG00000143195	0	0	0
ENSG00000162849	2	1	1
ENSG00000232824	0	0	0
ENSG00000273416	0	0	0
ENSG00000234142	0	0	0
ENSG00000282111	0	0	0
ENSG00000233410	0	0	0
ENSG00000067533	6	4	2
ENSG00000228955	0	0	0
ENSG00000270443	0	0	0
ENSG00000116209	738	390	348
ENSG00000224702	0	0	0
ENSG00000271811	0	0	0
ENSG00000224278	0	0	0
ENSG00000235492	0	0	0
ENSG00000287808	0	1	2
ENSG00000271588	0	0	0
ENSG00000229840	0	0	0
ENSG00000116161	197	112	124
ENSG00000226486	0	0	0
ENSG00000227687	0	0	0
ENSG00000231814	0	0	0
ENSG00000286210	0	0	0
ENSG00000287364	0	0	0
ENSG00000225063	0	0	0
ENSG00000260698	0	0	0
ENSG00000277007	11	9	2
ENSG00000229016	0	0	0
ENSG00000077157	453	224	229
ENSG00000152104	6	4	3
ENSG00000236975	0	0	0
ENSG00000215834	0	0	0
ENSG00000286541	0	0	0
ENSG00000117650	6	2	4
ENSG00000235021	3	0	3
ENSG00000203724	40	23	17
ENSG00000225006	0	0	0
ENSG00000287633	0	0	0
ENSG00000158764	0	0	0
ENSG00000223375	0	0	0
ENSG00000230714	0	0	0
ENSG00000261065	0	0	0
ENSG00000260855	0	0	0
ENSG00000188783	0	0	0
ENSG00000236206	0	0	0
ENSG00000168118	100	52	48
ENSG00000181101	0	0	0
ENSG00000173726	563	293	270
ENSG00000282852	0	0	0
ENSG00000152382	4	2	2
ENSG00000143839	0	0	0
ENSG00000232100	0	0	0
ENSG00000261024	0	0	0
ENSG00000230547	0	0	0
ENSG00000229703	0	0	0
ENSG00000176754	0	0	0
ENSG00000232309	0	0	0
ENSG00000227953	0	0	0
ENSG00000232215	0	0	0
ENSG00000135829	642	328	317
ENSG00000228289	0	0	0
ENSG00000134717	59	30	29
ENSG00000232989	0	0	0
ENSG00000233537	0	0	0
ENSG00000116668	13	8	5
ENSG00000143756	310	155	155
ENSG00000278180	0	0	0
ENSG00000143702	127	120	125
ENSG00000232341	0	0	0
ENSG00000287676	0	0	0
ENSG00000236792	0	0	0
ENSG00000143207	128	66	62
ENSG00000270859	0	0	0
ENSG00000238224	0	0	0
ENSG00000286775	0	0	0
ENSG00000122176	225	111	114
ENSG00000229120	0	0	0
ENSG00000237492	0	0	0
ENSG00000230404	0	0	0
ENSG00000213036	0	0	0
ENSG00000227230	0	0	0
ENSG00000236230	0	0	0
ENSG00000026751	455	220	235
ENSG00000150681	38	22	16
ENSG00000116906	55	20	35
ENSG00000092969	0	0	0
ENSG00000157181	49	22	27
ENSG00000250762	0	0	0
ENSG00000236720	0	0	0
ENSG00000227421	0	0	0
ENSG00000227240	0	0	0
ENSG00000076258	1	0	1
ENSG00000286073	0	0	0
ENSG00000231084	0	0	0
ENSG00000232085	0	61	57
ENSG00000117697	117	63	54
ENSG00000279333	0	0	0
ENSG00000235083	0	0	0
ENSG00000162669	0	0	0
ENSG00000197067	0	0	0
ENSG00000229652	0	0	0
ENSG00000132681	0	0	0
ENSG00000225904	0	0	0
ENSG00000270920	0	0	0
ENSG00000281664	1	0	1
ENSG00000143641	76	80	73
ENSG00000227630	0	0	0
ENSG00000228830	0	51	61
ENSG00000010932	7	4	3
ENSG00000282849	0	0	0
ENSG00000276520	0	0	0
ENSG00000226640	0	0	0
ENSG00000010072	57	25	32
ENSG00000135766	0	0	0
ENSG00000232626	0	0	0
ENSG00000232096	0	0	0
ENSG00000279261	10	6	4
ENSG00000213051	0	0	0
ENSG00000238054	0	0	0
ENSG00000163534	1	0	1
ENSG00000168243	0	0	0
ENSG00000281453	0	0	0
ENSG00000237469	0	0	0
ENSG00000224939	0	0	0
ENSG00000227613	0	0	0
ENSG00000116183	0	0	0
ENSG00000270106	0	0	0
ENSG00000232194	0	0	0
ENSG00000235152	0	0	0
ENSG00000231612	0	0	0
ENSG00000237980	0	0	0
ENSG00000271036	0	0	0
ENSG00000230849	0	0	0
ENSG00000170382	0	0	0
ENSG00000228664	0	0	0
ENSG00000226868	0	0	0
ENSG00000279401	0	0	0
ENSG00000272362	0	0	0
ENSG00000287450	0	0	0
ENSG00000237011	0	0	0
ENSG00000233583	0	0	0
ENSG00000066027	277	136	141
ENSG00000286263	0	0	0
ENSG00000227006	0	0	0
ENSG00000236372	0	0	0
ENSG00000224525	0	0	0
ENSG00000188770	0	0	0
ENSG00000173728	0	0	0
ENSG00000094975	209	107	102
ENSG00000225811	0	0	0
ENSG00000273093	0	0	0
ENSG00000162772	28	18	10
ENSG00000227818	0	0	0
ENSG00000135828	31	18	13
ENSG00000224227	0	0	0
ENSG00000286398	0	0	0
ENSG00000076356	129	62	67
ENSG00000215819	0	0	0
ENSG00000185523	0	0	0
ENSG00000236108	0	0	0
ENSG00000116711	89	42	47
ENSG00000231684	0	0	0
ENSG00000226750	0	0	0
ENSG00000285665	0	0	0
ENSG00000231022	0	0	0
ENSG00000224436	0	0	0
ENSG00000228208	0	0	0
ENSG00000273384	0	0	0
ENSG00000238061	0	0	0
ENSG00000234915	0	0	0
ENSG00000143845	0	0	0
ENSG00000235862	0	12	10
ENSG00000069812	3	3	0
ENSG00000227585	0	0	0
ENSG00000157060	0	0	0
ENSG00000237213	0	0	0
ENSG00000236439	10	5	5
ENSG00000224260	0	0	0
ENSG00000213045	0	0	0
ENSG00000287220	0	0	0
ENSG00000230063	0	0	0
ENSG00000235467	0	0	0
ENSG00000123684	152	72	80
ENSG00000117707	161	76	95
ENSG00000228044	0	0	0
ENSG00000225338	0	0	0
ENSG00000224407	0	39	38
ENSG00000232463	0	0	0
ENSG00000237457	0	0	0
ENSG00000225171	0	0	0
ENSG00000226843	0	0	0
ENSG00000235386	0	0	0
ENSG00000123836	146	75	71
ENSG00000213690	0	0	0
ENSG00000223982	0	0	0
ENSG00000229832	0	0	0
ENSG00000117691	22	9	13
ENSG00000225233	0	0	0
ENSG00000274895	0	0	0
ENSG00000237514	0	0	0
ENSG00000287856	0	0	0
ENSG00000228067	0	0	0
ENSG00000284299	0	0	0
ENSG00000226375	0	0	0
ENSG00000203705	34	16	18
ENSG00000224040	0	0	0
ENSG00000228686	0	0	0
ENSG00000279838	135	62	73
ENSG00000174175	0	0	0
ENSG00000236401	0	0	0
ENSG00000241475	0	0	0
ENSG00000215800	0	0	0
ENSG00000286421	0	0	0
ENSG00000270936	0	0	0
ENSG00000008118	0	0	0
ENSG00000171161	7	3	4
ENSG00000241505	0	0	0
ENSG00000224535	0	0	0
ENSG00000282097	0	0	0
ENSG00000261453	0	0	0
ENSG00000231020	0	0	0
ENSG00000270818	0	0	0
ENSG00000196878	27	15	12
ENSG00000133059	27	12	15
ENSG00000225561	0	0	0
ENSG00000224668	0	0	0
ENSG00000242529	0	0	0
ENSG00000074964	307	165	142
ENSG00000223847	0	0	0
ENSG00000277704	0	0	0
ENSG00000116918	94	57	37
ENSG00000274020	0	0	0
ENSG00000287445	0	0	0
ENSG00000259815	0	0	0
ENSG00000240963	0	0	0
ENSG00000226570	0	0	0
ENSG00000198929	22	7	15
ENSG00000272167	2	2	0
ENSG00000230628	1	0	1
ENSG00000162771	0	10	12
ENSG00000227579	0	0	0
ENSG00000176393	92	71	64
ENSG00000174606	13	9	4
ENSG00000179914	8083	4038	4045
ENSG00000235750	137	71	66
ENSG00000284376	0	0	0
ENSG00000121446	0	0	0
ENSG00000226758	0	0	0
ENSG00000230199	1	1	0
ENSG00000236905	0	0	0
ENSG00000233304	0	0	0
ENSG00000288007	0	0	0
ENSG00000227887	0	0	0
ENSG00000116903	0	0	0
ENSG00000228255	0	0	0
ENSG00000226196	0	0	0
ENSG00000287354	0	0	0
ENSG00000233827	0	0	0
ENSG00000198797	0	0	0
ENSG00000271746	0	0	0
ENSG00000234233	0	0	0
ENSG00000151414	124	62	62
ENSG00000177614	0	0	0
ENSG00000223794	0	0	0
ENSG00000235182	0	0	0
ENSG00000213041	0	0	0
ENSG00000287157	0	0	0
ENSG00000233920	0	0	0
ENSG00000183831	0	0	0
ENSG00000225755	0	0	0
ENSG00000143858	36	21	15
ENSG00000197472	0	0	0
ENSG00000230184	2	2	0
ENSG00000234004	0	0	0
ENSG00000232436	0	0	0
ENSG00000231718	0	0	0
ENSG00000283952	0	0	0
ENSG00000230019	0	0	0
ENSG00000136643	46	21	25
ENSG00000232537	0	0	0
ENSG00000226036	0	0	0
ENSG00000285521	0	0	0
ENSG00000236317	0	0	0
ENSG00000176855	0	0	0
ENSG00000227728	0	0	0
ENSG00000133069	0	0	0
ENSG00000162877	0	0	0
ENSG00000233461	0	0	0
ENSG00000225401	0	0	0
ENSG00000228190	0	0	0
ENSG00000135747	0	0	0
ENSG00000227237	0	0	0
ENSG00000069248	27	17	10
ENSG00000232812	0	0	0
ENSG00000231666	0	0	0
ENSG00000226986	3	0	3
ENSG00000242042	0	0	0
ENSG00000234464	0	0	0
ENSG00000253148	0	0	0
ENSG00000227751	0	73	58
ENSG00000090104	155	89	66
ENSG00000285280	0	0	0
ENSG00000232892	0	0	0
ENSG00000236950	0	0	0
ENSG00000236468	0	0	0
ENSG00000143322	67	47	20
ENSG00000185220	0	0	0
ENSG00000226003	0	0	0
ENSG00000230813	0	0	0
ENSG00000226862	0	0	0
ENSG00000236101	0	0	0
ENSG00000162769	12	9	3
ENSG00000133065	76	39	37
ENSG00000278684	0	0	0
ENSG00000236775	0	0	0
ENSG00000042781	0	0	0
ENSG00000234754	0	0	0
ENSG00000233084	0	0	0
ENSG00000227815	0	0	0
ENSG00000287046	0	0	0
ENSG00000223774	0	0	0
ENSG00000228863	0	34	53
ENSG00000228646	0	0	0
ENSG00000229112	0	0	0
ENSG00000233332	0	0	0
ENSG00000231984	0	0	0
ENSG00000286213	0	0	0
ENSG00000226876	0	0	0
ENSG00000277462	26	11	15
ENSG00000225591	0	0	0
ENSG00000035687	101	48	53
ENSG00000213080	0	0	0
ENSG00000180287	0	0	0
ENSG00000226693	0	0	0
ENSG00000234678	0	22	21
ENSG00000231272	0	0	0
ENSG00000223828	0	0	0
ENSG00000163431	0	0	0
ENSG00000230124	93	80	77
ENSG00000226723	0	0	0
ENSG00000272672	0	0	0
ENSG00000143473	0	0	0
ENSG00000228982	0	0	0
ENSG00000235096	0	0	0
ENSG00000237250	0	0	0
ENSG00000007341	30	18	15
ENSG00000286747	0	0	0
ENSG00000236069	0	0	0
ENSG00000236244	0	0	0
ENSG00000272865	0	0	0
ENSG00000117222	125	59	66
ENSG00000143324	10	5	5
ENSG00000229871	0	0	0
ENSG00000225222	0	0	0
ENSG00000118193	247	135	112
ENSG00000234116	0	0	0
ENSG00000231940	0	0	0
ENSG00000198842	0	0	0
ENSG00000286619	0	0	0
ENSG00000198756	14	7	7
ENSG00000259823	325	164	161
ENSG00000271558	0	0	0
ENSG00000227554	0	0	0
ENSG00000178596	0	0	0
ENSG00000135749	48	23	25
ENSG00000143786	0	0	0
ENSG00000224584	0	0	0
ENSG00000054282	168	90	87
ENSG00000183780	0	0	0
ENSG00000229663	0	0	0
ENSG00000162702	246	123	123
ENSG00000251508	0	0	0
ENSG00000238272	0	0	0
ENSG00000228530	0	0	0
ENSG00000235060	0	0	0
ENSG00000143194	30	13	17
ENSG00000229531	1	0	1
ENSG00000271329	2	1	1
ENSG00000054267	509	257	252
ENSG00000261831	0	0	0
ENSG00000287921	0	0	0
ENSG00000177800	0	0	0
ENSG00000225620	0	0	0
ENSG00000232166	0	0	0
ENSG00000175137	3	0	3
ENSG00000134245	26	11	18
ENSG00000234041	0	0	0
ENSG00000227373	0	0	0
ENSG00000231905	0	0	0
ENSG00000228175	0	0	0
ENSG00000069275	1984	956	1028
ENSG00000143674	101	49	52
ENSG00000237317	0	0	0
ENSG00000187889	0	0	0
ENSG00000134375	205	98	107
ENSG00000097046	0	0	0
ENSG00000232113	0	0	0
ENSG00000282718	0	0	0
ENSG00000231378	0	0	0
ENSG00000235605	0	0	0
ENSG00000223525	0	0	0
ENSG00000224857	0	0	0
ENSG00000273367	0	0	0
ENSG00000230604	0	0	0
ENSG00000231605	0	0	0
ENSG00000236358	0	0	0
ENSG00000203737	0	0	0
ENSG00000238003	0	0	0
ENSG00000215873	0	0	0
ENSG00000287008	0	0	0
ENSG00000185420	1	1	0
ENSG00000076321	250	148	102
ENSG00000272175	0	0	0
ENSG00000231564	0	0	0
ENSG00000135778	90	51	39
ENSG00000213070	0	0	0
ENSG00000282265	0	0	0
ENSG00000250536	0	0	0
ENSG00000229747	0	0	0
ENSG00000117280	29	19	10
ENSG00000233985	0	0	0
ENSG00000232175	0	0	0
ENSG00000287423	0	0	0
ENSG00000286774	0	0	0
ENSG00000236719	0	0	0
ENSG00000136636	119	53	66
ENSG00000225486	0	0	0
ENSG00000227043	0	0	0
ENSG00000163874	191	99	92
ENSG00000285777	0	0	0
ENSG00000237249	31	17	14
ENSG00000286109	0	0	0
ENSG00000213068	0	0	0
ENSG00000054392	0	0	0
ENSG00000227994	0	0	0
ENSG00000286552	0	0	0
ENSG00000225711	0	0	0
ENSG00000122223	0	0	0
ENSG00000235869	0	0	0
ENSG00000188739	22	11	11
ENSG00000286666	0	0	0
ENSG00000135750	144	73	71
ENSG00000273198	0	0	0
ENSG00000203730	0	0	0
ENSG00000225719	0	0	0
ENSG00000273483	0	0	0
ENSG00000287987	0	0	0
ENSG00000203729	0	0	0
ENSG00000232809	0	0	0
ENSG00000284623	0	0	0
ENSG00000285981	0	0	0
ENSG00000261729	0	0	0
ENSG00000223869	0	0	0
ENSG00000229228	0	0	0
ENSG00000215796	0	0	0
ENSG00000185221	0	0	0
ENSG00000233047	0	0	0
ENSG00000143341	10	5	5
ENSG00000228309	0	0	0
ENSG00000229739	33	17	16
ENSG00000116703	0	0	0
ENSG00000273874	0	0	0
ENSG00000278791	0	152	149
ENSG00000278757	0	0	0
ENSG00000264341	0	0	0
ENSG00000264101	0	0	0
ENSG00000265141	0	0	0
ENSG00000221083	0	0	0
ENSG00000252404	0	0	0
ENSG00000222511	0	0	0
ENSG00000265392	0	0	0
ENSG00000243267	0	0	0
ENSG00000201725	0	0	0
ENSG00000274258	0	0	0
ENSG00000239149	0	0	0
ENSG00000252151	0	0	0
ENSG00000252969	0	0	0
ENSG00000252417	0	0	0
ENSG00000200975	0	0	0
ENSG00000201609	0	0	0
ENSG00000238482	0	0	0
ENSG00000252956	0	0	0
ENSG00000265606	0	0	0
ENSG00000284357	0	0	0
ENSG00000278034	0	0	0
ENSG00000207237	0	0	0
ENSG00000222784	0	0	0
ENSG00000266210	0	0	0
ENSG00000265961	0	0	0
ENSG00000251866	0	0	0
ENSG00000252691	0	0	0
ENSG00000264371	0	0	0
ENSG00000253005	0	0	0
ENSG00000238316	0	0	0
ENSG00000207941	0	0	0
ENSG00000264773	0	0	0
ENSG00000252448	0	0	0
ENSG00000200421	6	3	3
ENSG00000222282	0	0	0
ENSG00000199963	0	0	0
ENSG00000264698	0	0	0
ENSG00000207328	0	0	0
ENSG00000207466	0	0	0
ENSG00000252368	0	0	0
ENSG00000206779	0	0	0
ENSG00000265596	0	0	0
ENSG00000212541	0	0	0
ENSG00000200796	0	0	0
ENSG00000252190	0	0	0
ENSG00000264613	0	0	0
ENSG00000199240	0	0	0
ENSG00000277168	0	0	0
ENSG00000283724	0	0	0
ENSG00000284410	0	0	0
ENSG00000252018	0	0	0
ENSG00000206627	0	0	0
ENSG00000283414	0	0	0
ENSG00000207508	0	0	0
ENSG00000200171	0	0	0
ENSG00000207194	0	0	0
ENSG00000283477	0	0	0
ENSG00000264834	0	0	0
ENSG00000263675	0	0	0
ENSG00000266188	0	0	0
ENSG00000206981	0	0	0
ENSG00000200174	0	0	0
ENSG00000265822	0	0	0
ENSG00000265815	0	0	0
ENSG00000238653	0	0	0
ENSG00000212624	0	0	0
ENSG00000200575	0	0	0
ENSG00000212360	0	0	0
ENSG00000242860	0	0	0
ENSG00000263908	0	0	0
ENSG00000283690	0	0	0
ENSG00000199921	0	0	0
ENSG00000251825	0	0	0
ENSG00000201153	0	0	0
ENSG00000222624	0	0	0
ENSG00000223152	0	0	0
ENSG00000212308	0	0	0
ENSG00000279049	0	0	0
ENSG00000276081	0	0	0
ENSG00000239640	0	0	0
ENSG00000252338	0	0	0
ENSG00000251785	0	0	0
ENSG00000239319	0	0	0
ENSG00000222849	0	0	0
ENSG00000283749	0	0	0
ENSG00000251958	1	1	0
ENSG00000251767	0	0	0
ENSG00000243437	23	10	13
ENSG00000202263	0	0	0
ENSG00000199318	0	0	0
ENSG00000199666	0	0	0
ENSG00000200601	0	0	0
ENSG00000242482	0	0	0
ENSG00000212366	0	0	0
ENSG00000201620	0	0	0
ENSG00000206817	0	0	0
ENSG00000284247	0	0	0
ENSG00000200839	0	0	0
ENSG00000264963	0	0	0
ENSG00000264271	0	0	0
ENSG00000239504	0	0	0
ENSG00000284202	0	0	0
ENSG00000251720	0	0	0
ENSG00000274321	0	0	0
ENSG00000198974	0	0	0
ENSG00000212248	0	0	0
ENSG00000207962	0	0	0
ENSG00000276884	0	0	0
ENSG00000207234	107	47	60
ENSG00000202259	0	0	0
ENSG00000212459	0	0	0
ENSG00000278287	0	0	0
ENSG00000277565	0	0	0
ENSG00000263526	3	2	1
ENSG00000211575	0	0	0
ENSG00000275823	0	0	0
ENSG00000277689	0	0	0
ENSG00000274199	0	0	0
ENSG00000202254	0	0	0
ENSG00000244256	0	0	0
ENSG00000201491	0	0	0
ENSG00000199831	0	0	0
ENSG00000275455	0	0	0
ENSG00000252162	0	0	0
ENSG00000272051	0	0	0
ENSG00000283899	0	0	0
ENSG00000200800	0	0	0
ENSG00000207502	0	0	0
ENSG00000252530	0	0	0
ENSG00000200536	0	0	0
ENSG00000211543	0	0	0
ENSG00000252797	0	0	0
ENSG00000212266	0	0	0
ENSG00000222209	0	0	0
ENSG00000277141	0	0	0
ENSG00000215930	0	0	0
ENSG00000238761	0	0	0
ENSG00000201114	0	0	0
ENSG00000206679	0	0	0
ENSG00000264419	6	3	3
ENSG00000222069	0	0	0
ENSG00000274428	0	0	0
ENSG00000199879	0	0	0
ENSG00000274408	0	0	0
ENSG00000283676	0	0	0
ENSG00000252005	0	0	0
ENSG00000252510	0	0	0
ENSG00000207340	0	0	0
ENSG00000252830	0	0	0
ENSG00000274450	0	0	0
ENSG00000252135	0	0	0
ENSG00000278596	0	0	0
ENSG00000238825	0	0	0
ENSG00000201183	0	0	0
ENSG00000202408	0	0	0
ENSG00000252744	0	0	0
ENSG00000273768	0	0	0
ENSG00000242565	0	0	0
ENSG00000239984	0	0	0
ENSG00000283296	0	0	0
ENSG00000252717	0	0	0
ENSG00000194297	0	0	0
ENSG00000199565	0	0	0
ENSG00000277313	0	0	0
ENSG00000274940	0	0	0
ENSG00000207341	0	0	0
ENSG00000207472	0	0	0
ENSG00000206880	0	0	0
ENSG00000252552	0	0	0
ENSG00000199849	0	0	0
ENSG00000252407	0	0	0
ENSG00000212538	0	0	0
ENSG00000251813	0	0	0
ENSG00000207108	0	0	0
ENSG00000201312	0	0	0
ENSG00000207039	0	0	0
ENSG00000202491	0	0	0
ENSG00000201596	0	0	0
ENSG00000276839	0	0	0
ENSG00000207974	0	0	0
ENSG00000273629	0	0	0
ENSG00000201493	0	0	0
ENSG00000215952	0	0	0
ENSG00000200139	0	0	0
ENSG00000283575	0	0	0
ENSG00000238765	0	0	0
ENSG00000264916	0	0	0
ENSG00000212338	0	0	0
ENSG00000206659	0	0	0
ENSG00000253025	0	0	0
ENSG00000201619	0	0	0
ENSG00000201544	0	0	0
ENSG00000202498	0	0	0
ENSG00000221545	0	0	0
ENSG00000252906	0	0	0
ENSG00000206692	0	0	0
ENSG00000202329	0	0	0
ENSG00000242794	0	0	0
ENSG00000212144	0	0	0
ENSG00000283340	0	0	0
ENSG00000252860	0	0	0
ENSG00000252501	0	0	0
ENSG00000263390	0	0	0
ENSG00000207181	0	0	0
ENSG00000265744	0	0	0
ENSG00000264377	0	0	0
ENSG00000207149	0	0	0
ENSG00000283936	0	0	0
ENSG00000284485	0	0	0
ENSG00000201638	0	0	0
ENSG00000275213	0	0	0
ENSG00000239494	0	0	0
ENSG00000212230	0	0	0
ENSG00000252371	0	0	0
ENSG00000199442	0	0	0
ENSG00000200033	0	0	0
ENSG00000239690	0	0	0
ENSG00000202184	0	0	0
ENSG00000241395	0	0	0
ENSG00000200982	0	0	0
ENSG00000275207	0	0	0
ENSG00000202300	0	0	0
ENSG00000222407	0	0	0
ENSG00000222986	0	0	0
ENSG00000265435	0	0	0
ENSG00000272262	0	0	0
ENSG00000200495	0	0	0
ENSG00000202609	0	0	0
ENSG00000252553	0	0	0
ENSG00000206764	0	0	0
ENSG00000222240	0	0	0
ENSG00000212187	0	0	0
ENSG00000206637	0	0	0
ENSG00000253097	0	0	0
ENSG00000200036	0	0	0
ENSG00000201421	0	0	0
ENSG00000212610	0	0	0
ENSG00000252484	0	0	0
ENSG00000201944	0	0	0
ENSG00000200327	0	0	0
ENSG00000206905	0	0	0
ENSG00000200972	0	0	0
ENSG00000243051	0	0	0
ENSG00000252011	0	0	0
ENSG00000207326	0	0	0
ENSG00000212205	0	0	0
ENSG00000253042	42	21	21
ENSG00000274121	0	0	0
ENSG00000264358	0	0	0
ENSG00000206640	0	0	0
ENSG00000212527	0	0	0
ENSG00000252879	0	0	0
ENSG00000252612	0	0	0
ENSG00000202264	0	0	0
ENSG00000285609	0	0	0
ENSG00000206762	0	0	0
ENSG00000252084	0	0	0
ENSG00000200085	0	0	0
ENSG00000264500	0	0	0
ENSG00000202025	0	0	0
ENSG00000225545	0	0	0
ENSG00000206990	0	0	0
ENSG00000230175	0	0	0
ENSG00000225272	0	0	0
ENSG00000215838	0	0	0
ENSG00000273365	0	0	0
ENSG00000224358	0	0	0
ENSG00000230659	0	0	0
ENSG00000162545	566	261	305
ENSG00000090432	102	49	53
ENSG00000215520	0	0	0
ENSG00000183114	0	0	0
ENSG00000158825	4	3	1
ENSG00000158828	0	58	59
ENSG00000284005	0	0	0
ENSG00000117242	18	70	65
ENSG00000234473	0	0	0
ENSG00000238754	0	0	0
ENSG00000134371	213	116	97
ENSG00000221680	0	0	0
ENSG00000162630	6	3	3
ENSG00000276735	0	0	0
ENSG00000232077	0	0	0
ENSG00000229639	0	0	0
ENSG00000287453	0	0	0
ENSG00000270615	0	0	0
ENSG00000287283	0	0	0
ENSG00000240692	0	0	0
ENSG00000229359	0	0	0
ENSG00000237919	0	0	0
ENSG00000066557	76	35	41
ENSG00000244389	0	0	0
ENSG00000228988	0	0	0
ENSG00000118454	138	78	60
ENSG00000226088	0	0	0
ENSG00000116761	0	0	0
ENSG00000278636	0	0	0
ENSG00000271992	0	0	0
ENSG00000233020	0	0	0
ENSG00000237033	0	0	0
ENSG00000226208	0	0	0
ENSG00000007968	0	0	0
ENSG00000235052	0	0	0
ENSG00000117318	22	6	16
ENSG00000285802	0	0	0
ENSG00000229239	0	0	0
ENSG00000142676	9451	4529	4922
ENSG00000057757	121	62	59
ENSG00000011009	96	47	49
ENSG00000117308	26	15	11
ENSG00000273844	0	0	0
ENSG00000235748	0	0	0
ENSG00000237861	0	0	0
ENSG00000221879	0	0	0
ENSG00000230260	0	0	0
ENSG00000199241	0	0	0
ENSG00000226919	0	0	0
ENSG00000223963	0	0	0
ENSG00000215802	0	0	0
ENSG00000233615	0	0	0
ENSG00000238085	0	0	0
ENSG00000265831	0	0	0
ENSG00000224348	0	0	0
ENSG00000286496	0	0	0
ENSG00000287516	0	0	0
ENSG00000287738	0	0	0
ENSG00000132703	0	0	0
ENSG00000276632	0	0	0
ENSG00000223603	0	0	0
ENSG00000132693	0	0	0
ENSG00000235226	0	0	0
ENSG00000158716	35	4	31
ENSG00000181036	13	9	4
ENSG00000158714	0	11	5
ENSG00000212161	0	0	0
ENSG00000243284	0	0	0
ENSG00000272668	0	1	1
ENSG00000213085	0	0	0
ENSG00000266458	0	0	0
ENSG00000287040	0	0	0
ENSG00000279430	0	0	0
ENSG00000162723	0	0	0
ENSG00000273933	0	0	0
ENSG00000256029	0	0	1
ENSG00000188004	0	0	0
ENSG00000266580	0	0	0
ENSG00000254545	6	4	2
ENSG00000203620	0	0	0
ENSG00000269967	0	0	0
ENSG00000228634	0	0	0
ENSG00000284702	0	0	0
ENSG00000221040	0	0	0
ENSG00000287217	0	0	0
ENSG00000163399	174	1416	1523
ENSG00000212385	0	0	0
ENSG00000233154	0	0	0
ENSG00000230381	0	0	0
ENSG00000200547	0	0	0
ENSG00000224950	4	2	2
ENSG00000286276	0	0	0
ENSG00000177888	84	38	46
ENSG00000243364	16	11	5
ENSG00000251246	0	0	0
ENSG00000143590	0	0	0
ENSG00000202027	0	0	0
ENSG00000169242	95	52	43
ENSG00000169241	527	263	264
ENSG00000223452	0	0	0
ENSG00000163463	6	1	5
ENSG00000273088	0	0	0
ENSG00000284586	0	0	0
ENSG00000169231	1	1	3
ENSG00000236263	0	0	0
ENSG00000236675	0	0	0
ENSG00000177628	58	34	24
ENSG00000116521	14	9	5
ENSG00000176444	61	31	30
ENSG00000143630	0	0	0
ENSG00000143627	0	0	0
ENSG00000253074	0	0	0
ENSG00000252116	0	0	0
ENSG00000228523	0	0	0
ENSG00000223263	33	18	15
ENSG00000207504	0	0	0
ENSG00000238139	0	0	0
ENSG00000197721	0	0	0
ENSG00000244703	0	0	0
ENSG00000226289	0	0	0
ENSG00000285239	0	0	0
ENSG00000234219	0	0	0
ENSG00000174059	3	1	2
ENSG00000285719	4	2	2
ENSG00000284237	0	0	0
ENSG00000158731	0	0	0
ENSG00000201746	0	0	0
ENSG00000264881	0	0	0
ENSG00000199562	0	0	0
ENSG00000264501	0	0	0
ENSG00000284735	27	14	13
ENSG00000284642	0	0	0
ENSG00000142657	415	201	214
ENSG00000271989	0	0	0
ENSG00000251503	0	0	0
ENSG00000175279	0	0	0
ENSG00000160049	61	57	77
ENSG00000203469	0	37	36
ENSG00000236035	0	0	0
ENSG00000221643	0	0	0
ENSG00000122188	56	22	34
ENSG00000288644	0	0	0
ENSG00000227417	0	0	0
ENSG00000223505	0	0	0
ENSG00000182004	722	339	383
ENSG00000236430	0	0	0
ENSG00000130768	5	7	4
ENSG00000227050	0	1	5
ENSG00000238231	12	5	7
ENSG00000240750	4	1	3
ENSG00000158156	2	1	1
ENSG00000182118	8	4	4
ENSG00000283799	0	0	0
ENSG00000227934	0	0	0
ENSG00000229595	0	0	0
ENSG00000143633	43	23	20
ENSG00000281912	0	0	0
ENSG00000288208	0	0	0
ENSG00000132773	0	0	0
ENSG00000070759	0	0	0
ENSG00000236872	0	0	0
ENSG00000280670	0	0	0
ENSG00000132763	16	230	218
ENSG00000221953	0	0	0
ENSG00000226164	0	0	0
ENSG00000224014	0	0	0
ENSG00000215795	0	0	0
ENSG00000259865	86	49	37
ENSG00000227671	138	74	64
ENSG00000283881	0	0	0
ENSG00000252516	0	0	0
ENSG00000232347	0	0	0
ENSG00000214144	0	0	0
ENSG00000235818	0	0	0
ENSG00000197617	0	0	0
ENSG00000202079	0	0	0
ENSG00000286216	0	0	0
ENSG00000203664	0	0	0
ENSG00000169224	0	0	0
ENSG00000236817	0	0	0
ENSG00000177489	0	0	0
ENSG00000177476	0	0	0
ENSG00000283369	0	0	0
ENSG00000230411	0	0	0
ENSG00000251977	0	0	0
ENSG00000252254	0	0	0
ENSG00000227854	0	0	0
ENSG00000287589	0	0	0
ENSG00000259776	0	0	0
ENSG00000233355	114	66	48
ENSG00000234601	0	0	0
ENSG00000231979	0	1	1
ENSG00000215805	0	0	0
ENSG00000287102	0	0	0
ENSG00000217327	0	0	0
ENSG00000228818	0	0	0
ENSG00000202041	0	0	0
ENSG00000223694	0	0	0
ENSG00000233735	0	0	0
ENSG00000133019	64	28	38
ENSG00000162636	179	87	92
ENSG00000162639	58	24	34
ENSG00000285923	0	0	0
ENSG00000134186	882	404	478
ENSG00000143107	0	0	0
ENSG00000232971	0	0	0
ENSG00000116266	130	56	74
ENSG00000228076	0	0	0
ENSG00000203897	0	0	0
ENSG00000237349	0	0	0
ENSG00000244716	2	1	1
ENSG00000228665	0	0	0
ENSG00000228054	0	0	0
ENSG00000273382	7	4	3
ENSG00000215717	40	20	20
ENSG00000278249	0	0	0
ENSG00000270066	0	0	0
ENSG00000251484	0	0	0
ENSG00000132676	95	88	80
ENSG00000227673	0	0	0
ENSG00000203761	0	0	0
ENSG00000234937	0	0	0
ENSG00000132718	55	28	27
ENSG00000283442	0	0	0
ENSG00000143622	30	11	19
ENSG00000132680	132	62	70
ENSG00000207475	0	0	0
ENSG00000280466	0	0	0
ENSG00000281394	0	0	0
ENSG00000277817	0	0	0
ENSG00000273002	0	0	0
ENSG00000224276	0	0	0
ENSG00000285677	0	82	81
ENSG00000163479	263	207	219
ENSG00000160803	29	13	16
ENSG00000132698	162	80	82
ENSG00000252236	0	0	0
ENSG00000260238	0	0	0
ENSG00000242252	0	0	0
ENSG00000198952	180	92	88
ENSG00000163472	7	4	3
ENSG00000163468	97	55	42
ENSG00000132677	0	0	0
ENSG00000237390	0	0	0
ENSG00000207933	0	0	0
ENSG00000254726	0	0	0
ENSG00000186377	0	0	0
ENSG00000186160	0	0	0
ENSG00000225154	0	0	0
ENSG00000225506	0	0	0
ENSG00000225514	0	0	0
ENSG00000224805	0	0	0
ENSG00000162366	316	149	167
ENSG00000226252	0	0	0
ENSG00000225762	4	1	3
ENSG00000186790	0	0	0
ENSG00000237424	121	55	66
ENSG00000189030	0	0	0
ENSG00000162763	0	0	0
ENSG00000143061	67	29	38
ENSG00000135821	1284	654	630
ENSG00000203740	0	0	0
ENSG00000162374	0	0	0
ENSG00000168275	129	88	110
ENSG00000241563	1	0	1
ENSG00000153207	246	111	135
ENSG00000156869	22	12	10
ENSG00000033122	30	16	14
ENSG00000143278	0	0	0
ENSG00000116678	0	0	0
ENSG00000159352	46	22	24
ENSG00000158710	139	82	57
ENSG00000162734	454	315	298
ENSG00000049239	112	51	61
ENSG00000186564	31	16	15
ENSG00000244038	45	21	24
ENSG00000158747	273	141	132
ENSG00000116690	0	79	68
ENSG00000126091	0	5	0
ENSG00000162383	0	0	0
ENSG00000171163	121	64	57
ENSG00000172456	31	17	14
ENSG00000162946	0	0	0
ENSG00000158786	0	0	0
ENSG00000118733	0	0	0
ENSG00000157870	157	91	74
ENSG00000179085	29	16	13
ENSG00000173080	0	0	0
ENSG00000183347	0	0	0
ENSG00000276470	0	0	0
ENSG00000278852	0	0	0
ENSG00000275915	0	0	0
ENSG00000120937	0	0	0
ENSG00000224904	0	0	0
ENSG00000285646	17	6	11
ENSG00000199347	0	0	0
ENSG00000201801	1	1	0
ENSG00000116685	302	146	156
ENSG00000083444	114	64	50
ENSG00000287384	0	0	0
ENSG00000270914	0	0	0
ENSG00000116691	3	2	1
ENSG00000202461	0	0	0
ENSG00000276869	0	0	0
ENSG00000243539	0	0	0
ENSG00000120949	0	0	0
ENSG00000201135	0	0	0
ENSG00000227875	0	0	0
ENSG00000285604	0	0	0
ENSG00000283789	0	0	0
ENSG00000263676	0	0	0
ENSG00000200591	0	0	0
ENSG00000162521	82	200	199
ENSG00000162520	0	156	161
ENSG00000224409	0	0	0
ENSG00000162522	128	71	57
ENSG00000116497	83	45	38
ENSG00000160097	8	4	4
ENSG00000121905	0	34	33
ENSG00000121900	66	67	66
ENSG00000287691	0	0	0
ENSG00000278966	15	6	9
ENSG00000143222	276	160	118
ENSG00000224985	0	1	1
ENSG00000143224	50	21	29
ENSG00000158850	112	61	51
ENSG00000158859	41	25	16
ENSG00000158869	288	143	145
ENSG00000158874	0	0	0
ENSG00000158882	0	0	4
ENSG00000284035	0	0	0
ENSG00000143257	0	4	0
ENSG00000248485	0	0	0
ENSG00000188931	0	11	15
ENSG00000236484	0	0	0
ENSG00000283696	0	0	0
ENSG00000288093	0	0	0
ENSG00000206921	0	0	0
ENSG00000215840	0	0	0
ENSG00000277882	0	0	0
ENSG00000283317	0	0	0
ENSG00000277762	0	0	0
ENSG00000227139	0	0	0
ENSG00000265107	0	0	0
ENSG00000274415	0	0	0
ENSG00000234190	0	0	0
ENSG00000223728	0	0	0
ENSG00000121634	0	0	0
ENSG00000188092	7	6	1
ENSG00000215859	0	0	0
ENSG00000273059	0	0	0
ENSG00000274372	0	0	0
ENSG00000206791	0	0	0
ENSG00000206585	0	0	0
ENSG00000229828	0	0	0
ENSG00000225080	0	0	0
ENSG00000198658	0	0	0
ENSG00000238382	0	0	0
ENSG00000225919	0	0	0
ENSG00000236497	0	0	0
ENSG00000207190	0	0	0
ENSG00000200508	0	0	0
ENSG00000284928	0	0	0
ENSG00000223949	0	0	0
ENSG00000116688	302	154	148
ENSG00000188800	0	0	0
ENSG00000084073	75	41	34
ENSG00000231296	0	0	0
ENSG00000049089	0	0	0
ENSG00000227311	0	0	0
ENSG00000213172	0	0	0
ENSG00000284677	0	0	0
ENSG00000187801	0	0	0
ENSG00000260920	5	2	3
ENSG00000158887	0	0	0
ENSG00000255054	0	0	0
ENSG00000228172	0	18	24
ENSG00000117640	85	49	37
ENSG00000272478	0	0	0
ENSG00000127423	0	0	0
ENSG00000182749	0	0	0
ENSG00000207302	0	0	0
ENSG00000117632	256	126	130
ENSG00000229786	0	0	0
ENSG00000223624	0	0	0
ENSG00000283938	0	0	0
ENSG00000199385	0	0	0
ENSG00000187147	63	30	40
ENSG00000263381	0	0	0
ENSG00000126106	28	15	20
ENSG00000198520	0	0	0
ENSG00000199377	0	0	0
ENSG00000200169	0	0	0
ENSG00000142945	0	0	0
ENSG00000142937	6543	3248	3307
ENSG00000264294	0	0	0
ENSG00000200913	0	0	0
ENSG00000202031	0	0	0
ENSG00000207421	0	0	0
ENSG00000281859	0	0	0
ENSG00000234093	0	0	0
ENSG00000142959	0	0	0
ENSG00000173846	15	7	8
ENSG00000117425	0	0	0
ENSG00000202444	0	0	0
ENSG00000226499	0	0	0
ENSG00000070785	241	121	120
ENSG00000253039	0	0	0
ENSG00000229815	0	0	0
ENSG00000232369	0	0	0
ENSG00000268949	0	0	0
ENSG00000126107	347	156	191
ENSG00000126088	74	32	42
ENSG00000234315	0	0	0
ENSG00000162408	76	35	41
ENSG00000229519	0	0	0
ENSG00000173662	0	0	0
ENSG00000204859	31	17	14
ENSG00000288629	0	0	0
ENSG00000230735	0	0	0
ENSG00000171488	0	0	0
ENSG00000226394	0	0	0
ENSG00000237200	0	0	0
ENSG00000070886	0	0	0
ENSG00000276835	0	0	0
ENSG00000265422	0	0	0
ENSG00000223776	0	0	0
ENSG00000273058	0	0	0
ENSG00000230325	0	0	0
ENSG00000119285	55	73	72
ENSG00000226498	0	0	0
ENSG00000237991	0	0	0
ENSG00000244020	0	0	0
ENSG00000288099	0	0	0
ENSG00000225886	0	0	0
ENSG00000206767	0	0	0
ENSG00000226662	0	0	0
ENSG00000207095	0	0	0
ENSG00000287244	0	0	0
ENSG00000231344	0	0	0
ENSG00000230833	0	0	0
ENSG00000117758	144	63	81
ENSG00000269971	0	0	0
ENSG00000270031	0	0	0
ENSG00000223062	0	0	0
ENSG00000286433	0	0	0
ENSG00000117751	38	20	18
ENSG00000252947	0	0	0
ENSG00000130775	11	8	3
ENSG00000117748	167	78	89
ENSG00000223643	0	0	0
ENSG00000230239	0	0	0
ENSG00000263811	0	0	0
ENSG00000277234	0	0	0
ENSG00000235241	0	0	0
ENSG00000207005	0	0	0
ENSG00000272426	0	0	0
ENSG00000117122	0	0	0
ENSG00000286898	0	0	0
ENSG00000226526	0	0	0
ENSG00000159363	51	21	30
ENSG00000117118	110	52	58
ENSG00000117115	552	281	271
ENSG00000204362	0	0	0
ENSG00000282843	0	0	0
ENSG00000142623	0	0	0
ENSG00000142619	0	0	0
ENSG00000266634	0	0	0
ENSG00000199459	0	0	0
ENSG00000273264	0	0	0
ENSG00000282057	1	1	0
ENSG00000272691	0	0	0
ENSG00000199934	0	0	0
ENSG00000230285	0	0	0
ENSG00000142871	0	0	0
ENSG00000226643	0	0	0
ENSG00000234419	0	0	0
ENSG00000276997	0	0	0
ENSG00000222399	0	0	0
ENSG00000267305	0	0	0
ENSG00000143512	0	0	0
ENSG00000143498	0	0	0
ENSG00000225265	1	1	0
ENSG00000154305	423	324	311
ENSG00000229399	0	0	0
ENSG00000272750	8	113	107
ENSG00000186063	105	45	60
ENSG00000162819	168	72	96
ENSG00000287684	15	7	10
ENSG00000234523	23	9	14
ENSG00000287338	0	0	0
ENSG00000187554	27	12	15
ENSG00000236846	0	0	0
ENSG00000226601	0	0	0
ENSG00000164010	5	2	3
ENSG00000164011	25	13	12
ENSG00000233708	0	0	0
ENSG00000237090	0	0	0
ENSG00000225099	0	0	0
ENSG00000284138	0	0	0
ENSG00000283973	0	0	0
ENSG00000207256	0	0	0
ENSG00000283136	0	0	0
ENSG00000277513	0	0	0
ENSG00000154309	23	12	11
ENSG00000226967	0	0	0
ENSG00000231407	0	0	0
ENSG00000229570	0	0	0
ENSG00000203857	0	0	0
ENSG00000226443	0	0	0
ENSG00000249798	0	0	0
ENSG00000239873	0	0	0
ENSG00000203855	0	0	0
ENSG00000240244	0	0	0
ENSG00000260941	0	0	0
ENSG00000198857	0	0	0
ENSG00000143067	4	2	2
ENSG00000134240	183	91	92
ENSG00000134193	3719	1815	1904
ENSG00000215864	19	8	11
ENSG00000227205	0	0	0
ENSG00000226446	0	0	0
ENSG00000134249	0	0	0
ENSG00000092621	0	0	0
ENSG00000027644	0	0	0
ENSG00000241992	0	0	0
ENSG00000234226	0	0	0
ENSG00000137970	25	14	11
ENSG00000223229	0	0	0
ENSG00000285698	0	0	0
ENSG00000228035	0	0	0
ENSG00000287103	0	0	0
ENSG00000226973	0	0	0
ENSG00000274468	0	0	0
ENSG00000130764	2	2	0
ENSG00000266075	0	0	0
ENSG00000272153	0	0	0
ENSG00000230026	0	0	0
ENSG00000285177	0	0	0
ENSG00000284770	1	1	0
ENSG00000229795	0	0	0
ENSG00000238236	0	0	0
ENSG00000235638	0	0	0
ENSG00000231199	0	0	0
ENSG00000226663	0	0	0
ENSG00000231582	0	0	0
ENSG00000232714	0	0	0
ENSG00000235761	0	0	0
ENSG00000270710	0	0	0
ENSG00000227236	0	0	0
ENSG00000198837	130	78	55
ENSG00000160741	1	1	0
ENSG00000276584	0	0	0
ENSG00000282386	4	3	1
ENSG00000273026	0	0	0
ENSG00000143578	30	28	15
ENSG00000143543	14	11	16
ENSG00000285641	0	0	0
ENSG00000143545	60	29	31
ENSG00000177954	897	431	466
ENSG00000231416	0	0	0
ENSG00000200220	0	0	0
ENSG00000231837	0	0	0
ENSG00000263987	0	0	0
ENSG00000162642	56	23	33
ENSG00000223254	0	0	0
ENSG00000223653	0	0	0
ENSG00000116198	7	4	3
ENSG00000169598	20	11	9
ENSG00000226653	0	0	0
ENSG00000207209	0	0	0
ENSG00000272443	22	12	10
ENSG00000272480	0	0	0
ENSG00000288626	0	0	0
ENSG00000162836	39	21	18
ENSG00000207080	0	0	0
ENSG00000231791	0	0	0
ENSG00000244568	0	0	0
ENSG00000271387	0	0	0
ENSG00000116667	119	56	63
ENSG00000230470	0	0	0
ENSG00000232036	0	0	0
ENSG00000285847	8	7	1
ENSG00000286378	0	0	0
ENSG00000215381	0	0	0
ENSG00000261326	10	6	4
ENSG00000284726	0	0	0
ENSG00000125945	44	23	21
ENSG00000201405	0	0	0
ENSG00000271420	28	14	14
ENSG00000204219	312	155	157
ENSG00000232482	0	0	0
ENSG00000285779	0	0	0
ENSG00000162885	93	91	94
ENSG00000270780	0	0	0
ENSG00000232895	0	0	0
ENSG00000273698	0	0	0
ENSG00000273112	0	0	0
ENSG00000173110	0	0	0
ENSG00000224203	0	0	0
ENSG00000224515	0	0	0
ENSG00000225217	0	0	0
ENSG00000231586	0	0	0
ENSG00000234211	0	0	0
ENSG00000213075	0	0	0
ENSG00000143125	0	0	0
ENSG00000270380	0	0	0
ENSG00000282887	0	0	0
ENSG00000283999	0	0	0
ENSG00000240194	0	0	0
ENSG00000235407	0	0	0
ENSG00000143105	0	0	0
ENSG00000199710	0	0	0
ENSG00000237415	0	0	0
ENSG00000232791	0	0	0
ENSG00000177301	2	0	2
ENSG00000226828	0	0	0
ENSG00000279774	0	0	0
ENSG00000229960	0	0	0
ENSG00000286486	0	0	0
ENSG00000244066	0	0	0
ENSG00000237759	0	0	0
ENSG00000287531	0	0	0
ENSG00000225855	1	149	141
ENSG00000283701	0	0	0
ENSG00000207134	0	0	0
ENSG00000227773	0	0	0
ENSG00000207144	0	0	0
ENSG00000237872	0	0	0
ENSG00000271267	0	0	0
ENSG00000225082	0	0	0
ENSG00000223503	0	0	0
ENSG00000232519	0	0	0
ENSG00000160752	83	187	185
ENSG00000121957	49	69	57
ENSG00000235089	0	0	0
ENSG00000285179	0	0	0
ENSG00000223026	0	0	0
ENSG00000225721	0	7	5
ENSG00000188396	0	0	0
ENSG00000202167	0	0	0
ENSG00000207349	0	0	0
ENSG00000252826	0	0	0
ENSG00000206737	0	0	0
ENSG00000223779	3	1	2
ENSG00000242352	0	0	0
ENSG00000270962	0	0	0
ENSG00000263590	0	0	0
ENSG00000252105	0	0	0
ENSG00000233430	0	0	0
ENSG00000237503	0	0	0
ENSG00000265531	0	0	0
ENSG00000234571	0	0	0
ENSG00000230186	0	0	0
ENSG00000268074	0	0	0
ENSG00000270872	0	0	0
ENSG00000276674	0	0	0
ENSG00000082482	0	0	0
ENSG00000116747	313	167	150
ENSG00000118729	0	0	0
ENSG00000134207	0	0	0
ENSG00000163467	0	0	0
ENSG00000243710	0	0	0
ENSG00000117395	176	77	100
ENSG00000116874	128	59	69
ENSG00000065600	2	1	1
ENSG00000009780	27	13	14
ENSG00000023572	42	28	18
ENSG00000077254	125	73	52
ENSG00000134644	197	101	96
ENSG00000215788	0	7	8
ENSG00000117834	2	1	1
ENSG00000117625	151	85	66
ENSG00000179902	35	23	12
ENSG00000020633	11	5	6
ENSG00000121766	49	46	38
ENSG00000143157	126	61	65
ENSG00000162614	7	2	5
ENSG00000160781	0	0	0
ENSG00000143344	1	1	0
ENSG00000162613	429	219	210
ENSG00000116882	0	0	0
ENSG00000198758	476	246	230
ENSG00000117569	53	29	24
ENSG00000142856	51	35	34
ENSG00000158022	0	0	0
ENSG00000116396	72	36	36
ENSG00000058668	82	35	47
ENSG00000163875	391	185	206
ENSG00000282872	0	0	0
ENSG00000131238	395	200	195
ENSG00000171680	0	0	0
ENSG00000244457	0	0	0
ENSG00000116977	135	100	125
ENSG00000229372	0	0	0
ENSG00000274975	0	0	0
ENSG00000229348	0	0	0
ENSG00000242485	4	14	7
ENSG00000264293	0	0	0
ENSG00000272455	33	22	11
ENSG00000225905	0	0	0
ENSG00000225285	0	0	0
ENSG00000179403	21	13	8
ENSG00000215915	0	0	0
ENSG00000236085	0	0	0
ENSG00000234441	0	0	0
ENSG00000227408	0	0	0
ENSG00000223635	0	0	0
ENSG00000135776	123	71	52
ENSG00000199672	0	0	0
ENSG00000201492	0	0	0
ENSG00000229367	0	0	0
ENSG00000135763	21	14	7
ENSG00000213028	0	0	0
ENSG00000225984	0	0	0
ENSG00000178828	8	4	4
ENSG00000235434	0	0	0
ENSG00000169914	18	13	5
ENSG00000188784	0	0	0
ENSG00000242688	0	0	0
ENSG00000177186	0	0	0
ENSG00000177174	0	0	0
ENSG00000269956	0	19	14
ENSG00000162456	0	0	0
ENSG00000079277	319	183	169
ENSG00000117407	0	0	0
ENSG00000237950	29	9	20
ENSG00000117408	3	2	1
ENSG00000285649	0	31	31
ENSG00000117410	255	134	121
ENSG00000159214	2	4	10
ENSG00000196517	0	8	4
ENSG00000227163	0	0	0
ENSG00000271647	0	0	0
ENSG00000239560	0	0	0
ENSG00000196539	0	0	0
ENSG00000229255	0	0	0
ENSG00000203661	0	0	0
ENSG00000271934	0	0	0
ENSG00000224521	0	0	0
ENSG00000227102	0	0	0
ENSG00000183310	0	0	0
ENSG00000201602	0	0	0
ENSG00000271701	0	0	0
ENSG00000189181	0	0	0
ENSG00000187238	0	0	0
ENSG00000185962	5	2	3
ENSG00000226947	0	0	0
ENSG00000285753	0	0	0
ENSG00000187223	0	0	0
ENSG00000159455	0	0	0
ENSG00000187173	0	0	0
ENSG00000204501	0	0	0
ENSG00000228229	0	0	0
ENSG00000204481	0	0	0
ENSG00000204479	0	0	0
ENSG00000172031	0	0	0
ENSG00000233228	0	0	0
ENSG00000224678	0	0	0
ENSG00000233401	0	0	0
ENSG00000273487	0	0	0
ENSG00000226773	0	0	0
ENSG00000274481	0	0	0
ENSG00000228594	0	0	0
ENSG00000286989	0	0	0
ENSG00000272106	22	16	6
ENSG00000189409	0	0	0
ENSG00000272004	0	1	1
ENSG00000189339	149	63	88
ENSG00000269737	0	0	0
ENSG00000215914	0	0	0
ENSG00000008128	2	0	2
ENSG00000268575	24	14	19
ENSG00000227775	1	7	7
ENSG00000008130	72	31	41
ENSG00000078369	1146	575	571
ENSG00000178821	0	0	0
ENSG00000158477	114	56	58
ENSG00000230942	0	0	0
ENSG00000158481	40	18	22
ENSG00000158485	72	26	46
ENSG00000158488	46	19	27
ENSG00000186306	0	0	0
ENSG00000203758	0	0	0
ENSG00000236257	0	0	0
ENSG00000236656	0	0	0
ENSG00000198703	0	0	0
ENSG00000227445	0	0	0
ENSG00000231434	0	0	0
ENSG00000117505	269	138	131
ENSG00000229635	0	0	0
ENSG00000207379	0	0	0
ENSG00000212601	0	0	0
ENSG00000162889	88	40	48
ENSG00000224114	0	0	0
ENSG00000199349	0	0	0
ENSG00000162892	0	0	0
ENSG00000162894	78	43	35
ENSG00000271680	0	0	0
ENSG00000226945	0	0	0
ENSG00000162896	81839	41712	40127
ENSG00000162897	22	14	8
ENSG00000182795	75	48	27
ENSG00000198890	2	2	0
ENSG00000224550	0	0	0
ENSG00000142669	157	1204	1105
ENSG00000169442	176	95	88
ENSG00000225854	0	0	0
ENSG00000176083	0	0	0
ENSG00000229167	0	0	0
ENSG00000142910	96	49	47
ENSG00000162517	22	13	9
ENSG00000235790	16	10	6
ENSG00000264078	1	0	1
ENSG00000241745	0	0	0
ENSG00000228407	0	0	0
ENSG00000223429	0	0	0
ENSG00000224255	0	0	0
ENSG00000236004	0	0	0
ENSG00000237663	0	0	0
ENSG00000213735	0	0	0
ENSG00000272100	0	1	0
ENSG00000287078	0	0	0
ENSG00000224680	0	0	0
ENSG00000085840	55	35	20
ENSG00000283445	0	0	0
ENSG00000272226	0	0	0
ENSG00000231740	0	0	0
ENSG00000143751	0	0	0
ENSG00000272562	0	0	0
ENSG00000163041	679	324	355
ENSG00000225518	0	0	0
ENSG00000270598	0	0	0
ENSG00000182827	392	204	189
ENSG00000234478	0	0	1
ENSG00000223570	0	0	0
ENSG00000185155	3	2	1
ENSG00000236773	0	1	2
ENSG00000143753	5	4	4
ENSG00000201898	0	0	0
ENSG00000237101	0	0	0
ENSG00000143748	38	21	17
ENSG00000221406	0	0	0
ENSG00000229742	0	0	0
ENSG00000206887	0	0	0
ENSG00000143771	397	176	221
ENSG00000266618	0	0	0
ENSG00000229991	0	0	0
ENSG00000233384	0	0	0
ENSG00000234247	0	0	0
ENSG00000183682	2	0	2
ENSG00000237624	0	0	0
ENSG00000228060	0	5	4
ENSG00000201457	0	0	0
ENSG00000163909	0	0	0
ENSG00000225903	0	0	0
ENSG00000116983	0	0	0
ENSG00000225333	0	0	0
ENSG00000252413	0	0	0
ENSG00000090621	185	99	95
ENSG00000236994	0	0	0
ENSG00000275406	0	0	0
ENSG00000270287	0	0	0
ENSG00000229965	0	0	0
ENSG00000223282	0	0	0
ENSG00000177770	0	0	0
ENSG00000287627	0	0	0
ENSG00000283933	0	0	0
ENSG00000143369	47	21	26
ENSG00000228126	0	0	0
ENSG00000237781	0	0	0
ENSG00000264553	0	0	0
ENSG00000277452	0	0	0
ENSG00000274963	0	0	0
ENSG00000253047	0	0	0
ENSG00000143420	827	414	413
ENSG00000276103	1	0	1
ENSG00000143457	327	153	174
ENSG00000143452	16	6	10
ENSG00000206931	0	0	0
ENSG00000236713	0	0	0
ENSG00000224690	0	0	0
ENSG00000203804	0	0	0
ENSG00000143384	841	410	431
ENSG00000154342	1	1	0
ENSG00000276255	0	0	0
ENSG00000284163	0	0	0
ENSG00000143793	7	2	5
ENSG00000162910	2	1	1
ENSG00000224566	0	0	0
ENSG00000287895	0	0	0
ENSG00000280157	0	0	0
ENSG00000227625	0	0	0
ENSG00000198835	0	0	0
ENSG00000203684	0	0	0
ENSG00000181873	64	37	27
ENSG00000162913	0	0	0
ENSG00000269934	0	0	0
ENSG00000270110	0	0	0
ENSG00000286773	0	0	0
ENSG00000287315	0	0	0
ENSG00000270104	0	0	0
ENSG00000154370	1	0	2
ENSG00000270094	0	1	0
ENSG00000284311	0	0	0
ENSG00000162931	26	15	11
ENSG00000230841	0	0	0
ENSG00000266174	0	0	0
ENSG00000279306	0	0	0
ENSG00000215811	0	0	0
ENSG00000202056	0	0	0
ENSG00000251823	0	0	0
ENSG00000171960	231	127	120
ENSG00000234917	0	0	0
ENSG00000065978	4564	2264	2300
ENSG00000164007	0	0	0
ENSG00000117385	6	3	3
ENSG00000228452	0	0	0
ENSG00000001460	17	10	12
ENSG00000001461	29	22	12
ENSG00000286061	0	21	20
ENSG00000117602	61	81	77
ENSG00000264443	0	26	30
ENSG00000184454	0	0	0
ENSG00000227312	0	0	0
ENSG00000239106	0	0	0
ENSG00000177606	955	486	469
ENSG00000116539	791	389	402
ENSG00000162923	207	101	106
ENSG00000250135	0	0	0
ENSG00000084652	185	103	82
ENSG00000224066	0	61	41
ENSG00000160051	0	0	0
ENSG00000183615	0	0	0
ENSG00000277617	0	0	0
ENSG00000252450	0	0	0
ENSG00000116478	613	290	323
ENSG00000175130