N_unmapped	778544	778544	778544
N_multimapping	1117981	1117981	1117981
N_noFeature	1039903	10660476	10624646
N_ambiguous	1848796	726596	728674
ENSG00000160072	0	0	0
ENSG00000234396	0	0	0
ENSG00000225972	529	298	235
ENSG00000224315	1	0	1
ENSG00000198744	148	66	84
ENSG00000279928	0	0	0
ENSG00000228037	16	10	6
ENSG00000142611	0	0	0
ENSG00000225630	40872	20795	20078
ENSG00000284616	0	0	0
ENSG00000157911	4	15	17
ENSG00000269896	11	4	7
ENSG00000237973	2350	1902	1987
ENSG00000228463	0	7	0
ENSG00000260972	0	0	0
ENSG00000157933	26	9	17
ENSG00000224340	0	0	0
ENSG00000226545	4	4	0
ENSG00000268663	0	0	0
ENSG00000226374	0	0	0
ENSG00000229280	0	0	0
ENSG00000142655	27	14	13
ENSG00000232596	0	0	0
ENSG00000235054	0	0	0
ENSG00000232663	0	0	0
ENSG00000240409	0	0	0
ENSG00000229344	95	72	98
ENSG00000231510	0	0	0
ENSG00000149527	0	0	0
ENSG00000284739	0	0	0
ENSG00000171621	54	21	33
ENSG00000272235	0	0	0
ENSG00000284694	0	0	0
ENSG00000230021	0	421	372
ENSG00000287356	0	0	0
ENSG00000224387	0	0	0
ENSG00000285629	0	0	0
ENSG00000173673	0	0	0
ENSG00000142583	4	0	4
ENSG00000284674	0	0	0
ENSG00000272161	0	0	0
ENSG00000237094	2	0	2
ENSG00000224338	0	0	0
ENSG00000074800	394	218	176
ENSG00000116786	72	35	39
ENSG00000287727	0	0	0
ENSG00000228423	0	0	0
ENSG00000286448	0	0	0
ENSG00000131686	0	0	0
ENSG00000229305	0	0	0
ENSG00000284703	0	0	0
ENSG00000226457	2	1	1
ENSG00000173614	8	3	5
ENSG00000248527	12475	6457	6020
ENSG00000215720	0	0	0
ENSG00000241326	0	0	0
ENSG00000233623	0	0	0
ENSG00000162592	0	0	0
ENSG00000116254	0	0	0
ENSG00000233645	0	0	0
ENSG00000204624	0	0	0
ENSG00000142606	0	50	41
ENSG00000235146	0	0	0
ENSG00000225931	0	0	0
ENSG00000171729	158	69	89
ENSG00000279457	0	0	0
ENSG00000162571	0	0	0
ENSG00000229393	0	0	0
ENSG00000037637	25	12	13
ENSG00000287586	0	0	0
ENSG00000159423	1	1	0
ENSG00000142599	654	343	311
ENSG00000227169	0	0	0
ENSG00000283356	0	0	0
ENSG00000011021	30	19	11
ENSG00000142615	0	0	0
ENSG00000215704	0	0	0
ENSG00000157916	103	64	67
ENSG00000157881	26	18	8
ENSG00000238290	0	0	0
ENSG00000225387	0	0	0
ENSG00000048707	263	132	131
ENSG00000158748	0	0	0
ENSG00000225196	0	0	0
ENSG00000162444	0	0	0
ENSG00000279625	0	0	0
ENSG00000180758	0	0	0
ENSG00000184677	103	53	50
ENSG00000230679	0	0	0
ENSG00000270136	0	0	0
ENSG00000288398	15	4	11
ENSG00000224621	0	0	0
ENSG00000285833	0	0	0
ENSG00000131697	3	2	1
ENSG00000284692	0	0	0
ENSG00000284745	0	0	0
ENSG00000280222	0	0	0
ENSG00000227634	0	0	0
ENSG00000285945	0	0	0
ENSG00000229162	0	0	0
ENSG00000197921	0	0	0
ENSG00000233755	0	0	0
ENSG00000233929	0	0	0
ENSG00000271742	0	0	0
ENSG00000226396	1	1	0
ENSG00000169504	97	53	44
ENSG00000234166	0	0	1
ENSG00000235282	0	0	0
ENSG00000055070	113	70	65
ENSG00000175087	71	34	37
ENSG00000157191	159	79	80
ENSG00000284699	0	0	0
ENSG00000230035	0	0	0
ENSG00000235185	0	0	0
ENSG00000225643	0	0	0
ENSG00000284666	0	0	0
ENSG00000228943	0	0	0
ENSG00000234397	0	0	0
ENSG00000284309	0	0	0
ENSG00000162511	91	118	128
ENSG00000158014	0	0	0
ENSG00000204138	283	136	147
ENSG00000233419	0	0	0
ENSG00000235263	0	0	0
ENSG00000228176	0	0	0
ENSG00000231251	0	0	0
ENSG00000142675	265	126	139
ENSG00000197245	0	0	0
ENSG00000261025	0	0	0
ENSG00000116237	32	48	47
ENSG00000130772	34	16	18
ENSG00000215899	0	0	0
ENSG00000271398	0	0	0
ENSG00000225011	0	0	0
ENSG00000235069	0	0	0
ENSG00000284676	0	0	0
ENSG00000237058	0	0	0
ENSG00000233399	0	0	0
ENSG00000090020	324	170	154
ENSG00000157978	201	91	110
ENSG00000226944	0	0	0
ENSG00000270282	0	0	0
ENSG00000130770	2014	1057	1112
ENSG00000229044	0	15	19
ENSG00000162512	6	6	0
ENSG00000158006	151	95	56
ENSG00000214812	0	0	0
ENSG00000126698	121	59	62
ENSG00000229447	0	0	0
ENSG00000229607	0	0	0
ENSG00000130766	111	54	57
ENSG00000168528	1390	697	693
ENSG00000196581	0	0	0
ENSG00000169403	37	19	18
ENSG00000084628	0	0	0
ENSG00000060688	21	7	14
ENSG00000171612	17	11	6
ENSG00000270927	0	0	0
ENSG00000188910	17	9	8
ENSG00000230523	0	0	0
ENSG00000116138	73	53	48
ENSG00000158161	47	23	24
ENSG00000142684	0	1	1
ENSG00000234619	0	0	0
ENSG00000121769	15	7	8
ENSG00000142627	20	9	11
ENSG00000284668	0	0	0
ENSG00000233234	0	0	0
ENSG00000142632	3	2	2
ENSG00000234593	2	2	0
ENSG00000158292	171	88	83
ENSG00000270605	0	0	0
ENSG00000189337	46	22	25
ENSG00000232912	13	4	9
ENSG00000235084	0	0	0
ENSG00000235143	0	0	0
ENSG00000225478	0	0	0
ENSG00000225077	1	0	1
ENSG00000028137	36	16	20
ENSG00000238249	0	0	0
ENSG00000204464	2	0	2
ENSG00000233372	0	0	0
ENSG00000283259	0	0	0
ENSG00000284543	56	25	31
ENSG00000130939	309	154	155
ENSG00000175147	8	5	4
ENSG00000127472	0	0	0
ENSG00000060656	0	0	0
ENSG00000163867	52	24	28
ENSG00000232768	0	0	0
ENSG00000230214	0	0	0
ENSG00000189280	4	4	0
ENSG00000134698	74	40	34
ENSG00000134690	26	14	12
ENSG00000272420	2	1	1
ENSG00000132881	0	0	0
ENSG00000273274	0	0	0
ENSG00000116251	196	89	107
ENSG00000272510	0	0	1
ENSG00000158286	24	40	47
ENSG00000236648	0	0	0
ENSG00000232273	0	0	0
ENSG00000009709	0	0	0
ENSG00000287396	0	0	0
ENSG00000223589	0	0	0
ENSG00000158008	0	0	0
ENSG00000130940	75	83	71
ENSG00000116771	22	19	30
ENSG00000237301	0	0	0
ENSG00000162585	12	35	30
ENSG00000163879	20	27	18
ENSG00000227527	3	1	2
ENSG00000116954	117	54	63
ENSG00000228589	1	1	0
ENSG00000163873	0	0	0
ENSG00000117215	0	0	0
ENSG00000196449	30	10	20
ENSG00000230163	0	0	0
ENSG00000227538	0	0	0
ENSG00000232208	0	0	0
ENSG00000236500	2	1	1
ENSG00000044012	198	104	94
ENSG00000179051	235	132	117
ENSG00000215895	0	0	0
ENSG00000231868	0	0	0
ENSG00000284650	0	0	0
ENSG00000237329	0	0	0
ENSG00000236948	0	0	0
ENSG00000126067	291	136	155
ENSG00000274944	0	0	0
ENSG00000132906	5	2	3
ENSG00000197312	59	22	37
ENSG00000284748	0	0	0
ENSG00000272078	2	38	43
ENSG00000173660	746	343	403
ENSG00000224592	0	0	0
ENSG00000233728	0	2	7
ENSG00000230451	0	0	0
ENSG00000231606	0	0	0
ENSG00000215900	0	0	0
ENSG00000284632	0	0	0
ENSG00000241014	0	0	0
ENSG00000054118	384	199	185
ENSG00000254553	0	0	0
ENSG00000284653	0	0	0
ENSG00000237749	0	0	0
ENSG00000276747	0	0	0
ENSG00000284705	0	0	0
ENSG00000228776	0	0	0
ENSG00000159339	0	0	0
ENSG00000223814	0	0	0
ENSG00000197982	2	0	2
ENSG00000261781	0	0	0
ENSG00000183317	38	18	20
ENSG00000183386	2	0	2
ENSG00000284743	3	2	1
ENSG00000158315	57	23	34
ENSG00000204084	6	45	34
ENSG00000186973	1	1	0
ENSG00000271806	8	6	4
ENSG00000146463	131	76	75
ENSG00000279214	0	0	0
ENSG00000183520	81	41	40
ENSG00000271741	0	0	0
ENSG00000214141	0	0	0
ENSG00000142686	0	0	0
ENSG00000224751	0	0	0
ENSG00000279096	0	0	0
ENSG00000117148	0	0	0
ENSG00000230585	0	0	0
ENSG00000117000	31	19	12
ENSG00000284989	0	0	0
ENSG00000231630	0	0	0
ENSG00000092853	24	15	9
ENSG00000255811	0	0	0
ENSG00000134697	29	23	31
ENSG00000187513	0	0	0
ENSG00000238145	0	0	0
ENSG00000225142	0	0	0
ENSG00000230138	0	0	0
ENSG00000223390	0	0	0
ENSG00000285823	0	0	0
ENSG00000284720	0	0	0
ENSG00000225028	0	0	0
ENSG00000225671	0	0	0
ENSG00000116151	18	6	12
ENSG00000226147	0	0	0
ENSG00000182873	0	0	0
ENSG00000006555	405	204	201
ENSG00000236111	0	0	0
ENSG00000066056	8	4	4
ENSG00000214114	68	38	30
ENSG00000173436	13	6	7
ENSG00000116544	0	0	0
ENSG00000231900	0	0	0
ENSG00000236723	0	51	43
ENSG00000232467	0	0	0
ENSG00000117016	0	0	0
ENSG00000121310	120	56	64
ENSG00000169213	28	15	13
ENSG00000163866	31	11	20
ENSG00000225779	0	0	0
ENSG00000284601	0	0	0
ENSG00000237130	0	0	0
ENSG00000143001	0	22	24
ENSG00000229716	0	0	0
ENSG00000226133	0	0	0
ENSG00000227416	0	0	0
ENSG00000232335	0	0	0
ENSG00000260971	4	2	2
ENSG00000259832	0	0	0
ENSG00000284696	0	0	0
ENSG00000238242	0	0	0
ENSG00000285839	0	0	0
ENSG00000237290	0	0	0
ENSG00000232762	0	0	0
ENSG00000117419	34	11	23
ENSG00000162384	27	40	25
ENSG00000162391	0	6	3
ENSG00000174348	0	0	0
ENSG00000154198	0	0	0
ENSG00000117859	163	106	123
ENSG00000228121	0	0	0
ENSG00000253313	270	138	132
ENSG00000162396	17	7	10
ENSG00000203995	1	1	0
ENSG00000227742	15	9	10
ENSG00000284686	0	0	0
ENSG00000162378	96	52	44
ENSG00000233079	0	0	0
ENSG00000259818	1	0	1
ENSG00000229444	0	0	0
ENSG00000240563	23	9	14
ENSG00000234318	0	0	0
ENSG00000284773	5	3	2
ENSG00000234481	0	0	0
ENSG00000117862	0	0	0
ENSG00000235612	0	0	0
ENSG00000228369	0	0	0
ENSG00000183431	108	50	58
ENSG00000227485	0	0	0
ENSG00000224609	0	0	0
ENSG00000235545	9	5	4
ENSG00000236646	0	0	0
ENSG00000169174	0	0	0
ENSG00000232198	0	0	0
ENSG00000238063	0	0	0
ENSG00000227104	0	0	0
ENSG00000243725	0	0	0
ENSG00000171872	0	0	0
ENSG00000162407	13	8	5
ENSG00000285079	0	0	0
ENSG00000169218	0	0	0
ENSG00000163877	37	13	24
ENSG00000228929	4	2	2
ENSG00000224570	0	0	0
ENSG00000224980	0	0	0
ENSG00000278967	0	0	0
ENSG00000157184	33	72	93
ENSG00000272491	0	0	0
ENSG00000198815	355	168	187
ENSG00000134744	90	47	43
ENSG00000233910	0	0	0
ENSG00000287703	0	0	0
ENSG00000283039	0	0	0
ENSG00000229032	0	0	0
ENSG00000229294	0	0	0
ENSG00000232993	0	0	0
ENSG00000234088	0	0	0
ENSG00000236973	0	0	0
ENSG00000227947	0	0	0
ENSG00000277397	0	0	0
ENSG00000271200	0	0	0
ENSG00000235446	0	0	0
ENSG00000261196	0	0	0
ENSG00000162385	16	7	9
ENSG00000231413	0	0	0
ENSG00000234264	0	0	0
ENSG00000242391	0	0	0
ENSG00000223883	0	0	0
ENSG00000284808	0	0	0
ENSG00000242267	0	0	0
ENSG00000237227	0	0	0
ENSG00000275350	0	0	0
ENSG00000116652	0	0	0
ENSG00000123080	0	0	0
ENSG00000285778	0	0	0
ENSG00000077549	1049	553	496
ENSG00000233407	0	0	0
ENSG00000225675	0	0	0
ENSG00000237622	0	0	0
ENSG00000162598	0	0	0
ENSG00000280317	0	0	0
ENSG00000162415	36	13	23
ENSG00000162600	47	21	26
ENSG00000116704	422	200	222
ENSG00000227644	0	0	0
ENSG00000157193	4	5	8
ENSG00000116205	10	5	5
ENSG00000198841	0	0	0
ENSG00000116212	13	6	7
ENSG00000234204	0	0	0
ENSG00000233099	0	0	0
ENSG00000233994	0	0	0
ENSG00000237180	0	0	0
ENSG00000213561	0	0	0
ENSG00000233973	0	0	0
ENSG00000237552	0	0	0
ENSG00000132854	4	3	1
ENSG00000227556	0	0	0
ENSG00000162616	39	21	18
ENSG00000162607	100	55	45
ENSG00000233602	0	0	0
ENSG00000233271	0	24	22
ENSG00000285954	0	0	0
ENSG00000233333	0	0	0
ENSG00000154027	38	18	20
ENSG00000234108	0	0	0
ENSG00000232676	0	0	0
ENSG00000225167	0	0	0
ENSG00000132122	9	4	5
ENSG00000213579	0	0	0
ENSG00000137960	122	61	61
ENSG00000237852	0	0	0
ENSG00000116745	0	0	0
ENSG00000132855	0	0	0
ENSG00000285407	0	0	0
ENSG00000272855	0	0	0
ENSG00000270549	0	0	0
ENSG00000237163	0	0	0
ENSG00000229636	0	0	0
ENSG00000116675	3	1	2
ENSG00000162433	9	4	5
ENSG00000213625	306	160	146
ENSG00000227207	0	0	0
ENSG00000227016	0	0	0
ENSG00000233664	0	0	0
ENSG00000158966	0	0	0
ENSG00000213703	12	7	5
ENSG00000203965	16	8	8
ENSG00000223479	0	0	0
ENSG00000233674	0	0	0
ENSG00000153898	85	46	39
ENSG00000117069	0	0	0
ENSG00000125703	7	3	4
ENSG00000285041	0	0	0
ENSG00000285808	0	0	0
ENSG00000229440	0	0	0
ENSG00000234144	0	0	0
ENSG00000213540	0	0	0
ENSG00000277670	0	0	0
ENSG00000227466	0	0	0
ENSG00000154007	0	0	0
ENSG00000230498	2	1	1
ENSG00000285782	0	0	0
ENSG00000162618	0	0	0
ENSG00000224493	0	0	0
ENSG00000131233	0	0	0
ENSG00000272371	0	0	0
ENSG00000287647	0	0	0
ENSG00000229225	0	0	0
ENSG00000230863	0	0	0
ENSG00000213560	0	0	0
ENSG00000287224	0	0	0
ENSG00000225598	0	0	0
ENSG00000286455	0	0	0
ENSG00000225087	0	0	0
ENSG00000224986	0	0	0
ENSG00000280378	32	20	12
ENSG00000188786	82	45	37
ENSG00000230053	0	0	0
ENSG00000137941	0	0	0
ENSG00000273338	2	1	1
ENSG00000223720	0	0	0
ENSG00000224326	0	0	0
ENSG00000286548	1	0	1
ENSG00000066135	18	16	13
ENSG00000230027	0	0	0
ENSG00000233061	0	0	0
ENSG00000272094	0	0	0
ENSG00000228853	0	0	0
ENSG00000215874	0	0	0
ENSG00000232453	13	8	5
ENSG00000260386	0	0	0
ENSG00000284895	0	0	0
ENSG00000117174	41	23	18
ENSG00000237413	0	0	0
ENSG00000184313	7	4	3
ENSG00000284645	0	0	0
ENSG00000225605	0	0	0
ENSG00000225446	0	0	0
ENSG00000288543	0	0	0
ENSG00000122420	0	0	0
ENSG00000284240	0	0	0
ENSG00000236290	0	0	0
ENSG00000143013	192	96	96
ENSG00000226084	7	1	6
ENSG00000134748	184	87	97
ENSG00000142892	62	32	30
ENSG00000219102	1	1	0
ENSG00000184005	17	12	5
ENSG00000230953	1	1	0
ENSG00000287743	0	0	0
ENSG00000229332	2	1	1
ENSG00000227937	0	0	0
ENSG00000229752	0	0	0
ENSG00000237505	0	2	1
ENSG00000285462	0	0	0
ENSG00000233216	0	0	0
ENSG00000197273	1124	552	572
ENSG00000226804	0	0	0
ENSG00000285325	0	0	0
ENSG00000230728	0	0	0
ENSG00000162402	162	85	77
ENSG00000232846	0	0	0
ENSG00000219201	0	0	0
ENSG00000230787	0	0	0
ENSG00000116641	166	78	88
ENSG00000235927	10	6	4
ENSG00000223920	0	0	0
ENSG00000237453	0	0	0
ENSG00000172260	0	0	0
ENSG00000285473	0	0	0
ENSG00000237959	0	0	0
ENSG00000231364	0	0	0
ENSG00000234578	0	0	0
ENSG00000117480	167	81	86
ENSG00000137944	54	25	29
ENSG00000229505	0	0	0
ENSG00000228187	0	0	0
ENSG00000285201	0	0	0
ENSG00000182183	0	0	0
ENSG00000236407	0	0	0
ENSG00000271949	0	0	0
ENSG00000227062	0	0	0
ENSG00000067334	189	94	95
ENSG00000235011	0	0	0
ENSG00000235673	0	0	0
ENSG00000226938	0	0	0
ENSG00000213559	0	0	0
ENSG00000287587	0	0	0
ENSG00000142949	1385	703	682
ENSG00000116133	301	187	140
ENSG00000232882	0	0	0
ENSG00000171502	0	0	0
ENSG00000162399	0	0	0
ENSG00000116157	1	0	1
ENSG00000143036	261	130	131
ENSG00000232672	0	0	0
ENSG00000230817	3	1	2
ENSG00000235613	20	12	8
ENSG00000065243	201	95	109
ENSG00000226759	0	0	0
ENSG00000226960	0	0	0
ENSG00000234080	0	0	0
ENSG00000237899	0	0	0
ENSG00000225492	0	0	0
ENSG00000223905	0	0	0
ENSG00000227290	0	0	0
ENSG00000229486	0	0	0
ENSG00000282898	0	0	0
ENSG00000285409	0	0	0
ENSG00000231090	0	0	0
ENSG00000117528	208	102	106
ENSG00000271723	0	0	0
ENSG00000172339	63	23	40
ENSG00000036549	36	19	17
ENSG00000287724	0	16	8
ENSG00000058799	82	37	45
ENSG00000225191	0	0	0
ENSG00000287870	0	0	0
ENSG00000235563	0	0	0
ENSG00000232048	0	0	0
ENSG00000232857	0	0	0
ENSG00000273637	0	0	0
ENSG00000203985	0	0	0
ENSG00000228838	0	0	0
ENSG00000283761	0	0	0
ENSG00000189433	0	0	0
ENSG00000230759	0	0	0
ENSG00000231866	0	0	0
ENSG00000179178	56	26	30
ENSG00000142700	0	0	0
ENSG00000285525	0	0	0
ENSG00000236098	0	0	0
ENSG00000233514	0	0	0
ENSG00000127124	9	2	7
ENSG00000266993	25	14	12
ENSG00000223675	0	0	0
ENSG00000162604	123	63	60
ENSG00000229316	0	0	0
ENSG00000116171	992	486	506
ENSG00000287406	22	17	5
ENSG00000225767	1	1	0
ENSG00000234099	0	0	0
ENSG00000137936	44	25	20
ENSG00000235308	0	0	0
ENSG00000232752	0	0	0
ENSG00000235829	16	7	9
ENSG00000143032	0	0	0
ENSG00000226745	0	0	0
ENSG00000178028	22	14	8
ENSG00000280040	1	1	0
ENSG00000168710	380	190	190
ENSG00000117519	163	73	90
ENSG00000270507	0	0	0
ENSG00000238037	0	0	0
ENSG00000215869	1	1	0
ENSG00000134215	317	154	163
ENSG00000227935	0	0	0
ENSG00000229887	0	0	0
ENSG00000228502	30	15	15
ENSG00000236268	0	0	0
ENSG00000271277	0	0	0
ENSG00000236888	0	0	0
ENSG00000279778	0	0	0
ENSG00000232015	0	0	0
ENSG00000230955	0	32	41
ENSG00000230828	0	0	0
ENSG00000188641	22	15	7
ENSG00000152078	153	79	74
ENSG00000237279	0	0	0
ENSG00000233359	0	0	0
ENSG00000237954	0	0	0
ENSG00000185668	0	0	0
ENSG00000171492	26	12	14
ENSG00000233129	0	0	0
ENSG00000170989	0	0	0
ENSG00000258634	19	14	10
ENSG00000233557	0	0	0
ENSG00000237897	0	0	0
ENSG00000116299	1422	694	728
ENSG00000137962	0	0	0
ENSG00000227832	0	0	0
ENSG00000286692	15	11	4
ENSG00000260464	0	0	0
ENSG00000237435	0	0	0
ENSG00000231996	0	0	0
ENSG00000273204	0	0	0
ENSG00000079739	107	76	70
ENSG00000117154	9	4	5
ENSG00000162377	25	8	17
ENSG00000224613	0	0	0
ENSG00000215871	0	0	0
ENSG00000287372	0	0	0
ENSG00000232542	0	0	0
ENSG00000231095	0	0	0
ENSG00000116774	7	5	2
ENSG00000287756	0	0	0
ENSG00000269113	0	0	0
ENSG00000284652	0	0	0
ENSG00000023909	10	4	6
ENSG00000069702	0	0	0
ENSG00000232185	0	0	0
ENSG00000230489	0	0	0
ENSG00000228399	0	0	0
ENSG00000236776	0	0	0
ENSG00000285928	0	0	0
ENSG00000224685	0	0	0
ENSG00000287076	0	0	0
ENSG00000237480	0	0	0
ENSG00000271252	0	0	0
ENSG00000230427	0	0	0
ENSG00000235794	0	0	0
ENSG00000286758	0	0	0
ENSG00000237337	0	0	0
ENSG00000233983	0	0	0
ENSG00000198198	78	114	124
ENSG00000225183	0	0	0
ENSG00000230402	0	0	0
ENSG00000116793	14	6	8
ENSG00000134201	0	0	0
ENSG00000238122	0	0	0
ENSG00000260879	0	0	0
ENSG00000213366	0	0	0
ENSG00000230864	0	0	0
ENSG00000283354	0	0	0
ENSG00000232918	0	0	0
ENSG00000236360	0	0	0
ENSG00000183298	0	2	0
ENSG00000234332	22	14	8
ENSG00000117525	35	22	13
ENSG00000225079	0	0	0
ENSG00000226483	0	0	0
ENSG00000224238	0	0	0
ENSG00000229537	0	0	0
ENSG00000162699	0	0	0
ENSG00000162692	0	0	0
ENSG00000203914	0	0	0
ENSG00000270457	0	0	0
ENSG00000203858	0	0	0
ENSG00000231987	0	0	0
ENSG00000228057	2	1	1
ENSG00000261593	0	0	0
ENSG00000224445	0	0	0
ENSG00000229842	0	0	0
ENSG00000270631	0	0	0
ENSG00000229201	0	0	0
ENSG00000181656	0	0	0
ENSG00000122481	0	0	0
ENSG00000198162	142	61	81
ENSG00000238198	0	0	0
ENSG00000171517	14	7	7
ENSG00000228852	1	0	1
ENSG00000203864	5	2	3
ENSG00000233482	0	0	0
ENSG00000230250	0	0	0
ENSG00000232878	0	0	0
ENSG00000143079	339	179	160
ENSG00000232450	0	0	0
ENSG00000223575	0	0	0
ENSG00000230768	0	0	0
ENSG00000235202	0	0	0
ENSG00000272715	2	2	0
ENSG00000235038	0	0	0
ENSG00000143093	63	35	28
ENSG00000226415	2	0	2
ENSG00000085491	44	20	24
ENSG00000173947	0	0	0
ENSG00000241361	0	0	0
ENSG00000230434	0	0	0
ENSG00000230718	0	0	0
ENSG00000134198	8	5	3
ENSG00000235595	0	0	0
ENSG00000226053	0	0	0
ENSG00000226128	0	0	0
ENSG00000198799	108	49	59
ENSG00000279513	0	0	0
ENSG00000117620	311	162	149
ENSG00000280186	0	0	0
ENSG00000223906	0	0	0
ENSG00000162688	73	36	37
ENSG00000197106	0	0	0
ENSG00000259946	0	0	0
ENSG00000236137	0	0	0
ENSG00000203859	1	1	0
ENSG00000228086	22	10	15
ENSG00000213421	0	0	0
ENSG00000234020	0	0	0
ENSG00000060718	0	0	0
ENSG00000236804	0	0	0
ENSG00000231072	0	0	0
ENSG00000273406	0	0	0
ENSG00000185946	220	104	116
ENSG00000162627	62	29	33
ENSG00000226715	0	0	2
ENSG00000162695	128	61	67
ENSG00000134184	0	0	0
ENSG00000265808	201	96	105
ENSG00000261290	0	0	0
ENSG00000225923	2	2	0
ENSG00000134247	82	40	42
ENSG00000187481	0	0	0
ENSG00000116752	125	58	67
ENSG00000162664	208	97	111
ENSG00000236866	0	0	0
ENSG00000134253	11	4	7
ENSG00000277655	0	0	0
ENSG00000223416	0	0	0
ENSG00000213226	0	0	0
ENSG00000179571	0	0	0
ENSG00000227850	0	0	0
ENSG00000243967	0	0	0
ENSG00000235777	0	0	0
ENSG00000260246	0	0	0
ENSG00000173218	43	23	20
ENSG00000285532	0	0	0
ENSG00000226755	0	0	0
ENSG00000232650	0	0	0
ENSG00000183508	237	107	130
ENSG00000277095	0	0	0
ENSG00000236806	0	0	0
ENSG00000234283	0	0	0
ENSG00000237188	0	0	0
ENSG00000232780	0	0	0
ENSG00000274927	0	0	0
ENSG00000264145	0	0	0
ENSG00000238256	0	0	0
ENSG00000198765	0	0	0
ENSG00000224335	0	0	0
ENSG00000277702	0	0	0
ENSG00000143398	75	35	40
ENSG00000196505	101	57	44
ENSG00000225871	0	0	0
ENSG00000223489	0	0	0
ENSG00000230546	0	0	0
ENSG00000213262	0	0	0
ENSG00000287015	0	0	0
ENSG00000241720	0	2	3
ENSG00000235526	0	0	0
ENSG00000228347	0	0	0
ENSG00000276975	0	0	0
ENSG00000236012	0	0	0
ENSG00000270911	0	0	0
ENSG00000272824	0	0	0
ENSG00000134200	0	0	0
ENSG00000234257	0	0	0
ENSG00000065183	7	4	3
ENSG00000227082	12	8	4
ENSG00000228626	0	0	0
ENSG00000226126	0	0	0
ENSG00000163393	8	4	4
ENSG00000163156	111	50	61
ENSG00000143631	0	3	3
ENSG00000156150	0	2	3
ENSG00000228453	0	0	0
ENSG00000274642	0	0	0
ENSG00000177551	0	0	0
ENSG00000197323	247	143	104
ENSG00000237975	0	3	3
ENSG00000261168	0	0	0
ENSG00000287980	0	0	0
ENSG00000229283	0	0	0
ENSG00000271419	0	0	0
ENSG00000226172	0	0	0
ENSG00000079335	97	38	62
ENSG00000143119	151	68	83
ENSG00000237278	0	0	0
ENSG00000285062	0	0	0
ENSG00000233432	0	0	0
ENSG00000227700	0	0	0
ENSG00000229911	0	0	0
ENSG00000143520	6	4	2
ENSG00000171943	17	11	6
ENSG00000270719	0	0	0
ENSG00000155761	0	0	0
ENSG00000230806	0	0	0
ENSG00000116830	42	23	19
ENSG00000234422	0	0	0
ENSG00000227056	0	0	0
ENSG00000143614	180	94	86
ENSG00000227091	0	0	0
ENSG00000169418	0	0	0
ENSG00000214204	0	0	0
ENSG00000081026	199	107	92
ENSG00000225650	0	0	0
ENSG00000227179	0	0	0
ENSG00000224965	0	0	0
ENSG00000228127	0	0	0
ENSG00000226984	0	0	0
ENSG00000186150	0	0	0
ENSG00000143554	61	29	32
ENSG00000143458	73	34	39
ENSG00000230932	0	0	0
ENSG00000073754	0	0	0
ENSG00000228826	0	0	0
ENSG00000233907	0	0	0
ENSG00000225036	0	0	0
ENSG00000228420	0	0	0
ENSG00000233839	0	0	0
ENSG00000250890	0	0	0
ENSG00000232240	0	0	0
ENSG00000280649	0	3	6
ENSG00000131781	178	91	87
ENSG00000223599	0	0	0
ENSG00000230921	0	0	0
ENSG00000286151	0	0	0
ENSG00000234388	0	0	0
ENSG00000235015	0	0	0
ENSG00000271736	0	0	0
ENSG00000235988	0	0	0
ENSG00000233717	0	0	0
ENSG00000231551	4	2	2
ENSG00000227295	1	0	1
ENSG00000163155	35	17	18
ENSG00000243613	0	0	1
ENSG00000241975	0	0	0
ENSG00000271143	0	0	0
ENSG00000270976	0	0	0
ENSG00000228217	0	0	0
ENSG00000270342	0	0	0
ENSG00000143552	8	4	4
ENSG00000175984	0	0	0
ENSG00000231100	0	0	0
ENSG00000116824	21	16	5
ENSG00000235887	0	0	0
ENSG00000237460	0	0	0
ENSG00000236327	0	0	0
ENSG00000223804	0	0	0
ENSG00000236887	0	0	0
ENSG00000024526	12	16	15
ENSG00000236480	0	0	0
ENSG00000235756	0	0	0
ENSG00000173810	0	0	0
ENSG00000235005	0	0	0
ENSG00000271890	0	0	0
ENSG00000238107	0	0	0
ENSG00000227425	0	0	0
ENSG00000233222	0	0	0
ENSG00000225279	9	3	6
ENSG00000229101	0	0	0
ENSG00000224927	0	0	0
ENSG00000239216	0	0	0
ENSG00000283360	1	0	1
ENSG00000117262	16	8	8
ENSG00000227907	0	0	0
ENSG00000143624	67	30	38
ENSG00000227970	0	0	0
ENSG00000261055	0	0	0
ENSG00000231613	0	0	0
ENSG00000137947	75	38	37
ENSG00000236689	0	0	0
ENSG00000233589	0	8	11
ENSG00000117586	0	0	0
ENSG00000230946	12	7	5
ENSG00000226028	0	0	0
ENSG00000162728	0	0	0
ENSG00000229021	0	0	0
ENSG00000203825	0	0	0
ENSG00000184371	41	24	17
ENSG00000233449	0	0	0
ENSG00000242943	0	0	0
ENSG00000233203	1	1	0
ENSG00000232499	0	0	0
ENSG00000232265	0	0	0
ENSG00000163154	1	0	1
ENSG00000232995	12	9	3
ENSG00000236957	0	0	0
ENSG00000238087	0	0	0
ENSG00000227777	0	0	0
ENSG00000177173	0	0	0
ENSG00000277406	21	9	12
ENSG00000238022	0	0	0
ENSG00000231671	0	0	0
ENSG00000162729	43	17	26
ENSG00000143158	587	313	307
ENSG00000271092	0	0	0
ENSG00000238118	0	0	0
ENSG00000276118	0	0	0
ENSG00000232148	0	0	0
ENSG00000278811	0	1	0
ENSG00000000460	39	37	46
ENSG00000188859	0	0	0
ENSG00000275075	0	0	0
ENSG00000135862	18	6	12
ENSG00000232952	0	0	0
ENSG00000158473	7	3	4
ENSG00000227722	0	0	0
ENSG00000285922	0	0	0
ENSG00000275801	0	0	0
ENSG00000143198	390	188	202
ENSG00000143318	0	0	0
ENSG00000232188	0	0	0
ENSG00000232212	0	0	0
ENSG00000143621	315	183	186
ENSG00000241042	0	0	0
ENSG00000143155	404	219	185
ENSG00000260322	0	0	0
ENSG00000223495	0	0	0
ENSG00000143156	4	501	466
ENSG00000198771	45	21	24
ENSG00000225462	0	0	0
ENSG00000237756	9	4	5
ENSG00000116147	0	0	0
ENSG00000213064	140	94	94
ENSG00000203307	0	0	0
ENSG00000143179	57	36	34
ENSG00000271187	0	0	0
ENSG00000274562	0	0	0
ENSG00000143315	101	56	45
ENSG00000116199	65	37	28
ENSG00000231175	0	0	0
ENSG00000143185	0	0	0
ENSG00000235145	2	0	2
ENSG00000116260	1018	495	523
ENSG00000272931	8	5	3
ENSG00000143190	162	92	73
ENSG00000225475	0	0	0
ENSG00000230898	0	0	0
ENSG00000232223	0	0	0
ENSG00000224698	0	0	0
ENSG00000287697	17	10	7
ENSG00000075945	86	36	51
ENSG00000235303	0	0	0
ENSG00000234810	0	0	0
ENSG00000232750	0	0	0
ENSG00000224468	0	0	0
ENSG00000235628	0	0	0
ENSG00000232551	0	0	0
ENSG00000092607	0	0	0
ENSG00000238270	0	0	0
ENSG00000285894	0	0	0
ENSG00000236025	0	0	0
ENSG00000230687	0	0	0
ENSG00000230704	0	0	0
ENSG00000283255	0	0	0
ENSG00000227741	0	36	30
ENSG00000237049	0	0	0
ENSG00000286754	0	0	0
ENSG00000232751	0	0	0
ENSG00000236364	0	7	10
ENSG00000117091	42	26	26
ENSG00000235378	0	0	0
ENSG00000143171	0	0	0
ENSG00000275767	0	0	0
ENSG00000224718	0	0	0
ENSG00000047410	287	145	172
ENSG00000231992	0	0	0
ENSG00000018625	0	0	0
ENSG00000171806	39	26	23
ENSG00000287919	0	0	0
ENSG00000229914	0	0	0
ENSG00000233882	0	0	0
ENSG00000198358	0	0	0
ENSG00000229407	0	0	0
ENSG00000134216	0	0	0
ENSG00000230748	0	0	0
ENSG00000254154	0	0	0
ENSG00000162694	50	21	29
ENSG00000238108	0	0	0
ENSG00000214262	0	26	22
ENSG00000183853	0	0	0
ENSG00000215835	2	0	2
ENSG00000118197	45	21	24
ENSG00000135842	58	33	25
ENSG00000229258	0	0	0
ENSG00000287472	0	0	0
ENSG00000241318	0	0	0
ENSG00000228238	0	0	0
ENSG00000232393	0	0	0
ENSG00000121454	24	17	38
ENSG00000184155	0	0	0
ENSG00000058085	104	49	55
ENSG00000260088	0	0	0
ENSG00000287978	12	7	5
ENSG00000116815	153	74	79
ENSG00000232917	0	0	0
ENSG00000233057	0	0	0
ENSG00000237131	0	0	0
ENSG00000233946	0	0	0
ENSG00000143167	1074	568	506
ENSG00000143184	26	14	12
ENSG00000231966	0	0	0
ENSG00000176320	0	0	0
ENSG00000260976	0	0	0
ENSG00000235215	0	0	0
ENSG00000223450	0	0	0
ENSG00000224691	0	0	0
ENSG00000286572	0	0	0
ENSG00000235101	0	0	0
ENSG00000228215	0	0	0
ENSG00000177807	0	0	0
ENSG00000233626	10	6	4
ENSG00000233691	0	0	0
ENSG00000283518	0	0	0
ENSG00000271527	0	0	0
ENSG00000143228	6	3	3
ENSG00000235827	0	0	0
ENSG00000231615	0	0	0
ENSG00000231714	0	0	0
ENSG00000174514	73	56	51
ENSG00000143178	23	12	11
ENSG00000224837	0	0	0
ENSG00000116833	151	75	76
ENSG00000227740	0	0	0
ENSG00000260990	0	0	0
ENSG00000000457	19	21	32
ENSG00000143507	39	24	15
ENSG00000285638	0	0	0
ENSG00000226520	0	0	0
ENSG00000284592	0	0	0
ENSG00000230987	0	0	0
ENSG00000232527	0	0	0
ENSG00000215833	0	0	0
ENSG00000228167	0	0	0
ENSG00000225325	0	0	0
ENSG00000223344	0	0	0
ENSG00000228191	0	0	0
ENSG00000229961	0	0	0
ENSG00000150732	0	0	0
ENSG00000157064	0	0	0
ENSG00000288139	0	0	0
ENSG00000226015	1	0	1
ENSG00000215808	5	2	3
ENSG00000059588	32	19	13
ENSG00000231512	0	0	0
ENSG00000237379	0	0	0
ENSG00000232959	0	0	1
ENSG00000122224	35	13	22
ENSG00000162782	18	11	7
ENSG00000238051	0	0	0
ENSG00000233196	0	0	0
ENSG00000229220	0	0	0
ENSG00000143653	61	38	23
ENSG00000135837	596	306	290
ENSG00000158711	62	40	56
ENSG00000227747	0	0	0
ENSG00000228081	0	0	0
ENSG00000228020	0	0	0
ENSG00000234975	0	0	0
ENSG00000162851	17	9	8
ENSG00000271427	0	0	0
ENSG00000261817	0	0	0
ENSG00000143353	39	17	22
ENSG00000197965	251	134	117
ENSG00000143493	29	16	13
ENSG00000230777	0	0	0
ENSG00000179397	0	0	0
ENSG00000224540	0	0	0
ENSG00000117592	1281	627	654
ENSG00000186197	0	0	0
ENSG00000229067	0	0	0
ENSG00000230231	0	0	0
ENSG00000227711	0	0	0
ENSG00000261182	0	0	0
ENSG00000228879	0	0	0
ENSG00000227925	0	0	0
ENSG00000162670	19	9	15
ENSG00000225712	0	0	0
ENSG00000162761	0	0	0
ENSG00000143199	0	0	0
ENSG00000179930	0	0	0
ENSG00000007908	0	0	0
ENSG00000092978	59	28	31
ENSG00000143499	41	19	22
ENSG00000188404	10	5	5
ENSG00000227735	0	0	0
ENSG00000243062	0	0	0
ENSG00000143196	0	0	0
ENSG00000228504	0	0	0
ENSG00000274702	0	0	0
ENSG00000226211	0	0	0
ENSG00000236942	0	0	0
ENSG00000287205	0	0	0
ENSG00000203697	77	42	35
ENSG00000116574	94	48	46
ENSG00000287929	0	0	0
ENSG00000186283	5	2	3
ENSG00000224896	0	0	0
ENSG00000226292	0	0	0
ENSG00000121481	25	10	15
ENSG00000227940	0	0	0
ENSG00000117139	251	122	129
ENSG00000143248	5	1	4
ENSG00000278455	0	0	0
ENSG00000224810	0	0	0
ENSG00000162814	12	6	7
ENSG00000225172	0	0	0
ENSG00000261642	0	0	0
ENSG00000228239	0	0	0
ENSG00000237283	0	0	0
ENSG00000116132	0	0	0
ENSG00000238042	0	0	0
ENSG00000271475	0	0	0
ENSG00000231877	0	0	0
ENSG00000116679	376	165	211
ENSG00000228536	0	0	0
ENSG00000230550	0	0	0
ENSG00000229242	0	0	0
ENSG00000253326	0	0	0
ENSG00000228470	0	0	0
ENSG00000152092	0	0	0
ENSG00000234984	0	0	0
ENSG00000231648	0	0	0
ENSG00000229983	0	0	0
ENSG00000215149	0	0	0
ENSG00000225122	0	0	0
ENSG00000225920	3	2	1
ENSG00000143476	21	10	11
ENSG00000121486	48	29	19
ENSG00000228437	0	0	0
ENSG00000214837	0	0	0
ENSG00000057252	143	72	71
ENSG00000225982	4	1	3
ENSG00000285718	0	0	0
ENSG00000234070	0	0	1
ENSG00000233620	0	0	0
ENSG00000237783	0	0	0
ENSG00000272906	0	0	0
ENSG00000233018	0	0	0
ENSG00000123685	0	0	0
ENSG00000224783	0	0	0
ENSG00000162852	168	90	78
ENSG00000232792	0	0	0
ENSG00000273004	15	3	12
ENSG00000143842	40	27	13
ENSG00000268062	0	0	0
ENSG00000237409	0	0	0
ENSG00000116962	11	7	4
ENSG00000288078	0	0	0
ENSG00000271399	0	0	0
ENSG00000229757	0	0	0
ENSG00000232679	0	0	0
ENSG00000159388	216	105	111
ENSG00000220749	11	7	4
ENSG00000181450	19	11	8
ENSG00000223519	0	3	3
ENSG00000120333	102	63	73
ENSG00000286285	0	0	0
ENSG00000225300	4	3	1
ENSG00000223842	0	0	0
ENSG00000162753	0	0	0
ENSG00000228247	0	0	0
ENSG00000231424	4	2	2
ENSG00000143355	0	0	0
ENSG00000287177	0	0	0
ENSG00000237193	0	0	0
ENSG00000223490	0	0	0
ENSG00000121644	59	22	37
ENSG00000174502	0	0	0
ENSG00000224286	0	0	0
ENSG00000158715	8	3	5
ENSG00000143195	0	0	0
ENSG00000162849	0	0	0
ENSG00000232824	0	0	0
ENSG00000273416	0	0	0
ENSG00000234142	0	0	0
ENSG00000282111	0	0	0
ENSG00000233410	0	0	0
ENSG00000067533	33	18	15
ENSG00000228955	0	0	0
ENSG00000270443	0	0	0
ENSG00000116209	1197	640	557
ENSG00000224702	0	0	0
ENSG00000271811	0	0	0
ENSG00000224278	0	0	0
ENSG00000235492	0	0	0
ENSG00000287808	0	0	1
ENSG00000271588	0	0	0
ENSG00000229840	0	0	0
ENSG00000116161	79	60	53
ENSG00000226486	0	0	0
ENSG00000227687	0	0	0
ENSG00000231814	0	0	0
ENSG00000286210	0	0	0
ENSG00000287364	0	0	0
ENSG00000225063	0	0	0
ENSG00000260698	0	0	0
ENSG00000277007	8	1	7
ENSG00000229016	0	0	0
ENSG00000077157	198	102	96
ENSG00000152104	4	1	3
ENSG00000236975	0	0	0
ENSG00000215834	0	0	0
ENSG00000286541	0	0	0
ENSG00000117650	0	0	0
ENSG00000235021	0	0	0
ENSG00000203724	0	0	0
ENSG00000225006	0	0	0
ENSG00000287633	0	0	0
ENSG00000158764	0	0	0
ENSG00000223375	0	0	0
ENSG00000230714	0	0	0
ENSG00000261065	0	0	0
ENSG00000260855	0	0	0
ENSG00000188783	12	4	8
ENSG00000236206	0	0	0
ENSG00000168118	125	61	64
ENSG00000181101	0	0	0
ENSG00000173726	390	208	182
ENSG00000282852	0	0	0
ENSG00000152382	25	15	16
ENSG00000143839	0	0	0
ENSG00000232100	0	0	0
ENSG00000261024	0	0	0
ENSG00000230547	0	0	0
ENSG00000229703	0	0	0
ENSG00000176754	0	0	0
ENSG00000232309	0	0	0
ENSG00000227953	5	4	7
ENSG00000232215	0	0	0
ENSG00000135829	287	141	147
ENSG00000228289	0	0	0
ENSG00000134717	95	43	52
ENSG00000232989	0	0	0
ENSG00000233537	0	0	0
ENSG00000116668	56	33	23
ENSG00000143756	172	87	85
ENSG00000278180	0	0	0
ENSG00000143702	53	32	32
ENSG00000232341	0	0	0
ENSG00000287676	0	0	0
ENSG00000236792	0	0	0
ENSG00000143207	102	61	41
ENSG00000270859	0	0	0
ENSG00000238224	0	0	0
ENSG00000286775	0	0	0
ENSG00000122176	367	171	196
ENSG00000229120	0	0	0
ENSG00000237492	0	0	0
ENSG00000230404	0	0	0
ENSG00000213036	0	0	0
ENSG00000227230	0	4	3
ENSG00000236230	0	0	0
ENSG00000026751	262	125	137
ENSG00000150681	0	0	0
ENSG00000116906	74	33	41
ENSG00000092969	0	0	0
ENSG00000157181	53	25	28
ENSG00000250762	0	0	0
ENSG00000236720	0	0	0
ENSG00000227421	0	0	0
ENSG00000227240	1	1	0
ENSG00000076258	17	6	11
ENSG00000286073	0	0	0
ENSG00000231084	0	0	0
ENSG00000232085	0	3	1
ENSG00000117697	64	26	38
ENSG00000279333	0	0	0
ENSG00000235083	0	0	0
ENSG00000162669	0	0	0
ENSG00000197067	0	0	0
ENSG00000229652	0	0	0
ENSG00000132681	0	0	0
ENSG00000225904	0	0	0
ENSG00000270920	0	0	0
ENSG00000281664	0	0	0
ENSG00000143641	64	118	112
ENSG00000227630	51	20	31
ENSG00000228830	0	47	36
ENSG00000010932	2	1	1
ENSG00000282849	0	0	0
ENSG00000276520	0	2	1
ENSG00000226640	11	6	5
ENSG00000010072	10	4	6
ENSG00000135766	0	0	0
ENSG00000232626	0	0	0
ENSG00000232096	0	0	0
ENSG00000279261	0	0	0
ENSG00000213051	0	0	0
ENSG00000238054	0	0	0
ENSG00000163534	2	2	0
ENSG00000168243	56	30	26
ENSG00000281453	0	0	0
ENSG00000237469	0	0	0
ENSG00000224939	0	0	0
ENSG00000227613	0	0	0
ENSG00000116183	0	0	0
ENSG00000270106	0	0	0
ENSG00000232194	0	0	0
ENSG00000235152	0	0	0
ENSG00000231612	0	0	0
ENSG00000237980	0	0	0
ENSG00000271036	0	0	0
ENSG00000230849	0	0	0
ENSG00000170382	85	36	49
ENSG00000228664	0	0	0
ENSG00000226868	0	0	0
ENSG00000279401	0	0	0
ENSG00000272362	0	0	0
ENSG00000287450	0	0	0
ENSG00000237011	0	0	0
ENSG00000233583	0	0	0
ENSG00000066027	227	117	110
ENSG00000286263	0	0	0
ENSG00000227006	0	0	0
ENSG00000236372	0	0	0
ENSG00000224525	0	0	0
ENSG00000188770	0	0	0
ENSG00000173728	0	0	0
ENSG00000094975	95	58	37
ENSG00000225811	0	1	0
ENSG00000273093	0	0	0
ENSG00000162772	73	35	38
ENSG00000227818	0	0	0
ENSG00000135828	74	35	39
ENSG00000224227	0	0	0
ENSG00000286398	0	0	0
ENSG00000076356	231	106	125
ENSG00000215819	0	0	0
ENSG00000185523	0	0	0
ENSG00000236108	0	0	0
ENSG00000116711	0	0	0
ENSG00000231684	0	0	0
ENSG00000226750	0	0	0
ENSG00000285665	0	0	0
ENSG00000231022	0	0	0
ENSG00000224436	0	0	0
ENSG00000228208	0	0	0
ENSG00000273384	0	0	0
ENSG00000238061	0	0	0
ENSG00000234915	0	0	0
ENSG00000143845	0	0	0
ENSG00000235862	0	0	0
ENSG00000069812	24	11	13
ENSG00000227585	0	0	0
ENSG00000157060	0	0	0
ENSG00000237213	0	0	0
ENSG00000236439	3	2	1
ENSG00000224260	0	0	0
ENSG00000213045	0	0	0
ENSG00000287220	24	11	13
ENSG00000230063	0	0	0
ENSG00000235467	0	0	0
ENSG00000123684	42	21	21
ENSG00000117707	70	30	40
ENSG00000228044	0	0	0
ENSG00000225338	6	4	2
ENSG00000224407	0	74	92
ENSG00000232463	0	0	0
ENSG00000237457	0	3	1
ENSG00000225171	10	7	3
ENSG00000226843	0	0	0
ENSG00000235386	0	0	0
ENSG00000123836	104	51	55
ENSG00000213690	0	0	0
ENSG00000223982	0	0	0
ENSG00000229832	0	0	0
ENSG00000117691	76	37	39
ENSG00000225233	0	0	0
ENSG00000274895	1	1	0
ENSG00000237514	0	0	0
ENSG00000287856	0	0	0
ENSG00000228067	0	0	0
ENSG00000284299	0	0	0
ENSG00000226375	0	0	0
ENSG00000203705	29	13	16
ENSG00000224040	0	0	0
ENSG00000228686	15	5	10
ENSG00000279838	57	28	29
ENSG00000174175	0	0	0
ENSG00000236401	0	0	0
ENSG00000241475	0	0	0
ENSG00000215800	0	0	0
ENSG00000286421	0	0	0
ENSG00000270936	0	0	0
ENSG00000008118	0	0	0
ENSG00000171161	28	9	19
ENSG00000241505	0	0	0
ENSG00000224535	0	0	0
ENSG00000282097	0	0	0
ENSG00000261453	0	0	0
ENSG00000231020	0	0	0
ENSG00000270818	0	0	0
ENSG00000196878	97	46	51
ENSG00000133059	26	10	16
ENSG00000225561	0	0	0
ENSG00000224668	0	0	0
ENSG00000242529	0	0	0
ENSG00000074964	316	154	162
ENSG00000223847	0	0	0
ENSG00000277704	0	0	0
ENSG00000116918	20	7	13
ENSG00000274020	19	11	8
ENSG00000287445	0	0	0
ENSG00000259815	0	0	0
ENSG00000240963	0	0	0
ENSG00000226570	0	0	0
ENSG00000198929	65	32	33
ENSG00000272167	0	0	0
ENSG00000230628	0	0	0
ENSG00000162771	0	0	0
ENSG00000227579	0	0	0
ENSG00000176393	157	98	101
ENSG00000174606	20	10	10
ENSG00000179914	2902	1385	1517
ENSG00000235750	59	25	34
ENSG00000284376	0	0	0
ENSG00000121446	0	0	0
ENSG00000226758	0	0	0
ENSG00000230199	0	0	0
ENSG00000236905	0	0	0
ENSG00000233304	0	0	0
ENSG00000288007	0	0	0
ENSG00000227887	0	0	0
ENSG00000116903	12	7	5
ENSG00000228255	0	0	0
ENSG00000226196	0	0	0
ENSG00000287354	0	0	0
ENSG00000233827	0	0	0
ENSG00000198797	0	0	0
ENSG00000271746	7	4	3
ENSG00000234233	0	0	0
ENSG00000151414	70	29	41
ENSG00000177614	17	6	11
ENSG00000223794	0	0	0
ENSG00000235182	0	0	1
ENSG00000213041	0	0	0
ENSG00000287157	0	0	0
ENSG00000233920	0	0	0
ENSG00000183831	0	0	0
ENSG00000225755	0	0	0
ENSG00000143858	24	12	12
ENSG00000197472	2	1	1
ENSG00000230184	7	2	5
ENSG00000234004	0	0	0
ENSG00000232436	0	0	0
ENSG00000231718	0	0	0
ENSG00000283952	0	0	0
ENSG00000230019	0	0	0
ENSG00000136643	46	24	22
ENSG00000232537	0	0	0
ENSG00000226036	0	0	0
ENSG00000285521	0	0	0
ENSG00000236317	0	0	0
ENSG00000176855	0	0	0
ENSG00000227728	0	0	0
ENSG00000133069	2	1	1
ENSG00000162877	0	0	0
ENSG00000233461	5	3	3
ENSG00000225401	0	0	0
ENSG00000228190	0	0	0
ENSG00000135747	0	0	0
ENSG00000227237	0	0	0
ENSG00000069248	34	20	14
ENSG00000232812	0	0	0
ENSG00000231666	0	0	0
ENSG00000226986	0	0	0
ENSG00000242042	0	0	0
ENSG00000234464	0	0	0
ENSG00000253148	0	0	0
ENSG00000227751	0	9	5
ENSG00000090104	28	13	15
ENSG00000285280	0	0	0
ENSG00000232892	0	0	0
ENSG00000236950	0	0	0
ENSG00000236468	0	0	0
ENSG00000143322	69	37	32
ENSG00000185220	13	6	7
ENSG00000226003	0	0	0
ENSG00000230813	0	0	0
ENSG00000226862	9	6	3
ENSG00000236101	0	0	0
ENSG00000162769	27	13	14
ENSG00000133065	2	1	1
ENSG00000278684	0	0	0
ENSG00000236775	0	0	0
ENSG00000042781	0	0	0
ENSG00000234754	0	0	0
ENSG00000233084	0	0	0
ENSG00000227815	0	0	0
ENSG00000287046	0	0	0
ENSG00000223774	0	0	0
ENSG00000228863	0	6	4
ENSG00000228646	0	0	0
ENSG00000229112	0	0	0
ENSG00000233332	0	0	0
ENSG00000231984	0	0	0
ENSG00000286213	0	0	0
ENSG00000226876	0	0	0
ENSG00000277462	0	0	0
ENSG00000225591	1	0	1
ENSG00000035687	41	18	23
ENSG00000213080	0	0	0
ENSG00000180287	0	0	0
ENSG00000226693	0	0	0
ENSG00000234678	35	44	34
ENSG00000231272	0	0	0
ENSG00000223828	0	0	0
ENSG00000163431	0	0	0
ENSG00000230124	34	38	27
ENSG00000226723	0	0	0
ENSG00000272672	1	1	0
ENSG00000143473	0	0	0
ENSG00000228982	0	0	0
ENSG00000235096	0	0	0
ENSG00000237250	0	0	0
ENSG00000007341	31	20	25
ENSG00000286747	0	0	0
ENSG00000236069	0	0	0
ENSG00000236244	0	0	0
ENSG00000272865	0	0	0
ENSG00000117222	56	30	26
ENSG00000143324	57	27	30
ENSG00000229871	0	0	0
ENSG00000225222	0	0	0
ENSG00000118193	13	8	5
ENSG00000234116	0	0	0
ENSG00000231940	0	0	0
ENSG00000198842	0	0	0
ENSG00000286619	0	0	0
ENSG00000198756	14	9	5
ENSG00000259823	2870	1487	1383
ENSG00000271558	0	0	0
ENSG00000227554	0	0	0
ENSG00000178596	0	0	0
ENSG00000135749	11	6	6
ENSG00000143786	5	4	1
ENSG00000224584	0	0	0
ENSG00000054282	24	12	18
ENSG00000183780	0	0	0
ENSG00000229663	0	0	0
ENSG00000162702	109	59	50
ENSG00000251508	0	0	0
ENSG00000238272	0	0	0
ENSG00000228530	0	0	0
ENSG00000235060	0	0	0
ENSG00000143194	9	3	6
ENSG00000229531	2	0	2
ENSG00000271329	0	0	0
ENSG00000054267	434	210	224
ENSG00000261831	0	0	0
ENSG00000287921	0	0	0
ENSG00000177800	0	0	0
ENSG00000225620	0	0	0
ENSG00000232166	0	0	0
ENSG00000175137	22	11	11
ENSG00000134245	5	10	9
ENSG00000234041	0	0	0
ENSG00000227373	0	0	0
ENSG00000231905	0	0	0
ENSG00000228175	5	2	3
ENSG00000069275	1349	645	704
ENSG00000143674	84	40	44
ENSG00000237317	0	0	0
ENSG00000187889	10	5	5
ENSG00000134375	47	23	24
ENSG00000097046	0	0	0
ENSG00000232113	0	0	0
ENSG00000282718	0	0	0
ENSG00000231378	0	0	0
ENSG00000235605	0	0	0
ENSG00000223525	0	0	0
ENSG00000224857	0	0	0
ENSG00000273367	0	0	0
ENSG00000230604	12	5	7
ENSG00000231605	1	0	1
ENSG00000236358	0	0	0
ENSG00000203737	0	0	0
ENSG00000238003	0	0	0
ENSG00000215873	0	0	0
ENSG00000287008	0	0	0
ENSG00000185420	20	12	8
ENSG00000076321	101	51	50
ENSG00000272175	0	0	0
ENSG00000231564	0	0	0
ENSG00000135778	67	34	34
ENSG00000213070	0	0	0
ENSG00000282265	0	0	0
ENSG00000250536	0	0	0
ENSG00000229747	0	0	0
ENSG00000117280	6	3	3
ENSG00000233985	2	1	1
ENSG00000232175	0	0	0
ENSG00000287423	0	0	0
ENSG00000286774	0	0	0
ENSG00000236719	0	0	0
ENSG00000136636	62	28	34
ENSG00000225486	0	0	0
ENSG00000227043	0	0	0
ENSG00000163874	40	20	20
ENSG00000285777	0	0	0
ENSG00000237249	7	3	4
ENSG00000286109	0	0	0
ENSG00000213068	0	0	0
ENSG00000054392	7	3	4
ENSG00000227994	0	0	0
ENSG00000286552	0	0	0
ENSG00000225711	0	0	0
ENSG00000122223	11	7	4
ENSG00000235869	0	0	0
ENSG00000188739	0	0	0
ENSG00000286666	0	0	0
ENSG00000135750	328	171	157
ENSG00000273198	0	0	0
ENSG00000203730	0	0	0
ENSG00000225719	0	0	0
ENSG00000273483	11	6	5
ENSG00000287987	0	0	0
ENSG00000203729	0	0	0
ENSG00000232809	0	0	0
ENSG00000284623	0	0	0
ENSG00000285981	0	0	0
ENSG00000261729	7	5	2
ENSG00000223869	0	0	0
ENSG00000229228	0	0	0
ENSG00000215796	0	0	0
ENSG00000185221	0	0	0
ENSG00000233047	0	0	0
ENSG00000143341	13	7	6
ENSG00000228309	0	0	0
ENSG00000229739	16	9	7
ENSG00000116703	6	4	2
ENSG00000273874	0	0	0
ENSG00000278791	0	392	439
ENSG00000278757	0	0	0
ENSG00000264341	0	0	0
ENSG00000264101	0	0	0
ENSG00000265141	0	0	0
ENSG00000221083	0	0	0
ENSG00000252404	0	0	0
ENSG00000222511	5	5	0
ENSG00000265392	0	0	0
ENSG00000243267	0	0	0
ENSG00000201725	0	0	0
ENSG00000274258	0	0	0
ENSG00000239149	0	0	0
ENSG00000252151	0	0	0
ENSG00000252969	0	0	0
ENSG00000252417	0	0	0
ENSG00000200975	0	0	0
ENSG00000201609	0	0	0
ENSG00000238482	0	0	0
ENSG00000252956	0	0	0
ENSG00000265606	0	0	0
ENSG00000284357	0	0	0
ENSG00000278034	0	0	0
ENSG00000207237	0	0	0
ENSG00000222784	0	0	0
ENSG00000266210	0	0	0
ENSG00000265961	0	0	0
ENSG00000251866	0	0	0
ENSG00000252691	0	0	0
ENSG00000264371	0	0	0
ENSG00000253005	0	0	0
ENSG00000238316	0	0	0
ENSG00000207941	0	0	0
ENSG00000264773	0	0	0
ENSG00000252448	0	0	0
ENSG00000200421	0	0	0
ENSG00000222282	0	0	0
ENSG00000199963	0	0	0
ENSG00000264698	0	0	0
ENSG00000207328	0	0	0
ENSG00000207466	0	0	0
ENSG00000252368	0	0	0
ENSG00000206779	0	0	0
ENSG00000265596	0	0	0
ENSG00000212541	0	0	0
ENSG00000200796	0	0	0
ENSG00000252190	0	0	0
ENSG00000264613	0	0	0
ENSG00000199240	0	0	0
ENSG00000277168	0	0	0
ENSG00000283724	0	0	0
ENSG00000284410	0	0	0
ENSG00000252018	0	0	0
ENSG00000206627	0	0	0
ENSG00000283414	0	0	0
ENSG00000207508	0	0	0
ENSG00000200171	0	0	0
ENSG00000207194	0	0	0
ENSG00000283477	0	0	0
ENSG00000264834	0	0	0
ENSG00000263675	0	0	0
ENSG00000266188	0	0	0
ENSG00000206981	0	0	0
ENSG00000200174	0	0	0
ENSG00000265822	0	0	0
ENSG00000265815	0	0	0
ENSG00000238653	0	0	0
ENSG00000212624	0	0	0
ENSG00000200575	0	0	0
ENSG00000212360	0	0	0
ENSG00000242860	0	0	0
ENSG00000263908	0	0	0
ENSG00000283690	0	0	0
ENSG00000199921	0	0	0
ENSG00000251825	0	0	0
ENSG00000201153	0	0	0
ENSG00000222624	0	0	0
ENSG00000223152	0	0	0
ENSG00000212308	0	0	0
ENSG00000279049	0	0	0
ENSG00000276081	0	0	0
ENSG00000239640	0	0	0
ENSG00000252338	0	0	0
ENSG00000251785	0	0	0
ENSG00000239319	0	0	0
ENSG00000222849	0	0	0
ENSG00000283749	0	0	0
ENSG00000251958	0	0	0
ENSG00000251767	0	0	0
ENSG00000243437	0	0	0
ENSG00000202263	0	0	0
ENSG00000199318	0	0	0
ENSG00000199666	0	0	0
ENSG00000200601	0	0	0
ENSG00000242482	0	0	0
ENSG00000212366	0	0	0
ENSG00000201620	0	0	0
ENSG00000206817	0	0	0
ENSG00000284247	0	0	0
ENSG00000200839	0	0	0
ENSG00000264963	0	0	0
ENSG00000264271	0	0	0
ENSG00000239504	0	0	0
ENSG00000284202	0	0	0
ENSG00000251720	0	0	0
ENSG00000274321	0	0	0
ENSG00000198974	0	0	0
ENSG00000212248	0	0	0
ENSG00000207962	0	0	0
ENSG00000276884	0	0	0
ENSG00000207234	3	2	1
ENSG00000202259	0	0	0
ENSG00000212459	0	0	0
ENSG00000278287	0	0	0
ENSG00000277565	0	0	0
ENSG00000263526	0	0	0
ENSG00000211575	0	0	0
ENSG00000275823	0	0	0
ENSG00000277689	0	0	0
ENSG00000274199	0	0	0
ENSG00000202254	0	0	0
ENSG00000244256	0	0	0
ENSG00000201491	0	0	0
ENSG00000199831	0	0	0
ENSG00000275455	0	0	0
ENSG00000252162	0	0	0
ENSG00000272051	0	0	0
ENSG00000283899	0	0	0
ENSG00000200800	0	0	0
ENSG00000207502	0	0	0
ENSG00000252530	0	0	0
ENSG00000200536	0	0	0
ENSG00000211543	5	1	4
ENSG00000252797	0	0	0
ENSG00000212266	0	0	0
ENSG00000222209	0	0	0
ENSG00000277141	0	0	0
ENSG00000215930	0	0	0
ENSG00000238761	0	0	0
ENSG00000201114	0	0	0
ENSG00000206679	2	0	2
ENSG00000264419	1	1	0
ENSG00000222069	0	0	0
ENSG00000274428	0	0	0
ENSG00000199879	0	0	0
ENSG00000274408	0	0	0
ENSG00000283676	0	0	0
ENSG00000252005	0	0	0
ENSG00000252510	0	0	0
ENSG00000207340	0	0	0
ENSG00000252830	0	0	0
ENSG00000274450	0	0	0
ENSG00000252135	0	0	0
ENSG00000278596	0	0	0
ENSG00000238825	0	0	0
ENSG00000201183	0	0	0
ENSG00000202408	0	0	0
ENSG00000252744	0	0	0
ENSG00000273768	0	0	0
ENSG00000242565	0	0	0
ENSG00000239984	0	0	0
ENSG00000283296	0	0	0
ENSG00000252717	0	0	0
ENSG00000194297	0	0	0
ENSG00000199565	0	0	0
ENSG00000277313	0	0	0
ENSG00000274940	0	0	0
ENSG00000207341	0	0	0
ENSG00000207472	0	0	0
ENSG00000206880	0	0	0
ENSG00000252552	0	0	0
ENSG00000199849	0	0	0
ENSG00000252407	0	0	0
ENSG00000212538	0	0	0
ENSG00000251813	0	0	0
ENSG00000207108	0	0	0
ENSG00000201312	0	0	0
ENSG00000207039	0	0	0
ENSG00000202491	0	0	0
ENSG00000201596	0	0	0
ENSG00000276839	0	0	0
ENSG00000207974	0	0	0
ENSG00000273629	0	0	0
ENSG00000201493	0	0	0
ENSG00000215952	0	0	0
ENSG00000200139	0	0	0
ENSG00000283575	0	0	0
ENSG00000238765	0	0	0
ENSG00000264916	0	0	0
ENSG00000212338	0	0	0
ENSG00000206659	13	6	7
ENSG00000253025	0	0	0
ENSG00000201619	0	0	0
ENSG00000201544	0	0	0
ENSG00000202498	0	0	0
ENSG00000221545	0	0	0
ENSG00000252906	0	0	0
ENSG00000206692	0	0	0
ENSG00000202329	0	0	0
ENSG00000242794	0	0	0
ENSG00000212144	0	0	0
ENSG00000283340	0	0	0
ENSG00000252860	0	0	0
ENSG00000252501	0	0	0
ENSG00000263390	0	0	0
ENSG00000207181	0	0	0
ENSG00000265744	0	0	0
ENSG00000264377	0	0	0
ENSG00000207149	0	0	0
ENSG00000283936	0	0	0
ENSG00000284485	0	0	0
ENSG00000201638	0	0	0
ENSG00000275213	0	0	0
ENSG00000239494	0	0	0
ENSG00000212230	0	0	0
ENSG00000252371	0	0	0
ENSG00000199442	0	0	0
ENSG00000200033	0	0	0
ENSG00000239690	0	0	0
ENSG00000202184	0	0	0
ENSG00000241395	0	0	0
ENSG00000200982	0	0	0
ENSG00000275207	0	0	0
ENSG00000202300	0	0	0
ENSG00000222407	0	0	0
ENSG00000222986	0	0	0
ENSG00000265435	0	0	0
ENSG00000272262	0	0	0
ENSG00000200495	0	0	0
ENSG00000202609	0	0	0
ENSG00000252553	0	0	0
ENSG00000206764	0	0	0
ENSG00000222240	0	0	0
ENSG00000212187	0	0	0
ENSG00000206637	0	0	0
ENSG00000253097	0	0	0
ENSG00000200036	0	0	0
ENSG00000201421	0	0	0
ENSG00000212610	0	0	0
ENSG00000252484	0	0	0
ENSG00000201944	0	0	0
ENSG00000200327	0	0	0
ENSG00000206905	0	0	0
ENSG00000200972	0	0	0
ENSG00000243051	0	0	0
ENSG00000252011	0	0	0
ENSG00000207326	0	0	0
ENSG00000212205	0	0	0
ENSG00000253042	14	6	8
ENSG00000274121	0	0	0
ENSG00000264358	0	0	0
ENSG00000206640	0	0	0
ENSG00000212527	0	0	0
ENSG00000252879	0	0	0
ENSG00000252612	0	0	0
ENSG00000202264	0	0	0
ENSG00000285609	0	0	0
ENSG00000206762	0	0	0
ENSG00000252084	0	0	0
ENSG00000200085	0	0	0
ENSG00000264500	0	0	0
ENSG00000202025	0	0	0
ENSG00000225545	0	0	0
ENSG00000206990	0	0	0
ENSG00000230175	0	0	0
ENSG00000225272	0	0	0
ENSG00000215838	0	0	0
ENSG00000273365	0	0	0
ENSG00000224358	1	0	1
ENSG00000230659	0	0	0
ENSG00000162545	1222	592	630
ENSG00000090432	20	5	15
ENSG00000215520	0	0	0
ENSG00000183114	2	1	1
ENSG00000158825	68	34	34
ENSG00000158828	12	81	103
ENSG00000284005	0	0	0
ENSG00000117242	7	94	74
ENSG00000234473	0	0	0
ENSG00000238754	0	0	0
ENSG00000134371	88	39	49
ENSG00000221680	0	0	0
ENSG00000162630	4	2	2
ENSG00000276735	0	0	0
ENSG00000232077	0	0	0
ENSG00000229639	0	0	0
ENSG00000287453	0	0	0
ENSG00000270615	0	0	0
ENSG00000287283	0	0	0
ENSG00000240692	0	0	0
ENSG00000229359	0	0	0
ENSG00000237919	0	0	0
ENSG00000066557	30	18	12
ENSG00000244389	0	0	0
ENSG00000228988	0	0	0
ENSG00000118454	47	27	20
ENSG00000226088	0	0	0
ENSG00000116761	1	1	0
ENSG00000278636	0	0	0
ENSG00000271992	0	0	0
ENSG00000233020	0	0	0
ENSG00000237033	0	0	0
ENSG00000226208	0	0	0
ENSG00000007968	10	6	4
ENSG00000235052	13	9	4
ENSG00000117318	247	117	130
ENSG00000285802	0	0	0
ENSG00000229239	0	0	0
ENSG00000142676	6048	2925	3123
ENSG00000057757	27	14	13
ENSG00000011009	89	58	31
ENSG00000117308	81	44	37
ENSG00000273844	0	0	0
ENSG00000235748	0	0	0
ENSG00000237861	0	0	0
ENSG00000221879	0	0	0
ENSG00000230260	0	0	0
ENSG00000199241	0	0	0
ENSG00000226919	0	0	0
ENSG00000223963	0	0	0
ENSG00000215802	0	0	0
ENSG00000233615	0	0	0
ENSG00000238085	0	0	0
ENSG00000265831	0	0	0
ENSG00000224348	0	0	0
ENSG00000286496	0	0	0
ENSG00000287516	0	0	0
ENSG00000287738	0	0	0
ENSG00000132703	0	0	0
ENSG00000276632	0	0	0
ENSG00000223603	0	0	0
ENSG00000132693	0	0	0
ENSG00000235226	0	0	0
ENSG00000158716	22	2	20
ENSG00000181036	0	0	0
ENSG00000158714	0	7	4
ENSG00000212161	0	0	0
ENSG00000243284	0	0	0
ENSG00000272668	4	1	3
ENSG00000213085	0	0	0
ENSG00000266458	0	0	0
ENSG00000287040	0	0	0
ENSG00000279430	0	0	0
ENSG00000162723	0	0	0
ENSG00000273933	0	0	0
ENSG00000256029	0	4	7
ENSG00000188004	0	0	0
ENSG00000266580	0	0	0
ENSG00000254545	0	0	0
ENSG00000203620	0	0	0
ENSG00000269967	8	5	3
ENSG00000228634	0	0	0
ENSG00000284702	0	0	0
ENSG00000221040	0	0	0
ENSG00000287217	0	0	0
ENSG00000163399	160	1412	1484
ENSG00000212385	0	0	0
ENSG00000233154	4	1	3
ENSG00000230381	0	0	0
ENSG00000200547	0	0	0
ENSG00000224950	2	5	3
ENSG00000286276	0	2	4
ENSG00000177888	11	6	5
ENSG00000243364	3	3	0
ENSG00000251246	0	0	0
ENSG00000143590	22	10	12
ENSG00000202027	0	0	0
ENSG00000169242	310	161	149
ENSG00000169241	317	178	139
ENSG00000223452	0	0	0
ENSG00000163463	12	6	6
ENSG00000273088	0	0	0
ENSG00000284586	0	0	0
ENSG00000169231	1	1	4
ENSG00000236263	0	0	0
ENSG00000236675	0	0	0
ENSG00000177628	83	45	38
ENSG00000116521	46	19	27
ENSG00000176444	155	82	73
ENSG00000143630	8	13	7
ENSG00000143627	0	3	9
ENSG00000253074	0	0	0
ENSG00000252116	0	0	0
ENSG00000228523	0	0	0
ENSG00000223263	15	12	3
ENSG00000207504	0	0	0
ENSG00000238139	0	0	0
ENSG00000197721	0	0	0
ENSG00000244703	0	0	0
ENSG00000226289	0	0	0
ENSG00000285239	0	0	0
ENSG00000234219	11	5	6
ENSG00000174059	14	5	9
ENSG00000285719	0	0	0
ENSG00000284237	1	0	1
ENSG00000158731	0	0	0
ENSG00000201746	0	0	0
ENSG00000264881	0	0	0
ENSG00000199562	0	0	0
ENSG00000264501	0	0	0
ENSG00000284735	3	2	1
ENSG00000284642	2	1	1
ENSG00000142657	64	32	32
ENSG00000271989	0	3	0
ENSG00000251503	0	0	0
ENSG00000175279	1	0	1
ENSG00000160049	59	28	37
ENSG00000203469	0	3	3
ENSG00000236035	0	0	0
ENSG00000221643	0	0	0
ENSG00000122188	31	10	21
ENSG00000288644	0	0	0
ENSG00000227417	0	0	0
ENSG00000223505	0	0	0
ENSG00000182004	211	106	105
ENSG00000236430	0	0	0
ENSG00000130768	6	4	10
ENSG00000227050	0	5	3
ENSG00000238231	0	0	0
ENSG00000240750	0	0	0
ENSG00000158156	30	12	18
ENSG00000182118	16	8	8
ENSG00000283799	0	0	0
ENSG00000227934	0	0	0
ENSG00000229595	0	0	0
ENSG00000143633	54	23	31
ENSG00000281912	0	0	0
ENSG00000288208	0	0	0
ENSG00000132773	3	9	4
ENSG00000070759	7	9	6
ENSG00000236872	0	0	0
ENSG00000280670	2	2	0
ENSG00000132763	50	133	146
ENSG00000221953	0	0	0
ENSG00000226164	0	0	0
ENSG00000224014	0	0	0
ENSG00000215795	0	0	0
ENSG00000259865	20	13	7
ENSG00000227671	67	36	31
ENSG00000283881	0	0	0
ENSG00000252516	0	0	0
ENSG00000232347	0	0	0
ENSG00000214144	0	0	0
ENSG00000235818	0	0	0
ENSG00000197617	0	0	0
ENSG00000202079	6	4	2
ENSG00000286216	0	0	0
ENSG00000203664	0	0	0
ENSG00000169224	1	1	0
ENSG00000236817	0	0	0
ENSG00000177489	0	0	0
ENSG00000177476	0	0	0
ENSG00000283369	0	0	0
ENSG00000230411	0	0	0
ENSG00000251977	0	0	0
ENSG00000252254	0	0	0
ENSG00000227854	0	0	0
ENSG00000287589	0	0	0
ENSG00000259776	0	0	0
ENSG00000233355	8	3	5
ENSG00000234601	0	0	0
ENSG00000231979	0	0	0
ENSG00000215805	0	0	0
ENSG00000287102	0	0	0
ENSG00000217327	0	0	0
ENSG00000228818	0	0	0
ENSG00000202041	0	0	0
ENSG00000223694	0	0	0
ENSG00000233735	0	0	0
ENSG00000133019	10	6	4
ENSG00000162636	108	48	60
ENSG00000162639	2	1	1
ENSG00000285923	0	0	0
ENSG00000134186	466	252	215
ENSG00000143107	0	0	0
ENSG00000232971	0	0	0
ENSG00000116266	87	40	47
ENSG00000228076	0	0	0
ENSG00000203897	0	0	0
ENSG00000237349	0	0	0
ENSG00000244716	33	14	19
ENSG00000228665	0	0	0
ENSG00000228054	0	0	0
ENSG00000273382	30	16	18
ENSG00000215717	63	28	39
ENSG00000278249	0	0	0
ENSG00000270066	0	0	0
ENSG00000251484	0	0	0
ENSG00000132676	106	73	72
ENSG00000227673	0	0	0
ENSG00000203761	0	0	0
ENSG00000234937	0	0	0
ENSG00000132718	11	7	4
ENSG00000283442	0	0	0
ENSG00000143622	21	6	15
ENSG00000132680	148	71	77
ENSG00000207475	0	0	0
ENSG00000280466	0	0	0
ENSG00000281394	0	0	0
ENSG00000277817	0	0	0
ENSG00000273002	10	4	6
ENSG00000224276	0	0	0
ENSG00000285677	0	72	65
ENSG00000163479	204	180	161
ENSG00000160803	46	15	31
ENSG00000132698	201	107	94
ENSG00000252236	0	0	0
ENSG00000260238	0	0	0
ENSG00000242252	0	0	0
ENSG00000198952	94	47	47
ENSG00000163472	4	11	23
ENSG00000163468	98	46	52
ENSG00000132677	0	0	0
ENSG00000237390	2	1	1
ENSG00000207933	0	0	0
ENSG00000254726	8	3	5
ENSG00000186377	17	5	12
ENSG00000186160	0	0	0
ENSG00000225154	0	0	0
ENSG00000225506	9	2	7
ENSG00000225514	0	0	0
ENSG00000224805	0	0	0
ENSG00000162366	141	73	68
ENSG00000226252	0	0	0
ENSG00000225762	10	4	6
ENSG00000186790	0	0	0
ENSG00000237424	23	13	10
ENSG00000189030	0	0	0
ENSG00000162763	0	0	0
ENSG00000143061	102	59	43
ENSG00000135821	955	503	452
ENSG00000203740	0	0	0
ENSG00000162374	0	0	0
ENSG00000168275	98	47	56
ENSG00000241563	0	0	0
ENSG00000153207	175	92	83
ENSG00000156869	47	20	27
ENSG00000033122	6	2	4
ENSG00000143278	0	0	0
ENSG00000116678	0	0	0
ENSG00000159352	99	50	49
ENSG00000158710	219	111	108
ENSG00000162734	131	97	100
ENSG00000049239	83	37	46
ENSG00000186564	50	22	28
ENSG00000244038	44	24	20
ENSG00000158747	336	177	159
ENSG00000116690	3	21	12
ENSG00000126091	0	0	0
ENSG00000162383	12	4	8
ENSG00000171163	79	41	38
ENSG00000172456	40	22	18
ENSG00000162946	12	4	8
ENSG00000158786	0	0	0
ENSG00000118733	0	0	0
ENSG00000157870	124	100	115
ENSG00000179085	99	58	41
ENSG00000173080	1	0	1
ENSG00000183347	0	0	0
ENSG00000276470	0	0	0
ENSG00000278852	0	0	0
ENSG00000275915	0	0	0
ENSG00000120937	0	0	0
ENSG00000224904	0	0	0
ENSG00000285646	36	20	16
ENSG00000199347	0	0	0
ENSG00000201801	0	0	0
ENSG00000116685	389	188	201
ENSG00000083444	69	33	36
ENSG00000287384	0	0	0
ENSG00000270914	0	0	0
ENSG00000116691	36	17	19
ENSG00000202461	0	0	0
ENSG00000276869	0	0	0
ENSG00000243539	10	5	5
ENSG00000120949	0	0	0
ENSG00000201135	0	0	0
ENSG00000227875	0	0	0
ENSG00000285604	0	0	0
ENSG00000283789	0	0	0
ENSG00000263676	0	0	0
ENSG00000200591	2	0	2
ENSG00000162521	65	123	106
ENSG00000162520	0	81	83
ENSG00000224409	0	0	0
ENSG00000162522	221	123	98
ENSG00000116497	85	43	42
ENSG00000160097	9	7	2
ENSG00000121905	3	154	154
ENSG00000121900	15	165	155
ENSG00000287691	0	0	0
ENSG00000278966	0	0	0
ENSG00000143222	372	183	193
ENSG00000224985	1	4	1
ENSG00000143224	6	4	2
ENSG00000158850	40	16	24
ENSG00000158859	0	0	0
ENSG00000158869	87	43	44
ENSG00000158874	0	0	0
ENSG00000158882	0	1	1
ENSG00000284035	0	0	0
ENSG00000143257	0	1	1
ENSG00000248485	0	0	0
ENSG00000188931	0	2	7
ENSG00000236484	0	0	0
ENSG00000283696	0	0	0
ENSG00000288093	0	0	0
ENSG00000206921	0	0	0
ENSG00000215840	0	0	0
ENSG00000277882	0	0	0
ENSG00000283317	0	0	0
ENSG00000277762	0	0	0
ENSG00000227139	0	0	0
ENSG00000265107	0	0	0
ENSG00000274415	0	0	0
ENSG00000234190	0	0	0
ENSG00000223728	0	0	0
ENSG00000121634	0	0	0
ENSG00000188092	14	6	8
ENSG00000215859	0	1	0
ENSG00000273059	0	0	1
ENSG00000274372	0	0	0
ENSG00000206791	0	0	0
ENSG00000206585	0	0	0
ENSG00000229828	0	0	0
ENSG00000225080	0	0	0
ENSG00000198658	0	0	0
ENSG00000238382	0	0	0
ENSG00000225919	0	0	0
ENSG00000236497	0	0	0
ENSG00000207190	0	0	0
ENSG00000200508	0	0	0
ENSG00000284928	0	0	0
ENSG00000223949	0	0	0
ENSG00000116688	100	55	45
ENSG00000188800	0	0	0
ENSG00000084073	84	45	39
ENSG00000231296	0	0	0
ENSG00000049089	0	0	0
ENSG00000227311	0	0	0
ENSG00000213172	0	0	0
ENSG00000284677	0	0	0
ENSG00000187801	0	0	0
ENSG00000260920	0	0	0
ENSG00000158887	0	0	0
ENSG00000255054	0	0	0
ENSG00000228172	5	14	7
ENSG00000117640	65	34	32
ENSG00000272478	0	0	0
ENSG00000127423	2	2	0
ENSG00000182749	8	3	5
ENSG00000207302	0	0	0
ENSG00000117632	146	69	77
ENSG00000229786	0	0	0
ENSG00000223624	0	0	0
ENSG00000283938	0	0	0
ENSG00000199385	0	0	0
ENSG00000187147	58	52	52
ENSG00000263381	0	0	0
ENSG00000126106	88	79	55
ENSG00000198520	3	1	2
ENSG00000199377	0	0	0
ENSG00000200169	0	0	0
ENSG00000142945	1	0	1
ENSG00000142937	5774	2913	2896
ENSG00000264294	0	0	0
ENSG00000200913	0	0	0
ENSG00000202031	0	0	0
ENSG00000207421	0	0	0
ENSG00000281859	0	0	0
ENSG00000234093	12	7	5
ENSG00000142959	278	129	149
ENSG00000173846	0	0	0
ENSG00000117425	0	0	0
ENSG00000202444	0	0	0
ENSG00000226499	1	0	1
ENSG00000070785	24	13	11
ENSG00000253039	0	0	0
ENSG00000229815	0	0	0
ENSG00000232369	0	0	0
ENSG00000268949	0	0	0
ENSG00000126107	433	211	222
ENSG00000126088	105	58	47
ENSG00000234315	0	0	0
ENSG00000162408	55	26	29
ENSG00000229519	0	0	0
ENSG00000173662	0	0	0
ENSG00000204859	54	27	27
ENSG00000288629	0	0	0
ENSG00000230735	0	0	0
ENSG00000171488	7	4	3
ENSG00000226394	0	0	0
ENSG00000237200	0	0	0
ENSG00000070886	0	0	0
ENSG00000276835	0	0	0
ENSG00000265422	0	0	0
ENSG00000223776	0	0	0
ENSG00000273058	0	0	0
ENSG00000230325	0	0	0
ENSG00000119285	13	75	58
ENSG00000226498	0	0	0
ENSG00000237991	0	0	0
ENSG00000244020	0	0	0
ENSG00000288099	0	0	0
ENSG00000225886	0	0	0
ENSG00000206767	0	0	0
ENSG00000226662	0	0	0
ENSG00000207095	0	0	0
ENSG00000287244	0	0	0
ENSG00000231344	0	0	0
ENSG00000230833	0	0	0
ENSG00000117758	105	47	58
ENSG00000269971	0	0	0
ENSG00000270031	0	0	0
ENSG00000223062	0	0	0
ENSG00000286433	4	3	1
ENSG00000117751	166	86	80
ENSG00000252947	0	0	0
ENSG00000130775	26	17	9
ENSG00000117748	45	24	21
ENSG00000223643	0	0	0
ENSG00000230239	0	0	0
ENSG00000263811	0	0	0
ENSG00000277234	0	0	0
ENSG00000235241	0	0	0
ENSG00000207005	2	1	1
ENSG00000272426	4	3	1
ENSG00000117122	0	0	0
ENSG00000286898	0	0	0
ENSG00000226526	0	2	1
ENSG00000159363	101	46	55
ENSG00000117118	171	89	82
ENSG00000117115	2222	1057	1165
ENSG00000204362	0	0	0
ENSG00000282843	0	0	0
ENSG00000142623	1	0	1
ENSG00000142619	0	0	0
ENSG00000266634	0	0	0
ENSG00000199459	0	0	0
ENSG00000273264	0	0	0
ENSG00000282057	0	0	0
ENSG00000272691	0	0	0
ENSG00000199934	0	0	0
ENSG00000230285	0	0	0
ENSG00000142871	1	1	0
ENSG00000226643	0	0	0
ENSG00000234419	0	0	0
ENSG00000276997	0	0	0
ENSG00000222399	0	0	0
ENSG00000267305	0	0	0
ENSG00000143512	0	0	0
ENSG00000143498	11	7	4
ENSG00000225265	2	1	1
ENSG00000154305	273	158	182
ENSG00000229399	0	0	0
ENSG00000272750	0	41	24
ENSG00000186063	30	18	14
ENSG00000162819	223	118	105
ENSG00000287684	0	0	0
ENSG00000234523	6	3	3
ENSG00000287338	0	0	0
ENSG00000187554	17	8	9
ENSG00000236846	0	0	0
ENSG00000226601	0	0	0
ENSG00000164010	22	23	27
ENSG00000164011	11	9	2
ENSG00000233708	0	0	0
ENSG00000237090	0	0	0
ENSG00000225099	0	0	0
ENSG00000284138	0	0	0
ENSG00000283973	0	0	0
ENSG00000207256	0	0	0
ENSG00000283136	0	0	0
ENSG00000277513	0	0	0
ENSG00000154309	11	8	3
ENSG00000226967	5	3	2
ENSG00000231407	0	0	0
ENSG00000229570	0	0	0
ENSG00000203857	0	0	0
ENSG00000226443	0	0	0
ENSG00000249798	0	0	0
ENSG00000239873	0	0	0
ENSG00000203855	0	0	0
ENSG00000240244	0	0	0
ENSG00000260941	0	0	0
ENSG00000198857	0	0	0
ENSG00000143067	7	5	2
ENSG00000134240	1564	766	798
ENSG00000134193	160	86	74
ENSG00000215864	4	3	1
ENSG00000227205	0	0	0
ENSG00000226446	0	0	0
ENSG00000134249	0	0	0
ENSG00000092621	3	1	2
ENSG00000027644	0	0	0
ENSG00000241992	0	0	0
ENSG00000234226	0	0	0
ENSG00000137970	19	11	8
ENSG00000223229	0	0	0
ENSG00000285698	0	0	0
ENSG00000228035	0	0	0
ENSG00000287103	0	0	0
ENSG00000226973	0	0	0
ENSG00000274468	0	0	0
ENSG00000130764	40	13	27
ENSG00000266075	0	0	0
ENSG00000272153	0	0	0
ENSG00000230026	0	0	0
ENSG00000285177	0	0	0
ENSG00000284770	9	7	7
ENSG00000229795	0	0	0
ENSG00000238236	0	0	0
ENSG00000235638	0	0	0
ENSG00000231199	0	0	0
ENSG00000226663	0	0	0
ENSG00000231582	0	0	0
ENSG00000232714	0	0	0
ENSG00000235761	0	0	0
ENSG00000270710	0	0	0
ENSG00000227236	0	0	0
ENSG00000198837	67	26	41
ENSG00000160741	91	41	50
ENSG00000276584	0	0	0
ENSG00000282386	0	0	0
ENSG00000273026	14	9	5
ENSG00000143578	27	23	21
ENSG00000143543	7	12	10
ENSG00000285641	0	0	0
ENSG00000143545	30	16	14
ENSG00000177954	1013	473	540
ENSG00000231416	0	0	0
ENSG00000200220	0	0	0
ENSG00000231837	5	4	1
ENSG00000263987	0	0	0
ENSG00000162642	20	9	11
ENSG00000223254	0	0	0
ENSG00000223653	37	21	16
ENSG00000116198	133	73	60
ENSG00000169598	2	2	0
ENSG00000226653	0	0	0
ENSG00000207209	0	0	0
ENSG00000272443	0	0	0
ENSG00000272480	0	0	0
ENSG00000288626	0	0	0
ENSG00000162836	42	23	19
ENSG00000207080	0	0	0
ENSG00000231791	0	0	0
ENSG00000244568	0	0	0
ENSG00000271387	0	0	0
ENSG00000116667	248	124	124
ENSG00000230470	13	7	6
ENSG00000232036	0	0	0
ENSG00000285847	9	5	4
ENSG00000286378	0	0	0
ENSG00000215381	0	0	0
ENSG00000261326	1	0	1
ENSG00000284726	0	0	0
ENSG00000125945	23	15	8
ENSG00000201405	0	0	0
ENSG00000271420	19	11	8
ENSG00000204219	436	205	231
ENSG00000232482	0	0	0
ENSG00000285779	0	0	0
ENSG00000162885	17	43	43
ENSG00000270780	0	0	0
ENSG00000232895	0	0	0
ENSG00000273698	0	0	0
ENSG00000273112	0	0	0
ENSG00000173110	0	0	0
ENSG00000224203	0	0	0
ENSG00000224515	0	0	0
ENSG00000225217	0	0	0
ENSG00000231586	0	0	0
ENSG00000234211	0	0	0
ENSG00000213075	0	0	0
ENSG00000143125	0	0	0
ENSG00000270380	0	0	0
ENSG00000282887	0	0	0
ENSG00000283999	0	0	0
ENSG00000240194	0	0	0
ENSG00000235407	0	0	0
ENSG00000143105	0	0	0
ENSG00000199710	0	0	0
ENSG00000237415	0	0	0
ENSG00000232791	0	0	0
ENSG00000177301	0	0	0
ENSG00000226828	0	0	0
ENSG00000279774	6	2	4
ENSG00000229960	0	0	0
ENSG00000286486	0	0	0
ENSG00000244066	0	0	0
ENSG00000237759	0	0	0
ENSG00000287531	0	0	0
ENSG00000225855	17	58	58
ENSG00000283701	0	0	0
ENSG00000207134	0	0	0
ENSG00000227773	0	0	0
ENSG00000207144	0	0	0
ENSG00000237872	0	0	0
ENSG00000271267	0	0	0
ENSG00000225082	0	0	0
ENSG00000223503	0	0	0
ENSG00000232519	0	0	0
ENSG00000160752	8	49	58
ENSG00000121957	54	67	66
ENSG00000235089	0	0	0
ENSG00000285179	0	0	0
ENSG00000223026	0	0	0
ENSG00000225721	0	20	15
ENSG00000188396	0	0	0
ENSG00000202167	0	0	0
ENSG00000207349	0	0	0
ENSG00000252826	0	0	0
ENSG00000206737	0	0	0
ENSG00000223779	0	0	0
ENSG00000242352	0	0	0
ENSG00000270962	0	0	0
ENSG00000263590	0	0	0
ENSG00000252105	0	0	0
ENSG00000233430	0	0	0
ENSG00000237503	0	0	0
ENSG00000265531	0	0	0
ENSG00000234571	0	0	0
ENSG00000230186	0	0	0
ENSG00000268074	0	0	0
ENSG00000270872	0	0	0
ENSG00000276674	0	0	0
ENSG00000082482	0	0	0
ENSG00000116747	113	69	62
ENSG00000118729	0	0	0
ENSG00000134207	0	0	0
ENSG00000163467	1	1	0
ENSG00000243710	0	4	2
ENSG00000117395	104	59	51
ENSG00000116874	43	17	26
ENSG00000065600	9	4	5
ENSG00000009780	65	36	29
ENSG00000023572	10	10	14
ENSG00000077254	163	81	82
ENSG00000134644	227	116	111
ENSG00000215788	32	22	38
ENSG00000117834	4	2	2
ENSG00000117625	96	48	48
ENSG00000179902	0	0	0
ENSG00000020633	51	29	22
ENSG00000121766	27	30	31
ENSG00000143157	109	57	58
ENSG00000162614	6	2	4
ENSG00000160781	6	3	3
ENSG00000143344	5	4	1
ENSG00000162613	388	193	195
ENSG00000116882	0	0	0
ENSG00000198758	700	325	375
ENSG00000117569	34	15	19
ENSG00000142856	39	33	45
ENSG00000158022	0	0	0
ENSG00000116396	28	15	13
ENSG00000058668	81	44	37
ENSG00000163875	171	80	91
ENSG00000282872	0	0	0
ENSG00000131238	126	61	79
ENSG00000171680	17	11	6
ENSG00000244457	0	0	0
ENSG00000116977	58	81	98
ENSG00000229372	0	0	0
ENSG00000274975	0	0	0
ENSG00000229348	0	0	0
ENSG00000242485	7	9	11
ENSG00000264293	0	0	0
ENSG00000272455	5	4	1
ENSG00000225905	0	0	0
ENSG00000225285	0	0	0
ENSG00000179403	25	15	10
ENSG00000215915	1	1	0
ENSG00000236085	0	0	0
ENSG00000234441	0	0	0
ENSG00000227408	0	0	0
ENSG00000223635	0	0	0
ENSG00000135776	10	5	5
ENSG00000199672	0	0	0
ENSG00000201492	0	0	0
ENSG00000229367	0	0	0
ENSG00000135763	1	1	0
ENSG00000213028	0	0	0
ENSG00000225984	0	0	0
ENSG00000178828	7	14	11
ENSG00000235434	0	6	14
ENSG00000169914	19	12	7
ENSG00000188784	0	0	0
ENSG00000242688	0	0	0
ENSG00000177186	0	0	0
ENSG00000177174	0	0	0
ENSG00000269956	0	6	5
ENSG00000162456	0	0	0
ENSG00000079277	151	80	82
ENSG00000117407	5	2	3
ENSG00000237950	0	0	0
ENSG00000117408	37	9	28
ENSG00000285649	2	5	9
ENSG00000117410	271	149	122
ENSG00000159214	6	11	13
ENSG00000196517	10	17	11
ENSG00000227163	8	6	2
ENSG00000271647	0	0	0
ENSG00000239560	0	0	0
ENSG00000196539	0	0	0
ENSG00000229255	0	0	0
ENSG00000203661	0	0	0
ENSG00000271934	0	0	0
ENSG00000224521	0	0	0
ENSG00000227102	0	0	0
ENSG00000183310	0	0	0
ENSG00000201602	0	0	0
ENSG00000271701	0	0	0
ENSG00000189181	0	0	0
ENSG00000187238	0	0	0
ENSG00000185962	0	0	0
ENSG00000226947	0	0	0
ENSG00000285753	0	0	0
ENSG00000187223	0	0	0
ENSG00000159455	0	0	0
ENSG00000187173	0	0	0
ENSG00000204501	0	0	0
ENSG00000228229	0	0	0
ENSG00000204481	0	0	0
ENSG00000204479	0	0	0
ENSG00000172031	0	0	0
ENSG00000233228	0	0	0
ENSG00000224678	0	0	0
ENSG00000233401	0	0	0
ENSG00000273487	0	0	0
ENSG00000226773	0	0	0
ENSG00000274481	0	0	0
ENSG00000228594	6	4	2
ENSG00000286989	0	0	0
ENSG00000272106	68	42	26
ENSG00000189409	0	0	0
ENSG00000272004	0	1	0
ENSG00000189339	94	47	48
ENSG00000269737	0	0	0
ENSG00000215914	0	0	0
ENSG00000008128	18	9	9
ENSG00000268575	4	10	12
ENSG00000227775	1	12	11
ENSG00000008130	116	65	51
ENSG00000078369	695	336	359
ENSG00000178821	3	2	1
ENSG00000158477	0	0	0
ENSG00000230942	0	0	0
ENSG00000158481	11	5	6
ENSG00000158485	0	0	0
ENSG00000158488	5	2	3
ENSG00000186306	0	0	0
ENSG00000203758	0	0	0
ENSG00000236257	0	0	0
ENSG00000236656	0	0	0
ENSG00000198703	0	0	0
ENSG00000227445	0	0	0
ENSG00000231434	0	0	0
ENSG00000117505	138	60	78
ENSG00000229635	0	0	0
ENSG00000207379	0	0	0
ENSG00000212601	0	0	0
ENSG00000162889	67	36	31
ENSG00000224114	0	0	0
ENSG00000199349	0	0	0
ENSG00000162892	3	3	11
ENSG00000162894	71	38	44
ENSG00000271680	0	0	0
ENSG00000226945	0	0	0
ENSG00000162896	39375	19809	19568
ENSG00000162897	12	4	8
ENSG00000182795	169	84	85
ENSG00000198890	63	33	30
ENSG00000224550	0	0	0
ENSG00000142669	321	1535	1462
ENSG00000169442	116	78	57
ENSG00000225854	0	0	0
ENSG00000176083	0	0	0
ENSG00000229167	10	3	7
ENSG00000142910	154	75	79
ENSG00000162517	20	15	14
ENSG00000235790	0	0	0
ENSG00000264078	0	0	0
ENSG00000241745	0	0	0
ENSG00000228407	0	0	0
ENSG00000223429	0	0	0
ENSG00000224255	0	0	0
ENSG00000236004	0	0	0
ENSG00000237663	0	0	0
ENSG00000213735	0	0	0
ENSG00000272100	0	9	12
ENSG00000287078	1	1	0
ENSG00000224680	0	0	0
ENSG00000085840	11	2	9
ENSG00000283445	7	5	2
ENSG00000272226	0	0	0
ENSG00000231740	0	0	0
ENSG00000143751	19	3	16
ENSG00000272562	0	0	0
ENSG00000163041	412	175	237
ENSG00000225518	0	0	0
ENSG00000270598	0	0	0
ENSG00000182827	290	144	154
ENSG00000234478	6	10	4
ENSG00000223570	0	0	0
ENSG00000185155	0	0	0
ENSG00000236773	0	0	0
ENSG00000143753	9	2	7
ENSG00000201898	0	0	0
ENSG00000237101	3	5	8
ENSG00000143748	25	21	14
ENSG00000221406	0	0	0
ENSG00000229742	2	1	1
ENSG00000206887	0	0	0
ENSG00000143771	285	138	147
ENSG00000266618	0	0	0
ENSG00000229991	0	0	0
ENSG00000233384	0	0	0
ENSG00000234247	0	0	0
ENSG00000183682	89	46	55
ENSG00000237624	0	0	0
ENSG00000228060	0	8	8
ENSG00000201457	0	0	0
ENSG00000163909	4	3	1
ENSG00000225903	0	0	0
ENSG00000116983	0	0	0
ENSG00000225333	0	0	0
ENSG00000252413	0	0	0
ENSG00000090621	173	87	102
ENSG00000236994	0	0	0
ENSG00000275406	0	0	0
ENSG00000270287	0	0	0
ENSG00000229965	0	0	0
ENSG00000223282	0	0	0
ENSG00000177770	0	0	0
ENSG00000287627	0	0	0
ENSG00000283933	0	0	0
ENSG00000143369	6	3	3
ENSG00000228126	1	0	1
ENSG00000237781	0	0	0
ENSG00000264553	0	0	0
ENSG00000277452	2	1	1
ENSG00000274963	1	0	1
ENSG00000253047	1	0	1
ENSG00000143420	439	219	220
ENSG00000276103	0	0	0
ENSG00000143457	442	228	214
ENSG00000143452	14	7	7
ENSG00000206931	0	0	0
ENSG00000236713	0	0	0
ENSG00000224690	0	0	0
ENSG00000203804	0	6	5
ENSG00000143384	562	257	305
ENSG00000154342	0	0	0
ENSG00000276255	0	0	0
ENSG00000284163	0	0	0
ENSG00000143793	8	3	5
ENSG00000162910	12	6	6
ENSG00000224566	0	0	0
ENSG00000287895	0	0	0
ENSG00000280157	1	1	0
ENSG00000227625	0	0	0
ENSG00000198835	0	0	0
ENSG00000203684	0	0	0
ENSG00000181873	59	35	24
ENSG00000162913	0	0	0
ENSG00000269934	0	0	0
ENSG00000270110	0	0	0
ENSG00000286773	0	0	0
ENSG00000287315	0	0	0
ENSG00000270104	0	0	0
ENSG00000154370	31	24	15
ENSG00000270094	0	2	6
ENSG00000284311	0	0	0
ENSG00000162931	4	3	1
ENSG00000230841	0	0	0
ENSG00000266174	0	0	0
ENSG00000279306	0	0	0
ENSG00000215811	0	0	0
ENSG00000202056	0	0	0
ENSG00000251823	0	0	0
ENSG00000171960	128	63	65
ENSG00000234917	0	0	0
ENSG00000065978	2755	1363	1392
ENSG00000164007	1	1	0
ENSG00000117385	1	0	1
ENSG00000228452	0	0	0
ENSG00000001460	59	30	37
ENSG00000001461	146	71	83
ENSG00000286061	5	10	11
ENSG00000117602	96	82	71
ENSG00000264443	0	16	18
ENSG00000184454	35	17	18
ENSG00000227312	0	0	0
ENSG00000239106	0	0	0
ENSG00000177606	707	334	373
ENSG00000116539	611	302	317
ENSG00000162923	113	58	55
ENSG00000250135	0	0	0
ENSG00000084652	128	63	65
ENSG00000224066	0	0	0
ENSG00000160051	0	0	0
ENSG00000183615	0	0	0
ENSG00000277617	0	0	0
ENSG00000252450	0	0	0
ENSG00000116478	705	337	388
ENSG00000175130	495	265	250
ENSG00000233775	0	0	0
ENSG00000162526	3	4	2
ENSG00000168679	15	11	4
ENSG00000273373	0	0	0