N_unmapped	463978	463978	463978
N_multimapping	2973516	2973516	2973516
N_noFeature	1876354	8893904	8862027
N_ambiguous	1400985	458888	472674
ENSG00000160072	69	37	32
ENSG00000234396	0	0	0
ENSG00000225972	6478	2962	3516
ENSG00000224315	0	0	0
ENSG00000198744	24	5	20
ENSG00000279928	0	0	0
ENSG00000228037	24	9	15
ENSG00000142611	4	2	2
ENSG00000225630	13302	7148	6154
ENSG00000284616	0	0	0
ENSG00000157911	13	53	54
ENSG00000269896	26	16	10
ENSG00000237973	1109	1003	941
ENSG00000228463	0	0	0
ENSG00000260972	0	0	0
ENSG00000157933	240	124	116
ENSG00000224340	0	0	0
ENSG00000226545	0	0	0
ENSG00000268663	0	0	0
ENSG00000226374	0	0	0
ENSG00000229280	0	0	0
ENSG00000142655	37	12	25
ENSG00000232596	0	0	0
ENSG00000235054	0	0	0
ENSG00000232663	0	0	0
ENSG00000240409	0	0	0
ENSG00000229344	13	16	22
ENSG00000231510	0	0	0
ENSG00000149527	5	3	2
ENSG00000284739	0	0	0
ENSG00000171621	51	18	33
ENSG00000272235	13	5	8
ENSG00000284694	0	0	0
ENSG00000230021	6	138	147
ENSG00000287356	0	0	0
ENSG00000224387	0	0	0
ENSG00000285629	0	0	0
ENSG00000173673	0	0	0
ENSG00000142583	9	7	2
ENSG00000284674	0	0	0
ENSG00000272161	0	0	0
ENSG00000237094	4	3	1
ENSG00000224338	0	0	0
ENSG00000074800	1182	610	572
ENSG00000116786	120	70	53
ENSG00000287727	0	0	0
ENSG00000228423	0	0	0
ENSG00000286448	0	0	0
ENSG00000131686	0	0	0
ENSG00000229305	0	0	0
ENSG00000284703	0	0	0
ENSG00000226457	4	2	2
ENSG00000173614	13	6	7
ENSG00000248527	7774	3852	3923
ENSG00000215720	0	0	0
ENSG00000241326	0	0	0
ENSG00000233623	0	0	0
ENSG00000162592	0	0	0
ENSG00000116254	13	5	8
ENSG00000233645	0	0	0
ENSG00000204624	0	0	0
ENSG00000142606	0	48	62
ENSG00000235146	0	0	0
ENSG00000225931	0	0	0
ENSG00000171729	227	112	115
ENSG00000279457	2	0	2
ENSG00000162571	1	0	1
ENSG00000229393	0	0	0
ENSG00000037637	82	43	39
ENSG00000287586	0	0	0
ENSG00000159423	11	6	5
ENSG00000142599	826	412	414
ENSG00000227169	0	0	0
ENSG00000283356	0	0	0
ENSG00000011021	66	35	32
ENSG00000142615	0	0	0
ENSG00000215704	4	2	2
ENSG00000157916	282	193	183
ENSG00000157881	21	12	9
ENSG00000238290	0	0	0
ENSG00000225387	0	0	0
ENSG00000048707	652	312	340
ENSG00000158748	8	4	4
ENSG00000225196	0	0	0
ENSG00000162444	0	0	0
ENSG00000279625	0	0	0
ENSG00000180758	21	11	10
ENSG00000184677	156	78	78
ENSG00000230679	5	1	4
ENSG00000270136	0	0	0
ENSG00000288398	6	3	3
ENSG00000224621	14	3	11
ENSG00000285833	0	0	0
ENSG00000131697	31	12	19
ENSG00000284692	0	0	0
ENSG00000284745	0	0	0
ENSG00000280222	0	0	0
ENSG00000227634	0	0	0
ENSG00000285945	0	0	0
ENSG00000229162	0	0	0
ENSG00000197921	0	0	0
ENSG00000233755	0	0	0
ENSG00000233929	0	0	0
ENSG00000271742	0	0	0
ENSG00000226396	0	0	0
ENSG00000169504	149	70	79
ENSG00000234166	0	3	1
ENSG00000235282	0	0	0
ENSG00000055070	320	159	207
ENSG00000175087	82	28	54
ENSG00000157191	216	117	99
ENSG00000284699	0	0	0
ENSG00000230035	0	0	0
ENSG00000235185	0	0	0
ENSG00000225643	0	0	0
ENSG00000284666	0	0	0
ENSG00000228943	0	0	0
ENSG00000234397	0	0	0
ENSG00000284309	0	0	0
ENSG00000162511	180	205	221
ENSG00000158014	1	0	1
ENSG00000204138	575	284	291
ENSG00000233419	0	0	0
ENSG00000235263	0	0	0
ENSG00000228176	0	0	0
ENSG00000231251	0	0	0
ENSG00000142675	262	140	122
ENSG00000197245	0	0	0
ENSG00000261025	0	0	0
ENSG00000116237	114	106	117
ENSG00000130772	46	23	23
ENSG00000215899	0	0	0
ENSG00000271398	0	0	0
ENSG00000225011	0	0	0
ENSG00000235069	0	0	0
ENSG00000284676	0	0	0
ENSG00000237058	0	0	0
ENSG00000233399	0	0	0
ENSG00000090020	482	261	221
ENSG00000157978	177	88	89
ENSG00000226944	0	0	1
ENSG00000270282	0	0	0
ENSG00000130770	2198	1193	1270
ENSG00000229044	0	37	34
ENSG00000162512	129	66	63
ENSG00000158006	115	59	56
ENSG00000214812	0	0	0
ENSG00000126698	312	163	149
ENSG00000229447	0	0	0
ENSG00000229607	0	0	0
ENSG00000130766	138	77	61
ENSG00000168528	1144	620	524
ENSG00000196581	0	0	0
ENSG00000169403	97	49	48
ENSG00000084628	0	0	0
ENSG00000060688	72	29	43
ENSG00000171612	27	12	15
ENSG00000270927	0	0	0
ENSG00000188910	69	31	38
ENSG00000230523	0	0	0
ENSG00000116138	251	172	186
ENSG00000158161	239	143	96
ENSG00000142684	0	2	4
ENSG00000234619	0	0	0
ENSG00000121769	1	1	0
ENSG00000142627	149	76	73
ENSG00000284668	0	0	0
ENSG00000233234	0	0	0
ENSG00000142632	4	3	5
ENSG00000234593	36	20	16
ENSG00000158292	63	35	28
ENSG00000270605	0	0	0
ENSG00000189337	92	43	49
ENSG00000232912	4	3	1
ENSG00000235084	1	1	0
ENSG00000235143	0	0	0
ENSG00000225478	0	0	0
ENSG00000225077	0	0	0
ENSG00000028137	126	61	65
ENSG00000238249	0	0	0
ENSG00000204464	0	0	0
ENSG00000233372	0	0	0
ENSG00000283259	0	0	0
ENSG00000284543	10	4	6
ENSG00000130939	564	275	289
ENSG00000175147	21	8	13
ENSG00000127472	0	0	0
ENSG00000060656	17	5	12
ENSG00000163867	51	27	24
ENSG00000232768	2	2	0
ENSG00000230214	0	0	0
ENSG00000189280	0	0	0
ENSG00000134698	55	31	24
ENSG00000134690	114	60	54
ENSG00000272420	2	0	2
ENSG00000132881	0	0	0
ENSG00000273274	0	0	0
ENSG00000116251	313	149	167
ENSG00000272510	0	3	8
ENSG00000158286	49	87	75
ENSG00000236648	0	0	0
ENSG00000232273	0	0	0
ENSG00000009709	0	0	0
ENSG00000287396	0	0	0
ENSG00000223589	0	0	0
ENSG00000158008	0	0	0
ENSG00000130940	115	162	163
ENSG00000116771	73	93	76
ENSG00000237301	0	0	0
ENSG00000162585	40	31	32
ENSG00000163879	35	86	64
ENSG00000227527	0	0	0
ENSG00000116954	57	33	24
ENSG00000228589	3	0	3
ENSG00000163873	0	0	0
ENSG00000117215	8	2	6
ENSG00000196449	141	63	78
ENSG00000230163	0	0	0
ENSG00000227538	0	0	0
ENSG00000232208	0	0	0
ENSG00000236500	0	0	0
ENSG00000044012	106	52	54
ENSG00000179051	757	395	418
ENSG00000215895	13	4	9
ENSG00000231868	0	0	0
ENSG00000284650	0	0	0
ENSG00000237329	0	0	0
ENSG00000236948	0	0	0
ENSG00000126067	762	391	371
ENSG00000274944	0	0	0
ENSG00000132906	21	5	16
ENSG00000197312	98	53	45
ENSG00000284748	0	0	0
ENSG00000272078	5	108	107
ENSG00000173660	1586	844	742
ENSG00000224592	0	0	0
ENSG00000233728	0	5	9
ENSG00000230451	0	0	0
ENSG00000231606	19	9	10
ENSG00000215900	0	0	0
ENSG00000284632	0	0	0
ENSG00000241014	0	0	0
ENSG00000054118	1341	638	703
ENSG00000254553	0	0	0
ENSG00000284653	0	0	0
ENSG00000237749	0	0	0
ENSG00000276747	0	0	0
ENSG00000284705	0	0	0
ENSG00000228776	0	0	0
ENSG00000159339	1	1	0
ENSG00000223814	0	0	0
ENSG00000197982	50	31	19
ENSG00000261781	0	0	0
ENSG00000183317	120	60	60
ENSG00000183386	0	0	0
ENSG00000284743	0	0	0
ENSG00000158315	129	66	66
ENSG00000204084	56	46	34
ENSG00000186973	5	2	3
ENSG00000271806	2	3	4
ENSG00000146463	347	260	273
ENSG00000279214	0	0	0
ENSG00000183520	135	66	69
ENSG00000271741	0	0	0
ENSG00000214141	0	0	0
ENSG00000142686	1	1	0
ENSG00000224751	0	0	0
ENSG00000279096	0	0	0
ENSG00000117148	15	7	8
ENSG00000230585	0	0	0
ENSG00000117000	137	65	72
ENSG00000284989	0	0	0
ENSG00000231630	0	0	0
ENSG00000092853	228	112	123
ENSG00000255811	0	0	0
ENSG00000134697	456	258	313
ENSG00000187513	0	0	0
ENSG00000238145	0	0	0
ENSG00000225142	0	0	0
ENSG00000230138	0	0	0
ENSG00000223390	6	2	5
ENSG00000285823	0	0	0
ENSG00000284720	0	0	0
ENSG00000225028	0	0	0
ENSG00000225671	0	0	0
ENSG00000116151	14	6	8
ENSG00000226147	0	0	0
ENSG00000182873	0	0	0
ENSG00000006555	308	153	155
ENSG00000236111	0	0	0
ENSG00000066056	0	0	0
ENSG00000214114	48	25	23
ENSG00000173436	23	18	5
ENSG00000116544	0	0	0
ENSG00000231900	0	0	0
ENSG00000236723	0	80	91
ENSG00000232467	1	1	0
ENSG00000117016	56	32	24
ENSG00000121310	81	37	44
ENSG00000169213	14	7	7
ENSG00000163866	98	41	57
ENSG00000225779	5	3	2
ENSG00000284601	0	0	0
ENSG00000237130	0	0	0
ENSG00000143001	4	40	38
ENSG00000229716	0	0	0
ENSG00000226133	0	0	0
ENSG00000227416	0	0	0
ENSG00000232335	0	5	2
ENSG00000260971	0	0	0
ENSG00000259832	0	0	0
ENSG00000284696	0	0	0
ENSG00000238242	0	0	0
ENSG00000285839	0	0	0
ENSG00000237290	0	0	0
ENSG00000232762	1	0	1
ENSG00000117419	40	16	24
ENSG00000162384	52	48	43
ENSG00000162391	0	17	20
ENSG00000174348	0	0	0
ENSG00000154198	0	0	0
ENSG00000117859	241	162	176
ENSG00000228121	0	0	0
ENSG00000253313	152	80	72
ENSG00000162396	38	19	19
ENSG00000203995	0	0	0
ENSG00000227742	7	4	3
ENSG00000284686	0	0	0
ENSG00000162378	155	78	77
ENSG00000233079	0	0	0
ENSG00000259818	6	4	2
ENSG00000229444	0	0	0
ENSG00000240563	163	76	87
ENSG00000234318	0	0	0
ENSG00000284773	0	0	0
ENSG00000234481	0	0	0
ENSG00000117862	0	0	0
ENSG00000235612	0	0	0
ENSG00000228369	0	0	0
ENSG00000183431	254	120	134
ENSG00000227485	0	0	0
ENSG00000224609	9	6	3
ENSG00000235545	7	4	3
ENSG00000236646	0	0	0
ENSG00000169174	24	10	14
ENSG00000232198	0	0	0
ENSG00000238063	0	0	0
ENSG00000227104	0	0	0
ENSG00000243725	9	5	4
ENSG00000171872	0	0	0
ENSG00000162407	23	12	11
ENSG00000285079	0	0	0
ENSG00000169218	4	2	2
ENSG00000163877	141	73	68
ENSG00000228929	15	10	5
ENSG00000224570	0	0	0
ENSG00000224980	0	0	0
ENSG00000278967	0	0	0
ENSG00000157184	42	128	133
ENSG00000272491	0	0	0
ENSG00000198815	610	300	310
ENSG00000134744	141	63	78
ENSG00000233910	0	0	0
ENSG00000287703	0	0	0
ENSG00000283039	0	0	0
ENSG00000229032	0	0	0
ENSG00000229294	4	3	1
ENSG00000232993	0	0	0
ENSG00000234088	0	0	0
ENSG00000236973	0	0	0
ENSG00000227947	2	1	1
ENSG00000277397	0	0	0
ENSG00000271200	3	2	1
ENSG00000235446	0	0	0
ENSG00000261196	0	0	0
ENSG00000162385	56	33	23
ENSG00000231413	0	0	0
ENSG00000234264	0	0	0
ENSG00000242391	0	0	0
ENSG00000223883	0	0	0
ENSG00000284808	0	0	0
ENSG00000242267	2	1	1
ENSG00000237227	4	4	0
ENSG00000275350	0	0	0
ENSG00000116652	0	0	0
ENSG00000123080	36	15	21
ENSG00000285778	0	0	0
ENSG00000077549	1573	790	783
ENSG00000233407	0	0	0
ENSG00000225675	0	0	0
ENSG00000237622	0	0	0
ENSG00000162598	0	0	0
ENSG00000280317	0	0	0
ENSG00000162415	156	70	86
ENSG00000162600	39	18	21
ENSG00000116704	494	246	248
ENSG00000227644	0	0	0
ENSG00000157193	76	57	63
ENSG00000116205	36	13	23
ENSG00000198841	14	7	7
ENSG00000116212	24	17	7
ENSG00000234204	0	0	0
ENSG00000233099	0	0	0
ENSG00000233994	0	0	0
ENSG00000237180	0	0	0
ENSG00000213561	0	0	0
ENSG00000233973	0	0	0
ENSG00000237552	0	0	0
ENSG00000132854	15	4	11
ENSG00000227556	0	0	0
ENSG00000162616	56	29	27
ENSG00000162607	275	157	118
ENSG00000233602	0	0	0
ENSG00000233271	0	34	40
ENSG00000285954	0	0	0
ENSG00000233333	0	0	0
ENSG00000154027	15	8	7
ENSG00000234108	0	0	0
ENSG00000232676	0	0	0
ENSG00000225167	0	0	0
ENSG00000132122	55	24	31
ENSG00000213579	0	0	0
ENSG00000137960	261	127	134
ENSG00000237852	0	0	0
ENSG00000116745	0	0	0
ENSG00000132855	0	0	0
ENSG00000285407	0	0	0
ENSG00000272855	0	0	0
ENSG00000270549	0	0	0
ENSG00000237163	0	0	0
ENSG00000229636	0	0	0
ENSG00000116675	25	14	11
ENSG00000162433	140	74	66
ENSG00000213625	317	150	167
ENSG00000227207	0	0	0
ENSG00000227016	0	0	0
ENSG00000233664	0	0	0
ENSG00000158966	30	16	14
ENSG00000213703	0	0	0
ENSG00000203965	31	18	13
ENSG00000223479	0	0	0
ENSG00000233674	0	0	0
ENSG00000153898	80	39	41
ENSG00000117069	0	0	0
ENSG00000125703	49	20	29
ENSG00000285041	0	0	0
ENSG00000285808	0	0	0
ENSG00000229440	0	0	0
ENSG00000234144	0	0	0
ENSG00000213540	0	0	0
ENSG00000277670	0	0	0
ENSG00000227466	0	0	0
ENSG00000154007	0	0	0
ENSG00000230498	0	0	0
ENSG00000285782	0	0	0
ENSG00000162618	0	0	0
ENSG00000224493	0	0	0
ENSG00000131233	0	0	0
ENSG00000272371	0	0	0
ENSG00000287647	0	0	0
ENSG00000229225	1	1	0
ENSG00000230863	0	0	0
ENSG00000213560	0	0	0
ENSG00000287224	0	0	0
ENSG00000225598	0	0	0
ENSG00000286455	0	0	0
ENSG00000225087	0	0	0
ENSG00000224986	10	4	6
ENSG00000280378	5	4	1
ENSG00000188786	468	243	225
ENSG00000230053	0	0	0
ENSG00000137941	32	15	17
ENSG00000273338	6	4	2
ENSG00000223720	0	0	0
ENSG00000224326	0	0	0
ENSG00000286548	0	0	0
ENSG00000066135	13	15	14
ENSG00000230027	0	0	0
ENSG00000233061	0	0	0
ENSG00000272094	0	0	0
ENSG00000228853	0	0	0
ENSG00000215874	0	0	0
ENSG00000232453	4	1	3
ENSG00000260386	0	0	0
ENSG00000284895	0	0	0
ENSG00000117174	174	87	87
ENSG00000237413	0	0	0
ENSG00000184313	2	1	1
ENSG00000284645	0	0	0
ENSG00000225605	0	0	0
ENSG00000225446	0	0	0
ENSG00000288543	0	0	0
ENSG00000122420	0	0	0
ENSG00000284240	0	0	0
ENSG00000236290	0	0	0
ENSG00000143013	280	145	135
ENSG00000226084	6	5	1
ENSG00000134748	317	159	158
ENSG00000142892	141	61	80
ENSG00000219102	14	10	4
ENSG00000184005	8	6	2
ENSG00000230953	14	5	9
ENSG00000287743	0	0	0
ENSG00000229332	0	0	0
ENSG00000227937	0	0	0
ENSG00000229752	0	0	0
ENSG00000237505	1	1	0
ENSG00000285462	0	0	0
ENSG00000233216	0	0	0
ENSG00000197273	604	304	300
ENSG00000226804	0	0	0
ENSG00000285325	0	0	0
ENSG00000230728	0	0	0
ENSG00000162402	263	118	145
ENSG00000232846	1	0	1
ENSG00000219201	0	0	0
ENSG00000230787	0	0	0
ENSG00000116641	541	273	268
ENSG00000235927	8	3	5
ENSG00000223920	0	0	0
ENSG00000237453	0	0	0
ENSG00000172260	0	0	0
ENSG00000285473	0	0	0
ENSG00000237959	0	0	0
ENSG00000231364	3	2	1
ENSG00000234578	0	0	1
ENSG00000117480	228	114	114
ENSG00000137944	154	76	78
ENSG00000229505	0	0	0
ENSG00000228187	0	0	0
ENSG00000285201	0	0	0
ENSG00000182183	0	0	0
ENSG00000236407	0	0	0
ENSG00000271949	0	0	0
ENSG00000227062	0	0	0
ENSG00000067334	610	306	304
ENSG00000235011	0	0	0
ENSG00000235673	0	0	0
ENSG00000226938	0	0	0
ENSG00000213559	0	0	0
ENSG00000287587	0	0	0
ENSG00000142949	1499	741	758
ENSG00000116133	718	475	471
ENSG00000232882	0	0	0
ENSG00000171502	0	0	0
ENSG00000162399	0	0	0
ENSG00000116157	2	1	1
ENSG00000143036	427	224	203
ENSG00000232672	0	0	0
ENSG00000230817	0	0	0
ENSG00000235613	1	1	0
ENSG00000065243	542	280	262
ENSG00000226759	0	0	0
ENSG00000226960	0	0	0
ENSG00000234080	0	0	0
ENSG00000237899	0	0	0
ENSG00000225492	0	0	0
ENSG00000223905	0	0	0
ENSG00000227290	0	0	0
ENSG00000229486	0	0	0
ENSG00000282898	0	0	0
ENSG00000285409	0	0	0
ENSG00000231090	0	0	0
ENSG00000117528	266	132	134
ENSG00000271723	0	0	0
ENSG00000172339	112	57	55
ENSG00000036549	126	62	64
ENSG00000287724	2	82	77
ENSG00000058799	54	28	26
ENSG00000225191	0	0	0
ENSG00000287870	0	0	0
ENSG00000235563	0	0	0
ENSG00000232048	0	0	0
ENSG00000232857	0	0	0
ENSG00000273637	0	0	0
ENSG00000203985	0	0	0
ENSG00000228838	12	7	5
ENSG00000283761	2	2	0
ENSG00000189433	0	0	0
ENSG00000230759	0	0	0
ENSG00000231866	0	0	0
ENSG00000179178	39	19	20
ENSG00000142700	0	0	0
ENSG00000285525	0	0	0
ENSG00000236098	0	0	0
ENSG00000233514	0	0	0
ENSG00000127124	101	62	39
ENSG00000266993	0	6	9
ENSG00000223675	0	0	0
ENSG00000162604	165	74	91
ENSG00000229316	0	0	0
ENSG00000116171	1215	560	663
ENSG00000287406	0	0	0
ENSG00000225767	12	4	8
ENSG00000234099	0	0	0
ENSG00000137936	60	43	69
ENSG00000235308	0	0	0
ENSG00000232752	0	0	0
ENSG00000235829	5	3	2
ENSG00000143032	0	0	0
ENSG00000226745	0	0	0
ENSG00000178028	53	33	20
ENSG00000280040	0	0	0
ENSG00000168710	675	318	357
ENSG00000117519	219	116	103
ENSG00000270507	0	0	0
ENSG00000238037	0	0	0
ENSG00000215869	0	0	0
ENSG00000134215	245	127	118
ENSG00000227935	0	0	0
ENSG00000229887	0	0	0
ENSG00000228502	22	13	9
ENSG00000236268	0	0	0
ENSG00000271277	0	0	0
ENSG00000236888	0	0	0
ENSG00000279778	0	0	0
ENSG00000232015	0	0	0
ENSG00000230955	0	10	14
ENSG00000230828	0	0	0
ENSG00000188641	65	39	26
ENSG00000152078	110	59	51
ENSG00000237279	0	0	0
ENSG00000233359	0	0	0
ENSG00000237954	0	0	0
ENSG00000185668	0	0	0
ENSG00000171492	61	28	33
ENSG00000233129	0	0	0
ENSG00000170989	0	0	0
ENSG00000258634	31	21	16
ENSG00000233557	0	0	0
ENSG00000237897	0	0	0
ENSG00000116299	2305	1127	1178
ENSG00000137962	2	1	1
ENSG00000227832	0	0	0
ENSG00000286692	6	2	4
ENSG00000260464	0	0	0
ENSG00000237435	0	0	0
ENSG00000231996	0	0	0
ENSG00000273204	0	0	4
ENSG00000079739	182	96	107
ENSG00000117154	0	0	0
ENSG00000162377	115	55	60
ENSG00000224613	0	0	0
ENSG00000215871	0	0	0
ENSG00000287372	0	0	0
ENSG00000232542	1	0	1
ENSG00000231095	0	0	0
ENSG00000116774	2	0	2
ENSG00000287756	3	0	3
ENSG00000269113	3	2	1
ENSG00000284652	0	0	0
ENSG00000023909	69	37	32
ENSG00000069702	12	5	7
ENSG00000232185	0	0	0
ENSG00000230489	0	0	0
ENSG00000228399	0	0	0
ENSG00000236776	0	0	0
ENSG00000285928	2	1	1
ENSG00000224685	0	0	0
ENSG00000287076	0	0	0
ENSG00000237480	0	0	0
ENSG00000271252	0	0	0
ENSG00000230427	0	0	0
ENSG00000235794	0	0	0
ENSG00000286758	0	0	0
ENSG00000237337	0	0	0
ENSG00000233983	0	0	0
ENSG00000198198	149	139	146
ENSG00000225183	0	0	0
ENSG00000230402	0	0	0
ENSG00000116793	63	27	36
ENSG00000134201	0	0	0
ENSG00000238122	0	0	0
ENSG00000260879	0	9	8
ENSG00000213366	41	20	21
ENSG00000230864	0	0	0
ENSG00000283354	0	0	0
ENSG00000232918	0	0	0
ENSG00000236360	4	2	10
ENSG00000183298	0	0	4
ENSG00000234332	20	10	10
ENSG00000117525	97	42	55
ENSG00000225079	0	0	0
ENSG00000226483	0	0	0
ENSG00000224238	13	6	7
ENSG00000229537	0	0	0
ENSG00000162699	0	0	0
ENSG00000162692	0	0	0
ENSG00000203914	0	0	0
ENSG00000270457	0	0	0
ENSG00000203858	0	0	0
ENSG00000231987	0	0	0
ENSG00000228057	6	4	2
ENSG00000261593	0	0	0
ENSG00000224445	0	0	0
ENSG00000229842	0	0	0
ENSG00000270631	0	0	0
ENSG00000229201	0	0	0
ENSG00000181656	0	0	0
ENSG00000122481	3	2	1
ENSG00000198162	346	156	190
ENSG00000238198	2	1	1
ENSG00000171517	31	16	15
ENSG00000228852	12	8	4
ENSG00000203864	0	0	0
ENSG00000233482	0	0	0
ENSG00000230250	0	0	0
ENSG00000232878	0	0	0
ENSG00000143079	723	365	358
ENSG00000232450	0	0	0
ENSG00000223575	0	0	0
ENSG00000230768	0	0	0
ENSG00000235202	0	0	0
ENSG00000272715	0	0	0
ENSG00000235038	0	0	0
ENSG00000143093	80	43	37
ENSG00000226415	0	0	0
ENSG00000085491	168	96	89
ENSG00000173947	0	0	0
ENSG00000241361	0	0	0
ENSG00000230434	0	0	0
ENSG00000230718	0	0	0
ENSG00000134198	10	5	5
ENSG00000235595	0	0	0
ENSG00000226053	0	0	0
ENSG00000226128	0	0	0
ENSG00000198799	187	82	105
ENSG00000279513	0	0	0
ENSG00000117620	569	287	282
ENSG00000280186	0	0	0
ENSG00000223906	0	0	0
ENSG00000162688	166	79	87
ENSG00000197106	0	0	0
ENSG00000259946	0	0	0
ENSG00000236137	12	9	5
ENSG00000203859	13	6	7
ENSG00000228086	0	3	2
ENSG00000213421	0	0	0
ENSG00000234020	0	0	0
ENSG00000060718	2	0	2
ENSG00000236804	0	0	0
ENSG00000231072	0	0	0
ENSG00000273406	1	1	0
ENSG00000185946	128	72	56
ENSG00000162627	164	76	88
ENSG00000226715	0	4	0
ENSG00000162695	557	269	289
ENSG00000134184	14	37	51
ENSG00000265808	494	252	242
ENSG00000261290	0	0	0
ENSG00000225923	0	0	0
ENSG00000134247	353	165	188
ENSG00000187481	0	0	0
ENSG00000116752	274	134	140
ENSG00000162664	275	139	136
ENSG00000236866	0	0	0
ENSG00000134253	7	5	2
ENSG00000277655	0	0	0
ENSG00000223416	0	0	0
ENSG00000213226	0	0	0
ENSG00000179571	0	0	0
ENSG00000227850	0	0	0
ENSG00000243967	0	0	0
ENSG00000235777	0	0	0
ENSG00000260246	0	46	28
ENSG00000173218	191	104	87
ENSG00000285532	0	0	0
ENSG00000226755	0	0	0
ENSG00000232650	0	0	0
ENSG00000183508	354	180	174
ENSG00000277095	0	0	0
ENSG00000236806	0	0	0
ENSG00000234283	0	0	0
ENSG00000237188	0	0	0
ENSG00000232780	0	0	0
ENSG00000274927	0	0	0
ENSG00000264145	0	0	0
ENSG00000238256	0	0	0
ENSG00000198765	0	0	0
ENSG00000224335	0	0	0
ENSG00000277702	0	0	0
ENSG00000143398	238	123	115
ENSG00000196505	126	64	62
ENSG00000225871	0	0	0
ENSG00000223489	0	0	0
ENSG00000230546	0	0	0
ENSG00000213262	0	0	0
ENSG00000287015	0	0	0
ENSG00000241720	0	0	0
ENSG00000235526	0	0	0
ENSG00000228347	0	0	0
ENSG00000276975	0	0	0
ENSG00000236012	0	0	0
ENSG00000270911	14	10	4
ENSG00000272824	1	0	1
ENSG00000134200	0	0	0
ENSG00000234257	0	0	0
ENSG00000065183	67	31	37
ENSG00000227082	0	0	0
ENSG00000228626	0	0	0
ENSG00000226126	0	0	0
ENSG00000163393	12	6	6
ENSG00000163156	118	58	66
ENSG00000143631	0	0	0
ENSG00000156150	0	2	4
ENSG00000228453	0	0	0
ENSG00000274642	0	0	0
ENSG00000177551	0	0	0
ENSG00000197323	594	309	285
ENSG00000237975	0	0	0
ENSG00000261168	0	0	0
ENSG00000287980	0	0	0
ENSG00000229283	0	0	0
ENSG00000271419	0	0	0
ENSG00000226172	0	0	0
ENSG00000079335	56	29	32
ENSG00000143119	112	57	55
ENSG00000237278	0	0	0
ENSG00000285062	0	0	0
ENSG00000233432	0	0	0
ENSG00000227700	0	0	0
ENSG00000229911	0	0	0
ENSG00000143520	0	0	0
ENSG00000171943	7	4	3
ENSG00000270719	0	0	0
ENSG00000155761	0	0	1
ENSG00000230806	0	0	0
ENSG00000116830	276	128	148
ENSG00000234422	0	0	0
ENSG00000227056	0	0	0
ENSG00000143614	395	197	198
ENSG00000227091	0	0	0
ENSG00000169418	0	0	0
ENSG00000214204	0	0	0
ENSG00000081026	372	198	174
ENSG00000225650	0	0	0
ENSG00000227179	0	0	0
ENSG00000224965	0	0	0
ENSG00000228127	0	0	0
ENSG00000226984	0	0	0
ENSG00000186150	0	0	0
ENSG00000143554	46	22	24
ENSG00000143458	117	60	57
ENSG00000230932	0	0	0
ENSG00000073754	0	0	0
ENSG00000228826	0	0	0
ENSG00000233907	0	0	0
ENSG00000225036	0	0	0
ENSG00000228420	0	0	0
ENSG00000233839	0	0	0
ENSG00000250890	0	0	0
ENSG00000232240	0	0	0
ENSG00000280649	1	3	2
ENSG00000131781	76	34	42
ENSG00000223599	0	0	0
ENSG00000230921	0	0	0
ENSG00000286151	0	0	0
ENSG00000234388	0	0	0
ENSG00000235015	0	0	0
ENSG00000271736	0	0	0
ENSG00000235988	0	0	0
ENSG00000233717	0	0	0
ENSG00000231551	13	7	6
ENSG00000227295	2	1	1
ENSG00000163155	66	53	40
ENSG00000243613	0	1	1
ENSG00000241975	0	0	0
ENSG00000271143	0	0	0
ENSG00000270976	0	0	0
ENSG00000228217	3	1	2
ENSG00000270342	0	0	0
ENSG00000143552	8	5	3
ENSG00000175984	2	2	0
ENSG00000231100	0	0	0
ENSG00000116824	2	1	1
ENSG00000235887	0	0	0
ENSG00000237460	0	0	0
ENSG00000236327	0	0	0
ENSG00000223804	0	0	0
ENSG00000236887	0	0	0
ENSG00000024526	58	83	69
ENSG00000236480	0	0	0
ENSG00000235756	0	0	0
ENSG00000173810	0	0	0
ENSG00000235005	0	0	0
ENSG00000271890	0	0	0
ENSG00000238107	0	0	0
ENSG00000227425	0	0	0
ENSG00000233222	0	0	0
ENSG00000225279	3	1	2
ENSG00000229101	0	0	0
ENSG00000224927	0	0	0
ENSG00000239216	0	0	0
ENSG00000283360	0	0	0
ENSG00000117262	59	37	22
ENSG00000227907	2	0	2
ENSG00000143624	210	96	116
ENSG00000227970	0	0	0
ENSG00000261055	0	0	0
ENSG00000231613	0	0	0
ENSG00000137947	62	27	35
ENSG00000236689	0	0	0
ENSG00000233589	0	48	46
ENSG00000117586	0	0	0
ENSG00000230946	32	13	19
ENSG00000226028	0	0	0
ENSG00000162728	0	0	0
ENSG00000229021	0	0	0
ENSG00000203825	0	0	0
ENSG00000184371	18	10	8
ENSG00000233449	0	0	0
ENSG00000242943	0	0	0
ENSG00000233203	0	0	0
ENSG00000232499	9	6	3
ENSG00000232265	1	0	1
ENSG00000163154	6	14	19
ENSG00000232995	8	4	4
ENSG00000236957	0	0	0
ENSG00000238087	0	0	0
ENSG00000227777	0	0	0
ENSG00000177173	30	19	11
ENSG00000277406	1	0	1
ENSG00000238022	0	0	0
ENSG00000231671	0	0	0
ENSG00000162729	47	27	20
ENSG00000143158	1155	625	643
ENSG00000271092	0	0	0
ENSG00000238118	0	0	0
ENSG00000276118	0	0	0
ENSG00000232148	0	0	0
ENSG00000278811	22	12	15
ENSG00000000460	41	71	76
ENSG00000188859	1	1	0
ENSG00000275075	0	0	0
ENSG00000135862	171	83	88
ENSG00000232952	0	0	0
ENSG00000158473	36	10	26
ENSG00000227722	0	0	0
ENSG00000285922	0	0	0
ENSG00000275801	0	0	0
ENSG00000143198	695	377	318
ENSG00000143318	1	0	1
ENSG00000232188	0	0	0
ENSG00000232212	0	0	0
ENSG00000143621	788	395	446
ENSG00000241042	0	0	0
ENSG00000143155	709	356	353
ENSG00000260322	0	0	0
ENSG00000223495	0	0	0
ENSG00000143156	27	880	862
ENSG00000198771	42	23	19
ENSG00000225462	0	0	0
ENSG00000237756	0	0	0
ENSG00000116147	0	0	0
ENSG00000213064	499	312	284
ENSG00000203307	0	0	0
ENSG00000143179	97	76	56
ENSG00000271187	0	0	0
ENSG00000274562	0	0	0
ENSG00000143315	161	75	86
ENSG00000116199	96	48	48
ENSG00000231175	0	0	0
ENSG00000143185	0	0	0
ENSG00000235145	0	0	0
ENSG00000116260	1120	553	567
ENSG00000272931	0	0	0
ENSG00000143190	376	187	198
ENSG00000225475	0	0	0
ENSG00000230898	0	0	0
ENSG00000232223	0	0	0
ENSG00000224698	0	0	0
ENSG00000287697	0	0	0
ENSG00000075945	143	75	80
ENSG00000235303	0	0	0
ENSG00000234810	0	0	0
ENSG00000232750	0	0	0
ENSG00000224468	0	0	0
ENSG00000235628	0	0	0
ENSG00000232551	0	0	0
ENSG00000092607	0	0	0
ENSG00000238270	0	0	0
ENSG00000285894	0	0	0
ENSG00000236025	0	0	0
ENSG00000230687	0	0	0
ENSG00000230704	0	0	0
ENSG00000283255	0	0	0
ENSG00000227741	1	88	82
ENSG00000237049	0	0	0
ENSG00000286754	0	0	0
ENSG00000232751	0	0	0
ENSG00000236364	0	17	22
ENSG00000117091	5	26	32
ENSG00000235378	0	0	0
ENSG00000143171	0	0	0
ENSG00000275767	0	0	0
ENSG00000224718	0	0	0
ENSG00000047410	1614	823	867
ENSG00000231992	0	0	0
ENSG00000018625	0	0	0
ENSG00000171806	40	38	30
ENSG00000287919	0	0	0
ENSG00000229914	0	0	0
ENSG00000233882	0	0	0
ENSG00000198358	0	3	2
ENSG00000229407	0	0	0
ENSG00000134216	0	0	1
ENSG00000230748	0	0	0
ENSG00000254154	0	0	0
ENSG00000162694	21	12	13
ENSG00000238108	0	0	0
ENSG00000214262	0	48	49
ENSG00000183853	49	20	29
ENSG00000215835	3	0	3
ENSG00000118197	60	30	30
ENSG00000135842	27	12	15
ENSG00000229258	0	0	0
ENSG00000287472	0	0	0
ENSG00000241318	0	0	0
ENSG00000228238	0	0	0
ENSG00000232393	0	0	0
ENSG00000121454	50	58	49
ENSG00000184155	0	0	0
ENSG00000058085	440	222	218
ENSG00000260088	0	0	0
ENSG00000287978	2	1	1
ENSG00000116815	382	210	172
ENSG00000232917	2	2	0
ENSG00000233057	0	0	0
ENSG00000237131	0	0	0
ENSG00000233946	0	0	0
ENSG00000143167	1456	719	737
ENSG00000143184	0	0	0
ENSG00000231966	1	0	1
ENSG00000176320	0	0	0
ENSG00000260976	0	0	0
ENSG00000235215	0	0	0
ENSG00000223450	0	0	0
ENSG00000224691	0	0	0
ENSG00000286572	0	0	0
ENSG00000235101	0	0	0
ENSG00000228215	0	0	0
ENSG00000177807	34	22	12
ENSG00000233626	0	0	0
ENSG00000233691	0	0	0
ENSG00000283518	0	0	0
ENSG00000271527	0	0	0
ENSG00000143228	68	32	36
ENSG00000235827	0	0	0
ENSG00000231615	0	0	0
ENSG00000231714	0	0	0
ENSG00000174514	206	119	114
ENSG00000143178	10	5	5
ENSG00000224837	4	1	3
ENSG00000116833	422	214	208
ENSG00000227740	0	0	0
ENSG00000260990	0	0	0
ENSG00000000457	33	51	60
ENSG00000143507	120	67	53
ENSG00000285638	0	0	0
ENSG00000226520	0	0	0
ENSG00000284592	0	0	0
ENSG00000230987	0	0	0
ENSG00000232527	0	0	0
ENSG00000215833	0	0	0
ENSG00000228167	0	0	0
ENSG00000225325	0	0	0
ENSG00000223344	0	0	0
ENSG00000228191	0	0	0
ENSG00000229961	0	0	0
ENSG00000150732	0	0	0
ENSG00000157064	9	2	7
ENSG00000288139	0	0	0
ENSG00000226015	2	1	1
ENSG00000215808	0	0	0
ENSG00000059588	130	70	60
ENSG00000231512	2	1	1
ENSG00000237379	0	0	0
ENSG00000232959	0	8	4
ENSG00000122224	0	0	0
ENSG00000162782	0	0	0
ENSG00000238051	0	0	0
ENSG00000233196	0	0	0
ENSG00000229220	0	0	0
ENSG00000143653	74	39	35
ENSG00000135837	1114	552	562
ENSG00000158711	416	212	231
ENSG00000227747	0	0	0
ENSG00000228081	0	0	0
ENSG00000228020	0	0	0
ENSG00000234975	1	1	0
ENSG00000162851	53	30	23
ENSG00000271427	0	0	0
ENSG00000261817	0	0	0
ENSG00000143353	55	36	31
ENSG00000197965	937	456	481
ENSG00000143493	73	32	41
ENSG00000230777	1	0	1
ENSG00000179397	2	0	2
ENSG00000224540	0	0	0
ENSG00000117592	636	326	310
ENSG00000186197	0	0	0
ENSG00000229067	0	0	0
ENSG00000230231	0	0	0
ENSG00000227711	0	0	0
ENSG00000261182	0	0	0
ENSG00000228879	0	0	0
ENSG00000227925	0	0	0
ENSG00000162670	53	29	27
ENSG00000225712	0	0	0
ENSG00000162761	0	0	0
ENSG00000143199	0	0	0
ENSG00000179930	12	8	4
ENSG00000007908	0	0	0
ENSG00000092978	172	90	82
ENSG00000143499	106	48	58
ENSG00000188404	80	32	48
ENSG00000227735	0	0	0
ENSG00000243062	0	0	0
ENSG00000143196	0	0	0
ENSG00000228504	0	0	0
ENSG00000274702	0	0	0
ENSG00000226211	0	0	0
ENSG00000236942	1	0	1
ENSG00000287205	0	0	0
ENSG00000203697	448	220	228
ENSG00000116574	45	21	24
ENSG00000287929	0	0	0
ENSG00000186283	29	12	17
ENSG00000224896	0	0	0
ENSG00000226292	1	1	0
ENSG00000121481	186	94	92
ENSG00000227940	0	0	0
ENSG00000117139	462	224	238
ENSG00000143248	0	0	0
ENSG00000278455	0	0	0
ENSG00000224810	12	7	5
ENSG00000162814	13	9	9
ENSG00000225172	0	0	0
ENSG00000261642	0	0	0
ENSG00000228239	0	0	0
ENSG00000237283	0	0	0
ENSG00000116132	0	0	0
ENSG00000238042	3	1	2
ENSG00000271475	0	0	0
ENSG00000231877	0	0	0
ENSG00000116679	769	414	355
ENSG00000228536	0	0	0
ENSG00000230550	0	0	0
ENSG00000229242	0	0	0
ENSG00000253326	0	0	0
ENSG00000228470	2	2	0
ENSG00000152092	0	0	0
ENSG00000234984	0	0	0
ENSG00000231648	0	0	0
ENSG00000229983	0	0	0
ENSG00000215149	0	0	0
ENSG00000225122	0	0	0
ENSG00000225920	0	0	0
ENSG00000143476	168	90	78
ENSG00000121486	80	32	48
ENSG00000228437	0	0	0
ENSG00000214837	0	0	0
ENSG00000057252	169	94	75
ENSG00000225982	0	0	0
ENSG00000285718	0	0	0
ENSG00000234070	0	3	2
ENSG00000233620	0	0	0
ENSG00000237783	0	0	0
ENSG00000272906	0	1	0
ENSG00000233018	0	0	0
ENSG00000123685	0	0	0
ENSG00000224783	0	0	0
ENSG00000162852	136	66	70
ENSG00000232792	0	0	0
ENSG00000273004	5	2	3
ENSG00000143842	61	25	36
ENSG00000268062	1	1	0
ENSG00000237409	0	0	0
ENSG00000116962	46	24	22
ENSG00000288078	0	0	0
ENSG00000271399	0	0	0
ENSG00000229757	0	0	0
ENSG00000232679	0	0	0
ENSG00000159388	422	196	226
ENSG00000220749	23	11	12
ENSG00000181450	127	72	55
ENSG00000223519	0	3	4
ENSG00000120333	238	166	138
ENSG00000286285	10	3	7
ENSG00000225300	12	6	6
ENSG00000223842	1	1	0
ENSG00000162753	0	0	0
ENSG00000228247	0	0	0
ENSG00000231424	0	0	0
ENSG00000143355	14	12	2
ENSG00000287177	0	0	0
ENSG00000237193	0	0	0
ENSG00000223490	0	0	0
ENSG00000121644	149	70	79
ENSG00000174502	0	0	0
ENSG00000224286	0	0	0
ENSG00000158715	34	22	12
ENSG00000143195	13	6	7
ENSG00000162849	0	0	0
ENSG00000232824	0	0	0
ENSG00000273416	0	0	0
ENSG00000234142	19	10	9
ENSG00000282111	0	0	0
ENSG00000233410	0	0	0
ENSG00000067533	179	92	87
ENSG00000228955	0	0	0
ENSG00000270443	0	0	0
ENSG00000116209	727	373	354
ENSG00000224702	0	0	0
ENSG00000271811	0	0	0
ENSG00000224278	0	0	0
ENSG00000235492	0	0	0
ENSG00000287808	0	9	13
ENSG00000271588	0	0	0
ENSG00000229840	0	0	0
ENSG00000116161	316	179	203
ENSG00000226486	0	0	0
ENSG00000227687	0	0	0
ENSG00000231814	0	0	0
ENSG00000286210	0	0	0
ENSG00000287364	26	13	13
ENSG00000225063	0	0	0
ENSG00000260698	4	3	1
ENSG00000277007	1	1	0
ENSG00000229016	0	0	0
ENSG00000077157	587	314	300
ENSG00000152104	43	26	17
ENSG00000236975	0	0	0
ENSG00000215834	0	0	0
ENSG00000286541	0	0	0
ENSG00000117650	33	12	21
ENSG00000235021	1	1	0
ENSG00000203724	4	2	2
ENSG00000225006	0	0	0
ENSG00000287633	0	0	0
ENSG00000158764	0	2	3
ENSG00000223375	0	0	0
ENSG00000230714	0	0	0
ENSG00000261065	0	1	0
ENSG00000260855	2	0	2
ENSG00000188783	14	7	7
ENSG00000236206	0	0	0
ENSG00000168118	156	72	84
ENSG00000181101	0	0	0
ENSG00000173726	634	311	323
ENSG00000282852	0	0	0
ENSG00000152382	64	44	35
ENSG00000143839	0	0	0
ENSG00000232100	0	0	0
ENSG00000261024	0	0	0
ENSG00000230547	0	0	0
ENSG00000229703	11	6	5
ENSG00000176754	0	0	0
ENSG00000232309	0	0	0
ENSG00000227953	8	5	10
ENSG00000232215	0	0	0
ENSG00000135829	1369	678	713
ENSG00000228289	0	0	0
ENSG00000134717	138	70	68
ENSG00000232989	0	0	0
ENSG00000233537	0	0	0
ENSG00000116668	35	21	14
ENSG00000143756	167	101	66
ENSG00000278180	0	0	0
ENSG00000143702	107	90	83
ENSG00000232341	1	0	1
ENSG00000287676	5	4	1
ENSG00000236792	0	0	0
ENSG00000143207	191	101	90
ENSG00000270859	0	0	0
ENSG00000238224	0	0	0
ENSG00000286775	0	0	0
ENSG00000122176	393	193	200
ENSG00000229120	3	2	1
ENSG00000237492	0	0	0
ENSG00000230404	0	0	0
ENSG00000213036	0	0	0
ENSG00000227230	0	1	0
ENSG00000236230	0	0	0
ENSG00000026751	186	105	81
ENSG00000150681	23	8	19
ENSG00000116906	104	42	62
ENSG00000092969	0	0	0
ENSG00000157181	236	117	119
ENSG00000250762	0	0	0
ENSG00000236720	0	0	0
ENSG00000227421	0	0	0
ENSG00000227240	0	0	0
ENSG00000076258	4	1	3
ENSG00000286073	0	0	0
ENSG00000231084	0	0	0
ENSG00000232085	0	28	37
ENSG00000117697	63	32	31
ENSG00000279333	0	0	0
ENSG00000235083	0	0	0
ENSG00000162669	0	0	0
ENSG00000197067	0	0	0
ENSG00000229652	0	0	0
ENSG00000132681	0	0	0
ENSG00000225904	0	0	0
ENSG00000270920	0	0	0
ENSG00000281664	0	0	0
ENSG00000143641	135	200	178
ENSG00000227630	4	1	3
ENSG00000228830	0	46	47
ENSG00000010932	11	4	7
ENSG00000282849	0	0	0
ENSG00000276520	0	0	0
ENSG00000226640	0	0	0
ENSG00000010072	43	21	22
ENSG00000135766	2	1	1
ENSG00000232626	4	3	1
ENSG00000232096	0	0	0
ENSG00000279261	0	0	0
ENSG00000213051	0	0	0
ENSG00000238054	0	0	0
ENSG00000163534	2	0	2
ENSG00000168243	59	28	31
ENSG00000281453	0	0	0
ENSG00000237469	0	0	0
ENSG00000224939	0	0	0
ENSG00000227613	0	0	0
ENSG00000116183	0	0	0
ENSG00000270106	0	0	0
ENSG00000232194	0	0	0
ENSG00000235152	0	0	0
ENSG00000231612	0	0	0
ENSG00000237980	0	0	0
ENSG00000271036	0	0	0
ENSG00000230849	0	0	0
ENSG00000170382	1	0	1
ENSG00000228664	0	0	0
ENSG00000226868	0	0	0
ENSG00000279401	0	0	0
ENSG00000272362	0	0	0
ENSG00000287450	0	0	0
ENSG00000237011	0	0	0
ENSG00000233583	0	0	0
ENSG00000066027	492	253	239
ENSG00000286263	0	0	0
ENSG00000227006	1	1	0
ENSG00000236372	0	0	0
ENSG00000224525	0	0	0
ENSG00000188770	0	0	0
ENSG00000173728	9	5	4
ENSG00000094975	398	202	196
ENSG00000225811	2	2	3
ENSG00000273093	0	0	0
ENSG00000162772	148	76	72
ENSG00000227818	0	0	0
ENSG00000135828	90	36	54
ENSG00000224227	0	0	0
ENSG00000286398	0	0	0
ENSG00000076356	295	131	164
ENSG00000215819	0	0	0
ENSG00000185523	0	0	0
ENSG00000236108	0	0	0
ENSG00000116711	13	7	6
ENSG00000231684	0	0	0
ENSG00000226750	0	0	0
ENSG00000285665	0	0	0
ENSG00000231022	0	0	0
ENSG00000224436	0	0	0
ENSG00000228208	0	0	0
ENSG00000273384	1	1	0
ENSG00000238061	3	1	2
ENSG00000234915	0	0	0
ENSG00000143845	0	0	1
ENSG00000235862	0	3	1
ENSG00000069812	60	30	30
ENSG00000227585	0	0	0
ENSG00000157060	0	0	0
ENSG00000237213	0	0	0
ENSG00000236439	20	12	8
ENSG00000224260	0	0	0
ENSG00000213045	0	0	0
ENSG00000287220	0	0	0
ENSG00000230063	0	0	0
ENSG00000235467	0	0	0
ENSG00000123684	234	126	108
ENSG00000117707	490	273	235
ENSG00000228044	0	0	0
ENSG00000225338	19	8	11
ENSG00000224407	0	112	131
ENSG00000232463	0	0	0
ENSG00000237457	10	6	4
ENSG00000225171	0	0	0
ENSG00000226843	0	0	0
ENSG00000235386	0	0	0
ENSG00000123836	284	145	147
ENSG00000213690	0	0	0
ENSG00000223982	0	0	0
ENSG00000229832	4	2	2
ENSG00000117691	82	45	37
ENSG00000225233	0	0	0
ENSG00000274895	5	3	2
ENSG00000237514	0	0	0
ENSG00000287856	0	0	0
ENSG00000228067	0	0	0
ENSG00000284299	0	0	0
ENSG00000226375	0	0	0
ENSG00000203705	17	11	6
ENSG00000224040	0	0	0
ENSG00000228686	0	0	0
ENSG00000279838	71	39	32
ENSG00000174175	0	0	0
ENSG00000236401	0	0	0
ENSG00000241475	0	0	0
ENSG00000215800	0	0	0
ENSG00000286421	0	0	0
ENSG00000270936	0	0	0
ENSG00000008118	0	0	0
ENSG00000171161	85	47	38
ENSG00000241505	0	0	0
ENSG00000224535	0	0	0
ENSG00000282097	0	0	0
ENSG00000261453	0	0	0
ENSG00000231020	0	0	0
ENSG00000270818	0	0	0
ENSG00000196878	161	86	75
ENSG00000133059	8	3	5
ENSG00000225561	0	0	0
ENSG00000224668	0	0	0
ENSG00000242529	0	0	0
ENSG00000074964	422	193	229
ENSG00000223847	0	0	0
ENSG00000277704	0	0	0
ENSG00000116918	98	48	50
ENSG00000274020	1	1	0
ENSG00000287445	0	0	0
ENSG00000259815	0	0	0
ENSG00000240963	0	0	0
ENSG00000226570	0	0	0
ENSG00000198929	31	16	15
ENSG00000272167	16	9	7
ENSG00000230628	0	0	0
ENSG00000162771	0	1	3
ENSG00000227579	0	0	0
ENSG00000176393	216	139	157
ENSG00000174606	99	60	39
ENSG00000179914	2119	1020	1099
ENSG00000235750	211	112	99
ENSG00000284376	0	0	0
ENSG00000121446	0	0	0
ENSG00000226758	0	0	0
ENSG00000230199	0	0	0
ENSG00000236905	0	0	0
ENSG00000233304	0	0	0
ENSG00000288007	0	0	0
ENSG00000227887	0	0	0
ENSG00000116903	40	24	16
ENSG00000228255	0	0	0
ENSG00000226196	0	0	0
ENSG00000287354	0	0	0
ENSG00000233827	0	0	0
ENSG00000198797	0	0	0
ENSG00000271746	0	0	0
ENSG00000234233	0	0	0
ENSG00000151414	82	33	49
ENSG00000177614	39	24	15
ENSG00000223794	0	0	0
ENSG00000235182	0	0	0
ENSG00000213041	0	0	0
ENSG00000287157	0	0	0
ENSG00000233920	0	0	0
ENSG00000183831	0	0	0
ENSG00000225755	2	1	1
ENSG00000143858	70	50	56
ENSG00000197472	14	8	6
ENSG00000230184	11	4	7
ENSG00000234004	0	0	0
ENSG00000232436	0	0	0
ENSG00000231718	0	0	0
ENSG00000283952	0	0	0
ENSG00000230019	0	0	0
ENSG00000136643	63	30	33
ENSG00000232537	0	0	0
ENSG00000226036	0	0	0
ENSG00000285521	0	0	0
ENSG00000236317	0	0	0
ENSG00000176855	0	0	0
ENSG00000227728	0	0	0
ENSG00000133069	0	0	0
ENSG00000162877	0	0	0
ENSG00000233461	6	5	1
ENSG00000225401	5	3	2
ENSG00000228190	0	0	0
ENSG00000135747	1	0	1
ENSG00000227237	20	10	10
ENSG00000069248	67	38	29
ENSG00000232812	0	0	0
ENSG00000231666	0	0	0
ENSG00000226986	3	3	0
ENSG00000242042	0	0	0
ENSG00000234464	0	0	0
ENSG00000253148	0	0	0
ENSG00000227751	0	33	23
ENSG00000090104	28	7	21
ENSG00000285280	8	5	7
ENSG00000232892	0	0	0
ENSG00000236950	0	0	0
ENSG00000236468	0	0	0
ENSG00000143322	132	70	62
ENSG00000185220	16	9	7
ENSG00000226003	0	0	0
ENSG00000230813	0	0	0
ENSG00000226862	5	8	6
ENSG00000236101	0	0	0
ENSG00000162769	101	49	52
ENSG00000133065	75	36	39
ENSG00000278684	0	0	0
ENSG00000236775	0	0	0
ENSG00000042781	16	7	9
ENSG00000234754	0	0	0
ENSG00000233084	0	0	0
ENSG00000227815	0	0	0
ENSG00000287046	0	0	0
ENSG00000223774	0	0	0
ENSG00000228863	5	31	27
ENSG00000228646	0	0	0
ENSG00000229112	0	0	0
ENSG00000233332	0	0	0
ENSG00000231984	0	0	0
ENSG00000286213	0	0	0
ENSG00000226876	0	0	0
ENSG00000277462	5	2	3
ENSG00000225591	3	1	2
ENSG00000035687	149	77	72
ENSG00000213080	1	1	0
ENSG00000180287	0	0	0
ENSG00000226693	0	0	0
ENSG00000234678	24	62	47
ENSG00000231272	0	0	0
ENSG00000223828	0	0	0
ENSG00000163431	0	0	0
ENSG00000230124	95	68	84
ENSG00000226723	1	1	0
ENSG00000272672	0	0	0
ENSG00000143473	0	0	0
ENSG00000228982	0	0	0
ENSG00000235096	0	0	0
ENSG00000237250	0	0	0
ENSG00000007341	35	30	27
ENSG00000286747	0	0	0
ENSG00000236069	0	0	0
ENSG00000236244	0	0	0
ENSG00000272865	0	0	0
ENSG00000117222	115	58	57
ENSG00000143324	227	127	100
ENSG00000229871	0	0	0
ENSG00000225222	0	0	0
ENSG00000118193	137	59	78
ENSG00000234116	0	0	0
ENSG00000231940	0	0	0
ENSG00000198842	0	0	0
ENSG00000286619	0	0	0
ENSG00000198756	6	3	3
ENSG00000259823	395	186	209
ENSG00000271558	0	0	0
ENSG00000227554	0	0	0
ENSG00000178596	0	0	0
ENSG00000135749	50	26	24
ENSG00000143786	10	5	6
ENSG00000224584	0	0	0
ENSG00000054282	153	82	80
ENSG00000183780	0	0	0
ENSG00000229663	0	0	0
ENSG00000162702	224	132	92
ENSG00000251508	0	0	0
ENSG00000238272	0	0	0
ENSG00000228530	0	0	0
ENSG00000235060	11	3	8
ENSG00000143194	13	9	4
ENSG00000229531	3	1	2
ENSG00000271329	0	0	0
ENSG00000054267	659	335	324
ENSG00000261831	0	0	0
ENSG00000287921	0	0	0
ENSG00000177800	0	0	0
ENSG00000225620	0	0	0
ENSG00000232166	0	0	0
ENSG00000175137	12	5	7
ENSG00000134245	54	35	39
ENSG00000234041	0	0	0
ENSG00000227373	1	1	0
ENSG00000231905	0	0	0
ENSG00000228175	0	0	0
ENSG00000069275	3970	1887	2083
ENSG00000143674	122	61	61
ENSG00000237317	0	0	0
ENSG00000187889	45	22	23
ENSG00000134375	217	109	108
ENSG00000097046	40	18	22
ENSG00000232113	0	0	0
ENSG00000282718	0	0	0
ENSG00000231378	0	0	0
ENSG00000235605	0	0	0
ENSG00000223525	6	1	5
ENSG00000224857	0	0	0
ENSG00000273367	6	5	5
ENSG00000230604	1	1	0
ENSG00000231605	0	0	0
ENSG00000236358	0	0	0
ENSG00000203737	0	0	0
ENSG00000238003	0	0	0
ENSG00000215873	0	0	0
ENSG00000287008	0	0	0
ENSG00000185420	21	6	15
ENSG00000076321	167	91	76
ENSG00000272175	0	0	0
ENSG00000231564	0	0	0
ENSG00000135778	107	48	59
ENSG00000213070	0	0	0
ENSG00000282265	0	0	0
ENSG00000250536	0	0	0
ENSG00000229747	0	0	0
ENSG00000117280	13	4	9
ENSG00000233985	0	0	0
ENSG00000232175	0	0	0
ENSG00000287423	0	0	0
ENSG00000286774	0	0	0
ENSG00000236719	0	0	0
ENSG00000136636	165	79	86
ENSG00000225486	0	0	0
ENSG00000227043	0	0	0
ENSG00000163874	630	326	304
ENSG00000285777	0	0	0
ENSG00000237249	20	13	7
ENSG00000286109	0	0	0
ENSG00000213068	0	0	0
ENSG00000054392	4	1	3
ENSG00000227994	0	0	0
ENSG00000286552	0	0	0
ENSG00000225711	17	9	8
ENSG00000122223	22	10	12
ENSG00000235869	1	1	0
ENSG00000188739	0	0	0
ENSG00000286666	0	0	0
ENSG00000135750	314	139	175
ENSG00000273198	0	0	0
ENSG00000203730	8	4	4
ENSG00000225719	0	0	0
ENSG00000273483	0	0	0
ENSG00000287987	0	0	0
ENSG00000203729	0	0	0
ENSG00000232809	0	0	0
ENSG00000284623	0	0	0
ENSG00000285981	0	0	0
ENSG00000261729	0	0	0
ENSG00000223869	0	0	0
ENSG00000229228	0	0	0
ENSG00000215796	0	0	0
ENSG00000185221	0	0	0
ENSG00000233047	0	0	0
ENSG00000143341	2	2	0
ENSG00000228309	3	3	0
ENSG00000229739	13	6	7
ENSG00000116703	0	0	0
ENSG00000273874	0	0	0
ENSG00000278791	0	302	292
ENSG00000278757	0	0	0
ENSG00000264341	0	0	0
ENSG00000264101	0	0	0
ENSG00000265141	0	0	0
ENSG00000221083	1	1	0
ENSG00000252404	0	0	0
ENSG00000222511	0	0	0
ENSG00000265392	0	0	0
ENSG00000243267	0	0	0
ENSG00000201725	0	0	0
ENSG00000274258	0	0	0
ENSG00000239149	0	0	0
ENSG00000252151	0	0	0
ENSG00000252969	0	0	0
ENSG00000252417	0	0	0
ENSG00000200975	0	0	0
ENSG00000201609	0	0	0
ENSG00000238482	0	0	0
ENSG00000252956	0	0	0
ENSG00000265606	0	0	0
ENSG00000284357	0	0	0
ENSG00000278034	0	0	0
ENSG00000207237	0	0	0
ENSG00000222784	0	0	0
ENSG00000266210	0	0	0
ENSG00000265961	0	0	0
ENSG00000251866	1	1	0
ENSG00000252691	0	0	0
ENSG00000264371	0	0	0
ENSG00000253005	0	0	0
ENSG00000238316	0	0	0
ENSG00000207941	0	0	0
ENSG00000264773	0	0	0
ENSG00000252448	0	0	0
ENSG00000200421	0	0	0
ENSG00000222282	0	0	0
ENSG00000199963	0	0	0
ENSG00000264698	0	0	0
ENSG00000207328	0	0	0
ENSG00000207466	0	0	0
ENSG00000252368	0	0	0
ENSG00000206779	0	0	0
ENSG00000265596	0	0	0
ENSG00000212541	0	0	0
ENSG00000200796	0	0	0
ENSG00000252190	0	0	0
ENSG00000264613	0	0	0
ENSG00000199240	0	0	0
ENSG00000277168	0	0	0
ENSG00000283724	0	0	0
ENSG00000284410	0	0	0
ENSG00000252018	0	0	0
ENSG00000206627	0	0	0
ENSG00000283414	0	0	0
ENSG00000207508	0	0	0
ENSG00000200171	0	0	0
ENSG00000207194	1	1	0
ENSG00000283477	0	0	0
ENSG00000264834	0	0	0
ENSG00000263675	0	0	0
ENSG00000266188	0	0	0
ENSG00000206981	0	0	0
ENSG00000200174	0	0	0
ENSG00000265822	0	0	0
ENSG00000265815	0	0	0
ENSG00000238653	0	0	0
ENSG00000212624	0	0	0
ENSG00000200575	4	0	4
ENSG00000212360	0	0	0
ENSG00000242860	0	0	0
ENSG00000263908	0	0	0
ENSG00000283690	0	0	0
ENSG00000199921	0	0	0
ENSG00000251825	0	0	0
ENSG00000201153	0	0	0
ENSG00000222624	0	0	0
ENSG00000223152	0	0	0
ENSG00000212308	0	0	0
ENSG00000279049	0	0	0
ENSG00000276081	0	0	0
ENSG00000239640	0	0	0
ENSG00000252338	0	0	0
ENSG00000251785	0	0	0
ENSG00000239319	0	0	0
ENSG00000222849	0	0	0
ENSG00000283749	0	0	0
ENSG00000251958	0	0	0
ENSG00000251767	0	0	0
ENSG00000243437	1	1	0
ENSG00000202263	0	0	0
ENSG00000199318	0	0	0
ENSG00000199666	0	0	0
ENSG00000200601	0	0	0
ENSG00000242482	0	0	0
ENSG00000212366	0	0	0
ENSG00000201620	0	0	0
ENSG00000206817	0	0	0
ENSG00000284247	0	0	0
ENSG00000200839	0	0	0
ENSG00000264963	0	0	0
ENSG00000264271	0	0	0
ENSG00000239504	0	0	0
ENSG00000284202	0	0	0
ENSG00000251720	1	0	1
ENSG00000274321	0	0	0
ENSG00000198974	0	0	0
ENSG00000212248	0	0	0
ENSG00000207962	0	0	0
ENSG00000276884	0	0	0
ENSG00000207234	15	6	9
ENSG00000202259	3	1	2
ENSG00000212459	0	0	0
ENSG00000278287	0	0	0
ENSG00000277565	0	0	0
ENSG00000263526	11	4	7
ENSG00000211575	0	0	0
ENSG00000275823	0	0	0
ENSG00000277689	0	0	0
ENSG00000274199	0	0	0
ENSG00000202254	0	0	0
ENSG00000244256	0	0	0
ENSG00000201491	0	0	0
ENSG00000199831	0	0	0
ENSG00000275455	0	0	0
ENSG00000252162	0	0	0
ENSG00000272051	0	0	0
ENSG00000283899	0	0	0
ENSG00000200800	0	0	0
ENSG00000207502	0	0	0
ENSG00000252530	0	0	0
ENSG00000200536	0	0	0
ENSG00000211543	0	0	0
ENSG00000252797	0	0	0
ENSG00000212266	0	0	0
ENSG00000222209	0	0	0
ENSG00000277141	0	0	0
ENSG00000215930	0	0	0
ENSG00000238761	0	0	0
ENSG00000201114	0	0	0
ENSG00000206679	0	0	0
ENSG00000264419	0	0	0
ENSG00000222069	0	0	0
ENSG00000274428	0	0	0
ENSG00000199879	0	0	0
ENSG00000274408	0	0	0
ENSG00000283676	0	0	0
ENSG00000252005	0	0	0
ENSG00000252510	2	0	2
ENSG00000207340	0	0	0
ENSG00000252830	0	0	0
ENSG00000274450	0	0	0
ENSG00000252135	0	0	0
ENSG00000278596	0	0	0
ENSG00000238825	0	0	0
ENSG00000201183	0	0	0
ENSG00000202408	0	0	0
ENSG00000252744	0	0	0
ENSG00000273768	0	0	0
ENSG00000242565	0	0	0
ENSG00000239984	0	0	0
ENSG00000283296	0	0	0
ENSG00000252717	0	0	0
ENSG00000194297	0	0	0
ENSG00000199565	0	0	0
ENSG00000277313	0	0	0
ENSG00000274940	0	0	0
ENSG00000207341	0	0	0
ENSG00000207472	0	0	0
ENSG00000206880	0	0	0
ENSG00000252552	0	0	0
ENSG00000199849	0	0	0
ENSG00000252407	0	0	0
ENSG00000212538	0	0	0
ENSG00000251813	0	0	0
ENSG00000207108	0	0	0
ENSG00000201312	0	0	0
ENSG00000207039	0	0	0
ENSG00000202491	0	0	0
ENSG00000201596	0	0	0
ENSG00000276839	0	0	0
ENSG00000207974	0	0	0
ENSG00000273629	0	0	0
ENSG00000201493	0	0	0
ENSG00000215952	0	0	0
ENSG00000200139	0	0	0
ENSG00000283575	0	0	0
ENSG00000238765	0	0	0
ENSG00000264916	0	0	0
ENSG00000212338	0	0	0
ENSG00000206659	0	0	0
ENSG00000253025	0	0	0
ENSG00000201619	0	0	0
ENSG00000201544	3	1	2
ENSG00000202498	0	0	0
ENSG00000221545	0	0	0
ENSG00000252906	0	0	0
ENSG00000206692	0	0	0
ENSG00000202329	0	0	0
ENSG00000242794	0	0	0
ENSG00000212144	0	0	0
ENSG00000283340	0	0	0
ENSG00000252860	0	0	0
ENSG00000252501	0	0	0
ENSG00000263390	0	0	0
ENSG00000207181	0	0	0
ENSG00000265744	0	0	0
ENSG00000264377	0	0	0
ENSG00000207149	0	0	0
ENSG00000283936	0	0	0
ENSG00000284485	0	0	0
ENSG00000201638	0	0	0
ENSG00000275213	0	0	0
ENSG00000239494	0	0	0
ENSG00000212230	0	0	0
ENSG00000252371	0	0	0
ENSG00000199442	0	0	0
ENSG00000200033	0	0	0
ENSG00000239690	0	0	0
ENSG00000202184	0	0	0
ENSG00000241395	0	0	0
ENSG00000200982	0	0	0
ENSG00000275207	0	0	0
ENSG00000202300	0	0	0
ENSG00000222407	0	0	0
ENSG00000222986	0	0	0
ENSG00000265435	0	0	0
ENSG00000272262	0	0	0
ENSG00000200495	0	0	0
ENSG00000202609	0	0	0
ENSG00000252553	0	0	0
ENSG00000206764	0	0	0
ENSG00000222240	0	0	0
ENSG00000212187	0	0	0
ENSG00000206637	0	0	0
ENSG00000253097	0	0	0
ENSG00000200036	0	0	0
ENSG00000201421	0	0	0
ENSG00000212610	0	0	0
ENSG00000252484	0	0	0
ENSG00000201944	0	0	0
ENSG00000200327	0	0	0
ENSG00000206905	0	0	0
ENSG00000200972	0	0	0
ENSG00000243051	1	1	0
ENSG00000252011	0	0	0
ENSG00000207326	0	0	0
ENSG00000212205	0	0	0
ENSG00000253042	7	6	1
ENSG00000274121	0	0	0
ENSG00000264358	0	0	0
ENSG00000206640	0	0	0
ENSG00000212527	0	0	0
ENSG00000252879	0	0	0
ENSG00000252612	0	0	0
ENSG00000202264	0	0	0
ENSG00000285609	0	0	0
ENSG00000206762	1	0	1
ENSG00000252084	0	0	0
ENSG00000200085	0	0	0
ENSG00000264500	0	0	0
ENSG00000202025	0	0	0
ENSG00000225545	0	0	0
ENSG00000206990	0	0	0
ENSG00000230175	0	0	0
ENSG00000225272	0	0	0
ENSG00000215838	0	0	0
ENSG00000273365	0	0	0
ENSG00000224358	2	0	2
ENSG00000230659	0	0	0
ENSG00000162545	692	308	384
ENSG00000090432	52	29	23
ENSG00000215520	0	0	0
ENSG00000183114	0	0	0
ENSG00000158825	40	20	20
ENSG00000158828	33	55	75
ENSG00000284005	0	0	0
ENSG00000117242	23	63	55
ENSG00000234473	0	0	0
ENSG00000238754	6	3	3
ENSG00000134371	408	193	220
ENSG00000221680	0	0	0
ENSG00000162630	14	6	12
ENSG00000276735	0	0	1
ENSG00000232077	0	0	0
ENSG00000229639	0	0	0
ENSG00000287453	0	0	0
ENSG00000270615	0	0	0
ENSG00000287283	0	0	0
ENSG00000240692	0	0	0
ENSG00000229359	0	0	0
ENSG00000237919	0	0	0
ENSG00000066557	20	5	15
ENSG00000244389	0	0	0
ENSG00000228988	3	1	2
ENSG00000118454	157	82	75
ENSG00000226088	0	0	0
ENSG00000116761	8	4	4
ENSG00000278636	0	0	0
ENSG00000271992	2	1	1
ENSG00000233020	0	0	0
ENSG00000237033	0	0	0
ENSG00000226208	0	0	0
ENSG00000007968	92	44	48
ENSG00000235052	0	0	0
ENSG00000117318	237	117	120
ENSG00000285802	0	0	0
ENSG00000229239	0	0	0
ENSG00000142676	8766	4086	4680
ENSG00000057757	108	50	58
ENSG00000011009	221	120	101
ENSG00000117308	101	50	51
ENSG00000273844	0	0	0
ENSG00000235748	0	0	0
ENSG00000237861	0	0	0
ENSG00000221879	0	0	0
ENSG00000230260	0	0	0
ENSG00000199241	0	0	0
ENSG00000226919	0	0	0
ENSG00000223963	0	0	0
ENSG00000215802	0	0	0
ENSG00000233615	0	0	0
ENSG00000238085	0	0	0
ENSG00000265831	0	0	0
ENSG00000224348	0	0	0
ENSG00000286496	0	0	0
ENSG00000287516	0	0	0
ENSG00000287738	0	0	0
ENSG00000132703	0	0	0
ENSG00000276632	0	0	0
ENSG00000223603	0	0	0
ENSG00000132693	0	0	0
ENSG00000235226	0	0	0
ENSG00000158716	30	3	27
ENSG00000181036	1	1	0
ENSG00000158714	0	17	13
ENSG00000212161	7	2	5
ENSG00000243284	0	0	0
ENSG00000272668	0	0	0
ENSG00000213085	0	0	0
ENSG00000266458	0	0	0
ENSG00000287040	9	6	3
ENSG00000279430	0	0	0
ENSG00000162723	0	0	0
ENSG00000273933	0	0	0
ENSG00000256029	0	0	0
ENSG00000188004	0	0	0
ENSG00000266580	0	0	0
ENSG00000254545	0	0	0
ENSG00000203620	0	0	0
ENSG00000269967	0	0	0
ENSG00000228634	11	5	6
ENSG00000284702	0	0	0
ENSG00000221040	0	0	0
ENSG00000287217	0	0	0
ENSG00000163399	596	2888	2723
ENSG00000212385	0	0	0
ENSG00000233154	23	10	13
ENSG00000230381	0	0	0
ENSG00000200547	0	0	0
ENSG00000224950	0	2	0
ENSG00000286276	0	0	2
ENSG00000177888	116	51	65
ENSG00000243364	5	2	3
ENSG00000251246	0	0	0
ENSG00000143590	7	5	2
ENSG00000202027	0	0	0
ENSG00000169242	80	39	41
ENSG00000169241	447	239	209
ENSG00000223452	0	0	0
ENSG00000163463	49	27	22
ENSG00000273088	0	0	0
ENSG00000284586	0	0	0
ENSG00000169231	3	2	5
ENSG00000236263	0	0	0
ENSG00000236675	5	3	2
ENSG00000177628	115	62	53
ENSG00000116521	97	49	48
ENSG00000176444	182	92	90
ENSG00000143630	3	4	15
ENSG00000143627	3	14	5
ENSG00000253074	0	0	0
ENSG00000252116	0	0	0
ENSG00000228523	0	0	0
ENSG00000223263	3	3	0
ENSG00000207504	0	0	0
ENSG00000238139	0	0	0
ENSG00000197721	0	0	0
ENSG00000244703	0	0	0
ENSG00000226289	0	0	0
ENSG00000285239	0	0	0
ENSG00000234219	1	0	1
ENSG00000174059	0	0	0
ENSG00000285719	0	0	0
ENSG00000284237	6	4	2
ENSG00000158731	0	0	0
ENSG00000201746	0	0	0
ENSG00000264881	0	0	0
ENSG00000199562	1	1	0
ENSG00000264501	0	0	0
ENSG00000284735	26	11	15
ENSG00000284642	5	3	2
ENSG00000142657	288	155	133
ENSG00000271989	0	3	4
ENSG00000251503	0	0	0
ENSG00000175279	14	6	8
ENSG00000160049	131	87	80
ENSG00000203469	0	18	18
ENSG00000236035	2	1	1
ENSG00000221643	0	0	0
ENSG00000122188	4	1	3
ENSG00000288644	0	0	0
ENSG00000227417	5	1	4
ENSG00000223505	0	0	0
ENSG00000182004	629	318	311
ENSG00000236430	0	0	0
ENSG00000130768	35	32	33
ENSG00000227050	0	14	16
ENSG00000238231	3	0	3
ENSG00000240750	6	5	1
ENSG00000158156	6	1	5
ENSG00000182118	25	11	14
ENSG00000283799	0	0	0
ENSG00000227934	0	0	0
ENSG00000229595	0	0	0
ENSG00000143633	165	86	79
ENSG00000281912	0	0	0
ENSG00000288208	0	0	0
ENSG00000132773	2	11	9
ENSG00000070759	7	10	15
ENSG00000236872	0	0	0
ENSG00000280670	7	6	1
ENSG00000132763	129	292	317
ENSG00000221953	0	0	0
ENSG00000226164	0	0	0
ENSG00000224014	0	0	0
ENSG00000215795	0	0	0
ENSG00000259865	7	5	2
ENSG00000227671	167	86	81
ENSG00000283881	0	0	0
ENSG00000252516	0	0	0
ENSG00000232347	0	0	0
ENSG00000214144	1	1	0
ENSG00000235818	0	0	0
ENSG00000197617	0	0	0
ENSG00000202079	0	0	0
ENSG00000286216	0	0	0
ENSG00000203664	0	0	0
ENSG00000169224	0	0	0
ENSG00000236817	0	0	0
ENSG00000177489	0	0	0
ENSG00000177476	0	0	0
ENSG00000283369	0	0	0
ENSG00000230411	0	0	0
ENSG00000251977	0	0	0
ENSG00000252254	0	0	0
ENSG00000227854	0	0	0
ENSG00000287589	0	0	0
ENSG00000259776	0	0	0
ENSG00000233355	116	82	72
ENSG00000234601	0	1	1
ENSG00000231979	0	11	1
ENSG00000215805	0	0	0
ENSG00000287102	0	0	0
ENSG00000217327	0	0	0
ENSG00000228818	0	0	0
ENSG00000202041	0	0	0
ENSG00000223694	0	0	0
ENSG00000233735	0	2	0
ENSG00000133019	183	99	136
ENSG00000162636	152	80	72
ENSG00000162639	8	7	1
ENSG00000285923	0	0	0
ENSG00000134186	1097	520	578
ENSG00000143107	0	0	0
ENSG00000232971	0	0	0
ENSG00000116266	146	83	63
ENSG00000228076	0	0	0
ENSG00000203897	0	0	0
ENSG00000237349	0	0	0
ENSG00000244716	2	1	1
ENSG00000228665	0	0	0
ENSG00000228054	0	0	0
ENSG00000273382	2	6	5
ENSG00000215717	94	57	46
ENSG00000278249	0	0	0
ENSG00000270066	0	0	0
ENSG00000251484	1	0	1
ENSG00000132676	187	140	93
ENSG00000227673	0	0	0
ENSG00000203761	7	4	3
ENSG00000234937	0	0	0
ENSG00000132718	8	3	5
ENSG00000283442	0	0	0
ENSG00000143622	72	40	32
ENSG00000132680	194	99	95
ENSG00000207475	2	0	2
ENSG00000280466	0	0	0
ENSG00000281394	0	0	0
ENSG00000277817	0	0	0
ENSG00000273002	0	0	0
ENSG00000224276	0	0	0
ENSG00000285677	0	310	304
ENSG00000163479	435	515	525
ENSG00000160803	150	88	62
ENSG00000132698	439	221	218
ENSG00000252236	0	0	0
ENSG00000260238	0	0	0
ENSG00000242252	0	0	0
ENSG00000198952	288	129	159
ENSG00000163472	5	17	19
ENSG00000163468	317	161	157
ENSG00000132677	0	0	0
ENSG00000237390	0	0	0
ENSG00000207933	0	0	0
ENSG00000254726	15	12	3
ENSG00000186377	12	5	7
ENSG00000186160	0	0	0
ENSG00000225154	0	0	0
ENSG00000225506	0	0	0
ENSG00000225514	0	0	0
ENSG00000224805	0	0	0
ENSG00000162366	266	137	129
ENSG00000226252	0	0	0
ENSG00000225762	5	2	3
ENSG00000186790	0	0	0
ENSG00000237424	71	36	35
ENSG00000189030	0	0	0
ENSG00000162763	0	0	0
ENSG00000143061	75	38	37
ENSG00000135821	1464	730	734
ENSG00000203740	0	0	0
ENSG00000162374	0	0	0
ENSG00000168275	213	135	132
ENSG00000241563	0	0	0
ENSG00000153207	388	188	200
ENSG00000156869	37	21	16
ENSG00000033122	10	6	4
ENSG00000143278	0	0	0
ENSG00000116678	0	0	0
ENSG00000159352	148	83	65
ENSG00000158710	566	283	283
ENSG00000162734	420	295	294
ENSG00000049239	397	214	183
ENSG00000186564	50	34	16
ENSG00000244038	90	49	41
ENSG00000158747	508	279	229
ENSG00000116690	0	42	34
ENSG00000126091	18	8	10
ENSG00000162383	2	0	2
ENSG00000171163	101	60	41
ENSG00000172456	53	27	26
ENSG00000162946	16	6	10
ENSG00000158786	0	0	0
ENSG00000118733	0	0	0
ENSG00000157870	285	202	193
ENSG00000179085	196	95	101
ENSG00000173080	1	0	1
ENSG00000183347	0	0	0
ENSG00000276470	0	0	0
ENSG00000278852	0	0	0
ENSG00000275915	0	0	0
ENSG00000120937	0	0	0
ENSG00000224904	0	0	0
ENSG00000285646	7	3	4
ENSG00000199347	0	0	0
ENSG00000201801	0	0	0
ENSG00000116685	489	260	229
ENSG00000083444	231	113	118
ENSG00000287384	0	0	0
ENSG00000270914	0	0	0
ENSG00000116691	66	32	34
ENSG00000202461	1	0	1
ENSG00000276869	0	0	0
ENSG00000243539	0	0	0
ENSG00000120949	0	0	0
ENSG00000201135	0	0	0
ENSG00000227875	0	0	0
ENSG00000285604	0	0	0
ENSG00000283789	0	0	0
ENSG00000263676	0	0	0
ENSG00000200591	0	0	0
ENSG00000162521	213	240	244
ENSG00000162520	0	142	129
ENSG00000224409	0	0	0
ENSG00000162522	494	242	253
ENSG00000116497	58	38	30
ENSG00000160097	8	4	4
ENSG00000121905	4	242	223
ENSG00000121900	66	254	273
ENSG00000287691	0	0	0
ENSG00000278966	0	0	0
ENSG00000143222	554	295	264
ENSG00000224985	0	5	0
ENSG00000143224	12	7	10
ENSG00000158850	105	51	59
ENSG00000158859	0	0	0
ENSG00000158869	133	72	61
ENSG00000158874	0	0	0
ENSG00000158882	8	11	9
ENSG00000284035	0	0	0
ENSG00000143257	0	6	6
ENSG00000248485	0	0	0
ENSG00000188931	16	18	18
ENSG00000236484	0	0	0
ENSG00000283696	0	0	0
ENSG00000288093	12	3	9
ENSG00000206921	0	0	0
ENSG00000215840	0	0	0
ENSG00000277882	0	0	0
ENSG00000283317	0	0	0
ENSG00000277762	0	0	0
ENSG00000227139	0	0	0
ENSG00000265107	0	0	0
ENSG00000274415	0	0	0
ENSG00000234190	0	0	0
ENSG00000223728	0	0	0
ENSG00000121634	0	0	0
ENSG00000188092	39	17	22
ENSG00000215859	1	0	1
ENSG00000273059	0	0	0
ENSG00000274372	0	0	0
ENSG00000206791	0	0	0
ENSG00000206585	0	0	0
ENSG00000229828	0	0	0
ENSG00000225080	0	0	0
ENSG00000198658	0	0	0
ENSG00000238382	0	0	0
ENSG00000225919	0	0	0
ENSG00000236497	0	0	0
ENSG00000207190	0	0	0
ENSG00000200508	0	0	0
ENSG00000284928	0	0	0
ENSG00000223949	0	0	0
ENSG00000116688	341	157	184
ENSG00000188800	0	0	0
ENSG00000084073	172	103	69
ENSG00000231296	0	0	0
ENSG00000049089	37	19	18
ENSG00000227311	0	0	0
ENSG00000213172	3	3	0
ENSG00000284677	0	0	0
ENSG00000187801	2	1	1
ENSG00000260920	32	19	13
ENSG00000158887	0	0	0
ENSG00000255054	0	0	0
ENSG00000228172	3	30	24
ENSG00000117640	88	54	49
ENSG00000272478	0	0	0
ENSG00000127423	4	2	2
ENSG00000182749	7	3	4
ENSG00000207302	0	0	0
ENSG00000117632	353	181	172
ENSG00000229786	0	0	0
ENSG00000223624	0	0	0
ENSG00000283938	0	0	0
ENSG00000199385	0	0	0
ENSG00000187147	110	101	88
ENSG00000263381	0	0	0
ENSG00000126106	143	123	99
ENSG00000198520	0	0	0
ENSG00000199377	0	0	0
ENSG00000200169	0	0	0
ENSG00000142945	50	26	30
ENSG00000142937	7673	3999	3808
ENSG00000264294	0	0	0
ENSG00000200913	0	0	0
ENSG00000202031	0	0	0
ENSG00000207421	0	0	0
ENSG00000281859	0	0	0
ENSG00000234093	0	0	0
ENSG00000142959	424	216	208
ENSG00000173846	21	10	11
ENSG00000117425	11	8	3
ENSG00000202444	0	0	0
ENSG00000226499	0	0	0
ENSG00000070785	90	43	47
ENSG00000253039	0	0	0
ENSG00000229815	0	0	0
ENSG00000232369	0	0	0
ENSG00000268949	0	0	0
ENSG00000126107	414	206	208
ENSG00000126088	91	42	49
ENSG00000234315	0	0	0
ENSG00000162408	198	102	96
ENSG00000229519	0	0	0
ENSG00000173662	0	0	0
ENSG00000204859	52	23	29
ENSG00000288629	0	0	0
ENSG00000230735	0	0	0
ENSG00000171488	50	19	31
ENSG00000226394	0	0	0
ENSG00000237200	0	0	0
ENSG00000070886	0	0	0
ENSG00000276835	0	0	0
ENSG00000265422	0	0	0
ENSG00000223776	0	0	1
ENSG00000273058	6	2	4
ENSG00000230325	0	0	0
ENSG00000119285	186	212	197
ENSG00000226498	0	0	0
ENSG00000237991	0	0	0
ENSG00000244020	0	0	0
ENSG00000288099	0	0	0
ENSG00000225886	0	0	0
ENSG00000206767	0	0	0
ENSG00000226662	0	0	0
ENSG00000207095	0	0	0
ENSG00000287244	0	0	0
ENSG00000231344	0	0	0
ENSG00000230833	0	0	0
ENSG00000117758	136	71	65
ENSG00000269971	7	3	4
ENSG00000270031	6	2	4
ENSG00000223062	0	0	0
ENSG00000286433	2	4	11
ENSG00000117751	246	140	119
ENSG00000252947	0	0	0
ENSG00000130775	47	27	20
ENSG00000117748	68	29	39
ENSG00000223643	0	0	0
ENSG00000230239	0	0	0
ENSG00000263811	0	0	0
ENSG00000277234	0	0	0
ENSG00000235241	0	7	6
ENSG00000207005	0	0	0
ENSG00000272426	5	1	4
ENSG00000117122	1	0	1
ENSG00000286898	0	0	0
ENSG00000226526	0	0	0
ENSG00000159363	159	79	80
ENSG00000117118	264	123	141
ENSG00000117115	910	475	435
ENSG00000204362	0	0	0
ENSG00000282843	0	0	0
ENSG00000142623	0	0	0
ENSG00000142619	0	0	0
ENSG00000266634	0	0	0
ENSG00000199459	0	0	0
ENSG00000273264	0	0	0
ENSG00000282057	0	0	0
ENSG00000272691	0	0	0
ENSG00000199934	0	0	0
ENSG00000230285	0	0	0
ENSG00000142871	1	1	0
ENSG00000226643	0	0	0
ENSG00000234419	0	0	0
ENSG00000276997	0	0	0
ENSG00000222399	0	0	0
ENSG00000267305	0	0	0
ENSG00000143512	0	0	0
ENSG00000143498	21	12	9
ENSG00000225265	2	0	2
ENSG00000154305	830	451	506
ENSG00000229399	0	0	0
ENSG00000272750	0	70	57
ENSG00000186063	110	57	57
ENSG00000162819	522	262	264
ENSG00000287684	13	8	10
ENSG00000234523	0	0	0
ENSG00000287338	0	0	0
ENSG00000187554	23	11	12
ENSG00000236846	0	0	0
ENSG00000226601	0	0	0
ENSG00000164010	14	34	32
ENSG00000164011	39	21	18
ENSG00000233708	0	0	0
ENSG00000237090	0	0	0
ENSG00000225099	0	0	0
ENSG00000284138	0	0	0
ENSG00000283973	0	0	0
ENSG00000207256	0	0	0
ENSG00000283136	0	0	0
ENSG00000277513	0	0	0
ENSG00000154309	51	23	28
ENSG00000226967	0	0	0
ENSG00000231407	4	4	0
ENSG00000229570	0	0	0
ENSG00000203857	0	0	0
ENSG00000226443	0	0	0
ENSG00000249798	0	0	0
ENSG00000239873	0	0	0
ENSG00000203855	0	0	0
ENSG00000240244	0	0	0
ENSG00000260941	0	0	0
ENSG00000198857	0	0	0
ENSG00000143067	38	16	22
ENSG00000134240	859	430	429
ENSG00000134193	410	200	210
ENSG00000215864	0	0	0
ENSG00000227205	3	2	1
ENSG00000226446	0	0	0
ENSG00000134249	0	0	0
ENSG00000092621	2	0	2
ENSG00000027644	0	0	0
ENSG00000241992	0	0	0
ENSG00000234226	0	0	0
ENSG00000137970	45	20	25
ENSG00000223229	0	0	0
ENSG00000285698	0	0	0
ENSG00000228035	0	0	0
ENSG00000287103	0	0	0
ENSG00000226973	0	0	0
ENSG00000274468	0	0	0
ENSG00000130764	146	75	76
ENSG00000266075	0	0	0
ENSG00000272153	0	3	2
ENSG00000230026	0	0	0
ENSG00000285177	0	0	0
ENSG00000284770	13	33	20
ENSG00000229795	0	0	0
ENSG00000238236	0	0	0
ENSG00000235638	0	0	0
ENSG00000231199	0	0	0
ENSG00000226663	0	0	0
ENSG00000231582	0	0	0
ENSG00000232714	0	0	0
ENSG00000235761	0	0	0
ENSG00000270710	0	0	0
ENSG00000227236	0	0	0
ENSG00000198837	85	39	46
ENSG00000160741	131	77	54
ENSG00000276584	0	0	0
ENSG00000282386	1	1	0
ENSG00000273026	0	0	0
ENSG00000143578	44	65	74
ENSG00000143543	15	41	43
ENSG00000285641	0	0	0
ENSG00000143545	60	27	33
ENSG00000177954	1391	683	708
ENSG00000231416	0	0	0
ENSG00000200220	0	0	0
ENSG00000231837	0	0	0
ENSG00000263987	0	0	0
ENSG00000162642	96	45	51
ENSG00000223254	0	0	0
ENSG00000223653	23	19	14
ENSG00000116198	246	118	128
ENSG00000169598	2	1	1
ENSG00000226653	0	0	0
ENSG00000207209	0	0	0
ENSG00000272443	0	0	0
ENSG00000272480	0	0	0
ENSG00000288626	0	0	0
ENSG00000162836	72	32	40
ENSG00000207080	0	0	0
ENSG00000231791	0	0	0
ENSG00000244568	0	0	0
ENSG00000271387	3	1	2
ENSG00000116667	323	163	160
ENSG00000230470	0	0	0
ENSG00000232036	6	5	1
ENSG00000285847	10	4	6
ENSG00000286378	0	0	0
ENSG00000215381	0	0	0
ENSG00000261326	33	17	16
ENSG00000284726	0	0	0
ENSG00000125945	41	19	23
ENSG00000201405	0	0	0
ENSG00000271420	2	0	2
ENSG00000204219	567	290	277
ENSG00000232482	5	3	2
ENSG00000285779	0	0	0
ENSG00000162885	38	64	79
ENSG00000270780	0	0	0
ENSG00000232895	0	0	0
ENSG00000273698	0	0	0
ENSG00000273112	4	2	2
ENSG00000173110	2	1	1
ENSG00000224203	0	0	0
ENSG00000224515	0	0	0
ENSG00000225217	0	0	0
ENSG00000231586	0	0	0
ENSG00000234211	0	0	0
ENSG00000213075	8	4	4
ENSG00000143125	0	0	0
ENSG00000270380	0	0	0
ENSG00000282887	0	0	0
ENSG00000283999	0	0	0
ENSG00000240194	0	0	0
ENSG00000235407	0	0	0
ENSG00000143105	0	0	0
ENSG00000199710	0	0	0
ENSG00000237415	0	0	0
ENSG00000232791	0	0	0
ENSG00000177301	10	5	5
ENSG00000226828	0	0	0
ENSG00000279774	0	0	0
ENSG00000229960	0	0	0
ENSG00000286486	0	0	0
ENSG00000244066	0	0	0
ENSG00000237759	0	0	0
ENSG00000287531	0	0	0
ENSG00000225855	11	187	132
ENSG00000283701	0	0	0
ENSG00000207134	0	0	0
ENSG00000227773	20	10	11
ENSG00000207144	0	0	0
ENSG00000237872	2	0	2
ENSG00000271267	0	0	0
ENSG00000225082	0	0	0
ENSG00000223503	0	0	0
ENSG00000232519	0	0	1
ENSG00000160752	17	132	193
ENSG00000121957	155	204	216
ENSG00000235089	0	0	0
ENSG00000285179	0	0	0
ENSG00000223026	0	0	0
ENSG00000225721	0	69	71
ENSG00000188396	0	0	0
ENSG00000202167	0	0	0
ENSG00000207349	0	0	0
ENSG00000252826	0	0	0
ENSG00000206737	0	0	0
ENSG00000223779	0	0	0
ENSG00000242352	0	0	0
ENSG00000270962	0	0	0
ENSG00000263590	0	0	0
ENSG00000252105	0	0	0
ENSG00000233430	0	0	0
ENSG00000237503	0	0	0
ENSG00000265531	10	5	5
ENSG00000234571	7	2	5
ENSG00000230186	0	0	0
ENSG00000268074	0	0	0
ENSG00000270872	0	0	0
ENSG00000276674	0	0	0
ENSG00000082482	0	0	0
ENSG00000116747	317	180	174
ENSG00000118729	0	0	0
ENSG00000134207	0	0	0
ENSG00000163467	0	1	0
ENSG00000243710	0	0	0
ENSG00000117395	629	293	336
ENSG00000116874	138	65	76
ENSG00000065600	0	0	0
ENSG00000009780	111	54	57
ENSG00000023572	71	46	56
ENSG00000077254	190	91	99
ENSG00000134644	533	296	237
ENSG00000215788	50	30	40
ENSG00000117834	10	6	4
ENSG00000117625	192	90	102
ENSG00000179902	0	0	0
ENSG00000020633	171	81	90
ENSG00000121766	67	65	73
ENSG00000143157	350	189	176
ENSG00000162614	0	0	1
ENSG00000160781	8	4	4
ENSG00000143344	38	28	10
ENSG00000162613	1009	531	479
ENSG00000116882	3	3	0
ENSG00000198758	1090	548	542
ENSG00000117569	146	77	69
ENSG00000142856	118	61	78
ENSG00000158022	0	0	0
ENSG00000116396	75	39	36
ENSG00000058668	88	48	40
ENSG00000163875	186	92	94
ENSG00000282872	0	0	0
ENSG00000131238	163	103	77
ENSG00000171680	25	9	16
ENSG00000244457	0	0	0
ENSG00000116977	205	211	224
ENSG00000229372	0	4	4
ENSG00000274975	0	0	0
ENSG00000229348	0	0	0
ENSG00000242485	56	72	49
ENSG00000264293	0	0	0
ENSG00000272455	0	0	0
ENSG00000225905	0	0	0
ENSG00000225285	0	0	0
ENSG00000179403	43	17	26
ENSG00000215915	0	0	0
ENSG00000236085	0	0	0
ENSG00000234441	0	0	0
ENSG00000227408	0	0	0
ENSG00000223635	14	8	6
ENSG00000135776	58	28	30
ENSG00000199672	0	0	0
ENSG00000201492	0	0	0
ENSG00000229367	0	0	0
ENSG00000135763	39	17	22
ENSG00000213028	0	0	0
ENSG00000225984	0	0	0
ENSG00000178828	9	25	32
ENSG00000235434	0	28	20
ENSG00000169914	58	36	22
ENSG00000188784	0	0	0
ENSG00000242688	0	0	0
ENSG00000177186	0	0	0
ENSG00000177174	0	0	0
ENSG00000269956	0	7	8
ENSG00000162456	0	0	0
ENSG00000079277	213	120	108
ENSG00000117407	0	0	0
ENSG00000237950	12	6	6
ENSG00000117408	17	6	11
ENSG00000285649	0	31	32
ENSG00000117410	567	271	296
ENSG00000159214	15	18	11
ENSG00000196517	45	21	38
ENSG00000227163	0	0	0
ENSG00000271647	0	0	0
ENSG00000239560	0	0	0
ENSG00000196539	0	0	0
ENSG00000229255	0	0	0
ENSG00000203661	0	0	0
ENSG00000271934	0	0	0
ENSG00000224521	0	0	0
ENSG00000227102	0	0	0
ENSG00000183310	0	0	0
ENSG00000201602	0	0	0
ENSG00000271701	0	0	0
ENSG00000189181	0	0	0
ENSG00000187238	0	0	0
ENSG00000185962	0	0	0
ENSG00000226947	0	0	0
ENSG00000285753	0	0	0
ENSG00000187223	0	0	0
ENSG00000159455	0	0	0
ENSG00000187173	0	0	0
ENSG00000204501	0	0	0
ENSG00000228229	0	0	0
ENSG00000204481	0	0	0
ENSG00000204479	0	0	0
ENSG00000172031	0	0	0
ENSG00000233228	0	0	0
ENSG00000224678	0	0	0
ENSG00000233401	0	0	0
ENSG00000273487	0	0	0
ENSG00000226773	0	0	0
ENSG00000274481	0	0	0
ENSG00000228594	4	1	3
ENSG00000286989	0	0	0
ENSG00000272106	58	30	28
ENSG00000189409	0	1	0
ENSG00000272004	0	1	1
ENSG00000189339	58	32	28
ENSG00000269737	18	11	7
ENSG00000215914	0	0	0
ENSG00000008128	4	3	1
ENSG00000268575	11	14	4
ENSG00000227775	28	17	17
ENSG00000008130	227	128	99
ENSG00000078369	1005	493	512
ENSG00000178821	25	12	13
ENSG00000158477	1	1	0
ENSG00000230942	0	0	0
ENSG00000158481	5	1	4
ENSG00000158485	0	0	0
ENSG00000158488	1	0	1
ENSG00000186306	0	0	0
ENSG00000203758	0	0	0
ENSG00000236257	0	0	0
ENSG00000236656	0	0	0
ENSG00000198703	0	0	0
ENSG00000227445	0	0	0
ENSG00000231434	0	0	0
ENSG00000117505	367	193	174
ENSG00000229635	0	0	0
ENSG00000207379	0	0	0
ENSG00000212601	8	4	4
ENSG00000162889	183	89	94
ENSG00000224114	3	1	2
ENSG00000199349	0	0	0
ENSG00000162892	0	0	0
ENSG00000162894	14	7	7
ENSG00000271680	0	0	0
ENSG00000226945	0	0	0
ENSG00000162896	76454	39276	37178
ENSG00000162897	13	3	10
ENSG00000182795	203	116	87
ENSG00000198890	62	32	30
ENSG00000224550	0	0	0
ENSG00000142669	524	2405	2265
ENSG00000169442	46	32	15
ENSG00000225854	0	0	0
ENSG00000176083	0	0	0
ENSG00000229167	0	0	0
ENSG00000142910	196	99	97
ENSG00000162517	70	33	38
ENSG00000235790	8	8	8
ENSG00000264078	1	0	1
ENSG00000241745	0	0	0
ENSG00000228407	0	0	0
ENSG00000223429	0	0	0
ENSG00000224255	0	0	0
ENSG00000236004	0	0	0
ENSG00000237663	0	0	0
ENSG00000213735	0	0	0
ENSG00000272100	0	6	6
ENSG00000287078	3	2	1
ENSG00000224680	0	0	0
ENSG00000085840	60	26	34
ENSG00000283445	0	0	0
ENSG00000272226	0	0	0
ENSG00000231740	0	0	0
ENSG00000143751	64	26	38
ENSG00000272562	0	0	0
ENSG00000163041	845	407	438
ENSG00000225518	3	0	3
ENSG00000270598	12	7	5
ENSG00000182827	966	564	545
ENSG00000234478	9	82	70
ENSG00000223570	0	0	0
ENSG00000185155	0	0	0
ENSG00000236773	2	2	0
ENSG00000143753	64	32	32
ENSG00000201898	0	0	0
ENSG00000237101	0	10	9
ENSG00000143748	109	73	55
ENSG00000221406	0	0	0
ENSG00000229742	12	9	3
ENSG00000206887	0	0	0
ENSG00000143771	295	129	166
ENSG00000266618	0	0	0
ENSG00000229991	0	0	0
ENSG00000233384	0	0	0
ENSG00000234247	0	0	0
ENSG00000183682	8	6	5
ENSG00000237624	0	0	0
ENSG00000228060	3	17	18
ENSG00000201457	0	0	0
ENSG00000163909	13	5	8
ENSG00000225903	0	0	0
ENSG00000116983	0	0	0
ENSG00000225333	0	0	0
ENSG00000252413	0	0	0
ENSG00000090621	173	111	94
ENSG00000236994	0	0	0
ENSG00000275406	0	0	0
ENSG00000270287	0	0	0
ENSG00000229965	0	0	0
ENSG00000223282	0	0	0
ENSG00000177770	0	0	0
ENSG00000287627	0	0	0
ENSG00000283933	0	0	0
ENSG00000143369	15	7	8
ENSG00000228126	0	0	0
ENSG00000237781	0	2	5
ENSG00000264553	0	0	0
ENSG00000277452	5	2	3
ENSG00000274963	8	5	3
ENSG00000253047	0	0	0
ENSG00000143420	1116	570	546
ENSG00000276103	0	0	0
ENSG00000143457	646	317	329
ENSG00000143452	0	0	0
ENSG00000206931	0	0	0
ENSG00000236713	0	0	0
ENSG00000224690	0	0	0
ENSG00000203804	0	11	10
ENSG00000143384	1032	509	523
ENSG00000154342	0	0	0
ENSG00000276255	0	0	0
ENSG00000284163	0	0	0
ENSG00000143793	43	20	23
ENSG00000162910	20	9	11
ENSG00000224566	0	0	0
ENSG00000287895	0	0	0
ENSG00000280157	1	1	0
ENSG00000227625	0	0	0
ENSG00000198835	2	0	2
ENSG00000203684	0	0	0
ENSG00000181873	86	39	47
ENSG00000162913	0	0	0
ENSG00000269934	3	3	0
ENSG00000270110	0	0	0
ENSG00000286773	0	0	0
ENSG00000287315	0	0	0
ENSG00000270104	0	0	0
ENSG00000154370	106	69	63
ENSG00000270094	0	15	11
ENSG00000284311	0	0	0
ENSG00000162931	14	8	6
ENSG00000230841	0	0	0
ENSG00000266174	0	0	0
ENSG00000279306	0	0	0
ENSG00000215811	0	0	0
ENSG00000202056	0	0	0
ENSG00000251823	0	0	0
ENSG00000171960	202	121	111
ENSG00000234917	0	0	0
ENSG00000065978	6849	3388	3461
ENSG00000164007	0	0	0
ENSG00000117385	22	12	10
ENSG00000228452	0	1	0
ENSG00000